5600
0.000227
0.000289
0.000212
0.000086
0.000026
-0.000001
-0.000057
-0.000091
-0.000080
-0.000110
-0.000198
-0.000214
-0.000094
0.000024
0.000008
-0.000081
-0.000110
-0.000064
-0.000004
0.000051
0.000089
0.000068
-0.000014
-0.000102
-0.000148
-0.000114
0.000006
0.000149
0.000213
0.000163
0.000076
0.000033
0.000041
0.000078
0.000076
-0.000024
-0.000132
-0.000147
-0.000147
-0.000177
-0.000135
-0.000038
-0.000013
-0.000033
0.000011
0.000065
0.000038
0.000007
0.000062
0.000147
0.000176
0.000140
0.000083
0.000075
0.000106
0.000076
-0.000012
-0.000042
0.000001
0.000023
-0.000028
-0.000100
-0.000121
-0.000119
-0.000171
-0.000229
-0.000186
-0.000070
0.000014
0.000046
0.000062
0.000068
0.000066
0.000075
0.000115
0.000209
0.000325
0.000335
0.000167
-0.000065
-0.000210
-0.000244
-0.000220
-0.000190
-0.000165
-0.000118
-0.000055
-0.000030
-0.000062
-0.000061
0.000033
0.000137
0.000134
0.000062
-0.000149
-0.001009
-0.001253
0.001786
0.004811
0.001549
-0.004249
-0.004246
0.000330
0.003022
0.002148
-0.000033
-0.001465
-0.001396
-0.000101
0.001205
0.001002
-0.000622
-0.001754
-0.001223
0.000132
0.000838
0.000342
-0.000565
-0.000765
-0.000185
0.000364
0.000408
0.000154
-0.000045
-0.000002
0.000253
0.000454
0.000326
0.000005
-0.000045
0.000239
0.000399
0.000253
0.000063
-0.000003
0.000021
0.000129
0.000236
0.000100
-0.000254
-0.000432
-0.000242
0.000059
0.000098
-0.000182
-0.000425
-0.000272
0.000192
0.000457
0.000213
-0.000227
-0.000454
-0.000430
-0.000239
0.000014
0.000138
0.000042
-0.000127
-0.000120
0.000087
0.000261
0.000284
0.000221
0.000148
0.000139
0.000200
0.000209
0.000109
0.000012
-0.000011
-0.000023
-0.000039
-0.000022
-0.000026
-0.000108
-0.000193
-0.000188
-0.000129
-0.000132
-0.000228
-0.000287
-0.000180
-0.000020
0.000008
-0.000020
0.000048
0.000164
0.000200
0.000134
0.000052
0.000062
0.000132
0.000145
0.000108
0.000090
0.000089
0.000074
0.000036
0.000007
0.000019
0.000040
0.000013
-0.000048
-0.000063
-0.000025
-0.000029
-0.000081
-0.000075
-0.000040
-0.000098
-0.000185
-0.000157
-0.000071
-0.000051
-0.000058
-0.000005
0.000057
0.000029
-0.000056
-0.000051
0.000087
0.000189
0.000122
-0.000000
-0.000014
0.000068
0.000099
0.000013
-0.000093
-0.000095
-0.000021
0.000013
-0.000028
-0.000073
-0.000026
0.000144
0.000325
0.000324
0.000119
-0.000091
-0.000163
-0.000159
-0.000196
-0.000281
-0.000329
-0.000249
-0.000057
0.000088
0.000103
0.000099
0.000130
0.000117
0.000074
0.000096
0.000112
-0.000002
-0.000151
-0.000162
-0.000078
-0.000051
-0.000074
-0.000063
-0.000004
0.000117
0.000275
0.000333
0.000236
0.000137
0.000170
0.000258
0.000262
0.000174
0.000036
-0.000131
-0.000238
-0.000211
-0.000153
-0.000181
-0.000222
-0.000175
-0.000128
-0.000183
-0.000226
-0.000131
0.000020
0.000107
0.000120
0.000092
0.000065
0.000084
0.000141
0.000148
0.000052
-0.000064
-0.000106
-0.000105
-0.000110
-0.000107
-0.000095
-0.000090
-0.000081
-0.000083
-0.000111
-0.000119
-0.000075
-0.000042
-0.000082
-0.000124
-0.000052
0.000095
0.000194
0.000244
0.000312
0.000370
0.000335
0.000206
0.000081
0.000049
0.000106
0.000139
0.000074
0.000005
0.000014
-0.000010
-0.000147
-0.000273
-0.000279
-0.000211
-0.000144
-0.000113
-0.000118
-0.000112
-0.000039
0.000068
0.000101
0.000040
-0.000012
-0.000008
0.000008
0.000013
0.000016
0.000006
-0.000019
-0.000018
0.000016
0.000015
-0.000058
-0.000139
-0.000133
-0.000037
0.000055
0.000085
0.000107
0.000138
0.000095
-0.000011
-0.000054
-0.000010
0.000028
0.000013
-0.000014
-0.000000
0.000052
0.000081
0.000043
-0.000025
-0.000053
-0.000024
0.000018
0.000027
0.000012
0.000015
0.000041
0.000070
0.000072
0.000016
-0.000079
-0.000133
-0.000104
-0.000050
-0.000017
0.000014
0.000038
0.000033
0.000036
0.000073
0.000073
-0.000022
-0.000117
-0.000127
-0.000083
-0.000027
0.000029
0.000046
0.000024
0.000020
0.000044
0.000062
0.000089
0.000151
0.000185
0.000113
-0.000031
-0.000126
-0.000124
-0.000113
-0.000131
-0.000117
-0.000063
-0.000014
0.000001
-0.000041
-0.000089
-0.000056
-0.000003
-0.000034
-0.000031
0.000163
0.000395
0.000423
0.000316
0.000259
0.000192
-0.000024
-0.000267
-0.000363
-0.000376
-0.000401
-0.000364
-0.000245
-0.000192
-0.000237
-0.000215
-0.000047
0.000118
0.000142
0.000106
0.000141
0.000203
0.000190
0.000142
0.000126
0.000100
0.000044
0.000031
0.000098
0.000172
0.000186
0.000150
0.000085
0.000014
-0.000009
0.000026
0.000025
-0.000062
-0.000123
-0.000084
-0.000026
-0.000021
-0.000059
-0.000105
-0.000132
-0.000137
-0.000140
-0.000125
-0.000042
0.000076
0.000106
0.000012
-0.000082
-0.000075
-0.000037
-0.000010
0.000070
0.000154
0.000124
0.000010
-0.000075
-0.000078
-0.000026
0.000039
0.000105
0.000163
0.000170
0.000139
0.000118
0.000093
0.000032
-0.000029
-0.000057
-0.000065
-0.000083
-0.000122
-0.000147
-0.000119
-0.000047
0.000013
0.000027
0.000041
0.000037
-0.000144
-0.000333
-0.000167
0.000090
0.000007
-0.000094
0.000094
0.000208
0.000079
-0.000002
0.000020
0.000010
0.000036
0.000145
0.000202
0.000159
0.000103
0.000041
-0.000048
-0.000107
-0.000110
-0.000106
-0.000068
0.000056
0.000166
0.000129
-0.000010
-0.000107
-0.000117
-0.000080
-0.000037
-0.000001
0.000030
0.000041
0.000018
-0.000020
-0.000058
-0.000086
-0.000105
-0.000103
-0.000036
0.000062
0.000057
-0.000067
-0.000149
-0.000099
-0.000014
-0.000018
-0.000087
-0.000099
-0.000001
0.000128
0.000179
0.000156
0.000149
0.000192
0.000220
0.000141
-0.000033
-0.000135
-0.000085
-0.000037
-0.000113
-0.000217
-0.000216
-0.000115
0.000018
0.000121
0.000155
0.000135
0.000098
0.000089
0.000118
0.000078
-0.000099
-0.000263
-0.000257
-0.000160
-0.000121
-0.000112
-0.000054
0.000004
0.000032
0.000086
0.000131
0.000085
0.000018
0.000051
0.000146
0.000160
0.000081
-0.000382
-0.001914
-0.002579
0.001096
0.005245
0.002688
-0.002129
-0.000406
0.003880
0.002653
-0.001213
-0.001718
-0.000548
-0.001226
-0.002462
-0.002039
-0.000685
-0.000119
-0.000498
-0.000673
-0.000300
-0.000268
-0.000630
-0.000437
0.000262
0.000423
0.000000
0.000106
0.000739
0.000765
0.000381
0.000157
-0.000525
-0.000615
0.001483
0.003237
0.002080
0.000157
-0.000136
0.000732
0.001044
-0.000111
-0.000855
0.000450
0.001100
-0.000846
-0.002213
-0.001249
-0.000753
-0.001558
-0.001804
-0.001720
-0.001512
-0.000228
0.000210
-0.001052
-0.000307
0.002111
0.001397
-0.001107
-0.000467
0.001872
0.001724
0.000619
0.001237
0.001476
0.000514
0.000431
0.000795
0.000451
-0.000125
-0.000518
-0.000289
0.000193
-0.000444
-0.000989
-0.000263
-0.000748
-0.001682
0.000053
0.000986
-0.001437
-0.001691
0.001231
0.001124
-0.001383
-0.001210
0.000152
0.000239
0.000413
0.000072
-0.001373
-0.000720
0.001790
0.001565
-0.000331
0.000320
0.001374
0.000216
-0.000112
0.001214
0.000655
-0.001143
-0.000290
0.001439
0.000252
-0.001431
-0.000700
0.000229
-0.000067
-0.000267
-0.000319
-0.000346
0.000232
0.000233
-0.000704
-0.000621
0.000129
0.000080
0.000001
-0.000055
-0.000300
0.000225
0.000256
-0.000612
0.000216
0.001137
-0.000341
-0.000496
0.001059
-0.000394
-0.002079
0.000346
0.002303
0.000521
-0.001204
-0.000599
0.001006
0.001567
-0.000700
-0.002391
0.000852
0.002848
-0.000998
-0.002386
0.000848
0.000965
-0.001005
-0.000188
0.000648
-0.000038
0.000022
-0.000052
-0.000494
0.000377
0.000436
-0.001112
-0.000507
0.001153
-0.000124
-0.001334
0.000248
0.000649
-0.000923
-0.000535
0.001325
0.001115
-0.000614
-0.000716
0.000575
0.000284
-0.000913
0.000049
0.001081
-0.000308
-0.000834
0.000210
0.000330
0.000806
0.001084
-0.001079
-0.001666
0.001217
0.001732
-0.000963
-0.001398
0.000290
0.000455
0.000291
0.001086
0.000138
-0.001494
0.000215
0.001639
-0.001481
-0.002874
0.000633
0.001673
-0.000687
-0.000509
0.000478
-0.000501
-0.000287
0.000903
0.001129
0.000820
-0.001255
-0.002162
0.001497
0.002543
-0.001507
-0.001773
0.001186
0.000589
-0.000233
0.001204
0.000689
-0.001090
-0.001036
-0.000104
0.000349
0.000219
-0.000294
-0.000976
-0.000694
0.001308
0.001533
-0.001679
-0.002625
0.000854
0.002340
-0.000622
-0.002088
0.000569
0.002136
0.000078
-0.000397
0.001988
0.000275
-0.003674
-0.000021
0.005420
0.000942
-0.004919
-0.000875
0.003911
0.000252
-0.003639
-0.000078
0.003801
-0.000754
-0.006064
-0.000411
0.005930
-0.001230
-0.008032
0.000526
0.008052
0.000847
-0.004862
0.000471
0.002810
-0.001316
-0.000391
0.003536
0.000523
-0.004164
-0.000957
0.003727
0.001209
-0.002061
-0.000822
-0.000253
0.000609
0.003854
0.000719
-0.006489
-0.002179
0.006524
0.001337
-0.005977
-0.000056
0.003743
-0.003160
-0.003590
0.004310
0.003118
-0.005177
-0.002952
0.006965
0.004956
-0.007175
-0.006608
0.006084
0.006589
-0.003918
-0.003328
0.003833
0.000405
-0.004471
0.000653
0.003366
-0.002181
-0.002388
0.004308
0.004230
-0.003497
-0.006110
-0.000192
0.003865
0.001177
-0.000389
0.001514
-0.000173
-0.003220
-0.000157
0.003614
0.000499
-0.003346
-0.000122
0.004602
0.001878
-0.003895
-0.003149
0.000738
0.000377
-0.000114
0.002387
0.001033
-0.003997
-0.003543
0.001703
0.003373
0.000901
-0.001171
-0.001144
0.000739
0.002125
-0.000258
-0.003740
-0.001759
0.003342
0.002918
-0.001349
-0.002119
-0.001100
-0.001519
-0.000110
0.003340
0.003413
-0.000611
-0.002975
-0.000730
0.002294
0.001505
-0.001941
-0.002755
0.000572
0.003396
0.001857
-0.001956
-0.003284
-0.000589
0.003090
0.003378
-0.000454
-0.003868
-0.003237
-0.000492
0.001658
0.002588
0.000806
-0.002722
-0.002306
0.002168
0.003491
0.000330
-0.001865
-0.001142
0.000705
0.002104
0.001180
-0.001573
-0.002157
-0.000220
0.000733
0.000677
0.000769
-0.000227
-0.001492
-0.000995
0.000313
0.000624
-0.000173
-0.000425
0.000715
0.000858
-0.000595
-0.000443
0.000822
-0.000087
-0.001240
0.000294
0.001367
-0.000708
-0.002451
-0.000825
0.002143
0.002610
-0.000387
-0.002655
-0.000527
0.002120
0.000932
-0.000522
0.000711
0.001134
-0.000366
-0.000760
-0.000013
-0.000359
-0.001443
-0.001221
0.000485
0.001696
0.000931
-0.000950
-0.001770
-0.000740
0.000852
0.001451
0.000642
-0.000164
0.000225
0.000097
-0.001376
-0.001351
0.001075
0.002486
0.000970
-0.001045
-0.001053
0.000009
0.000255
0.000060
0.000008
-0.000547
-0.000811
0.000631
0.001654
-0.001039
-0.004304
-0.001865
0.003293
0.002861
-0.001571
-0.002676
-0.000565
0.001312
0.002642
0.002241
-0.000597
-0.002084
0.000144
0.002572
0.001290
-0.002275
-0.002786
0.001435
0.004177
0.000899
-0.002753
-0.001799
0.000144
0.000653
0.001098
-0.000242
-0.003738
-0.003591
0.001637
0.003931
-0.000483
-0.003949
-0.000718
0.003443
0.002213
-0.001041
-0.001382
-0.000099
0.000985
0.002383
0.002292
-0.000908
-0.003217
-0.000975
0.001950
0.000745
-0.001996
-0.001594
0.000860
0.001797
0.000885
-0.000489
-0.001776
-0.001387
0.001715
0.003281
-0.000396
-0.003976
-0.001419
0.002714
0.002052
-0.000408
-0.000817
-0.001530
-0.001944
0.001516
0.004083
-0.000007
-0.003803
-0.000029
0.004175
0.001160
-0.003415
-0.002991
-0.000662
0.000516
0.002235
0.002827
-0.000758
-0.004152
-0.001597
0.003359
0.003456
-0.000656
-0.002578
-0.000470
0.001862
0.001693
-0.000216
-0.002282
-0.003426
-0.001940
0.002174
0.003736
-0.000578
-0.004273
-0.000859
0.004087
0.002956
-0.000706
-0.001231
-0.000421
-0.000003
0.001582
0.002591
-0.000127
-0.003312
-0.001357
0.003056
0.002561
-0.002327
-0.004111
-0.000542
0.002649
0.001450
-0.001493
-0.002583
-0.001839
-0.000544
0.001005
0.001795
0.000469
-0.001047
0.000345
0.002790
0.001946
-0.001380
-0.002349
0.000352
0.003079
0.002461
-0.001037
-0.003388
-0.001269
0.002192
0.001366
-0.001862
-0.001674
0.000529
0.000213
-0.000855
-0.000001
0.000195
-0.001317
-0.000933
0.001555
0.001394
-0.001780
-0.002251
0.001061
0.001948
-0.000984
-0.001162
0.002423
0.002745
-0.000409
-0.000074
0.002592
0.000876
-0.002755
-0.001524
0.001887
0.000755
-0.002800
-0.001972
0.002048
0.001866
-0.002445
-0.002985
0.000925
0.001559
-0.001715
-0.001667
0.001799
0.001704
-0.001854
-0.002154
0.001090
0.001944
-0.000250
-0.000577
0.001655
0.002237
0.000414
-0.000704
-0.000860
-0.001320
-0.000337
0.002491
0.003233
0.000443
-0.001958
-0.001551
-0.000176
0.000570
0.000607
-0.000181
-0.001239
-0.001198
-0.000030
0.000248
-0.001165
-0.001615
0.000376
0.001673
0.000533
-0.000243
-0.000008
-0.001200
-0.002321
-0.000321
0.001883
0.000640
-0.000837
0.000588
0.001415
-0.000602
-0.001348
0.001241
0.002735
0.000597
-0.001118
0.000393
0.001451
-0.000691
-0.002409
-0.000957
0.000637
0.000369
0.000068
-0.000170
-0.001263
-0.001255
0.000796
0.002119
0.000993
-0.000922
-0.001512
-0.000194
0.001699
0.001787
-0.000233
-0.001436
0.000248
0.002379
0.001565
-0.000929
-0.001706
-0.001024
-0.001044
-0.001300
-0.000322
0.000740
-0.000081
-0.001503
-0.000794
0.000908
0.000371
-0.001240
-0.000277
0.002175
0.002050
-0.000309
-0.001116
0.000249
0.001283
0.000969
0.000156
-0.000462
-0.000643
-0.000297
0.000579
0.001332
0.000506
-0.001626
-0.002135
-0.000058
0.001430
0.000337
-0.001082
-0.000607
0.000618
0.000505
-0.000687
-0.001189
-0.000563
0.000382
0.001082
0.001014
-0.000039
-0.001163
-0.001285
-0.000156
0.001478
0.001813
0.000105
-0.001384
-0.000646
0.000758
0.000706
-0.000267
-0.000747
-0.000310
0.000712
0.001251
0.000412
-0.001028
-0.001394
-0.000110
0.001630
0.002067
0.000827
-0.000809
-0.001362
-0.000355
0.000905
0.000400
-0.001394
-0.001917
-0.000800
0.000104
0.000153
-0.000143
-0.000653
-0.000904
-0.000059
0.001273
0.001207
-0.000335
-0.000913
0.000442
0.001566
0.001005
-0.000037
-0.000299
0.000055
0.000441
0.000470
0.000104
-0.000218
-0.000159
0.000073
0.000169
-0.000092
-0.000780
-0.001211
-0.000531
0.000633
0.000771
-0.000230
-0.000964
-0.000574
0.000192
0.000147
-0.000576
-0.000645
0.000199
0.000574
0.000076
-0.000069
0.000238
-0.000120
-0.000640
-0.000020
0.000856
0.000522
-0.000088
0.000384
0.001015
0.000607
-0.000043
0.000052
0.000293
0.000075
-0.000043
0.000162
0.000075
-0.000241
-0.000080
0.000427
0.000441
-0.000194
-0.000664
-0.000398
0.000043
-0.000196
-0.000891
-0.001007
-0.000335
0.000168
0.000067
-0.000018
-0.000025
-0.000456
-0.000674
0.000135
0.000979
0.000809
0.000503
0.000831
0.000959
0.000330
-0.000397
-0.000555
-0.000080
0.000506
0.000451
-0.000148
-0.000462
-0.000397
-0.000464
-0.000508
-0.000176
0.000136
-0.000002
-0.000335
-0.000531
-0.000594
-0.000540
-0.000365
-0.000217
-0.000123
0.000121
0.000447
0.000439
0.000081
-0.000163
-0.000047
0.000410
0.001005
0.001049
0.000178
-0.000621
-0.000304
0.000508
0.000597
-0.000041
-0.000497
-0.000238
0.000414
0.000612
-0.000040
-0.000783
-0.000730
-0.000262
-0.000140
-0.000004
0.000459
0.000263
-0.001024
-0.001962
-0.001473
-0.000510
-0.000282
-0.000635
-0.000806
-0.000574
-0.000402
-0.000646
-0.000599
0.000588
0.002004
0.002199
0.001861
0.002311
0.002679
0.001918
0.001325
0.001891
0.002254
0.001663
0.001304
0.001427
0.000845
-0.000505
-0.001425
-0.001454
-0.001182
-0.001222
-0.001642
-0.002108
-0.002390
-0.002578
-0.002690
-0.002515
-0.002129
-0.001965
-0.002059
-0.001864
-0.001182
-0.000688
-0.000840
-0.000885
-0.000067
0.000950
0.001266
0.001262
0.001600
0.001985
0.002090
0.002332
0.002843
0.003063
0.002881
0.002786
0.002807
0.002537
0.001977
0.001470
0.001159
0.000844
0.000223
-0.000647
-0.001375
-0.001875
-0.002384
-0.002808
-0.002898
-0.002896
-0.003117
-0.003277
-0.002989
-0.002473
-0.002132
-0.001844
-0.001298
-0.000674
-0.000303
0.000012
0.000630
0.001308
0.001479
0.001206
0.001232
0.001944
0.002760
0.002899
0.002441
0.002075
0.002043
0.002103
0.002206
0.002270
0.001693
0.000337
-0.000657
-0.000474
-0.000006
-0.000260
-0.000982
-0.001811
-0.002488
-0.002441
-0.003113
-0.007113
-0.012127
-0.012400
-0.007502
-0.001500
0.003639
0.005905
0.002665
-0.001921
-0.000559
0.004789
0.007064
0.006996
0.009172
0.011852
0.011198
0.008414
0.005899
0.003206
0.000720
0.001081
0.004067
0.005038
0.001215
-0.004448
-0.007885
-0.008421
-0.007423
-0.006475
-0.006926
-0.008339
-0.008948
-0.008676
-0.008552
-0.008134
-0.006938
-0.005795
-0.004455
-0.001762
0.001005
0.001572
0.000928
0.001889
0.004734
0.007480
0.008955
0.009423
0.009316
0.008779
0.008173
0.007959
0.007788
0.006881
0.005445
0.004340
0.003498
0.002146
0.000128
-0.002054
-0.003815
-0.004802
-0.005341
-0.006132
-0.007248
-0.008247
-0.009098
-0.010379
-0.012082
-0.011904
-0.007287
-0.001006
0.000738
-0.001536
-0.001146
0.002574
0.004356
0.004222
0.005973
0.008307
0.008242
0.007249
0.007081
0.006449
0.004691
0.003175
0.003068
0.004103
0.004277
0.001895
-0.001246
-0.002253
-0.001929
-0.002581
-0.003591
-0.003705
-0.004204
-0.005911
-0.006867
-0.005856
-0.004590
-0.004468
-0.004431
-0.003460
-0.002316
-0.001701
-0.001170
-0.000237
0.001221
0.003072
0.004578
0.005180
0.005251
0.004898
0.003994
0.003636
0.004299
0.004219
0.002899
0.000978
-0.004947
-0.015995
-0.019916
-0.005571
0.013127
0.013503
0.000367
-0.004172
0.000674
-0.000324
-0.004844
0.000519
0.011073
0.012543
0.007471
0.007003
0.008189
0.001860
-0.007194
-0.006817
0.002511
0.008707
0.005371
-0.002292
-0.007207
-0.008586
-0.009209
-0.009207
-0.006624
-0.003244
-0.003803
-0.007564
-0.008195
-0.004908
-0.004205
-0.007282
-0.006889
-0.000516
0.004777
0.004323
0.002174
0.002495
0.003822
0.004635
0.006778
0.010363
0.011754
0.009556
0.007216
0.007171
0.007324
0.005523
0.003235
0.002595
0.002923
0.002078
-0.000470
-0.003376
-0.005536
-0.007116
-0.008175
-0.007948
-0.006767
-0.006732
-0.008472
-0.009582
-0.008425
-0.006756
-0.006337
-0.005754
-0.003334
-0.000788
-0.000423
-0.000520
0.002062
0.006122
0.008179
0.008573
0.009734
0.010780
0.009630
0.007752
0.007640
0.008353
0.007490
0.005077
0.002798
0.001115
-0.000949
-0.003610
-0.005427
-0.005480
-0.005181
-0.006136
-0.007573
-0.008091
-0.008122
-0.008374
-0.007952
-0.006161
-0.004229
-0.003462
-0.003221
-0.002182
-0.000401
0.001214
0.002521
0.003919
0.004989
0.005107
0.005344
0.007130
0.008985
0.008473
0.006690
0.005753
0.004388
0.001882
0.001318
0.003164
0.002829
-0.002199
-0.010658
-0.019693
-0.021268
-0.008469
0.008028
0.009468
-0.001414
-0.005907
-0.002355
-0.003348
-0.006465
0.000172
0.011434
0.013551
0.009064
0.008638
0.009388
0.003112
-0.004597
-0.002717
0.006192
0.010710
0.007327
0.001098
-0.004066
-0.007497
-0.009011
-0.008545
-0.006354
-0.003908
-0.004244
-0.007528
-0.009117
-0.007252
-0.006646
-0.008925
-0.008297
-0.002188
0.003319
0.003545
0.001827
0.002206
0.003517
0.004229
0.006160
0.009792
0.011750
0.010287
0.008168
0.007592
0.007091
0.005312
0.003509
0.002969
0.003094
0.002526
0.000531
-0.002456
-0.005263
-0.007179
-0.008134
-0.007955
-0.006976
-0.006704
-0.007978
-0.009333
-0.009007
-0.007347
-0.005718
-0.004443
-0.003081
-0.001650
-0.000549
0.000370
0.001925
0.004615
0.007764
0.010039
0.010787
0.010368
0.009214
0.007662
0.006669
0.006914
0.007194
0.005826
0.003141
0.000501
-0.001857
-0.004068
-0.005481
-0.005763
-0.005662
-0.005996
-0.006835
-0.007704
-0.008174
-0.008186
-0.007605
-0.006124
-0.004172
-0.002864
-0.002402
-0.001821
-0.000638
0.000806
0.002520
0.004562
0.006040
0.006295
0.006302
0.007090
0.007941
0.007709
0.006560
0.004984
0.002898
0.001579
0.003323
0.005723
0.000464
-0.015072
-0.027485
-0.020192
0.001550
0.013441
0.006103
-0.003507
-0.003525
-0.003641
-0.008635
-0.006006
0.006966
0.014340
0.010197
0.007301
0.010539
0.008688
-0.001707
-0.007545
-0.000675
0.009404
0.010863
0.004749
-0.001424
-0.005475
-0.009142
-0.011226
-0.008903
-0.003888
-0.002164
-0.005886
-0.009384
-0.007767
-0.005242
-0.007283
-0.009698
-0.005633
0.001874
0.005012
0.003625
0.002853
0.003591
0.003687
0.004286
0.007720
0.011784
0.012198
0.009303
0.007114
0.006728
0.005795
0.003723
0.002465
0.002626
0.002522
0.000914
-0.001615
-0.004019
-0.006202
-0.008310
-0.009286
-0.008091
-0.006272
-0.006522
-0.008483
-0.009211
-0.007851
-0.006437
-0.005879
-0.004625
-0.002089
0.000011
0.000997
0.002497
0.004906
0.006314
0.006396
0.007397
0.009956
0.011630
0.010681
0.008452
0.007013
0.006387
0.005310
0.003648
0.002293
0.001019
-0.001215
-0.003865
-0.005330
-0.005740
-0.006585
-0.007865
-0.008226
-0.007611
-0.007338
-0.007709
-0.007612
-0.006476
-0.004927
-0.003477
-0.001932
-0.000316
0.000813
0.001416
0.002360
0.004131
0.006010
0.007032
0.006978
0.006402
0.006191
0.006659
0.006978
0.006296
0.005001
0.003609
0.001637
-0.000718
-0.001800
-0.000970
-0.000288
-0.003540
-0.012933
-0.022921
-0.020886
-0.004284
0.009611
0.006704
-0.002444
-0.003248
-0.001582
-0.005562
-0.005229
0.006581
0.016490
0.013811
0.008469
0.009829
0.010125
0.002618
-0.003566
0.000509
0.008264
0.009284
0.004134
-0.001050
-0.004878
-0.008733
-0.011367
-0.010350
-0.006329
-0.003763
-0.006063
-0.010077
-0.010063
-0.007214
-0.007164
-0.008708
-0.005776
0.000657
0.003915
0.003064
0.002868
0.004425
0.004878
0.004733
0.007274
0.011458
0.012559
0.009860
0.007360
0.006819
0.006071
0.004266
0.003307
0.003744
0.003409
0.000809
-0.002609
-0.004701
-0.005737
-0.007231
-0.008524
-0.007883
-0.006469
-0.006966
-0.008845
-0.009354
-0.008202
-0.007129
-0.006180
-0.004085
-0.001188
0.000799
0.001499
0.002524
0.004937
0.007323
0.007971
0.007785
0.008445
0.009058
0.007989
0.006407
0.006248
0.006496
0.005154
0.002863
0.001266
-0.000013
-0.002003
-0.003939
-0.004515
-0.004242
-0.004742
-0.006292
-0.007489
-0.007470
-0.006996
-0.006710
-0.006050
-0.004759
-0.003749
-0.003423
-0.002835
-0.001344
0.000407
0.001824
0.003333
0.005254
0.006770
0.007018
0.006484
0.006065
0.005498
0.004459
0.004201
0.005555
0.006444
0.004217
-0.000221
-0.002780
-0.001569
-0.001583
-0.009682
-0.021200
-0.020440
-0.003950
0.009594
0.006549
-0.001822
-0.002757
-0.002841
-0.007499
-0.005466
0.007793
0.016723
0.011995
0.005732
0.007422
0.008378
0.001777
-0.003331
0.000879
0.007511
0.007725
0.003203
-0.000803
-0.004097
-0.008186
-0.011156
-0.009779
-0.004916
-0.002318
-0.005442
-0.009573
-0.008859
-0.005868
-0.005987
-0.006918
-0.003564
0.001592
0.002976
0.001898
0.002872
0.004859
0.004660
0.004318
0.007248
0.011044
0.011148
0.008313
0.006472
0.006153
0.005105
0.003243
0.002506
0.002790
0.001711
-0.001333
-0.003880
-0.004495
-0.005132
-0.007152
-0.008385
-0.007242
-0.006017
-0.006721
-0.007600
-0.006774
-0.005533
-0.005420
-0.005278
-0.003385
-0.000386
0.001630
0.002103
0.002669
0.004620
0.006926
0.007993
0.008213
0.008619
0.008380
0.006654
0.005274
0.005857
0.006347
0.004436
0.001542
-0.000237
-0.001559
-0.003419
-0.005000
-0.005607
-0.005804
-0.006125
-0.006426
-0.006398
-0.006159
-0.006123
-0.005976
-0.004763
-0.002728
-0.001407
-0.001186
-0.000799
0.000363
0.001588
0.002535
0.003656
0.004888
0.005477
0.005357
0.005379
0.005657
0.005237
0.004050
0.003305
0.003369
0.003259
0.002115
-0.000205
-0.002403
-0.002184
-0.000412
-0.001386
-0.006051
-0.011221
-0.015685
-0.017600
-0.011041
0.002564
0.009981
0.005195
-0.001346
-0.001675
-0.000470
-0.000135
0.004562
0.012725
0.015702
0.011749
0.007891
0.006645
0.003909
-0.000267
-0.000756
0.002745
0.004882
0.002904
-0.001495
-0.006105
-0.009326
-0.010350
-0.009776
-0.008154
-0.005997
-0.005535
-0.007689
-0.009073
-0.007250
-0.004958
-0.004374
-0.002982
0.000733
0.003745
0.004000
0.003848
0.005276
0.006680
0.006909
0.007723
0.009776
0.010615
0.008848
0.006378
0.005026
0.004308
0.003260
0.002030
0.001158
0.000307
-0.001489
-0.004056
-0.005779
-0.006198
-0.006894
-0.008297
-0.008575
-0.007208
-0.006215
-0.006492
-0.006384
-0.004963
-0.003517
-0.002836
-0.001887
-0.000189
0.001107
0.001585
0.002643
0.005089
0.007572
0.008484
0.008064
0.007569
0.007241
0.006550
0.005848
0.005706
0.005252
0.003440
0.000990
-0.000942
-0.002537
-0.004194
-0.005386
-0.005702
-0.005602
-0.005683
-0.006015
-0.006159
-0.005747
-0.004979
-0.004049
-0.002763
-0.001481
-0.001044
-0.001230
-0.000875
0.000382
0.001845
0.002996
0.003904
0.004510
0.004417
0.003800
0.003622
0.004217
0.004664
0.004316
0.003481
0.002293
0.000762
-0.000287
-0.000339
-0.000448
-0.001466
-0.002308
-0.001885
-0.001435
-0.003247
-0.007897
-0.013341
-0.015413
-0.010364
-0.000054
0.007558
0.007239
0.002612
-0.000417
-0.000955
0.000295
0.004552
0.010625
0.013686
0.011904
0.008640
0.006276
0.003565
0.000222
-0.001194
0.000345
0.002134
0.001426
-0.001629
-0.005419
-0.008717
-0.010572
-0.010231
-0.007983
-0.005600
-0.005113
-0.006426
-0.007136
-0.005857
-0.003992
-0.002792
-0.001216
0.001476
0.003874
0.004860
0.005258
0.005822
0.006071
0.006076
0.006909
0.008443
0.008942
0.007584
0.005507
0.003870
0.002583
0.001278
0.000212
-0.000349
-0.000946
-0.002318
-0.004131
-0.005324
-0.005774
-0.006358
-0.007130
-0.007047
-0.005940
-0.004960
-0.004604
-0.004104
-0.003086
-0.002081
-0.001359
-0.000682
0.000134
0.001174
0.002393
0.003664
0.005095
0.006487
0.006887
0.006046
0.005220
0.005124
0.004969
0.004346
0.003722
0.002953
0.001430
-0.000610
-0.002298
-0.003225
-0.003678
-0.004042
-0.004227
-0.004051
-0.003866
-0.004028
-0.004156
-0.003700
-0.002693
-0.001543
-0.000596
-0.000074
-0.000099
-0.000520
-0.000736
-0.000134
0.001091
0.002040
0.002278
0.002199
0.002153
0.002102
0.002180
0.002590
0.003006
0.002869
0.002126
0.001118
0.000153
-0.000402
-0.000259
0.000169
0.000169
-0.000248
-0.000719
-0.001244
-0.001879
-0.003074
-0.005712
-0.008888
-0.009744
-0.007192
-0.002678
0.002497
0.006316
0.005481
0.000945
-0.001162
0.001636
0.005191
0.006947
0.008780
0.010343
0.008604
0.004547
0.002139
0.001383
-0.000271
-0.001789
-0.000934
0.000292
-0.001198
-0.004398
-0.006695
-0.007691
-0.007813
-0.006930
-0.005527
-0.004580
-0.004414
-0.004729
-0.004717
-0.003442
-0.001266
0.000413
0.001411
0.002701
0.004133
0.004602
0.004315
0.004507
0.005218
0.005556
0.005586
0.005814
0.005555
0.004060
0.002251
0.001379
0.001165
0.000692
-0.000158
-0.001062
-0.001907
-0.002722
-0.003504
-0.004098
-0.004381
-0.004557
-0.004705
-0.004459
-0.003804
-0.003321
-0.003120
-0.002612
-0.001625
-0.000745
-0.000301
0.000129
0.000863
0.001477
0.001658
0.002038
0.003238
0.004675
0.005272
0.004878
0.004207
0.003606
0.002785
0.001868
0.001489
0.001507
0.001018
-0.000106
-0.001172
-0.001974
-0.002729
-0.003183
-0.003024
-0.002623
-0.002505
-0.002535
-0.002268
-0.001742
-0.001395
-0.001296
-0.001076
-0.000770
-0.000842
-0.001185
-0.001082
-0.000349
0.000420
0.000835
0.001111
0.001382
0.001466
0.001406
0.001496
0.001762
0.002071
0.002507
0.002913
0.002674
0.001735
0.000970
0.000814
0.000528
-0.000371
-0.000818
0.000365
0.001774
0.000407
-0.003926
-0.008012
-0.009582
-0.009017
-0.006927
-0.003337
0.001008
0.003997
0.003392
0.000205
-0.001082
0.001380
0.004469
0.006408
0.008757
0.010564
0.008707
0.004457
0.002057
0.001801
0.000987
-0.000209
0.000213
0.000990
-0.000779
-0.004256
-0.006246
-0.006378
-0.006319
-0.006063
-0.004989
-0.004076
-0.004285
-0.004943
-0.004857
-0.003677
-0.002080
-0.000806
0.000399
0.001862
0.002761
0.002611
0.002615
0.003632
0.004671
0.004909
0.005087
0.005622
0.005408
0.003884
0.002432
0.002142
0.002092
0.001378
0.000690
0.000468
-0.000159
-0.001552
-0.002765
-0.003218
-0.003444
-0.003847
-0.004052
-0.003739
-0.003362
-0.003578
-0.004087
-0.003794
-0.002514
-0.001386
-0.001056
-0.000844
-0.000325
-0.000126
-0.000119
0.001066
0.003444
0.005069
0.005047
0.004485
0.004077
0.003453
0.002834
0.002873
0.003091
0.002504
0.001348
0.000511
-0.000092
-0.001125
-0.002250
-0.002515
-0.002090
-0.001986
-0.002345
-0.002568
-0.002560
-0.002556
-0.002349
-0.001732
-0.001177
-0.001299
-0.001925
-0.002323
-0.002169
-0.001571
-0.000538
0.000698
0.001497
0.001656
0.001709
0.002047
0.002482
0.002801
0.003096
0.003315
0.003160
0.002660
0.002111
0.001497
0.000848
0.000455
-0.000009
-0.000778
-0.000681
0.000387
-0.000116
-0.002803
-0.004969
-0.006375
-0.008567
-0.008815
-0.004929
-0.001518
-0.001368
-0.000081
0.003050
0.002625
-0.000211
0.001372
0.006150
0.007557
0.006631
0.008030
0.009106
0.005755
0.001800
0.001720
0.002453
0.000807
-0.000462
0.000102
-0.000725
-0.003719
-0.005752
-0.005864
-0.005702
-0.005708
-0.005464
-0.005173
-0.004901
-0.004582
-0.004308
-0.003516
-0.001815
-0.000326
0.000203
0.000924
0.002310
0.002956
0.002723
0.003319
0.004697
0.005006
0.004383
0.004440
0.004689
0.003816
0.002798
0.002830
0.002749
0.001590
0.000488
0.000116
-0.000471
-0.001598
-0.002481
-0.002927
-0.003319
-0.003531
-0.003405
-0.003414
-0.003826
-0.004043
-0.003486
-0.002534
-0.001899
-0.001602
-0.001352
-0.001205
-0.000996
-0.000037
0.001610
0.002727
0.002816
0.002884
0.003466
0.003713
0.003216
0.002788
0.002787
0.002651
0.002315
0.002120
0.001701
0.000673
-0.000340
-0.000663
-0.000657
-0.000918
-0.001345
-0.001649
-0.001938
-0.002274
-0.002321
-0.001972
-0.001709
-0.001867
-0.002134
-0.002158
-0.002086
-0.002125
-0.002012
-0.001364
-0.000297
0.000673
0.001183
0.001253
0.001161
0.001306
0.001882
0.002559
0.002865
0.002778
0.002523
0.002134
0.001662
0.001305
0.001100
0.000931
0.000753
0.000408
-0.000242
-0.000817
-0.000910
-0.001061
-0.002384
-0.005035
-0.007282
-0.006996
-0.004765
-0.003369
-0.003005
-0.001176
0.001583
0.002110
0.001214
0.002319
0.004506
0.004912
0.005039
0.007021
0.008136
0.005857
0.002985
0.002272
0.001919
0.000426
-0.000318
0.000235
-0.000349
-0.002481
-0.003809
-0.003930
-0.004500
-0.005388
-0.005213
-0.004314
-0.003875
-0.003766
-0.003328
-0.002726
-0.002257
-0.001590
-0.000507
0.000563
0.001222
0.001596
0.001992
0.002514
0.003017
0.003325
0.003544
0.003765
0.003695
0.003261
0.002938
0.002795
0.002285
0.001434
0.000934
0.000844
0.000527
-0.000165
-0.000836
-0.001441
-0.002131
-0.002675
-0.002865
-0.002918
-0.002913
-0.002655
-0.002354
-0.002382
-0.002514
-0.002414
-0.002218
-0.001991
-0.001502
-0.000824
-0.000196
0.000568
0.001611
0.002398
0.002504
0.002448
0.002757
0.003069
0.003019
0.002893
0.002805
0.002410
0.001775
0.001374
0.001139
0.000630
-0.000032
-0.000392
-0.000486
-0.000705
-0.001103
-0.001437
-0.001709
-0.002111
-0.002521
-0.002613
-0.002392
-0.002167
-0.002069
-0.001991
-0.001899
-0.001765
-0.001402
-0.000749
-0.000058
0.000491
0.001022
0.001608
0.002057
0.002238
0.002300
0.002381
0.002376
0.002233
0.002142
0.002082
0.001698
0.001017
0.000558
0.000412
0.000066
-0.000659
-0.001316
-0.001481
-0.001146
-0.001051
-0.002563
-0.005544
-0.006958
-0.004781
-0.002061
-0.002122
-0.002346
0.000327
0.002413
0.000989
0.000527
0.003585
0.004982
0.003064
0.003615
0.007015
0.006635
0.002683
0.001742
0.003162
0.001606
-0.000883
0.000191
0.001564
-0.000766
-0.003185
-0.002552
-0.002348
-0.004378
-0.005042
-0.003381
-0.002824
-0.003855
-0.003653
-0.002327
-0.002260
-0.002899
-0.002000
-0.000115
0.000690
0.000606
0.001094
0.001964
0.002156
0.001998
0.002479
0.003246
0.003290
0.002936
0.003078
0.003201
0.002424
0.001468
0.001317
0.001355
0.000794
0.000194
0.000020
-0.000416
-0.001366
-0.001965
-0.002029
-0.002321
-0.002718
-0.002484
-0.002003
-0.002017
-0.002140
-0.001905
-0.001743
-0.001800
-0.001532
-0.000991
-0.000747
-0.000566
0.000095
0.000907
0.001403
0.001794
0.002162
0.002161
0.001891
0.001867
0.002099
0.002145
0.001968
0.001918
0.001952
0.001644
0.000960
0.000318
-0.000082
-0.000375
-0.000577
-0.000661
-0.000902
-0.001488
-0.002055
-0.002223
-0.002152
-0.002062
-0.001817
-0.001400
-0.001128
-0.001125
-0.001152
-0.001020
-0.000747
-0.000358
0.000127
0.000596
0.000995
0.001371
0.001611
0.001566
0.001427
0.001456
0.001526
0.001438
0.001288
0.001169
0.000964
0.000599
0.000180
-0.000157
-0.000343
-0.000461
-0.000653
-0.000826
-0.000813
-0.000762
-0.000952
-0.001546
-0.002401
-0.002691
-0.001858
-0.000937
-0.000890
-0.000716
0.000261
0.000695
0.000149
0.000249
0.001368
0.001981
0.001750
0.001698
0.001909
0.001804
0.001569
0.001536
0.001365
0.000835
0.000340
0.000110
0.000098
0.000281
0.000146
-0.000643
-0.001262
-0.001214
-0.001137
-0.001266
-0.001298
-0.001358
-0.001526
-0.001503
-0.001116
-0.000557
-0.000309
-0.000538
-0.000683
-0.000322
0.000149
0.000300
0.000368
0.000584
0.000665
0.000578
0.000721
0.001011
0.000957
0.000669
0.000625
0.000776
0.000769
0.000616
0.000467
0.000247
-0.000046
-0.000275
-0.000360
-0.000280
-0.000183
-0.000350
-0.000685
-0.000584
-0.000129
-0.000160
-0.000268
0.000269
0.000337
-0.000540
-0.000713
0.000103
0.000192
-0.000575
-0.000714
-0.000181
-0.000093
-0.000363
-0.000184
0.000118
-0.000186
-0.000571
-0.000195
0.000452
0.000538
0.000361
0.000428
0.000480
0.000322
0.000274
0.000420
0.000480
0.000363
0.000163
0.000067
0.000212
0.000248
-0.000135
-0.000403
-0.000062
0.000313
0.000137
-0.000100
0.000101
0.000270
0.000021
-0.000166
-0.000027
-0.000011
-0.000258
-0.000362
-0.000229
-0.000176
-0.000296
-0.000395
-0.000402
-0.000408
-0.000421
-0.000349
-0.000183
-0.000062
-0.000090
-0.000113
0.000061
0.000305
0.000360
0.000290
0.000353
0.000491
0.000426
0.000216
0.000100
-0.000018
-0.000348
-0.000745
-0.000878
-0.000685
-0.000423
-0.000353
-0.000470
-0.000538
-0.000375
-0.000001
0.000424
0.000641
0.000467
0.000118
0.000109
0.000587
0.001052
0.001031
0.000704
0.000544
0.000693
0.000982
0.001220
0.001233
0.000927
0.000478
0.000241
0.000332
0.000442
0.000172
-0.000482
-0.001093
-0.001279
-0.001093
-0.000901
-0.001007
-0.001347
-0.001568
-0.001442
-0.001119
-0.000900
-0.000863
-0.000844
-0.000717
-0.000471
-0.000120
0.000261
0.000542
0.000709
0.000888
0.001119
0.001283
0.001290
0.001199
0.001098
0.000991
0.000852
0.000640
0.000372
0.000190
0.000179
0.000192
0.000032
-0.000271
-0.000508
-0.000580
-0.000579
-0.000616
-0.000676
-0.000702
-0.000733
-0.000797
-0.000791
-0.000685
-0.000611
-0.000583
-0.000457
-0.000216
0.000037
0.000247
0.000349
0.000273
0.000128
0.000137
0.000305
0.000412
0.000408
0.000438
0.000482
0.000447
0.000389
0.000357
0.000313
0.000259
0.000239
0.000284
0.000374
0.000447
0.000469
0.000456
0.000434
0.000400
0.000314
0.000136
-0.000112
-0.000330
-0.000416
-0.000385
-0.000366
-0.000444
-0.000553
-0.000560
-0.000464
-0.000438
-0.000558
-0.000645
-0.000595
-0.000527
-0.000484
-0.000368
-0.000205
-0.000135
-0.000135
-0.000037
0.000132
0.000196
0.000198
0.000326
0.000500
0.000446
0.000123
-0.000232
-0.000399
-0.000337
-0.000136
0.000050
0.000070
-0.000122
-0.000340
-0.000266
0.000171
0.000624
0.000726
0.000524
0.000352
0.000413
0.000619
0.000742
0.000656
0.000482
0.000450
0.000634
0.000853
0.000838
0.000563
0.000264
0.000135
0.000166
0.000176
-0.000050
-0.000474
-0.000808
-0.000908
-0.000871
-0.000831
-0.000895
-0.001082
-0.001248
-0.001249
-0.001060
-0.000762
-0.000498
-0.000373
-0.000370
-0.000364
-0.000204
0.000109
0.000391
0.000554
0.000708
0.000890
0.000986
0.000967
0.000944
0.000979
0.000972
0.000831
0.000655
0.000585
0.000577
0.000481
0.000243
-0.000069
-0.000379
-0.000646
-0.000801
-0.000814
-0.000792
-0.000856
-0.000978
-0.001024
-0.000921
-0.000746
-0.000602
-0.000452
-0.000205
0.000051
0.000160
0.000188
0.000300
0.000419
0.000388
0.000307
0.000340
0.000425
0.000469
0.000537
0.000638
0.000649
0.000543
0.000413
0.000310
0.000227
0.000180
0.000154
0.000084
-0.000017
-0.000035
0.000020
-0.000006
-0.000129
-0.000202
-0.000204
-0.000256
-0.000365
-0.000387
-0.000260
-0.000125
-0.000140
-0.000281
-0.000382
-0.000340
-0.000230
-0.000179
-0.000178
-0.000141
-0.000073
-0.000068
-0.000145
-0.000167
-0.000001
0.000246
0.000358
0.000340
0.000315
0.000264
0.000147
0.000042
0.000007
0.000026
0.000042
-0.000054
-0.000260
-0.000425
-0.000497
-0.000533
-0.000511
-0.000403
-0.000295
-0.000237
-0.000144
-0.000004
0.000074
0.000124
0.000287
0.000463
0.000425
0.000255
0.000227
0.000379
0.000547
0.000676
0.000783
0.000822
0.000821
0.000871
0.000907
0.000775
0.000506
0.000260
0.000081
-0.000086
-0.000244
-0.000376
-0.000537
-0.000757
-0.000889
-0.000820
-0.000752
-0.000915
-0.001145
-0.001160
-0.001006
-0.000831
-0.000603
-0.000348
-0.000218
-0.000164
0.000026
0.000329
0.000548
0.000647
0.000711
0.000742
0.000724
0.000717
0.000760
0.000764
0.000614
0.000388
0.000301
0.000355
0.000313
0.000105
-0.000088
-0.000186
-0.000259
-0.000319
-0.000345
-0.000403
-0.000540
-0.000668
-0.000659
-0.000549
-0.000464
-0.000423
-0.000366
-0.000268
-0.000142
-0.000030
0.000062
0.000176
0.000281
0.000280
0.000216
0.000226
0.000266
0.000219
0.000164
0.000231
0.000344
0.000339
0.000198
0.000048
-0.000016
0.000001
0.000041
0.000082
0.000142
0.000194
0.000169
0.000099
0.000119
0.000249
0.000322
0.000226
0.000068
-0.000006
-0.000020
-0.000073
-0.000181
-0.000304
-0.000420
-0.000507
-0.000547
-0.000549
-0.000532
-0.000490
-0.000382
-0.000197
-0.000007
0.000108
0.000171
0.000222
0.000190
0.000044
-0.000064
0.000007
0.000163
0.000237
0.000201
0.000144
0.000151
0.000200
0.000200
0.000142
0.000094
0.000078
0.000059
-0.000013
-0.000156
-0.000310
-0.000369
-0.000350
-0.000345
-0.000320
-0.000227
-0.000203
-0.000326
-0.000382
-0.000235
-0.000053
0.000049
0.000179
0.000360
0.000502
0.000626
0.000776
0.000900
0.000969
0.001012
0.000984
0.000828
0.000617
0.000470
0.000348
0.000126
-0.000150
-0.000334
-0.000405
-0.000458
-0.000566
-0.000724
-0.000866
-0.000932
-0.000932
-0.000904
-0.000841
-0.000742
-0.000649
-0.000564
-0.000445
-0.000277
-0.000116
-0.000023
0.000063
0.000259
0.000496
0.000591
0.000565
0.000585
0.000667
0.000689
0.000609
0.000471
0.000313
0.000214
0.000235
0.000283
0.000252
0.000174
0.000102
0.000001
-0.000146
-0.000262
-0.000304
-0.000316
-0.000347
-0.000418
-0.000504
-0.000543
-0.000506
-0.000410
-0.000279
-0.000179
-0.000153
-0.000118
-0.000046
-0.000072
-0.000173
-0.000130
0.000062
0.000189
0.000227
0.000312
0.000447
0.000534
0.000559
0.000555
0.000482
0.000316
0.000164
0.000110
0.000085
0.000051
0.000045
0.000048
0.000019
-0.000032
-0.000094
-0.000148
-0.000110
0.000040
0.000129
-0.000001
-0.000250
-0.000417
-0.000464
-0.000477
-0.000492
-0.000462
-0.000356
-0.000217
-0.000111
-0.000056
-0.000008
0.000084
0.000207
0.000288
0.000271
0.000167
0.000054
0.000021
0.000061
0.000077
0.000025
-0.000037
-0.000018
0.000122
0.000284
0.000302
0.000171
0.000030
-0.000029
-0.000003
0.000015
-0.000093
-0.000271
-0.000334
-0.000236
-0.000098
-0.000043
-0.000111
-0.000215
-0.000243
-0.000199
-0.000137
-0.000071
0.000024
0.000209
0.000487
0.000686
0.000597
0.000282
0.000045
0.000061
0.000223
0.000371
0.000455
0.000446
0.000323
0.000178
0.000095
0.000001
-0.000187
-0.000374
-0.000415
-0.000342
-0.000284
-0.000257
-0.000197
-0.000115
-0.000083
-0.000109
-0.000157
-0.000247
-0.000381
-0.000451
-0.000369
-0.000221
-0.000150
-0.000140
-0.000079
0.000050
0.000163
0.000190
0.000151
0.000150
0.000227
0.000288
0.000267
0.000228
0.000258
0.000283
0.000196
0.000084
0.000049
0.000006
-0.000094
-0.000130
-0.000083
-0.000104
-0.000200
-0.000188
-0.000044
0.000036
-0.000022
-0.000076
-0.000048
-0.000024
-0.000057
-0.000112
-0.000154
-0.000144
-0.000069
0.000012
0.000028
0.000004
0.000025
0.000111
0.000190
0.000206
0.000170
0.000130
0.000125
0.000129
0.000068
-0.000052
-0.000107
-0.000035
0.000046
-0.000021
-0.000198
-0.000266
-0.000135
0.000005
0.000013
0.000011
0.000074
0.000081
0.000024
0.000067
0.000198
0.000246
0.000222
0.000233
0.000233
0.000134
-0.000034
-0.000161
-0.000204
-0.000212
-0.000214
-0.000195
-0.000174
-0.000179
-0.000190
-0.000181
-0.000148
-0.000101
-0.000063
-0.000067
-0.000094
-0.000076
0.000011
0.000116
0.000188
0.000211
0.000184
0.000132
0.000098
0.000068
-0.000011
-0.000094
-0.000052
0.000102
0.000155
0.000008
-0.000182
-0.000235
-0.000146
-0.000011
0.000098
0.000144
0.000091
-0.000021
-0.000084
-0.000053
0.000005
0.000008
-0.000025
0.000011
0.000132
0.000210
0.000167
0.000088
0.000045
-0.000001
-0.000032
0.000055
0.000210
0.000231
0.000084
-0.000034
0.000007
0.000111
0.000123
0.000046
-0.000009
-0.000024
-0.000058
-0.000087
-0.000072
-0.000094
-0.000203
-0.000286
-0.000240
-0.000134
-0.000074
-0.000057
-0.000055
-0.000066
-0.000085
-0.000089
-0.000022
0.000094
0.000094
-0.000064
-0.000196
-0.000186
-0.000101
-0.000023
-0.000008
-0.000034
0.000025
0.000215
0.000388
0.000399
0.000314
0.000312
0.000396
0.000380
0.000192
-0.000013
-0.000078
-0.000028
-0.000006
-0.000105
-0.000253
-0.000292
-0.000196
-0.000118
-0.000191
-0.000342
-0.000400
-0.000326
-0.000200
-0.000086
-0.000038
-0.000064
-0.000090
-0.000066
-0.000029
-0.000006
0.000005
-0.000001
0.000024
0.000101
0.000150
0.000131
0.000097
0.000079
0.000078
0.000116
0.000170
0.000198
0.000231
0.000305
0.000324
0.000185
-0.000012
-0.000110
-0.000108
-0.000090
-0.000072
-0.000040
0.000008
0.000040
0.000020
-0.000013
-0.000006
0.000013
0.000008
-0.000005
-0.000044
-0.000145
-0.000272
-0.000337
-0.000325
-0.000324
-0.000338
-0.000250
-0.000046
0.000158
0.000254
0.000239
0.000229
0.000301
0.000346
0.000256
0.000120
0.000064
0.000070
0.000053
-0.000013
-0.000094
-0.000105
-0.000007
0.000092
0.000067
-0.000042
-0.000126
-0.000174
-0.000216
-0.000193
-0.000108
-0.000112
-0.000210
-0.000192
-0.000046
0.000019
-0.000023
-0.000048
-0.000005
0.000100
0.000200
0.000196
0.000110
0.000081
0.000188
0.000336
0.000335
0.000184
0.000088
0.000125
0.000153
0.000063
-0.000070
-0.000125
-0.000136
-0.000196
-0.000255
-0.000200
-0.000081
-0.000030
-0.000067
-0.000108
-0.000084
0.000008
0.000125
0.000185
0.000121
-0.000005
-0.000049
-0.000016
-0.000054
-0.000164
-0.000193
-0.000106
-0.000006
0.000072
0.000153
0.000196
0.000175
0.000126
0.000043
-0.000073
-0.000108
0.000003
0.000133
0.000109
-0.000068
-0.000222
-0.000204
-0.000094
-0.000074
-0.000154
-0.000167
-0.000044
0.000095
0.000142
0.000133
0.000138
0.000154
0.000144
0.000100
0.000019
-0.000120
-0.000270
-0.000328
-0.000270
-0.000177
-0.000149
-0.000191
-0.000181
-0.000036
0.000110
0.000082
-0.000026
-0.000018
0.000085
0.000151
0.000154
0.000131
0.000130
0.000174
0.000206
0.000174
0.000148
0.000207
0.000283
0.000277
0.000204
0.000107
-0.000023
-0.000141
-0.000162
-0.000126
-0.000143
-0.000181
-0.000146
-0.000099
-0.000127
-0.000180
-0.000191
-0.000162
-0.000111
-0.000061
-0.000034
-0.000023
-0.000005
0.000026
0.000061
0.000084
0.000116
0.000168
0.000162
0.000066
-0.000002
0.000025
0.000050
0.000022
0.000043
0.000142
0.000189
0.000117
0.000008
-0.000057
-0.000096
-0.000147
-0.000167
-0.000124
-0.000091
-0.000103
-0.000103
-0.000084
-0.000085
-0.000073
-0.000003
0.000078
0.000121
0.000157
0.000164
0.000078
-0.000032
-0.000031
0.000083
0.000168
0.000140
0.000056
-0.000001
-0.000037
-0.000073
-0.000084
-0.000054
0.000000
0.000031
-0.000031
-0.000145
-0.000137
0.000008
0.000083
0.000003
-0.000075
-0.000035
0.000054
0.000069
-0.000009
-0.000081
-0.000070
0.000008
0.000096
0.000128
0.000094
0.000078
0.000079
0.000011
-0.000059
-0.000019
0.000041
0.000017
-0.000025
-0.000042
-0.000064
-0.000059
-0.000008
0.000015
-0.000032
-0.000096
-0.000132
-0.000150
-0.000138
-0.000090
-0.000041
0.000006
0.000038
0.000011
-0.000017
0.000042
0.000133
0.000155
0.000105
0.000043
0.000031
0.000073
0.000115
0.000140
0.000156
0.000161
0.000122
-0.000008
-0.000174
-0.000240
-0.000218
-0.000274
-0.000433
-0.000516
-0.000439
-0.000300
-0.000162
-0.000021
0.000096
0.000198
0.000335
0.000465
0.000483
0.000402
0.000352
0.000381
0.000388
0.000275
0.000085
-0.000067
-0.000139
-0.000146
-0.000081
0.000035
0.000118
0.000095
-0.000016
-0.000135
-0.000243
-0.000348
-0.000373
-0.000267
-0.000146
-0.000119
-0.000123
-0.000066
0.000020
0.000029
-0.000045
-0.000077
-0.000022
0.000005
-0.000023
-0.000009
0.000051
0.000067
0.000024
-0.000005
0.000003
0.000005
-0.000001
0.000018
0.000069
0.000130
0.000168
0.000148
0.000088
0.000062
0.000088
0.000097
0.000044
-0.000027
-0.000052
-0.000025
0.000004
0.000000
-0.000010
0.000005
0.000013
-0.000022
-0.000057
-0.000016
0.000083
0.000115
-0.000003
-0.000212
-0.000343
-0.000269
-0.000078
0.000040
0.000047
0.000012
-0.000016
0.000002
0.000058
0.000081
0.000047
0.000013
0.000027
0.000076
0.000117
0.000142
0.000166
0.000158
0.000078
-0.000027
-0.000057
-0.000014
-0.000026
-0.000131
-0.000179
-0.000095
-0.000015
-0.000055
-0.000135
-0.000129
-0.000066
-0.000074
-0.000120
-0.000025
0.000182
0.000259
0.000147
0.000030
0.000029
0.000072
0.000030
-0.000094
-0.000153
-0.000067
0.000039
0.000021
-0.000060
-0.000057
0.000018
0.000055
0.000039
0.000042
0.000078
0.000084
0.000037
-0.000012
-0.000036
-0.000029
0.000016
0.000072
0.000106
0.000104
0.000059
0.000001
-0.000042
-0.000104
-0.000181
-0.000201
-0.000152
-0.000105
-0.000091
-0.000086
-0.000096
-0.000107
-0.000055
0.000064
0.000159
0.000186
0.000185
0.000213
0.000259
0.000216
0.000063
-0.000032
0.000013
0.000041
-0.000069
-0.000186
-0.000116
0.000096
0.000223
0.000169
0.000047
-0.000025
-0.000068
-0.000149
-0.000227
-0.000246
-0.000264
-0.000329
-0.000344
-0.000229
-0.000048
0.000063
0.000048
-0.000017
-0.000033
0.000018
0.000091
0.000157
0.000240
0.000291
0.000205
0.000082
0.000119
0.000194
0.000085
-0.000038
0.000033
0.000112
0.000067
0.000068
0.000103
0.000006
-0.000092
-0.000050
-0.000067
-0.000225
-0.000250
-0.000081
-0.000015
-0.000103
-0.000072
0.000099
0.000149
0.000027
-0.000069
-0.000065
-0.000037
-0.000001
0.000060
0.000108
0.000125
0.000114
0.000077
0.000034
-0.000014
-0.000070
-0.000111
-0.000120
-0.000102
-0.000083
-0.000083
-0.000089
-0.000068
-0.000017
0.000032
0.000079
0.000135
0.000115
-0.000052
-0.000209
-0.000159
0.000001
0.000097
0.000157
0.000229
0.000239
0.000155
0.000068
0.000054
0.000056
-0.000003
-0.000057
-0.000039
-0.000032
-0.000069
-0.000055
0.000011
-0.000006
-0.000129
-0.000201
-0.000134
-0.000027
0.000021
0.000014
-0.000023
-0.000080
-0.000118
-0.000098
-0.000054
-0.000009
0.000085
0.000215
0.000261
0.000194
0.000124
0.000084
0.000015
-0.000059
-0.000070
-0.000035
-0.000027
-0.000072
-0.000131
-0.000161
-0.000154
-0.000135
-0.000133
-0.000119
-0.000050
0.000045
0.000116
0.000167
0.000186
0.000124
0.000030
0.000017
0.000064
0.000073
0.000069
0.000087
0.000049
-0.000044
-0.000094
-0.000097
-0.000119
-0.000153
-0.000148
-0.000111
-0.000090
-0.000039
0.000096
0.000214
0.000203
0.000142
0.000133
0.000115
0.000035
-0.000012
0.000020
0.000051
0.000049
0.000016
-0.000119
-0.000347
-0.000514
-0.000510
-0.000370
-0.000198
-0.000036
0.000127
0.000247
0.000298
0.000351
0.000422
0.000456
0.000459
0.000435
0.000329
0.000164
0.000028
-0.000068
-0.000171
-0.000241
-0.000213
-0.000165
-0.000186
-0.000220
-0.000224
-0.000244
-0.000258
-0.000195
-0.000075
0.000030
0.000068
0.000048
0.000034
0.000048
0.000040
0.000009
0.000012
0.000028
-0.000021
-0.000117
-0.000146
-0.000106
-0.000092
-0.000065
0.000033
0.000103
0.000062
-0.000002
0.000014
0.000095
0.000162
0.000154
0.000095
0.000064
0.000035
-0.000076
-0.000177
-0.000105
0.000043
0.000044
-0.000052
-0.000001
0.000210
0.000358
0.000326
0.000234
0.000182
0.000108
-0.000034
-0.000139
-0.000146
-0.000155
-0.000217
-0.000238
-0.000185
-0.000164
-0.000195
-0.000183
-0.000135
-0.000122
-0.000095
0.000007
0.000117
0.000172
0.000201
0.000211
0.000149
0.000009
-0.000120
-0.000155
-0.000105
-0.000040
0.000023
0.000124
0.000243
0.000282
0.000186
0.000030
-0.000071
-0.000108
-0.000154
-0.000201
-0.000178
-0.000108
-0.000058
-0.000023
0.000014
0.000022
-0.000012
-0.000038
-0.000009
0.000059
0.000124
0.000152
0.000129
0.000073
0.000021
0.000013
0.000057
0.000079
0.000018
-0.000091
-0.000161
-0.000129
-0.000019
0.000037
-0.000016
-0.000054
-0.000000
0.000050
0.000018
-0.000038
-0.000014
0.000096
0.000164
0.000132
0.000092
0.000086
0.000046
-0.000047
-0.000101
-0.000055
0.000025
0.000023
-0.000066
-0.000135
-0.000137
-0.000128
-0.000118
-0.000068
0.000002
0.000015
-0.000038
-0.000087
-0.000065
0.000004
0.000036
0.000023
0.000041
0.000098
0.000129
0.000142
0.000191
0.000212
0.000127
0.000017
0.000004
0.000065
0.000094
0.000048
-0.000061
-0.000183
-0.000248
-0.000255
-0.000268
-0.000306
-0.000309
-0.000231
-0.000120
-0.000061
-0.000031
0.000050
0.000142
0.000163
0.000163
0.000190
0.000185
0.000126
0.000063
0.000046
0.000102
0.000200
0.000248
0.000217
0.000158
0.000102
0.000050
0.000016
0.000005
0.000003
-0.000006
-0.000033
-0.000106
-0.000220
-0.000307
-0.000307
-0.000235
-0.000140
-0.000040
0.000047
0.000085
0.000090
0.000094
0.000084
0.000036
-0.000017
-0.000019
0.000024
0.000038
-0.000013
-0.000079
-0.000101
-0.000076
-0.000021
0.000038
0.000065
0.000067
0.000074
0.000069
0.000023
-0.000012
0.000055
0.000186
0.000227
0.000101
-0.000092
-0.000174
-0.000114
-0.000067
-0.000130
-0.000201
-0.000170
-0.000081
-0.000025
-0.000016
-0.000024
-0.000014
0.000058
0.000164
0.000206
0.000144
0.000051
0.000011
0.000014
0.000024
0.000037
0.000060
0.000094
0.000137
0.000152
0.000088
-0.000034
-0.000104
-0.000068
-0.000008
0.000002
-0.000015
-0.000019
-0.000014
-0.000039
-0.000134
-0.000253
-0.000280
-0.000173
-0.000040
-0.000017
-0.000099
-0.000134
-0.000025
0.000109
0.000124
0.000046
-0.000009
0.000013
0.000092
0.000164
0.000163
0.000094
0.000049
0.000073
0.000108
0.000111
0.000070
-0.000006
-0.000049
-0.000029
-0.000046
-0.000138
-0.000178
-0.000101
-0.000007
0.000008
-0.000037
-0.000078
-0.000066
-0.000011
0.000019
0.000010
0.000021
0.000074
0.000116
0.000085
-0.000003
-0.000040
0.000059
0.000204
0.000211
0.000027
-0.000228
-0.000389
-0.000389
-0.000317
-0.000260
-0.000161
0.000035
0.000200
0.000203
0.000150
0.000199
0.000277
0.000262
0.000232
0.000292
0.000366
0.000318
0.000144
-0.000025
-0.000090
-0.000099
-0.000111
-0.000095
-0.000068
-0.000109
-0.000195
-0.000250
-0.000259
-0.000205
-0.000101
-0.000048
-0.000086
-0.000107
-0.000026
0.000066
0.000046
-0.000030
-0.000023
0.000044
0.000032
-0.000063
-0.000114
-0.000095
-0.000082
-0.000059
0.000025
0.000096
0.000065
-0.000026
-0.000040
0.000077
0.000188
0.000145
0.000027
0.000020
0.000106
0.000102
-0.000016
-0.000065
0.000015
0.000071
0.000024
-0.000046
-0.000061
-0.000017
0.000038
0.000063
0.000060
0.000054
0.000077
0.000114
0.000114
0.000096
0.000090
0.000043
-0.000069
-0.000164
-0.000186
-0.000145
-0.000075
-0.000045
-0.000050
-0.000010
0.000052
0.000048
-0.000013
-0.000073
-0.000110
-0.000121
-0.000110
-0.000098
-0.000080
-0.000031
0.000025
0.000041
0.000008
-0.000040
-0.000045
0.000025
0.000122
0.000162
0.000130
0.000087
0.000046
-0.000016
-0.000060
-0.000049
-0.000020
-0.000013
-0.000012
0.000034
0.000118
0.000148
0.000110
0.000109
0.000136
0.000066
-0.000075
-0.000150
-0.000141
-0.000135
-0.000172
-0.000203
-0.000170
-0.000077
0.000025
0.000093
0.000098
0.000055
0.000024
0.000026
0.000041
0.000067
0.000128
0.000217
0.000258
0.000185
0.000036
-0.000087
-0.000131
-0.000124
-0.000120
-0.000147
-0.000156
-0.000075
0.000054
0.000094
0.000002
-0.000096
-0.000062
0.000043
0.000052
-0.000029
-0.000041
0.000033
0.000056
0.000008
-0.000018
-0.000010
-0.000010
-0.000034
-0.000091
-0.000108
0.000009
0.000169
0.000225
0.000217
0.000230
0.000240
0.000178
0.000004
-0.000208
-0.000316
-0.000296
-0.000250
-0.000236
-0.000212
-0.000129
-0.000045
-0.000059
-0.000135
-0.000182
-0.000197
-0.000168
-0.000035
0.000158
0.000277
0.000264
0.000205
0.000217
0.000288
0.000314
0.000258
0.000164
0.000066
-0.000009
-0.000030
-0.000017
-0.000015
-0.000030
-0.000031
-0.000013
-0.000016
-0.000076
-0.000167
-0.000209
-0.000123
0.000032
0.000066
-0.000042
-0.000076
0.000020
0.000038
-0.000101
-0.000199
-0.000112
0.000038
0.000072
0.000012
0.000007
0.000076
0.000103
0.000056
-0.000016
-0.000090
-0.000116
-0.000025
0.000111
0.000153
0.000113
0.000092
0.000091
0.000051
-0.000010
-0.000033
-0.000010
-0.000021
-0.000129
-0.000225
-0.000154
-0.000000
0.000048
-0.000006
-0.000039
-0.000022
0.000020
0.000094
0.000154
0.000136
0.000076
0.000053
0.000073
0.000078
0.000030
-0.000028
-0.000034
-0.000017
-0.000045
-0.000105
-0.000121
-0.000076
-0.000051
-0.000108
-0.000145
-0.000038
0.000112
0.000142
0.000097
0.000075
0.000059
0.000028
-0.000007
-0.000034
-0.000026
0.000027
0.000075
0.000083
0.000050
-0.000043
-0.000159
-0.000173
-0.000076
-0.000036
-0.000117
-0.000146
-0.000030
0.000063
0.000001
-0.000067
0.000008
0.000118
0.000111
0.000054
0.000057
0.000064
0.000002
-0.000058
-0.000046
-0.000007
0.000024
0.000062
0.000091
0.000061
-0.000028
-0.000111
-0.000124
-0.000047
0.000060
0.000106
0.000091
0.000069
0.000032
-0.000052
-0.000126
-0.000114
-0.000039
0.000031
0.000081
0.000092
0.000002
-0.000177
-0.000295
-0.000230
-0.000056
0.000049
0.000019
-0.000044
-0.000040
0.000019
0.000102
0.000233
0.000402
0.000516
0.000483
0.000324
0.000124
-0.000062
-0.000188
-0.000206
-0.000153
-0.000118
-0.000095
-0.000050
-0.000050
-0.000134
-0.000215
-0.000196
-0.000081
0.000015
0.000010
-0.000013
0.000041
0.000115
0.000101
0.000002
-0.000090
-0.000140
-0.000175
-0.000180
-0.000145
-0.000121
-0.000142
-0.000159
-0.000111
-0.000011
0.000069
0.000103
0.000133
0.000182
0.000192
0.000115
0.000046
0.000082
0.000136
0.000098
0.000034
0.000049
0.000098
0.000072
-0.000020
-0.000050
0.000027
0.000114
0.000150
0.000145
0.000071
-0.000071
-0.000141
-0.000067
-0.000009
-0.000089
-0.000193
-0.000200
-0.000170
-0.000174
-0.000167
-0.000103
-0.000015
0.000056
0.000096
0.000130
0.000176
0.000196
0.000186
0.000184
0.000146
0.000043
-0.000055
-0.000091
-0.000079
-0.000083
-0.000126
-0.000149
-0.000128
-0.000118
-0.000144
-0.000147
-0.000084
-0.000011
0.000031
0.000084
0.000133
0.000119
0.000081
0.000062
0.000036
0.000004
0.000027
0.000106
0.000139
0.000075
-0.000000
-0.000035
-0.000065
-0.000091
-0.000089
-0.000064
-0.000018
0.000009
-0.000015
-0.000033
0.000005
0.000044
0.000041
0.000032
0.000022
-0.000003
-0.000001
0.000024
-0.000006
-0.000105
-0.000183
-0.000135
0.000040
0.000185
0.000183
0.000121
0.000099
0.000079
0.000005
-0.000088
-0.000147
-0.000155
-0.000089
0.000027
0.000087
0.000042
-0.000018
-0.000018
-0.000006
-0.000047
-0.000092
-0.000043
0.000083
0.000154
0.000118
0.000076
0.000104
0.000097
-0.000052
-0.000227
-0.000208
0.000008
0.000160
0.000104
-0.000009
-0.000029
-0.000017
-0.000056
-0.000089
-0.000020
0.000108
0.000127
0.000000
-0.000100
-0.000077
-0.000044
-0.000095
-0.000169
-0.000199
-0.000201
-0.000174
-0.000104
-0.000060
-0.000103
-0.000125
-0.000003
0.000141
0.000132
0.000080
0.000171
0.000315
0.000328
0.000255
0.000237
0.000274
0.000296
0.000254
0.000104
-0.000101
-0.000213
-0.000197
-0.000161
-0.000139
-0.000078
0.000007
0.000029
-0.000027
-0.000091
-0.000105
-0.000087
-0.000086
-0.000119
-0.000170
-0.000206
-0.000162
-0.000044
0.000015
-0.000030
-0.000064
-0.000036
-0.000001
0.000045
0.000128
0.000202
0.000224
0.000197
0.000127
0.000049
0.000014
0.000008
-0.000001
-0.000004
-0.000017
-0.000058
-0.000073
-0.000046
-0.000037
-0.000064
-0.000093
-0.000107
