4960
0.000049
-0.000001
-0.000052
-0.000025
0.000057
0.000115
0.000089
0.000020
0.000018
0.000066
0.000034
-0.000051
-0.000030
0.000063
0.000041
-0.000099
-0.000209
-0.000217
-0.000160
-0.000079
0.000023
0.000113
0.000107
0.000010
-0.000055
-0.000020
0.000039
0.000001
-0.000110
-0.000119
-0.000014
0.000030
-0.000002
0.000021
0.000094
0.000113
0.000069
0.000037
0.000069
0.000099
0.000063
0.000018
0.000028
0.000040
0.000029
0.000055
0.000087
0.000031
-0.000062
-0.000061
0.000025
0.000060
-0.000041
-0.000208
-0.000312
-0.000325
-0.000306
-0.000276
-0.000215
-0.000121
0.000003
0.000150
0.000261
0.000295
0.000314
0.000373
0.000416
0.000373
0.000269
0.000171
0.000089
0.000014
-0.000011
0.000006
-0.000020
-0.000102
-0.000165
-0.000186
-0.000213
-0.000272
-0.000314
-0.000287
-0.000189
-0.000064
0.000041
0.000114
0.000147
0.000105
-0.000010
-0.000103
-0.000092
-0.000026
-0.000010
-0.000058
-0.000092
-0.000089
-0.000084
-0.000053
0.000013
0.000029
-0.000042
-0.000105
-0.000075
0.000009
0.000079
0.000152
0.000263
0.000357
0.000328
0.000189
0.000090
0.000077
0.000033
-0.000076
-0.000152
-0.000136
-0.000043
0.000052
0.000049
-0.000028
-0.000066
-0.000065
-0.000113
-0.000186
-0.000165
-0.000007
0.000161
0.000155
0.000001
-0.000089
-0.000036
0.000032
0.000029
-0.000045
-0.000179
-0.000259
-0.000156
0.000033
0.000119
0.000093
0.000074
0.000114
0.000175
0.000213
0.000187
0.000081
-0.000019
-0.000049
-0.000092
-0.000206
-0.000289
-0.000263
-0.000200
-0.000174
-0.000150
-0.000061
0.000085
0.000212
0.000272
0.000279
0.000255
0.000203
0.000123
0.000033
-0.000048
-0.000125
-0.000171
-0.000104
0.000047
0.000118
0.000060
-0.000006
-0.000017
-0.000037
-0.000101
-0.000148
-0.000127
-0.000083
-0.000074
-0.000062
0.000016
0.000100
0.000108
0.000091
0.000109
0.000126
0.000124
0.000109
0.000072
0.000018
-0.000066
-0.000180
-0.000207
-0.000081
0.000056
0.000067
0.000010
0.000003
0.000046
0.000057
0.000025
0.000010
0.000010
-0.000027
-0.000107
-0.000167
-0.000132
-0.000021
0.000057
0.000041
-0.000025
-0.000058
-0.000054
-0.000072
-0.000055
0.000113
0.000327
0.000379
0.000277
0.000179
0.000121
0.000023
-0.000107
-0.000159
-0.000099
-0.000046
-0.000119
-0.000260
-0.000310
-0.000233
-0.000176
-0.000246
-0.000339
-0.000321
-0.000221
-0.000091
0.000083
0.000256
0.000340
0.000333
0.000301
0.000285
0.000279
0.000267
0.000237
0.000167
0.000037
-0.000108
-0.000162
-0.000089
0.000008
-0.000002
-0.000106
-0.000175
-0.000167
-0.000146
-0.000156
-0.000171
-0.000133
0.000001
0.000151
0.000194
0.000149
0.000108
0.000064
-0.000001
-0.000030
-0.000019
-0.000003
0.000037
0.000113
0.000165
0.000104
-0.000068
-0.000197
-0.000181
-0.000134
-0.000180
-0.000237
-0.000180
-0.000041
0.000070
0.000138
0.000208
0.000285
0.000322
0.000260
0.000087
-0.000084
-0.000127
-0.000083
-0.000065
-0.000063
-0.000019
0.000024
0.000017
-0.000027
-0.000090
-0.000142
-0.000134
-0.000077
-0.000040
-0.000025
0.000018
0.000070
0.000078
0.000042
-0.000008
-0.000031
0.000019
0.000092
0.000064
-0.000053
-0.000095
-0.000021
0.000068
0.000126
0.000148
0.000163
0.000224
0.000259
0.000138
-0.000073
-0.000164
-0.000083
-0.000028
-0.000139
-0.000278
-0.000277
-0.000195
-0.000176
-0.000218
-0.000169
0.000034
0.000221
0.000192
-0.000005
-0.000108
-0.000006
0.000124
0.000126
0.000084
0.000120
0.000174
0.000137
0.000035
-0.000038
-0.000037
0.000021
0.000059
-0.000015
-0.000171
-0.000242
-0.000145
-0.000001
0.000035
-0.000033
-0.000073
-0.000011
0.000067
0.000058
-0.000002
-0.000005
0.000048
0.000057
0.000012
-0.000004
0.000028
0.000041
0.000007
0.000005
0.000078
0.000115
0.000003
-0.000172
-0.000258
-0.000245
-0.000206
-0.000148
-0.000033
0.000106
0.000184
0.000182
0.000191
0.000254
0.000306
0.000306
0.000258
0.000150
0.000033
-0.000008
0.000019
0.000039
0.000037
0.000028
-0.000016
-0.000110
-0.000225
-0.000314
-0.000323
-0.000235
-0.000095
-0.000002
-0.000001
-0.000011
0.000006
-0.000047
-0.000180
-0.000259
-0.000215
-0.000110
-0.000046
-0.000047
-0.000033
0.000067
0.000206
0.000278
0.000252
0.000190
0.000132
0.000068
0.000013
0.000005
0.000042
0.000078
0.000039
-0.000067
-0.000123
-0.000085
-0.000039
-0.000037
-0.000049
-0.000061
-0.000044
0.000024
0.000069
0.000044
0.000016
0.000010
-0.000019
-0.000053
-0.000013
0.000086
0.000138
0.000125
0.000127
0.000152
0.000096
-0.000058
-0.000180
-0.000176
-0.000118
-0.000120
-0.000178
-0.000193
-0.000092
0.000066
0.000115
0.000013
-0.000057
0.000026
0.000126
0.000113
0.000074
0.000104
0.000128
0.000083
0.000038
0.000032
0.000016
-0.000009
-0.000027
-0.000093
-0.000225
-0.000308
-0.000242
-0.000109
-0.000034
0.000004
0.000057
0.000087
0.000079
0.000073
0.000080
0.000100
0.000136
0.000138
0.000078
0.000001
-0.000041
-0.000027
0.000021
0.000027
-0.000033
-0.000088
-0.000098
-0.000095
-0.000112
-0.000114
-0.000051
0.000056
0.000155
0.000231
0.000280
0.000301
0.000269
0.000150
-0.000024
-0.000169
-0.000239
-0.000279
-0.000356
-0.000396
-0.000273
-0.000055
0.000101
0.000164
0.000163
0.000127
0.000099
0.000068
-0.000002
-0.000048
0.000012
0.000102
0.000081
-0.000027
-0.000086
-0.000029
0.000092
0.000160
0.000110
-0.000011
-0.000082
0.000007
0.000209
0.000312
0.000233
0.000121
0.000081
0.000029
-0.000112
-0.000293
-0.000411
-0.000417
-0.000344
-0.000273
-0.000256
-0.000246
-0.000148
0.000001
0.000034
-0.000082
-0.000169
-0.000098
0.000045
0.000130
0.000151
0.000194
0.000315
0.000442
0.000466
0.000387
0.000286
0.000208
0.000130
0.000025
-0.000050
-0.000042
-0.000003
-0.000011
-0.000074
-0.000143
-0.000172
-0.000161
-0.000144
-0.000157
-0.000178
-0.000158
-0.000109
-0.000051
0.000010
0.000015
-0.000066
-0.000112
-0.000031
0.000080
0.000108
0.000084
0.000111
0.000229
0.000289
0.000120
-0.000142
-0.000221
-0.000110
-0.000011
-0.000058
-0.000191
-0.000192
0.000010
0.000187
0.000166
0.000047
-0.000038
-0.000053
0.000005
0.000070
0.000053
0.000002
0.000035
0.000117
0.000139
0.000108
0.000054
-0.000072
-0.000235
-0.000294
-0.000248
-0.000203
-0.000129
0.000031
0.000131
0.000061
-0.000021
0.000021
0.000095
0.000131
0.000173
0.000207
0.000202
0.000191
0.000136
-0.000039
-0.000236
-0.000262
-0.000124
0.000005
0.000032
-0.000002
-0.000012
0.000048
0.000134
0.000124
-0.000001
-0.000095
-0.000065
-0.000015
-0.000032
-0.000027
0.000026
0.000010
-0.000077
-0.000122
-0.000123
-0.000161
-0.000218
-0.000191
-0.000064
0.000069
0.000165
0.000270
0.000370
0.000338
0.000148
-0.000019
-0.000032
-0.000007
-0.000077
-0.000187
-0.000272
-0.000336
-0.000321
-0.000171
-0.000020
-0.000018
-0.000047
0.000103
0.000319
0.000338
0.000240
0.000238
0.000237
0.000119
0.000048
0.000094
0.000083
-0.000002
-0.000041
-0.000068
-0.000104
-0.000079
-0.000105
-0.000306
-0.000493
-0.000474
-0.000352
-0.000224
-0.000032
0.000184
0.000282
0.000289
0.000320
0.000322
0.000206
0.000100
0.000138
0.000183
0.000116
0.000085
0.000152
0.000140
0.000018
-0.000059
-0.000065
-0.000099
-0.000137
-0.000119
-0.000135
-0.000220
-0.000218
-0.000091
-0.000017
-0.000072
-0.000106
-0.000005
0.000098
0.000058
-0.000018
-0.000058
-0.000163
-0.000245
-0.000127
-0.000006
-0.000088
-0.000128
0.000007
0.000075
0.000058
0.000108
0.000123
0.000025
-0.000055
-0.000062
-0.000028
0.000041
0.000117
0.000174
0.000216
0.000236
0.000229
0.000231
0.000247
0.000181
-0.000023
-0.000193
-0.000111
0.000041
-0.000061
-0.000243
-0.000169
-0.000032
-0.000102
-0.000120
0.000087
0.000096
-0.000214
-0.000241
0.000049
-0.000086
-0.000441
-0.000151
0.000295
0.000048
-0.000177
0.000224
0.000398
0.000042
-0.000053
0.000169
0.000131
-0.000072
-0.000067
0.000001
-0.000113
-0.000224
-0.000096
0.000040
-0.000063
-0.000125
0.000013
0.000084
0.000149
0.000344
0.000331
0.000046
-0.000073
0.000016
-0.000011
-0.000175
-0.000233
-0.000119
-0.000037
-0.000110
-0.000165
-0.000081
-0.000005
-0.000019
0.000008
0.000129
0.000208
0.000160
0.000055
0.000004
0.000030
0.000028
-0.000002
0.000089
0.000236
0.000213
0.000084
0.000048
0.000048
0.000008
0.000018
0.000016
-0.000132
-0.000261
-0.000191
-0.000089
-0.000151
-0.000242
-0.000210
-0.000144
-0.000064
0.000137
0.000295
0.000197
0.000103
0.000263
0.000302
-0.000095
-0.000434
-0.000254
-0.000063
-0.000349
-0.000473
0.000029
0.000312
0.000024
0.000035
0.000299
0.000098
-0.000061
0.000322
0.000595
0.000436
0.000273
0.000244
0.000107
-0.000092
-0.000121
-0.000140
-0.000286
-0.000315
-0.000288
-0.000469
-0.000569
-0.000305
-0.000134
-0.000362
-0.000391
0.000011
0.000109
-0.000209
-0.000159
0.000251
0.000310
0.000117
0.000319
0.000704
0.000528
0.000061
0.000030
0.000110
-0.000121
-0.000198
0.000022
0.000140
0.000178
0.000237
0.000153
0.000036
-0.000005
-0.000145
-0.000258
-0.000129
-0.000039
-0.000204
-0.000321
-0.000230
-0.000247
-0.000429
-0.000367
-0.000073
-0.000047
-0.000232
-0.000101
0.000250
0.000320
0.000217
0.000315
0.000438
0.000336
0.000253
0.000366
0.000465
0.000481
0.000539
0.000543
0.000399
0.000273
0.000238
0.000180
0.000074
-0.000029
-0.000125
-0.000219
-0.000301
-0.000364
-0.000426
-0.000516
-0.000599
-0.000645
-0.000742
-0.000907
-0.000962
-0.000839
-0.000703
-0.000615
-0.000500
-0.000362
-0.000191
0.000083
0.000456
0.000865
0.001162
0.001144
0.000996
0.001082
0.001016
0.000409
0.000053
0.000321
0.000332
0.000042
0.000082
0.000063
-0.000231
-0.000204
0.000037
-0.000048
-0.000340
-0.000453
-0.000369
-0.000312
-0.000322
-0.000391
-0.000578
-0.000635
-0.000380
-0.000093
0.000199
0.000348
-0.000116
-0.000428
0.000093
0.000252
-0.000254
-0.000073
0.000584
0.000343
-0.000242
0.000153
0.000502
-0.000269
-0.000411
0.000551
0.000450
-0.000304
0.000094
0.000459
-0.000052
0.000061
0.000706
0.000516
0.000051
0.000180
0.000185
-0.000168
-0.000122
0.000066
-0.000239
-0.000540
-0.000560
-0.000849
-0.001284
-0.001284
-0.000946
-0.000558
-0.000168
0.000038
0.000026
0.000136
0.000416
0.000537
0.000520
0.000595
0.000633
0.000644
0.000972
0.001403
0.001404
0.001136
0.000967
0.000736
0.000404
0.000269
0.000185
-0.000112
-0.000250
0.000003
0.000135
-0.000094
-0.000380
-0.000712
-0.001150
-0.001371
-0.001332
-0.001360
-0.001389
-0.001176
-0.000945
-0.000928
-0.000878
-0.000635
-0.000452
-0.000406
-0.000250
0.000057
0.000376
0.000714
0.001012
0.001079
0.000987
0.001009
0.001144
0.001171
0.001083
0.001001
0.000874
0.000710
0.000612
0.000407
0.000032
-0.000194
-0.000310
-0.000591
-0.000800
-0.000749
-0.000702
-0.000673
-0.000531
-0.000494
-0.000576
-0.000499
-0.000425
-0.000472
-0.000188
0.000313
0.000257
-0.000079
0.000144
0.000431
0.000081
-0.000172
0.000226
0.000521
0.000354
0.000251
0.000258
0.000209
0.000318
0.000373
0.000161
0.000232
0.000504
0.000143
-0.000453
-0.000299
-0.000010
-0.000489
-0.000786
-0.000240
-0.000154
-0.000695
-0.000280
0.000460
-0.000192
-0.000726
0.000147
0.000309
-0.000471
-0.000121
0.000447
-0.000228
-0.000587
0.000085
0.000298
0.000040
0.000369
0.000785
0.000698
0.000710
0.000694
0.000228
0.000093
0.000152
-0.000374
-0.000405
0.000350
0.000176
-0.000539
-0.000243
-0.000260
-0.001825
-0.002721
-0.001314
0.000242
-0.000064
-0.000597
0.000447
0.001473
0.000894
0.000321
0.000896
0.000943
-0.000101
-0.000311
0.000813
0.001525
0.001134
0.000651
0.000603
0.000629
0.000551
0.000422
0.000178
-0.000068
-0.000068
0.000063
0.000106
0.000169
0.000137
-0.000486
-0.001391
-0.001516
-0.000990
-0.001024
-0.001493
-0.001257
-0.000721
-0.000944
-0.001178
-0.000532
-0.000111
-0.000677
-0.000945
-0.000213
0.000437
0.000528
0.000743
0.001089
0.001096
0.001105
0.001403
0.001355
0.000803
0.000647
0.000962
0.000786
0.000292
0.000372
0.000526
-0.000030
-0.000578
-0.000485
-0.000469
-0.000762
-0.000605
-0.000197
-0.000312
-0.000500
-0.000293
-0.000411
-0.000895
-0.000729
-0.000085
0.000029
-0.000066
0.000272
0.000513
0.000456
0.000529
0.000261
-0.000345
0.000001
0.000766
0.000170
-0.000560
0.000300
0.000639
-0.000656
-0.000644
0.000771
0.000276
-0.001118
-0.000415
0.000696
0.000059
-0.000486
0.000485
0.000754
-0.000918
-0.001338
0.000596
0.000699
-0.001300
-0.000469
0.001987
0.000582
-0.001827
-0.000023
0.001602
-0.000674
-0.001365
0.001081
0.000963
-0.001054
-0.000046
0.001377
-0.000254
-0.001077
0.000624
0.000712
-0.000695
0.000076
0.001239
-0.000034
-0.000793
0.000528
0.000410
-0.001053
-0.000364
0.000847
-0.000139
-0.000777
0.000200
-0.000430
-0.002724
-0.002680
-0.000200
0.000669
-0.000556
-0.000460
0.001261
0.001648
0.000618
0.000644
0.001389
0.000700
-0.000496
0.000141
0.001652
0.001706
0.000903
0.000921
0.001118
0.000507
0.000066
0.000295
0.000022
-0.000685
-0.000476
0.000197
0.000147
-0.000041
-0.000057
-0.000969
-0.002142
-0.001735
-0.000738
-0.001199
-0.001899
-0.001139
-0.000464
-0.001052
-0.001192
-0.000371
-0.000431
-0.001372
-0.001279
-0.000164
0.000533
0.000893
0.001563
0.001923
0.001638
0.001601
0.001896
0.001617
0.001005
0.000963
0.001115
0.000810
0.000628
0.000777
0.000295
-0.000642
-0.000774
-0.000448
-0.000810
-0.001406
-0.001420
-0.001213
-0.000954
-0.000262
0.000273
-0.000156
-0.000675
-0.000273
0.000196
0.000039
0.000185
0.000646
0.000277
-0.000304
0.000058
0.000467
0.000154
-0.000170
-0.000175
0.000021
0.000258
0.000069
-0.000147
0.000282
0.000415
-0.000368
-0.000620
0.000062
0.000232
-0.000123
-0.000223
-0.000175
0.000127
0.000389
0.000039
-0.000204
0.000052
0.000040
-0.000109
0.000107
0.000141
-0.000139
-0.000086
0.000050
-0.000048
0.000193
0.000380
-0.000061
-0.000256
-0.000009
0.000151
0.000227
-0.000287
-0.000994
-0.000316
0.000693
0.000230
-0.000059
0.000694
0.000433
-0.000425
-0.000146
0.000149
-0.000016
0.000351
0.000344
-0.000256
-0.000022
-0.000187
-0.002210
-0.003456
-0.002101
-0.000495
-0.000034
0.000409
0.000997
0.001309
0.001661
0.001766
0.001276
0.000871
0.000586
-0.000105
-0.000226
0.000994
0.001929
0.001353
0.000580
0.000624
0.000666
0.000314
0.000154
0.000118
-0.000216
-0.000440
-0.000160
0.000187
0.000189
-0.000294
-0.001334
-0.002211
-0.002011
-0.001413
-0.001550
-0.001853
-0.001561
-0.001358
-0.001524
-0.001196
-0.000495
-0.000506
-0.001035
-0.000907
0.000023
0.001041
0.001817
0.002286
0.002332
0.002130
0.002039
0.002086
0.001981
0.001529
0.000844
0.000329
0.000332
0.000571
0.000428
-0.000142
-0.000655
-0.000882
-0.001048
-0.001250
-0.001130
-0.000630
-0.000369
-0.000531
-0.000426
0.000028
-0.000130
-0.000903
-0.000938
-0.000226
-0.000200
-0.000590
-0.000244
0.000037
-0.000291
0.000122
0.001029
0.000678
-0.000258
-0.000146
0.000388
0.000342
0.000139
0.000195
0.000391
0.000424
-0.000243
-0.000894
0.000013
0.000974
-0.000144
-0.000760
0.000778
0.001017
-0.000507
-0.000536
0.000325
0.000284
0.000344
0.000342
-0.000412
-0.000580
-0.000150
-0.000163
-0.000149
-0.000038
-0.000097
0.000021
-0.000096
-0.000377
0.000004
0.000086
-0.000652
-0.000415
0.000452
-0.000206
-0.000903
0.000424
0.001429
0.000494
-0.000200
0.000105
0.000264
0.000309
0.000332
0.000204
0.000568
0.001068
0.000376
-0.001173
-0.002418
-0.003286
-0.003315
-0.001709
0.000187
0.000616
0.000465
0.001090
0.001798
0.001766
0.001552
0.001412
0.000601
-0.000520
-0.000225
0.001465
0.002470
0.002120
0.001574
0.001249
0.000812
0.000438
0.000217
-0.000227
-0.000806
-0.001035
-0.000840
-0.000332
0.000224
0.000012
-0.001229
-0.002287
-0.002291
-0.002032
-0.002211
-0.002315
-0.002025
-0.001788
-0.001643
-0.001093
-0.000276
0.000048
-0.000226
-0.000340
0.000149
0.000903
0.001531
0.001975
0.002172
0.002043
0.001856
0.001957
0.002179
0.002088
0.001642
0.001120
0.000823
0.000830
0.000716
0.000257
-0.000096
-0.000418
-0.001122
-0.001529
-0.001175
-0.001050
-0.001454
-0.001273
-0.000468
-0.000231
-0.000622
-0.000716
-0.000518
-0.000688
-0.001054
-0.000872
-0.000286
-0.000159
-0.000397
-0.000192
0.000223
0.000180
0.000110
0.000470
0.000623
0.000286
0.000159
0.000410
0.000569
0.000574
0.000528
0.000418
0.000440
0.000530
0.000240
-0.000220
-0.000116
0.000350
0.000371
0.000318
0.000830
0.000814
-0.000378
-0.001035
-0.000422
0.000006
-0.000066
0.000162
0.000224
-0.000478
-0.001113
-0.000958
-0.000636
-0.000493
-0.000046
0.000130
-0.000628
-0.001003
-0.000382
-0.000171
-0.000302
0.000483
0.001409
0.001041
0.000158
0.000305
0.000741
0.000148
-0.000078
0.001099
0.001583
0.000733
0.000474
0.000171
-0.002105
-0.004572
-0.004374
-0.002239
-0.000615
-0.000156
0.000214
0.001330
0.002475
0.002582
0.002199
0.002075
0.001283
-0.000412
-0.000929
0.000670
0.002258
0.002300
0.001926
0.001996
0.001801
0.001178
0.000580
-0.000239
-0.001289
-0.001847
-0.001822
-0.001569
-0.000931
-0.000390
-0.001153
-0.002601
-0.002807
-0.002147
-0.002373
-0.002887
-0.002267
-0.001451
-0.001513
-0.001225
0.000148
0.001030
0.000525
-0.000057
0.000277
0.000995
0.001615
0.002192
0.002493
0.002384
0.002320
0.002481
0.002429
0.002046
0.001613
0.001089
0.000466
0.000265
0.000596
0.000710
0.000245
-0.000268
-0.000522
-0.000778
-0.001031
-0.001041
-0.001093
-0.001525
-0.001805
-0.001392
-0.000936
-0.001090
-0.001297
-0.001205
-0.001376
-0.001654
-0.001217
-0.000480
-0.000382
-0.000448
0.000052
0.000513
0.000525
0.000740
0.001187
0.001263
0.001149
0.001136
0.000940
0.000618
0.000632
0.000847
0.000733
0.000474
0.000672
0.000978
0.000607
0.000024
0.000086
0.000233
-0.000095
-0.000131
0.000190
-0.000077
-0.000639
-0.000700
-0.000755
-0.001223
-0.001437
-0.001154
-0.000925
-0.000878
-0.000787
-0.000757
-0.000700
-0.000404
-0.000240
-0.000140
0.000475
0.000994
0.000794
0.000767
0.001219
0.001219
0.000793
0.000797
0.001051
0.000850
0.000602
0.000959
0.001286
0.000909
0.000018
-0.001856
-0.004941
-0.006833
-0.005339
-0.002407
-0.000997
-0.000503
0.001019
0.002961
0.003685
0.003563
0.003672
0.003207
0.001209
-0.000473
0.000444
0.002655
0.003436
0.002955
0.002786
0.002640
0.001742
0.000711
-0.000109
-0.001379
-0.002856
-0.003457
-0.003078
-0.002359
-0.001763
-0.001848
-0.002734
-0.003342
-0.002990
-0.002651
-0.003000
-0.003187
-0.002780
-0.002478
-0.002075
-0.000543
0.001389
0.001901
0.001316
0.001455
0.002402
0.002943
0.003004
0.003149
0.003110
0.002683
0.002514
0.002871
0.003051
0.002572
0.001770
0.001050
0.000546
0.000372
0.000421
0.000265
-0.000328
-0.001106
-0.001627
-0.001659
-0.001433
-0.001521
-0.002126
-0.002674
-0.002677
-0.002530
-0.002652
-0.002689
-0.002390
-0.002156
-0.001979
-0.001231
-0.000146
0.000288
0.000242
0.000760
0.001746
0.002308
0.002385
0.002382
0.002192
0.001715
0.001389
0.001498
0.001665
0.001480
0.001150
0.000953
0.000637
0.000096
-0.000198
-0.000162
-0.000314
-0.000609
-0.000613
-0.000582
-0.000843
-0.001005
-0.000898
-0.001043
-0.001529
-0.001763
-0.001613
-0.001466
-0.001290
-0.000833
-0.000299
-0.000009
0.000166
0.000556
0.001020
0.001007
0.000481
0.000167
0.000456
0.000868
0.001028
0.001103
0.001158
0.001196
0.001332
0.001341
0.000925
0.000370
0.000129
0.000152
0.000107
-0.000510
-0.002354
-0.005137
-0.007014
-0.006411
-0.004055
-0.001907
-0.000566
0.000877
0.002792
0.004324
0.004843
0.004705
0.004106
0.002695
0.001040
0.000739
0.002233
0.003954
0.004408
0.003906
0.003463
0.003022
0.001942
0.000298
-0.001469
-0.003271
-0.004807
-0.005214
-0.004232
-0.002971
-0.002686
-0.003351
-0.004007
-0.004136
-0.004111
-0.004311
-0.004432
-0.004074
-0.003340
-0.002289
-0.000611
0.001517
0.003069
0.003410
0.003194
0.003403
0.004065
0.004543
0.004586
0.004410
0.004125
0.003756
0.003537
0.003548
0.003335
0.002475
0.001262
0.000309
-0.000247
-0.000719
-0.001302
-0.001967
-0.002683
-0.003256
-0.003276
-0.002793
-0.002497
-0.002742
-0.003121
-0.003282
-0.003246
-0.002994
-0.002614
-0.002360
-0.002026
-0.001172
-0.000039
0.000864
0.001588
0.002172
0.002300
0.002186
0.002373
0.002629
0.002500
0.002365
0.002604
0.002727
0.002412
0.002081
0.001794
0.001075
0.000085
-0.000520
-0.000733
-0.001022
-0.001387
-0.001464
-0.001263
-0.001107
-0.001092
-0.001171
-0.001422
-0.001758
-0.001906
-0.001845
-0.001737
-0.001619
-0.001433
-0.001089
-0.000565
-0.000051
0.000226
0.000354
0.000661
0.001211
0.001682
0.001905
0.002053
0.002156
0.002031
0.001775
0.001584
0.001314
0.000874
0.000557
0.000541
0.000594
0.000420
0.000029
-0.000275
-0.000299
-0.000364
-0.001285
-0.003645
-0.006706
-0.008582
-0.008194
-0.006323
-0.004072
-0.001484
0.001449
0.003963
0.005648
0.006842
0.007364
0.006440
0.004313
0.002501
0.002097
0.002831
0.003909
0.004802
0.005098
0.004574
0.003522
0.002226
0.000443
-0.001977
-0.004439
-0.006146
-0.006771
-0.006411
-0.005544
-0.004900
-0.004802
-0.004910
-0.004825
-0.004522
-0.004171
-0.003933
-0.003858
-0.003648
-0.002721
-0.000883
0.001318
0.003217
0.004591
0.005482
0.005972
0.006229
0.006332
0.006056
0.005203
0.004085
0.003307
0.003120
0.003307
0.003496
0.003347
0.002675
0.001546
0.000176
-0.001254
-0.002597
-0.003727
-0.004576
-0.005047
-0.004959
-0.004386
-0.003819
-0.003592
-0.003557
-0.003600
-0.003822
-0.003999
-0.003658
-0.002821
-0.001888
-0.000834
0.000608
0.002171
0.003310
0.003963
0.004329
0.004371
0.004093
0.003758
0.003507
0.003261
0.003037
0.002845
0.002442
0.001774
0.001204
0.000713
-0.000166
-0.001243
-0.001904
-0.002333
-0.002898
-0.003096
-0.002700
-0.002465
-0.002553
-0.002327
-0.001954
-0.001936
-0.001889
-0.001529
-0.001267
-0.001113
-0.000676
-0.000063
0.000434
0.000900
0.001470
0.002092
0.002665
0.002979
0.002892
0.002586
0.002176
0.001619
0.001169
0.001057
0.000956
0.000557
0.000156
0.000076
0.000040
-0.000262
-0.000501
-0.000374
-0.000522
-0.002033
-0.005072
-0.008321
-0.010015
-0.009458
-0.007258
-0.004194
-0.000611
0.002932
0.005695
0.007663
0.009072
0.009354
0.007981
0.005705
0.003926
0.003320
0.003605
0.004181
0.004588
0.004565
0.004021
0.002923
0.001270
-0.000892
-0.003533
-0.006306
-0.008321
-0.008971
-0.008598
-0.007841
-0.006955
-0.006084
-0.005439
-0.004967
-0.004415
-0.003824
-0.003485
-0.003329
-0.002851
-0.001592
0.000516
0.003068
0.005417
0.007143
0.008250
0.008884
0.009023
0.008548
0.007459
0.005970
0.004503
0.003502
0.003075
0.002918
0.002634
0.001998
0.000956
-0.000453
-0.002053
-0.003611
-0.005125
-0.006679
-0.007912
-0.008243
-0.007705
-0.006889
-0.006085
-0.005121
-0.004047
-0.003179
-0.002466
-0.001577
-0.000530
0.000379
0.001150
0.002081
0.003223
0.004296
0.005181
0.005968
0.006515
0.006516
0.006082
0.005613
0.005093
0.004220
0.003104
0.002007
0.000848
-0.000399
-0.001469
-0.002333
-0.003250
-0.004233
-0.005008
-0.005416
-0.005509
-0.005338
-0.004879
-0.004137
-0.003228
-0.002319
-0.001386
-0.000324
0.000558
0.000860
0.000959
0.001378
0.001783
0.001903
0.002276
0.003009
0.003413
0.003297
0.003073
0.002817
0.002459
0.002144
0.001830
0.001352
0.000821
0.000390
0.000025
-0.000306
-0.000627
-0.001060
-0.001609
-0.002066
-0.002406
-0.002762
-0.002829
-0.002251
-0.001866
-0.003270
-0.006633
-0.009905
-0.010650
-0.008299
-0.004439
-0.000869
0.002233
0.005648
0.009204
0.011740
0.012772
0.012639
0.011126
0.007990
0.004788
0.003641
0.004154
0.004199
0.003322
0.002584
0.001814
-0.000030
-0.002574
-0.004826
-0.007131
-0.009949
-0.012148
-0.012510
-0.011474
-0.010065
-0.008536
-0.006838
-0.005202
-0.003833
-0.002722
-0.001811
-0.001043
-0.000360
0.000432
0.001837
0.004212
0.007079
0.009477
0.010932
0.011568
0.011480
0.010542
0.008863
0.006949
0.005158
0.003432
0.001871
0.000934
0.000651
0.000310
-0.000645
-0.002076
-0.003770
-0.005748
-0.007783
-0.009373
-0.010332
-0.010789
-0.010649
-0.009647
-0.007809
-0.005484
-0.003191
-0.001360
0.000046
0.001265
0.002218
0.002905
0.003812
0.005125
0.006307
0.007136
0.008053
0.009005
0.009207
0.008393
0.007074
0.005476
0.003480
0.001430
-0.000178
-0.001432
-0.002567
-0.003406
-0.003888
-0.004405
-0.005094
-0.005674
-0.006148
-0.006711
-0.007077
-0.006771
-0.005791
-0.004443
-0.002939
-0.001414
0.000057
0.001471
0.002690
0.003480
0.003885
0.004117
0.004198
0.004182
0.004311
0.004548
0.004543
0.004244
0.003819
0.003135
0.002109
0.001099
0.000267
-0.000645
-0.001568
-0.002125
-0.002433
-0.002841
-0.003175
-0.003140
-0.002907
-0.002640
-0.002234
-0.002213
-0.003978
-0.007940
-0.011908
-0.012720
-0.009606
-0.004805
-0.000451
0.003632
0.008119
0.012072
0.014259
0.015003
0.014761
0.012515
0.008076
0.004216
0.003422
0.004310
0.004276
0.003410
0.002799
0.001629
-0.001002
-0.003990
-0.006411
-0.009216
-0.012751
-0.015178
-0.014987
-0.012953
-0.010535
-0.008154
-0.005832
-0.004040
-0.003032
-0.002290
-0.001279
-0.000160
0.000633
0.001332
0.002940
0.006017
0.009675
0.012411
0.013643
0.013749
0.012956
0.011159
0.008736
0.006407
0.004228
0.001889
-0.000111
-0.000933
-0.000938
-0.001369
-0.002634
-0.004252
-0.006092
-0.008235
-0.010140
-0.011195
-0.011564
-0.011547
-0.010830
-0.009088
-0.006603
-0.003931
-0.001605
0.000059
0.001367
0.002783
0.004091
0.005115
0.006451
0.008220
0.009542
0.010195
0.010751
0.010790
0.009480
0.007368
0.005274
0.002883
0.000226
-0.001722
-0.002866
-0.003985
-0.004959
-0.005269
-0.005422
-0.005967
-0.006518
-0.006860
-0.007295
-0.007605
-0.007253
-0.006214
-0.004672
-0.002757
-0.000830
0.000878
0.002506
0.003892
0.004593
0.004789
0.005002
0.005136
0.004992
0.005005
0.005374
0.005534
0.005148
0.004488
0.003627
0.002338
0.000719
-0.000908
-0.002403
-0.003644
-0.004407
-0.004667
-0.004572
-0.004156
-0.003463
-0.002672
-0.001940
-0.001855
-0.003783
-0.008111
-0.012369
-0.013028
-0.009381
-0.004084
0.000482
0.004577
0.009035
0.012989
0.015234
0.015963
0.015334
0.012360
0.007433
0.003669
0.003152
0.004104
0.004117
0.003404
0.002745
0.001260
-0.001662
-0.004917
-0.007807
-0.011073
-0.014630
-0.016620
-0.015738
-0.012856
-0.009661
-0.006935
-0.004745
-0.003252
-0.002467
-0.001840
-0.000860
0.000270
0.001163
0.002288
0.004665
0.008376
0.012172
0.014664
0.015325
0.014417
0.012455
0.009928
0.007331
0.004960
0.002616
0.000205
-0.001556
-0.002046
-0.001990
-0.002606
-0.004115
-0.006181
-0.008679
-0.011067
-0.012373
-0.012492
-0.012157
-0.011413
-0.009510
-0.006489
-0.003517
-0.001380
0.000231
0.001681
0.002784
0.003641
0.004950
0.006893
0.008750
0.010097
0.011375
0.012690
0.013036
0.011584
0.008881
0.005849
0.002682
-0.000457
-0.002960
-0.004582
-0.005670
-0.006408
-0.006693
-0.006713
-0.006904
-0.007362
-0.007794
-0.007966
-0.007806
-0.007163
-0.005838
-0.003934
-0.001885
0.000004
0.001797
0.003472
0.004636
0.005077
0.005149
0.005203
0.005218
0.005206
0.005347
0.005634
0.005828
0.005701
0.005113
0.003964
0.002259
0.000207
-0.001809
-0.003460
-0.004652
-0.005398
-0.005635
-0.005343
-0.004741
-0.004038
-0.003157
-0.002288
-0.002677
-0.005663
-0.010274
-0.012997
-0.011186
-0.005973
-0.000491
0.003978
0.008177
0.012129
0.014820
0.016028
0.015931
0.013675
0.008958
0.004235
0.002541
0.003622
0.004754
0.004571
0.003548
0.001754
-0.001214
-0.004784
-0.008097
-0.011385
-0.014878
-0.017304
-0.017054
-0.014163
-0.010180
-0.006665
-0.004345
-0.003178
-0.002644
-0.002038
-0.000961
0.000426
0.001819
0.003333
0.005545
0.008837
0.012629
0.015487
0.016249
0.014893
0.012232
0.009223
0.006600
0.004535
0.002540
0.000291
-0.001648
-0.002603
-0.002917
-0.003567
-0.005097
-0.007424
-0.010131
-0.012448
-0.013476
-0.012957
-0.011482
-0.009640
-0.007439
-0.004833
-0.002278
-0.000603
-0.000132
0.000272
0.001980
0.004255
0.005646
0.007132
0.010110
0.012925
0.013799
0.013994
0.013994
0.011659
0.007260
0.003867
0.001562
-0.001675
-0.004803
-0.006001
-0.006536
-0.007606
-0.008116
-0.007896
-0.008213
-0.008884
-0.008906
-0.008358
-0.007322
-0.005508
-0.003449
-0.001589
0.000502
0.002550
0.003703
0.004315
0.005001
0.005152
0.004582
0.004399
0.004911
0.005289
0.005492
0.005938
0.006089
0.005394
0.004233
0.002865
0.001029
-0.001100
-0.002992
-0.004551
-0.005744
-0.006181
-0.005866
-0.005364
-0.004837
-0.003987
-0.003288
-0.004357
-0.007978
-0.012020
-0.012881
-0.009260
-0.003222
0.002532
0.007081
0.010799
0.013861
0.015888
0.016401
0.015076
0.011779
0.007226
0.003673
0.003099
0.004449
0.004989
0.003971
0.002245
-0.000410
-0.004395
-0.008419
-0.011403
-0.014082
-0.016588
-0.017208
-0.015003
-0.011230
-0.007572
-0.004814
-0.003231
-0.002776
-0.002768
-0.002223
-0.000663
0.001628
0.004077
0.006532
0.009388
0.012709
0.015560
0.016652
0.015468
0.012613
0.009259
0.006375
0.004327
0.002852
0.001350
-0.000436
-0.002084
-0.003255
-0.004468
-0.006439
-0.009020
-0.011538
-0.013502
-0.014356
-0.013573
-0.011453
-0.008972
-0.006793
-0.004910
-0.002948
-0.000648
0.001634
0.003214
0.004148
0.005254
0.006846
0.008568
0.010327
0.012007
0.012866
0.012465
0.011296
0.009737
0.007517
0.004623
0.001569
-0.001296
-0.003835
-0.005838
-0.007241
-0.008190
-0.008825
-0.009289
-0.009636
-0.009669
-0.009170
-0.008190
-0.006840
-0.005114
-0.003114
-0.001045
0.001031
0.003025
0.004593
0.005490
0.005896
0.006074
0.006065
0.005907
0.005789
0.005779
0.005673
0.005300
0.004742
0.004047
0.002954
0.001327
-0.000417
-0.001901
-0.003340
-0.004826
-0.005823
-0.006047
-0.005883
-0.005559
-0.004897
-0.004110
-0.004304
-0.006637
-0.010365
-0.012404
-0.010139
-0.004417
0.001524
0.005814
0.009061
0.012037
0.014228
0.014891
0.014044
0.011884
0.008540
0.005258
0.004106
0.005178
0.006052
0.005031
0.002679
-0.000219
-0.003756
-0.007623
-0.010932
-0.013443
-0.015214
-0.015626
-0.014124
-0.011226
-0.008129
-0.005793
-0.004474
-0.003888
-0.003605
-0.003056
-0.001585
0.001031
0.004283
0.007415
0.010131
0.012497
0.014305
0.014991
0.014175
0.012071
0.009336
0.006704
0.004746
0.003582
0.002608
0.001025
-0.001156
-0.003300
-0.005256
-0.007354
-0.009514
-0.011266
-0.012350
-0.012636
-0.011972
-0.010508
-0.008673
-0.006722
-0.004841
-0.003454
-0.002627
-0.001474
0.000842
0.003765
0.006095
0.007792
0.009708
0.011782
0.012989
0.012971
0.012171
0.010553
0.007983
0.005366
0.003478
0.001637
-0.000805
-0.003163
-0.004861
-0.006351
-0.007838
-0.008846
-0.009294
-0.009495
-0.009340
-0.008510
-0.007080
-0.005418
-0.003846
-0.002420
-0.000980
0.000465
0.001692
0.002718
0.003733
0.004585
0.005080
0.005497
0.006066
0.006454
0.006418
0.006231
0.005953
0.005157
0.003792
0.002395
0.001185
-0.000195
-0.001847
-0.003342
-0.004346
-0.004941
-0.005279
-0.005364
-0.005690
-0.007627
-0.011559
-0.014707
-0.013160
-0.006870
-0.000262
0.003492
0.005904
0.009016
0.011502
0.011711
0.010949
0.010418
0.008688
0.005746
0.004996
0.007469
0.009198
0.007573
0.004665
0.002113
-0.001393
-0.006057
-0.009717
-0.011544
-0.012692
-0.013210
-0.011923
-0.009261
-0.007347
-0.007131
-0.007456
-0.007194
-0.006495
-0.005510
-0.003581
-0.000359
0.003418
0.006817
0.009627
0.011893
0.013128
0.012840
0.011493
0.010129
0.009084
0.007950
0.006770
0.006044
0.005396
0.003751
0.001048
-0.001789
-0.004524
-0.007480
-0.009986
-0.010978
-0.010817
-0.010524
-0.009980
-0.008701
-0.007278
-0.006495
-0.006116
-0.005589
-0.004771
-0.003458
-0.001437
0.000888
0.003188
0.005954
0.009159
0.011306
0.011418
0.010486
0.009658
0.008810
0.007795
0.006938
0.005971
0.004448
0.002749
0.001158
-0.000818
-0.003345
-0.005910
-0.008103
-0.009536
-0.009770
-0.009095
-0.008253
-0.007313
-0.006024
-0.004666
-0.003542
-0.002530
-0.001560
-0.000603
0.000686
0.002407
0.003986
0.004915
0.005265
0.005337
0.005367
0.005365
0.005093
0.004535
0.004067
0.003843
0.003565
0.002958
0.001942
0.000510
-0.001069
-0.002393
-0.003476
-0.004439
-0.005004
-0.005282
-0.006453
-0.009254
-0.012031
-0.011697
-0.007263
-0.001592
0.001878
0.003459
0.005576
0.008054
0.008971
0.008690
0.008572
0.007779
0.005816
0.005128
0.006910
0.008166
0.006520
0.003681
0.001588
-0.000581
-0.003664
-0.006533
-0.008259
-0.009304
-0.009812
-0.009102
-0.007440
-0.006402
-0.006782
-0.007532
-0.007367
-0.006258
-0.004758
-0.002951
-0.000700
0.001869
0.004462
0.006756
0.008403
0.009129
0.008889
0.008144
0.007769
0.008080
0.008337
0.007883
0.006987
0.005842
0.004026
0.001627
-0.000679
-0.002900
-0.005328
-0.007236
-0.007790
-0.007555
-0.007573
-0.007805
-0.007699
-0.007338
-0.007015
-0.006500
-0.005566
-0.004511
-0.003450
-0.001792
0.000682
0.002936
0.004022
0.004627
0.005959
0.007708
0.008606
0.008516
0.008379
0.008390
0.007852
0.006631
0.005138
0.003183
0.000604
-0.001662
-0.002891
-0.003893
-0.005460
-0.006906
-0.007406
-0.007273
-0.007017
-0.006553
-0.005861
-0.005184
-0.004349
-0.002946
-0.001174
0.000318
0.001281
0.001972
0.002625
0.003228
0.003671
0.003916
0.003988
0.003956
0.003989
0.004151
0.004170
0.003771
0.003094
0.002400
0.001622
0.000612
-0.000497
-0.001488
-0.002340
-0.003173
-0.004335
-0.006378
-0.009089
-0.010633
-0.008980
-0.004621
-0.000506
0.001559
0.002808
0.004572
0.005851
0.005731
0.005310
0.005259
0.004721
0.004064
0.004945
0.006769
0.006949
0.004955
0.002576
0.000675
-0.001298
-0.003360
-0.004934
-0.005977
-0.006635
-0.006518
-0.005507
-0.004603
-0.004856
-0.005923
-0.006582
-0.006220
-0.005065
-0.003473
-0.001683
0.000059
0.001625
0.003098
0.004561
0.005781
0.006247
0.005870
0.005457
0.005845
0.006733
0.007136
0.006696
0.005696
0.004246
0.002436
0.000729
-0.000699
-0.002220
-0.003730
-0.004513
-0.004533
-0.004613
-0.005122
-0.005712
-0.006249
-0.006818
-0.006989
-0.006219
-0.004782
-0.003346
-0.002008
-0.000514
0.001171
0.002833
0.004054
0.004624
0.005031
0.005731
0.006303
0.006350
0.006158
0.005687
0.004586
0.003302
0.002332
0.001189
-0.000288
-0.001291
-0.001683
-0.002192
-0.002861
-0.003310
-0.003796
-0.004451
-0.004760
-0.004609
-0.004401
-0.004107
-0.003432
-0.002494
-0.001533
-0.000645
0.000010
0.000396
0.000783
0.001359
0.002034
0.002661
0.003152
0.003522
0.003834
0.003981
0.003738
0.003062
0.002153
0.001286
0.000628
0.000072
-0.000676
-0.001908
-0.003817
-0.006031
-0.007035
-0.005388
-0.002080
0.000225
0.000842
0.001434
0.002516
0.002864
0.002421
0.002323
0.002379
0.001860
0.001791
0.003217
0.004603
0.003998
0.002116
0.000735
-0.000045
-0.000956
-0.001852
-0.002426
-0.003042
-0.003740
-0.003781
-0.003045
-0.002658
-0.003408
-0.004544
-0.004872
-0.004172
-0.002966
-0.001680
-0.000484
0.000524
0.001354
0.002149
0.002946
0.003502
0.003594
0.003485
0.003726
0.004377
0.004842
0.004686
0.004065
0.003161
0.002012
0.000970
0.000317
-0.000354
-0.001390
-0.002249
-0.002398
-0.002321
-0.002707
-0.003407
-0.003955
-0.004317
-0.004477
-0.004184
-0.003587
-0.002983
-0.002073
-0.000857
-0.000130
0.000157
0.001013
0.002226
0.002672
0.002694
0.003393
0.004293
0.004354
0.003948
0.003652
0.003094
0.002261
0.001715
0.001315
0.000621
-0.000156
-0.000756
-0.001321
-0.001894
-0.002443
-0.003037
-0.003458
-0.003439
-0.003175
-0.002883
-0.002485
-0.002012
-0.001567
-0.001098
-0.000638
-0.000291
0.000054
0.000510
0.000947
0.001297
0.001678
0.002078
0.002333
0.002352
0.002144
0.001838
0.001556
0.001197
0.000678
0.000159
-0.000500
-0.001866
-0.003669
-0.004229
-0.002572
-0.000161
0.001086
0.001336
0.001758
0.002250
0.002133
0.001791
0.001752
0.001525
0.000966
0.001051
0.001945
0.002221
0.001113
-0.000321
-0.001085
-0.001479
-0.001924
-0.002197
-0.002243
-0.002451
-0.002754
-0.002561
-0.001948
-0.001797
-0.002318
-0.002659
-0.002292
-0.001563
-0.000759
0.000172
0.001052
0.001599
0.001922
0.002300
0.002740
0.003031
0.003055
0.002963
0.003003
0.003091
0.002848
0.002203
0.001466
0.000795
0.000143
-0.000428
-0.000937
-0.001628
-0.002418
-0.002788
-0.002622
-0.002465
-0.002625
-0.002794
-0.002751
-0.002587
-0.002184
-0.001435
-0.000805
-0.000615
-0.000417
-0.000085
-0.000090
0.000093
0.001449
0.003069
0.003396
0.003151
0.003612
0.003811
0.002810
0.001897
0.001740
0.001163
0.000199
0.000081
0.000279
-0.000407
-0.001335
-0.001603
-0.001758
-0.002228
-0.002457
-0.002245
-0.002041
-0.001937
-0.001642
-0.001179
-0.000871
-0.000791
-0.000670
-0.000370
-0.000093
0.000118
0.000501
0.000983
0.001217
0.001243
0.001294
0.001300
0.001176
0.001063
0.001007
0.000917
0.000752
0.000440
-0.000060
-0.000719
-0.001700
-0.002816
-0.002984
-0.001658
-0.000033
0.000789
0.001331
0.002045
0.002212
0.001706
0.001509
0.001808
0.001811
0.001518
0.001584
0.001775
0.001298
0.000234
-0.000726
-0.001388
-0.001877
-0.002065
-0.001991
-0.002085
-0.002445
-0.002603
-0.002313
-0.001924
-0.001792
-0.001810
-0.001637
-0.001143
-0.000531
-0.000044
0.000400
0.000969
0.001499
0.001820
0.002098
0.002378
0.002384
0.002159
0.002108
0.002234
0.002134
0.001731
0.001302
0.000943
0.000545
0.000141
-0.000159
-0.000473
-0.000988
-0.001528
-0.001762
-0.001726
-0.001687
-0.001702
-0.001767
-0.001897
-0.001883
-0.001557
-0.001225
-0.001181
-0.001111
-0.000625
0.000019
0.000398
0.000645
0.000983
0.001209
0.001278
0.001586
0.002069
0.002118
0.001767
0.001627
0.001621
0.001231
0.000622
0.000186
-0.000223
-0.000676
-0.000827
-0.000675
-0.000647
-0.000805
-0.000834
-0.000726
-0.000746
-0.000889
-0.000894
-0.000737
-0.000629
-0.000592
-0.000487
-0.000404
-0.000496
-0.000568
-0.000411
-0.000179
0.000003
0.000243
0.000483
0.000530
0.000449
0.000386
0.000304
0.000198
0.000146
0.000026
-0.000378
-0.000913
-0.001026
-0.000382
0.000632
0.001364
0.001726
0.001998
0.002071
0.001747
0.001368
0.001227
0.001075
0.000813
0.000704
0.000696
0.000420
-0.000171
-0.000789
-0.001273
-0.001660
-0.001933
-0.002031
-0.002054
-0.002150
-0.002218
-0.002046
-0.001737
-0.001507
-0.001299
-0.000998
-0.000657
-0.000273
0.000186
0.000564
0.000796
0.001129
0.001680
0.002161
0.002324
0.002284
0.002253
0.002252
0.002142
0.001835
0.001427
0.001036
0.000609
0.000091
-0.000388
-0.000689
-0.000899
-0.001169
-0.001421
-0.001486
-0.001469
-0.001588
-0.001765
-0.001885
-0.002138
-0.002449
-0.002081
-0.000816
0.000256
0.000361
0.000272
0.000697
0.001093
0.001102
0.001184
0.001323
0.001157
0.001112
0.001515
0.001684
0.001263
0.000884
0.000868
0.000799
0.000485
0.000188
-0.000007
-0.000275
-0.000651
-0.000925
-0.001000
-0.001070
-0.001244
-0.001359
-0.001373
-0.001416
-0.001404
-0.001236
-0.001036
-0.000799
-0.000411
-0.000039
0.000158
0.000351
0.000622
0.000817
0.000927
0.000984
0.000868
0.000592
0.000231
-0.000241
-0.000490
-0.000074
0.000653
0.001066
0.001288
0.001528
0.001463
0.001144
0.001102
0.001166
0.000792
0.000350
0.000453
0.000644
0.000189
-0.000639
-0.001134
-0.001263
-0.001367
-0.001444
-0.001406
-0.001463
-0.001703
-0.001789
-0.001540
-0.001267
-0.001147
-0.000934
-0.000521
-0.000133
0.000120
0.000332
0.000557
0.000805
0.001091
0.001395
0.001629
0.001660
0.001470
0.001263
0.001163
0.001027
0.000739
0.000431
0.000234
0.000131
0.000076
0.000002
-0.000196
-0.000512
-0.000760
-0.000793
-0.000683
-0.000627
-0.000694
-0.000774
-0.000815
-0.000880
-0.000917
-0.000872
-0.000885
-0.000926
-0.000622
-0.000002
0.000261
0.000002
-0.000047
0.000380
0.000666
0.000625
0.000718
0.000933
0.000932
0.000922
0.001118
0.001143
0.000770
0.000389
0.000346
0.000485
0.000500
0.000305
0.000014
-0.000213
-0.000328
-0.000432
-0.000609
-0.000805
-0.000914
-0.000947
-0.001012
-0.001070
-0.000965
-0.000770
-0.000687
-0.000646
-0.000484
-0.000334
-0.000367
-0.000433
-0.000291
0.000030
0.000306
0.000422
0.000483
0.000644
0.000875
0.001015
0.001033
0.001022
0.001023
0.001032
0.001059
0.001003
0.000727
0.000365
0.000212
0.000286
0.000321
0.000133
-0.000182
-0.000431
-0.000555
-0.000635
-0.000748
-0.000887
-0.000983
-0.001031
-0.001111
-0.001201
-0.001154
-0.000917
-0.000602
-0.000303
-0.000041
0.000135
0.000176
0.000168
0.000246
0.000428
0.000632
0.000773
0.000781
0.000723
0.000793
0.001003
0.001120
0.001006
0.000751
0.000505
0.000341
0.000204
-0.000005
-0.000287
-0.000549
-0.000715
-0.000765
-0.000745
-0.000749
-0.000789
-0.000776
-0.000649
-0.000422
-0.000189
-0.000084
-0.000060
0.000059
0.000219
0.000200
0.000009
-0.000142
-0.000140
-0.000051
0.000032
0.000085
0.000133
0.000205
0.000286
0.000324
0.000302
0.000274
0.000288
0.000303
0.000248
0.000163
0.000159
0.000168
0.000033
-0.000235
-0.000465
-0.000520
-0.000435
-0.000351
-0.000309
-0.000271
-0.000219
-0.000142
-0.000042
0.000035
0.000043
0.000022
0.000065
0.000181
0.000273
0.000304
0.000321
0.000314
0.000238
0.000129
0.000070
0.000083
0.000127
0.000153
0.000145
0.000142
0.000165
0.000169
0.000159
0.000198
0.000242
0.000193
0.000076
-0.000008
-0.000062
-0.000148
-0.000267
-0.000382
-0.000461
-0.000475
-0.000442
-0.000399
-0.000335
-0.000253
-0.000194
-0.000145
-0.000066
0.000001
-0.000001
-0.000001
0.000070
0.000167
0.000217
0.000230
0.000250
0.000257
0.000199
0.000143
0.000179
0.000250
0.000245
0.000188
0.000152
0.000110
0.000035
-0.000016
-0.000006
0.000040
0.000054
-0.000042
-0.000166
-0.000155
-0.000080
-0.000120
-0.000205
-0.000176
-0.000085
-0.000061
-0.000109
-0.000165
-0.000199
-0.000224
-0.000242
-0.000202
-0.000087
0.000015
0.000032
-0.000006
-0.000029
-0.000028
-0.000057
-0.000095
-0.000056
0.000047
0.000104
0.000112
0.000173
0.000273
0.000300
0.000259
0.000229
0.000193
0.000128
0.000083
0.000079
0.000076
0.000077
0.000117
0.000142
0.000081
-0.000025
-0.000093
-0.000132
-0.000231
-0.000409
-0.000511
-0.000431
-0.000307
-0.000272
-0.000241
-0.000133
-0.000029
0.000020
0.000077
0.000190
0.000309
0.000353
0.000349
0.000381
0.000387
0.000244
0.000023
-0.000062
0.000036
0.000127
0.000096
0.000062
0.000121
0.000166
0.000116
0.000050
0.000011
-0.000039
-0.000092
-0.000103
-0.000064
-0.000043
-0.000135
-0.000309
-0.000394
-0.000328
-0.000259
-0.000275
-0.000258
-0.000157
-0.000070
-0.000016
0.000058
0.000131
0.000166
0.000157
0.000107
0.000083
0.000144
0.000236
0.000296
0.000309
0.000236
0.000109
0.000027
-0.000059
-0.000218
-0.000331
-0.000304
-0.000215
-0.000148
-0.000145
-0.000198
-0.000217
-0.000149
-0.000080
-0.000068
-0.000045
0.000023
0.000069
0.000062
0.000074
0.000162
0.000244
0.000217
0.000161
0.000225
0.000358
0.000406
0.000338
0.000202
0.000077
0.000001
-0.000090
-0.000211
-0.000288
-0.000338
-0.000403
-0.000392
-0.000250
-0.000062
0.000101
0.000204
0.000217
0.000211
0.000248
0.000231
0.000077
-0.000140
-0.000293
-0.000316
-0.000239
-0.000154
-0.000147
-0.000208
-0.000195
-0.000021
0.000177
0.000235
0.000189
0.000159
0.000180
0.000192
0.000142
0.000086
0.000113
0.000192
0.000202
0.000095
-0.000033
-0.000074
-0.000079
-0.000167
-0.000302
-0.000320
-0.000188
-0.000052
-0.000018
-0.000027
0.000011
0.000086
0.000102
-0.000000
-0.000132
-0.000149
-0.000070
-0.000029
-0.000011
0.000098
0.000262
0.000325
0.000222
0.000052
-0.000062
-0.000110
-0.000153
-0.000184
-0.000158
-0.000050
0.000122
0.000257
0.000230
0.000057
-0.000081
-0.000085
-0.000033
-0.000033
-0.000101
-0.000177
-0.000162
-0.000040
0.000054
0.000033
-0.000005
-0.000002
-0.000009
-0.000015
0.000022
0.000053
0.000038
0.000031
0.000078
0.000137
0.000151
0.000104
-0.000011
-0.000121
-0.000101
0.000012
0.000060
0.000042
0.000078
0.000152
0.000130
0.000008
-0.000067
-0.000051
-0.000068
-0.000178
-0.000265
-0.000228
-0.000144
-0.000106
-0.000086
-0.000034
0.000048
0.000105
0.000068
-0.000017
-0.000028
0.000020
0.000035
0.000014
0.000003
0.000019
0.000052
0.000077
0.000068
0.000037
0.000039
0.000065
0.000062
0.000062
0.000096
0.000095
0.000044
0.000042
0.000124
0.000187
0.000154
0.000087
0.000069
0.000059
-0.000022
-0.000135
-0.000193
-0.000198
-0.000188
-0.000177
-0.000213
-0.000278
-0.000257
-0.000149
-0.000096
-0.000116
-0.000060
0.000103
0.000228
0.000231
0.000165
0.000085
0.000007
-0.000059
-0.000091
-0.000062
0.000057
0.000224
0.000313
0.000267
0.000167
0.000105
0.000099
0.000116
0.000117
0.000075
-0.000011
-0.000124
-0.000240
-0.000336
-0.000367
-0.000288
-0.000152
-0.000086
-0.000112
-0.000096
0.000011
0.000085
0.000074
0.000074
0.000121
0.000140
0.000100
0.000053
0.000071
0.000164
0.000238
0.000167
-0.000002
-0.000087
-0.000046
-0.000001
0.000010
0.000036
0.000041
-0.000020
-0.000083
-0.000119
-0.000162
-0.000184
-0.000169
-0.000167
-0.000165
-0.000114
-0.000042
0.000011
0.000054
0.000092
0.000129
0.000162
0.000146
0.000069
-0.000017
-0.000068
-0.000071
-0.000019
0.000052
0.000089
0.000072
0.000032
0.000022
0.000087
0.000199
0.000241
0.000160
0.000042
-0.000044
-0.000095
-0.000110
-0.000148
-0.000253
-0.000295
-0.000142
0.000088
0.000174
0.000088
-0.000035
-0.000108
-0.000147
-0.000179
-0.000160
-0.000060
0.000046
0.000100
0.000129
0.000129
0.000063
-0.000029
-0.000098
-0.000149
-0.000170
-0.000118
0.000015
0.000176
0.000291
0.000326
0.000298
0.000227
0.000149
0.000120
0.000150
0.000167
0.000094
-0.000028
-0.000091
-0.000062
-0.000003
0.000011
-0.000050
-0.000140
-0.000192
-0.000221
-0.000278
-0.000328
-0.000291
-0.000173
-0.000075
-0.000065
-0.000118
-0.000157
-0.000111
0.000023
0.000155
0.000207
0.000207
0.000222
0.000235
0.000182
0.000079
-0.000015
-0.000078
-0.000105
-0.000086
-0.000027
0.000029
0.000028
-0.000008
-0.000013
0.000005
-0.000010
-0.000053
-0.000065
-0.000018
0.000021
-0.000002
-0.000043
-0.000038
0.000012
0.000103
0.000251
0.000376
0.000293
0.000004
-0.000229
-0.000260
-0.000217
-0.000205
-0.000173
-0.000086
0.000009
0.000063
0.000085
0.000112
0.000130
0.000094
0.000073
0.000145
0.000200
0.000113
-0.000021
-0.000069
-0.000077
-0.000120
-0.000157
-0.000137
-0.000101
-0.000123
-0.000209
-0.000273
-0.000238
-0.000119
0.000003
0.000065
0.000066
0.000090
0.000195
0.000293
0.000278
0.000191
0.000116
0.000041
-0.000037
-0.000048
0.000033
0.000138
0.000193
0.000146
0.000015
-0.000081
-0.000070
-0.000058
-0.000152
-0.000271
-0.000267
-0.000166
-0.000116
-0.000131
-0.000115
-0.000056
-0.000020
-0.000015
-0.000006
0.000016
0.000060
0.000112
0.000097
0.000030
0.000041
0.000167
0.000292
0.000330
0.000296
0.000230
0.000145
0.000054
-0.000036
-0.000120
-0.000167
-0.000153
-0.000165
-0.000280
-0.000355
-0.000212
0.000030
0.000131
0.000104
0.000105
0.000116
-0.000005
-0.000215
-0.000304
-0.000204
-0.000049
0.000056
0.000116
0.000117
0.000054
0.000046
0.000182
0.000319
0.000305
0.000238
0.000228
0.000170
-0.000037
-0.000272
-0.000348
-0.000285
-0.000247
-0.000268
-0.000240
-0.000127
-0.000013
0.000031
0.000022
-0.000032
-0.000128
-0.000168
-0.000056
0.000105
0.000147
0.000109
0.000131
0.000184
0.000138
-0.000004
-0.000103
-0.000060
0.000086
0.000222
0.000247
0.000159
0.000081
0.000118
0.000193
0.000153
0.000023
-0.000059
-0.000091
-0.000151
-0.000187
-0.000114
0.000003
0.000058
0.000036
-0.000036
-0.000115
-0.000140
-0.000105
-0.000058
-0.000047
-0.000080
-0.000071
-0.000002
-0.000022
-0.000149
-0.000184
-0.000068
0.000034
0.000053
0.000071
0.000102
0.000074
0.000017
0.000031
0.000098
0.000104
0.000055
0.000056
0.000109
0.000120
0.000062
0.000005
0.000003
0.000026
-0.000002
-0.000072
-0.000092
-0.000069
-0.000093
-0.000129
-0.000062
0.000059
0.000082
-0.000010
-0.000087
-0.000057
0.000045
0.000141
0.000167
0.000087
-0.000064
-0.000162
-0.000099
0.000068
0.000178
0.000170
0.000093
-0.000008
-0.000091
-0.000120
-0.000097
-0.000016
0.000070
0.000049
-0.000060
-0.000144
-0.000165
-0.000135
-0.000070
-0.000024
-0.000037
-0.000061
-0.000044
0.000005
0.000055
0.000097
0.000138
0.000169
0.000171
0.000141
0.000101
0.000052
-0.000019
-0.000076
-0.000100
-0.000146
-0.000215
-0.000228
-0.000153
-0.000060
0.000005
0.000094
0.000217
0.000262
0.000198
0.000152
0.000150
0.000072
-0.000074
-0.000157
-0.000131
-0.000047
0.000009
-0.000005
-0.000032
-0.000002
0.000058
0.000054
-0.000023
-0.000084
-0.000092
-0.000066
-0.000021
-0.000013
-0.000097
-0.000218
-0.000270
-0.000243
-0.000166
-0.000055
0.000039
0.000082
0.000112
0.000150
0.000196
0.000261
0.000324
0.000351
0.000378
0.000425
0.000410
0.000265
0.000046
-0.000139
-0.000219
-0.000199
-0.000186
-0.000248
-0.000311
-0.000314
-0.000288
-0.000261
-0.000220
-0.000142
-0.000044
0.000020
0.000000
-0.000076
-0.000111
-0.000035
0.000104
0.000177
0.000114
-0.000022
-0.000123
-0.000148
-0.000098
0.000004
0.000123
0.000238
0.000310
0.000276
0.000149
0.000033
0.000004
0.000029
0.000056
0.000077
0.000060
-0.000028
-0.000141
-0.000223
-0.000246
-0.000191
-0.000087
-0.000008
0.000041
0.000114
0.000195
0.000209
0.000116
-0.000029
-0.000108
-0.000100
-0.000098
-0.000124
-0.000119
-0.000076
-0.000013
0.000091
0.000209
0.000256
0.000199
0.000087
-0.000022
-0.000085
-0.000097
-0.000105
-0.000137
-0.000126
-0.000039
-0.000008
-0.000096
-0.000149
-0.000083
0.000014
0.000084
0.000131
0.000149
0.000153
0.000162
0.000138
0.000043
-0.000087
-0.000154
-0.000098
0.000023
0.000086
0.000053
0.000022
0.000045
0.000017
-0.000111
-0.000191
-0.000116
-0.000006
0.000010
-0.000038
