5760
0.000042
-0.000025
-0.000057
-0.000019
0.000052
0.000115
0.000182
0.000276
0.000346
0.000312
0.000213
0.000147
0.000078
-0.000066
-0.000204
-0.000255
-0.000263
-0.000235
-0.000123
0.000004
0.000032
0.000009
0.000061
0.000163
0.000179
0.000126
0.000118
0.000119
0.000055
-0.000011
-0.000023
-0.000037
-0.000082
-0.000102
-0.000078
-0.000041
-0.000005
0.000030
0.000035
-0.000009
-0.000057
-0.000065
-0.000073
-0.000121
-0.000145
-0.000084
0.000001
0.000032
0.000031
0.000045
0.000051
0.000016
-0.000022
-0.000001
0.000085
0.000175
0.000184
0.000086
0.000005
0.000031
0.000045
-0.000051
-0.000122
-0.000059
0.000007
-0.000042
-0.000116
-0.000131
-0.000129
-0.000116
-0.000036
0.000081
0.000130
0.000091
0.000056
0.000080
0.000117
0.000101
0.000031
-0.000055
-0.000122
-0.000103
0.000016
0.000103
0.000071
0.000024
0.000038
0.000036
-0.000026
-0.000069
-0.000019
0.000074
0.000102
0.000029
-0.000067
-0.000111
-0.000122
-0.000136
-0.000148
-0.000149
-0.000135
-0.000073
0.000058
0.000194
0.000232
0.000176
0.000115
0.000083
0.000044
-0.000009
-0.000009
0.000042
0.000009
-0.000133
-0.000207
-0.000133
-0.000062
-0.000097
-0.000147
-0.000110
-0.000022
0.000040
0.000056
0.000034
-0.000030
-0.000082
-0.000039
0.000073
0.000163
0.000187
0.000134
0.000073
0.000093
0.000123
0.000065
0.000015
0.000086
0.000207
0.000230
0.000069
-0.000220
-0.000427
-0.000429
-0.000341
-0.000294
-0.000240
-0.000103
0.000033
0.000062
0.000039
0.000065
0.000158
0.000284
0.000390
0.000396
0.000268
0.000095
0.000035
0.000125
0.000217
0.000196
0.000137
0.000109
0.000064
-0.000011
-0.000089
-0.000176
-0.000259
-0.000311
-0.000330
-0.000326
-0.000320
-0.000319
-0.000285
-0.000174
-0.000002
0.000150
0.000191
0.000107
0.000010
-0.000004
-0.000019
-0.000126
-0.000206
-0.000152
-0.000053
0.000019
0.000108
0.000195
0.000197
0.000115
0.000054
0.000109
0.000245
0.000328
0.000294
0.000192
0.000068
-0.000042
-0.000082
-0.000043
0.000007
0.000037
0.000082
0.000123
0.000084
-0.000052
-0.000179
-0.000183
-0.000139
-0.000170
-0.000198
-0.000153
-0.000135
-0.000162
-0.000139
-0.000102
-0.000109
-0.000079
-0.000004
0.000029
0.000033
0.000084
0.000170
0.000239
0.000278
0.000281
0.000218
0.000094
-0.000035
-0.000137
-0.000178
-0.000110
0.000007
0.000056
0.000032
-0.000036
-0.000164
-0.000267
-0.000232
-0.000143
-0.000118
-0.000090
0.000007
0.000123
0.000214
0.000252
0.000200
0.000083
0.000008
0.000033
0.000099
0.000109
0.000032
-0.000077
-0.000101
0.000028
0.000152
0.000065
-0.000138
-0.000196
-0.000119
-0.000100
-0.000151
-0.000149
-0.000088
-0.000034
0.000012
0.000086
0.000175
0.000243
0.000274
0.000268
0.000242
0.000182
0.000032
-0.000152
-0.000220
-0.000190
-0.000228
-0.000340
-0.000367
-0.000245
-0.000066
0.000065
0.000126
0.000143
0.000162
0.000201
0.000219
0.000193
0.000164
0.000115
-0.000022
-0.000166
-0.000164
-0.000063
-0.000013
-0.000009
0.000003
-0.000014
-0.000014
0.000103
0.000222
0.000186
0.000108
0.000113
0.000089
-0.000021
-0.000081
-0.000067
-0.000136
-0.000308
-0.000422
-0.000414
-0.000353
-0.000272
-0.000183
-0.000125
-0.000107
-0.000104
-0.000086
-0.000004
0.000156
0.000303
0.000341
0.000309
0.000328
0.000397
0.000388
0.000258
0.000130
0.000103
0.000150
0.000179
0.000114
-0.000045
-0.000209
-0.000306
-0.000309
-0.000235
-0.000153
-0.000106
-0.000059
-0.000017
-0.000031
-0.000042
0.000034
0.000128
0.000131
0.000038
-0.000080
-0.000148
-0.000126
-0.000041
0.000022
0.000009
-0.000024
-0.000002
-0.000013
-0.000138
-0.000211
-0.000082
0.000113
0.000198
0.000169
0.000081
-0.000001
0.000021
0.000150
0.000264
0.000253
0.000145
0.000034
-0.000048
-0.000127
-0.000183
-0.000182
-0.000174
-0.000196
-0.000180
-0.000062
0.000090
0.000138
0.000057
-0.000023
-0.000019
-0.000003
-0.000022
0.000013
0.000141
0.000213
0.000098
-0.000073
-0.000100
-0.000013
0.000040
0.000057
0.000104
0.000147
0.000137
0.000095
0.000026
-0.000071
-0.000142
-0.000166
-0.000193
-0.000235
-0.000240
-0.000184
-0.000119
-0.000096
-0.000073
-0.000005
0.000073
0.000139
0.000208
0.000248
0.000212
0.000115
0.000038
0.000043
0.000088
0.000092
0.000063
0.000053
0.000052
0.000002
-0.000082
-0.000102
-0.000031
0.000014
-0.000047
-0.000124
-0.000115
-0.000067
-0.000085
-0.000189
-0.000262
-0.000213
-0.000123
-0.000092
-0.000067
0.000011
0.000044
-0.000008
0.000019
0.000157
0.000227
0.000195
0.000183
0.000199
0.000178
0.000144
0.000114
0.000042
-0.000066
-0.000083
0.000046
0.000126
-0.000031
-0.000267
-0.000309
-0.000201
-0.000162
-0.000190
-0.000116
0.000082
0.000233
0.000223
0.000151
0.000162
0.000229
0.000249
0.000193
0.000089
-0.000007
-0.000057
-0.000084
-0.000097
-0.000070
-0.000034
-0.000032
-0.000052
-0.000072
-0.000074
-0.000046
-0.000035
-0.000101
-0.000187
-0.000182
-0.000093
-0.000017
-0.000002
-0.000042
-0.000107
-0.000139
-0.000097
-0.000009
0.000114
0.000264
0.000338
0.000265
0.000142
0.000068
0.000011
-0.000085
-0.000197
-0.000248
-0.000197
-0.000136
-0.000172
-0.000203
-0.000066
0.000150
0.000221
0.000141
0.000091
0.000149
0.000231
0.000250
0.000184
0.000086
0.000052
0.000086
0.000078
-0.000003
-0.000030
0.000028
0.000030
-0.000057
-0.000125
-0.000156
-0.000196
-0.000236
-0.000254
-0.000251
-0.000222
-0.000147
-0.000045
0.000025
0.000039
0.000031
0.000030
0.000036
0.000062
0.000104
0.000134
0.000128
0.000083
0.000043
0.000068
0.000137
0.000169
0.000114
-0.000022
-0.000181
-0.000253
-0.000185
-0.000069
-0.000019
-0.000008
0.000036
0.000083
0.000071
0.000022
0.000009
0.000064
0.000123
0.000088
-0.000026
-0.000101
-0.000100
-0.000108
-0.000189
-0.000267
-0.000241
-0.000171
-0.000164
-0.000147
-0.000004
0.000173
0.000243
0.000259
0.000303
0.000310
0.000236
0.000160
0.000118
0.000058
-0.000002
0.000005
0.000031
-0.000016
-0.000093
-0.000122
-0.000141
-0.000189
-0.000188
-0.000093
0.000009
0.000053
0.000041
-0.000003
-0.000016
0.000052
0.000127
0.000117
0.000081
0.000096
0.000122
0.000124
0.000155
0.000214
0.000230
0.000189
0.000152
0.000140
0.000102
-0.000033
-0.000229
-0.000289
-0.000096
0.000119
0.000096
-0.000031
-0.000045
-0.000056
-0.000191
-0.000318
-0.000336
-0.000347
-0.000409
-0.000439
-0.000413
-0.000391
-0.000344
-0.000208
-0.000093
-0.000123
-0.000197
-0.000133
0.000076
0.000271
0.000361
0.000452
0.000630
0.000768
0.000736
0.000612
0.000513
0.000402
0.000203
0.000002
-0.000089
-0.000166
-0.000312
-0.000377
-0.000318
-0.000322
-0.000379
-0.000333
-0.000233
-0.000167
-0.000144
-0.000199
-0.000223
-0.000084
0.000074
0.000104
0.000076
-0.000007
-0.000157
-0.000171
0.000012
0.000095
0.000036
0.000140
0.000374
0.000450
0.000414
0.000406
0.000321
0.000151
0.000063
0.000025
-0.000081
-0.000185
-0.000216
-0.000210
-0.000189
-0.000183
-0.000203
-0.000202
-0.000200
-0.000280
-0.000385
-0.000397
-0.000353
-0.000336
-0.000308
-0.000250
-0.000202
-0.000132
0.000039
0.000255
0.000387
0.000445
0.000549
0.000696
0.000759
0.000679
0.000527
0.000428
0.000460
0.000580
0.000644
0.000570
0.000432
0.000348
0.000299
0.000198
0.000055
-0.000085
-0.000243
-0.000428
-0.000579
-0.000659
-0.000686
-0.000707
-0.000803
-0.000959
-0.001017
-0.000897
-0.000728
-0.000631
-0.000580
-0.000533
-0.000468
-0.000344
-0.000175
-0.000033
0.000063
0.000168
0.000323
0.000533
0.000752
0.000887
0.000900
0.000855
0.000813
0.000732
0.000595
0.000505
0.000538
0.000627
0.000663
0.000585
0.000394
0.000180
0.000049
-0.000058
-0.000266
-0.000509
-0.000647
-0.000694
-0.000780
-0.000971
-0.001155
-0.001197
-0.001205
-0.001251
-0.001070
-0.000568
-0.000104
0.000130
0.000350
0.000547
0.000458
0.000315
0.000536
0.000742
0.000583
0.000630
0.000919
0.000727
0.000373
0.000560
0.000769
0.000559
0.000441
0.000504
0.000415
0.000322
0.000246
-0.000071
-0.000351
-0.000305
-0.000290
-0.000420
-0.000366
-0.000282
-0.000510
-0.000783
-0.000807
-0.000777
-0.000858
-0.000956
-0.000918
-0.000641
-0.000272
-0.000132
-0.000226
-0.000301
-0.000308
-0.000300
-0.000209
-0.000053
0.000033
0.000133
0.000432
0.000788
0.000915
0.000856
0.000829
0.000876
0.000966
0.001078
0.001144
0.001139
0.001060
0.000884
0.000706
0.000580
0.000371
0.000102
0.000005
0.000019
-0.000124
-0.000355
-0.000454
-0.000497
-0.000642
-0.000857
-0.001081
-0.001277
-0.001337
-0.001232
-0.001110
-0.001081
-0.001071
-0.000979
-0.000788
-0.000543
-0.000374
-0.000373
-0.000385
-0.000205
0.000084
0.000304
0.000473
0.000658
0.000818
0.000926
0.000995
0.001033
0.001080
0.001151
0.001134
0.000937
0.000685
0.000587
0.000665
0.000796
0.000886
0.000854
0.000667
0.000412
0.000119
-0.000277
-0.000686
-0.000953
-0.001175
-0.001501
-0.001730
-0.001691
-0.001649
-0.001695
-0.001462
-0.000943
-0.000550
-0.000298
0.000082
0.000525
0.000785
0.000777
0.000570
0.000412
0.000497
0.000569
0.000408
0.000351
0.000549
0.000703
0.000836
0.001043
0.001029
0.000810
0.000675
0.000614
0.000521
0.000271
0.000001
-0.000089
-0.000463
-0.001143
-0.001167
-0.000603
-0.000547
-0.000864
-0.000760
-0.000555
-0.000589
-0.000395
-0.000009
-0.000019
-0.000337
-0.000512
-0.000533
-0.000411
-0.000106
0.000193
0.000452
0.000684
0.000687
0.000586
0.000653
0.000639
0.000374
0.000204
0.000152
-0.000131
-0.000417
-0.000335
-0.000291
-0.000610
-0.000746
-0.000405
-0.000096
-0.000060
-0.000005
0.000155
0.000274
0.000305
0.000284
0.000325
0.000508
0.000628
0.000559
0.000601
0.000823
0.000865
0.000717
0.000650
0.000592
0.000429
0.000317
0.000301
0.000268
0.000160
-0.000055
-0.000328
-0.000512
-0.000670
-0.001005
-0.001338
-0.001358
-0.001272
-0.001390
-0.001488
-0.001321
-0.001144
-0.001104
-0.000936
-0.000634
-0.000482
-0.000364
0.000004
0.000456
0.000731
0.000917
0.001126
0.001272
0.001358
0.001534
0.001770
0.001820
0.001628
0.001431
0.001329
0.001095
0.000593
0.000088
-0.000217
-0.000515
-0.000851
-0.000948
-0.000854
-0.000905
-0.001041
-0.000993
-0.000863
-0.000857
-0.000878
-0.000833
-0.000852
-0.000940
-0.000898
-0.000615
-0.000229
-0.000044
-0.000029
0.000145
0.000362
0.000392
0.000531
0.000869
0.000946
0.000746
0.000689
0.000701
0.000536
0.000280
0.000213
0.000507
0.000773
0.000591
0.000366
0.000497
0.000432
-0.000161
-0.000507
-0.000328
-0.000411
-0.000794
-0.000735
-0.000464
-0.000599
-0.000639
-0.000136
0.000106
-0.000330
-0.000626
-0.000412
-0.000198
-0.000189
-0.000221
-0.000278
-0.000322
-0.000205
0.000116
0.000422
0.000376
0.000166
0.000400
0.000762
0.000459
0.000054
0.000243
0.000208
-0.000325
-0.000365
-0.000075
-0.000426
-0.000971
-0.000823
-0.000236
0.000260
0.000572
0.000644
0.000511
0.000352
0.000199
0.000085
0.000132
0.000271
0.000341
0.000419
0.000677
0.000979
0.001016
0.000800
0.000660
0.000696
0.000652
0.000422
0.000256
0.000272
0.000175
-0.000266
-0.000764
-0.000955
-0.001035
-0.001386
-0.001760
-0.001687
-0.001368
-0.001235
-0.001190
-0.000984
-0.000735
-0.000585
-0.000459
-0.000366
-0.000341
-0.000184
0.000242
0.000722
0.001015
0.001136
0.001148
0.001089
0.001054
0.001031
0.000916
0.000762
0.000668
0.000650
0.000777
0.001009
0.000998
0.000628
0.000375
0.000402
0.000162
-0.000412
-0.000693
-0.000683
-0.000900
-0.001104
-0.000853
-0.000661
-0.000989
-0.001266
-0.001076
-0.000838
-0.000718
-0.000413
-0.000042
0.000083
0.000072
0.000031
-0.000071
-0.000084
0.000041
0.000172
0.000342
0.000551
0.000603
0.000527
0.000464
0.000417
0.000574
0.000862
0.000701
0.000274
0.000374
0.000560
0.000072
0.000009
0.000866
0.000741
-0.000355
-0.000368
-0.000151
-0.001200
-0.001715
-0.000802
-0.000361
-0.000428
0.000176
0.000385
-0.000271
-0.000334
-0.000061
-0.000599
-0.000859
-0.000081
0.000404
0.000308
0.000384
0.000324
0.000048
0.000205
0.000549
0.000531
0.000470
0.000444
-0.000022
-0.000781
-0.001249
-0.001291
-0.001301
-0.001509
-0.001406
-0.000560
0.000438
0.000837
0.000847
0.001029
0.001284
0.001211
0.000967
0.001049
0.001274
0.001003
0.000626
0.001000
0.001557
0.001306
0.000764
0.000635
0.000428
-0.000071
-0.000304
-0.000338
-0.000566
-0.000768
-0.000828
-0.000932
-0.000862
-0.000626
-0.000815
-0.001342
-0.001473
-0.001345
-0.001598
-0.001899
-0.001624
-0.001174
-0.001085
-0.001005
-0.000638
-0.000376
-0.000293
0.000094
0.000722
0.001035
0.001072
0.001245
0.001484
0.001548
0.001534
0.001524
0.001453
0.001379
0.001284
0.001035
0.000752
0.000716
0.000885
0.000877
0.000562
0.000284
0.000187
-0.000019
-0.000342
-0.000505
-0.000669
-0.001078
-0.001374
-0.001358
-0.001521
-0.001917
-0.001928
-0.001524
-0.001162
-0.000843
-0.000498
-0.000367
-0.000400
-0.000241
0.000084
0.000265
0.000360
0.000587
0.000770
0.000811
0.000942
0.001019
0.000842
0.000679
0.000566
0.000433
0.000478
0.000532
0.000480
0.000566
0.000531
0.000346
0.000581
0.000792
0.000261
-0.000222
-0.000129
-0.000345
-0.000948
-0.000979
-0.000547
-0.000508
-0.000719
-0.000623
-0.000663
-0.001113
-0.000923
0.000057
0.000339
-0.000053
0.000170
0.000329
-0.000391
-0.000554
0.000232
0.000361
0.000027
0.000541
0.001197
0.001063
0.000576
-0.000283
-0.001472
-0.001836
-0.001447
-0.001648
-0.002006
-0.001096
0.000471
0.001191
0.001337
0.001835
0.002096
0.001304
0.000407
0.000522
0.000931
0.000763
0.000723
0.001410
0.002045
0.001975
0.001539
0.001096
0.000608
0.000125
-0.000228
-0.000476
-0.000677
-0.000873
-0.001092
-0.001246
-0.001280
-0.001362
-0.001650
-0.001984
-0.002056
-0.001860
-0.001744
-0.001801
-0.001684
-0.001372
-0.001292
-0.001310
-0.000889
-0.000266
0.000042
0.000326
0.000947
0.001501
0.001641
0.001622
0.001656
0.001704
0.001783
0.001828
0.001719
0.001608
0.001622
0.001558
0.001381
0.001288
0.001124
0.000647
0.000174
0.000015
-0.000184
-0.000593
-0.000689
-0.000433
-0.000521
-0.001018
-0.001381
-0.001695
-0.002197
-0.002373
-0.002036
-0.001859
-0.001862
-0.001342
-0.000459
0.000016
0.000092
0.000163
0.000100
-0.000115
0.000000
0.000496
0.000966
0.001281
0.001333
0.000970
0.000537
0.000540
0.000814
0.000790
0.000550
0.000577
0.000753
0.000804
0.000892
0.000964
0.000741
0.000476
0.000490
0.000421
-0.000148
-0.000941
-0.001310
-0.000984
-0.000361
-0.000072
-0.000222
-0.000419
-0.000477
-0.000643
-0.001231
-0.001942
-0.001871
-0.000879
-0.000032
0.000043
-0.000047
0.000137
0.000306
0.000397
0.000643
0.000891
0.000761
0.000280
-0.000226
-0.000704
-0.001155
-0.001345
-0.001482
-0.001932
-0.001856
-0.000376
0.001239
0.001496
0.001409
0.002179
0.002582
0.001660
0.000919
0.001355
0.001698
0.001318
0.001339
0.001954
0.002011
0.001468
0.001261
0.001232
0.000684
-0.000088
-0.000576
-0.000969
-0.001366
-0.001534
-0.001602
-0.001749
-0.001823
-0.001972
-0.002467
-0.002858
-0.002651
-0.002394
-0.002646
-0.002748
-0.002114
-0.001405
-0.001111
-0.000682
0.000014
0.000359
0.000479
0.001050
0.001836
0.002159
0.002199
0.002425
0.002622
0.002513
0.002400
0.002473
0.002355
0.001880
0.001463
0.001282
0.000980
0.000533
0.000381
0.000452
0.000155
-0.000394
-0.000471
-0.000229
-0.000465
-0.001028
-0.001238
-0.001375
-0.001973
-0.002496
-0.002374
-0.002215
-0.002459
-0.002343
-0.001560
-0.000996
-0.000922
-0.000630
-0.000089
0.000118
0.000185
0.000618
0.001090
0.001080
0.000910
0.001070
0.001354
0.001436
0.001364
0.001130
0.000747
0.000593
0.000797
0.001067
0.001413
0.001798
0.001595
0.000806
0.000325
0.000145
-0.000391
-0.000894
-0.000810
-0.000677
-0.000969
-0.001287
-0.001383
-0.001517
-0.001661
-0.001493
-0.001102
-0.000875
-0.000916
-0.001004
-0.000966
-0.000837
-0.000553
0.000088
0.000897
0.001392
0.001506
0.001547
0.001645
0.001764
0.001787
0.001379
0.000299
-0.001175
-0.002459
-0.003288
-0.003886
-0.004123
-0.003028
-0.000507
0.001515
0.001905
0.002250
0.003405
0.003542
0.002134
0.001321
0.001659
0.001544
0.001088
0.001723
0.002920
0.003201
0.002750
0.002384
0.001856
0.000778
-0.000508
-0.001688
-0.002629
-0.002933
-0.002595
-0.002337
-0.002365
-0.002219
-0.002173
-0.002810
-0.003488
-0.003421
-0.003291
-0.003671
-0.003548
-0.002375
-0.001276
-0.000793
-0.000097
0.000937
0.001501
0.001637
0.002009
0.002468
0.002555
0.002547
0.002825
0.003160
0.003272
0.003253
0.003190
0.002999
0.002613
0.002071
0.001496
0.000993
0.000533
0.000094
-0.000180
-0.000264
-0.000443
-0.000810
-0.001075
-0.001265
-0.001725
-0.002283
-0.002587
-0.002917
-0.003507
-0.003826
-0.003534
-0.003087
-0.002727
-0.002097
-0.001243
-0.000640
-0.000176
0.000530
0.001185
0.001433
0.001616
0.002011
0.002314
0.002393
0.002493
0.002585
0.002467
0.002213
0.001915
0.001480
0.000921
0.000483
0.000325
0.000306
0.000254
0.000177
0.000075
-0.000107
-0.000370
-0.000796
-0.001416
-0.001987
-0.002358
-0.002580
-0.002473
-0.001995
-0.001583
-0.001288
-0.000645
0.000113
0.000191
-0.000281
-0.000459
-0.000222
0.000023
0.000278
0.000711
0.001232
0.001691
0.002027
0.002212
0.002262
0.002193
0.001959
0.001266
-0.000389
-0.002744
-0.004351
-0.004520
-0.004492
-0.004837
-0.003886
-0.001001
0.001468
0.001995
0.002375
0.003826
0.004439
0.003188
0.002235
0.002695
0.002766
0.002006
0.002366
0.003823
0.004151
0.003119
0.002263
0.001589
0.000262
-0.001307
-0.002451
-0.003213
-0.003497
-0.003253
-0.003063
-0.003124
-0.002961
-0.002800
-0.003338
-0.004130
-0.004287
-0.004209
-0.004455
-0.004175
-0.002766
-0.001294
-0.000487
0.000451
0.001796
0.002589
0.002664
0.002925
0.003471
0.003662
0.003622
0.003872
0.004240
0.004367
0.004367
0.004311
0.003938
0.003176
0.002206
0.001077
-0.000142
-0.001106
-0.001687
-0.002170
-0.002516
-0.002301
-0.001746
-0.001643
-0.002017
-0.002216
-0.002312
-0.002884
-0.003653
-0.003919
-0.003811
-0.003660
-0.003102
-0.001995
-0.000988
-0.000307
0.000539
0.001462
0.001895
0.002046
0.002461
0.002922
0.003057
0.003106
0.003259
0.003213
0.002811
0.002285
0.001786
0.001245
0.000613
-0.000044
-0.000590
-0.000896
-0.000978
-0.000943
-0.000817
-0.000653
-0.000665
-0.000978
-0.001454
-0.001936
-0.002405
-0.002692
-0.002475
-0.001828
-0.001201
-0.000737
-0.000267
0.000178
0.000448
0.000551
0.000503
0.000291
0.000165
0.000405
0.000897
0.001422
0.001927
0.002205
0.002079
0.001848
0.001751
0.001566
0.001281
0.001028
0.000132
-0.002106
-0.004685
-0.006037
-0.006487
-0.007093
-0.006839
-0.004134
-0.000283
0.002201
0.003641
0.005611
0.007096
0.006473
0.005041
0.004601
0.004298
0.003190
0.002627
0.003452
0.004276
0.004147
0.003722
0.003131
0.001613
-0.000710
-0.002994
-0.004912
-0.006293
-0.006831
-0.006755
-0.006438
-0.005703
-0.004707
-0.004291
-0.004513
-0.004539
-0.004318
-0.004416
-0.004443
-0.003553
-0.001953
-0.000363
0.001288
0.003302
0.005164
0.006215
0.006630
0.006796
0.006563
0.005874
0.005285
0.005169
0.005166
0.004902
0.004510
0.004135
0.003539
0.002460
0.000976
-0.000703
-0.002478
-0.004225
-0.005716
-0.006735
-0.007070
-0.006584
-0.005541
-0.004499
-0.003676
-0.002963
-0.002543
-0.002550
-0.002511
-0.002141
-0.001790
-0.001369
-0.000323
0.001110
0.002233
0.003084
0.003904
0.004358
0.004332
0.004285
0.004287
0.003991
0.003531
0.003236
0.002954
0.002524
0.002088
0.001540
0.000606
-0.000578
-0.001678
-0.002590
-0.003329
-0.003861
-0.004104
-0.003934
-0.003373
-0.002731
-0.002280
-0.001955
-0.001701
-0.001678
-0.001780
-0.001543
-0.000860
-0.000085
0.000638
0.001448
0.002249
0.002759
0.002922
0.002868
0.002696
0.002470
0.002173
0.001755
0.001394
0.001323
0.001311
0.000983
0.000506
0.000202
-0.000079
-0.000516
-0.000822
-0.000756
-0.000895
-0.002392
-0.005412
-0.008138
-0.008805
-0.008220
-0.007879
-0.006700
-0.003141
0.001211
0.004226
0.006710
0.009476
0.010740
0.009636
0.008058
0.007127
0.006067
0.004892
0.004410
0.004400
0.004292
0.004026
0.003261
0.001669
-0.000349
-0.002664
-0.005578
-0.008330
-0.009674
-0.009875
-0.009897
-0.009484
-0.008114
-0.006557
-0.005684
-0.005059
-0.004179
-0.003588
-0.003552
-0.003154
-0.001762
0.000089
0.001961
0.004111
0.006435
0.008255
0.009287
0.009723
0.009599
0.008901
0.007896
0.006799
0.005637
0.004583
0.003812
0.003177
0.002447
0.001415
-0.000132
-0.002003
-0.003653
-0.005105
-0.006874
-0.008710
-0.009702
-0.009615
-0.008829
-0.007484
-0.005824
-0.004398
-0.003197
-0.001797
-0.000459
0.000248
0.000560
0.001076
0.001855
0.002747
0.003794
0.004853
0.005656
0.006244
0.006631
0.006559
0.006002
0.005170
0.004107
0.002913
0.001860
0.001000
0.000204
-0.000557
-0.001368
-0.002387
-0.003461
-0.004313
-0.005044
-0.005782
-0.006179
-0.005905
-0.005172
-0.004287
-0.003259
-0.002104
-0.000960
0.000105
0.001030
0.001695
0.002088
0.002306
0.002418
0.002516
0.002745
0.003099
0.003416
0.003636
0.003760
0.003597
0.002997
0.002169
0.001341
0.000466
-0.000472
-0.001304
-0.001871
-0.002128
-0.002181
-0.002216
-0.002156
-0.001831
-0.001551
-0.001624
-0.001868
-0.002750
-0.005236
-0.008240
-0.009239
-0.008207
-0.006992
-0.005122
-0.001053
0.003776
0.007128
0.009749
0.012540
0.013701
0.012314
0.010326
0.008859
0.007076
0.005141
0.004134
0.003702
0.002929
0.002008
0.001110
-0.000436
-0.002924
-0.005901
-0.008899
-0.011382
-0.012734
-0.012972
-0.012577
-0.011475
-0.009367
-0.006910
-0.005081
-0.003771
-0.002467
-0.001510
-0.001197
-0.000688
0.000812
0.002847
0.004790
0.006861
0.009144
0.010938
0.011800
0.011994
0.011582
0.010299
0.008368
0.006374
0.004513
0.002717
0.001114
-0.000060
-0.000798
-0.001441
-0.002440
-0.003912
-0.005615
-0.007355
-0.008990
-0.010234
-0.010959
-0.011277
-0.011016
-0.009763
-0.007503
-0.004646
-0.001702
0.000805
0.002609
0.003899
0.004856
0.005433
0.005758
0.006031
0.006233
0.006530
0.007225
0.007938
0.007985
0.007402
0.006460
0.004960
0.002971
0.001044
-0.000778
-0.002741
-0.004413
-0.005234
-0.005470
-0.005654
-0.005883
-0.006141
-0.006423
-0.006483
-0.006123
-0.005482
-0.004701
-0.003687
-0.002348
-0.000742
0.000971
0.002591
0.004009
0.005148
0.005779
0.005770
0.005381
0.004892
0.004271
0.003582
0.003202
0.003193
0.003015
0.002290
0.001290
0.000330
-0.000669
-0.001739
-0.002726
-0.003646
-0.004468
-0.004765
-0.004333
-0.003667
-0.003190
-0.002647
-0.001782
-0.000852
-0.000160
-0.000078
-0.001605
-0.005151
-0.008654
-0.009469
-0.008023
-0.006268
-0.003542
0.001650
0.007515
0.011527
0.014382
0.016979
0.017477
0.014930
0.011369
0.008302
0.005539
0.003427
0.002367
0.001455
0.000225
-0.000635
-0.001388
-0.003322
-0.006614
-0.010247
-0.013412
-0.015654
-0.016560
-0.016041
-0.014322
-0.011683
-0.008606
-0.005662
-0.003024
-0.000648
0.001169
0.002057
0.002324
0.002870
0.004264
0.006236
0.008330
0.010521
0.012653
0.014073
0.014429
0.013920
0.012519
0.009995
0.006690
0.003411
0.000692
-0.001360
-0.002820
-0.003902
-0.004879
-0.005855
-0.006732
-0.007515
-0.008534
-0.010039
-0.011635
-0.012643
-0.012753
-0.011790
-0.009566
-0.006543
-0.003562
-0.000588
0.002801
0.005912
0.007735
0.008544
0.009035
0.009153
0.008956
0.008939
0.008891
0.008255
0.007332
0.006504
0.005366
0.003740
0.001978
0.000024
-0.002224
-0.004154
-0.005298
-0.005992
-0.006546
-0.006837
-0.006871
-0.006798
-0.006599
-0.006304
-0.006032
-0.005625
-0.004838
-0.003711
-0.002318
-0.000586
0.001352
0.003189
0.004810
0.006165
0.007051
0.007337
0.007099
0.006489
0.005682
0.004819
0.003921
0.002980
0.002076
0.001265
0.000408
-0.000679
-0.001927
-0.003141
-0.004241
-0.005075
-0.005413
-0.005386
-0.005236
-0.004733
-0.003719
-0.002650
-0.001747
-0.000678
0.000395
0.000876
0.000550
-0.001119
-0.004597
-0.007919
-0.008291
-0.006468
-0.004716
-0.001824
0.003928
0.009961
0.013471
0.015723
0.017738
0.017496
0.014303
0.010248
0.006622
0.003469
0.001334
0.000252
-0.000758
-0.001884
-0.002652
-0.003686
-0.006026
-0.009333
-0.012426
-0.014842
-0.016651
-0.017274
-0.015818
-0.012645
-0.009223
-0.006181
-0.003058
0.000028
0.002252
0.003393
0.003905
0.004289
0.005065
0.006463
0.008165
0.010058
0.012262
0.014051
0.014421
0.013638
0.012443
0.010500
0.007310
0.003547
0.000214
-0.002393
-0.004326
-0.005578
-0.006262
-0.006689
-0.007265
-0.008277
-0.009561
-0.010611
-0.011155
-0.011287
-0.010994
-0.009956
-0.007981
-0.005418
-0.002828
-0.000385
0.001969
0.004108
0.005956
0.007637
0.008996
0.009722
0.010043
0.010343
0.010420
0.009985
0.009085
0.007567
0.005344
0.003079
0.001264
-0.000586
-0.002784
-0.004774
-0.006139
-0.007079
-0.007755
-0.008091
-0.008114
-0.007972
-0.007719
-0.007243
-0.006395
-0.005228
-0.003986
-0.002685
-0.001049
0.000963
0.002967
0.004536
0.005523
0.006090
0.006497
0.006764
0.006680
0.006189
0.005490
0.004741
0.003962
0.003188
0.002416
0.001491
0.000288
-0.001054
-0.002286
-0.003321
-0.004242
-0.005074
-0.005697
-0.005910
-0.005529
-0.004578
-0.003402
-0.002476
-0.002042
-0.001767
-0.000947
0.000494
0.001673
0.002174
0.002751
0.003103
0.000922
-0.004080
-0.007985
-0.008243
-0.007177
-0.006017
-0.001927
0.005083
0.010382
0.012801
0.015522
0.018104
0.016959
0.012548
0.008044
0.004129
0.000760
-0.000855
-0.001136
-0.001875
-0.002839
-0.003136
-0.004043
-0.006704
-0.009809
-0.012159
-0.014424
-0.016649
-0.016980
-0.014377
-0.010365
-0.006829
-0.003821
-0.000722
0.002020
0.003633
0.004233
0.004449
0.004815
0.005685
0.007050
0.008768
0.010983
0.013367
0.014623
0.014108
0.012696
0.010942
0.008215
0.004411
0.000585
-0.002446
-0.004706
-0.006290
-0.007081
-0.007231
-0.007303
-0.007772
-0.008595
-0.009480
-0.010305
-0.010930
-0.011044
-0.010500
-0.009224
-0.006924
-0.003689
-0.000427
0.002147
0.004308
0.006408
0.008043
0.008941
0.009712
0.010757
0.011463
0.011455
0.011337
0.011149
0.009857
0.007219
0.004164
0.001063
-0.002295
-0.005422
-0.007671
-0.009184
-0.010113
-0.010173
-0.009461
-0.008521
-0.007639
-0.006852
-0.006185
-0.005467
-0.004450
-0.003155
-0.001695
-0.000062
0.001656
0.003288
0.004751
0.005901
0.006539
0.006766
0.006849
0.006783
0.006484
0.006055
0.005512
0.004719
0.003727
0.002645
0.001358
-0.000191
-0.001757
-0.003181
-0.004532
-0.005694
-0.006325
-0.006364
-0.006143
-0.005861
-0.005277
-0.004216
-0.003001
-0.002017
-0.001196
-0.000248
0.000806
0.001699
0.002470
0.003406
0.004196
0.003563
0.000536
-0.003633
-0.006234
-0.006657
-0.006517
-0.005269
-0.000526
0.006145
0.010272
0.011840
0.014060
0.015942
0.014182
0.009806
0.005861
0.002573
-0.000335
-0.001665
-0.001687
-0.002060
-0.002734
-0.003182
-0.004654
-0.007770
-0.010828
-0.012680
-0.014166
-0.015476
-0.014989
-0.011856
-0.007618
-0.004115
-0.001403
0.001163
0.003263
0.004210
0.004256
0.004368
0.005113
0.006309
0.007610
0.009146
0.011223
0.013212
0.013706
0.012323
0.010071
0.007582
0.004574
0.001216
-0.001588
-0.003449
-0.004769
-0.005743
-0.006154
-0.006177
-0.006487
-0.007425
-0.008625
-0.009598
-0.010184
-0.010259
-0.009593
-0.008209
-0.006336
-0.004054
-0.001449
0.001188
0.003606
0.005522
0.006422
0.006235
0.005952
0.006632
0.007972
0.008872
0.009203
0.009640
0.010065
0.009645
0.008078
0.005560
0.002319
-0.001087
-0.003989
-0.006240
-0.007852
-0.008702
-0.009093
-0.009430
-0.009366
-0.008577
-0.007677
-0.007156
-0.006553
-0.005381
-0.003661
-0.001521
0.000748
0.002710
0.004265
0.005507
0.006332
0.006719
0.006822
0.006580
0.005942
0.005300
0.004957
0.004654
0.004090
0.003223
0.002039
0.000660
-0.000609
-0.001696
-0.002740
-0.003627
-0.004145
-0.004415
-0.004651
-0.004753
-0.004584
-0.004333
-0.004165
-0.003831
-0.003091
-0.002158
-0.001241
-0.000156
0.001172
0.002479
0.003615
0.004469
0.004351
0.002098
-0.002539
-0.007562
-0.010181
-0.009659
-0.006583
-0.000883
0.006042
0.010625
0.012337
0.014288
0.016261
0.014649
0.009877
0.005621
0.002474
-0.000242
-0.000863
0.000774
0.001539
0.000053
-0.002125
-0.004505
-0.007756
-0.011184
-0.013784
-0.015701
-0.016736
-0.015661
-0.012074
-0.007354
-0.003280
-0.000611
0.000750
0.001146
0.001266
0.001869
0.002957
0.004156
0.005719
0.007958
0.010483
0.012866
0.014728
0.015023
0.013100
0.009967
0.006946
0.004220
0.001710
-0.000271
-0.001755
-0.003137
-0.004381
-0.005224
-0.005926
-0.007051
-0.008716
-0.010459
-0.011689
-0.012043
-0.011360
-0.009680
-0.007453
-0.005247
-0.003105
-0.000831
0.001295
0.002796
0.003616
0.004121
0.004826
0.005972
0.007285
0.008534
0.009735
0.010479
0.010313
0.009687
0.009013
0.007672
0.005426
0.003056
0.000785
-0.001724
-0.004010
-0.005643
-0.007177
-0.008818
-0.009935
-0.010401
-0.010550
-0.010184
-0.009122
-0.007710
-0.006051
-0.003953
-0.001629
0.000541
0.002438
0.003976
0.005085
0.005896
0.006475
0.006749
0.006794
0.006733
0.006505
0.006062
0.005464
0.004638
0.003442
0.001996
0.000589
-0.000666
-0.001843
-0.002875
-0.003546
-0.003848
-0.004032
-0.004213
-0.004283
-0.004298
-0.004443
-0.004605
-0.004474
-0.003896
-0.002889
-0.001603
-0.000237
0.001114
0.002349
0.003271
0.003784
0.003629
0.001786
-0.002318
-0.006660
-0.008216
-0.006766
-0.003768
0.000951
0.006904
0.010817
0.011531
0.011992
0.012913
0.011321
0.007181
0.003767
0.001783
0.000126
-0.000273
0.000999
0.001517
-0.000289
-0.003222
-0.006118
-0.008916
-0.011303
-0.012866
-0.013606
-0.013248
-0.011310
-0.008107
-0.004672
-0.001927
-0.000362
-0.000005
-0.000224
0.000066
0.001386
0.003167
0.004892
0.006902
0.009188
0.010910
0.011786
0.012092
0.011329
0.009044
0.006263
0.004195
0.002710
0.001331
0.000168
-0.000841
-0.002155
-0.003810
-0.005345
-0.006571
-0.007749
-0.008975
-0.009816
-0.009774
-0.008863
-0.007440
-0.005783
-0.004166
-0.002853
-0.001765
-0.000663
0.000440
0.001467
0.002516
0.003644
0.004855
0.006140
0.007134
0.007355
0.007165
0.007291
0.007248
0.006198
0.004959
0.004576
0.004074
0.002418
0.000721
-0.000188
-0.001541
-0.003786
-0.005493
-0.006333
-0.007376
-0.008376
-0.008268
-0.007447
-0.006746
-0.005837
-0.004424
-0.003042
-0.001888
-0.000606
0.000869
0.002364
0.003751
0.004816
0.005492
0.005952
0.006108
0.005733
0.005099
0.004563
0.003921
0.002962
0.001915
0.000877
-0.000278
-0.001292
-0.001827
-0.002106
-0.002431
-0.002673
-0.002794
-0.003010
-0.003173
-0.003004
-0.002786
-0.002782
-0.002563
-0.001854
-0.001057
-0.000421
0.000196
0.000673
0.000866
0.001113
0.001231
-0.000242
-0.003810
-0.007008
-0.007325
-0.005399
-0.002374
0.002331
0.007494
0.009775
0.009538
0.010235
0.011311
0.009643
0.006417
0.004641
0.003513
0.001724
0.000993
0.001819
0.001498
-0.001216
-0.004457
-0.006820
-0.008665
-0.010235
-0.011137
-0.011211
-0.010516
-0.008988
-0.006738
-0.004352
-0.002537
-0.001673
-0.001695
-0.001843
-0.000906
0.001361
0.003858
0.005880
0.007759
0.009361
0.009998
0.009905
0.009717
0.008993
0.007174
0.005083
0.003825
0.003216
0.002449
0.001276
-0.000239
-0.002181
-0.004386
-0.006207
-0.007223
-0.007759
-0.008200
-0.008299
-0.007763
-0.006804
-0.005685
-0.004504
-0.003521
-0.002889
-0.002259
-0.001277
0.000028
0.001542
0.003118
0.004470
0.005439
0.005953
0.005900
0.005566
0.005465
0.005399
0.004915
0.004461
0.004547
0.004558
0.003876
0.002879
0.001804
0.000278
-0.001598
-0.003228
-0.004490
-0.005575
-0.006363
-0.006685
-0.006676
-0.006474
-0.005991
-0.005193
-0.004276
-0.003363
-0.002297
-0.000910
0.000679
0.002160
0.003340
0.004244
0.004900
0.005184
0.005017
0.004593
0.004138
0.003625
0.002973
0.002226
0.001355
0.000378
-0.000405
-0.000778
-0.000972
-0.001242
-0.001482
-0.001606
-0.001801
-0.002102
-0.002305
-0.002382
-0.002409
-0.002246
-0.001826
-0.001364
-0.000989
-0.000622
-0.000273
-0.000002
0.000252
0.000186
-0.001145
-0.003901
-0.006328
-0.006734
-0.005283
-0.002213
0.002752
0.007567
0.009060
0.008216
0.008512
0.009358
0.008043
0.005873
0.005286
0.004853
0.003108
0.002030
0.002479
0.001884
-0.001061
-0.004461
-0.006822
-0.008516
-0.009723
-0.009939
-0.009295
-0.008493
-0.007701
-0.006603
-0.005167
-0.003784
-0.002916
-0.002689
-0.002429
-0.001051
0.001516
0.004184
0.006329
0.008102
0.009146
0.008978
0.008344
0.008115
0.007695
0.006428
0.005090
0.004419
0.003859
0.002820
0.001540
0.000109
-0.001896
-0.004342
-0.006249
-0.007047
-0.007184
-0.007184
-0.007007
-0.006568
-0.006029
-0.005444
-0.004729
-0.003969
-0.003285
-0.002532
-0.001442
0.000091
0.001905
0.003552
0.004625
0.005149
0.005201
0.004594
0.003752
0.003802
0.004722
0.005125
0.004788
0.004816
0.004931
0.003899
0.002256
0.001180
0.000034
-0.001843
-0.003244
-0.003505
-0.003823
-0.004661
-0.005130
-0.005256
-0.005720
-0.006042
-0.005497
-0.004512
-0.003586
-0.002436
-0.000901
0.000673
0.002004
0.002982
0.003575
0.003873
0.003882
0.003573
0.003265
0.003271
0.003321
0.003058
0.002654
0.002230
0.001436
0.000295
-0.000534
-0.000850
-0.001139
-0.001493
-0.001550
-0.001466
-0.001686
-0.002025
-0.002073
-0.001992
-0.002051
-0.002054
-0.001778
-0.001313
-0.000799
-0.000291
0.000118
0.000209
-0.000481
-0.002312
-0.004573
-0.005755
-0.005241
-0.003227
0.000549
0.005335
0.008190
0.007838
0.006971
0.007334
0.006968
0.005174
0.004355
0.004838
0.004221
0.002608
0.002176
0.002250
0.000477
-0.002686
-0.005131
-0.006592
-0.007763
-0.008259
-0.007685
-0.006783
-0.006259
-0.005891
-0.005324
-0.004633
-0.003965
-0.003383
-0.002841
-0.001867
0.000008
0.002364
0.004405
0.006014
0.007174
0.007372
0.006739
0.006361
0.006542
0.006402
0.005721
0.005229
0.004922
0.004023
0.002489
0.000898
-0.000760
-0.002795
-0.004742
-0.005789
-0.005951
-0.005816
-0.005583
-0.005233
-0.005067
-0.005261
-0.005385
-0.004973
-0.004117
-0.003159
-0.002137
-0.000847
0.000700
0.002176
0.003269
0.003876
0.003970
0.003545
0.002846
0.002599
0.003475
0.005026
0.005913
0.005698
0.005245
0.004872
0.003846
0.002151
0.000726
-0.000305
-0.001557
-0.002755
-0.003269
-0.003588
-0.004377
-0.005160
-0.005408
-0.005546
-0.005781
-0.005473
-0.004341
-0.002906
-0.001568
-0.000313
0.000827
0.001749
0.002429
0.002859
0.003049
0.003036
0.002904
0.002879
0.003112
0.003304
0.002962
0.002110
0.001288
0.000810
0.000553
0.000406
0.000333
0.000142
-0.000287
-0.000768
-0.001150
-0.001559
-0.002091
-0.002593
-0.002871
-0.002831
-0.002482
-0.001940
-0.001353
-0.000791
-0.000426
-0.000768
-0.002238
-0.004311
-0.005627
-0.004960
-0.001896
0.002578
0.006093
0.007085
0.006758
0.006789
0.006475
0.005002
0.003971
0.004431
0.004652
0.003629
0.002866
0.002777
0.001680
-0.000671
-0.002689
-0.004069
-0.005709
-0.007222
-0.007387
-0.006329
-0.005290
-0.004922
-0.005020
-0.005279
-0.005395
-0.004940
-0.003825
-0.002428
-0.000954
0.000655
0.002328
0.004004
0.005541
0.006291
0.005891
0.005233
0.005294
0.005702
0.005723
0.005569
0.005536
0.005119
0.003930
0.002391
0.000862
-0.000824
-0.002581
-0.003784
-0.004196
-0.004356
-0.004670
-0.004901
-0.004922
-0.005071
-0.005428
-0.005602
-0.005290
-0.004449
-0.003135
-0.001581
-0.000153
0.000935
0.001725
0.002273
0.002489
0.002451
0.002663
0.003362
0.003945
0.004004
0.004140
0.004640
0.004722
0.004132
0.003637
0.003302
0.002478
0.001404
0.000598
-0.000332
-0.001598
-0.002603
-0.003233
-0.003943
-0.004619
-0.004886
-0.004856
-0.004640
-0.004093
-0.003319
-0.002552
-0.001798
-0.001044
-0.000341
0.000366
0.001081
0.001649
0.002079
0.002565
0.003038
0.003137
0.002761
0.002232
0.001845
0.001627
0.001519
0.001436
0.001244
0.000963
0.000756
0.000574
0.000172
-0.000474
-0.001135
-0.001636
-0.001895
-0.001894
-0.001832
-0.001887
-0.001898
-0.001797
-0.002066
-0.003218
-0.004970
-0.006001
-0.004757
-0.001184
0.002573
0.004431
0.004801
0.005125
0.005233
0.004430
0.003670
0.004048
0.004736
0.004668
0.004376
0.004239
0.003186
0.000853
-0.001279
-0.002263
-0.002999
-0.004255
-0.005359
-0.005559
-0.005080
-0.004449
-0.003962
-0.003911
-0.004414
-0.004969
-0.004766
-0.003510
-0.001705
-0.000146
0.000815
0.001559
0.002559
0.003542
0.003933
0.003884
0.004005
0.004383
0.004676
0.004825
0.004865
0.004482
0.003539
0.002497
0.001678
0.000793
-0.000312
-0.001219
-0.001651
-0.001884
-0.002255
-0.002819
-0.003521
-0.004257
-0.004775
-0.004802
-0.004344
-0.003698
-0.003070
-0.002405
-0.001635
-0.000858
-0.000250
0.000159
0.000561
0.001074
0.001570
0.002095
0.002926
0.003713
0.003604
0.002922
0.003009
0.003685
0.003438
0.002480
0.002273
0.002447
0.001837
0.001039
0.000699
-0.000107
-0.001515
-0.002192
-0.002098
-0.002562
-0.003610
-0.004085
-0.003756
-0.003224
-0.002698
-0.002152
-0.001716
-0.001337
-0.000843
-0.000308
0.000153
0.000547
0.000850
0.001121
0.001536
0.001948
0.001953
0.001615
0.001463
0.001624
0.001684
0.001494
0.001276
0.001011
0.000592
0.000267
0.000159
-0.000100
-0.000624
-0.000984
-0.001024
-0.001043
-0.001135
-0.001227
-0.001478
-0.002013
-0.002738
-0.003592
-0.004155
-0.003376
-0.000978
0.001468
0.002485
0.002763
0.003461
0.003944
0.003355
0.002736
0.003191
0.003801
0.003592
0.003317
0.003357
0.002528
0.000512
-0.001232
-0.001915
-0.002355
-0.003097
-0.003660
-0.003753
-0.003669
-0.003558
-0.003356
-0.003192
-0.003194
-0.003195
-0.002882
-0.002080
-0.000964
-0.000004
0.000565
0.001045
0.001653
0.002035
0.001972
0.001976
0.002502
0.003223
0.003719
0.004061
0.004151
0.003557
0.002455
0.001595
0.001131
0.000544
-0.000306
-0.001000
-0.001331
-0.001499
-0.001670
-0.001859
-0.002151
-0.002601
-0.002977
-0.002980
-0.002673
-0.002389
-0.002208
-0.001881
-0.001317
-0.000758
-0.000387
-0.000098
0.000139
0.000150
0.000237
0.001036
0.002051
0.002104
0.001750
0.002498
0.003541
0.003104
0.002181
0.002468
0.002746
0.001733
0.000935
0.001131
0.000600
-0.000934
-0.001598
-0.001299
-0.001618
-0.002431
-0.002584
-0.002300
-0.002252
-0.002172
-0.001808
-0.001481
-0.001260
-0.000910
-0.000465
-0.000113
0.000057
0.000049
0.000097
0.000453
0.000856
0.000902
0.000813
0.001000
0.001242
0.001211
0.001206
0.001409
0.001314
0.000804
0.000532
0.000578
0.000273
-0.000330
-0.000514
-0.000362
-0.000532
-0.000973
-0.001231
-0.001326
-0.001398
-0.001313
-0.001118
-0.001156
-0.001411
-0.001285
-0.000415
0.000668
0.001273
0.001580
0.002063
0.002399
0.002115
0.001669
0.001671
0.001815
0.001630
0.001340
0.001150
0.000675
-0.000267
-0.001127
-0.001406
-0.001356
-0.001449
-0.001621
-0.001624
-0.001603
-0.001742
-0.001834
-0.001695
-0.001534
-0.001535
-0.001458
-0.001002
-0.000284
0.000334
0.000691
0.000867
0.000954
0.000997
0.001067
0.001207
0.001403
0.001631
0.001856
0.001982
0.001842
0.001385
0.000897
0.000686
0.000562
0.000149
-0.000381
-0.000563
-0.000505
-0.000654
-0.000937
-0.001040
-0.001118
-0.001384
-0.001580
-0.001515
-0.001441
-0.001470
-0.001307
-0.000842
-0.000363
-0.000036
0.000243
0.000502
0.000687
0.000857
0.001059
0.001180
0.001110
0.000916
0.000788
0.000806
0.000827
0.000692
0.000474
0.000369
0.000351
0.000209
-0.000061
-0.000267
-0.000348
-0.000376
-0.000384
-0.000417
-0.000553
-0.000742
-0.000819
-0.000747
-0.000653
-0.000625
-0.000614
-0.000574
-0.000523
-0.000493
-0.000462
-0.000382
-0.000264
-0.000177
-0.000177
-0.000355
-0.000894
-0.001720
-0.001991
-0.000712
0.001585
0.002958
0.002770
0.002513
0.002893
0.002727
0.001784
0.001520
0.002150
0.002321
0.001894
0.001782
0.001552
0.000166
-0.001650
-0.002350
-0.002029
-0.001905
-0.002273
-0.002586
-0.002735
-0.002933
-0.003018
-0.002806
-0.002590
-0.002594
-0.002467
-0.001802
-0.000740
0.000154
0.000490
0.000540
0.000868
0.001454
0.001816
0.001939
0.002249
0.002746
0.003050
0.003163
0.003280
0.003142
0.002519
0.001877
0.001697
0.001631
0.001093
0.000226
-0.000449
-0.000915
-0.001440
-0.001954
-0.002278
-0.002542
-0.002858
-0.002989
-0.002784
-0.002549
-0.002552
-0.002567
-0.002262
-0.001685
-0.001104
-0.000627
-0.000143
0.000432
0.001018
0.001524
0.001904
0.002082
0.002090
0.002145
0.002352
0.002503
0.002354
0.001896
0.001237
0.000591
0.000381
0.000693
0.000773
0.000104
-0.000567
-0.000548
-0.000507
-0.001023
-0.001370
-0.001134
-0.001062
-0.001348
-0.001278
-0.000961
-0.001195
-0.001755
-0.001746
-0.001156
-0.000638
-0.000379
-0.000169
0.000044
0.000268
0.000577
0.000878
0.000999
0.000988
0.001005
0.001079
0.001133
0.001088
0.000914
0.000719
0.000681
0.000756
0.000690
0.000447
0.000234
0.000099
-0.000048
-0.000141
-0.000153
-0.000258
-0.000474
-0.000616
-0.000674
-0.000815
-0.001065
-0.001253
-0.001238
-0.001039
-0.000791
-0.000658
-0.000640
-0.000511
-0.000157
0.000206
0.000373
0.000391
0.000329
0.000240
0.000277
0.000512
0.000792
0.000900
0.000823
0.000763
0.000815
0.000844
0.000765
0.000621
0.000454
0.000328
0.000263
0.000116
-0.000192
-0.000458
-0.000512
-0.000507
-0.000646
-0.000843
-0.000948
-0.000943
-0.000808
-0.000601
-0.000491
-0.000428
-0.000256
-0.000046
0.000118
0.000293
0.000385
0.000228
0.000009
0.000054
0.000320
0.000524
0.000555
0.000474
0.000369
0.000417
0.000685
0.000884
0.000730
0.000332
-0.000024
-0.000186
-0.000213
-0.000254
-0.000336
-0.000381
-0.000338
-0.000196
-0.000083
-0.000200
-0.000444
-0.000489
-0.000336
-0.000243
-0.000284
-0.000394
-0.000455
-0.000320
-0.000066
0.000098
0.000166
0.000184
0.000096
-0.000021
-0.000051
-0.000081
-0.000104
0.000055
0.000292
0.000320
0.000184
0.000128
0.000191
0.000256
0.000261
0.000265
0.000379
0.000540
0.000537
0.000334
0.000123
0.000033
-0.000034
-0.000202
-0.000415
-0.000589
-0.000711
-0.000731
-0.000594
-0.000352
-0.000175
-0.000131
-0.000023
0.000243
0.000415
0.000382
0.000364
0.000398
0.000294
0.000024
-0.000232
-0.000288
-0.000082
0.000257
0.000453
0.000330
0.000065
0.000032
0.000240
0.000300
0.000064
-0.000160
-0.000122
0.000045
0.000119
0.000076
-0.000020
-0.000158
-0.000333
-0.000486
-0.000538
-0.000488
-0.000419
-0.000353
-0.000196
0.000061
0.000234
0.000254
0.000298
0.000406
0.000389
0.000204
-0.000009
-0.000167
-0.000231
-0.000207
-0.000169
-0.000086
0.000108
0.000306
0.000379
0.000354
0.000276
0.000162
0.000048
-0.000081
-0.000227
-0.000279
-0.000160
0.000027
0.000142
0.000151
0.000067
-0.000095
-0.000237
-0.000283
-0.000332
-0.000457
-0.000490
-0.000308
-0.000097
0.000044
0.000307
0.000649
0.000741
0.000516
0.000216
0.000035
-0.000045
-0.000139
-0.000281
-0.000414
-0.000480
-0.000426
-0.000245
0.000020
0.000285
0.000378
0.000252
0.000134
0.000165
0.000165
0.000016
-0.000113
-0.000096
-0.000036
-0.000021
-0.000035
-0.000083
-0.000152
-0.000161
-0.000070
0.000028
0.000064
0.000090
0.000132
0.000141
0.000121
0.000117
0.000129
0.000154
0.000148
0.000014
-0.000138
-0.000079
0.000067
0.000048
-0.000014
0.000020
-0.000014
-0.000149
-0.000217
-0.000196
-0.000130
-0.000036
-0.000010
-0.000055
-0.000043
0.000014
0.000059
0.000165
0.000274
0.000181
-0.000011
-0.000003
0.000157
0.000245
0.000283
0.000289
0.000107
-0.000171
-0.000229
-0.000112
-0.000125
-0.000237
-0.000215
-0.000076
-0.000004
-0.000035
-0.000063
-0.000050
-0.000068
-0.000132
-0.000170
-0.000163
-0.000184
-0.000219
-0.000132
0.000045
0.000122
0.000114
0.000175
0.000251
0.000179
-0.000007
-0.000145
-0.000186
-0.000152
-0.000087
-0.000100
-0.000168
-0.000108
0.000083
0.000193
0.000133
-0.000021
-0.000195
-0.000266
-0.000098
0.000199
0.000346
0.000306
0.000281
0.000360
0.000392
0.000225
-0.000098
-0.000350
-0.000333
-0.000177
-0.000174
-0.000297
-0.000258
0.000007
0.000296
0.000470
0.000522
0.000430
0.000176
-0.000090
-0.000155
-0.000078
-0.000125
-0.000298
-0.000297
-0.000043
0.000169
0.000179
0.000118
0.000009
-0.000182
-0.000309
-0.000271
-0.000183
-0.000108
0.000034
0.000201
0.000242
0.000180
0.000179
0.000304
0.000426
0.000319
-0.000047
-0.000377
-0.000433
-0.000328
-0.000274
-0.000298
-0.000311
-0.000261
-0.000152
0.000009
0.000204
0.000317
0.000282
0.000249
0.000281
0.000210
-0.000020
-0.000255
-0.000393
-0.000382
-0.000153
0.000166
0.000287
0.000227
0.000254
0.000347
0.000277
0.000061
-0.000140
-0.000246
-0.000268
-0.000272
-0.000229
-0.000079
0.000045
0.000075
0.000138
0.000190
0.000078
-0.000098
-0.000193
-0.000269
-0.000321
-0.000194
0.000074
0.000233
0.000248
0.000282
0.000300
0.000197
0.000062
-0.000052
-0.000228
-0.000423
-0.000468
-0.000315
-0.000099
0.000093
0.000314
0.000520
0.000541
0.000415
0.000336
0.000255
-0.000010
-0.000346
-0.000471
-0.000348
-0.000169
-0.000119
-0.000254
-0.000431
-0.000422
-0.000224
-0.000042
0.000069
0.000193
0.000307
0.000355
0.000354
0.000317
0.000234
0.000139
0.000091
0.000071
-0.000002
-0.000122
-0.000209
-0.000217
-0.000143
-0.000015
0.000068
0.000047
0.000034
0.000152
0.000314
0.000403
0.000412
0.000317
0.000144
-0.000030
-0.000216
-0.000379
-0.000432
-0.000479
-0.000606
-0.000616
-0.000364
-0.000018
0.000226
0.000335
0.000351
0.000299
0.000169
-0.000006
-0.000121
-0.000136
-0.000129
-0.000158
-0.000216
-0.000250
-0.000147
0.000118
0.000379
0.000497
0.000494
0.000385
0.000180
0.000026
-0.000005
-0.000091
-0.000310
-0.000495
-0.000517
-0.000366
-0.000071
0.000214
0.000313
0.000252
0.000180
0.000179
0.000212
0.000168
-0.000014
-0.000268
-0.000436
-0.000390
-0.000202
-0.000098
-0.000109
-0.000035
0.000166
0.000316
0.000351
0.000326
0.000234
0.000110
0.000015
-0.000136
-0.000388
-0.000544
-0.000416
-0.000115
0.000099
0.000150
0.000212
0.000367
0.000457
0.000400
0.000284
0.000125
-0.000098
-0.000273
-0.000327
-0.000350
-0.000365
-0.000276
-0.000085
0.000099
0.000204
0.000210
0.000182
0.000246
0.000383
0.000399
0.000232
0.000046
-0.000062
-0.000175
-0.000329
-0.000410
-0.000332
-0.000143
0.000032
0.000061
-0.000048
-0.000149
-0.000210
-0.000274
-0.000236
-0.000063
0.000074
0.000104
0.000130
0.000175
0.000198
0.000235
0.000308
0.000326
0.000201
-0.000008
-0.000110
-0.000032
0.000065
0.000032
-0.000083
-0.000146
-0.000119
-0.000085
-0.000110
-0.000162
-0.000220
-0.000305
-0.000380
-0.000330
-0.000127
0.000091
0.000180
0.000205
0.000327
0.000460
0.000375
0.000157
0.000077
0.000121
0.000094
-0.000013
-0.000072
-0.000038
0.000059
0.000172
0.000214
0.000128
-0.000033
-0.000166
-0.000247
-0.000334
-0.000432
-0.000439
-0.000302
-0.000122
-0.000020
0.000012
0.000029
0.000066
0.000152
0.000229
0.000188
0.000028
-0.000124
-0.000151
-0.000077
-0.000030
-0.000045
-0.000031
0.000063
0.000163
0.000173
0.000094
-0.000002
-0.000044
0.000007
0.000094
0.000107
0.000080
0.000113
0.000184
0.000216
0.000157
0.000026
-0.000056
-0.000015
0.000060
0.000049
-0.000006
0.000029
0.000127
0.000133
0.000031
-0.000074
-0.000151
-0.000250
-0.000367
-0.000420
-0.000359
-0.000228
-0.000119
-0.000052
0.000056
0.000200
0.000219
0.000053
-0.000092
-0.000066
-0.000022
-0.000093
-0.000132
-0.000034
0.000112
0.000288
0.000500
0.000570
0.000349
0.000020
-0.000103
-0.000019
0.000008
-0.000126
-0.000279
-0.000314
-0.000218
-0.000073
0.000009
-0.000015
-0.000065
-0.000035
0.000076
0.000171
0.000090
-0.000168
-0.000310
-0.000220
-0.000169
-0.000246
-0.000256
-0.000156
-0.000021
0.000142
0.000274
0.000309
0.000282
0.000240
0.000194
0.000158
0.000133
0.000116
0.000121
0.000114
0.000046
-0.000025
0.000002
0.000108
0.000199
0.000193
0.000053
-0.000181
-0.000362
-0.000365
-0.000258
-0.000220
-0.000283
-0.000350
-0.000400
-0.000421
-0.000293
-0.000003
0.000266
0.000401
0.000456
0.000473
0.000444
0.000395
0.000315
0.000141
-0.000062
-0.000183
-0.000256
-0.000248
-0.000011
0.000320
0.000437
0.000374
0.000331
0.000227
-0.000033
-0.000258
-0.000290
-0.000285
-0.000466
-0.000772
-0.000901
-0.000677
-0.000292
-0.000060
-0.000033
-0.000027
0.000109
0.000354
0.000525
0.000483
0.000296
0.000102
-0.000012
0.000019
0.000120
0.000138
0.000101
0.000133
0.000240
0.000315
0.000285
0.000184
0.000102
0.000075
0.000028
-0.000119
-0.000262
-0.000256
-0.000166
-0.000134
-0.000160
-0.000221
-0.000319
-0.000344
-0.000220
-0.000078
-0.000014
0.000056
0.000151
0.000180
0.000133
0.000084
0.000058
0.000027
-0.000004
0.000009
0.000061
0.000106
0.000114
0.000082
0.000007
-0.000088
-0.000131
-0.000076
0.000013
0.000036
-0.000006
-0.000030
0.000009
0.000099
0.000174
0.000163
0.000048
-0.000110
-0.000178
-0.000095
0.000022
0.000030
-0.000069
-0.000174
-0.000175
-0.000087
-0.000057
-0.000090
-0.000042
0.000059
0.000073
0.000063
0.000154
0.000272
0.000279
0.000183
0.000082
0.000030
0.000018
0.000042
0.000105
0.000112
-0.000015
-0.000141
-0.000137
-0.000095
-0.000144
-0.000233
-0.000241
-0.000173
-0.000107
-0.000037
0.000071
0.000171
0.000214
0.000183
0.000062
-0.000092
-0.000140
-0.000029
0.000112
0.000125
0.000046
0.000028
0.000065
0.000026
-0.000086
-0.000168
-0.000189
-0.000188
-0.000190
-0.000138
0.000013
0.000142
0.000140
0.000129
0.000208
0.000207
-0.000008
-0.000233
-0.000242
-0.000125
-0.000046
0.000032
0.000138
0.000157
0.000042
-0.000070
-0.000074
-0.000045
-0.000026
0.000088
0.000278
0.000296
0.000095
-0.000048
-0.000015
0.000026
-0.000041
-0.000158
-0.000215
-0.000166
-0.000128
-0.000208
-0.000311
-0.000298
-0.000188
-0.000060
0.000081
0.000246
0.000413
0.000521
0.000535
0.000507
0.000431
0.000234
0.000000
-0.000115
-0.000135
-0.000162
-0.000194
-0.000208
-0.000243
-0.000264
-0.000170
-0.000014
0.000013
-0.000090
-0.000111
0.000009
0.000072
-0.000052
-0.000234
-0.000297
-0.000243
-0.000199
-0.000204
-0.000143
0.000068
0.000293
0.000357
0.000288
0.000211
0.000145
0.000064
0.000005
-0.000016
-0.000029
-0.000024
-0.000018
-0.000063
-0.000096
-0.000029
0.000053
0.000035
-0.000028
-0.000035
-0.000012
-0.000009
0.000017
0.000097
0.000150
0.000092
-0.000034
-0.000090
-0.000015
0.000080
0.000077
0.000020
0.000016
0.000069
0.000112
0.000139
0.000152
0.000100
-0.000004
-0.000054
-0.000034
-0.000065
-0.000189
-0.000281
-0.000247
-0.000148
-0.000073
-0.000019
0.000044
0.000080
0.000033
-0.000052
-0.000109
-0.000165
-0.000201
-0.000149
-0.000096
-0.000154
-0.000195
-0.000026
0.000250
0.000347
0.000226
0.000118
0.000145
0.000234
0.000272
0.000203
0.000077
-0.000022
-0.000078
-0.000113
-0.000134
-0.000121
-0.000053
0.000041
0.000113
0.000138
0.000070
-0.000059
-0.000082
0.000030
0.000043
-0.000160
-0.000345
-0.000302
-0.000144
-0.000039
0.000035
0.000117
0.000153
0.000117
0.000064
0.000054
0.000068
0.000040
-0.000040
-0.000093
-0.000052
0.000030
0.000063
0.000066
0.000086
0.000087
0.000032
-0.000034
-0.000043
-0.000016
-0.000006
0.000012
0.000061
0.000092
0.000101
0.000089
-0.000016
-0.000188
-0.000275
-0.000249
-0.000180
-0.000045
0.000144
0.000241
0.000170
0.000065
0.000111
0.000261
0.000286
0.000130
-0.000064
-0.000187
-0.000199
-0.000093
0.000027
0.000025
-0.000074
-0.000142
-0.000170
-0.000213
-0.000261
-0.000307
-0.000351
-0.000344
-0.000271
-0.000178
-0.000069
0.000089
0.000274
0.000422
0.000507
0.000530
0.000466
0.000312
0.000151
0.000072
0.000038
-0.000031
-0.000104
-0.000099
-0.000045
-0.000049
-0.000136
-0.000216
-0.000199
-0.000122
-0.000061
0.000006
0.000083
0.000094
0.000047
0.000053
0.000142
0.000212
0.000149
-0.000050
-0.000260
-0.000345
-0.000280
-0.000163
-0.000076
-0.000036
-0.000032
0.000001
0.000081
0.000117
0.000137
0.000222
0.000248
0.000106
-0.000056
-0.000076
0.000008
0.000062
0.000018
-0.000053
-0.000061
-0.000030
-0.000015
0.000017
0.000051
-0.000026
-0.000177
-0.000198
-0.000049
0.000106
0.000168
0.000153
0.000114
0.000091
0.000070
0.000014
-0.000065
-0.000111
-0.000078
-0.000028
-0.000092
-0.000207
-0.000202
-0.000117
-0.000053
0.000044
0.000188
0.000268
0.000232
0.000130
0.000012
-0.000082
-0.000103
-0.000055
-0.000007
0.000006
0.000031
0.000102
0.000164
0.000160
0.000097
-0.000024
-0.000179
-0.000267
-0.000262
-0.000244
-0.000202
-0.000055
0.000128
0.000213
0.000200
0.000158
0.000099
0.000010
-0.000092
-0.000177
-0.000195
-0.000133
-0.000091
-0.000128
-0.000123
0.000016
0.000191
0.000292
0.000301
0.000236
0.000137
0.000034
-0.000074
-0.000145
-0.000130
-0.000072
-0.000007
0.000063
0.000088
0.000051
0.000000
-0.000064
-0.000147
-0.000176
-0.000131
-0.000110
-0.000139
-0.000136
-0.000066
0.000061
0.000210
0.000282
0.000211
0.000031
-0.000155
-0.000230
-0.000191
-0.000153
-0.000135
-0.000058
0.000084
0.000219
0.000304
0.000351
0.000381
0.000403
0.000381
0.000235
0.000003
-0.000130
-0.000116
-0.000103
-0.000140
-0.000137
-0.000080
-0.000038
-0.000040
-0.000099
-0.000203
-0.000264
-0.000219
-0.000117
-0.000065
-0.000095
-0.000109
-0.000060
-0.000052
-0.000112
-0.000125
-0.000062
-0.000000
0.000014
-0.000010
-0.000037
-0.000023
0.000057
0.000166
0.000214
0.000162
0.000083
0.000045
0.000031
0.000027
0.000055
0.000076
0.000024
-0.000038
0.000002
0.000088
0.000070
-0.000024
-0.000023
0.000069
0.000086
0.000013
0.000024
0.000159
0.000238
0.000176
0.000066
-0.000034
-0.000150
-0.000288
-0.000365
-0.000301
-0.000173
-0.000119
-0.000119
-0.000091
-0.000043
0.000027
0.000132
0.000211
0.000231
0.000217
0.000138
0.000013
-0.000025
0.000034
0.000031
-0.000060
-0.000098
-0.000061
-0.000080
-0.000166
-0.000178
-0.000085
0.000014
0.000057
0.000037
0.000003
0.000040
0.000127
0.000177
0.000168
0.000094
-0.000042
-0.000153
-0.000162
-0.000118
-0.000099
-0.000076
0.000008
0.000097
0.000101
0.000041
0.000025
0.000077
0.000091
0.000030
0.000011
0.000066
0.000062
-0.000026
-0.000053
-0.000002
-0.000025
-0.000149
-0.000223
-0.000160
-0.000041
0.000044
0.000094
0.000137
0.000148
0.000111
0.000076
0.000090
0.000127
0.000165
0.000170
0.000078
-0.000084
-0.000222
-0.000299
-0.000314
-0.000279
-0.000221
-0.000145
-0.000036
0.000074
0.000138
0.000174
0.000219
0.000209
0.000096
-0.000008
-0.000003
0.000043
0.000053
0.000012
-0.000071
-0.000130
-0.000068
0.000094
0.000237
0.000323
0.000364
0.000288
0.000056
-0.000166
-0.000194
-0.000121
-0.000162
-0.000318
-0.000435
-0.000445
-0.000375
-0.000283
-0.000195
-0.000107
-0.000048
-0.000038
-0.000016
0.000059
0.000139
0.000179
0.000213
0.000290
0.000390
0.000424
0.000336
0.000208
0.000187
0.000230
0.000161
-0.000007
-0.000107
-0.000109
-0.000119
-0.000151
-0.000159
-0.000170
-0.000203
-0.000202
-0.000161
-0.000153
-0.000182
-0.000151
-0.000011
0.000148
0.000237
0.000283
0.000291
0.000201
0.000044
-0.000056
-0.000070
-0.000067
-0.000089
-0.000121
-0.000135
-0.000122
-0.000082
-0.000048
-0.000078
-0.000139
-0.000131
-0.000075
-0.000037
0.000036
0.000166
0.000240
0.000196
0.000143
0.000185
0.000250
0.000208
0.000078
-0.000014
-0.000034
-0.000077
-0.000179
-0.000217
-0.000108
0.000011
-0.000027
-0.000156
-0.000201
-0.000150
-0.000087
-0.000020
0.000054
0.000083
0.000063
0.000060
0.000102
0.000130
0.000090
0.000009
-0.000049
-0.000050
-0.000009
0.000028
0.000034
0.000022
0.000018
0.000028
0.000022
0.000001
0.000024
0.000096
0.000123
0.000072
0.000034
0.000062
0.000079
0.000018
-0.000064
-0.000091
-0.000069
-0.000054
-0.000089
-0.000153
-0.000168
-0.000135
-0.000167
-0.000277
-0.000310
-0.000194
-0.000038
0.000064
0.000116
0.000128
0.000121
0.000140
0.000193
0.000250
0.000304
0.000337
0.000277
0.000086
-0.000143
-0.000263
-0.000217
-0.000115
-0.000113
-0.000194
-0.000249
-0.000214
-0.000067
0.000107
0.000174
0.000164
0.000194
0.000248
0.000249
0.000194
0.000128
0.000101
0.000087
-0.000051
-0.000311
-0.000450
-0.000354
-0.000217
-0.000200
-0.000204
-0.000096
0.000053
0.000105
0.000067
0.000053
0.000104
0.000184
0.000267
0.000314
0.000288
0.000231
0.000214
0.000222
0.000163
0.000034
-0.000045
-0.000014
0.000034
-0.000002
-0.000115
-0.000228
-0.000298
-0.000370
-0.000443
-0.000411
-0.000237
-0.000060
-0.000016
-0.000044
-0.000024
0.000039
0.000082
0.000117
0.000162
0.000190
0.000183
0.000139
0.000058
-0.000024
-0.000071
-0.000088
-0.000086
-0.000070
-0.000045
-0.000015
0.000034
0.000086
0.000076
-0.000001
-0.000065
-0.000069
-0.000041
-0.000020
0.000002
0.000040
0.000066
0.000063
0.000084
0.000154
0.000222
0.000235
0.000166
0.000068
0.000039
0.000070
0.000042
-0.000060
-0.000122
-0.000105
-0.000097
-0.000137
-0.000175
-0.000199
-0.000208
-0.000168
-0.000119
-0.000143
-0.000209
-0.000201
-0.000087
0.000037
0.000107
0.000149
0.000167
0.000161
0.000204
0.000309
0.000344
0.000211
0.000024
-0.000027
0.000036
0.000047
-0.000016
-0.000056
-0.000068
-0.000144
-0.000290
-0.000343
-0.000187
0.000025
0.000086
0.000035
0.000010
0.000036
0.000059
0.000043
0.000002
-0.000029
-0.000069
-0.000128
-0.000146
-0.000081
0.000030
0.000123
0.000163
0.000153
0.000129
0.000143
0.000205
0.000232
0.000146
0.000008
-0.000069
-0.000101
-0.000136
-0.000122
-0.000045
-0.000026
-0.000110
-0.000136
0.000015
0.000168
0.000102
-0.000059
-0.000088
-0.000037
-0.000057
-0.000114
-0.000111
-0.000070
-0.000066
-0.000097
-0.000120
-0.000118
-0.000054
0.000103
0.000253
0.000263
0.000174
0.000098
0.000074
0.000091
0.000074
-0.000020
-0.000064
0.000046
0.000189
0.000214
0.000136
0.000043
-0.000060
-0.000179
-0.000220
-0.000168
-0.000164
-0.000234
-0.000250
-0.000182
-0.000117
-0.000101
-0.000110
-0.000090
-0.000046
-0.000056
-0.000107
-0.000080
0.000015
0.000075
0.000110
0.000170
