7841
-0.000043
-0.000063
-0.000104
-0.000101
-0.000054
-0.000015
0.000007
0.000046
0.000079
0.000046
-0.000031
-0.000057
0.000000
0.000060
0.000058
0.000023
0.000009
0.000015
0.000002
-0.000022
-0.000016
-0.000007
-0.000049
-0.000120
-0.000159
-0.000126
-0.000014
0.000104
0.000126
0.000088
0.000106
0.000160
0.000125
0.000005
-0.000077
-0.000073
-0.000052
-0.000070
-0.000075
-0.000018
0.000049
0.000039
-0.000032
-0.000069
-0.000032
0.000035
0.000109
0.000206
0.000243
0.000065
-0.000265
-0.000478
-0.000494
-0.000441
-0.000356
-0.000190
0.000038
0.000244
0.000352
0.000353
0.000314
0.000329
0.000417
0.000460
0.000348
0.000162
0.000047
0.000004
-0.000037
-0.000098
-0.000153
-0.000154
-0.000096
-0.000050
-0.000068
-0.000113
-0.000137
-0.000121
-0.000068
-0.000037
-0.000051
-0.000061
-0.000066
-0.000085
-0.000095
-0.000103
-0.000127
-0.000128
-0.000076
-0.000002
0.000077
0.000153
0.000164
0.000085
0.000005
-0.000003
0.000025
0.000025
-0.000007
-0.000024
-0.000003
0.000027
0.000037
0.000040
0.000034
0.000010
-0.000021
-0.000057
-0.000120
-0.000185
-0.000190
-0.000103
0.000032
0.000128
0.000157
0.000152
0.000125
0.000065
0.000020
0.000064
0.000150
0.000138
0.000008
-0.000112
-0.000131
-0.000092
-0.000076
-0.000082
-0.000058
-0.000007
0.000019
0.000042
0.000137
0.000228
0.000147
-0.000048
-0.000142
-0.000127
-0.000141
-0.000187
-0.000202
-0.000206
-0.000206
-0.000139
-0.000009
0.000071
0.000060
0.000045
0.000084
0.000148
0.000201
0.000236
0.000235
0.000175
0.000097
0.000072
0.000083
0.000064
0.000012
-0.000033
-0.000070
-0.000113
-0.000129
-0.000079
-0.000023
-0.000035
-0.000081
-0.000103
-0.000120
-0.000134
-0.000080
0.000047
0.000134
0.000122
0.000074
0.000038
-0.000012
-0.000101
-0.000170
-0.000127
-0.000023
0.000025
0.000043
0.000101
0.000140
0.000107
0.000063
0.000042
0.000014
-0.000008
0.000003
0.000015
-0.000012
-0.000046
-0.000018
0.000077
0.000156
0.000150
0.000062
-0.000041
-0.000084
-0.000078
-0.000081
-0.000106
-0.000172
-0.000281
-0.000316
-0.000233
-0.000141
-0.000008
0.000249
0.000454
0.000446
0.000342
0.000283
0.000246
0.000172
0.000069
-0.000035
-0.000133
-0.000224
-0.000274
-0.000272
-0.000256
-0.000238
-0.000191
-0.000140
-0.000145
-0.000176
-0.000129
0.000004
0.000108
0.000108
0.000064
0.000054
0.000044
-0.000015
-0.000058
-0.000045
-0.000018
0.000029
0.000117
0.000175
0.000139
0.000086
0.000123
0.000209
0.000228
0.000161
0.000064
-0.000023
-0.000086
-0.000112
-0.000099
-0.000079
-0.000082
-0.000095
-0.000122
-0.000158
-0.000132
-0.000039
0.000016
0.000019
0.000061
0.000141
0.000181
0.000174
0.000149
0.000117
0.000083
0.000050
0.000005
-0.000059
-0.000115
-0.000114
-0.000035
0.000058
0.000075
0.000015
-0.000052
-0.000101
-0.000116
-0.000066
0.000002
-0.000006
-0.000053
-0.000041
-0.000003
-0.000020
-0.000077
-0.000099
-0.000061
-0.000006
-0.000006
-0.000076
-0.000135
-0.000112
-0.000028
0.000039
0.000050
0.000048
0.000081
0.000140
0.000186
0.000214
0.000205
0.000123
0.000008
-0.000047
-0.000020
0.000026
0.000005
-0.000092
-0.000150
-0.000090
0.000012
0.000023
-0.000059
-0.000097
-0.000024
0.000070
0.000096
0.000074
0.000062
0.000053
0.000008
-0.000059
-0.000100
-0.000097
-0.000064
-0.000014
0.000043
0.000063
0.000024
-0.000041
-0.000093
-0.000107
-0.000073
-0.000027
-0.000019
-0.000028
-0.000002
0.000073
0.000142
0.000125
0.000035
-0.000027
-0.000032
-0.000022
-0.000016
-0.000004
-0.000007
-0.000032
-0.000021
0.000035
0.000033
-0.000041
-0.000065
-0.000019
-0.000003
-0.000014
0.000005
0.000004
-0.000052
-0.000065
0.000017
0.000124
0.000225
0.000261
0.000089
-0.000210
-0.000352
-0.000315
-0.000297
-0.000297
-0.000174
0.000035
0.000202
0.000288
0.000295
0.000223
0.000129
0.000105
0.000153
0.000220
0.000276
0.000278
0.000201
0.000084
-0.000039
-0.000152
-0.000192
-0.000124
-0.000066
-0.000130
-0.000208
-0.000156
-0.000052
-0.000029
-0.000060
-0.000069
-0.000037
0.000014
0.000024
-0.000033
-0.000099
-0.000107
-0.000043
0.000044
0.000088
0.000084
0.000080
0.000094
0.000088
0.000066
0.000083
0.000102
0.000035
-0.000073
-0.000122
-0.000115
-0.000102
-0.000141
-0.000235
-0.000276
-0.000201
-0.000100
-0.000044
0.000020
0.000110
0.000145
0.000105
0.000071
0.000063
0.000019
-0.000041
-0.000036
0.000019
0.000045
0.000039
0.000061
0.000121
0.000149
0.000113
0.000071
0.000052
0.000047
0.000047
0.000018
-0.000058
-0.000112
-0.000050
0.000120
0.000249
0.000203
0.000043
-0.000045
-0.000020
-0.000012
-0.000088
-0.000156
-0.000156
-0.000176
-0.000276
-0.000330
-0.000236
-0.000095
-0.000039
-0.000036
0.000015
0.000118
0.000187
0.000170
0.000107
0.000064
0.000052
0.000076
0.000131
0.000166
0.000142
0.000101
0.000087
0.000060
-0.000020
-0.000091
-0.000089
-0.000060
-0.000055
-0.000067
-0.000082
-0.000079
-0.000060
-0.000053
-0.000046
-0.000017
0.000001
0.000006
0.000050
0.000120
0.000126
0.000044
-0.000048
-0.000091
-0.000102
-0.000070
0.000029
0.000109
0.000066
-0.000033
-0.000062
-0.000030
-0.000012
-0.000033
-0.000069
-0.000056
0.000041
0.000131
0.000104
-0.000000
-0.000036
0.000030
0.000085
0.000057
-0.000011
-0.000072
-0.000110
-0.000103
-0.000094
-0.000137
-0.000102
0.000145
0.000416
0.000433
0.000258
0.000167
0.000211
0.000192
0.000028
-0.000150
-0.000238
-0.000262
-0.000273
-0.000290
-0.000310
-0.000309
-0.000272
-0.000217
-0.000159
-0.000094
-0.000030
0.000011
0.000032
0.000066
0.000114
0.000125
0.000065
-0.000005
-0.000001
0.000077
0.000172
0.000258
0.000305
0.000254
0.000132
0.000053
0.000053
0.000035
-0.000072
-0.000168
-0.000115
0.000011
0.000013
-0.000095
-0.000133
-0.000072
-0.000036
-0.000074
-0.000108
-0.000080
-0.000038
-0.000022
0.000021
0.000112
0.000168
0.000142
0.000102
0.000113
0.000156
0.000176
0.000148
0.000100
0.000070
0.000054
0.000018
-0.000031
-0.000059
-0.000082
-0.000132
-0.000177
-0.000193
-0.000224
-0.000256
-0.000220
-0.000122
-0.000038
0.000003
0.000032
0.000073
0.000095
0.000075
0.000041
0.000026
0.000043
0.000070
0.000057
0.000000
-0.000042
-0.000043
-0.000022
-0.000021
-0.000061
-0.000075
0.000016
0.000157
0.000213
0.000169
0.000123
0.000091
0.000017
-0.000071
-0.000117
-0.000111
-0.000064
-0.000002
0.000034
0.000028
0.000010
0.000011
0.000013
-0.000024
-0.000080
-0.000088
-0.000029
0.000057
0.000118
0.000118
0.000063
0.000007
-0.000005
-0.000001
-0.000043
-0.000111
-0.000157
-0.000194
-0.000198
-0.000090
0.000072
0.000120
0.000055
0.000008
0.000013
0.000009
-0.000050
-0.000132
-0.000142
-0.000023
0.000158
0.000287
0.000341
0.000329
0.000218
0.000049
-0.000065
-0.000105
-0.000126
-0.000145
-0.000163
-0.000171
-0.000138
-0.000079
-0.000047
-0.000051
-0.000047
-0.000021
-0.000002
0.000004
0.000058
0.000166
0.000167
-0.000019
-0.000204
-0.000257
-0.000282
-0.000330
-0.000279
-0.000073
0.000156
0.000267
0.000273
0.000251
0.000256
0.000305
0.000330
0.000265
0.000172
0.000135
0.000129
0.000082
-0.000003
-0.000056
-0.000042
-0.000025
-0.000057
-0.000100
-0.000122
-0.000133
-0.000145
-0.000155
-0.000149
-0.000128
-0.000120
-0.000109
-0.000215
-0.001113
-0.002406
-0.001128
0.003162
0.004860
0.000698
-0.003630
-0.001819
0.003054
0.003343
-0.001345
-0.004057
-0.001297
0.002423
0.001905
-0.001412
-0.002410
-0.000049
0.001874
0.000866
-0.001256
-0.001653
-0.000130
0.001173
0.000746
-0.000524
-0.000856
-0.000031
0.000624
0.000279
-0.000377
-0.000346
0.000240
0.000488
0.000122
-0.000164
0.000151
0.000515
0.000281
-0.000138
-0.000067
0.000251
0.000181
-0.000204
-0.000316
-0.000036
0.000219
0.000178
-0.000096
-0.000286
-0.000073
0.000262
0.000206
-0.000114
-0.000245
0.000001
0.000348
0.000213
-0.000351
-0.000529
-0.000078
0.000348
0.000183
-0.000376
-0.000616
-0.000231
0.000277
0.000203
-0.000321
-0.000327
0.000320
0.000413
-0.000431
-0.000781
0.000194
0.001104
0.000588
-0.000396
-0.000154
0.000901
0.000888
-0.000453
-0.001204
-0.000218
0.000871
0.000290
-0.000708
-0.000315
0.000403
0.000050
-0.000331
0.000168
0.000505
-0.000007
-0.000468
-0.000204
0.000293
0.000361
-0.000081
-0.000447
-0.000330
0.000008
0.000118
-0.000371
-0.001043
-0.000674
0.000799
0.001490
0.000246
-0.001127
-0.000496
0.001092
0.001106
-0.000399
-0.000805
0.000718
0.001564
0.000193
-0.001222
-0.000506
0.001037
0.000568
-0.001520
-0.001835
0.000284
0.001428
-0.000202
-0.001856
-0.000727
0.001663
0.001757
-0.000495
-0.001576
0.000075
0.001916
0.001232
-0.000969
-0.001558
0.000013
0.001004
0.000039
-0.000893
-0.000401
0.000369
0.000071
-0.000761
-0.000466
0.000778
0.001022
-0.000087
-0.000910
-0.000357
0.000517
-0.000077
-0.001108
-0.000049
0.001906
0.001462
-0.000955
-0.001813
-0.000179
0.001253
0.000702
-0.000943
-0.001684
-0.000052
0.002206
0.001735
-0.000907
-0.002045
-0.000261
0.001701
0.001004
-0.000982
-0.001334
0.000034
0.000984
0.000452
-0.000493
-0.000586
-0.000056
0.000153
0.000157
0.000405
0.000441
0.000053
-0.000131
0.000092
0.000175
0.000030
-0.000064
-0.000236
-0.000321
0.000137
0.000687
0.000129
-0.001302
-0.001327
0.000560
0.001435
-0.000246
-0.001656
-0.000207
0.001847
0.001235
-0.000982
-0.001437
0.000151
0.000588
-0.000606
-0.000075
0.001740
0.000578
-0.002686
-0.002250
0.002080
0.003144
-0.001002
-0.003201
-0.000267
0.002585
0.001840
-0.000346
-0.001144
-0.000380
0.000427
0.000474
0.000192
-0.000025
-0.000181
-0.000373
-0.000191
0.000687
0.000879
-0.000728
-0.002369
-0.001585
0.001044
0.002404
0.000838
-0.001836
-0.001960
0.000841
0.002175
0.000401
-0.000918
0.000179
0.001413
0.000237
-0.002031
-0.001671
0.001159
0.002394
0.000791
-0.001203
-0.001677
-0.000799
0.000086
0.000014
-0.000535
-0.000107
0.001361
0.001700
-0.000039
-0.001648
-0.001038
0.000406
0.000183
-0.000827
-0.000261
0.001461
0.002307
0.001510
-0.000083
-0.001305
-0.001743
-0.001210
0.000469
0.001756
0.000363
-0.002537
-0.002645
0.001300
0.004227
0.001297
-0.004218
-0.004841
0.000603
0.004843
0.002535
-0.001999
-0.002521
-0.000124
0.000788
0.000263
0.000421
0.000587
0.000128
-0.000014
0.000567
0.001275
0.001273
0.000756
-0.000204
-0.001796
-0.002168
-0.000131
0.001924
0.001691
-0.000328
-0.002244
-0.002184
0.000185
0.002096
0.000362
-0.002251
-0.000335
0.003322
0.002112
-0.002078
-0.003025
-0.000759
0.000835
0.000721
0.000162
0.000496
0.001428
0.000344
-0.002100
-0.001326
0.001791
0.000962
-0.003623
-0.003343
0.003169
0.005544
0.000312
-0.003671
-0.000888
0.003098
0.001055
-0.004108
-0.003653
0.002320
0.004941
0.001566
-0.001556
-0.001652
-0.001284
-0.001145
-0.000497
0.000530
0.001410
0.001204
-0.000262
-0.001299
-0.000435
0.000888
0.000067
-0.002226
-0.002130
0.001890
0.005837
0.004195
-0.002564
-0.006634
-0.002934
0.003588
0.005001
0.000495
-0.003064
-0.001494
0.000789
0.000475
0.000262
0.000508
-0.001299
-0.003160
-0.000718
0.003817
0.003192
-0.002939
-0.006049
-0.001292
0.005037
0.004468
-0.001902
-0.005585
-0.002329
0.003021
0.004344
0.001843
-0.000817
-0.001576
-0.000822
0.000663
0.002506
0.002853
0.000483
-0.002238
-0.002408
-0.000216
0.001104
-0.000574
-0.002643
-0.001223
0.002595
0.003145
-0.001241
-0.004654
-0.002769
0.000809
0.001752
0.001515
0.001990
0.001151
-0.001540
-0.002351
0.000247
0.002263
0.000875
-0.001190
-0.000820
0.000758
0.001036
0.000139
-0.000894
-0.001451
-0.000155
0.002507
0.002921
-0.000105
-0.002882
-0.001935
0.001165
0.002195
0.000691
-0.000469
-0.000357
-0.000251
-0.000728
-0.001128
-0.001093
-0.001071
-0.001336
-0.001566
-0.000949
0.000533
0.001376
0.001279
0.001546
0.001756
0.000607
-0.000843
-0.000901
0.000005
0.001094
0.002249
0.002426
0.001031
-0.000737
-0.002216
-0.003322
-0.002558
0.000547
0.002651
0.001124
-0.001687
-0.002453
-0.000532
0.001800
0.001145
-0.001512
-0.001811
0.000152
0.000829
0.000194
0.000632
0.001686
0.001389
0.000030
-0.000836
-0.000873
-0.000704
-0.000652
-0.000359
0.000827
0.002071
0.001156
-0.001379
-0.001845
0.000441
0.001390
-0.000841
-0.002643
-0.001207
0.001648
0.002880
0.001521
-0.000952
-0.001970
-0.000571
0.001230
0.001089
-0.000288
-0.000464
0.000706
0.001451
0.001211
0.000328
-0.000645
-0.001051
-0.001508
-0.002020
-0.000875
0.001358
0.001920
0.000563
-0.000558
-0.000696
-0.001051
-0.001950
-0.001972
-0.000474
0.001225
0.001866
0.001715
0.001226
-0.000066
-0.001850
-0.002509
-0.001116
0.001533
0.003140
0.001978
-0.000566
-0.001685
-0.000847
0.000373
0.000799
0.000539
0.000279
0.000209
0.000026
-0.000120
0.000125
0.000596
0.000884
0.000445
-0.000609
-0.000982
-0.000276
0.000273
-0.000061
-0.000642
-0.000642
-0.000278
-0.000528
-0.001690
-0.002447
-0.001010
0.001457
0.001960
0.000954
0.000668
0.000501
-0.000786
-0.001458
0.000588
0.002884
0.001460
-0.002090
-0.002634
0.000793
0.003496
0.001763
-0.001819
-0.002830
-0.001330
0.000106
0.000674
0.000916
0.001153
0.001359
0.001172
0.000631
-0.000023
-0.001505
-0.003243
-0.002528
0.000696
0.002885
0.002044
-0.000193
-0.001734
-0.002230
-0.001472
0.000520
0.001582
0.000187
-0.001411
-0.000652
0.001358
0.001905
0.000521
-0.000868
-0.001005
-0.000545
0.000061
0.001022
0.001640
0.000979
-0.000382
-0.000986
-0.000470
0.000134
-0.000068
-0.000533
-0.000082
0.001111
0.001423
0.000098
-0.001486
-0.001892
-0.001288
-0.000121
0.001472
0.002437
0.001568
-0.000218
-0.000820
-0.000009
0.000519
-0.000297
-0.001810
-0.002579
-0.001450
0.001054
0.002720
0.002463
0.001266
-0.000061
-0.001394
-0.002155
-0.001820
-0.000957
-0.000374
0.000141
0.001023
0.001843
0.001726
0.000346
-0.001273
-0.001701
-0.001075
-0.000573
-0.000365
0.000262
0.001177
0.001478
0.000949
0.000169
-0.000246
-0.000072
0.000127
-0.000286
-0.000671
-0.000080
0.000945
0.001111
0.000386
-0.000161
-0.000419
-0.001129
-0.001936
-0.001483
0.000515
0.002265
0.002080
0.000689
-0.000487
-0.001218
-0.001440
-0.000924
-0.000220
-0.000118
-0.000247
0.000371
0.001422
0.001535
0.000404
-0.000789
-0.001028
-0.000547
-0.000220
-0.000254
-0.000244
-0.000174
-0.000086
0.000387
0.001091
0.001107
0.000244
-0.000436
-0.000338
-0.000405
-0.001222
-0.001508
-0.000289
0.001269
0.001687
0.001001
0.000083
-0.000649
-0.001213
-0.001214
-0.000523
-0.000146
-0.000518
-0.000384
0.000979
0.002205
0.001813
0.000175
-0.001364
-0.001888
-0.001267
-0.000043
0.000933
0.001074
0.000766
0.000870
0.001279
0.001188
0.000371
-0.000696
-0.001364
-0.001132
-0.000035
0.001021
0.001196
0.000841
0.000503
-0.000035
-0.000715
-0.000866
-0.000453
-0.000215
-0.000375
-0.000459
-0.000257
-0.000121
-0.000348
-0.000594
-0.000467
-0.000274
-0.000480
-0.000925
-0.000995
-0.000507
0.000075
0.000365
0.000241
-0.000251
-0.000702
-0.000711
-0.000334
0.000392
0.001571
0.002608
0.002670
0.002022
0.001382
0.000828
0.000100
-0.000812
-0.001378
-0.001087
-0.000359
-0.000165
-0.000683
-0.001268
-0.001615
-0.001635
-0.001348
-0.001361
-0.001642
-0.001122
0.000229
0.001222
0.001456
0.001348
0.000962
0.000316
-0.000159
-0.000133
0.000238
0.000623
0.000964
0.001199
0.001183
0.001165
0.001333
0.001466
0.001433
0.001209
0.000987
0.001140
0.001409
0.001327
0.001099
0.000910
0.000624
0.000561
0.001157
0.001900
0.001795
0.000915
0.000352
0.000331
-0.000186
-0.001552
-0.002973
-0.004034
-0.004880
-0.005601
-0.006288
-0.006894
-0.007328
-0.007898
-0.008731
-0.009047
-0.008009
-0.005837
-0.003190
-0.000160
0.003187
0.006131
0.008004
0.008919
0.009367
0.009490
0.008923
0.007583
0.006367
0.006145
0.006349
0.005859
0.004912
0.004468
0.004268
0.003404
0.002015
0.000811
-0.000067
-0.000830
-0.001760
-0.003261
-0.005352
-0.007389
-0.008683
-0.008943
-0.008268
-0.007381
-0.007230
-0.007742
-0.007854
-0.007024
-0.005575
-0.003613
-0.001098
0.001363
0.003126
0.004297
0.005276
0.006175
0.006878
0.007188
0.006854
0.005738
0.004011
0.001976
0.000042
-0.001086
-0.001023
-0.000271
0.000379
0.000472
-0.000025
-0.000712
-0.001000
-0.000613
0.000197
0.000973
0.001444
0.001693
0.002010
0.002432
0.002701
0.002755
0.002826
0.002991
0.003165
0.003284
0.003046
0.002118
0.000741
-0.000725
-0.002317
-0.003814
-0.004669
-0.005063
-0.005801
-0.007029
-0.008011
-0.008208
-0.007842
-0.007246
-0.006356
-0.005025
-0.003358
-0.001572
0.000336
0.002396
0.004173
0.005127
0.005492
0.005953
0.006461
0.006370
0.005636
0.004831
0.004208
0.003572
0.002871
0.002202
0.001429
0.000440
-0.000424
-0.000755
-0.000729
-0.000963
-0.001749
-0.002649
-0.002997
-0.002707
-0.002336
-0.002290
-0.002299
-0.001959
-0.001408
-0.001067
-0.000980
-0.000863
-0.000739
-0.000846
-0.001000
-0.000778
-0.000244
0.000121
0.000179
0.000320
0.000803
0.001285
0.001285
0.000930
0.000709
0.000684
0.000601
0.000565
0.000922
0.001550
0.001885
0.001697
0.001323
0.001076
0.000802
0.000195
-0.000585
-0.000977
-0.000811
-0.000570
-0.000581
-0.000544
-0.000282
-0.000229
-0.000563
-0.000730
-0.000502
-0.000441
-0.000722
-0.000741
-0.000281
0.000138
0.000253
0.000343
0.000424
0.000187
-0.000165
-0.000116
0.000172
0.000170
-0.000025
0.000010
0.000209
0.000228
0.000068
0.000012
0.000197
0.000498
0.000643
0.000443
0.000038
-0.000271
-0.000443
-0.000615
-0.000716
-0.000616
-0.000510
-0.000592
-0.000556
-0.000110
0.000293
0.000146
-0.000105
0.000125
0.000458
0.000390
0.000229
0.000298
0.000280
0.000020
-0.000029
0.000288
0.000408
0.000103
-0.000043
0.000288
0.000613
0.000536
0.000268
0.000039
-0.000165
-0.000278
-0.000327
-0.000503
-0.000622
-0.000379
-0.000120
-0.000222
-0.000255
0.000072
0.000172
-0.000184
-0.000290
0.000050
0.000096
-0.000275
-0.000301
0.000101
0.000268
0.000194
0.000300
0.000429
0.000334
0.000235
0.000180
-0.000017
-0.000139
0.000027
0.000071
-0.000163
-0.000076
0.000351
0.000315
-0.000126
-0.000126
0.000168
-0.000017
-0.000451
-0.000449
-0.000166
-0.000084
-0.000177
-0.000272
-0.000345
-0.000265
0.000043
0.000317
0.000375
0.000366
0.000366
0.000308
0.000221
0.000172
0.000109
-0.000071
-0.000325
-0.000408
-0.000136
0.000258
0.000285
-0.000102
-0.000375
-0.000287
-0.000216
-0.000353
-0.000383
-0.000232
-0.000199
-0.000214
0.000109
0.000660
0.000860
0.000560
0.000233
0.000174
0.000149
-0.000074
-0.000299
-0.000219
0.000078
0.000221
0.000117
0.000049
0.000129
0.000063
-0.000306
-0.000615
-0.000530
-0.000349
-0.000428
-0.000422
0.000031
0.000452
0.000424
0.000405
0.000645
0.000593
0.000089
-0.000264
-0.000226
-0.000155
-0.000173
-0.000128
-0.000039
0.000092
0.000298
0.000303
-0.000034
-0.000252
-0.000128
-0.000172
-0.000523
-0.000592
-0.000288
-0.000150
-0.000147
0.000171
0.000597
0.000603
0.000248
-0.000056
-0.000209
-0.000310
-0.000351
-0.000312
-0.000184
0.000080
0.000371
0.000475
0.000452
0.000487
0.000479
0.000289
0.000091
0.000054
0.000030
-0.000119
-0.000237
-0.000183
-0.000091
-0.000113
-0.000152
-0.000070
0.000061
0.000071
-0.000036
-0.000115
-0.000176
-0.000308
-0.000380
-0.000226
0.000003
0.000098
0.000125
0.000161
0.000110
-0.000029
-0.000123
-0.000190
-0.000306
-0.000300
-0.000048
0.000180
0.000183
0.000234
0.000522
0.000695
0.000426
0.000003
-0.000129
-0.000036
-0.000043
-0.000152
-0.000134
0.000003
0.000075
0.000079
0.000101
0.000094
0.000035
-0.000027
-0.000137
-0.000333
-0.000518
-0.000650
-0.000736
-0.000649
-0.000347
-0.000115
-0.000137
-0.000132
0.000170
0.000523
0.000575
0.000440
0.000459
0.000621
0.000592
0.000302
0.000104
0.000154
0.000116
-0.000160
-0.000292
-0.000094
0.000011
-0.000278
-0.000568
-0.000393
-0.000001
0.000086
-0.000056
0.000016
0.000287
0.000349
0.000154
0.000104
0.000334
0.000459
0.000250
-0.000000
-0.000019
-0.000028
-0.000333
-0.000712
-0.000750
-0.000546
-0.000436
-0.000335
-0.000028
0.000298
0.000418
0.000457
0.000520
0.000430
0.000137
-0.000117
-0.000193
-0.000166
-0.000085
0.000044
0.000230
0.000488
0.000698
0.000700
0.000542
0.000400
0.000319
0.000207
0.000014
-0.000195
-0.000379
-0.000544
-0.000637
-0.000613
-0.000548
-0.000526
-0.000504
-0.000440
-0.000418
-0.000489
-0.000549
-0.000499
-0.000435
-0.000487
-0.000550
-0.000439
-0.000258
-0.000227
-0.000206
0.000129
0.000622
0.000755
0.000495
0.000352
0.000504
0.000602
0.000432
0.000203
0.000176
0.000381
0.000662
0.000864
0.000940
0.000922
0.000838
0.000692
0.000512
0.000327
0.000081
-0.000273
-0.000645
-0.000887
-0.000930
-0.000830
-0.000741
-0.000790
-0.000910
-0.000879
-0.000639
-0.000447
-0.000439
-0.000409
-0.000241
-0.000049
0.000117
0.000321
0.000590
0.000856
0.001027
0.001096
0.001120
0.001119
0.001037
0.000841
0.000652
0.000567
0.000466
0.000304
0.000218
0.000189
0.000064
-0.000119
-0.000200
-0.000173
-0.000152
-0.000179
-0.000309
-0.000729
-0.001435
-0.002070
-0.002401
-0.002522
-0.002485
-0.002219
-0.001755
-0.001177
-0.000527
0.000098
0.000561
0.000841
0.000990
0.001001
0.000893
0.000744
0.000592
0.000506
0.000633
0.000962
0.001291
0.001516
0.001701
0.001841
0.001801
0.001528
0.001138
0.000788
0.000489
0.000062
-0.000565
-0.001150
-0.001485
-0.001725
-0.002118
-0.002571
-0.002662
-0.002165
-0.001389
-0.000797
-0.000431
0.000170
0.001275
0.002321
0.002598
0.002418
0.002552
0.002830
0.002505
0.001665
0.001062
0.000821
0.000393
-0.000298
-0.000654
-0.000477
-0.000349
-0.000572
-0.000619
-0.000180
0.000123
-0.000246
-0.000834
-0.001111
-0.001394
-0.002054
-0.002696
-0.002856
-0.002749
-0.002664
-0.002339
-0.001569
-0.000805
-0.000477
-0.000336
0.000025
0.000460
0.000561
0.000374
0.000335
0.000610
0.000949
0.001190
0.001482
0.001944
0.002431
0.002720
0.002729
0.002556
0.002314
0.001897
0.001142
0.000257
-0.000426
-0.001024
-0.001799
-0.002578
-0.003142
-0.003756
-0.004550
-0.004746
-0.003568
-0.001647
-0.000273
0.000579
0.001975
0.003837
0.004806
0.004589
0.004475
0.004790
0.004115
0.002202
0.000956
0.001176
0.001233
0.000283
-0.000210
0.000532
0.000994
0.000159
-0.000810
-0.000992
-0.001397
-0.002967
-0.004859
-0.005874
-0.006026
-0.005724
-0.004919
-0.003705
-0.002419
-0.000959
0.000781
0.002118
0.002500
0.002439
0.002322
0.001583
0.000260
-0.000417
-0.000022
0.000484
0.000863
0.002055
0.004002
0.005320
0.005533
0.005423
0.005119
0.003890
0.001689
-0.000605
-0.002319
-0.003506
-0.004402
-0.004887
-0.004663
-0.003778
-0.002713
-0.001879
-0.001267
-0.000786
-0.000665
-0.001198
-0.002224
-0.003141
-0.003525
-0.003580
-0.003662
-0.003580
-0.002923
-0.001701
-0.000025
0.002153
0.004369
0.005795
0.006478
0.007119
0.007567
0.007095
0.006003
0.005214
0.004578
0.003390
0.002065
0.001571
0.001737
0.001573
0.000829
0.000083
-0.000478
-0.001343
-0.002708
-0.004088
-0.005198
-0.006478
-0.008231
-0.009631
-0.009355
-0.007438
-0.005519
-0.004531
-0.003396
-0.001164
0.001028
0.001880
0.002225
0.003160
0.003672
0.002694
0.001591
0.002020
0.003162
0.003446
0.003409
0.004457
0.006047
0.006549
0.005970
0.005481
0.005041
0.003611
0.001238
-0.000874
-0.002257
-0.003544
-0.004891
-0.005555
-0.005187
-0.004368
-0.003745
-0.003304
-0.002743
-0.002245
-0.002359
-0.003136
-0.003872
-0.004059
-0.004209
-0.005017
-0.005900
-0.005410
-0.003130
-0.000169
0.002388
0.004627
0.007000
0.009152
0.010305
0.010401
0.009995
0.009146
0.007300
0.004620
0.002467
0.001675
0.001380
0.000596
-0.000175
-0.000111
0.000252
-0.000078
-0.000921
-0.001636
-0.002639
-0.004668
-0.007176
-0.008963
-0.009978
-0.010806
-0.010881
-0.009312
-0.006867
-0.004896
-0.002958
0.000053
0.003175
0.004537
0.004461
0.004573
0.004781
0.003982
0.002720
0.002471
0.003169
0.003730
0.004306
0.005798
0.007631
0.008220
0.007354
0.006181
0.005074
0.003214
0.000326
-0.002605
-0.004736
-0.006286
-0.007557
-0.008052
-0.007294
-0.005823
-0.004566
-0.003680
-0.002762
-0.001885
-0.001679
-0.002453
-0.003821
-0.005331
-0.006815
-0.007636
-0.006571
-0.003554
-0.000205
0.002532
0.005562
0.009342
0.012445
0.013700
0.013740
0.013170
0.011201
0.007550
0.003851
0.001660
0.000469
-0.000903
-0.002122
-0.002041
-0.000853
0.000116
0.000358
0.000312
-0.000207
-0.002014
-0.004946
-0.007773
-0.009830
-0.011473
-0.012842
-0.013213
-0.011890
-0.009128
-0.005854
-0.002616
0.000750
0.004071
0.006239
0.006660
0.006353
0.006199
0.005462
0.003616
0.002051
0.002248
0.003627
0.004947
0.006358
0.008203
0.009429
0.009068
0.007796
0.006469
0.004458
0.000925
-0.003237
-0.006400
-0.008430
-0.010035
-0.010790
-0.009891
-0.007967
-0.006254
-0.004748
-0.002851
-0.001171
-0.000987
-0.002470
-0.004699
-0.006633
-0.007375
-0.006590
-0.004898
-0.002878
-0.000052
0.004057
0.008559
0.012169
0.014821
0.016745
0.016857
0.014205
0.010209
0.007082
0.004680
0.001437
-0.002191
-0.004089
-0.003971
-0.003466
-0.002950
-0.001475
0.000298
0.000319
-0.001567
-0.003532
-0.005053
-0.007469
-0.010918
-0.013466
-0.013964
-0.013287
-0.012013
-0.009295
-0.004942
-0.000535
0.002664
0.005226
0.007779
0.009405
0.009151
0.007615
0.005940
0.004469
0.003153
0.002501
0.003215
0.005018
0.006662
0.007355
0.007612
0.008046
0.007872
0.005853
0.002382
-0.001052
-0.004095
-0.007361
-0.010382
-0.011762
-0.011363
-0.010434
-0.009379
-0.007339
-0.004395
-0.002333
-0.002337
-0.003391
-0.003915
-0.003756
-0.003625
-0.003499
-0.002642
-0.000804
0.001629
0.004504
0.007941
0.011575
0.014399
0.015471
0.014742
0.013119
0.011322
0.008937
0.005324
0.001214
-0.001861
-0.003608
-0.004809
-0.005376
-0.004651
-0.003316
-0.002838
-0.003292
-0.003597
-0.003764
-0.005005
-0.007491
-0.009867
-0.011248
-0.011955
-0.012013
-0.010641
-0.007781
-0.004538
-0.001482
0.001890
0.005531
0.008330
0.009562
0.009610
0.009063
0.008043
0.006673
0.005482
0.004965
0.005024
0.005086
0.004824
0.004668
0.005143
0.005646
0.004849
0.002595
0.000138
-0.001926
-0.004325
-0.007157
-0.009193
-0.009876
-0.010132
-0.010369
-0.009612
-0.007648
-0.006128
-0.006196
-0.006599
-0.005538
-0.003270
-0.001460
-0.000542
0.000654
0.002714
0.004850
0.006619
0.008717
0.011329
0.013108
0.012917
0.011621
0.010799
0.010302
0.008696
0.005738
0.002761
0.000613
-0.001175
-0.002904
-0.003953
-0.004156
-0.004475
-0.005488
-0.006398
-0.006403
-0.006218
-0.007247
-0.009406
-0.010871
-0.010522
-0.009457
-0.008930
-0.008099
-0.005686
-0.002628
-0.000520
0.001361
0.004429
0.007438
0.008260
0.007695
0.007957
0.008761
0.008282
0.006904
0.006614
0.007246
0.006810
0.005213
0.004409
0.004848
0.004508
0.002182
-0.000559
-0.002146
-0.003490
-0.005742
-0.007881
-0.008591
-0.008595
-0.009090
-0.009400
-0.008379
-0.006944
-0.006840
-0.007731
-0.007555
-0.005453
-0.002869
-0.001357
-0.000340
0.001733
0.004770
0.007375
0.009278
0.011333
0.013270
0.013611
0.012173
0.010637
0.009903
0.008733
0.006002
0.002715
0.000534
-0.000564
-0.001691
-0.002899
-0.003415
-0.003525
-0.004288
-0.005576
-0.006254
-0.006363
-0.007297
-0.009365
-0.010960
-0.010998
-0.010296
-0.009716
-0.008654
-0.006358
-0.003488
-0.001101
0.001117
0.003913
0.006519
0.007655
0.007661
0.007754
0.008024
0.007754
0.007127
0.007075
0.007532
0.007377
0.006346
0.005516
0.005442
0.005020
0.003103
0.000420
-0.001606
-0.003170
-0.005288
-0.007537
-0.008710
-0.008989
-0.009413
-0.009731
-0.008899
-0.007492
-0.007262
-0.008126
-0.007937
-0.005741
-0.003161
-0.001760
-0.000709
0.001557
0.004648
0.007112
0.009008
0.011280
0.013284
0.013407
0.011939
0.010804
0.010365
0.009051
0.006255
0.003255
0.001158
-0.000357
-0.001844
-0.002878
-0.003065
-0.003233
-0.004206
-0.005403
-0.005950
-0.006179
-0.007050
-0.008775
-0.010539
-0.011297
-0.010770
-0.009703
-0.008822
-0.007597
-0.005082
-0.001829
0.000859
0.003156
0.005837
0.008053
0.008558
0.008136
0.008356
0.008908
0.008537
0.007590
0.007199
0.006983
0.006012
0.004893
0.004594
0.004315
0.002668
0.000185
-0.001539
-0.002602
-0.004303
-0.006477
-0.007857
-0.008441
-0.009140
-0.009689
-0.009244
-0.008577
-0.009090
-0.009916
-0.008832
-0.005834
-0.003118
-0.001605
0.000126
0.003088
0.006238
0.008535
0.010530
0.012599
0.013572
0.012674
0.011146
0.010374
0.009712
0.007798
0.004947
0.002551
0.001000
-0.000239
-0.001295
-0.001942
-0.002459
-0.003375
-0.004584
-0.005517
-0.006078
-0.006778
-0.008083
-0.009845
-0.011241
-0.011525
-0.010840
-0.009843
-0.008620
-0.006652
-0.003938
-0.001218
0.001286
0.003977
0.006442
0.007715
0.008009
0.008392
0.008947
0.008895
0.008275
0.007926
0.007855
0.007240
0.006100
0.005333
0.005023
0.004112
0.002058
-0.000258
-0.001950
-0.003421
-0.005242
-0.006970
-0.008072
-0.008796
-0.009399
-0.009540
-0.009155
-0.009103
-0.009817
-0.010040
-0.008396
-0.005523
-0.003166
-0.001591
0.000570
0.003826
0.006988
0.009344
0.011510
0.013414
0.013830
0.012620
0.011352
0.010825
0.009777
0.007162
0.004008
0.001779
0.000437
-0.000775
-0.001870
-0.002495
-0.002978
-0.003824
-0.004716
-0.005157
-0.005529
-0.006543
-0.008255
-0.010116
-0.011356
-0.011390
-0.010477
-0.009541
-0.008742
-0.007030
-0.003957
-0.000676
0.001918
0.004355
0.006818
0.008305
0.008600
0.008879
0.009486
0.009343
0.008183
0.007163
0.006762
0.006209
0.005280
0.004682
0.004464
0.003643
0.001816
-0.000116
-0.001472
-0.002828
-0.004705
-0.006525
-0.007714
-0.008530
-0.009175
-0.009399
-0.009489
-0.010235
-0.011136
-0.010407
-0.007713
-0.004900
-0.003127
-0.001261
0.001857
0.005388
0.008139
0.010483
0.012837
0.014016
0.013177
0.011680
0.011032
0.010424
0.008266
0.005018
0.002454
0.001005
-0.000163
-0.001254
-0.001834
-0.002115
-0.002790
-0.003774
-0.004346
-0.004558
-0.005278
-0.006833
-0.008747
-0.010470
-0.011442
-0.011251
-0.010418
-0.009824
-0.008972
-0.006528
-0.002856
0.000254
0.002534
0.005148
0.007792
0.008999
0.009037
0.009454
0.010107
0.009541
0.007958
0.006924
0.006528
0.005621
0.004329
0.003695
0.003467
0.002468
0.000677
-0.000802
-0.001715
-0.002937
-0.004721
-0.006330
-0.007433
-0.008351
-0.009124
-0.009663
-0.010468
-0.011677
-0.011879
-0.009803
-0.006629
-0.004359
-0.002656
0.000209
0.004100
0.007340
0.009672
0.012087
0.014080
0.014106
0.012545
0.011359
0.010872
0.009354
0.006164
0.002990
0.001215
0.000222
-0.000857
-0.001703
-0.001982
-0.002322
-0.003127
-0.003774
-0.003923
-0.004303
-0.005475
-0.007161
-0.009009
-0.010647
-0.011302
-0.010818
-0.010279
-0.010123
-0.008894
-0.005636
-0.001846
0.000966
0.003522
0.006535
0.008771
0.009366
0.009586
0.010414
0.010672
0.009337
0.007592
0.006704
0.005971
0.004546
0.003189
0.002667
0.002242
0.001085
-0.000272
-0.001098
-0.001834
-0.003157
-0.004783
-0.006127
-0.007211
-0.008206
-0.009039
-0.009954
-0.011333
-0.012404
-0.011610
-0.009011
-0.006454
-0.004568
-0.001839
0.002383
0.006469
0.009288
0.011747
0.014208
0.015110
0.013753
0.011934
0.011120
0.010102
0.007298
0.003663
0.001217
0.000050
-0.001054
-0.002187
-0.002564
-0.002389
-0.002613
-0.003229
-0.003453
-0.003386
-0.003935
-0.005392
-0.007251
-0.008963
-0.010163
-0.010706
-0.010810
-0.010741
-0.010084
-0.008061
-0.004872
-0.001596
0.001328
0.004235
0.007024
0.009064
0.010243
0.011073
0.011554
0.011029
0.009556
0.008062
0.006816
0.005242
0.003351
0.001945
0.001267
0.000598
-0.000464
-0.001393
-0.001870
-0.002371
-0.003286
-0.004389
-0.005355
-0.006232
-0.007216
-0.008402
-0.009934
-0.011644
-0.012437
-0.011331
-0.009002
-0.006846
-0.004792
-0.001585
0.002842
0.007014
0.010230
0.013095
0.015344
0.015701
0.014308
0.012901
0.012000
0.010025
0.006182
0.002199
-0.000145
-0.001328
-0.002572
-0.003696
-0.003887
-0.003458
-0.003292
-0.003253
-0.002776
-0.002364
-0.002999
-0.004643
-0.006491
-0.008067
-0.009295
-0.010150
-0.010730
-0.010996
-0.010267
-0.007964
-0.004765
-0.001770
0.001070
0.004299
0.007404
0.009482
0.010761
0.011868
0.012291
0.011281
0.009524
0.008117
0.006738
0.004590
0.002264
0.000930
0.000353
-0.000551
-0.001728
-0.002294
-0.002333
-0.002685
-0.003456
-0.004142
-0.004695
-0.005456
-0.006537
-0.008022
-0.010058
-0.011956
-0.012286
-0.010779
-0.008841
-0.007261
-0.004922
-0.000855
0.003891
0.007851
0.011203
0.014426
0.016392
0.016083
0.014711
0.013797
0.012480
0.009149
0.004610
0.001150
-0.000775
-0.002452
-0.004188
-0.005038
-0.004825
-0.004425
-0.004132
-0.003374
-0.002279
-0.001957
-0.002978
-0.004748
-0.006428
-0.007638
-0.008503
-0.009492
-0.010695
-0.011097
-0.009630
-0.006934
-0.004425
-0.001961
0.001406
0.005083
0.007731
0.009586
0.011612
0.013165
0.012899
0.011350
0.010120
0.009061
0.006852
0.003795
0.001487
0.000239
-0.001014
-0.002577
-0.003578
-0.003641
-0.003503
-0.003773
-0.004193
-0.004345
-0.004329
-0.004610
-0.005655
-0.007618
-0.009829
-0.010964
-0.010510
-0.009469
-0.008669
-0.007275
-0.004176
0.000081
0.004209
0.008089
0.012049
0.015102
0.016031
0.015566
0.015272
0.014757
0.012305
0.007999
0.003889
0.001002
-0.001512
-0.004098
-0.005859
-0.006299
-0.006209
-0.006136
-0.005433
-0.003800
-0.002401
-0.002273
-0.002960
-0.003621
-0.004304
-0.005409
-0.006826
-0.008232
-0.009424
-0.009897
-0.009051
-0.007129
-0.004930
-0.002547
0.000517
0.004099
0.007403
0.010085
0.012165
0.013254
0.013079
0.012245
0.011275
0.009609
0.006789
0.003690
0.001320
-0.000609
-0.002715
-0.004572
-0.005431
-0.005521
-0.005518
-0.005399
-0.004809
-0.004013
-0.003600
-0.003742
-0.004483
-0.006020
-0.007921
-0.008951
-0.008641
-0.008055
-0.007907
-0.007057
-0.004283
-0.000359
0.003355
0.006989
0.010982
0.014302
0.015773
0.016006
0.016144
0.015567
0.012865
0.008546
0.004540
0.001436
-0.001621
-0.004709
-0.006866
-0.007775
-0.008049
-0.007863
-0.006759
-0.004958
-0.003473
-0.002817
-0.002671
-0.002742
-0.003147
-0.004019
-0.005241
-0.006622
-0.007887
-0.008473
-0.007953
-0.006605
-0.004969
-0.002979
-0.000257
0.002937
0.005936
0.008602
0.011047
0.012832
0.013448
0.013128
0.012264
0.010605
0.007898
0.004751
0.001951
-0.000482
-0.002835
-0.004901
-0.006267
-0.006936
-0.007174
-0.007041
-0.006466
-0.005570
-0.004625
-0.003992
-0.004175
-0.005309
-0.006560
-0.006918
-0.006561
-0.006494
-0.006722
-0.005911
-0.003403
-0.000268
0.002579
0.005730
0.009526
0.012721
0.014311
0.015093
0.015933
0.015855
0.013552
0.009761
0.006245
0.003224
-0.000225
-0.003932
-0.006687
-0.008152
-0.009050
-0.009521
-0.008919
-0.007353
-0.005872
-0.005005
-0.004351
-0.003542
-0.002816
-0.002658
-0.003257
-0.004325
-0.005284
-0.005674
-0.005543
-0.005165
-0.004413
-0.002928
-0.000762
0.001693
0.004276
0.007028
0.009597
0.011357
0.012280
0.012823
0.012781
0.011422
0.008908
0.006311
0.004011
0.001325
-0.001937
-0.004815
-0.006625
-0.007794
-0.008759
-0.009210
-0.008800
-0.007789
-0.006672
-0.005726
-0.005187
-0.005201
-0.005352
-0.004993
-0.004264
-0.003939
-0.004032
-0.003511
-0.001818
0.000362
0.002472
0.004936
0.007865
0.010356
0.011953
0.013307
0.014588
0.014709
0.012966
0.010237
0.007617
0.004960
0.001729
-0.001719
-0.004597
-0.006768
-0.008533
-0.009682
-0.009726
-0.008934
-0.008088
-0.007367
-0.006434
-0.005309
-0.004336
-0.003631
-0.003176
-0.003156
-0.003549
-0.003744
-0.003331
-0.002775
-0.002445
-0.001733
-0.000112
0.001828
0.003454
0.005179
0.007336
0.009204
0.010222
0.010861
0.011362
0.011019
0.009512
0.007548
0.005567
0.003140
0.000127
-0.002775
-0.005050
-0.006895
-0.008489
-0.009548
-0.009804
-0.009379
-0.008553
-0.007599
-0.006914
-0.006634
-0.006177
-0.005011
-0.003624
-0.002853
-0.002505
-0.001562
0.000248
0.002137
0.003786
0.005727
0.007807
0.009093
0.009622
0.010455
0.011750
0.012257
0.011217
0.009465
0.007882
0.006048
0.003386
0.000440
-0.001987
-0.004018
-0.006071
-0.007787
-0.008570
-0.008649
-0.008675
-0.008678
-0.008247
-0.007397
-0.006499
-0.005618
-0.004653
-0.003873
-0.003535
-0.003269
-0.002580
-0.001649
-0.000940
-0.000304
0.000795
0.002292
0.003664
0.004969
0.006549
0.008042
0.008974
0.009621
0.010170
0.010024
0.008874
0.007391
0.006012
0.004203
0.001680
-0.000912
-0.003088
-0.005066
-0.006965
-0.008442
-0.009261
-0.009564
-0.009451
-0.008894
-0.008202
-0.007839
-0.007597
-0.006728
-0.005138
-0.003650
-0.002680
-0.001520
0.000425
0.002585
0.004297
0.005902
0.007803
0.009437
0.010208
0.010581
0.011225
0.011665
0.010944
0.009215
0.007426
0.005749
0.003634
0.001111
-0.001171
-0.003002
-0.004713
-0.006339
-0.007471
-0.007950
-0.008078
-0.008106
-0.007968
-0.007589
-0.007131
-0.006680
-0.005970
-0.004974
-0.004230
-0.003886
-0.003240
-0.001994
-0.000884
-0.000243
0.000737
0.002380
0.003783
0.004631
0.005846
0.007602
0.008778
0.008989
0.009124
0.009433
0.009014
0.007639
0.006176
0.004865
0.003009
0.000518
-0.001835
-0.003695
-0.005398
-0.007107
-0.008499
-0.009218
-0.009204
-0.008717
-0.008243
-0.008124
-0.008076
-0.007440
-0.006075
-0.004551
-0.003297
-0.002078
-0.000528
0.001224
0.002888
0.004614
0.006642
0.008573
0.009741
0.010244
0.010772
0.011340
0.011128
0.009845
0.008257
0.006842
0.005059
0.002600
0.000161
-0.001695
-0.003344
-0.005174
-0.006789
-0.007644
-0.007867
-0.007950
-0.008045
-0.007964
-0.007580
-0.006971
-0.006250
-0.005495
-0.004782
-0.004030
-0.003055
-0.002056
-0.001356
-0.000581
0.000715
0.001957
0.002544
0.003192
0.004686
0.006278
0.006998
0.007423
0.008414
0.009244
0.008843
0.007809
0.007212
0.006516
0.004673
0.002189
0.000234
-0.001324
-0.003347
-0.005676
-0.007406
-0.008319
-0.008849
-0.009122
-0.008968
-0.008512
-0.008113
-0.007817
-0.007210
-0.005920
-0.004235
-0.002877
-0.001911
-0.000496
0.001695
0.003752
0.005031
0.006237
0.008051
0.009781
0.010443
0.010340
0.010400
0.010492
0.009701
0.008053
0.006478
0.005116
0.003175
0.000577
-0.001655
-0.003019
-0.004314
-0.006105
-0.007586
-0.007952
-0.007759
-0.007901
-0.008186
-0.007919
-0.007221
-0.006709
-0.006288
-0.005359
-0.004008
-0.002966
-0.002428
-0.001768
-0.000542
0.000918
0.002076
0.002892
0.003777
0.004985
0.006244
0.007157
0.007751
0.008261
0.008518
0.008217
0.007604
0.007064
0.006260
0.004648
0.002576
0.000861
-0.000544
-0.002371
-0.004643
-0.006540
-0.007630
-0.008336
-0.008984
-0.009221
-0.008830
-0.008342
-0.008198
-0.007907
-0.006762
-0.005015
-0.003566
-0.002520
-0.001000
0.001261
0.003319
0.004627
0.005945
0.007865
0.009579
0.010159
0.010121
0.010410
0.010638
0.009865
0.008370
0.007041
0.005700
0.003555
0.000907
-0.001095
-0.002289
-0.003695
-0.005689
-0.007296
-0.007751
-0.007627
-0.007758
-0.008016
-0.007874
-0.007360
-0.006766
-0.006054
-0.005110
-0.004143
-0.003381
-0.002732
-0.001982
-0.001012
0.000211
0.001441
0.002270
0.002849
0.003874
0.005424
0.006679
0.007240
0.007682
0.008343
0.008729
0.008538
0.008124
0.007470
0.005925
0.003557
0.001459
0.000060
-0.001511
-0.003837
-0.006204
-0.007667
-0.008330
-0.008818
-0.009160
-0.009066
-0.008654
-0.008204
-0.007650
-0.006706
-0.005348
-0.003980
-0.002918
-0.001787
0.000029
0.002265
0.003892
0.004717
0.005837
0.007789
0.009497
0.009999
0.009886
0.010031
0.010087
0.009320
0.008047
0.006914
0.005456
0.002992
0.000323
-0.001256
-0.002144
-0.003774
-0.006097
-0.007614
-0.007808
-0.007713
-0.007969
-0.008063
-0.007712
-0.007374
-0.007071
-0.006163
-0.004659
-0.003521
-0.003193
-0.002821
-0.001598
-0.000042
0.000930
0.001447
0.002220
0.003290
0.004287
0.005262
0.006347
0.007202
0.007544
0.007680
0.008000
0.008281
0.007903
0.006668
0.005046
0.003585
0.002307
0.000784
-0.001231
-0.003453
-0.005422
-0.006933
-0.008027
-0.008771
-0.009150
-0.009126
-0.008736
-0.008099
-0.007409
-0.006809
-0.006180
-0.005229
-0.003828
-0.002104
-0.000229
0.001620
0.003153
0.004358
0.005828
0.007887
0.009714
0.010349
0.010151
0.010116
0.010266
0.009878
0.008790
0.007323
0.005403
0.002950
0.000683
-0.000690
-0.001723
-0.003496
-0.005846
-0.007475
-0.007844
-0.007766
-0.007929
-0.008072
-0.007909
-0.007624
-0.007142
-0.006050
-0.004602
-0.003725
-0.003558
-0.003035
-0.001545
0.000071
0.000923
0.001378
0.002154
0.003137
0.003956
0.004839
0.005971
0.006759
0.006810
0.006851
0.007550
0.008246
0.007924
0.006701
0.005403
0.004244
0.002883
0.001324
-0.000218
-0.001947
-0.004051
-0.006029
-0.007258
-0.007897
-0.008536
-0.009179
-0.009266
-0.008617
-0.007740
-0.007135
-0.006686
-0.005914
-0.004659
-0.003222
-0.001690
0.000294
0.002532
0.004112
0.005036
0.006510
0.008798
0.010452
0.010519
0.009976
0.009990
0.010109
0.009337
0.007841
0.006272
0.004416
0.001970
-0.000240
-0.001392
-0.002301
-0.004225
-0.006602
-0.007787
-0.007628
-0.007429
-0.007727
-0.007904
-0.007630
-0.007165
-0.006537
-0.005502
-0.004252
-0.003447
-0.003222
-0.002735
-0.001292
0.000480
0.001374
0.001385
0.001799
0.003209
0.004675
0.005432
0.005926
0.006532
0.006869
0.006931
0.007347
0.007939
0.007551
0.005944
0.004429
0.003784
0.003048
0.001307
-0.000840
-0.002531
-0.003950
-0.005453
-0.006650
-0.007280
-0.007873
-0.008636
-0.008828
-0.008063
-0.007133
-0.006827
-0.006814
-0.006235
-0.004888
-0.003294
-0.001823
-0.000281
0.001487
0.003103
0.004346
0.005820
0.007940
0.009813
0.010352
0.009940
0.009752
0.009909
0.009538
0.008314
0.006753
0.005053
0.002927
0.000685
-0.000875
-0.001892
-0.003390
-0.005502
-0.007056
-0.007374
-0.007275
-0.007619
-0.008032
-0.007866
-0.007340
-0.006865
-0.006126
-0.004810
-0.003585
-0.003167
-0.002921
-0.001764
-0.000047
0.000964
0.001229
0.001916
0.003292
0.004378
0.004875
0.005591
0.006672
0.007160
0.006769
0.006490
0.006821
0.006857
0.005905
0.004645
0.003784
0.002833
0.001241
-0.000389
-0.001388
-0.002280
-0.003760
-0.005343
-0.006233
-0.006710
-0.007470
-0.008246
-0.008317
-0.007768
-0.007195
-0.006679
-0.005926
-0.004991
-0.004156
-0.003293
-0.001916
0.000085
0.002137
0.003573
0.004442
0.005527
0.007307
0.009135
0.009984
0.009795
0.009333
0.008947
0.008390
0.007622
0.006735
0.005315
0.003037
0.000658
-0.000781
-0.001578
-0.002980
-0.005169
-0.006916
-0.007443
-0.007316
-0.007249
-0.007243
-0.007224
-0.007349
-0.007243
-0.006199
-0.004559
-0.003585
-0.003555
-0.003240
-0.001741
0.000273
0.001682
0.002323
0.002742
0.003330
0.004198
0.005284
0.006188
0.006367
0.005876
0.005493
0.005704
0.006016
0.005675
0.004666
0.003644
0.003041
0.002581
0.001757
0.000486
-0.000928
-0.002203
-0.003217
-0.003991
-0.004729
-0.005647
-0.006620
-0.007205
-0.007170
-0.006834
-0.006610
-0.006404
-0.005862
-0.005009
-0.004170
-0.003396
-0.002467
-0.001277
0.000200
0.001955
0.003605
0.004641
0.005324
0.006501
0.008170
0.009246
0.009121
0.008430
0.007940
0.007640
0.007199
0.006418
0.005008
0.002812
0.000519
-0.000830
-0.001361
-0.002384
-0.004453
-0.006461
-0.007245
-0.007068
-0.006886
-0.007021
-0.007254
-0.007432
-0.007242
-0.006226
-0.004642
-0.003479
-0.003095
-0.002633
-0.001264
0.000603
0.001895
0.002325
0.002632
0.003440
0.004516
0.005269
0.005528
0.005560
0.005591
0.005617
0.005565
0.005353
0.004862
0.004119
0.003421
0.002943
0.002311
0.001088
-0.000388
-0.001369
-0.001844
-0.002529
-0.003689
-0.004779
-0.005354
-0.005583
-0.005726
-0.005800
-0.005828
-0.005846
-0.005620
-0.004893
-0.003957
-0.003431
-0.003372
-0.003111
-0.002112
-0.000541
0.001127
0.002514
0.003347
0.003811
0.004705
0.006423
0.008082
0.008503
0.007781
0.007072
0.007014
0.007146
0.006809
0.005790
0.004117
0.002088
0.000461
-0.000322
-0.001017
-0.002645
-0.004835
-0.006247
-0.006489
-0.006415
-0.006660
-0.007041
-0.007286
-0.007291
-0.006789
-0.005657
-0.004374
-0.003541
-0.003047
-0.002171
-0.000631
0.000987
0.002044
0.002559
0.003024
0.003809
0.004788
0.005499
0.005701
0.005585
0.005412
0.005278
0.005149
0.004857
0.004198
0.003247
0.002348
0.001680
0.001030
0.000118
-0.000943
-0.001779
-0.002320
-0.002842
-0.003482
-0.004099
-0.004534
-0.004720
-0.004683
-0.004562
-0.004472
-0.004369
-0.004140
-0.003749
-0.003245
-0.002778
-0.002537
-0.002468
-0.002239
-0.001545
-0.000320
0.001163
0.002392
0.003080
0.003588
0.004553
0.005959
0.007024
0.007187
0.006765
0.006389
0.006244
0.006138
0.005817
0.004961
0.003453
0.001851
0.000896
0.000392
-0.000597
-0.002357
-0.004143
-0.005252
-0.005771
-0.006135
-0.006560
-0.007054
-0.007495
-0.007573
-0.007022
-0.006071
-0.005250
-0.004627
-0.003734
-0.002321
-0.000742
0.000559
0.001641
0.002886
0.004284
0.005347
0.005827
0.006060
0.006441
0.006847
0.006853
0.006336
0.005560
0.004809
0.004176
0.003591
0.002794
0.001514
-0.000075
-0.001353
-0.001998
-0.002452
-0.003283
-0.004338
-0.005009
-0.005138
-0.005076
-0.005110
-0.005220
-0.005219
-0.004927
-0.004301
-0.003491
-0.002757
-0.002200
-0.001618
-0.000845
-0.000143
0.000086
-0.000050
0.000083
0.000979
0.002401
0.003514
0.003763
0.003551
0.003786
0.004760
0.005807
0.006071
0.005389
0.004443
0.004086
0.004432
0.004696
0.004035
0.002481
0.000928
0.000184
0.000046
-0.000494
-0.001977
-0.003747
-0.004796
-0.004964
-0.004942
-0.005340
-0.006072
-0.006627
-0.006632
-0.006088
-0.005335
-0.004828
-0.004609
-0.004117
-0.002929
-0.001432
-0.000266
0.000609
0.001794
0.003450
0.004923
0.005585
0.005657
0.005940
0.006842
0.007785
0.007835
0.006866
0.005671
0.004932
0.004499
0.003764
0.002368
0.000508
-0.001147
-0.002077
-0.002577
-0.003412
-0.004757
-0.005950
-0.006391
-0.006241
-0.006090
-0.006251
-0.006471
-0.006206
-0.005228
-0.003976
-0.003036
-0.002372
-0.001533
-0.000437
0.000627
0.001437
0.001832
0.001807
0.001909
0.002852
0.004350
0.005161
0.004745
0.004005
0.004025
0.004780
0.005380
0.005098
0.003992
0.002823
0.002376
0.002645
0.002765
0.001941
0.000419
-0.000774
-0.001048
-0.000902
-0.001246
-0.002302
-0.003429
-0.003975
-0.003979
-0.003965
-0.004310
-0.004870
-0.005180
-0.004987
-0.004480
-0.004014
-0.003769
-0.003546
-0.002937
-0.001863
-0.000769
-0.000040
0.000471
0.001114
0.002031
0.003189
0.004399
0.005241
0.005479
0.005572
0.006087
0.006707
0.006590
0.005581
0.004398
0.003623
0.003107
0.002427
0.001391
0.000067
-0.001315
-0.002434
-0.003133
-0.003679
-0.004485
-0.005461
-0.006030
-0.005987
-0.005825
-0.005945
-0.006016
-0.005550
-0.004678
-0.003839
-0.003070
-0.002118
-0.000959
0.000226
0.001321
0.002173
0.002519
0.002416
0.002509
0.003363
0.004627
0.005333
0.005049
0.004358
0.004131
0.004571
0.005043
0.004800
0.003747
0.002480
0.001691
0.001548
0.001499
0.000804
-0.000556
-0.001768
-0.002200
-0.002145
-0.002335
-0.003040
-0.003882
-0.004318
-0.004191
-0.003818
-0.003641
-0.003773
-0.003863
-0.003510
-0.002819
-0.002281
-0.002058
-0.001782
-0.001202
-0.000556
-0.000067
0.000396
0.001001
0.001720
0.002483
0.003220
0.003737
0.003905
0.003964
0.004278
0.004823
0.005080
0.004585
0.003666
0.003037
0.002691
0.002041
0.000980
-0.000061
-0.000833
-0.001429
-0.001974
-0.002567
-0.003267
-0.003878
-0.004128
-0.004143
-0.004236
-0.004353
-0.004294
-0.004122
-0.003883
-0.003417
-0.002765
-0.002151
-0.001497
-0.000616
0.000295
0.000998
0.001639
0.002312
0.002687
0.002535
0.002220
0.002341
0.003045
0.003816
0.003973
0.003374
0.002580
0.002297
0.002617
0.002896
0.002451
0.001311
0.000234
-0.000055
0.000352
0.000591
-0.000036
-0.001207
-0.001953
-0.001855
-0.001462
-0.001466
-0.001926
-0.002428
-0.002572
-0.002220
-0.001711
-0.001628
-0.002008
-0.002188
-0.001756
-0.001145
-0.000915
-0.000925
-0.000707
-0.000235
0.000092
-0.000013
-0.000360
-0.000381
0.000296
0.001311
0.001891
0.001786
0.001579
0.001930
0.002777
0.003427
0.003329
0.002617
0.001929
0.001752
0.001869
0.001588
0.000630
-0.000419
-0.000846
-0.000712
-0.000634
-0.000960
-0.001484
-0.001811
-0.001851
-0.001889
-0.002154
-0.002484
-0.002563
-0.002377
-0.002209
-0.002201
-0.002157
-0.001824
-0.001253
-0.000747
-0.000441
-0.000154
0.000277
0.000809
0.001245
0.001257
0.000693
0.000041
0.000160
0.001255
0.002378
0.002438
0.001588
0.001028
0.001511
0.002523
0.003003
0.002505
0.001492
0.000825
0.001045
0.001789
0.001980
0.001068
-0.000172
-0.000606
-0.000224
-0.000007
-0.000501
-0.001296
-0.001791
-0.001844
-0.001704
-0.001730
-0.002073
-0.002436
-0.002388
-0.002032
-0.001927
-0.002234
-0.002422
-0.002069
-0.001462
-0.001134
-0.001202
-0.001295
-0.000931
0.000041
0.001175
0.001796
0.001873
0.002097
0.002805
0.003434
0.003441
0.003035
0.002652
0.002450
0.002450
0.002523
0.002299
0.001662
0.001018
0.000642
0.000306
-0.000123
-0.000488
-0.000835
-0.001349
-0.001894
-0.002249
-0.002529
-0.002889
-0.003172
-0.003266
-0.003299
-0.003262
-0.002963
-0.002472
-0.002048
-0.001638
-0.001039
-0.000383
0.000092
0.000483
0.000972
0.001452
0.001712
0.001693
0.001395
0.000984
0.001000
0.001769
0.002618
0.002556
0.001736
0.001305
0.001794
0.002548
0.002807
0.002421
0.001602
0.000827
0.000714
0.001194
0.001230
0.000190
-0.001074
-0.001438
-0.001116
-0.001080
-0.001561
-0.002084
-0.002355
-0.002345
-0.002076
-0.001811
-0.001898
-0.002179
-0.002123
-0.001701
-0.001454
-0.001564
-0.001560
-0.001118
-0.000520
-0.000204
-0.000303
-0.000593
-0.000552
0.000288
0.001602
0.002369
0.002235
0.002141
0.002878
0.003795
0.003863
0.003206
0.002592
0.002251
0.002046
0.001912
0.001589
0.000766
-0.000240
-0.000767
-0.000860
-0.001121
-0.001586
-0.001800
-0.001791
-0.001957
-0.002269
-0.002463
-0.002615
-0.002802
-0.002778
-0.002538
-0.002433
-0.002408
-0.002009
-0.001306
-0.000824
-0.000534
0.000030
0.000785
0.001322
0.001732
0.002221
0.002515
0.002420
0.002186
0.001838
0.001126
0.000393
0.000434
0.001218
0.001684
0.001175
0.000345
0.000193
0.000826
0.001561
0.001720
0.001088
0.000127
-0.000269
0.000224
0.000784
0.000459
-0.000548
-0.001264
-0.001261
-0.000988
-0.000984
-0.001280
-0.001561
-0.001561
-0.001247
-0.000878
-0.000828
-0.001093
-0.001222
-0.000979
-0.000719
-0.000800
-0.000981
-0.000863
-0.000515
-0.000270
-0.000277
-0.000459
-0.000491
-0.000015
0.000797
0.001318
0.001353
0.001501
0.002237
0.003000
0.002927
0.002204
0.001767
0.001887
0.001959
0.001531
0.000778
0.000054
-0.000421
-0.000562
-0.000619
-0.001057
-0.001746
-0.001966
-0.001605
-0.001375
-0.001586
-0.001756
-0.001598
-0.001409
-0.001405
-0.001487
-0.001586
-0.001586
-0.001273
-0.000788
-0.000574
-0.000587
-0.000280
0.000442
0.001046
0.001259
0.001373
0.001610
0.001885
0.002117
0.002202
0.001902
0.001223
0.000498
-0.000138
-0.000704
-0.000881
-0.000420
0.000139
0.000043
-0.000509
-0.000595
0.000057
0.000779
0.001009
0.000783
0.000344
0.000049
0.000327
0.000953
0.000970
0.000069
-0.000755
-0.000656
-0.000146
-0.000084
-0.000362
-0.000477
-0.000452
-0.000413
-0.000241
-0.000114
-0.000394
-0.000805
-0.000768
-0.000502
-0.000633
-0.001010
-0.001026
-0.000763
-0.000740
-0.000951
-0.001027
-0.000952
-0.000874
-0.000601
0.000083
0.000943
0.001539
0.001727
0.001738
0.001876
0.002171
0.002333
0.002116
0.001639
0.001182
0.000821
0.000499
0.000177
-0.000228
-0.000750
-0.001150
-0.001169
-0.000968
-0.000891
-0.000965
-0.001010
-0.001007
-0.001040
-0.001067
-0.001012
-0.000941
-0.000933
-0.000972
-0.001040
-0.001072
-0.000877
-0.000416
0.000009
0.000183
0.000313
0.000610
0.000955
0.001170
0.001257
0.001282
0.001269
0.001257
0.001220
0.000956
0.000343
-0.000433
-0.001152
-0.001699
-0.001796
-0.001197
-0.000365
-0.000152
-0.000537
-0.000592
0.000127
0.001027
0.001470
0.001430
0.001148
0.000899
0.000993
0.001369
0.001439
0.000902
0.000285
0.000176
0.000389
0.000430
0.000219
-0.000122
-0.000540
-0.000854
-0.000869
-0.000764
-0.000892
-0.001144
-0.001153
-0.001034
-0.001171
-0.001437
-0.001350
-0.000893
-0.000565
-0.000621
-0.000789
-0.000751
-0.000508
-0.000223
0.000050
0.000385
0.000861
0.001439
0.001898
0.001969
0.001680
0.001440
0.001561
0.001798
0.001631
0.000981
0.000352
0.000183
0.000310
0.000219
-0.000258
-0.000774
-0.001001
-0.000972
-0.000900
-0.000946
-0.001106
-0.001197
-0.001106
-0.000993
-0.001017
-0.001051
-0.000912
-0.000699
-0.000652
-0.000757
-0.000742
-0.000438
0.000022
0.000356
0.000416
0.000358
0.000472
0.000825
0.001126
0.001120
0.000953
0.000907
0.000970
0.000915
0.000613
0.000160
-0.000272
-0.000634
-0.001020
-0.001436
-0.001535
-0.000946
-0.000043
0.000298
-0.000058
-0.000266
0.000283
0.001187
0.001656
0.001428
0.000890
0.000587
0.000760
0.001149
0.001185
0.000626
-0.000038
-0.000182
0.000059
0.000072
-0.000261
-0.000545
-0.000587
-0.000533
-0.000531
-0.000644
-0.000862
-0.000989
-0.000843
-0.000662
-0.000814
-0.001111
-0.001050
-0.000628
-0.000348
-0.000443
-0.000625
-0.000576
-0.000252
0.000127
0.000198
-0.000066
-0.000064
0.000697
0.001701
0.001962
0.001438
0.001074
0.001366
0.001774
0.001649
0.001006
0.000304
-0.000084
-0.000137
-0.000164
-0.000446
-0.000839
-0.000940
-0.000747
-0.000724
-0.000998
-0.001141
-0.000914
-0.000597
-0.000501
-0.000607
-0.000696
-0.000566
-0.000249
-0.000072
-0.000251
-0.000494
-0.000350
0.000146
0.000507
0.000462
0.000269
0.000283
0.000562
0.000895
0.000992
0.000803
0.000596
0.000609
0.000715
0.000615
0.000266
-0.000082
-0.000233
-0.000263
-0.000398
-0.000744
-0.001240
-0.001695
-0.001733
-0.001158
-0.000402
-0.000092
-0.000224
-0.000185
0.000354
0.001000
0.001261
0.001121
0.000848
0.000676
0.000781
0.001137
0.001316
0.000975
0.000446
0.000259
0.000342
0.000269
0.000007
-0.000137
-0.000092
-0.000049
-0.000092
-0.000224
-0.000478
-0.000760
-0.000888
-0.000924
-0.001105
-0.001353
-0.001317
-0.000968
-0.000692
-0.000732
-0.000904
-0.000902
-0.000634
-0.000242
0.000028
0.000050
0.000072
0.000533
0.001375
0.001900
0.001691
0.001279
0.001362
0.001765
0.001780
0.001229
0.000603
0.000299
0.000258
0.000194
-0.000132
-0.000666
-0.001047
-0.001040
-0.000912
-0.001056
-0.001315
-0.001223
-0.000826
-0.000582
-0.000583
-0.000530
-0.000327
-0.000160
-0.000156
-0.000281
-0.000378
-0.000255
0.000062
0.000294
0.000256
0.000120
0.000160
0.000353
0.000489
0.000528
0.000570
0.000663
0.000784
0.000861
0.000796
0.000600
0.000458
0.000438
0.000334
0.000034
-0.000264
-0.000449
-0.000690
-0.001028
-0.001302
-0.001531
-0.001780
-0.001738
-0.001108
-0.000233
0.000209
0.000092
0.000022
0.000464
0.001128
0.001460
0.001341
0.001078
0.000976
0.001093
0.001229
0.001081
0.000651
0.000351
0.000414
0.000534
0.000393
0.000149
0.000070
0.000107
0.000062
-0.000139
-0.000438
-0.000719
-0.000880
-0.000960
-0.001131
-0.001416
-0.001542
-0.001280
-0.000827
-0.000573
-0.000598
-0.000661
-0.000581
-0.000381
-0.000158
-0.000065
-0.000313
-0.000793
-0.000731
0.000574
0.002393
0.002865
0.001514
0.000259
0.000760
0.002091
0.002337
0.001275
0.000117
-0.000292
-0.000053
0.000203
-0.000179
-0.001156
-0.001780
-0.001482
-0.000992
-0.001017
-0.001069
-0.000569
0.000034
0.000117
-0.000140
-0.000245
-0.000067
0.000224
0.000292
-0.000120
-0.000626
-0.000489
0.000219
0.000586
0.000259
-0.000116
-0.000027
0.000337
0.000660
0.000785
0.000673
0.000550
0.000664
0.000790
0.000583
0.000228
0.000092
0.000071
-0.000134
-0.000451
-0.000620
-0.000643
-0.000645
-0.000646
-0.000711
-0.000903
-0.001028
-0.000878
-0.000664
-0.000728
-0.000925
-0.000773
-0.000163
0.000499
0.000750
0.000568
0.000479
0.000902
0.001466
0.001478
0.000968
0.000636
0.000819
0.001151
0.001178
0.000813
0.000298
-0.000013
0.000062
0.000254
0.000093
-0.000360
-0.000528
-0.000273
-0.000140
-0.000437
-0.000798
-0.000875
-0.000795
-0.000770
-0.000831
-0.000953
-0.000998
-0.000770
-0.000413
-0.000367
-0.000627
-0.000651
-0.000275
0.000000
-0.000118
-0.000300
-0.000119
0.000499
0.001291
0.001703
0.001344
0.000700
0.000636
0.001116
0.001272
0.000757
0.000118
-0.000168
-0.000149
-0.000053
-0.000115
-0.000440
-0.000737
-0.000664
-0.000436
-0.000467
-0.000610
-0.000468
-0.000157
-0.000062
-0.000210
-0.000346
-0.000341
-0.000264
-0.000236
-0.000349
-0.000490
-0.000354
0.000084
0.000433
0.000426
0.000285
0.000330
0.000527
0.000665
0.000706
0.000722
0.000706
0.000605
0.000430
0.000258
0.000124
0.000007
-0.000150
-0.000385
-0.000580
-0.000566
-0.000402
-0.000271
-0.000262
-0.000415
-0.000664
-0.000758
-0.000592
-0.000355
-0.000232
-0.000232
-0.000272
-0.000250
-0.000150
-0.000150
-0.000406
-0.000702
-0.000626
-0.000105
0.000457
0.000683
0.000678
0.000809
0.001237
0.001706
0.001789
0.001397
0.000910
0.000704
0.000724
0.000651
0.000322
-0.000123
-0.000419
-0.000443
-0.000374
-0.000503
-0.000784
-0.000853
-0.000611
-0.000404
-0.000475
-0.000622
-0.000601
-0.000519
-0.000575
-0.000745
-0.000891
-0.000933
-0.000796
-0.000463
-0.000180
-0.000286
-0.000770
-0.001094
-0.000570
0.000817
0.001943
0.001695
0.000639
0.000402
0.001306
0.001990
0.001551
0.000608
0.000051
0.000079
0.000428
0.000564
0.000082
-0.000633
-0.000813
-0.000487
-0.000354
-0.000522
-0.000420
0.000011
0.000143
-0.000231
-0.000598
-0.000597
-0.000420
-0.000433
-0.000809
-0.001270
-0.001252
-0.000631
0.000021
0.000204
0.000135
0.000245
0.000529
0.000736
0.000757
0.000684
0.000694
0.000836
0.000932
0.000805
0.000535
0.000338
0.000262
0.000173
-0.000043
-0.000293
-0.000371
-0.000292
-0.000308
-0.000519
-0.000698
-0.000620
-0.000420
-0.000377
-0.000472
-0.000482
-0.000348
-0.000178
-0.000079
-0.000100
-0.000209
-0.000257
-0.000108
0.000136
0.000231
0.000156
0.000059
-0.000031
-0.000116
-0.000101
0.000033
0.000173
0.000252
0.000284
0.000276
0.000297
0.000471
0.000736
0.000825
0.000651
0.000492
0.000586
0.000775
0.000754
0.000493
0.000203
0.000029
-0.000024
-0.000050
-0.000195
-0.000450
-0.000612
-0.000596
-0.000540
-0.000553
-0.000590
-0.000606
-0.000624
-0.000631
-0.000548
-0.000352
-0.000159
-0.000096
-0.000145
-0.000209
-0.000198
-0.000061
0.000121
0.000179
0.000059
-0.000095
-0.000097
0.000075
0.000263
0.000347
0.000403
0.000522
0.000622
0.000622
0.000608
0.000611
0.000439
0.000003
-0.000439
-0.000622
-0.000629
-0.000643
-0.000601
-0.000413
-0.000202
-0.000090
0.000002
0.000145
0.000240
0.000222
0.000191
0.000215
0.000240
0.000238
0.000219
0.000135
-0.000021
-0.000181
-0.000307
-0.000353
-0.000258
-0.000079
0.000047
0.000109
0.000186
0.000275
0.000328
0.000335
0.000287
0.000187
0.000095
0.000044
-0.000025
-0.000141
-0.000223
-0.000198
-0.000112
-0.000056
-0.000071
-0.000125
-0.000144
-0.000081
-0.000043
-0.000142
-0.000266
-0.000251
-0.000141
-0.000046
0.000023
0.000056
0.000006
-0.000093
-0.000135
-0.000105
-0.000092
-0.000135
-0.000182
-0.000205
-0.000242
-0.000261
-0.000144
0.000078
0.000207
0.000207
0.000247
0.000405
0.000575
0.000665
0.000652
0.000517
0.000354
0.000345
0.000413
0.000290
0.000013
-0.000104
0.000017
0.000182
0.000253
0.000245
0.000189
0.000080
-0.000059
-0.000189
-0.000316
-0.000444
-0.000550
-0.000622
-0.000656
-0.000656
-0.000610
-0.000496
-0.000370
-0.000320
-0.000316
-0.000258
-0.000140
-0.000071
-0.000089
-0.000085
0.000017
0.000162
0.000285
0.000372
0.000418
0.000435
0.000461
0.000504
0.000509
0.000413
0.000258
0.000156
0.000120
0.000087
0.000001
-0.000162
-0.000282
-0.000228
-0.000132
-0.000185
-0.000272
-0.000209
-0.000095
-0.000090
-0.000133
-0.000134
-0.000138
-0.000160
-0.000139
-0.000111
-0.000167
-0.000238
-0.000169
0.000007
0.000131
0.000172
0.000199
0.000233
0.000266
0.000304
0.000305
0.000230
0.000159
0.000167
0.000203
0.000208
0.000211
0.000238
0.000250
0.000166
-0.000034
-0.000240
-0.000314
-0.000270
-0.000260
-0.000374
-0.000447
-0.000254
0.000052
0.000136
0.000057
0.000104
0.000241
0.000184
-0.000072
-0.000263
-0.000294
-0.000280
-0.000285
-0.000270
-0.000231
-0.000223
-0.000247
-0.000239
-0.000154
-0.000011
0.000147
0.000269
0.000324
0.000314
0.000278
0.000301
0.000405
0.000451
0.000327
0.000156
0.000149
0.000264
0.000278
0.000176
0.000135
0.000164
0.000109
-0.000032
-0.000102
-0.000089
-0.000125
-0.000227
-0.000270
-0.000202
-0.000134
-0.000166
-0.000261
-0.000334
-0.000334
-0.000296
-0.000323
-0.000389
-0.000317
-0.000072
0.000141
0.000160
0.000085
0.000091
0.000179
0.000217
0.000165
0.000126
0.000183
0.000278
0.000296
0.000196
0.000044
-0.000065
-0.000072
0.000019
0.000106
0.000078
-0.000010
-0.000018
0.000023
-0.000018
-0.000122
-0.000189
-0.000192
-0.000140
-0.000076
-0.000072
-0.000135
-0.000211
-0.000236
-0.000161
-0.000042
0.000004
0.000016
0.000096
0.000160
0.000082
-0.000032
-0.000010
0.000110
0.000172
0.000148
0.000123
0.000134
0.000131
0.000077
0.000021
0.000034
0.000121
0.000201
0.000173
0.000042
-0.000072
-0.000090
-0.000061
-0.000055
-0.000047
-0.000009
-0.000014
-0.000088
-0.000132
-0.000104
-0.000054
-0.000023
-0.000031
-0.000077
-0.000141
-0.000197
-0.000225
-0.000211
-0.000144
-0.000060
-0.000026
-0.000036
-0.000001
0.000078
0.000106
0.000073
0.000048
0.000059
0.000090
0.000153
0.000245
0.000295
0.000246
0.000145
0.000103
0.000146
0.000173
0.000108
0.000016
-0.000033
-0.000070
-0.000102
-0.000075
-0.000018
-0.000017
-0.000068
-0.000117
-0.000167
-0.000228
-0.000226
-0.000084
0.000164
0.000335
0.000210
-0.000189
-0.000559
-0.000664
-0.000516
-0.000257
-0.000038
0.000079
0.000159
0.000257
0.000324
0.000339
0.000370
0.000428
0.000425
0.000328
0.000217
0.000160
0.000114
0.000047
-0.000002
-0.000043
-0.000127
-0.000219
-0.000258
-0.000264
-0.000249
-0.000189
-0.000125
-0.000103
-0.000081
-0.000028
-0.000001
-0.000038
-0.000076
-0.000054
-0.000026
-0.000057
-0.000099
-0.000090
-0.000045
0.000002
0.000036
0.000049
0.000043
0.000020
-0.000011
-0.000006
0.000076
0.000191
0.000226
0.000148
0.000029
-0.000030
-0.000006
0.000004
-0.000062
-0.000090
0.000019
0.000129
0.000071
-0.000068
-0.000093
-0.000014
0.000024
-0.000027
-0.000091
-0.000100
-0.000070
-0.000071
-0.000107
-0.000113
-0.000072
-0.000027
0.000010
0.000070
0.000136
0.000152
0.000098
0.000014
0.000007
0.000144
0.000315
0.000340
0.000188
-0.000008
-0.000108
-0.000097
-0.000056
-0.000074
-0.000165
-0.000275
-0.000397
-0.000603
-0.000847
-0.000838
-0.000326
0.000404
0.000716
0.000486
0.000272
0.000469
0.000815
0.000873
0.000572
0.000161
-0.000084
-0.000081
-0.000010
-0.000110
-0.000329
-0.000410
-0.000302
-0.000189
-0.000147
-0.000077
0.000081
0.000244
0.000279
0.000172
0.000042
-0.000026
-0.000087
-0.000258
-0.000506
-0.000626
-0.000516
-0.000308
-0.000159
-0.000091
-0.000035
0.000090
0.000257
0.000338
0.000294
0.000227
0.000205
0.000186
0.000167
0.000209
0.000258
0.000190
0.000053
-0.000015
-0.000026
-0.000074
-0.000142
-0.000158
-0.000138
-0.000112
-0.000038
0.000072
0.000113
0.000057
0.000000
0.000012
0.000045
0.000004
-0.000130
-0.000294
-0.000395
-0.000332
-0.000130
0.000068
0.000197
0.000260
0.000253
0.000243
0.000273
0.000288
0.000249
0.000171
0.000030
-0.000173
-0.000316
-0.000310
-0.000228
-0.000162
-0.000121
-0.000089
-0.000047
-0.000021
-0.000067
-0.000140
-0.000120
-0.000010
0.000025
-0.000087
-0.000167
-0.000081
0.000040
0.000081
0.000102
0.000148
0.000157
0.000089
0.000003
-0.000027
0.000010
0.000069
0.000105
0.000105
0.000094
0.000076
0.000030
0.000004
0.000045
0.000079
0.000027
-0.000058
-0.000092
-0.000086
-0.000069
-0.000040
-0.000015
-0.000004
0.000034
0.000100
0.000136
0.000112
0.000062
0.000043
0.000065
0.000084
0.000073
0.000049
0.000030
0.000033
0.000034
-0.000023
-0.000136
-0.000220
-0.000205
-0.000129
-0.000088
-0.000085
-0.000064
-0.000032
-0.000012
0.000017
0.000069
0.000134
0.000158
0.000055
-0.000139
-0.000237
-0.000143
0.000017
0.000064
0.000005
-0.000012
0.000055
0.000080
0.000003
-0.000050
0.000017
0.000127
0.000179
0.000155
0.000072
-0.000035
-0.000101
-0.000100
-0.000065
-0.000037
-0.000020
0.000001
0.000024
0.000023
0.000012
0.000018
0.000000
-0.000054
-0.000053
0.000044
0.000143
0.000152
0.000064
-0.000037
-0.000063
-0.000063
-0.000127
-0.000191
-0.000159
-0.000073
0.000001
0.000076
0.000129
0.000109
0.000064
0.000071
0.000096
0.000072
0.000005
-0.000051
-0.000081
-0.000121
-0.000171
-0.000187
-0.000174
-0.000147
-0.000096
-0.000036
-0.000002
0.000025
0.000083
0.000167
0.000228
0.000226
0.000157
0.000060
-0.000009
-0.000035
-0.000053
-0.000072
-0.000046
0.000030
0.000105
0.000164
0.000209
0.000147
-0.000126
-0.000482
-0.000616
-0.000445
-0.000224
-0.000162
-0.000163
-0.000036
0.000223
0.000462
0.000548
0.000469
0.000336
0.000264
0.000244
0.000192
0.000093
-0.000001
-0.000085
-0.000137
-0.000102
-0.000043
-0.000031
-0.000004
0.000050
0.000034
-0.000082
-0.000191
-0.000192
-0.000143
-0.000168
-0.000242
-0.000216
-0.000082
0.000012
0.000020
0.000037
0.000074
0.000062
0.000016
-0.000008
0.000009
0.000092
0.000182
0.000138
-0.000025
-0.000124
-0.000085
-0.000018
0.000000
0.000046
0.000151
0.000180
0.000063
-0.000072
-0.000106
-0.000067
-0.000062
-0.000122
-0.000174
-0.000147
-0.000060
0.000010
-0.000007
-0.000108
-0.000172
-0.000079
0.000080
0.000120
0.000065
0.000062
0.000093
0.000059
-0.000007
0.000005
0.000062
0.000036
-0.000033
-0.000018
0.000046
0.000080
0.000115
0.000152
0.000161
0.000176
0.000188
0.000142
0.000045
-0.000085
-0.000201
-0.000207
-0.000122
-0.000085
-0.000119
-0.000115
-0.000049
-0.000004
-0.000009
-0.000015
-0.000013
-0.000036
-0.000063
-0.000035
0.000023
0.000063
0.000097
0.000107
0.000066
0.000030
0.000028
0.000024
0.000021
0.000051
0.000070
0.000024
-0.000026
-0.000014
0.000015
-0.000015
-0.000120
-0.000232
-0.000242
-0.000151
-0.000081
-0.000089
-0.000096
-0.000014
0.000151
0.000281
0.000239
0.000067
-0.000025
0.000038
0.000120
0.000109
0.000035
-0.000023
-0.000056
-0.000071
-0.000032
0.000054
0.000111
0.000081
-0.000010
-0.000077
-0.000076
-0.000071
-0.000107
-0.000129
-0.000095
-0.000043
0.000004
0.000044
0.000041
0.000015
0.000028
0.000042
-0.000031
-0.000150
-0.000184
-0.000058
0.000164
0.000345
0.000435
0.000446
0.000406
0.000336
0.000205
0.000025
-0.000113
-0.000185
-0.000251
-0.000341
-0.000433
-0.000484
-0.000460
-0.000381
-0.000277
-0.000156
-0.000060
-0.000009
0.000034
0.000079
0.000114
0.000130
0.000097
0.000025
0.000021
0.000133
0.000249
0.000274
0.000222
0.000144
0.000106
0.000121
0.000088
-0.000041
-0.000151
-0.000109
0.000025
0.000076
0.000019
-0.000015
0.000025
0.000037
-0.000047
-0.000124
-0.000097
-0.000052
-0.000054
-0.000022
0.000052
0.000031
-0.000104
-0.000172
-0.000069
0.000078
0.000138
0.000143
0.000170
0.000197
0.000152
0.000039
-0.000071
-0.000169
-0.000274
-0.000316
-0.000244
-0.000140
-0.000112
-0.000154
-0.000166
-0.000072
0.000091
0.000204
0.000219
0.000230
0.000279
0.000271
0.000180
0.000117
0.000108
0.000051
-0.000076
-0.000179
-0.000216
-0.000215
-0.000184
-0.000101
0.000017
0.000102
0.000100
0.000028
-0.000044
-0.000078
-0.000084
-0.000047
0.000018
0.000069
0.000118
0.000165
0.000145
0.000072
0.000052
0.000068
0.000010
-0.000079
-0.000068
0.000034
0.000087
0.000029
-0.000032
-0.000005
0.000046
0.000047
0.000013
-0.000032
-0.000094
-0.000160
-0.000180
-0.000136
-0.000084
-0.000081
-0.000101
-0.000093
-0.000061
-0.000031
0.000005
0.000053
0.000069
0.000058
0.000079
0.000086
-0.000004
-0.000097
-0.000048
0.000093
0.000151
0.000101
0.000054
0.000059
0.000068
0.000035
-0.000007
0.000018
0.000084
0.000106
0.000060
-0.000025
-0.000078
-0.000012
0.000111
0.000126
0.000014
-0.000072
-0.000063
-0.000025
0.000011
0.000080
0.000102
-0.000089
-0.000434
-0.000646
-0.000590
-0.000380
-0.000178
-0.000056
0.000022
0.000129
0.000255
0.000326
0.000332
0.000319
0.000325
0.000345
0.000336
0.000272
0.000190
0.000140
0.000114
0.000062
-0.000039
-0.000137
-0.000177
-0.000186
-0.000234
-0.000306
-0.000299
-0.000214
-0.000169
-0.000156
-0.000057
0.000062
0.000056
-0.000006
0.000025
0.000129
0.000209
0.000206
0.000098
-0.000035
-0.000037
0.000102
0.000212
0.000174
0.000083
0.000077
0.000117
0.000069
-0.000066
-0.000161
-0.000162
-0.000160
-0.000225
-0.000271
-0.000210
-0.000114
-0.000051
0.000007
0.000042
-0.000006
-0.000111
-0.000183
-0.000170
-0.000078
0.000048
0.000136
0.000133
0.000069
0.000029
0.000040
0.000080
0.000125
0.000137
0.000101
0.000065
0.000052
0.000020
-0.000055
-0.000115
-0.000069
0.000108
0.000290
0.000305
0.000159
0.000007
-0.000062
-0.000082
-0.000090
-0.000081
-0.000076
-0.000124
-0.000202
-0.000215
-0.000144
-0.000065
-0.000015
0.000047
0.000119
0.000133
0.000061
-0.000026
-0.000037
0.000020
0.000024
-0.000046
-0.000045
0.000071
0.000151
0.000125
0.000078
0.000034
-0.000051
-0.000117
-0.000083
-0.000018
-0.000019
-0.000015
0.000064
0.000110
0.000034
-0.000084
-0.000146
-0.000154
-0.000136
-0.000092
-0.000014
0.000096
0.000210
0.000259
0.000206
0.000096
-0.000037
-0.000161
-0.000208
-0.000160
-0.000089
-0.000033
0.000003
-0.000006
-0.000041
-0.000044
-0.000022
-0.000020
-0.000056
-0.000098
-0.000086
0.000014
0.000158
0.000276
0.000307
0.000234
0.000122
0.000039
-0.000031
-0.000105
-0.000153
-0.000146
-0.000119
-0.000107
-0.000009
0.000246
0.000466
0.000442
0.000259
0.000128
0.000071
-0.000004
-0.000099
-0.000179
-0.000238
-0.000280
-0.000318
-0.000347
-0.000333
-0.000281
-0.000247
-0.000240
-0.000192
-0.000084
0.000004
0.000027
0.000048
0.000113
0.000199
0.000277
0.000299
0.000201
0.000010
-0.000118
-0.000072
0.000046
0.000077
0.000054
0.000106
0.000217
0.000246
0.000154
0.000047
0.000013
0.000020
0.000005
-0.000042
-0.000098
-0.000146
-0.000183
-0.000203
-0.000203
-0.000193
-0.000185
-0.000145
-0.000030
0.000118
0.000212
0.000226
0.000215
0.000233
0.000229
0.000135
0.000008
-0.000059
-0.000051
-0.000007
0.000016
0.000002
0.000000
0.000016
0.000003
-0.000029
-0.000044
-0.000053
-0.000079
-0.000101
-0.000093
-0.000062
-0.000052
-0.000090
-0.000112
-0.000046
0.000062
0.000129
0.000110
0.000004
-0.000100
-0.000107
-0.000075
-0.000075
-0.000063
-0.000018
0.000006
-0.000010
-0.000030
-0.000037
-0.000050
-0.000028
0.000094
0.000244
0.000283
0.000224
0.000155
0.000084
0.000023
0.000031
0.000081
0.000071
0.000001
-0.000031
-0.000007
-0.000039
-0.000162
-0.000235
-0.000176
-0.000085
-0.000050
-0.000049
-0.000042
-0.000036
-0.000027
0.000011
0.000063
0.000091
0.000093
0.000079
0.000068
0.000083
0.000103
0.000061
-0.000035
-0.000077
-0.000007
0.000071
0.000033
-0.000081
-0.000141
-0.000115
-0.000061
-0.000049
-0.000115
-0.000178
-0.000131
-0.000016
0.000030
-0.000026
-0.000106
-0.000138
-0.000089
0.000029
0.000154
0.000224
0.000232
0.000215
0.000172
0.000077
-0.000013
-0.000020
0.000033
0.000066
0.000071
0.000093
0.000074
-0.000115
-0.000390
-0.000476
-0.000308
-0.000114
-0.000061
-0.000062
0.000007
0.000103
0.000140
0.000138
0.000137
0.000151
0.000195
0.000229
0.000182
0.000119
0.000158
0.000230
0.000199
0.000116
0.000062
-0.000009
-0.000100
-0.000148
-0.000168
-0.000210
-0.000238
-0.000189
-0.000118
-0.000144
-0.000243
-0.000272
-0.000163
0.000018
0.000138
0.000128
0.000070
0.000082
0.000148
0.000156
0.000106
0.000111
0.000169
0.000174
0.000119
0.000066
0.000031
0.000001
-0.000043
-0.000075
-0.000048
-0.000038
-0.000157
-0.000286
-0.000226
-0.000082
-0.000089
-0.000199
-0.000232
-0.000207
-0.000199
-0.000160
-0.000050
0.000080
0.000191
0.000256
0.000248
0.000202
0.000173
0.000157
0.000120
0.000057
-0.000019
-0.000052
0.000014
0.000120
0.000128
0.000019
-0.000082
-0.000088
-0.000039
-0.000005
0.000012
0.000020
-0.000014
-0.000079
-0.000090
-0.000023
0.000053
0.000098
0.000109
0.000063
-0.000018
-0.000068
-0.000086
-0.000114
-0.000131
-0.000081
-0.000002
0.000032
0.000049
0.000084
0.000089
0.000050
0.000012
-0.000029
-0.000112
-0.000169
-0.000124
-0.000065
-0.000073
-0.000068
-0.000001
0.000061
0.000096
0.000142
0.000150
0.000073
0.000023
0.000113
0.000245
0.000257
0.000163
0.000069
0.000005
-0.000037
-0.000042
-0.000044
-0.000131
-0.000259
-0.000267
-0.000132
0.000005
0.000038
0.000019
0.000032
0.000045
0.000002
-0.000061
-0.000075
-0.000062
-0.000085
-0.000111
-0.000073
0.000017
0.000095
0.000107
0.000048
-0.000012
-0.000021
-0.000009
-0.000007
-0.000017
-0.000039
-0.000038
0.000010
0.000055
0.000018
-0.000108
-0.000175
-0.000050
0.000177
0.000352
0.000415
0.000334
0.000179
0.000088
0.000053
-0.000029
-0.000151
-0.000236
-0.000228
-0.000159
-0.000138
-0.000197
-0.000248
-0.000236
-0.000201
-0.000170
-0.000109
0.000018
0.000157
0.000182
0.000086
0.000012
0.000008
-0.000012
-0.000058
-0.000079
-0.000082
-0.000064
0.000015
0.000132
0.000207
0.000177
0.000085
0.000049
0.000113
0.000180
0.000158
0.000090
0.000050
0.000003
-0.000101
-0.000193
-0.000198
-0.000133
-0.000044
0.000032
0.000061
0.000060
0.000071
0.000081
0.000083
0.000104
0.000134
0.000144
0.000123
0.000058
-0.000037
-0.000098
-0.000080
-0.000025
-0.000022
-0.000084
-0.000123
-0.000092
-0.000048
-0.000054
-0.000070
-0.000021
0.000052
0.000062
0.000046
0.000052
0.000013
-0.000073
-0.000080
0.000005
0.000075
0.000116
0.000148
0.000103
-0.000041
-0.000182
-0.000233
-0.000190
-0.000103
-0.000056
-0.000066
-0.000051
0.000019
0.000089
0.000105
0.000077
0.000066
0.000111
0.000169
0.000174
0.000108
0.000017
-0.000020
-0.000005
-0.000020
-0.000081
-0.000122
-0.000119
-0.000097
-0.000074
-0.000056
-0.000048
-0.000032
0.000004
0.000041
0.000060
0.000060
0.000050
0.000042
0.000029
-0.000009
-0.000037
-0.000018
0.000018
0.000051
0.000073
0.000062
0.000004
-0.000065
-0.000103
-0.000125
-0.000151
-0.000133
-0.000064
-0.000013
0.000027
0.000115
0.000189
0.000128
-0.000010
-0.000054
0.000013
0.000062
0.000033
-0.000031
-0.000079
-0.000098
-0.000094
-0.000054
0.000037
0.000132
0.000166
0.000139
0.000083
0.000009
-0.000072
-0.000108
-0.000040
0.000117
0.000187
-0.000050
-0.000472
-0.000649
-0.000443
-0.000151
0.000000
0.000071
0.000141
0.000179
0.000185
0.000226
0.000295
0.000301
0.000246
0.000232
0.000258
0.000221
0.000121
0.000044
0.000002
-0.000036
-0.000060
-0.000043
-0.000001
0.000012
-0.000061
-0.000180
-0.000204
-0.000128
-0.000101
-0.000170
-0.000228
-0.000202
-0.000131
-0.000082
-0.000063
-0.000027
0.000024
0.000057
0.000091
0.000124
0.000086
-0.000018
-0.000067
0.000007
0.000133
0.000195
0.000178
0.000149
0.000112
0.000040
-0.000010
-0.000026
-0.000068
-0.000108
-0.000085
-0.000054
-0.000078
-0.000126
-0.000163
-0.000160
-0.000083
-0.000018
-0.000060
-0.000140
-0.000169
-0.000153
-0.000103
-0.000025
0.000034
0.000070
0.000119
0.000180
0.000218
0.000224
0.000224
0.000214
0.000159
0.000072
0.000041
0.000120
0.000216
0.000187
0.000055
-0.000036
-0.000056
-0.000090
-0.000145
-0.000162
-0.000151
-0.000139
-0.000110
-0.000074
-0.000091
-0.000140
-0.000130
-0.000067
-0.000039
-0.000060
-0.000057
-0.000002
0.000040
0.000024
0.000008
0.000009
-0.000030
-0.000043
0.000058
0.000167
0.000160
0.000118
0.000138
0.000149
0.000084
0.000009
-0.000011
-0.000008
-0.000026
-0.000060
-0.000072
-0.000065
-0.000078
-0.000085
-0.000028
0.000050
0.000058
0.000031
0.000038
0.000034
-0.000036
-0.000125
-0.000155
-0.000122
-0.000104
-0.000119
-0.000073
0.000030
0.000070
0.000042
0.000057
0.000132
0.000169
0.000117
0.000050
0.000053
0.000093
0.000082
0.000014
-0.000021
0.000018
0.000044
-0.000002
-0.000045
-0.000049
-0.000072
-0.000102
-0.000095
-0.000090
-0.000123
-0.000155
-0.000095
0.000103
0.000338
0.000451
0.000399
0.000283
0.000199
0.000136
0.000025
-0.000144
-0.000293
-0.000355
-0.000359
-0.000369
-0.000372
-0.000325
-0.000230
-0.000108
0.000011
0.000074
0.000088
0.000102
0.000109
0.000094
0.000121
0.000215
0.000244
0.000118
-0.000019
-0.000008
0.000082
0.000115
0.000104
0.000095
0.000057
0.000005
0.000024
0.000098
0.000125
0.000084
0.000015
-0.000063
-0.000148
-0.000241
-0.000320
-0.000342
-0.000298
-0.000216
-0.000131
-0.000062
-0.000006
0.000021
-0.000007
-0.000033
0.000019
0.000074
0.000022
-0.000055
-0.000027
0.000046
0.000048
0.000006
0.000018
0.000093
0.000137
0.000128
0.000150
0.000203
0.000178
0.000044
-0.000114
-0.000201
-0.000185
-0.000103
-0.000030
0.000005
0.000039
0.000097
0.000152
0.000196
0.000251
0.000291
0.000241
0.000126
0.000034
-0.000036
-0.000118
-0.000170
-0.000141
-0.000071
-0.000032
-0.000035
-0.000036
-0.000012
0.000018
0.000042
0.000071
0.000105
0.000129
0.000114
0.000059
-0.000005
-0.000062
-0.000080
-0.000045
-0.000003
0.000034
0.000069
0.000055
0.000005
-0.000014
-0.000032
-0.000093
-0.000137
-0.000124
-0.000095
-0.000100
-0.000145
-0.000220
-0.000289
-0.000274
-0.000182
-0.000107
-0.000060
0.000005
0.000057
0.000061
0.000079
0.000134
0.000137
0.000058
-0.000010
-0.000012
0.000022
0.000080
0.000152
0.000201
0.000221
0.000229
0.000196
0.000108
0.000022
-0.000026
-0.000082
-0.000144
-0.000131
-0.000065
-0.000073
-0.000145
-0.000152
-0.000087
-0.000047
-0.000034
0.000011
0.000071
0.000092
0.000083
0.000109
0.000171
0.000099
-0.000218
-0.000544
-0.000562
-0.000324
-0.000116
-0.000011
0.000108
0.000261
0.000371
0.000402
0.000378
0.000342
0.000326
0.000314
0.000258
0.000145
0.000025
-0.000054
-0.000088
-0.000105
-0.000127
-0.000160
-0.000198
-0.000211
-0.000168
-0.000116
-0.000104
-0.000094
-0.000041
0.000025
0.000030
-0.000049
-0.000139
-0.000150
-0.000067
0.000033
0.000068
0.000066
0.000073
0.000078
0.000074
0.000055
0.000018
0.000004
0.000034
0.000060
0.000048
0.000005
-0.000045
-0.000044
0.000024
0.000050
-0.000036
-0.000146
-0.000202
-0.000208
-0.000188
-0.000141
-0.000079
-0.000042
-0.000012
0.000045
0.000073
0.000033
0.000009
0.000067
0.000133
0.000130
0.000104
0.000142
0.000218
0.000204
0.000052
-0.000118
-0.000178
-0.000132
-0.000073
-0.000034
0.000030
0.000127
0.000220
0.000255
0.000164
0.000014
-0.000038
0.000008
0.000024
-0.000038
-0.000114
-0.000128
-0.000101
-0.000123
-0.000176
-0.000161
-0.000070
0.000011
0.000005
-0.000068
-0.000085
-0.000002
0.000048
-0.000017
-0.000086
-0.000042
0.000071
0.000163
0.000211
0.000206
0.000206
