4801
-0.000020
0.000049
0.000027
0.000018
0.000054
0.000061
0.000025
0.000008
0.000011
-0.000022
-0.000065
-0.000063
-0.000063
-0.000115
-0.000153
-0.000106
0.000012
0.000118
0.000129
0.000043
-0.000040
-0.000049
-0.000013
0.000032
0.000066
0.000043
-0.000031
-0.000053
0.000028
0.000119
0.000083
-0.000073
-0.000176
-0.000125
-0.000003
0.000064
0.000046
0.000013
0.000033
0.000069
0.000064
0.000038
0.000024
0.000002
-0.000034
-0.000061
-0.000050
0.000017
0.000087
0.000075
-0.000003
-0.000036
0.000009
-0.000025
-0.000239
-0.000397
-0.000289
-0.000120
-0.000155
-0.000257
-0.000173
0.000049
0.000207
0.000259
0.000293
0.000335
0.000351
0.000332
0.000307
0.000283
0.000232
0.000149
0.000073
0.000045
0.000053
0.000022
-0.000105
-0.000251
-0.000300
-0.000248
-0.000172
-0.000126
-0.000113
-0.000093
-0.000056
-0.000048
-0.000071
-0.000090
-0.000097
-0.000079
-0.000025
0.000033
0.000065
0.000076
0.000074
0.000041
-0.000013
-0.000028
0.000025
0.000084
0.000090
0.000069
0.000061
0.000054
0.000035
0.000007
-0.000052
-0.000113
-0.000107
-0.000062
-0.000065
-0.000111
-0.000132
-0.000120
-0.000111
-0.000090
-0.000020
0.000062
0.000092
0.000068
0.000036
0.000020
0.000024
0.000047
0.000073
0.000068
0.000037
0.000012
0.000004
0.000001
0.000010
0.000060
0.000149
0.000218
0.000213
0.000146
0.000083
0.000059
0.000042
-0.000004
-0.000074
-0.000147
-0.000187
-0.000166
-0.000130
-0.000123
-0.000112
-0.000083
-0.000070
-0.000074
-0.000073
-0.000068
-0.000040
0.000029
0.000087
0.000075
0.000044
0.000068
0.000108
0.000080
-0.000001
-0.000059
-0.000059
-0.000021
0.000016
0.000014
-0.000020
-0.000050
-0.000048
-0.000002
0.000058
0.000084
0.000072
0.000066
0.000074
0.000064
0.000060
0.000104
0.000146
0.000105
-0.000006
-0.000097
-0.000098
-0.000011
0.000048
-0.000036
-0.000194
-0.000261
-0.000190
-0.000069
-0.000002
-0.000018
-0.000055
-0.000051
-0.000013
0.000036
0.000071
0.000068
0.000064
0.000109
0.000154
0.000116
0.000019
-0.000035
-0.000022
-0.000008
-0.000026
-0.000027
0.000001
0.000005
-0.000045
-0.000118
-0.000219
-0.000371
-0.000379
-0.000016
0.000486
0.000685
0.000572
0.000440
0.000373
0.000253
0.000064
-0.000090
-0.000162
-0.000188
-0.000205
-0.000240
-0.000302
-0.000360
-0.000382
-0.000370
-0.000308
-0.000192
-0.000103
-0.000100
-0.000115
-0.000049
0.000080
0.000132
0.000052
-0.000026
0.000004
0.000101
0.000206
0.000287
0.000291
0.000209
0.000129
0.000110
0.000117
0.000109
0.000078
0.000015
-0.000055
-0.000074
-0.000027
0.000026
0.000026
-0.000031
-0.000100
-0.000133
-0.000109
-0.000047
-0.000004
-0.000005
-0.000016
-0.000014
0.000007
0.000074
0.000128
0.000065
-0.000050
-0.000050
0.000056
0.000116
0.000090
0.000041
-0.000012
-0.000077
-0.000115
-0.000078
0.000011
0.000080
0.000081
0.000025
-0.000035
-0.000067
-0.000084
-0.000089
-0.000077
-0.000041
0.000029
0.000098
0.000063
-0.000081
-0.000195
-0.000187
-0.000123
-0.000115
-0.000154
-0.000149
-0.000083
0.000009
0.000113
0.000213
0.000269
0.000268
0.000235
0.000198
0.000162
0.000112
0.000062
0.000045
0.000048
0.000031
-0.000009
-0.000055
-0.000108
-0.000162
-0.000181
-0.000163
-0.000151
-0.000166
-0.000180
-0.000150
-0.000079
-0.000010
0.000054
0.000114
0.000130
0.000111
0.000096
0.000056
0.000008
0.000038
0.000105
0.000077
-0.000031
-0.000071
0.000003
0.000096
0.000121
0.000081
0.000016
-0.000031
-0.000050
-0.000073
-0.000101
-0.000091
-0.000072
-0.000098
-0.000127
-0.000098
-0.000025
0.000058
0.000121
0.000125
0.000071
0.000022
0.000007
-0.000028
-0.000089
-0.000091
-0.000026
0.000007
-0.000003
0.000038
0.000135
0.000173
0.000105
0.000025
0.000015
-0.000050
-0.000275
-0.000459
-0.000377
-0.000155
-0.000048
-0.000049
0.000012
0.000157
0.000238
0.000201
0.000175
0.000238
0.000290
0.000268
0.000233
0.000214
0.000165
0.000085
0.000039
0.000041
-0.000002
-0.000139
-0.000262
-0.000255
-0.000169
-0.000109
-0.000069
0.000010
0.000091
0.000077
-0.000018
-0.000080
-0.000072
-0.000061
-0.000103
-0.000186
-0.000243
-0.000217
-0.000122
-0.000026
0.000027
0.000044
0.000060
0.000084
0.000107
0.000149
0.000216
0.000264
0.000254
0.000196
0.000112
0.000014
-0.000084
-0.000154
-0.000166
-0.000144
-0.000144
-0.000180
-0.000226
-0.000223
-0.000142
-0.000061
-0.000041
-0.000034
0.000005
0.000056
0.000086
0.000105
0.000111
0.000083
0.000036
0.000013
0.000031
0.000074
0.000116
0.000144
0.000141
0.000105
0.000083
0.000075
0.000011
-0.000062
-0.000043
0.000007
-0.000030
-0.000103
-0.000109
-0.000073
-0.000057
-0.000049
-0.000054
-0.000078
-0.000060
-0.000006
-0.000017
-0.000081
-0.000064
0.000035
0.000082
0.000038
-0.000015
-0.000024
0.000006
0.000054
0.000090
0.000094
0.000078
0.000080
0.000100
0.000094
0.000045
-0.000016
-0.000071
-0.000112
-0.000125
-0.000096
-0.000027
0.000031
0.000024
-0.000020
-0.000018
0.000035
0.000056
0.000015
-0.000029
-0.000043
-0.000028
0.000008
0.000025
0.000018
0.000026
0.000057
0.000072
0.000039
-0.000022
-0.000058
-0.000049
-0.000032
-0.000044
-0.000059
-0.000034
0.000025
0.000066
0.000059
0.000036
0.000031
0.000039
-0.000018
-0.000183
-0.000259
-0.000054
0.000202
0.000145
-0.000118
-0.000153
0.000092
0.000237
0.000092
-0.000156
-0.000262
-0.000098
0.000223
0.000406
0.000384
0.000339
0.000295
0.000138
-0.000074
-0.000159
-0.000104
-0.000086
-0.000196
-0.000328
-0.000352
-0.000269
-0.000160
-0.000126
-0.000196
-0.000246
-0.000169
-0.000045
-0.000002
-0.000033
-0.000058
-0.000026
0.000038
0.000067
0.000043
-0.000437
-0.001882
-0.002367
0.000878
0.004980
0.003912
-0.001128
-0.002482
0.001712
0.004309
0.000653
-0.004066
-0.003222
0.001077
0.001880
-0.001711
-0.003734
-0.001062
0.002039
0.001201
-0.001424
-0.001383
0.001036
0.001967
0.000295
-0.001048
-0.000017
0.001500
0.000987
-0.000738
-0.001031
0.000382
0.001149
0.000129
-0.000907
-0.000250
0.001018
0.000792
-0.000664
-0.001121
0.000044
0.000940
0.000274
-0.000790
-0.000799
-0.000135
0.000112
-0.000085
-0.000233
-0.000375
-0.000473
-0.000160
0.000378
0.000621
0.000542
0.000326
0.000019
-0.000086
0.000130
0.000134
-0.000222
-0.000412
-0.000337
-0.000204
0.000116
0.000454
0.000326
-0.000046
-0.000082
0.000127
0.000065
-0.000265
-0.000179
0.000412
0.000566
-0.000092
-0.000729
-0.000417
0.000512
0.000512
-0.000675
-0.000901
0.000731
0.001723
0.000263
-0.001688
-0.001331
0.000787
0.001365
-0.000431
-0.001483
0.000017
0.001561
0.000502
-0.001460
-0.000937
0.001138
0.001046
-0.000772
-0.000824
0.000700
0.000693
-0.000841
-0.000838
0.000891
0.001057
-0.000641
-0.000738
0.001043
0.000891
-0.001645
-0.001944
0.001181
0.002406
-0.000515
-0.002378
-0.000029
0.002377
0.000725
-0.002340
-0.001454
0.002212
0.002347
-0.001663
-0.003223
0.000867
0.004287
0.000828
-0.004409
-0.002732
0.003376
0.003948
-0.002347
-0.005621
0.000012
0.005974
0.001886
-0.005782
-0.003684
0.004381
0.004359
-0.003133
-0.004705
0.002211
0.005974
0.001091
-0.004250
-0.002358
0.003208
0.003942
-0.001200
-0.004136
-0.000488
0.003165
0.000964
-0.002643
-0.001684
0.001420
0.001728
-0.000458
-0.002016
-0.001216
0.000774
0.001431
0.000435
-0.000489
-0.000885
-0.001027
-0.000160
0.000999
0.000321
-0.000935
0.000244
0.001885
0.000256
-0.002135
-0.000599
0.002535
0.001259
-0.002703
-0.001712
0.003391
0.003258
-0.002680
-0.004044
0.001379
0.003676
-0.000551
-0.003556
-0.001361
0.001837
0.001876
-0.001065
-0.002920
-0.000085
0.003925
0.002123
-0.003421
-0.003541
0.001890
0.003654
-0.000525
-0.003008
0.000389
0.003917
0.001211
-0.004130
-0.003590
0.002461
0.004552
-0.000410
-0.003556
0.000339
0.003624
0.000246
-0.003361
-0.001191
0.001882
0.000722
-0.001574
-0.001198
0.000412
0.001020
0.000482
-0.000321
-0.000265
0.000407
0.000432
-0.000476
-0.000845
0.000251
0.000831
-0.000103
-0.000368
0.000466
0.000153
-0.001363
-0.001717
0.000244
0.002733
0.002397
-0.000650
-0.002118
-0.000481
0.001119
0.000785
-0.000156
-0.000775
-0.001148
-0.000270
0.001468
0.000808
-0.001871
-0.001464
0.001759
0.001594
-0.001635
-0.001460
0.001594
0.001411
-0.001284
-0.000939
0.001659
0.001236
-0.002103
-0.002853
0.000443
0.002183
-0.000100
-0.001406
0.000576
0.002121
0.000913
-0.001027
-0.000877
0.000642
0.000376
-0.000937
0.000381
0.002410
0.000398
-0.002693
-0.001250
0.001810
0.001008
-0.001389
-0.000919
0.000542
-0.000209
-0.001172
-0.000278
0.000029
-0.001620
-0.001930
0.001404
0.004406
0.002153
-0.002048
-0.001203
0.002790
0.002324
-0.002018
-0.002889
0.000536
0.002163
0.000025
-0.002053
-0.001635
-0.000001
0.000530
-0.000600
-0.001245
0.000331
0.001905
0.000741
-0.000944
-0.000102
0.001056
-0.000164
-0.001404
0.000024
0.001427
-0.000483
-0.002627
-0.000928
0.002092
0.001956
-0.000827
-0.002090
0.000113
0.002422
0.001121
-0.001698
-0.001352
0.001936
0.003142
0.000275
-0.002478
-0.001710
0.000243
0.000257
-0.000257
0.001323
0.002347
-0.000950
-0.004044
-0.001109
0.003124
0.001511
-0.002870
-0.001887
0.003663
0.004062
-0.002582
-0.005562
0.000424
0.005550
0.001322
-0.004624
-0.002179
0.003675
0.002824
-0.002327
-0.002574
0.001397
0.001488
-0.002282
-0.002348
0.001822
0.002457
-0.001897
-0.002726
0.002413
0.004168
-0.001393
-0.005542
-0.001890
0.004363
0.004849
-0.000427
-0.003396
-0.000468
0.002221
0.000267
-0.001988
-0.000601
0.001325
0.000196
-0.001886
-0.000735
0.002661
0.002332
-0.002515
-0.004240
0.000339
0.004107
0.001865
-0.002423
-0.003033
0.000021
0.002570
0.001762
-0.000901
-0.001301
0.000805
0.001130
-0.000568
-0.000027
0.002089
0.000841
-0.002619
-0.002224
0.001176
0.001134
-0.001810
-0.001584
0.001711
0.002481
-0.000512
-0.002381
-0.000680
0.000545
-0.000804
-0.000650
0.002214
0.002573
-0.000876
-0.002282
0.000027
0.001167
-0.000107
-0.000611
0.000227
0.000774
0.000867
0.000759
-0.000092
-0.001391
-0.002133
-0.001882
-0.000178
0.002379
0.003192
0.001227
-0.001311
-0.002195
-0.001342
0.000013
0.000755
0.001040
0.001767
0.001862
-0.000653
-0.003976
-0.004141
-0.000904
0.002005
0.002035
0.000916
0.000900
0.000991
0.000078
-0.000546
0.000272
0.001416
0.000864
-0.001054
-0.001473
0.000427
0.001461
-0.000297
-0.002188
-0.001536
0.000392
0.000939
0.000148
-0.000278
-0.000392
-0.000534
0.000480
0.002059
0.001508
-0.000776
-0.001674
-0.000943
-0.000307
0.000092
0.000313
0.000060
-0.000208
-0.000229
-0.000411
-0.000762
-0.000494
0.000542
0.001149
0.000892
0.000695
0.000725
0.000490
0.000206
0.000202
0.000119
-0.000438
-0.001031
-0.000761
0.000373
0.001003
0.000117
-0.001243
-0.001245
0.000183
0.000973
-0.000363
-0.002046
-0.001259
0.001037
0.001310
-0.000432
-0.000658
0.001030
0.001048
-0.001195
-0.001747
0.000721
0.002382
0.000999
-0.000689
-0.000450
0.000175
-0.000312
-0.000865
-0.000242
0.000730
0.000628
0.000160
0.000828
0.001680
0.000827
-0.000903
-0.001328
-0.000446
0.000039
-0.000409
-0.000443
0.000494
0.000669
-0.000710
-0.001666
-0.000885
0.000187
0.000244
0.000055
0.000344
0.000507
-0.000025
-0.000549
-0.000067
0.000611
0.000090
-0.000746
-0.000289
0.000812
0.000866
-0.000146
-0.000806
-0.000459
0.000224
0.000630
0.000663
0.000312
-0.000076
-0.000016
0.000474
0.000958
0.000817
-0.000097
-0.000815
-0.000491
0.000291
0.000583
0.000205
-0.000563
-0.001033
-0.000724
-0.000392
-0.000767
-0.001073
-0.000356
0.000857
0.001149
0.000275
-0.000572
-0.000738
-0.000472
0.000131
0.000821
0.001030
0.000569
-0.000302
-0.000944
-0.000765
-0.000088
0.000334
0.000518
0.000970
0.001479
0.001231
0.000074
-0.001131
-0.001364
-0.000422
0.000720
0.000936
0.000389
-0.000061
-0.000337
-0.000728
-0.000920
-0.000686
-0.000440
-0.000218
0.000278
0.000500
-0.000057
-0.000641
-0.000561
-0.000224
0.000085
0.000598
0.000858
0.000229
-0.000501
-0.000167
0.000650
0.000527
-0.000459
-0.000897
-0.000167
0.000814
0.001010
0.000458
-0.000248
-0.000676
-0.000541
-0.000041
0.000136
-0.000009
0.000203
0.000614
0.000464
-0.000131
-0.000517
-0.000505
-0.000301
-0.000162
-0.000114
0.000098
0.000464
0.000516
0.000063
-0.000493
-0.000800
-0.000719
-0.000138
0.000698
0.001184
0.000928
0.000233
-0.000145
0.000041
0.000251
0.000016
-0.000375
-0.000255
0.000289
0.000359
-0.000265
-0.000700
-0.000387
0.000115
0.000044
-0.000544
-0.000928
-0.000625
0.000071
0.000496
0.000359
0.000029
0.000057
0.000330
0.000373
0.000250
0.000095
-0.000272
-0.000468
0.000030
0.000630
0.000470
-0.000193
-0.000542
-0.000341
0.000047
0.000240
0.000147
-0.000019
0.000074
0.000373
0.000371
-0.000045
-0.000353
-0.000259
0.000019
0.000175
0.000103
-0.000071
-0.000166
-0.000155
-0.000140
-0.000190
-0.000249
-0.000146
0.000222
0.000642
0.000700
0.000248
-0.000436
-0.000849
-0.000525
0.000312
0.000674
0.000251
0.000037
0.000478
0.000523
-0.000486
-0.001645
-0.001830
-0.000912
0.000519
0.001736
0.002151
0.001584
0.000332
-0.001066
-0.001898
-0.001704
-0.000863
0.000077
0.001101
0.002016
0.002112
0.001017
-0.000726
-0.001999
-0.002053
-0.001261
-0.000425
0.000336
0.001130
0.001412
0.000694
-0.000401
-0.000942
-0.001013
-0.001045
-0.000740
0.000161
0.001106
0.001424
0.001029
0.000334
-0.000188
-0.000458
-0.000675
-0.000764
-0.000410
0.000323
0.000902
0.000957
0.000628
0.000287
0.000088
-0.000086
-0.000254
-0.000305
-0.000245
-0.000104
0.000159
0.000452
0.000504
0.000207
-0.000227
-0.000535
-0.000623
-0.000510
-0.000271
-0.000029
0.000154
0.000314
0.000404
0.000311
0.000082
-0.000179
-0.000437
-0.000562
-0.000395
-0.000039
0.000237
0.000305
0.000230
0.000125
0.000086
0.000121
0.000059
-0.000171
-0.000280
-0.000036
0.000351
0.000517
0.000332
-0.000068
-0.000401
-0.000433
-0.000200
0.000008
-0.000032
-0.000259
-0.000421
-0.000374
-0.000294
-0.000384
-0.000506
-0.000465
-0.000370
-0.000327
-0.000171
0.000148
0.000350
0.000320
0.000325
0.000436
0.000434
0.000372
0.000411
0.000407
0.000324
0.000409
0.000604
0.000586
0.000383
0.000218
0.000071
-0.000125
-0.000267
-0.000275
-0.000225
-0.000243
-0.000327
-0.000322
-0.000171
-0.000117
-0.000325
-0.000499
-0.000299
0.000089
0.000274
0.000263
0.000331
0.000488
0.000456
0.000200
0.000043
0.000104
0.000091
-0.000071
-0.000023
0.000288
0.000421
0.000258
0.000214
0.000488
0.000804
0.000913
0.000846
0.000636
0.000122
-0.000782
-0.001702
-0.002006
-0.001585
-0.001085
-0.000995
-0.001015
-0.000825
-0.000719
-0.000913
-0.001038
-0.000821
-0.000519
-0.000402
-0.000320
-0.000012
0.000412
0.000601
0.000464
0.000262
0.000218
0.000290
0.000364
0.000406
0.000510
0.000758
0.000701
-0.000135
-0.000809
0.000233
0.002375
0.003037
0.001576
0.000437
0.001168
0.002140
0.001783
0.001145
0.001389
0.001553
0.000727
0.000037
0.000509
0.000939
-0.000115
-0.001777
-0.002254
-0.001629
-0.001495
-0.002352
-0.003021
-0.002801
-0.002486
-0.002445
-0.001581
0.000376
0.001415
0.000155
-0.001465
-0.001002
0.000565
0.000688
-0.000451
-0.000663
0.000432
0.001460
0.002135
0.002929
0.002860
0.000769
-0.001749
-0.001856
0.000245
0.001506
0.000642
-0.000367
0.000099
0.001007
0.000885
0.000032
-0.000625
-0.001154
-0.001908
-0.002311
-0.001602
-0.000375
-0.000124
-0.001458
-0.003688
-0.005391
-0.004830
-0.001596
0.001842
0.002777
0.002341
0.003436
0.005375
0.005255
0.003581
0.003004
0.003067
0.001845
0.000686
0.002004
0.004388
0.004561
0.002567
0.001045
0.000679
-0.000207
-0.002144
-0.003592
-0.003765
-0.003741
-0.004061
-0.003826
-0.003075
-0.003490
-0.005565
-0.007077
-0.005856
-0.002914
-0.001047
-0.000844
-0.000286
0.001574
0.003090
0.002962
0.002221
0.002006
0.001748
0.001156
0.001573
0.003542
0.005401
0.005932
0.006024
0.006176
0.004954
0.001766
-0.001191
-0.001870
-0.001401
-0.001880
-0.002843
-0.002575
-0.001513
-0.001506
-0.002713
-0.003820
-0.004460
-0.005274
-0.006131
-0.006099
-0.005212
-0.004902
-0.005625
-0.005108
-0.001364
0.003293
0.004864
0.003838
0.004101
0.006058
0.006466
0.004979
0.004750
0.006255
0.006495
0.004967
0.004769
0.006623
0.007078
0.004325
0.001159
0.000116
-0.000250
-0.001935
-0.003904
-0.004456
-0.004182
-0.004461
-0.005324
-0.006090
-0.006448
-0.006711
-0.007556
-0.008455
-0.007236
-0.003650
-0.001149
-0.001581
-0.001590
0.001272
0.003668
0.002680
0.001220
0.002257
0.003757
0.003753
0.004376
0.007202
0.009751
0.009383
0.006913
0.004506
0.002788
0.001138
-0.000765
-0.002307
-0.002607
-0.001945
-0.001673
-0.002168
-0.002395
-0.002277
-0.003312
-0.005696
-0.007368
-0.007573
-0.008418
-0.010406
-0.009853
-0.004550
0.001421
0.003345
0.003088
0.004849
0.007153
0.006142
0.003506
0.003540
0.005352
0.005261
0.004116
0.005487
0.008693
0.009553
0.007001
0.004026
0.002501
0.001046
-0.001583
-0.004037
-0.004636
-0.003995
-0.003801
-0.004319
-0.004674
-0.004789
-0.005636
-0.007477
-0.008787
-0.007928
-0.005609
-0.004069
-0.003603
-0.002160
0.000772
0.002829
0.002629
0.001822
0.001955
0.002389
0.002516
0.003325
0.005548
0.008052
0.009107
0.008330
0.006710
0.005087
0.003224
0.000758
-0.001554
-0.002646
-0.002758
-0.002859
-0.002929
-0.002442
-0.002014
-0.002772
-0.004503
-0.006156
-0.007898
-0.010445
-0.012131
-0.009848
-0.004102
0.000638
0.002407
0.004089
0.007144
0.008472
0.006476
0.004437
0.004568
0.004547
0.003110
0.003101
0.006017
0.008827
0.008779
0.007026
0.005554
0.003969
0.001102
-0.002373
-0.004720
-0.005552
-0.005852
-0.006059
-0.005695
-0.004822
-0.004479
-0.005372
-0.006877
-0.007689
-0.007239
-0.006188
-0.005347
-0.004258
-0.001869
0.001305
0.003423
0.003931
0.004015
0.004320
0.004261
0.003839
0.004174
0.005753
0.007443
0.007850
0.006924
0.005712
0.004762
0.003410
0.001106
-0.001293
-0.002684
-0.003386
-0.004205
-0.004768
-0.004432
-0.003902
-0.004298
-0.005493
-0.007014
-0.009184
-0.011241
-0.010470
-0.006095
-0.001520
0.000628
0.002453
0.005995
0.008740
0.008324
0.006989
0.006965
0.006407
0.004033
0.002733
0.004657
0.007283
0.007767
0.006991
0.006588
0.005737
0.003207
-0.000183
-0.002908
-0.004845
-0.006689
-0.008204
-0.008427
-0.007414
-0.006450
-0.006374
-0.006787
-0.006921
-0.006428
-0.005485
-0.004661
-0.004113
-0.002946
-0.000584
0.001856
0.003135
0.003847
0.004984
0.005959
0.005981
0.005919
0.006843
0.007952
0.007663
0.005980
0.004420
0.003803
0.003197
0.001607
-0.000279
-0.001338
-0.002062
-0.003477
-0.004974
-0.005370
-0.005152
-0.005658
-0.007106
-0.009017
-0.010834
-0.010992
-0.008015
-0.003437
-0.000418
0.001058
0.003539
0.006702
0.007753
0.006982
0.007068
0.007501
0.005917
0.003699
0.004130
0.006517
0.007552
0.006801
0.006123
0.005584
0.003906
0.001312
-0.000927
-0.002641
-0.004616
-0.006907
-0.008399
-0.008211
-0.007059
-0.006463
-0.006843
-0.007274
-0.006939
-0.005904
-0.004697
-0.003740
-0.002914
-0.001658
0.000152
0.001890
0.003187
0.004370
0.005415
0.005798
0.005796
0.006447
0.007796
0.008397
0.007208
0.005125
0.003791
0.003288
0.002261
0.000385
-0.001124
-0.001883
-0.002935
-0.004400
-0.005015
-0.004680
-0.004949
-0.006643
-0.009134
-0.011373
-0.011863
-0.009319
-0.004959
-0.001688
0.000176
0.002926
0.006470
0.008080
0.007672
0.007772
0.008106
0.006300
0.003583
0.003553
0.005930
0.007243
0.006685
0.006188
0.006038
0.004863
0.002679
0.000568
-0.001516
-0.004297
-0.007373
-0.009296
-0.009206
-0.007930
-0.007082
-0.006996
-0.006766
-0.006354
-0.006234
-0.005443
-0.003325
-0.001820
-0.002057
-0.001480
0.001481
0.004122
0.004630
0.005104
0.006580
0.007167
0.006758
0.007334
0.008315
0.007246
0.004433
0.002446
0.002055
0.001779
0.000621
-0.000779
-0.001600
-0.002178
-0.003238
-0.004454
-0.004950
-0.005030
-0.006217
-0.009246
-0.012355
-0.012436
-0.008790
-0.004524
-0.002209
-0.000193
0.003546
0.007000
0.007816
0.007741
0.008771
0.008868
0.006134
0.003265
0.003586
0.005888
0.006898
0.006289
0.005877
0.005838
0.004833
0.002727
0.000614
-0.001376
-0.004223
-0.007795
-0.010136
-0.009877
-0.008271
-0.007589
-0.007952
-0.007594
-0.006192
-0.005102
-0.004272
-0.002646
-0.001134
-0.001009
-0.000767
0.001283
0.003707
0.004771
0.005325
0.006294
0.007050
0.007554
0.008391
0.008646
0.007096
0.004617
0.002817
0.001751
0.000671
-0.000493
-0.001530
-0.002487
-0.003309
-0.003827
-0.004163
-0.004640
-0.005548
-0.007394
-0.010423
-0.013001
-0.012279
-0.008154
-0.004140
-0.002058
0.000526
0.004966
0.008451
0.009223
0.009473
0.010190
0.008941
0.005366
0.003125
0.004139
0.005864
0.005944
0.005329
0.005436
0.005608
0.004699
0.002895
0.000812
-0.001775
-0.005256
-0.008907
-0.011061
-0.010836
-0.009452
-0.008889
-0.009110
-0.008345
-0.006235
-0.004132
-0.002464
-0.000858
0.000014
-0.000058
0.000588
0.002570
0.004174
0.004779
0.005605
0.006695
0.007342
0.008249
0.009527
0.009246
0.006811
0.004290
0.002826
0.001393
-0.000451
-0.001915
-0.002851
-0.003799
-0.004685
-0.005010
-0.004836
-0.004858
-0.005872
-0.008284
-0.011315
-0.012725
-0.010855
-0.007091
-0.004158
-0.001993
0.001530
0.006020
0.008941
0.010138
0.011236
0.011408
0.008913
0.005471
0.004209
0.004867
0.005035
0.004281
0.003965
0.004551
0.005173
0.004965
0.003709
0.001435
-0.001913
-0.005942
-0.009343
-0.010972
-0.011270
-0.011452
-0.011425
-0.010072
-0.007660
-0.005747
-0.004340
-0.001999
0.000758
0.001621
0.000889
0.001452
0.003500
0.004320
0.003817
0.004582
0.006702
0.008079
0.008614
0.009247
0.009094
0.007250
0.004788
0.002769
0.000915
-0.000980
-0.002682
-0.004191
-0.005250
-0.005365
-0.004960
-0.004934
-0.005385
-0.006371
-0.008488
-0.010903
-0.011062
-0.008418
-0.005657
-0.004175
-0.001772
0.002793
0.007005
0.008999
0.010390
0.011989
0.011533
0.008442
0.005836
0.005397
0.005085
0.003550
0.002298
0.002490
0.003240
0.003519
0.003189
0.002245
0.000482
-0.002325
-0.005885
-0.008885
-0.010290
-0.011026
-0.012239
-0.012747
-0.011014
-0.007917
-0.004855
-0.001556
0.001824
0.003667
0.003876
0.004188
0.004747
0.004233
0.003087
0.002789
0.003238
0.003986
0.005616
0.007660
0.008318
0.007471
0.006599
0.005740
0.003822
0.001147
-0.001254
-0.003456
-0.005674
-0.007114
-0.007273
-0.006822
-0.006490
-0.006595
-0.007512
-0.008736
-0.008491
-0.006328
-0.004337
-0.003647
-0.002292
0.001001
0.004290
0.006147
0.007957
0.010240
0.010911
0.009353
0.007911
0.007761
0.007236
0.005302
0.003233
0.002173
0.001721
0.001211
0.000600
-0.000003
-0.000773
-0.002074
-0.004012
-0.006038
-0.007529
-0.008691
-0.010036
-0.011201
-0.011222
-0.009672
-0.006882
-0.003635
-0.000805
0.001417
0.003516
0.005320
0.005927
0.005428
0.004905
0.004509
0.003709
0.003198
0.004065
0.005528
0.005986
0.005642
0.005705
0.005897
0.005009
0.003059
0.000943
-0.001249
-0.003912
-0.006512
-0.007941
-0.008093
-0.007992
-0.008518
-0.009508
-0.009720
-0.007999
-0.005000
-0.002691
-0.001448
0.000411
0.003270
0.005276
0.005916
0.006923
0.008432
0.008374
0.006713
0.005935
0.006684
0.006874
0.005548
0.004156
0.003668
0.003224
0.002054
0.000669
-0.000386
-0.001540
-0.003334
-0.005378
-0.006836
-0.007594
-0.008241
-0.008983
-0.009293
-0.008910
-0.008129
-0.006654
-0.003858
-0.000624
0.001383
0.002457
0.004024
0.005583
0.005728
0.005044
0.004807
0.004597
0.003934
0.003797
0.004475
0.004757
0.004314
0.004074
0.004066
0.003499
0.002384
0.001163
-0.000314
-0.002204
-0.004097
-0.005630
-0.006753
-0.007606
-0.008715
-0.010270
-0.010921
-0.009112
-0.005819
-0.003404
-0.001706
0.001246
0.004840
0.006599
0.006879
0.007981
0.009310
0.008478
0.006179
0.005153
0.005485
0.005165
0.003952
0.003185
0.003096
0.002800
0.001963
0.001042
0.000294
-0.000793
-0.002866
-0.005511
-0.007450
-0.008301
-0.009067
-0.010250
-0.010690
-0.009248
-0.006563
-0.003983
-0.001592
0.001205
0.003800
0.004990
0.005022
0.005061
0.005035
0.004072
0.002535
0.001759
0.002187
0.003063
0.003683
0.004121
0.004785
0.005447
0.005263
0.004192
0.003132
0.001988
-0.000369
-0.003578
-0.005758
-0.006542
-0.007428
-0.009033
-0.010444
-0.010778
-0.009643
-0.007147
-0.004269
-0.001828
0.000665
0.003536
0.005671
0.006514
0.007255
0.008246
0.007951
0.006066
0.004671
0.004785
0.004880
0.004021
0.003345
0.003458
0.003344
0.002516
0.001751
0.001277
0.000227
-0.001799
-0.004099
-0.005927
-0.007204
-0.008178
-0.008978
-0.009479
-0.009279
-0.007946
-0.005520
-0.002641
-0.000029
0.002056
0.003703
0.004874
0.005368
0.005197
0.004549
0.003473
0.002200
0.001436
0.001625
0.002284
0.002718
0.003013
0.003591
0.004210
0.004246
0.003742
0.003100
0.001976
-0.000232
-0.002970
-0.004985
-0.006109
-0.007330
-0.009169
-0.010875
-0.011119
-0.009303
-0.006381
-0.003738
-0.001185
0.002157
0.005325
0.006832
0.007591
0.009008
0.009684
0.007853
0.005098
0.003897
0.003742
0.002877
0.001674
0.001442
0.001874
0.001886
0.001599
0.001788
0.002100
0.001228
-0.001147
-0.003694
-0.005224
-0.006301
-0.008019
-0.009897
-0.010418
-0.009259
-0.007343
-0.005028
-0.002034
0.001154
0.003446
0.004649
0.005529
0.006274
0.006100
0.004608
0.002639
0.001300
0.000830
0.000772
0.000842
0.001263
0.002130
0.002997
0.003536
0.004017
0.004497
0.004102
0.002216
-0.000294
-0.002300
-0.004039
-0.006258
-0.008752
-0.010792
-0.011816
-0.011265
-0.008977
-0.005783
-0.002537
0.000894
0.004433
0.007039
0.008413
0.009481
0.010177
0.009195
0.006675
0.004386
0.002994
0.001669
0.000294
-0.000361
-0.000294
-0.000060
0.000403
0.001354
0.002316
0.002402
0.001246
-0.000701
-0.002623
-0.004181
-0.005782
-0.007784
-0.009675
-0.010433
-0.009557
-0.007324
-0.004336
-0.001146
0.001880
0.004419
0.006157
0.007075
0.007392
0.006938
0.005321
0.003006
0.001163
0.000274
-0.000225
-0.000703
-0.000721
-0.000005
0.000989
0.001884
0.002931
0.004014
0.004084
0.002584
0.000473
-0.001159
-0.002712
-0.005163
-0.008337
-0.010951
-0.011871
-0.010977
-0.009009
-0.006508
-0.003204
0.000816
0.004406
0.007040
0.009547
0.011925
0.012442
0.010466
0.007808
0.005834
0.003790
0.001143
-0.001052
-0.002160
-0.002816
-0.003167
-0.002460
-0.000676
0.000914
0.001260
0.000705
0.000164
-0.000384
-0.001721
-0.003912
-0.006213
-0.008021
-0.008990
-0.008678
-0.007081
-0.004927
-0.002635
0.000013
0.002882
0.005269
0.006850
0.007686
0.007522
0.006289
0.004629
0.003162
0.001823
0.000445
-0.000671
-0.001190
-0.001113
-0.000665
0.000021
0.000943
0.001841
0.002088
0.001437
0.000506
-0.000299
-0.001536
-0.003808
-0.006727
-0.009124
-0.010105
-0.009703
-0.008456
-0.006420
-0.003350
0.000116
0.002979
0.005579
0.008795
0.011602
0.012084
0.010573
0.008955
0.007588
0.005451
0.002567
-0.000085
-0.002260
-0.004117
-0.005097
-0.004595
-0.003234
-0.002229
-0.001841
-0.001342
-0.000358
0.000366
-0.000091
-0.001582
-0.003196
-0.004462
-0.005398
-0.005664
-0.005029
-0.004129
-0.003393
-0.002108
0.000233
0.002689
0.004213
0.005020
0.005606
0.005810
0.005495
0.004944
0.004190
0.003032
0.001629
0.000445
-0.000256
-0.000596
-0.000816
-0.001000
-0.001051
-0.001020
-0.001119
-0.001274
-0.001300
-0.001583
-0.002832
-0.004858
-0.006415
-0.006783
-0.006523
-0.006128
-0.004967
-0.002687
-0.000393
0.001181
0.003179
0.006337
0.008923
0.009298
0.008530
0.008254
0.008032
0.006746
0.004697
0.002633
0.000467
-0.001812
-0.003407
-0.003795
-0.003704
-0.004107
-0.004743
-0.004480
-0.003132
-0.001981
-0.001964
-0.002463
-0.002617
-0.002594
-0.002711
-0.002559
-0.002001
-0.001647
-0.001589
-0.001022
0.000246
0.001351
0.001966
0.002648
0.003478
0.003953
0.004081
0.004255
0.004352
0.003935
0.003043
0.002173
0.001595
0.001090
0.000435
-0.000263
-0.000915
-0.001730
-0.002707
-0.003325
-0.003366
-0.003519
-0.004475
-0.005812
-0.006524
-0.006297
-0.005544
-0.004514
-0.003011
-0.001073
0.000678
0.001985
0.003584
0.005869
0.007695
0.007947
0.007284
0.006879
0.006615
0.005817
0.004590
0.003239
0.001527
-0.000463
-0.001889
-0.002323
-0.002512
-0.003269
-0.004249
-0.004499
-0.003848
-0.003127
-0.003011
-0.003306
-0.003493
-0.003375
-0.002964
-0.002251
-0.001419
-0.000851
-0.000590
-0.000176
0.000679
0.001638
0.002256
0.002521
0.002641
0.002706
0.002815
0.003140
0.003492
0.003375
0.002775
0.002226
0.001921
0.001557
0.001055
0.000618
0.000175
-0.000569
-0.001566
-0.002371
-0.002745
-0.003041
-0.003781
-0.004992
-0.006122
-0.006638
-0.006479
-0.005772
-0.004486
-0.002635
-0.000639
0.000954
0.002280
0.004030
0.006176
0.007638
0.007776
0.007277
0.006946
0.006665
0.006008
0.004872
0.003227
0.001151
-0.000781
-0.001911
-0.002333
-0.002819
-0.003787
-0.004713
-0.004789
-0.004039
-0.003382
-0.003397
-0.003649
-0.003543
-0.003093
-0.002495
-0.001719
-0.000936
-0.000507
-0.000220
0.000485
0.001366
0.001669
0.001542
0.001782
0.002307
0.002423
0.002256
0.002444
0.002929
0.003191
0.003113
0.002834
0.002389
0.001874
0.001490
0.001251
0.000834
-0.000108
-0.001421
-0.002410
-0.002716
-0.002934
-0.003731
-0.004851
-0.005724
-0.006271
-0.006484
-0.006064
-0.004941
-0.003397
-0.001593
0.000295
0.001805
0.002907
0.004320
0.006192
0.007428
0.007318
0.006603
0.006156
0.005923
0.005474
0.004556
0.003072
0.001234
-0.000353
-0.001254
-0.001764
-0.002564
-0.003824
-0.004889
-0.005025
-0.004384
-0.003878
-0.003959
-0.004128
-0.003820
-0.003088
-0.002190
-0.001216
-0.000326
0.000287
0.000766
0.001334
0.001849
0.002068
0.002034
0.001925
0.001804
0.001737
0.001845
0.002115
0.002347
0.002391
0.002295
0.002126
0.001876
0.001558
0.001242
0.000952
0.000563
-0.000081
-0.000883
-0.001516
-0.001911
-0.002407
-0.003203
-0.004059
-0.004754
-0.005347
-0.005812
-0.005867
-0.005262
-0.003950
-0.002114
-0.000318
0.000819
0.001537
0.002791
0.004746
0.006328
0.006765
0.006559
0.006471
0.006557
0.006450
0.005785
0.004341
0.002374
0.000622
-0.000478
-0.001257
-0.002315
-0.003763
-0.005011
-0.005407
-0.005090
-0.004823
-0.004854
-0.004702
-0.004132
-0.003411
-0.002628
-0.001653
-0.000628
0.000265
0.001125
0.001959
0.002470
0.002536
0.002448
0.002470
0.002521
0.002383
0.002063
0.001787
0.001676
0.001671
0.001677
0.001591
0.001271
0.000783
0.000462
0.000436
0.000436
0.000247
-0.000107
-0.000622
-0.001230
-0.001677
-0.001942
-0.002361
-0.003020
-0.003610
-0.004040
-0.004490
-0.004893
-0.004924
-0.004272
-0.002858
-0.001123
0.000109
0.000660
0.001423
0.003038
0.004821
0.005791
0.005972
0.005959
0.006055
0.006238
0.006176
0.005353
0.003785
0.002173
0.000993
0.000035
-0.001043
-0.002358
-0.003764
-0.004787
-0.005069
-0.005003
-0.005232
-0.005615
-0.005528
-0.004903
-0.004103
-0.003159
-0.001939
-0.000606
0.000653
0.001777
0.002543
0.002819
0.002998
0.003458
0.003890
0.003756
0.003144
0.002667
0.002578
0.002496
0.001983
0.001081
0.000250
-0.000157
-0.000266
-0.000465
-0.000861
-0.001156
-0.001134
-0.001027
-0.001182
-0.001546
-0.001765
-0.001705
-0.001616
-0.001773
-0.002148
-0.002531
-0.002823
-0.003065
-0.003266
-0.003259
-0.002717
-0.001539
-0.000251
0.000448
0.000694
0.001319
0.002598
0.003865
0.004508
0.004634
0.004666
0.004849
0.005114
0.005095
0.004420
0.003240
0.002134
0.001389
0.000778
-0.000046
-0.001253
-0.002632
-0.003644
-0.004072
-0.004365
-0.004899
-0.005378
-0.005427
-0.005126
-0.004578
-0.003718
-0.002660
-0.001572
-0.000392
0.000887
0.001959
0.002576
0.002917
0.003292
0.003690
0.003863
0.003739
0.003477
0.003218
0.002931
0.002504
0.001934
0.001336
0.000805
0.000351
-0.000132
-0.000738
-0.001336
-0.001675
-0.001805
-0.002086
-0.002635
-0.003081
-0.003094
-0.002805
-0.002543
-0.002450
-0.002427
-0.002281
-0.001959
-0.001695
-0.001668
-0.001549
-0.000797
0.000511
0.001540
0.001696
0.001493
0.001857
0.002813
0.003566
0.003661
0.003382
0.003186
0.003276
0.003504
0.003401
0.002676
0.001722
0.001143
0.000949
0.000667
-0.000011
-0.000965
-0.001808
-0.002287
-0.002614
-0.003138
-0.003749
-0.004083
-0.004123
-0.004048
-0.003794
-0.003257
-0.002552
-0.001788
-0.000972
-0.000182
0.000500
0.001121
0.001683
0.002077
0.002376
0.002779
0.003188
0.003340
0.003243
0.003062
0.002841
0.002577
0.002274
0.001907
0.001509
0.001067
0.000406
-0.000459
-0.001161
-0.001554
-0.001941
-0.002502
-0.003025
-0.003334
-0.003444
-0.003313
-0.002940
-0.002593
-0.002507
-0.002540
-0.002423
-0.002148
-0.001811
-0.001304
-0.000402
0.000876
0.002037
0.002549
0.002575
0.002812
0.003432
0.003869
0.003759
0.003350
0.002977
0.002796
0.002809
0.002692
0.002075
0.001182
0.000564
0.000269
-0.000104
-0.000696
-0.001288
-0.001721
-0.002012
-0.002256
-0.002571
-0.002926
-0.003131
-0.003145
-0.003165
-0.003206
-0.002960
-0.002276
-0.001368
-0.000509
0.000112
0.000416
0.000625
0.001098
0.001778
0.002201
0.002167
0.002010
0.002072
0.002292
0.002394
0.002229
0.001858
0.001470
0.001265
0.001254
0.001148
0.000707
0.000079
-0.000438
-0.000756
-0.000978
-0.001274
-0.001742
-0.002246
-0.002579
-0.002706
-0.002639
-0.002356
-0.001994
-0.001801
-0.001733
-0.001499
-0.001115
-0.000903
-0.000889
-0.000658
0.000093
0.001103
0.001777
0.001891
0.001874
0.002194
0.002678
0.002863
0.002709
0.002449
0.002132
0.001838
0.001745
0.001653
0.001188
0.000528
0.000111
-0.000114
-0.000414
-0.000726
-0.000932
-0.001146
-0.001431
-0.001673
-0.001831
-0.001950
-0.002015
-0.002024
-0.002012
-0.001950
-0.001793
-0.001540
-0.001128
-0.000513
0.000110
0.000512
0.000746
0.000917
0.000993
0.001051
0.001233
0.001407
0.001398
0.001369
0.001482
0.001534
0.001366
0.001154
0.001032
0.000929
0.000846
0.000812
0.000657
0.000253
-0.000241
-0.000657
-0.000994
-0.001264
-0.001520
-0.001819
-0.002026
-0.001976
-0.001757
-0.001573
-0.001482
-0.001423
-0.001315
-0.001064
-0.000718
-0.000552
-0.000682
-0.000734
-0.000220
0.000795
0.001630
0.001767
0.001459
0.001330
0.001579
0.001901
0.001985
0.001744
0.001317
0.001096
0.001365
0.001755
0.001647
0.001101
0.000628
0.000361
0.000120
-0.000145
-0.000472
-0.000926
-0.001344
-0.001529
-0.001616
-0.001794
-0.001955
-0.001961
-0.001938
-0.001960
-0.001797
-0.001300
-0.000741
-0.000411
-0.000151
0.000290
0.000715
0.000801
0.000720
0.000876
0.001207
0.001359
0.001308
0.001278
0.001312
0.001312
0.001229
0.001031
0.000753
0.000573
0.000580
0.000589
0.000408
0.000081
-0.000295
-0.000678
-0.000977
-0.001139
-0.001244
-0.001361
-0.001462
-0.001501
-0.001409
-0.001146
-0.000845
-0.000709
-0.000693
-0.000611
-0.000452
-0.000301
-0.000165
-0.000086
-0.000197
-0.000414
-0.000287
0.000441
0.001325
0.001708
0.001500
0.001147
0.001026
0.001169
0.001399
0.001465
0.001218
0.000832
0.000652
0.000734
0.000775
0.000549
0.000185
-0.000109
-0.000316
-0.000444
-0.000508
-0.000649
-0.000891
-0.001090
-0.001220
-0.001340
-0.001403
-0.001367
-0.001282
-0.001162
-0.001050
-0.001022
-0.000888
-0.000285
0.000634
0.001132
0.000945
0.000720
0.000949
0.001296
0.001318
0.001019
0.000634
0.000463
0.000642
0.000861
0.000723
0.000366
0.000190
0.000206
0.000195
0.000149
0.000151
0.000167
0.000125
-0.000103
-0.000622
-0.001189
-0.001390
-0.001252
-0.001176
-0.001282
-0.001335
-0.001181
-0.000861
-0.000492
-0.000257
-0.000254
-0.000314
-0.000211
0.000014
0.000172
0.000217
0.000157
-0.000035
-0.000239
-0.000169
0.000312
0.000982
0.001383
0.001255
0.000855
0.000668
0.000833
0.001114
0.001242
0.001082
0.000720
0.000495
0.000628
0.000819
0.000612
0.000073
-0.000355
-0.000434
-0.000271
-0.000182
-0.000482
-0.001054
-0.001406
-0.001361
-0.001230
-0.001242
-0.001274
-0.001143
-0.000866
-0.000552
-0.000319
-0.000275
-0.000259
0.000165
0.000984
0.001467
0.001159
0.000603
0.000563
0.000983
0.001210
0.000939
0.000492
0.000316
0.000479
0.000639
0.000472
0.000107
-0.000070
0.000008
0.000058
-0.000033
-0.000092
-0.000044
-0.000047
-0.000256
-0.000699
-0.001217
-0.001429
-0.001153
-0.000804
-0.000871
-0.001170
-0.001163
-0.000744
-0.000267
-0.000071
-0.000185
-0.000317
-0.000160
0.000184
0.000357
0.000281
0.000186
0.000197
0.000208
0.000102
-0.000066
-0.000025
0.000430
0.001029
0.001224
0.000924
0.000624
0.000716
0.001042
0.001212
0.001011
0.000527
0.000149
0.000214
0.000528
0.000548
0.000134
-0.000281
-0.000351
-0.000222
-0.000193
-0.000379
-0.000673
-0.000835
-0.000791
-0.000752
-0.000886
-0.001073
-0.001086
-0.000865
-0.000621
-0.000594
-0.000637
-0.000319
0.000329
0.000646
0.000347
0.000108
0.000479
0.000940
0.000836
0.000449
0.000363
0.000565
0.000747
0.000774
0.000626
0.000458
0.000550
0.000781
0.000712
0.000323
0.000028
-0.000023
-0.000045
-0.000196
-0.000504
-0.000889
-0.001152
-0.001235
-0.001294
-0.001321
-0.001150
-0.000862
-0.000695
-0.000622
-0.000474
-0.000265
-0.000085
0.000064
0.000156
0.000174
0.000228
0.000384
0.000504
0.000464
0.000342
0.000260
0.000208
0.000104
-0.000069
-0.000103
0.000256
0.000822
0.001056
0.000802
0.000480
0.000479
0.000746
0.000946
0.000784
0.000314
0.000009
0.000232
0.000637
0.000566
0.000020
-0.000401
-0.000437
-0.000356
-0.000408
-0.000631
-0.000888
-0.000859
-0.000479
-0.000224
-0.000416
-0.000689
-0.000646
-0.000415
-0.000288
-0.000402
-0.000677
-0.000691
-0.000125
0.000541
0.000564
0.000136
0.000074
0.000505
0.000835
0.000735
0.000401
0.000178
0.000289
0.000601
0.000712
0.000509
0.000317
0.000306
0.000264
0.000083
-0.000092
-0.000148
-0.000085
0.000004
-0.000100
-0.000456
-0.000757
-0.000756
-0.000683
-0.000826
-0.001015
-0.000916
-0.000558
-0.000263
-0.000244
-0.000391
-0.000400
-0.000154
0.000137
0.000233
0.000175
0.000141
0.000176
0.000224
0.000244
0.000224
0.000236
0.000361
0.000489
0.000421
0.000179
-0.000024
0.000003
0.000294
0.000667
0.000808
0.000604
0.000352
0.000385
0.000597
0.000662
0.000504
0.000283
0.000126
0.000099
0.000187
0.000185
-0.000070
-0.000390
-0.000530
-0.000573
-0.000674
-0.000757
-0.000714
-0.000612
-0.000592
-0.000656
-0.000689
-0.000633
-0.000524
-0.000399
-0.000249
-0.000076
0.000093
0.000294
0.000614
0.000938
0.000957
0.000638
0.000382
0.000459
0.000655
0.000643
0.000393
0.000135
0.000119
0.000331
0.000455
0.000290
0.000040
-0.000047
-0.000054
-0.000175
-0.000382
-0.000527
-0.000589
-0.000645
-0.000728
-0.000812
-0.000849
-0.000802
-0.000691
-0.000596
-0.000551
-0.000480
-0.000293
-0.000039
0.000105
0.000063
0.000025
0.000188
0.000465
0.000630
0.000616
0.000555
0.000558
0.000564
0.000500
0.000415
0.000338
0.000237
0.000125
0.000030
-0.000058
-0.000148
-0.000249
-0.000390
-0.000551
-0.000578
-0.000316
0.000081
0.000244
0.000121
0.000071
0.000318
0.000634
0.000686
0.000455
0.000226
0.000241
0.000382
0.000292
-0.000119
-0.000532
-0.000653
-0.000499
-0.000244
-0.000014
0.000156
0.000291
0.000408
0.000437
0.000275
-0.000031
-0.000277
-0.000305
-0.000172
-0.000090
-0.000174
-0.000289
-0.000253
-0.000120
-0.000107
-0.000258
-0.000369
-0.000306
-0.000144
0.000019
0.000119
0.000127
0.000107
0.000133
0.000180
0.000202
0.000242
0.000339
0.000424
0.000432
0.000362
0.000232
0.000116
0.000074
0.000045
-0.000061
-0.000229
-0.000375
-0.000465
-0.000541
-0.000633
-0.000694
-0.000648
-0.000519
-0.000455
-0.000470
-0.000418
-0.000290
-0.000190
-0.000094
0.000070
0.000237
0.000288
0.000255
0.000257
0.000298
0.000314
0.000310
0.000344
0.000435
0.000508
0.000472
0.000386
0.000372
0.000386
0.000305
0.000177
0.000136
0.000150
0.000085
-0.000068
-0.000201
-0.000265
-0.000306
-0.000314
-0.000207
-0.000008
0.000131
0.000106
-0.000010
-0.000068
-0.000014
0.000076
0.000095
0.000015
-0.000083
-0.000124
-0.000136
-0.000146
-0.000118
-0.000044
0.000025
0.000057
0.000079
0.000130
0.000201
0.000243
0.000227
0.000134
-0.000017
-0.000129
-0.000142
-0.000128
-0.000154
-0.000201
-0.000271
-0.000353
-0.000356
-0.000256
-0.000179
-0.000167
-0.000073
0.000126
0.000207
0.000092
-0.000013
0.000004
0.000003
-0.000055
-0.000002
0.000174
0.000272
0.000234
0.000160
0.000092
0.000029
0.000012
0.000025
0.000007
-0.000031
-0.000046
-0.000050
-0.000069
-0.000107
-0.000159
-0.000235
-0.000317
-0.000332
-0.000242
-0.000112
-0.000031
-0.000004
0.000029
0.000074
0.000072
0.000016
-0.000029
-0.000018
0.000021
0.000055
0.000077
0.000069
0.000076
0.000236
0.000497
0.000606
0.000484
0.000311
0.000235
0.000214
0.000128
-0.000028
-0.000142
-0.000154
-0.000128
-0.000132
-0.000138
-0.000111
-0.000091
-0.000103
-0.000099
-0.000062
-0.000031
-0.000018
0.000005
0.000035
0.000041
0.000026
0.000012
-0.000017
-0.000101
-0.000193
-0.000157
-0.000016
0.000046
-0.000017
-0.000077
-0.000043
0.000043
0.000088
0.000069
0.000049
0.000029
-0.000048
-0.000153
-0.000203
-0.000183
-0.000134
-0.000104
-0.000119
-0.000128
-0.000067
0.000022
0.000088
0.000169
0.000274
0.000323
0.000294
0.000242
0.000168
0.000065
-0.000005
-0.000029
-0.000056
-0.000069
-0.000038
-0.000012
-0.000030
-0.000062
-0.000080
-0.000088
-0.000118
-0.000197
-0.000284
-0.000288
-0.000217
-0.000166
-0.000138
-0.000088
-0.000051
-0.000048
-0.000034
-0.000001
0.000037
0.000089
0.000155
0.000177
0.000098
-0.000004
-0.000023
-0.000024
-0.000076
-0.000082
0.000008
0.000092
0.000123
0.000173
0.000258
0.000322
0.000352
0.000360
0.000312
0.000213
0.000148
0.000133
0.000073
-0.000040
-0.000092
-0.000072
-0.000082
-0.000145
-0.000187
-0.000163
-0.000112
-0.000112
-0.000183
-0.000230
-0.000157
-0.000026
0.000053
0.000081
0.000100
0.000105
0.000088
0.000037
-0.000063
-0.000161
-0.000188
-0.000141
-0.000057
0.000037
0.000110
0.000150
0.000150
0.000108
0.000065
0.000036
-0.000006
-0.000059
-0.000092
-0.000094
-0.000052
0.000004
-0.000006
-0.000061
-0.000077
-0.000061
-0.000046
-0.000025
-0.000022
-0.000051
-0.000056
-0.000031
-0.000045
-0.000097
-0.000110
-0.000082
-0.000083
-0.000101
-0.000051
0.000076
0.000202
0.000208
0.000023
-0.000216
-0.000316
-0.000294
-0.000245
-0.000153
-0.000011
0.000114
0.000180
0.000201
0.000222
0.000258
0.000282
0.000279
0.000248
0.000199
0.000178
0.000200
0.000194
0.000117
0.000032
-0.000012
-0.000024
-0.000039
-0.000120
-0.000262
-0.000334
-0.000252
-0.000108
-0.000042
-0.000060
-0.000073
-0.000036
0.000028
0.000099
0.000148
0.000128
0.000035
-0.000046
-0.000060
-0.000047
-0.000026
0.000039
0.000139
0.000207
0.000177
0.000067
-0.000017
-0.000020
0.000018
0.000027
-0.000011
-0.000048
-0.000060
-0.000087
-0.000121
-0.000134
-0.000154
-0.000180
-0.000162
-0.000103
-0.000053
-0.000022
0.000026
0.000083
0.000103
0.000092
0.000075
0.000029
-0.000034
-0.000062
-0.000084
-0.000135
-0.000154
-0.000092
-0.000007
0.000036
0.000066
0.000121
0.000179
0.000205
0.000193
0.000160
0.000131
0.000094
0.000032
-0.000042
-0.000118
-0.000194
-0.000231
-0.000185
-0.000095
-0.000050
-0.000046
-0.000020
0.000030
0.000066
0.000063
0.000006
-0.000077
-0.000117
-0.000097
-0.000071
-0.000065
-0.000036
0.000032
0.000078
0.000050
0.000002
0.000035
0.000111
0.000111
0.000053
0.000047
0.000117
0.000196
0.000199
0.000093
-0.000040
-0.000111
-0.000134
-0.000131
-0.000099
-0.000063
-0.000060
-0.000050
0.000039
0.000181
0.000242
0.000156
-0.000006
-0.000121
-0.000117
-0.000051
-0.000066
-0.000184
-0.000260
-0.000182
-0.000009
0.000119
0.000155
0.000172
0.000230
0.000287
0.000271
0.000188
0.000104
0.000047
-0.000012
-0.000103
-0.000192
-0.000219
-0.000189
-0.000183
-0.000219
-0.000210
-0.000116
-0.000050
-0.000075
-0.000047
0.000139
0.000342
0.000389
0.000294
0.000191
0.000152
0.000115
0.000017
-0.000079
-0.000106
-0.000099
-0.000107
-0.000115
-0.000116
-0.000123
-0.000120
-0.000092
-0.000071
-0.000088
-0.000123
-0.000140
-0.000126
-0.000068
0.000004
0.000011
-0.000058
-0.000132
-0.000162
-0.000144
-0.000076
0.000034
0.000140
0.000198
0.000196
0.000157
0.000103
0.000059
0.000046
0.000052
0.000040
-0.000000
-0.000034
-0.000011
0.000064
0.000114
0.000084
0.000038
0.000058
0.000093
0.000058
0.000008
0.000025
0.000071
0.000062
-0.000013
-0.000093
-0.000123
-0.000092
-0.000034
-0.000007
-0.000041
-0.000097
-0.000129
-0.000121
-0.000070
-0.000009
0.000010
-0.000001
-0.000002
0.000018
0.000065
0.000146
0.000201
0.000155
0.000033
-0.000062
-0.000076
-0.000043
-0.000020
-0.000022
-0.000041
-0.000055
-0.000034
0.000012
0.000016
-0.000027
-0.000048
-0.000034
-0.000035
-0.000040
-0.000010
0.000029
0.000049
0.000085
0.000145
0.000159
0.000109
0.000051
0.000002
-0.000055
-0.000100
-0.000103
-0.000066
-0.000013
0.000043
0.000079
0.000077
0.000051
0.000011
-0.000045
-0.000076
-0.000074
-0.000109
-0.000168
-0.000126
0.000007
0.000071
0.000063
0.000113
0.000198
0.000190
0.000084
-0.000032
-0.000095
-0.000096
-0.000062
-0.000047
-0.000083
-0.000132
-0.000146
-0.000129
-0.000108
-0.000080
-0.000034
0.000003
-0.000007
-0.000021
0.000042
0.000132
0.000136
0.000071
0.000037
0.000043
0.000039
0.000047
0.000088
0.000116
0.000111
0.000097
0.000100
0.000141
0.000171
0.000088
-0.000074
-0.000159
-0.000117
-0.000027
0.000025
-0.000060
-0.000315
-0.000542
-0.000539
-0.000449
-0.000465
-0.000439
-0.000178
0.000172
0.000375
0.000429
0.000461
0.000494
0.000487
0.000437
0.000366
0.000307
0.000270
0.000190
0.000045
-0.000073
-0.000102
-0.000090
-0.000081
-0.000083
-0.000098
-0.000118
-0.000121
-0.000117
-0.000116
-0.000109
-0.000113
-0.000159
-0.000211
-0.000204
-0.000147
-0.000093
-0.000041
0.000031
0.000078
0.000075
0.000078
0.000102
0.000109
0.000102
0.000072
-0.000020
-0.000145
-0.000205
-0.000156
-0.000063
-0.000008
0.000027
0.000085
0.000145
0.000151
0.000094
0.000037
0.000033
0.000065
0.000074
0.000025
-0.000058
-0.000121
-0.000155
-0.000178
-0.000180
-0.000138
-0.000051
0.000032
0.000068
0.000078
0.000091
0.000107
0.000121
0.000125
0.000127
0.000131
0.000105
0.000024
-0.000063
-0.000094
-0.000078
-0.000044
0.000011
0.000071
0.000078
0.000025
-0.000035
-0.000044
0.000027
0.000104
0.000069
-0.000061
-0.000175
-0.000221
-0.000200
-0.000130
-0.000070
-0.000055
-0.000045
0.000005
0.000091
0.000179
0.000215
0.000167
0.000067
-0.000006
-0.000012
0.000004
-0.000014
-0.000060
-0.000103
-0.000142
-0.000160
-0.000118
-0.000021
0.000062
0.000073
0.000022
-0.000028
-0.000020
0.000042
0.000102
0.000132
0.000129
0.000062
-0.000048
-0.000081
-0.000000
0.000081
0.000065
-0.000023
-0.000085
-0.000073
-0.000039
-0.000021
-0.000001
0.000028
0.000056
0.000082
0.000092
0.000069
0.000035
0.000015
-0.000007
-0.000051
-0.000105
-0.000143
-0.000140
-0.000092
-0.000042
-0.000029
-0.000034
-0.000013
0.000047
0.000109
0.000127
0.000096
0.000020
-0.000043
0.000041
0.000258
0.000372
0.000249
0.000046
-0.000010
0.000068
0.000071
-0.000056
-0.000158
-0.000157
-0.000146
-0.000195
-0.000237
-0.000240
-0.000273
-0.000311
-0.000254
-0.000106
0.000047
0.000138
0.000139
0.000080
0.000033
0.000020
0.000003
-0.000033
-0.000045
-0.000016
0.000029
0.000079
0.000128
0.000175
0.000218
0.000205
0.000112
0.000010
-0.000027
-0.000029
-0.000067
-0.000089
-0.000029
0.000035
0.000009
-0.000058
-0.000072
-0.000054
-0.000082
-0.000109
-0.000046
0.000055
0.000105
0.000113
0.000107
0.000076
0.000036
0.000038
0.000075
0.000088
0.000055
0.000007
-0.000020
-0.000006
0.000047
0.000089
0.000062
-0.000018
-0.000080
-0.000092
-0.000077
-0.000059
-0.000044
-0.000043
-0.000061
-0.000064
0.000000
0.000105
0.000135
0.000036
-0.000079
-0.000103
-0.000090
-0.000101
-0.000082
-0.000026
-0.000046
-0.000138
-0.000170
-0.000137
-0.000125
-0.000121
-0.000044
0.000085
0.000153
0.000151
0.000167
0.000206
0.000214
0.000196
0.000184
0.000151
0.000049
-0.000060
-0.000054
0.000022
0.000025
-0.000034
-0.000049
-0.000036
-0.000054
-0.000082
-0.000082
