5760
-0.000186
-0.000166
-0.000096
0.000002
0.000023
-0.000067
-0.000162
-0.000128
0.000027
0.000126
0.000084
0.000045
0.000080
0.000073
0.000009
0.000011
0.000088
0.000140
0.000115
0.000041
-0.000012
-0.000011
-0.000004
-0.000019
-0.000015
0.000002
-0.000015
-0.000042
-0.000023
0.000021
0.000025
-0.000009
-0.000009
0.000018
0.000006
-0.000031
-0.000057
-0.000111
-0.000175
-0.000166
-0.000111
-0.000097
-0.000100
-0.000062
0.000002
0.000054
0.000095
0.000151
0.000198
0.000169
0.000065
-0.000024
-0.000036
0.000015
0.000100
0.000217
0.000316
0.000279
0.000114
-0.000021
-0.000063
-0.000088
-0.000125
-0.000144
-0.000163
-0.000224
-0.000293
-0.000303
-0.000240
-0.000162
-0.000127
-0.000094
0.000013
0.000145
0.000200
0.000190
0.000187
0.000205
0.000205
0.000164
0.000105
0.000075
0.000078
0.000065
0.000025
-0.000006
-0.000030
-0.000058
-0.000072
-0.000071
-0.000071
-0.000062
-0.000043
-0.000039
-0.000066
-0.000107
-0.000115
-0.000066
-0.000024
-0.000047
-0.000094
-0.000103
-0.000052
0.000052
0.000131
0.000116
0.000067
0.000084
0.000123
0.000074
-0.000027
-0.000068
-0.000029
0.000034
0.000056
-0.000006
-0.000110
-0.000140
-0.000043
0.000102
0.000176
0.000143
0.000074
0.000063
0.000088
0.000026
-0.000130
-0.000205
-0.000117
-0.000049
-0.000129
-0.000144
0.000065
0.000302
0.000404
0.000411
0.000318
0.000130
-0.000009
-0.000032
-0.000056
-0.000150
-0.000254
-0.000321
-0.000360
-0.000332
-0.000235
-0.000178
-0.000175
-0.000109
0.000012
0.000042
-0.000057
-0.000155
-0.000113
0.000042
0.000161
0.000169
0.000109
0.000041
0.000006
0.000037
0.000130
0.000220
0.000232
0.000170
0.000097
0.000029
-0.000020
-0.000021
-0.000005
0.000013
0.000069
0.000124
0.000085
-0.000025
-0.000074
-0.000029
-0.000008
-0.000057
-0.000059
0.000029
0.000070
0.000008
-0.000034
-0.000031
-0.000090
-0.000196
-0.000240
-0.000188
-0.000082
0.000017
0.000092
0.000153
0.000180
0.000157
0.000126
0.000143
0.000194
0.000194
0.000071
-0.000131
-0.000272
-0.000281
-0.000203
-0.000087
0.000027
0.000064
0.000029
0.000010
0.000004
-0.000041
-0.000093
-0.000116
-0.000117
-0.000044
0.000113
0.000206
0.000157
0.000050
-0.000065
-0.000183
-0.000255
-0.000247
-0.000152
0.000032
0.000224
0.000310
0.000287
0.000242
0.000199
0.000108
-0.000034
-0.000142
-0.000150
-0.000077
0.000024
0.000102
0.000104
0.000026
-0.000031
0.000009
0.000063
0.000023
-0.000047
-0.000033
0.000035
0.000054
0.000003
-0.000069
-0.000128
-0.000189
-0.000264
-0.000279
-0.000176
-0.000056
-0.000015
0.000010
0.000067
0.000093
0.000080
0.000113
0.000175
0.000141
0.000016
-0.000045
-0.000002
0.000023
-0.000040
-0.000102
-0.000046
0.000100
0.000193
0.000162
0.000073
0.000001
-0.000040
-0.000063
-0.000077
-0.000073
-0.000059
-0.000074
-0.000098
-0.000037
0.000094
0.000150
0.000092
0.000030
0.000038
0.000076
0.000013
-0.000199
-0.000376
-0.000361
-0.000277
-0.000280
-0.000266
-0.000091
0.000134
0.000248
0.000273
0.000273
0.000241
0.000213
0.000280
0.000428
0.000467
0.000308
0.000117
0.000022
-0.000040
-0.000128
-0.000196
-0.000185
-0.000116
-0.000086
-0.000107
-0.000081
0.000001
0.000018
-0.000054
-0.000119
-0.000157
-0.000199
-0.000188
-0.000096
-0.000020
-0.000028
-0.000054
-0.000040
-0.000014
-0.000019
-0.000038
-0.000015
0.000065
0.000130
0.000139
0.000138
0.000143
0.000092
-0.000014
-0.000041
0.000060
0.000137
0.000062
-0.000078
-0.000139
-0.000123
-0.000112
-0.000111
-0.000096
-0.000075
-0.000065
-0.000049
-0.000019
-0.000020
-0.000076
-0.000132
-0.000128
-0.000043
0.000091
0.000160
0.000084
-0.000027
0.000027
0.000222
0.000328
0.000271
0.000200
0.000174
0.000095
-0.000048
-0.000144
-0.000135
-0.000059
0.000049
0.000138
0.000115
-0.000003
-0.000084
-0.000075
-0.000025
-0.000027
-0.000156
-0.000329
-0.000376
-0.000289
-0.000147
0.000024
0.000163
0.000168
0.000079
0.000034
0.000027
-0.000033
-0.000080
-0.000003
0.000130
0.000182
0.000152
0.000109
0.000078
0.000044
-0.000012
-0.000088
-0.000122
-0.000086
-0.000062
-0.000073
-0.000041
0.000020
0.000062
0.000089
0.000061
-0.000027
-0.000078
-0.000040
0.000019
0.000043
0.000062
0.000113
0.000154
0.000126
0.000057
0.000000
-0.000041
-0.000077
-0.000102
-0.000114
-0.000103
-0.000051
0.000013
0.000023
-0.000032
-0.000087
-0.000106
-0.000112
-0.000096
-0.000003
0.000125
0.000178
0.000139
0.000076
0.000036
0.000017
0.000002
-0.000024
-0.000093
-0.000231
-0.000298
-0.000089
0.000298
0.000542
0.000523
0.000371
0.000186
-0.000032
-0.000204
-0.000218
-0.000147
-0.000148
-0.000226
-0.000256
-0.000195
-0.000141
-0.000150
-0.000169
-0.000156
-0.000106
-0.000010
0.000081
0.000091
0.000053
0.000037
0.000040
0.000037
0.000006
-0.000047
-0.000036
0.000061
0.000134
0.000132
0.000128
0.000147
0.000135
0.000093
0.000066
0.000049
0.000029
0.000033
0.000040
-0.000001
-0.000061
-0.000076
-0.000043
-0.000014
-0.000025
-0.000055
-0.000080
-0.000103
-0.000112
-0.000090
-0.000050
-0.000027
-0.000042
-0.000064
-0.000020
0.000079
0.000139
0.000130
0.000091
0.000049
0.000049
0.000102
0.000109
-0.000002
-0.000126
-0.000127
-0.000032
0.000068
0.000144
0.000176
0.000140
0.000080
0.000045
0.000004
-0.000098
-0.000239
-0.000303
-0.000224
-0.000085
-0.000003
-0.000014
-0.000092
-0.000160
-0.000101
0.000047
0.000073
-0.000057
-0.000126
-0.000009
0.000143
0.000170
0.000136
0.000143
0.000143
0.000081
0.000002
-0.000043
-0.000045
-0.000019
0.000013
0.000068
0.000154
0.000161
0.000016
-0.000126
-0.000113
-0.000039
-0.000017
0.000000
0.000035
0.000023
-0.000010
-0.000009
-0.000019
-0.000051
-0.000014
0.000085
0.000115
0.000050
-0.000022
-0.000069
-0.000114
-0.000127
-0.000063
0.000028
0.000054
0.000013
-0.000047
-0.000102
-0.000120
-0.000078
-0.000011
0.000058
0.000116
0.000111
0.000045
-0.000024
-0.000089
-0.000147
-0.000150
-0.000053
0.000085
0.000138
0.000116
0.000109
0.000114
0.000089
0.000027
-0.000050
-0.000091
-0.000095
-0.000108
-0.000099
-0.000002
0.000201
0.000420
0.000399
0.000015
-0.000431
-0.000603
-0.000548
-0.000484
-0.000430
-0.000270
-0.000025
0.000219
0.000420
0.000510
0.000488
0.000456
0.000456
0.000430
0.000318
0.000152
0.000057
0.000103
0.000181
0.000135
-0.000043
-0.000202
-0.000252
-0.000274
-0.000331
-0.000358
-0.000302
-0.000216
-0.000169
-0.000145
-0.000109
-0.000089
-0.000086
-0.000050
0.000014
0.000016
-0.000069
-0.000119
-0.000030
0.000114
0.000196
0.000205
0.000180
0.000167
0.000160
0.000112
0.000019
-0.000071
-0.000098
-0.000052
0.000012
0.000043
0.000017
-0.000053
-0.000072
0.000009
0.000063
-0.000006
-0.000066
0.000026
0.000171
0.000160
-0.000042
-0.000229
-0.000217
-0.000084
-0.000059
-0.000177
-0.000228
-0.000073
0.000143
0.000173
-0.000004
-0.000181
-0.000157
0.000052
0.000225
0.000225
0.000163
0.000173
0.000232
0.000199
0.000014
-0.000129
-0.000028
0.000176
0.000201
0.000012
-0.000189
-0.000217
-0.000102
-0.000059
-0.000188
-0.000303
-0.000207
-0.000016
0.000017
-0.000084
-0.000094
0.000035
0.000144
0.000112
-0.000028
-0.000116
-0.000010
0.000207
0.000269
0.000123
0.000030
0.000140
0.000252
0.000149
-0.000070
-0.000144
-0.000042
0.000006
-0.000115
-0.000198
-0.000041
0.000202
0.000223
0.000001
-0.000204
-0.000231
-0.000182
-0.000198
-0.000222
-0.000092
0.000181
0.000364
0.000288
0.000066
-0.000054
-0.000032
-0.000066
-0.000187
-0.000164
0.000098
0.000370
0.000388
0.000156
-0.000079
-0.000164
-0.000188
-0.000201
-0.000118
0.000039
0.000089
-0.000025
-0.000119
-0.000066
-0.000013
-0.000087
-0.000158
-0.000084
0.000036
-0.000000
-0.000158
-0.000137
0.000163
0.000439
0.000462
0.000361
0.000324
0.000327
0.000252
0.000055
-0.000178
-0.000328
-0.000379
-0.000433
-0.000504
-0.000459
-0.000282
-0.000155
-0.000178
-0.000238
-0.000179
0.000026
0.000212
0.000244
0.000229
0.000300
0.000365
0.000278
0.000052
-0.000139
-0.000117
0.000021
0.000013
-0.000078
-0.000016
0.000127
0.000143
0.000031
-0.000072
-0.000053
0.000062
0.000110
0.000037
-0.000001
0.000070
0.000111
0.000056
-0.000027
-0.000089
-0.000070
0.000032
0.000059
-0.000034
-0.000088
-0.000092
-0.000141
-0.000175
-0.000134
-0.000083
-0.000046
-0.000004
0.000060
0.000162
0.000212
0.000140
0.000075
0.000129
0.000180
0.000091
-0.000024
0.000014
0.000152
0.000200
0.000111
-0.000030
-0.000132
-0.000216
-0.000361
-0.000448
-0.000298
-0.000013
0.000214
0.000283
0.000160
0.000008
-0.000017
-0.000056
-0.000179
-0.000236
-0.000206
-0.000127
-0.000001
0.000080
0.000094
0.000115
0.000153
0.000184
0.000174
0.000128
0.000082
-0.000036
-0.000191
-0.000196
-0.000040
0.000163
0.000306
0.000241
0.000025
-0.000110
-0.000149
-0.000219
-0.000276
-0.000160
0.000095
0.000204
0.000065
-0.000016
0.000176
0.000342
0.000115
-0.000301
-0.000430
-0.000285
-0.000205
-0.000201
-0.000057
0.000195
0.000296
0.000172
0.000048
0.000092
0.000191
0.000128
-0.000063
-0.000089
0.000089
0.000202
0.000139
-0.000028
-0.000208
-0.000297
-0.000315
-0.000300
-0.000170
0.000051
0.000251
0.000322
0.000156
-0.000082
-0.000121
-0.000033
0.000015
0.000002
0.000005
0.000155
0.000313
0.000244
0.000139
0.000183
0.000149
-0.000175
-0.000684
-0.000980
-0.000738
-0.000210
0.000109
0.000136
0.000077
0.000095
0.000185
0.000226
0.000222
0.000268
0.000340
0.000384
0.000369
0.000303
0.000251
0.000187
0.000121
0.000152
0.000129
-0.000118
-0.000389
-0.000456
-0.000289
-0.000056
0.000001
0.000040
0.000228
0.000153
-0.000320
-0.000660
-0.000517
-0.000099
0.000085
-0.000106
-0.000120
0.000233
0.000408
0.000237
0.000055
0.000007
-0.000043
-0.000261
-0.000422
-0.000165
0.000217
0.000297
0.000225
0.000184
0.000133
0.000006
-0.000229
-0.000351
-0.000164
0.000074
0.000183
0.000337
0.000532
0.000478
0.000034
-0.000509
-0.000654
-0.000389
-0.000211
-0.000254
-0.000103
0.000308
0.000462
0.000236
0.000150
0.000315
0.000209
-0.000292
-0.000616
-0.000363
0.000078
0.000055
-0.000305
-0.000287
0.000093
0.000170
-0.000072
-0.000029
0.000399
0.000598
0.000235
-0.000075
0.000219
0.000541
0.000192
-0.000388
-0.000392
0.000091
0.000269
-0.000147
-0.000525
-0.000371
-0.000060
-0.000104
-0.000442
-0.000668
-0.000518
-0.000117
0.000235
0.000440
0.000598
0.000783
0.000891
0.000674
0.000131
-0.000333
-0.000408
-0.000241
-0.000223
-0.000478
-0.000569
-0.000083
0.000559
0.000582
-0.000053
-0.000656
-0.000698
-0.000282
0.000184
0.000518
0.000764
0.000883
0.000750
0.000355
-0.000176
-0.000615
-0.000680
-0.000339
-0.000071
-0.000354
-0.000839
-0.000735
-0.000082
0.000284
0.000029
-0.000237
0.000161
0.000895
0.000867
0.000014
-0.000343
0.000223
0.000600
0.000152
-0.000492
-0.000445
0.000317
0.000691
0.000162
-0.000250
-0.000198
-0.000565
-0.001228
-0.001261
-0.000467
0.000775
0.001736
0.001850
0.001303
0.000390
-0.000494
-0.000815
-0.000891
-0.001142
-0.001119
-0.000549
0.000233
0.000672
0.000435
0.000057
0.000037
-0.000063
-0.000579
-0.001111
-0.000935
0.000145
0.001142
0.001213
0.000828
0.000626
0.000546
0.000116
-0.000730
-0.001147
-0.000736
-0.000216
0.000067
0.000372
0.000750
0.001032
0.000835
0.000112
-0.000510
-0.000688
-0.000579
-0.000370
-0.000305
-0.000377
-0.000280
0.000109
0.000598
0.000653
0.000084
-0.000385
-0.000284
0.000030
0.000183
0.000035
-0.000120
0.000092
0.000180
-0.000126
0.000048
0.000859
0.001161
0.000349
-0.000896
-0.001512
-0.001221
-0.000642
-0.000097
0.000620
0.001256
0.001270
0.000784
0.000412
0.000229
-0.000271
-0.000985
-0.001115
-0.000623
-0.000377
-0.000572
-0.000373
0.000445
0.000789
0.000054
-0.000690
-0.000300
0.000685
0.000852
0.000092
-0.000327
0.000019
0.000216
-0.000127
-0.000371
-0.000180
-0.000019
-0.000139
-0.000053
0.000390
0.000639
0.000530
0.000415
0.000418
0.000337
0.000050
-0.000061
0.000194
0.000079
-0.000722
-0.001331
-0.001095
-0.000347
0.000057
-0.000294
-0.000652
-0.000331
0.000156
0.000289
0.000377
0.000756
0.001123
0.000937
0.000330
0.000038
0.000305
0.000601
0.000401
-0.000171
-0.000629
-0.000864
-0.001034
-0.001141
-0.001109
-0.000737
0.000043
0.000781
0.001113
0.001159
0.001040
0.000682
0.000031
-0.000711
-0.001111
-0.001022
-0.000702
-0.000232
0.000454
0.001020
0.000935
0.000221
-0.000434
-0.000477
-0.000211
-0.000185
-0.000115
0.000530
0.001206
0.000962
0.000013
-0.000608
-0.000628
-0.000736
-0.001094
-0.000840
0.000169
0.000710
0.000147
-0.000531
-0.000293
0.000301
0.000090
-0.000434
0.000070
0.001020
0.000937
0.000233
0.000196
0.000856
0.001247
0.000729
-0.000124
-0.000403
-0.000452
-0.000872
-0.001194
-0.001010
-0.000645
-0.000389
-0.000191
0.000049
0.000124
-0.000054
-0.000057
0.000081
-0.000010
0.000087
0.000691
0.001407
0.001815
0.001447
0.000452
-0.000294
-0.000841
-0.001514
-0.001594
-0.000909
-0.000360
-0.000482
-0.000985
-0.001000
-0.000273
0.000226
0.000147
0.000258
0.000863
0.001561
0.001721
0.001216
0.000901
0.001013
0.000715
-0.000109
-0.001029
-0.001789
-0.001861
-0.001286
-0.000843
-0.000529
0.000114
0.000783
0.000790
0.000044
-0.000515
-0.000053
0.000794
0.000941
0.000403
0.000019
0.000288
0.000652
0.000409
-0.000089
-0.000348
-0.000671
-0.001270
-0.001771
-0.001757
-0.001106
0.000050
0.001437
0.002540
0.002944
0.002787
0.002061
0.000526
-0.001163
-0.002012
-0.002051
-0.001905
-0.001811
-0.001353
-0.000340
0.000283
-0.000057
-0.000352
0.000060
0.000490
0.000281
-0.000148
0.000371
0.001766
0.002314
0.001605
0.000866
0.000349
-0.000343
-0.001153
-0.001970
-0.002101
-0.000935
0.000296
0.000233
-0.000381
-0.000354
0.000159
0.000365
-0.000068
-0.000521
-0.000133
0.000812
0.001443
0.001720
0.001976
0.002102
0.001645
0.000301
-0.001403
-0.002493
-0.002574
-0.002102
-0.002016
-0.002154
-0.001001
0.001029
0.001651
0.000926
0.000606
0.000744
0.000345
-0.000683
-0.000823
0.001160
0.002972
0.001902
0.000033
0.000117
0.000472
-0.000961
-0.002651
-0.002200
-0.000192
0.000367
-0.000980
-0.000928
0.001394
0.002533
0.001010
-0.000689
-0.000779
-0.000090
0.000221
0.000312
0.000798
0.001299
0.000942
-0.000048
-0.000668
-0.000890
-0.001349
-0.001642
-0.001325
-0.001257
-0.001417
-0.000521
0.001026
0.001664
0.001136
0.000111
-0.000491
-0.000230
-0.000049
-0.000361
0.000013
0.001296
0.002371
0.002678
0.002254
0.001368
0.000307
-0.001026
-0.002306
-0.002934
-0.002890
-0.001890
-0.000111
0.000816
0.000460
0.000057
-0.000108
-0.000322
-0.000570
-0.000653
0.000347
0.002168
0.002711
0.001764
0.001108
0.001025
0.000372
-0.001162
-0.002349
-0.002294
-0.001998
-0.002056
-0.001565
-0.000276
0.001203
0.001965
0.001444
0.000964
0.001631
0.002134
0.001570
0.000659
-0.000006
-0.000316
-0.000700
-0.001487
-0.001955
-0.001525
-0.000632
-0.000217
-0.000806
-0.001310
-0.000537
0.000496
0.000284
-0.000911
-0.001511
-0.000407
0.001463
0.002583
0.003084
0.003218
0.002244
0.000176
-0.001642
-0.001903
-0.001022
-0.000637
-0.000777
-0.000367
0.000010
-0.000530
-0.001086
-0.000644
0.000192
0.000068
-0.001076
-0.001526
-0.000389
0.000890
0.001192
0.001473
0.002340
0.002554
0.001303
-0.000186
-0.000665
-0.000869
-0.001664
-0.001972
-0.000990
-0.000110
-0.000350
-0.000545
0.000389
0.001381
0.000716
-0.000863
-0.000888
0.000552
0.000943
-0.000043
-0.000230
0.000931
0.001354
0.000008
-0.001137
-0.000598
0.000051
-0.000749
-0.001739
-0.000872
0.001291
0.001942
0.000552
-0.000208
0.000224
-0.000351
-0.001714
-0.001782
-0.000631
0.000403
0.000761
0.000846
0.001440
0.001779
0.000517
-0.000658
0.000316
0.001460
0.000734
-0.000225
-0.000169
-0.000469
-0.001799
-0.002595
-0.001448
0.000370
0.000355
-0.001258
-0.001666
0.000085
0.001622
0.001353
0.001276
0.002540
0.002408
-0.000168
-0.002133
-0.001889
-0.000958
-0.000706
-0.000828
-0.000057
0.001443
0.001934
0.001438
0.001294
0.001249
0.000543
-0.000542
-0.001366
-0.001755
-0.002204
-0.002481
-0.001519
0.000106
0.000955
0.001266
0.001437
0.000771
-0.000641
-0.001399
-0.000527
0.001089
0.001670
0.001117
0.000793
0.000928
0.000443
-0.000798
-0.001431
-0.000989
-0.001129
-0.002703
-0.003651
-0.001809
0.001784
0.003949
0.003465
0.002250
0.001803
0.001203
-0.000430
-0.001893
-0.001387
0.000498
0.001015
-0.000574
-0.001920
-0.001530
-0.000556
-0.000334
-0.000500
-0.000294
-0.000321
-0.000884
-0.000518
0.000995
0.001512
0.000550
0.000297
0.001551
0.002235
0.000803
-0.001041
-0.000746
0.000698
0.000027
-0.002369
-0.002769
-0.000671
0.000676
-0.000079
-0.000707
0.000690
0.002333
0.001541
-0.000385
-0.000779
-0.000352
-0.000606
-0.001036
-0.000790
0.000276
0.001142
0.000626
-0.000162
0.000095
0.000274
-0.000232
-0.000342
0.000018
0.000193
0.000293
0.000673
0.001400
0.001880
0.001380
0.000494
0.000075
-0.000446
-0.001476
-0.002112
-0.001616
-0.000389
0.000559
0.000704
0.000482
0.000331
-0.000154
-0.001496
-0.003095
-0.003559
-0.002491
-0.000766
0.000849
0.002044
0.002723
0.002922
0.002529
0.001613
0.000728
0.000241
0.000043
0.000000
0.000100
0.000228
0.000059
-0.000493
-0.001077
-0.001435
-0.001476
-0.001163
-0.000753
-0.000307
0.000477
0.001363
0.001813
0.001559
0.000351
-0.001274
-0.002004
-0.001771
-0.001542
-0.001456
-0.000652
0.001728
0.004319
0.004042
0.001226
-0.000666
-0.001004
-0.001850
-0.003735
-0.004666
-0.002389
0.001511
0.002710
0.001192
0.000845
0.002288
0.002615
0.000495
-0.002083
-0.002491
-0.000934
0.000456
0.001237
0.002380
0.003872
0.004610
0.003468
0.000636
-0.002189
-0.003897
-0.004797
-0.005224
-0.005079
-0.004120
-0.002216
0.000046
0.001607
0.002021
0.001701
0.001109
0.000092
-0.001344
-0.002121
-0.001068
0.001693
0.004769
0.006598
0.006823
0.006223
0.005107
0.003079
0.000338
-0.002033
-0.003146
-0.003184
-0.002975
-0.002978
-0.003081
-0.003029
-0.002923
-0.003136
-0.003513
-0.003513
-0.003061
-0.002440
-0.001859
-0.001064
0.000486
0.002328
0.003548
0.004269
0.004434
0.003560
0.002243
0.001129
0.000308
0.000147
0.000307
0.000250
0.000518
0.000917
0.000511
-0.000314
-0.000820
-0.000986
-0.000943
-0.000961
-0.000943
-0.000393
0.000482
0.001131
0.001334
0.000839
-0.000189
-0.000919
-0.001010
-0.001040
-0.001472
-0.001987
-0.002113
-0.001955
-0.001915
-0.001902
-0.001175
0.000350
0.001307
0.001031
0.000844
0.001435
0.001791
0.001512
0.001325
0.001788
0.002865
0.003758
0.003612
0.002721
0.001486
-0.000506
-0.002763
-0.003704
-0.003013
-0.001759
-0.000748
-0.000251
-0.000222
-0.000594
-0.001580
-0.002925
-0.003829
-0.003932
-0.002727
0.000444
0.004079
0.005344
0.003809
0.001273
-0.000739
-0.001571
-0.001680
-0.001513
0.000018
0.002759
0.003969
0.002902
0.001850
0.001817
0.001304
-0.001052
-0.003808
-0.003966
-0.001750
-0.000200
-0.000311
-0.000834
-0.000883
-0.000858
-0.001503
-0.001830
-0.000809
0.000037
0.000051
0.000939
0.002947
0.004438
0.004024
0.001761
-0.000562
-0.001778
-0.002163
-0.001648
-0.000539
0.000344
0.000980
0.001213
0.000818
0.000165
-0.000655
-0.001363
-0.001741
-0.002268
-0.002303
-0.000786
0.001399
0.002614
0.002064
0.000511
-0.000217
-0.000150
-0.000699
-0.001242
-0.000614
0.000201
-0.000146
-0.001061
-0.000707
0.001044
0.001816
0.000266
-0.001896
-0.002694
-0.002432
-0.002203
-0.001133
0.002288
0.006431
0.008035
0.006696
0.003786
-0.000651
-0.005558
-0.006745
-0.002179
0.003948
0.006929
0.006899
0.005314
0.001287
-0.005875
-0.012965
-0.014685
-0.010679
-0.006520
-0.004843
-0.002245
0.002828
0.006683
0.006511
0.004501
0.004016
0.004778
0.004792
0.004583
0.005583
0.006671
0.005748
0.002903
-0.000173
-0.002872
-0.005877
-0.008809
-0.009831
-0.008285
-0.005802
-0.003514
-0.000479
0.003081
0.004465
0.002763
0.000329
-0.000650
0.000310
0.002395
0.004533
0.006674
0.007926
0.005911
0.000926
-0.003768
-0.006155
-0.006382
-0.005518
-0.004060
-0.001555
0.000808
0.001108
-0.000249
-0.003914
-0.011581
-0.018409
-0.016460
-0.006161
0.006107
0.017252
0.026478
0.031151
0.028180
0.017423
0.004265
-0.004167
-0.008035
-0.012476
-0.016224
-0.014153
-0.008113
-0.004011
-0.003321
-0.004319
-0.006064
-0.008347
-0.010365
-0.009675
-0.004273
0.003535
0.009744
0.013860
0.016416
0.015444
0.010009
0.002643
-0.003883
-0.008439
-0.010529
-0.009729
-0.005940
-0.000556
0.003371
0.004306
0.003668
0.002398
-0.000158
-0.003080
-0.003856
-0.001693
0.001835
0.004871
0.006804
0.007864
0.007401
0.004132
-0.001301
-0.006311
-0.009121
-0.009503
-0.007753
-0.004981
-0.003246
-0.003612
-0.004539
-0.003627
-0.000554
0.003335
0.007308
0.011136
0.013870
0.013851
0.010302
0.005195
0.001178
-0.002137
-0.006092
-0.009517
-0.010635
-0.009528
-0.007509
-0.005615
-0.003854
-0.002105
-0.000688
0.000558
0.001976
0.003339
0.004441
0.005358
0.006120
0.006414
0.005847
0.004583
0.002396
-0.001557
-0.006243
-0.009688
-0.013858
-0.022456
-0.031000
-0.027886
-0.010853
0.009220
0.025156
0.038288
0.046229
0.042469
0.027035
0.009090
-0.001212
-0.003931
-0.007595
-0.013515
-0.014534
-0.010771
-0.010163
-0.014284
-0.017877
-0.019385
-0.021160
-0.022209
-0.018059
-0.007033
0.006467
0.016277
0.021344
0.024168
0.023482
0.016481
0.006287
-0.001472
-0.005685
-0.007538
-0.006735
-0.003111
0.001505
0.003950
0.002525
-0.000806
-0.003470
-0.005795
-0.007907
-0.006948
-0.001473
0.005336
0.009784
0.011554
0.011779
0.010063
0.005174
-0.002231
-0.009009
-0.012461
-0.012622
-0.010573
-0.007036
-0.003651
-0.002427
-0.003890
-0.007434
-0.011063
-0.011042
-0.005296
0.004650
0.016143
0.026029
0.030559
0.028140
0.019967
0.008466
-0.002773
-0.010727
-0.014941
-0.015844
-0.013709
-0.009713
-0.005800
-0.003880
-0.004535
-0.006155
-0.006895
-0.006063
-0.003255
0.001126
0.005436
0.008549
0.010190
0.009692
0.006722
0.002516
-0.001328
-0.004232
-0.006102
-0.006947
-0.006892
-0.006973
-0.011734
-0.023212
-0.029304
-0.016763
0.005816
0.022982
0.035856
0.047171
0.048240
0.034738
0.014477
-0.000718
-0.005166
-0.006599
-0.013984
-0.020534
-0.017644
-0.013025
-0.015458
-0.019650
-0.019987
-0.020306
-0.022254
-0.020249
-0.010672
0.003626
0.016185
0.022703
0.025560
0.027101
0.022960
0.011934
0.001594
-0.003713
-0.006707
-0.008022
-0.005763
-0.001121
0.002417
0.002270
-0.001153
-0.004571
-0.006396
-0.008096
-0.008642
-0.004394
0.003580
0.009747
0.011949
0.012113
0.010890
0.006968
0.000003
-0.007771
-0.012575
-0.012931
-0.011136
-0.009515
-0.008355
-0.007500
-0.006546
-0.004452
-0.000763
0.004065
0.009259
0.013554
0.015987
0.016826
0.015951
0.012518
0.007194
0.001467
-0.004120
-0.008814
-0.011577
-0.012190
-0.010868
-0.008496
-0.006237
-0.003998
-0.001498
0.000709
0.002405
0.003398
0.003350
0.002904
0.002636
0.002235
0.002001
0.002474
0.002981
0.002294
-0.000535
-0.005704
-0.011294
-0.015834
-0.023354
-0.034955
-0.036265
-0.015052
0.015262
0.036201
0.049059
0.057102
0.052603
0.033366
0.009260
-0.006623
-0.008781
-0.006818
-0.011074
-0.014960
-0.011232
-0.009386
-0.017088
-0.026014
-0.029130
-0.030347
-0.030914
-0.024784
-0.009349
0.010132
0.024912
0.030045
0.029146
0.026228
0.017957
0.004411
-0.005274
-0.006872
-0.005110
-0.002384
0.002281
0.006820
0.007440
0.002650
-0.005310
-0.011546
-0.013534
-0.012852
-0.009425
-0.000819
0.010460
0.017549
0.018101
0.014940
0.009747
0.002386
-0.006082
-0.012908
-0.015091
-0.012284
-0.007745
-0.004702
-0.004284
-0.006694
-0.010511
-0.012231
-0.009405
-0.002682
0.005723
0.013639
0.019469
0.022352
0.021488
0.016621
0.009644
0.002747
-0.003772
-0.009168
-0.011549
-0.010657
-0.007889
-0.004901
-0.003012
-0.002225
-0.002036
-0.002300
-0.002068
-0.000666
0.000775
0.001351
0.001465
0.001601
0.001845
0.001568
0.000118
-0.001592
-0.002458
-0.003379
-0.005640
-0.008630
-0.011333
-0.015842
-0.024647
-0.030167
-0.018452
0.008338
0.032010
0.044994
0.052016
0.050820
0.036311
0.014207
-0.003114
-0.008143
-0.005694
-0.007017
-0.012615
-0.013810
-0.012064
-0.016514
-0.025520
-0.030350
-0.030470
-0.029429
-0.024436
-0.011511
0.006409
0.021620
0.028165
0.026938
0.023176
0.017474
0.007523
-0.002160
-0.004968
-0.002487
0.000557
0.003680
0.006694
0.006713
0.001923
-0.005909
-0.012478
-0.014376
-0.012148
-0.007629
-0.000176
0.009770
0.017038
0.017417
0.012885
0.007066
0.000701
-0.005986
-0.011315
-0.013568
-0.012278
-0.008759
-0.005467
-0.003976
-0.004054
-0.004487
-0.004300
-0.003260
-0.001089
0.002755
0.007731
0.012138
0.014781
0.015296
0.013264
0.008359
0.001448
-0.005153
-0.009106
-0.009729
-0.007928
-0.004840
-0.001284
0.001783
0.003379
0.003310
0.002136
0.000306
-0.001884
-0.003642
-0.003957
-0.002785
-0.001187
0.000121
0.001284
0.001962
0.000751
-0.003473
-0.009740
-0.014455
-0.015269
-0.016980
-0.024781
-0.028517
-0.012592
0.015919
0.036249
0.045245
0.050090
0.046828
0.030502
0.008557
-0.005722
-0.005544
0.000684
-0.000688
-0.007531
-0.009736
-0.011552
-0.021321
-0.032272
-0.034893
-0.032351
-0.029401
-0.022072
-0.006923
0.011320
0.024016
0.026092
0.021147
0.016229
0.011133
0.003144
-0.002303
-0.000113
0.004813
0.007191
0.008094
0.007915
0.004230
-0.003253
-0.011501
-0.016055
-0.014512
-0.009227
-0.003031
0.004893
0.013813
0.018200
0.015211
0.008595
0.002257
-0.003140
-0.007424
-0.010140
-0.010967
-0.009465
-0.006256
-0.002788
-0.000055
0.000470
-0.002048
-0.005431
-0.006729
-0.004961
-0.000583
0.004907
0.009739
0.012922
0.013005
0.008859
0.002521
-0.002782
-0.005963
-0.006823
-0.004942
-0.001037
0.003336
0.006861
0.008378
0.007184
0.003367
-0.002137
-0.007113
-0.008979
-0.007300
-0.003983
-0.000831
0.001476
0.002597
0.001750
-0.002160
-0.008512
-0.013918
-0.015603
-0.015329
-0.018482
-0.025191
-0.023123
-0.002942
0.023087
0.038760
0.045721
0.047868
0.039325
0.020363
0.002519
-0.003777
0.001470
0.006801
0.002936
-0.004599
-0.009062
-0.015683
-0.027300
-0.035323
-0.034981
-0.031603
-0.027169
-0.016896
-0.000666
0.014264
0.021050
0.018923
0.013430
0.009657
0.006171
0.001905
0.001830
0.007234
0.011838
0.012372
0.010768
0.006954
-0.000325
-0.008900
-0.014719
-0.015121
-0.010604
-0.004262
0.002144
0.008940
0.013953
0.012972
0.006650
0.000220
-0.003974
-0.006919
-0.007855
-0.005106
-0.000076
0.003698
0.004051
0.001441
-0.002738
-0.008096
-0.013460
-0.015088
-0.010506
-0.002286
0.004762
0.008386
0.009514
0.009057
0.006140
0.001262
-0.002175
-0.002347
-0.000613
0.002287
0.006570
0.010539
0.011530
0.008933
0.004525
0.000198
-0.003930
-0.007976
-0.010061
-0.008367
-0.004408
-0.001566
-0.001080
-0.001553
-0.002343
-0.005097
-0.010084
-0.013761
-0.013111
-0.010204
-0.010971
-0.017956
-0.021602
-0.008710
0.015381
0.032809
0.040379
0.044116
0.039528
0.023268
0.005828
-0.001420
0.002348
0.008430
0.006974
-0.001081
-0.008150
-0.015038
-0.025352
-0.032861
-0.031813
-0.027671
-0.024779
-0.017928
-0.004678
0.008144
0.013977
0.012565
0.008098
0.005382
0.004696
0.003521
0.004052
0.009037
0.013837
0.013763
0.010942
0.007142
0.000765
-0.006870
-0.011508
-0.011117
-0.006717
-0.000954
0.003921
0.007767
0.010134
0.008381
0.002092
-0.004475
-0.007718
-0.007345
-0.003480
0.002569
0.006786
0.006639
0.003533
-0.000575
-0.005257
-0.010252
-0.013756
-0.013150
-0.008413
-0.002640
0.001595
0.003879
0.004516
0.003437
0.000820
-0.001604
-0.001566
0.000913
0.004235
0.007878
0.011433
0.013031
0.011371
0.007813
0.004470
0.001277
-0.002803
-0.006574
-0.007552
-0.005710
-0.003472
-0.002539
-0.002755
-0.003736
-0.006266
-0.010722
-0.014621
-0.014910
-0.012270
-0.010907
-0.015108
-0.021858
-0.017730
0.003266
0.026474
0.038639
0.043451
0.042609
0.030626
0.012267
0.000474
0.000982
0.008544
0.012184
0.006449
-0.002970
-0.011410
-0.021518
-0.031155
-0.032959
-0.028347
-0.024530
-0.020170
-0.009760
0.003403
0.011203
0.010919
0.005671
0.000940
0.000278
0.001971
0.004171
0.008943
0.014877
0.016166
0.012469
0.007781
0.002220
-0.004891
-0.010082
-0.010199
-0.005908
0.000130
0.004961
0.007167
0.007166
0.004706
-0.000260
-0.004444
-0.004563
-0.001605
0.002264
0.005729
0.006550
0.004063
0.000857
-0.001667
-0.004476
-0.007834
-0.010928
-0.012225
-0.010470
-0.006850
-0.003328
-0.000597
0.000179
-0.001443
-0.002840
-0.001742
0.001271
0.004831
0.007825
0.009966
0.011932
0.013091
0.011967
0.009289
0.006269
0.002319
-0.002259
-0.005175
-0.005112
-0.003212
-0.001791
-0.002247
-0.004062
-0.006551
-0.010141
-0.014178
-0.016186
-0.014697
-0.011135
-0.010197
-0.015974
-0.021585
-0.012552
0.010354
0.029730
0.037970
0.040243
0.035555
0.021337
0.006172
0.000629
0.005610
0.012905
0.012850
0.004875
-0.004024
-0.012599
-0.023215
-0.030305
-0.028440
-0.023208
-0.020292
-0.015561
-0.005670
0.003826
0.006916
0.003925
-0.000782
-0.002537
-0.000264
0.003296
0.007415
0.013004
0.016260
0.013405
0.007899
0.003568
-0.000974
-0.005659
-0.006910
-0.003833
0.000905
0.004425
0.004940
0.003010
0.001161
0.000191
-0.000972
-0.001422
0.000435
0.003192
0.004733
0.005065
0.004430
0.002542
-0.000264
-0.003703
-0.007257
-0.009458
-0.009868
-0.009496
-0.008406
-0.006194
-0.004151
-0.003943
-0.004990
-0.004876
-0.002315
0.001349
0.004492
0.007234
0.009770
0.011368
0.012031
0.012313
0.011690
0.009223
0.005031
0.000392
-0.002957
-0.004120
-0.003766
-0.003013
-0.002460
-0.002842
-0.005294
-0.009813
-0.014239
-0.016066
-0.014571
-0.011018
-0.009787
-0.015665
-0.022265
-0.014283
0.008199
0.027325
0.035103
0.036921
0.031954
0.018058
0.004496
0.001618
0.009087
0.017471
0.016560
0.006402
-0.004268
-0.012930
-0.022365
-0.027967
-0.024682
-0.018551
-0.015950
-0.012904
-0.005684
0.000782
0.001403
-0.002550
-0.006411
-0.005805
-0.000313
0.005915
0.010684
0.014888
0.015784
0.010468
0.003421
-0.000199
-0.001699
-0.002596
-0.001203
0.002154
0.004778
0.004769
0.001952
-0.001083
-0.001413
-0.000407
-0.000393
0.000392
0.003232
0.005542
0.005716
0.004660
0.002878
0.000482
-0.002279
-0.005048
-0.006530
-0.006404
-0.006636
-0.007918
-0.008777
-0.008711
-0.008248
-0.007568
-0.006562
-0.004472
-0.001015
0.002325
0.004746
0.007012
0.008913
0.009993
0.011100
0.012196
0.011909
0.009826
0.006325
0.002023
-0.001370
-0.002502
-0.002157
-0.001747
-0.002015
-0.003595
-0.006628
-0.010190
-0.013090
-0.014426
-0.013704
-0.011481
-0.010903
-0.015749
-0.020809
-0.012630
0.009057
0.026749
0.031415
0.029861
0.024831
0.014423
0.004837
0.004520
0.013116
0.021150
0.018230
0.005413
-0.006433
-0.013791
-0.020838
-0.024835
-0.020796
-0.013861
-0.011120
-0.010409
-0.007296
-0.003724
-0.003683
-0.006797
-0.008584
-0.005005
0.002760
0.009241
0.012029
0.013000
0.011382
0.005438
-0.000562
-0.001636
0.000476
0.002407
0.003999
0.004999
0.004222
0.001554
-0.001930
-0.003695
-0.001741
0.001867
0.003761
0.004061
0.004238
0.003992
0.002834
0.001407
0.000657
0.000713
0.000451
-0.001087
-0.003255
-0.005045
-0.006690
-0.008778
-0.010671
-0.010872
-0.009119
-0.006900
-0.005196
-0.003439
-0.001257
0.000742
0.002351
0.004254
0.006838
0.009597
0.011824
0.013106
0.012913
0.010584
0.006116
0.000969
-0.002102
-0.001631
0.000205
0.000403
-0.001039
-0.003009
-0.005824
-0.009372
-0.011996
-0.012376
-0.010727
-0.008407
-0.007126
-0.009432
-0.016833
-0.022063
-0.012624
0.009114
0.025580
0.029329
0.027164
0.021745
0.011942
0.003635
0.004549
0.014085
0.022120
0.018399
0.005246
-0.006352
-0.013204
-0.018770
-0.020953
-0.016736
-0.011043
-0.009485
-0.010271
-0.009481
-0.007593
-0.007424
-0.009070
-0.008698
-0.003058
0.005343
0.010603
0.011064
0.009484
0.006470
0.001653
-0.001301
0.000779
0.005189
0.007805
0.007493
0.004923
0.001579
-0.001486
-0.004061
-0.004291
-0.000430
0.004588
0.006561
0.005562
0.003469
0.000990
-0.001023
-0.001499
-0.000159
0.002079
0.003048
0.001506
-0.001299
-0.004123
-0.007161
-0.010039
-0.011273
-0.010146
-0.007713
-0.005742
-0.004903
-0.004497
-0.003794
-0.002531
-0.000249
0.003394
0.007693
0.011303
0.013317
0.013584
0.012213
0.008938
0.003920
-0.000596
-0.001777
0.000232
0.002655
0.003290
0.001492
-0.002258
-0.006574
-0.010050
-0.011652
-0.010707
-0.008041
-0.005708
-0.005000
-0.007594
-0.015866
-0.024766
-0.020458
0.000466
0.021452
0.028392
0.025446
0.019748
0.011324
0.002989
0.002481
0.012411
0.024511
0.025462
0.011966
-0.004171
-0.012804
-0.016276
-0.017396
-0.013531
-0.006768
-0.004323
-0.007853
-0.012359
-0.013681
-0.012209
-0.010738
-0.009358
-0.004658
0.003469
0.009110
0.008391
0.004633
0.001884
0.000134
-0.000408
0.002298
0.007507
0.011208
0.010363
0.005194
-0.000723
-0.003527
-0.003153
-0.001297
0.002063
0.006015
0.007338
0.004798
0.000667
-0.002125
-0.002193
-0.000171
0.002651
0.005395
0.006275
0.003338
-0.002180
-0.006724
-0.008523
-0.008477
-0.008045
-0.007490
-0.006486
-0.005980
-0.007129
-0.008642
-0.008095
-0.005067
-0.000939
0.002988
0.006237
0.008783
0.010279
0.010474
0.010007
0.009123
0.006986
0.004063
0.002646
0.003429
0.004285
0.003195
0.000425
-0.002307
-0.003992
-0.005195
-0.006336
-0.006765
-0.006658
-0.007146
-0.008045
-0.008394
-0.009808
-0.015531
-0.021871
-0.016826
0.002345
0.019861
0.022809
0.017126
0.011937
0.007327
0.003446
0.005249
0.015099
0.026107
0.025437
0.009566
-0.008155
-0.014704
-0.012391
-0.008356
-0.003882
-0.000276
-0.001902
-0.009315
-0.016874
-0.018421
-0.013356
-0.006977
-0.003536
-0.001388
0.001710
0.003174
0.000633
-0.002388
-0.001531
0.002069
0.004972
0.006480
0.007339
0.007288
0.005402
0.001494
-0.001925
-0.001378
0.002266
0.004889
0.005301
0.004813
0.003421
0.001011
-0.001090
-0.001402
0.000717
0.004048
0.005957
0.005421
0.003225
-0.000279
-0.004140
-0.006140
-0.005646
-0.004356
-0.004100
-0.005526
-0.007704
-0.009091
-0.009406
-0.008908
-0.006962
-0.003534
-0.000197
0.001632
0.002122
0.002785
0.004876
0.007824
0.010108
0.010776
0.009298
0.006117
0.003355
0.002591
0.003074
0.003422
0.003070
0.001791
-0.000321
-0.002694
-0.004817
-0.006287
-0.006779
-0.006557
-0.006313
-0.006462
-0.007293
-0.010231
-0.016150
-0.019332
-0.010727
0.006550
0.017220
0.015213
0.009502
0.007091
0.006505
0.006322
0.009064
0.016590
0.023195
0.018323
0.002156
-0.010697
-0.010579
-0.003675
0.000669
0.000548
-0.002196
-0.006633
-0.011895
-0.015329
-0.013580
-0.007221
-0.002061
-0.001966
-0.003911
-0.003860
-0.002816
-0.003009
-0.002742
0.000469
0.004932
0.006627
0.004507
0.001666
0.001360
0.002831
0.003062
0.002292
0.003027
0.004539
0.004268
0.002593
0.001500
0.001590
0.002362
0.002860
0.002631
0.002265
0.002000
0.001850
0.002320
0.002560
0.000876
-0.001879
-0.003331
-0.003170
-0.003068
-0.004367
-0.006547
-0.007739
-0.007317
-0.006721
-0.006760
-0.006339
-0.004701
-0.002692
-0.001347
-0.000402
0.001382
0.004396
0.007442
0.009212
0.009191
0.007302
0.004521
0.002943
0.003620
0.005186
0.005364
0.003497
0.001053
-0.000618
-0.001885
-0.003326
-0.004319
-0.004308
-0.004103
-0.004924
-0.006587
-0.007433
-0.007026
-0.008336
-0.012911
-0.014214
-0.005222
0.007828
0.012410
0.008170
0.004687
0.005884
0.007955
0.007879
0.008292
0.012968
0.017366
0.011991
-0.001327
-0.009062
-0.005109
0.002544
0.004778
0.000729
-0.005151
-0.009148
-0.010648
-0.010181
-0.007311
-0.003045
-0.001346
-0.003943
-0.006953
-0.006326
-0.003248
-0.001079
-0.000301
0.000775
0.002350
0.002602
0.000823
-0.000591
0.000989
0.004136
0.005084
0.003338
0.001761
0.001986
0.002944
0.003088
0.002498
0.002648
0.003725
0.003904
0.002602
0.001481
0.001588
0.002360
0.002823
0.002172
0.000522
-0.000962
-0.001687
-0.002110
-0.002717
-0.003918
-0.005766
-0.007225
-0.007370
-0.006816
-0.006472
-0.006137
-0.005204
-0.003582
-0.001801
-0.000438
0.000843
0.002916
0.005618
0.007619
0.007761
0.006111
0.004200
0.003683
0.004314
0.004462
0.003460
0.002094
0.001224
0.000823
0.000170
-0.001022
-0.002003
-0.002255
-0.002550
-0.003664
-0.005075
-0.005735
-0.005195
-0.004533
-0.006631
-0.011501
-0.012202
-0.003792
0.006447
0.008406
0.003890
0.001918
0.005298
0.008886
0.008053
0.005921
0.008467
0.012613
0.009381
-0.000269
-0.005397
-0.001356
0.004822
0.005023
-0.000872
-0.006710
-0.007839
-0.005695
-0.004138
-0.003667
-0.002913
-0.002948
-0.005050
-0.006951
-0.005697
-0.002166
0.000144
-0.000419
-0.001913
-0.001841
-0.000694
-0.000347
-0.000280
0.001274
0.003481
0.003839
0.002149
0.000666
0.001116
0.002964
0.004136
0.003652
0.002994
0.003358
0.003674
0.003043
0.002114
0.001649
0.001954
0.002558
0.002210
0.000833
-0.000315
-0.000944
-0.001531
-0.002100
-0.002934
-0.004230
-0.005202
-0.005384
-0.005366
-0.005557
-0.005724
-0.005395
-0.004196
-0.002406
-0.000737
0.000619
0.001932
0.003307
0.004507
0.004924
0.004194
0.003154
0.003013
0.003687
0.004005
0.003132
0.001510
0.000560
0.000851
0.001177
0.000594
-0.000081
0.000027
0.000154
-0.000986
-0.003070
-0.004204
-0.003416
-0.002097
-0.002202
-0.004401
-0.007969
-0.010025
-0.007117
-0.000698
0.003196
0.002433
0.001429
0.003813
0.007375
0.007478
0.004185
0.003514
0.007968
0.010570
0.005354
-0.002170
-0.003048
0.002235
0.005668
0.002714
-0.003125
-0.005675
-0.003683
-0.001578
-0.002473
-0.004061
-0.003745
-0.003073
-0.004050
-0.005198
-0.004049
-0.001168
0.000266
-0.001273
-0.003388
-0.003187
-0.001136
0.000452
0.000962
0.001452
0.002211
0.002284
0.001379
0.000710
0.001320
0.002651
0.003420
0.003300
0.002979
0.002705
0.002124
0.001510
0.001505
0.001931
0.002148
0.001840
0.001195
0.000834
0.000804
0.000302
-0.000669
-0.001408
-0.002368
-0.004094
-0.005411
-0.005132
-0.003868
-0.002983
-0.003162
-0.003850
-0.003663
-0.002098
-0.000228
0.000935
0.001527
0.001906
0.001958
0.001643
0.001467
0.001987
0.002935
0.003295
0.002586
0.001553
0.001116
0.001149
0.000861
0.000198
0.000104
0.000979
0.001774
0.001468
0.000415
-0.000545
-0.001235
-0.001896
-0.002600
-0.003096
-0.003024
-0.002741
-0.003524
-0.005424
-0.006102
-0.004053
-0.001122
0.000597
0.001992
0.004651
0.007116
0.005991
0.001698
0.000202
0.004690
0.009131
0.006485
-0.000402
-0.003142
0.000215
0.003910
0.003259
-0.000261
-0.002490
-0.002226
-0.001836
-0.002619
-0.002749
-0.001455
-0.001232
-0.003510
-0.005623
-0.004411
-0.000856
0.000895
-0.000892
-0.003199
-0.002895
-0.001011
-0.000194
-0.000453
0.000070
0.001659
0.002601
0.001821
0.000508
0.000433
0.001422
0.001955
0.001788
0.001855
0.002118
0.001805
0.001091
0.000896
0.001589
0.002475
0.002430
0.001391
0.000587
0.000639
0.000835
0.000616
0.000038
-0.001047
-0.002529
-0.003455
-0.003207
-0.002435
-0.002189
-0.002793
-0.003570
-0.003480
-0.002333
-0.001007
-0.000220
0.000171
0.000525
0.000855
0.001041
0.001127
0.001252
0.001406
0.001471
0.001458
0.001486
0.001594
0.001628
0.001357
0.000891
0.000730
0.000996
0.001083
0.000601
0.000051
0.000046
0.000326
0.000104
-0.000822
-0.001768
-0.002028
-0.001683
-0.001310
-0.001220
-0.001563
-0.002720
-0.004626
-0.006014
-0.005096
-0.001435
0.002843
0.004904
0.004499
0.003406
0.002168
0.000856
0.001374
0.004357
0.006198
0.003891
-0.000011
-0.001168
0.000784
0.002830
0.002574
0.000325
-0.001740
-0.002179
-0.001565
-0.000961
-0.000696
-0.000918
-0.001831
-0.003112
-0.003710
-0.002657
-0.000573
0.000415
-0.000662
-0.002239
-0.002548
-0.001718
-0.000837
-0.000294
0.000296
0.000978
0.001048
0.000294
-0.000234
0.000265
0.001092
0.001248
0.000716
0.000088
0.000135
0.001433
0.003333
0.004297
0.003795
0.002481
0.000933
-0.000108
0.000396
0.001949
0.002222
0.000051
-0.002761
-0.003646
-0.002304
-0.000884
-0.001359
-0.003176
-0.004122
-0.003129
-0.001201
0.000165
0.000422
-0.000060
-0.000613
-0.000660
0.000015
0.000956
0.001143
0.000087
-0.001204
-0.001173
0.000290
0.001596
0.001463
0.000457
0.000026
0.000609
0.001450
0.001824
0.001632
0.001106
0.000577
0.000415
0.000772
0.001286
0.001231
0.000307
-0.000829
-0.001224
-0.000771
-0.000260
-0.000339
-0.000808
-0.001042
-0.000945
-0.001309
-0.002973
-0.005348
-0.006139
-0.003632
0.000700
0.003458
0.003267
0.001604
0.000178
-0.000082
0.001605
0.004549
0.005816
0.003619
0.000192
-0.000943
0.000742
0.002787
0.002971
0.001359
-0.000428
-0.001119
-0.000754
-0.000135
-0.000006
-0.000707
-0.001878
-0.002542
-0.002029
-0.000778
-0.000037
-0.000647
-0.002010
-0.002718
-0.002338
-0.001660
-0.001218
-0.000764
-0.000161
0.000263
0.000206
-0.000245
-0.000707
-0.000861
-0.000665
-0.000165
0.000660
0.001576
0.002034
0.001887
0.001694
0.001898
0.002225
0.002204
0.001906
0.001806
0.002026
0.002126
0.001716
0.000902
0.000031
-0.000729
-0.001372
-0.001791
-0.001887
-0.001815
-0.001795
-0.001842
-0.001850
-0.001752
-0.001577
-0.001429
-0.001328
-0.001166
-0.000908
-0.000636
-0.000400
-0.000213
-0.000124
-0.000123
-0.000033
0.000258
0.000582
0.000728
0.000722
0.000755
0.000949
0.001227
0.001462
0.001645
0.001752
0.001603
0.001129
0.000614
0.000378
0.000359
0.000265
-0.000005
-0.000261
-0.000309
-0.000260
-0.000385
-0.000675
-0.000837
-0.000738
-0.000540
-0.000582
-0.001442
-0.003430
-0.005415
-0.005163
-0.001995
0.001826
0.003537
0.002701
0.000743
-0.000679
-0.000146
0.002447
0.004800
0.004383
0.001737
-0.000198
0.000340
0.002280
0.003258
0.002159
0.000049
-0.001287
-0.001201
-0.000277
0.000541
0.000350
-0.001116
-0.002752
-0.002942
-0.001557
-0.000213
-0.000308
-0.001492
-0.002370
-0.002228
-0.001593
-0.001188
-0.001067
-0.000928
-0.000691
-0.000484
-0.000328
-0.000137
0.000023
0.000090
0.000354
0.000964
0.001441
0.001461
0.001474
0.001917
0.002578
0.002974
0.002686
0.001706
0.000830
0.000815
0.001209
0.001157
0.000706
0.000255
-0.000234
-0.000752
-0.001085
-0.001324
-0.001736
-0.002215
-0.002322
-0.001904
-0.001384
-0.001247
-0.001445
-0.001555
-0.001360
-0.000999
-0.000639
-0.000382
-0.000358
-0.000512
-0.000515
-0.000181
0.000282
0.000619
0.000855
0.001155
0.001493
0.001655
0.001527
0.001237
0.001009
0.000959
0.001098
0.001337
0.001411
0.001106
0.000593
0.000206
0.000014
-0.000101
-0.000188
-0.000258
-0.000385
-0.000657
-0.001009
-0.001172
-0.001011
-0.000730
-0.000600
-0.000830
-0.001780
-0.003516
-0.004892
-0.004233
-0.001480
0.001346
0.002251
0.001171
-0.000287
-0.000391
0.001404
0.003984
0.005315
0.004205
0.001570
-0.000205
0.000487
0.002672
0.003740
0.002430
0.000057
-0.001305
-0.000928
0.000332
0.001049
0.000351
-0.001368
-0.002662
-0.002366
-0.000921
-0.000009
-0.000682
-0.002273
-0.003350
-0.003236
-0.002215
-0.000963
-0.000252
-0.000471
-0.001122
-0.001363
-0.000980
-0.000395
0.000064
0.000457
0.000889
0.001194
0.001181
0.001052
0.001244
0.001802
0.002261
0.002200
0.001748
0.001448
0.001606
0.001935
0.001930
0.001375
0.000501
-0.000138
-0.000174
0.000025
-0.000261
-0.001115
-0.001911
-0.002175
-0.001983
-0.001678
-0.001575
-0.001743
-0.001914
-0.001784
-0.001372
-0.000972
-0.000871
-0.001060
-0.001132
-0.000682
0.000149
0.000756
0.000795
0.000558
0.000531
0.000842
0.001273
0.001554
0.001605
0.001540
0.001496
0.001540
0.001655
0.001679
0.001456
0.001116
0.000915
0.000822
0.000556
0.000005
-0.000611
-0.001008
-0.001208
-0.001568
-0.002219
-0.002601
-0.002039
-0.000698
0.000499
0.000755
0.000003
-0.001091
-0.001626
-0.001346
-0.000977
-0.001140
-0.001274
-0.000486
0.001014
0.002245
0.002594
0.001863
0.000211
-0.001246
-0.001174
0.000044
0.000753
0.000522
0.000374
0.000864
0.001621
0.002308
0.002731
0.002466
0.001331
-0.000066
-0.000846
-0.000889
-0.000851
-0.001115
-0.001316
-0.001139
-0.000875
-0.000839
-0.000917
-0.000936
-0.000872
-0.000729
-0.000593
-0.000605
-0.000701
-0.000689
-0.000558
-0.000354
-0.000038
0.000167
-0.000092
-0.000439
-0.000036
0.001020
0.001750
0.001777
0.001490
0.001057
0.000536
0.000409
0.000769
0.000818
0.000162
-0.000432
-0.000245
0.000380
0.000699
0.000515
0.000083
-0.000416
-0.000828
-0.000908
-0.000696
-0.000596
-0.000773
-0.000888
-0.000611
-0.000131
0.000095
-0.000096
-0.000481
-0.000763
-0.000796
-0.000618
-0.000342
-0.000107
-0.000053
-0.000124
-0.000114
-0.000014
0.000035
0.000025
0.000043
0.000143
0.000302
0.000495
0.000765
0.001047
0.001119
0.000946
0.000787
0.000781
0.000774
0.000651
0.000476
0.000307
0.000126
-0.000082
-0.000297
-0.000502
-0.000690
-0.000838
-0.000899
-0.000842
-0.000711
-0.000593
-0.000454
-0.000255
-0.000152
-0.000324
-0.000729
-0.001013
-0.000703
0.000071
0.000401
-0.000162
-0.000802
-0.000656
0.000053
0.000792
0.001403
0.001563
0.001016
0.000449
0.000675
0.001203
0.000999
0.000212
-0.000122
0.000317
0.000860
0.000927
0.000600
0.000197
-0.000128
-0.000217
0.000089
0.000420
0.000081
-0.000835
-0.001370
-0.001088
-0.000670
-0.000789
-0.001214
-0.001406
-0.001271
-0.000995
-0.000753
-0.000683
-0.000750
-0.000725
-0.000474
-0.000037
0.000439
0.000693
0.000634
0.000631
0.000995
0.001414
0.001515
0.001486
0.001577
0.001547
0.001173
0.000770
0.000646
0.000604
0.000419
0.000202
0.000021
-0.000337
-0.000906
-0.001256
-0.001104
-0.000835
-0.000887
-0.001115
-0.001182
-0.001049
-0.000824
-0.000552
-0.000330
-0.000353
-0.000587
-0.000683
-0.000470
-0.000215
-0.000160
-0.000165
-0.000037
0.000125
0.000221
0.000367
0.000557
0.000600
0.000548
0.000664
0.000933
0.001034
0.000859
0.000675
0.000672
0.000738
0.000730
0.000635
0.000482
0.000309
0.000154
0.000015
-0.000173
-0.000450
-0.000736
-0.000914
-0.000932
-0.000796
-0.000587
-0.000490
-0.000655
-0.000923
-0.000902
-0.000468
0.000077
0.000422
0.000535
0.000488
0.000195
-0.000454
-0.001190
-0.001445
-0.001002
-0.000183
0.000559
0.000918
0.000840
0.000631
0.000743
0.001196
0.001534
0.001501
0.001210
0.000815
0.000486
0.000301
-0.000006
-0.000613
-0.001123
-0.000984
-0.000198
0.000683
0.001118
0.000999
0.000595
0.000221
0.000015
-0.000082
-0.000317
-0.000987
-0.002022
-0.002796
-0.002807
-0.002369
-0.002071
-0.001854
-0.001246
-0.000230
0.000725
0.001262
0.001380
0.001321
0.001486
0.002109
0.002772
0.002621
0.001453
0.000233
-0.000037
0.000437
0.000681
0.000250
-0.000416
-0.000677
-0.000303
0.000399
0.000765
0.000367
-0.000450
-0.000901
-0.000593
0.000049
0.000200
-0.000443
-0.001332
-0.001748
-0.001514
-0.001011
-0.000789
-0.001066
-0.001455
-0.001347
-0.000647
0.000123
0.000510
0.000608
0.000728
0.000937
0.001122
0.001180
0.001010
0.000646
0.000347
0.000299
0.000388
0.000384
0.000236
0.000115
0.000167
0.000315
0.000400
0.000356
0.000206
0.000041
-0.000021
0.000002
-0.000032
-0.000147
-0.000240
-0.000292
-0.000376
-0.000528
-0.000694
-0.000759
-0.000672
-0.000520
-0.000397
-0.000288
-0.000178
-0.000083
0.000050
0.000242
0.000395
0.000413
0.000288
0.000104
-0.000046
-0.000208
-0.000469
-0.000670
-0.000558
-0.000173
0.000248
0.000593
0.000776
0.000614
0.000187
0.000054
0.000709
0.001904
0.002633
0.001999
0.000170
-0.001711
-0.002502
-0.001926
-0.000787
-0.000240
-0.000613
-0.001066
-0.000653
0.000436
0.001162
0.000983
0.000307
-0.000102
0.000259
0.001201
0.001821
0.001325
-0.000098
-0.001404
-0.001664
-0.000930
-0.000179
-0.000307
-0.001139
-0.001663
-0.001235
-0.000210
0.000621
0.000818
0.000559
0.000375
0.000615
0.001085
0.001228
0.000808
0.000255
0.000021
-0.000004
-0.000098
-0.000292
-0.000573
-0.000941
-0.001137
-0.000884
-0.000379
-0.000070
-0.000001
0.000167
0.000563
0.000941
0.001056
0.000893
0.000543
0.000128
-0.000168
-0.000221
-0.000123
-0.000080
-0.000187
-0.000393
-0.000598
-0.000690
-0.000601
-0.000405
-0.000262
-0.000242
-0.000274
-0.000234
-0.000058
0.000172
0.000319
0.000337
0.000241
0.000097
0.000059
0.000226
0.000467
0.000529
0.000347
0.000177
0.000289
0.000573
0.000684
0.000467
0.000044
-0.000381
-0.000608
-0.000511
-0.000273
-0.000253
-0.000442
-0.000493
-0.000337
-0.000211
-0.000202
-0.000207
-0.000198
-0.000204
-0.000128
0.000115
0.000304
0.000169
-0.000094
-0.000096
0.000132
0.000282
0.000275
0.000220
0.000161
0.000119
0.000133
0.000128
-0.000040
-0.000315
-0.000460
-0.000356
-0.000108
0.000120
0.000288
0.000498
0.000831
0.001113
0.001025
0.000513
-0.000098
-0.000422
-0.000429
-0.000462
-0.000748
-0.001109
-0.001215
-0.000858
-0.000144
0.000481
0.000666
0.000539
0.000425
0.000401
0.000366
0.000297
0.000227
0.000134
0.000032
0.000008
0.000059
0.000036
-0.000147
-0.000357
-0.000399
-0.000293
-0.000199
-0.000125
0.000031
0.000205
0.000222
0.000082
-0.000032
-0.000018
0.000014
-0.000087
-0.000324
-0.000568
-0.000679
-0.000562
-0.000254
0.000041
0.000155
0.000143
0.000148
0.000189
0.000241
0.000355
0.000528
0.000615
0.000553
0.000504
0.000547
0.000449
0.000037
-0.000452
-0.000717
-0.000765
-0.000682
-0.000438
-0.000132
0.000030
0.000064
0.000119
0.000144
0.000034
-0.000116
-0.000172
-0.000198
-0.000251
-0.000246
-0.000124
0.000188
0.000714
0.001120
0.000995
0.000466
0.000029
-0.000135
-0.000247
-0.000432
-0.000523
-0.000383
-0.000142
-0.000018
-0.000057
-0.000231
-0.000506
-0.000723
-0.000740
-0.000602
-0.000388
-0.000113
0.000186
0.000489
0.000766
0.000923
0.000877
0.000614
0.000178
-0.000255
-0.000379
-0.000127
0.000170
0.000243
0.000185
0.000091
-0.000101
-0.000312
-0.000362
-0.000309
-0.000242
0.000028
0.000589
0.001082
0.001106
0.000674
0.000084
-0.000425
-0.000769
-0.000900
-0.000815
-0.000674
-0.000656
-0.000650
-0.000381
0.000121
0.000522
0.000660
0.000623
0.000476
0.000278
0.000147
0.000124
0.000107
-0.000049
-0.000350
-0.000539
-0.000377
-0.000022
0.000192
0.000199
0.000177
0.000242
0.000375
0.000541
0.000650
0.000483
-0.000028
-0.000487
-0.000499
-0.000289
-0.000337
-0.000601
-0.000646
-0.000360
-0.000030
0.000163
0.000238
0.000164
-0.000025
-0.000146
-0.000112
-0.000029
0.000014
0.000088
0.000293
0.000555
0.000652
0.000483
0.000204
-0.000016
-0.000217
-0.000409
-0.000481
-0.000472
-0.000499
-0.000435
-0.000140
0.000192
0.000238
0.000000
-0.000177
-0.000104
0.000033
0.000080
0.000112
0.000161
0.000147
0.000122
0.000206
0.000262
0.000078
-0.000182
-0.000211
-0.000068
0.000008
-0.000010
-0.000019
0.000012
0.000065
0.000128
0.000167
0.000133
0.000040
-0.000021
0.000024
0.000133
0.000173
0.000079
-0.000033
-0.000062
-0.000072
-0.000132
-0.000229
-0.000305
-0.000263
-0.000117
-0.000036
-0.000081
-0.000104
-0.000017
0.000075
0.000095
0.000090
0.000064
-0.000018
-0.000079
-0.000017
0.000154
0.000335
0.000336
0.000056
-0.000282
-0.000407
-0.000325
-0.000133
0.000129
0.000297
0.000201
-0.000019
-0.000071
0.000095
0.000284
0.000348
0.000282
0.000159
0.000069
0.000049
0.000012
-0.000132
-0.000288
-0.000279
-0.000081
0.000145
0.000188
0.000022
-0.000112
-0.000033
0.000107
0.000073
-0.000085
-0.000156
-0.000102
0.000001
0.000107
0.000110
-0.000049
-0.000191
-0.000161
-0.000078
-0.000085
-0.000156
-0.000190
-0.000100
0.000062
0.000122
0.000065
0.000056
0.000149
0.000229
0.000206
0.000117
0.000043
-0.000024
-0.000110
-0.000150
-0.000128
-0.000150
-0.000207
-0.000157
-0.000027
-0.000005
-0.000106
-0.000133
-0.000002
0.000136
0.000175
0.000170
0.000126
0.000006
-0.000097
-0.000076
-0.000030
-0.000098
-0.000184
-0.000136
-0.000039
-0.000015
0.000042
0.000221
0.000341
0.000232
0.000033
-0.000018
0.000096
0.000205
0.000173
0.000048
-0.000005
0.000081
0.000131
-0.000064
-0.000346
-0.000366
-0.000160
-0.000066
-0.000159
-0.000221
-0.000121
0.000040
0.000097
0.000063
0.000057
0.000041
-0.000072
-0.000162
-0.000109
0.000037
0.000215
0.000319
0.000162
-0.000125
-0.000136
0.000095
0.000102
-0.000173
-0.000261
0.000015
0.000272
0.000227
0.000064
-0.000010
-0.000055
-0.000102
-0.000060
0.000059
0.000146
0.000139
0.000059
-0.000028
-0.000059
0.000011
0.000133
0.000117
-0.000114
-0.000273
-0.000141
0.000011
-0.000089
-0.000199
-0.000072
0.000048
-0.000025
-0.000051
0.000067
0.000088
-0.000035
-0.000075
0.000024
0.000077
0.000034
0.000059
0.000155
0.000098
-0.000113
-0.000176
0.000000
0.000128
0.000025
-0.000065
0.000140
0.000486
0.000634
0.000552
0.000421
0.000262
0.000007
-0.000206
-0.000216
-0.000182
-0.000345
-0.000583
-0.000640
-0.000561
-0.000491
-0.000384
-0.000239
-0.000196
-0.000241
-0.000183
0.000007
0.000123
0.000090
0.000108
0.000303
0.000497
0.000453
0.000224
0.000056
0.000033
0.000082
0.000191
0.000323
0.000316
0.000100
-0.000135
-0.000176
-0.000070
-0.000034
-0.000116
-0.000164
-0.000074
0.000078
0.000144
0.000074
-0.000051
-0.000127
-0.000084
0.000049
0.000141
0.000129
0.000009
-0.000213
-0.000396
-0.000383
-0.000219
-0.000036
0.000094
0.000146
0.000166
0.000216
0.000245
0.000177
0.000097
0.000109
0.000125
0.000043
-0.000042
-0.000026
-0.000025
-0.000142
-0.000217
-0.000117
0.000004
0.000033
0.000075
0.000174
0.000190
0.000041
-0.000100
-0.000010
0.000187
0.000141
-0.000164
-0.000358
-0.000262
-0.000124
-0.000162
-0.000242
-0.000188
-0.000048
0.000051
0.000081
0.000081
0.000085
0.000105
0.000107
0.000052
-0.000004
0.000028
0.000111
0.000183
0.000237
0.000186
-0.000033
-0.000223
-0.000182
-0.000003
0.000127
0.000126
0.000023
-0.000050
-0.000032
-0.000021
-0.000081
-0.000198
-0.000338
-0.000381
-0.000212
0.000018
0.000027
-0.000158
-0.000212
-0.000010
0.000245
0.000370
0.000347
0.000215
0.000065
0.000040
0.000204
0.000365
0.000264
-0.000002
-0.000104
-0.000014
0.000032
-0.000031
-0.000064
-0.000027
-0.000011
-0.000013
0.000024
0.000033
-0.000035
-0.000086
-0.000048
0.000028
0.000026
-0.000064
-0.000100
-0.000065
-0.000085
-0.000153
-0.000163
-0.000094
0.000032
0.000178
0.000173
-0.000095
-0.000367
-0.000346
-0.000153
-0.000018
0.000150
0.000487
0.000777
0.000746
0.000529
0.000417
0.000405
0.000358
0.000275
0.000150
-0.000119
-0.000479
-0.000669
-0.000577
-0.000451
-0.000580
-0.000915
-0.001157
-0.001115
-0.000837
-0.000494
-0.000281
-0.000286
-0.000365
-0.000317
-0.000159
-0.000028
0.000077
0.000261
0.000527
0.000743
0.000891
0.001092
0.001264
0.001209
0.001041
0.001010
0.001063
0.000967
0.000689
0.000437
0.000343
0.000256
0.000026
-0.000243
-0.000422
-0.000544
-0.000654
-0.000771
-0.000970
-0.001193
-0.001217
-0.001015
-0.000796
-0.000711
-0.000752
-0.000777
-0.000655
-0.000521
-0.000538
-0.000503
-0.000230
0.000072
0.000214
0.000301
0.000456
0.000658
0.000739
0.000631
0.000564
0.000673
0.000725
0.000585
0.000448
0.000446
0.000451
0.000349
0.000169
-0.000000
-0.000051
0.000045
0.000173
0.000216
0.000181
0.000123
0.000063
-0.000014
-0.000148
-0.000307
-0.000359
-0.000257
-0.000125
-0.000081
-0.000136
-0.000217
-0.000233
-0.000138
0.000012
0.000107
0.000113
0.000091
0.000088
0.000071
0.000010
-0.000019
0.000045
0.000070
-0.000064
-0.000215
-0.000225
-0.000161
-0.000141
-0.000138
-0.000084
-0.000028
-0.000071
-0.000169
-0.000154
-0.000030
0.000008
-0.000063
-0.000084
-0.000005
0.000111
0.000190
0.000163
0.000055
-0.000041
-0.000065
-0.000020
0.000033
0.000039
0.000034
0.000055
0.000067
0.000037
0.000009
0.000048
0.000127
0.000160
0.000166
0.000196
0.000160
0.000017
-0.000047
0.000047
0.000037
-0.000197
-0.000356
-0.000253
-0.000138
-0.000224
-0.000418
-0.000528
-0.000392
-0.000014
0.000348
0.000469
0.000392
0.000293
0.000252
0.000223
0.000152
0.000015
-0.000162
-0.000258
-0.000209
-0.000157
-0.000188
-0.000172
-0.000058
0.000021
0.000030
0.000076
0.000147
0.000129
0.000060
0.000075
0.000166
0.000216
0.000182
0.000105
0.000014
-0.000111
-0.000257
-0.000300
-0.000119
0.000158
0.000259
0.000152
0.000057
0.000132
0.000261
0.000217
-0.000006
-0.000204
-0.000282
-0.000278
-0.000183
-0.000012
0.000082
0.000034
-0.000030
-0.000033
-0.000001
0.000014
-0.000055
-0.000169
-0.000183
-0.000080
0.000060
0.000195
0.000230
0.000095
-0.000081
-0.000134
-0.000072
0.000008
0.000085
0.000174
0.000209
0.000122
-0.000041
-0.000137
-0.000092
-0.000014
-0.000032
-0.000042
0.000094
0.000235
0.000198
0.000076
0.000038
0.000073
0.000109
0.000117
0.000043
-0.000124
-0.000293
-0.000355
-0.000276
-0.000169
-0.000150
-0.000159
-0.000095
0.000022
0.000129
0.000196
0.000221
0.000205
0.000106
-0.000043
-0.000073
0.000044
0.000088
-0.000043
-0.000142
-0.000090
-0.000049
-0.000109
-0.000125
-0.000009
0.000118
0.000135
0.000114
0.000156
0.000181
0.000059
-0.000150
-0.000229
-0.000122
-0.000043
-0.000128
-0.000217
-0.000152
0.000005
0.000117
0.000098
-0.000016
-0.000095
-0.000094
-0.000040
0.000064
0.000179
0.000234
0.000223
0.000202
0.000187
0.000142
0.000063
-0.000030
-0.000135
-0.000215
-0.000219
-0.000141
-0.000034
-0.000030
-0.000116
-0.000059
0.000112
0.000103
-0.000040
-0.000049
0.000019
-0.000026
-0.000103
-0.000057
0.000055
0.000085
0.000039
0.000045
0.000164
0.000252
0.000092
-0.000252
-0.000456
-0.000407
-0.000281
-0.000222
-0.000194
-0.000074
0.000135
0.000262
0.000264
0.000286
0.000354
0.000390
0.000400
0.000376
0.000254
0.000099
0.000041
0.000030
-0.000067
-0.000222
-0.000279
-0.000197
-0.000092
-0.000084
-0.000186
-0.000273
-0.000202
-0.000023
0.000106
0.000051
-0.000202
-0.000402
-0.000281
0.000032
0.000224
0.000236
0.000209
0.000208
0.000167
0.000036
-0.000077
-0.000032
0.000064
0.000019
-0.000096
-0.000111
-0.000029
0.000065
0.000090
0.000026
0.000002
0.000116
0.000232
0.000223
