4960
0.000109
0.000240
0.000241
0.000215
0.000212
0.000190
0.000133
0.000072
0.000046
0.000059
0.000043
-0.000032
-0.000067
-0.000022
-0.000004
-0.000042
-0.000059
-0.000048
-0.000048
-0.000051
-0.000022
0.000049
0.000109
0.000110
0.000083
0.000049
-0.000012
-0.000077
-0.000074
0.000001
0.000045
-0.000015
-0.000128
-0.000192
-0.000165
-0.000081
-0.000005
0.000042
0.000079
0.000100
0.000084
0.000064
0.000086
0.000113
0.000079
0.000017
0.000017
0.000076
0.000085
-0.000008
-0.000135
-0.000203
-0.000191
-0.000163
-0.000191
-0.000181
0.000018
0.000283
0.000369
0.000328
0.000336
0.000358
0.000289
0.000128
-0.000066
-0.000220
-0.000310
-0.000378
-0.000430
-0.000408
-0.000309
-0.000222
-0.000211
-0.000204
-0.000121
-0.000024
0.000010
0.000030
0.000084
0.000149
0.000211
0.000237
0.000170
0.000062
0.000033
0.000099
0.000187
0.000221
0.000179
0.000109
0.000052
0.000018
0.000015
0.000016
0.000003
0.000006
0.000009
-0.000030
-0.000084
-0.000115
-0.000130
-0.000128
-0.000091
-0.000032
0.000017
0.000055
0.000079
0.000062
-0.000011
-0.000097
-0.000140
-0.000100
0.000001
0.000101
0.000159
0.000170
0.000132
0.000055
0.000000
0.000015
0.000029
-0.000012
-0.000032
0.000008
0.000034
-0.000005
-0.000070
-0.000084
-0.000029
0.000025
0.000022
-0.000017
-0.000036
-0.000024
-0.000058
-0.000184
-0.000309
-0.000285
-0.000117
0.000030
0.000073
0.000088
0.000117
0.000119
0.000097
0.000099
0.000122
0.000132
0.000116
0.000068
0.000023
0.000044
0.000095
0.000075
-0.000007
-0.000043
-0.000013
0.000005
-0.000012
-0.000021
-0.000048
-0.000155
-0.000276
-0.000280
-0.000179
-0.000084
-0.000022
0.000053
0.000111
0.000105
0.000102
0.000162
0.000214
0.000162
0.000037
-0.000059
-0.000072
-0.000036
0.000003
0.000014
-0.000009
-0.000032
-0.000027
-0.000002
0.000028
0.000023
-0.000036
-0.000080
-0.000057
-0.000025
-0.000040
-0.000054
-0.000021
0.000011
-0.000026
-0.000086
-0.000080
-0.000006
0.000096
0.000179
0.000181
0.000091
-0.000019
-0.000071
-0.000044
0.000014
0.000012
-0.000048
-0.000072
-0.000030
0.000013
0.000022
0.000059
0.000163
0.000213
0.000071
-0.000178
-0.000357
-0.000429
-0.000427
-0.000361
-0.000259
-0.000136
0.000010
0.000129
0.000168
0.000196
0.000303
0.000432
0.000465
0.000399
0.000305
0.000224
0.000168
0.000139
0.000128
0.000117
0.000079
0.000025
-0.000008
-0.000044
-0.000117
-0.000180
-0.000192
-0.000213
-0.000283
-0.000336
-0.000302
-0.000202
-0.000112
-0.000077
-0.000086
-0.000098
-0.000077
-0.000028
-0.000004
-0.000006
-0.000002
-0.000001
-0.000005
0.000032
0.000121
0.000193
0.000184
0.000122
0.000082
0.000097
0.000126
0.000118
0.000084
0.000070
0.000072
0.000044
0.000002
-0.000021
-0.000066
-0.000133
-0.000127
-0.000065
-0.000056
-0.000111
-0.000161
-0.000175
-0.000166
-0.000156
-0.000128
-0.000050
0.000048
0.000109
0.000128
0.000138
0.000141
0.000092
0.000019
0.000011
0.000011
-0.000081
-0.000135
0.000013
0.000233
0.000274
0.000138
0.000039
0.000061
0.000079
0.000022
-0.000035
-0.000035
-0.000010
-0.000007
-0.000030
-0.000048
-0.000063
-0.000119
-0.000189
-0.000196
-0.000130
-0.000054
-0.000025
-0.000034
-0.000022
0.000011
0.000010
-0.000005
0.000009
0.000021
0.000008
0.000014
0.000037
0.000035
0.000043
0.000124
0.000211
0.000190
0.000089
0.000020
0.000024
0.000053
0.000028
-0.000078
-0.000160
-0.000109
0.000007
0.000039
-0.000014
-0.000042
-0.000031
-0.000024
-0.000021
-0.000046
-0.000097
-0.000092
-0.000002
0.000078
0.000065
-0.000009
-0.000066
-0.000078
-0.000041
0.000027
0.000062
0.000068
0.000125
0.000183
0.000132
0.000011
-0.000065
-0.000061
-0.000019
0.000002
-0.000007
-0.000019
-0.000088
-0.000245
-0.000259
0.000054
0.000414
0.000465
0.000314
0.000252
0.000250
0.000117
-0.000132
-0.000326
-0.000401
-0.000412
-0.000397
-0.000366
-0.000314
-0.000215
-0.000105
-0.000041
0.000005
0.000077
0.000144
0.000149
0.000092
0.000031
0.000013
0.000036
0.000064
0.000067
0.000069
0.000111
0.000165
0.000175
0.000157
0.000151
0.000115
0.000023
-0.000048
-0.000062
-0.000061
-0.000047
-0.000003
0.000031
0.000020
0.000021
0.000069
0.000087
0.000028
-0.000036
-0.000057
-0.000063
-0.000074
-0.000088
-0.000092
-0.000080
-0.000073
-0.000078
-0.000063
-0.000005
0.000073
0.000114
0.000105
0.000095
0.000097
0.000061
-0.000001
-0.000023
0.000002
0.000033
0.000063
0.000094
0.000098
0.000038
-0.000079
-0.000170
-0.000146
-0.000050
-0.000020
-0.000075
-0.000101
-0.000057
-0.000018
-0.000051
-0.000135
-0.000179
-0.000126
-0.000015
0.000073
0.000082
0.000027
-0.000018
0.000002
0.000075
0.000143
0.000154
0.000129
0.000148
0.000206
0.000210
0.000147
0.000081
0.000033
-0.000035
-0.000098
-0.000106
-0.000099
-0.000136
-0.000189
-0.000200
-0.000141
-0.000054
-0.000016
-0.000041
-0.000059
-0.000016
0.000054
0.000083
0.000056
0.000016
-0.000002
-0.000002
-0.000004
-0.000006
0.000005
0.000010
0.000001
0.000020
0.000051
0.000033
-0.000001
0.000034
0.000129
0.000173
0.000110
0.000036
0.000024
-0.000006
-0.000097
-0.000142
-0.000083
-0.000016
-0.000015
-0.000008
0.000058
0.000083
-0.000038
-0.000210
-0.000245
-0.000144
-0.000065
-0.000048
-0.000011
0.000067
0.000119
0.000092
0.000034
0.000053
0.000153
0.000252
0.000293
0.000192
-0.000082
-0.000327
-0.000386
-0.000374
-0.000383
-0.000321
-0.000166
-0.000018
0.000094
0.000209
0.000297
0.000322
0.000321
0.000310
0.000246
0.000137
0.000083
0.000127
0.000167
0.000106
-0.000010
-0.000059
-0.000013
0.000016
-0.000050
-0.000123
-0.000098
-0.000056
-0.000105
-0.000173
-0.000180
-0.000190
-0.000235
-0.000224
-0.000111
0.000022
0.000065
0.000021
0.000003
0.000060
0.000109
0.000056
-0.000052
-0.000086
-0.000043
-0.000032
-0.000047
0.000011
0.000153
0.000272
0.000272
0.000182
0.000101
0.000040
-0.000040
-0.000121
-0.000146
-0.000096
-0.000013
0.000062
0.000119
0.000120
0.000020
-0.000152
-0.000308
-0.000392
-0.000408
-0.000376
-0.000265
-0.000028
0.000241
0.000340
0.000240
0.000125
0.000112
0.000122
0.000051
-0.000041
-0.000003
0.000130
0.000160
0.000079
0.000077
0.000216
0.000323
0.000229
0.000004
-0.000135
-0.000096
0.000001
0.000031
-0.000003
-0.000046
-0.000090
-0.000177
-0.000312
-0.000430
-0.000472
-0.000436
-0.000351
-0.000216
0.000001
0.000293
0.000559
0.000600
0.000326
0.000015
-0.000083
-0.000133
-0.000235
-0.000214
-0.000045
0.000213
0.000551
0.000783
0.000735
0.000428
-0.000011
-0.000344
-0.000412
-0.000321
-0.000285
-0.000410
-0.000453
-0.000216
-0.000087
-0.000281
-0.000386
-0.000179
0.000127
0.000264
0.000214
0.000275
0.000450
0.000420
0.000256
0.000174
0.000154
0.000203
0.000144
-0.000276
-0.000788
-0.000978
-0.000758
-0.000219
0.000285
0.000495
0.000653
0.000782
0.000684
0.000525
0.000192
-0.000479
-0.000933
-0.000925
-0.000728
-0.000397
-0.000162
0.000014
0.000600
0.001154
0.000956
0.000350
0.000024
0.000088
0.000021
-0.000430
-0.000619
-0.000294
0.000013
0.000082
-0.000071
-0.000316
-0.000354
-0.000337
-0.000469
-0.000475
-0.000205
0.000185
0.000480
0.000564
0.000609
0.000627
0.000412
0.000102
-0.000195
-0.000605
-0.000932
-0.000883
-0.000460
0.000201
0.000754
0.000794
0.000429
0.000174
0.000272
0.000365
0.000038
-0.000390
-0.000328
0.000073
0.000301
0.000234
0.000049
0.000054
0.000269
0.000128
-0.000536
-0.000861
-0.000333
0.000266
0.000157
-0.000285
-0.000378
-0.000153
-0.000028
-0.000131
-0.000218
-0.000183
-0.000212
-0.000251
-0.000021
0.000433
0.000800
0.000843
0.000684
0.000633
0.000482
-0.000043
-0.000390
-0.000126
0.000223
0.000051
-0.000484
-0.000689
-0.000406
-0.000339
-0.000712
-0.000838
-0.000432
-0.000002
0.000100
0.000123
0.000456
0.001017
0.001203
0.000724
0.000152
-0.000069
-0.000247
-0.000486
-0.000544
-0.000491
-0.000451
-0.000426
-0.000346
-0.000066
0.000237
0.000352
0.000493
0.000765
0.000946
0.000796
0.000311
-0.000066
-0.000063
-0.000054
-0.000253
-0.000384
-0.000315
-0.000354
-0.000856
-0.001570
-0.001838
-0.001454
-0.000676
0.000189
0.000979
0.001697
0.002216
0.002347
0.002106
0.001545
0.000724
-0.000321
-0.001383
-0.001767
-0.001356
-0.000903
-0.000593
-0.000347
-0.000411
-0.000651
-0.000992
-0.001367
-0.001230
-0.000605
0.000136
0.001023
0.001857
0.002454
0.002568
0.001663
0.000243
-0.000695
-0.001044
-0.000852
-0.000316
-0.000042
-0.000238
-0.000809
-0.001442
-0.001677
-0.001652
-0.001648
-0.001348
-0.000365
0.001046
0.002128
0.002668
0.003107
0.003428
0.003055
0.001697
-0.000064
-0.001279
-0.001923
-0.002456
-0.002728
-0.002575
-0.002144
-0.001518
-0.000834
-0.000174
0.000425
0.000847
0.001262
0.001899
0.002500
0.002644
0.002233
0.001503
0.000688
-0.000286
-0.001432
-0.002348
-0.002660
-0.002436
-0.001938
-0.001359
-0.000777
-0.000134
0.000614
0.001315
0.001732
0.001744
0.001430
0.000998
0.000635
0.000414
0.000282
0.000122
-0.000159
-0.000528
-0.000820
-0.000954
-0.001035
-0.001009
-0.000708
-0.000299
-0.000068
0.000021
0.000183
0.000564
0.000954
0.000832
0.000269
-0.000027
0.000077
0.000189
0.000171
-0.000024
-0.000242
-0.000203
-0.000222
-0.000517
-0.000651
-0.000533
-0.000515
-0.000762
-0.001106
-0.000963
-0.000102
0.000920
0.001694
0.001984
0.001724
0.001481
0.001249
0.000440
-0.000571
-0.001394
-0.002008
-0.001733
-0.000752
-0.000122
0.000332
0.000700
0.000212
-0.000871
-0.001757
-0.001991
-0.001205
0.000075
0.001125
0.002109
0.002901
0.003112
0.002849
0.002003
0.000626
-0.000601
-0.001474
-0.001983
-0.001716
-0.000977
-0.000593
-0.000619
-0.000847
-0.001337
-0.001937
-0.002290
-0.002048
-0.001157
0.000047
0.001365
0.002671
0.003600
0.003869
0.003302
0.001936
0.000298
-0.001078
-0.001979
-0.002342
-0.002208
-0.001685
-0.000999
-0.000409
0.000030
0.000262
0.000208
0.000077
0.000139
0.000406
0.000757
0.001110
0.001430
0.001556
0.001255
0.000527
-0.000431
-0.001407
-0.002108
-0.002266
-0.001889
-0.001185
-0.000349
0.000456
0.001034
0.001213
0.001001
0.000592
0.000221
0.000036
0.000025
0.000105
0.000312
0.000672
0.000984
0.000983
0.000631
-0.000134
-0.001550
-0.003028
-0.003098
-0.001585
0.000319
0.002109
0.003531
0.004022
0.003530
0.001922
-0.000527
-0.002351
-0.002931
-0.002885
-0.002521
-0.001903
-0.001110
-0.000371
-0.000018
0.000018
-0.000350
-0.001126
-0.001451
-0.000607
0.001224
0.002845
0.002988
0.002375
0.002230
0.002000
0.001137
-0.000024
-0.001141
-0.001729
-0.001914
-0.002028
-0.001300
0.000279
0.001242
0.001146
0.000605
-0.000164
-0.000837
-0.000915
-0.000484
-0.000004
0.000116
-0.000105
-0.000042
0.000643
0.001217
0.000701
-0.000538
-0.001071
-0.000677
-0.000253
0.000063
0.000428
0.000558
0.000169
-0.000658
-0.000904
-0.000057
0.000489
0.000056
-0.000286
0.000060
0.000851
0.001397
0.001037
0.000190
-0.000444
-0.000874
-0.001141
-0.000837
0.000085
0.000479
-0.000409
-0.001372
-0.001038
0.000210
0.000988
0.001006
0.001170
0.001331
0.000784
0.000110
-0.000074
0.000120
0.000181
-0.000685
-0.001893
-0.001762
-0.000377
0.000507
0.000215
0.000009
0.000567
0.000717
0.000187
0.000084
0.000369
0.000336
-0.000002
-0.000324
-0.000181
0.000363
0.000398
-0.000257
-0.000745
-0.000718
-0.000499
-0.000405
-0.000477
-0.000267
0.000155
0.000033
-0.000206
0.000172
0.000471
0.000443
0.000797
0.001374
0.001486
0.000809
-0.000289
-0.000842
-0.000889
-0.001169
-0.001252
-0.000734
-0.000198
0.000150
0.000400
0.000598
0.000987
0.001099
0.000545
0.000265
0.000659
0.000964
0.000750
-0.000096
-0.001295
-0.002231
-0.002845
-0.002967
-0.002414
-0.001986
-0.001987
-0.001690
-0.000752
0.000941
0.003047
0.004556
0.005362
0.005766
0.005237
0.003746
0.001897
-0.000187
-0.002304
-0.003984
-0.004892
-0.004697
-0.003705
-0.002743
-0.001810
-0.000564
0.000606
0.001423
0.002136
0.002757
0.003053
0.002774
0.001842
0.000720
-0.000177
-0.001068
-0.002122
-0.003030
-0.003320
-0.002906
-0.002323
-0.001775
-0.000785
0.000657
0.001973
0.002803
0.003144
0.003199
0.002920
0.001989
0.000655
-0.000355
-0.000699
-0.000542
-0.000187
0.000190
0.000325
-0.000234
-0.001338
-0.002147
-0.002279
-0.001962
-0.001378
-0.000758
-0.000267
0.000234
0.000629
0.000647
0.000485
0.000227
-0.000374
-0.001048
-0.001103
-0.000267
0.000918
0.001598
0.001764
0.001838
0.001610
0.001161
0.000848
0.000120
-0.001090
-0.001766
-0.001679
-0.000918
0.000638
0.001719
0.001311
0.000461
-0.000389
-0.001507
-0.001844
-0.001068
-0.000233
-0.000487
-0.003144
-0.006539
-0.006131
-0.001992
0.002035
0.005393
0.008420
0.009453
0.008184
0.005473
0.001954
-0.001000
-0.002948
-0.004796
-0.006022
-0.005382
-0.003358
-0.001280
0.000118
0.000530
0.000107
-0.000567
-0.000999
-0.000569
0.000896
0.002057
0.002081
0.002095
0.002370
0.001657
-0.000175
-0.002226
-0.003838
-0.004446
-0.003979
-0.002739
-0.000741
0.001495
0.002985
0.003515
0.003320
0.002576
0.001743
0.001109
0.000557
0.000216
0.000287
0.000579
0.000802
0.000714
0.000046
-0.001174
-0.002374
-0.002890
-0.002615
-0.001956
-0.001494
-0.001799
-0.002614
-0.002431
-0.000413
0.002274
0.004203
0.005122
0.005344
0.004790
0.003015
0.000325
-0.002339
-0.004521
-0.005806
-0.005684
-0.004038
-0.000766
0.003336
0.006089
0.006157
0.004056
0.001033
-0.001706
-0.003454
-0.003900
-0.003071
-0.001597
0.000016
0.001437
0.001657
0.000159
-0.001923
-0.003238
-0.003443
-0.002672
-0.001123
0.000872
0.003092
0.005132
0.005961
0.004985
0.002839
0.000392
-0.001787
-0.003240
-0.003568
-0.002599
-0.001234
-0.000836
-0.001697
-0.003517
-0.005624
-0.006799
-0.005696
-0.001061
0.005795
0.011285
0.014296
0.014916
0.011949
0.006143
-0.000280
-0.005977
-0.009549
-0.010715
-0.010425
-0.008481
-0.004908
-0.001478
0.000434
0.000858
0.000352
-0.000200
0.000000
0.001053
0.002900
0.005331
0.007041
0.006796
0.005013
0.002281
-0.001414
-0.005116
-0.007416
-0.007937
-0.006692
-0.003952
-0.000670
0.002351
0.004359
0.004552
0.003450
0.002216
0.001130
0.000442
0.000562
0.001138
0.001717
0.002096
0.001694
0.000229
-0.001694
-0.003468
-0.004738
-0.004935
-0.003805
-0.002050
-0.001001
-0.001301
-0.001310
0.000923
0.003986
0.005687
0.006457
0.006217
0.003922
0.000822
-0.001328
-0.002136
-0.001546
-0.000593
-0.000662
-0.001639
-0.003036
-0.004446
-0.005211
-0.005113
-0.003739
-0.000888
0.001876
0.003026
0.003112
0.003560
0.004659
0.005331
0.005111
0.004411
0.002977
0.000845
-0.001401
-0.003712
-0.005635
-0.006697
-0.007172
-0.006868
-0.005315
-0.002289
0.001381
0.003367
0.003396
0.003613
0.004331
0.005049
0.006042
0.005920
0.003310
-0.000170
-0.002341
-0.003403
-0.005005
-0.007081
-0.008027
-0.008707
-0.010086
-0.008233
-0.000640
0.008342
0.014483
0.017065
0.015897
0.012053
0.007216
0.001973
-0.002458
-0.005179
-0.007177
-0.008848
-0.009310
-0.008316
-0.006676
-0.005579
-0.005421
-0.004869
-0.002437
0.001203
0.004532
0.007568
0.009990
0.009882
0.007099
0.003760
0.000702
-0.002537
-0.005500
-0.007053
-0.006625
-0.004811
-0.002689
-0.000558
0.001308
0.001951
0.001481
0.001216
0.001627
0.002451
0.003630
0.004671
0.004785
0.003963
0.002543
0.000442
-0.002110
-0.004285
-0.005754
-0.006954
-0.008611
-0.010676
-0.010354
-0.004343
0.005501
0.013890
0.017834
0.016467
0.010308
0.001811
-0.005929
-0.009489
-0.007857
-0.004465
-0.001846
-0.000023
0.000411
-0.000579
-0.002798
-0.005870
-0.007118
-0.005136
-0.001375
0.003487
0.008629
0.011843
0.011296
0.006627
0.000246
-0.004730
-0.007856
-0.009113
-0.007647
-0.004239
-0.000827
0.001555
0.003239
0.004376
0.003400
0.000174
-0.002064
-0.001235
0.001541
0.004313
0.005514
0.004872
0.002703
-0.002235
-0.011628
-0.022981
-0.026971
-0.016227
0.003094
0.019399
0.029265
0.032533
0.026977
0.014307
0.000792
-0.008293
-0.011695
-0.011963
-0.011255
-0.008672
-0.004175
-0.001130
-0.002411
-0.006997
-0.011584
-0.013405
-0.011008
-0.004364
0.005084
0.014488
0.019650
0.017956
0.011725
0.004693
-0.002374
-0.008704
-0.011557
-0.009931
-0.005643
-0.000837
0.003118
0.005104
0.003809
-0.000659
-0.005166
-0.006348
-0.003973
0.000405
0.005507
0.009727
0.011211
0.009472
0.005277
-0.000377
-0.005765
-0.008884
-0.009361
-0.008141
-0.005776
-0.002569
0.000256
0.001157
0.000449
0.000168
0.001320
0.003188
0.004969
0.006378
0.007043
0.006363
0.004249
0.001222
-0.002159
-0.005166
-0.007244
-0.008375
-0.007978
-0.005432
-0.001914
0.000735
0.002092
0.002799
0.003389
0.004001
0.004673
0.005361
0.005504
0.004289
0.001748
-0.001136
-0.003590
-0.005578
-0.007152
-0.008051
-0.007722
-0.005364
-0.001173
0.002862
0.005154
0.005854
0.005441
0.004461
0.003302
0.001690
0.000395
0.000337
-0.000413
-0.004700
-0.013449
-0.023530
-0.025315
-0.011875
0.008955
0.024628
0.032378
0.032774
0.024186
0.010545
-0.000167
-0.005262
-0.006803
-0.007380
-0.008571
-0.009061
-0.007466
-0.006829
-0.010021
-0.014444
-0.016435
-0.015037
-0.009614
-0.000099
0.010785
0.018834
0.020524
0.015530
0.008096
0.002116
-0.002721
-0.006419
-0.006825
-0.004397
-0.001805
0.000223
0.001575
0.000840
-0.002405
-0.006282
-0.007921
-0.005499
-0.000028
0.005844
0.010412
0.012459
0.010879
0.006483
0.001081
-0.004554
-0.009035
-0.009985
-0.007475
-0.003822
-0.000208
0.002687
0.003654
0.002834
0.001092
-0.001089
-0.002170
-0.001004
0.001230
0.003087
0.003757
0.002713
0.000390
-0.002653
-0.005634
-0.006816
-0.005943
-0.004335
-0.001950
0.001511
0.004721
0.006351
0.006305
0.005366
0.004384
0.003618
0.003147
0.002787
0.001712
-0.000564
-0.003756
-0.007072
-0.008967
-0.008183
-0.005298
-0.002130
0.000132
0.001686
0.002982
0.003735
0.003493
0.001952
-0.000492
-0.001926
-0.001559
-0.002366
-0.007824
-0.016885
-0.022180
-0.014863
0.003996
0.022510
0.032588
0.034168
0.027020
0.013265
0.001014
-0.004499
-0.005056
-0.004353
-0.005283
-0.008003
-0.009839
-0.010631
-0.013128
-0.016812
-0.018186
-0.015917
-0.010261
-0.001092
0.009690
0.017601
0.019132
0.014244
0.006511
0.000493
-0.002437
-0.003409
-0.002467
-0.000018
0.001505
0.001141
0.000061
-0.001719
-0.004558
-0.006982
-0.007071
-0.003984
0.001615
0.007388
0.010964
0.011372
0.008429
0.002723
-0.003658
-0.007811
-0.007891
-0.004796
-0.000950
0.002908
0.006499
0.007381
0.004250
-0.000750
-0.005265
-0.007927
-0.007741
-0.005071
-0.001327
0.001661
0.001974
-0.000371
-0.003281
-0.004929
-0.004625
-0.002593
0.000533
0.004091
0.006832
0.007695
0.007105
0.005638
0.003338
0.001070
-0.000011
0.000203
0.000963
0.001173
0.000139
-0.001950
-0.004498
-0.006517
-0.006733
-0.004919
-0.002263
0.000145
0.001999
0.002860
0.002239
0.000303
-0.002580
-0.005279
-0.005797
-0.004696
-0.006369
-0.013594
-0.020534
-0.015396
0.003879
0.024073
0.034215
0.034796
0.027591
0.014647
0.003280
-0.001012
0.000289
0.002248
-0.000220
-0.007256
-0.013188
-0.015858
-0.018841
-0.022374
-0.022458
-0.017964
-0.010601
-0.001135
0.009113
0.016264
0.016717
0.010985
0.003984
0.000753
0.001527
0.003329
0.004982
0.005992
0.004363
0.000133
-0.003924
-0.006576
-0.008262
-0.008642
-0.006958
-0.002815
0.003080
0.008120
0.009882
0.008325
0.004650
0.000117
-0.003436
-0.003977
-0.001245
0.002700
0.005831
0.007310
0.006172
0.002074
-0.003231
-0.007372
-0.009112
-0.008584
-0.006630
-0.003911
-0.001608
-0.001391
-0.003140
-0.005079
-0.005638
-0.003808
0.000067
0.004379
0.008024
0.010091
0.009608
0.007156
0.004287
0.001930
0.000680
0.000771
0.001687
0.002481
0.002028
-0.000086
-0.002927
-0.005337
-0.006535
-0.005879
-0.003639
-0.001239
0.000160
0.000570
0.000284
-0.001049
-0.003313
-0.005112
-0.005415
-0.004425
-0.002853
-0.002342
-0.005416
-0.012272
-0.016513
-0.008695
0.010346
0.027336
0.033120
0.029524
0.020301
0.009369
0.002201
0.000418
0.001518
0.002020
-0.001889
-0.009452
-0.015093
-0.017781
-0.020653
-0.022299
-0.018996
-0.011117
-0.001432
0.007736
0.014013
0.015009
0.009977
0.002013
-0.003032
-0.002353
0.001444
0.004840
0.006232
0.004673
0.000431
-0.004149
-0.006966
-0.007636
-0.006471
-0.004022
-0.000693
0.003478
0.007379
0.008904
0.007548
0.004752
0.001743
-0.000917
-0.001958
0.000094
0.004339
0.007686
0.008003
0.005094
-0.000047
-0.005376
-0.008854
-0.009633
-0.008212
-0.006121
-0.004636
-0.004034
-0.004322
-0.005156
-0.005728
-0.005311
-0.003046
0.001224
0.005886
0.009175
0.010374
0.009095
0.005855
0.002639
0.001167
0.001539
0.002799
0.003870
0.003836
0.002047
-0.001155
-0.004166
-0.005508
-0.005047
-0.003639
-0.002156
-0.000813
0.000405
0.000892
0.000002
-0.002029
-0.004288
-0.005419
-0.004628
-0.003315
-0.003363
-0.004479
-0.006992
-0.013329
-0.020041
-0.015644
0.003495
0.024387
0.033963
0.032329
0.024667
0.014425
0.005853
0.002761
0.005214
0.008751
0.006479
-0.002773
-0.011909
-0.016944
-0.021241
-0.025222
-0.024441
-0.018147
-0.009894
-0.002026
0.004619
0.008190
0.006654
0.001488
-0.001724
0.000840
0.006728
0.011234
0.012556
0.010755
0.005997
-0.000100
-0.004734
-0.006347
-0.005436
-0.003613
-0.001851
0.000302
0.002475
0.002725
0.000999
-0.000624
-0.001533
-0.001682
0.000471
0.004705
0.008004
0.008953
0.008325
0.006088
0.002083
-0.002401
-0.005541
-0.006345
-0.005882
-0.006194
-0.007213
-0.007885
-0.008776
-0.009952
-0.009755
-0.007258
-0.003010
0.001713
0.005674
0.008626
0.010260
0.009723
0.007800
0.006470
0.006266
0.006512
0.006510
0.005640
0.003548
0.000216
-0.003600
-0.006223
-0.006642
-0.005461
-0.003874
-0.002729
-0.002186
-0.002009
-0.002234
-0.002735
-0.002995
-0.003198
-0.004066
-0.005503
-0.006551
-0.006483
-0.006911
-0.011611
-0.018592
-0.016044
0.002360
0.024521
0.035299
0.033727
0.025406
0.013875
0.004486
0.002855
0.008597
0.014879
0.012635
0.000036
-0.013658
-0.021227
-0.025177
-0.026930
-0.023329
-0.015626
-0.008645
-0.003569
0.000554
0.002732
0.001376
-0.002183
-0.003134
0.001919
0.010134
0.015728
0.016161
0.012022
0.004740
-0.002580
-0.005900
-0.004075
0.000077
0.002728
0.002362
0.000473
-0.001244
-0.002776
-0.003567
-0.002314
-0.000258
0.000395
0.000694
0.002528
0.004703
0.005355
0.004832
0.004052
0.003046
0.001725
0.000330
-0.000801
-0.001901
-0.004062
-0.007356
-0.009854
-0.010359
-0.009788
-0.008814
-0.007057
-0.004583
-0.002015
0.000417
0.003071
0.006001
0.008230
0.009160
0.009654
0.010258
0.010378
0.009569
0.007563
0.004141
0.000076
-0.003269
-0.005112
-0.005351
-0.004758
-0.004731
-0.005537
-0.005899
-0.005146
-0.003932
-0.002749
-0.001823
-0.001633
-0.002137
-0.003038
-0.004357
-0.005353
-0.005107
-0.004832
-0.007385
-0.012476
-0.012223
0.000980
0.019792
0.029054
0.026492
0.019459
0.011251
0.004859
0.005033
0.010715
0.015629
0.012986
0.000563
-0.013483
-0.019814
-0.020420
-0.019736
-0.016230
-0.010962
-0.008311
-0.007701
-0.006236
-0.004190
-0.003064
-0.003027
-0.002038
0.002565
0.009325
0.013219
0.012148
0.008094
0.003271
-0.000394
-0.000680
0.002384
0.005476
0.005199
0.001309
-0.003207
-0.005148
-0.004292
-0.002187
0.000409
0.002053
0.001003
-0.000769
-0.000213
0.001593
0.002909
0.004344
0.005465
0.005228
0.003958
0.001632
-0.001166
-0.002988
-0.004740
-0.007128
-0.008018
-0.007320
-0.007378
-0.008110
-0.008111
-0.007060
-0.004794
-0.001455
0.002393
0.006070
0.008239
0.008488
0.008347
0.008834
0.009556
0.009730
0.008220
0.004740
0.000770
-0.002256
-0.003849
-0.003967
-0.003523
-0.003727
-0.004418
-0.004739
-0.004543
-0.004100
-0.003581
-0.003004
-0.002384
-0.002315
-0.003582
-0.005655
-0.006681
-0.005587
-0.004221
-0.006400
-0.011240
-0.009639
0.003767
0.019170
0.024213
0.020224
0.014559
0.009361
0.005931
0.007547
0.013719
0.017959
0.012719
-0.001455
-0.013976
-0.017591
-0.016154
-0.014054
-0.010965
-0.008631
-0.009614
-0.011567
-0.010851
-0.007471
-0.004015
-0.002394
-0.001150
0.002462
0.007150
0.009149
0.008025
0.005875
0.003782
0.002626
0.003704
0.006348
0.007468
0.004735
-0.000404
-0.003924
-0.003783
-0.001611
0.000325
0.001028
0.000104
-0.001712
-0.002447
-0.001061
0.001795
0.004698
0.005839
0.004533
0.002403
0.001003
0.000083
-0.000869
-0.002079
-0.003796
-0.005448
-0.006386
-0.007123
-0.007908
-0.008124
-0.007724
-0.006753
-0.004482
-0.000871
0.002809
0.005348
0.006464
0.006862
0.007598
0.008912
0.009993
0.009600
0.006999
0.003161
0.000316
-0.000548
-0.000654
-0.001422
-0.002874
-0.004354
-0.005406
-0.005537
-0.004395
-0.002662
-0.001725
-0.002162
-0.003341
-0.004488
-0.005500
-0.006285
-0.005915
-0.004069
-0.003233
-0.006472
-0.011019
-0.008061
0.005228
0.018265
0.020730
0.015996
0.011466
0.007874
0.005740
0.008647
0.015468
0.018553
0.011550
-0.002579
-0.013169
-0.014615
-0.011629
-0.008820
-0.006350
-0.006179
-0.010130
-0.014352
-0.014058
-0.009570
-0.004780
-0.002496
-0.001614
0.000467
0.003223
0.004545
0.004765
0.004999
0.004920
0.004717
0.005610
0.007242
0.007288
0.004546
0.000844
-0.001043
-0.000469
0.000994
0.001762
0.001289
-0.000594
-0.003210
-0.004138
-0.001622
0.002570
0.005127
0.004837
0.002867
0.000827
-0.000519
-0.000973
-0.000499
-0.000183
-0.001787
-0.004897
-0.007249
-0.008088
-0.008128
-0.007588
-0.006489
-0.005044
-0.003289
-0.001335
0.000760
0.002972
0.004778
0.005989
0.007402
0.009257
0.010300
0.009148
0.005960
0.002615
0.000918
0.000698
0.000618
0.000104
-0.000866
-0.002524
-0.004432
-0.005102
-0.003806
-0.001876
-0.001320
-0.002628
-0.004518
-0.005748
-0.006412
-0.006749
-0.005977
-0.004109
-0.003782
-0.007492
-0.011704
-0.007765
0.005505
0.016411
0.016572
0.012050
0.009864
0.008591
0.007763
0.010811
0.016460
0.017566
0.009350
-0.003591
-0.010864
-0.009381
-0.005827
-0.004341
-0.003883
-0.005870
-0.011337
-0.015604
-0.014230
-0.008703
-0.003891
-0.002795
-0.003578
-0.002959
-0.001282
0.000043
0.002051
0.004781
0.005994
0.005416
0.005065
0.005613
0.005799
0.004569
0.002689
0.001972
0.002644
0.003057
0.002268
0.000737
-0.000884
-0.001779
-0.001050
0.001142
0.003349
0.003948
0.002459
0.000103
-0.001282
-0.001016
0.000028
0.000430
-0.000759
-0.003363
-0.006062
-0.007587
-0.007777
-0.007057
-0.005926
-0.005049
-0.004606
-0.003975
-0.002685
-0.000754
0.001615
0.003881
0.005614
0.007069
0.008350
0.008823
0.007956
0.005973
0.003896
0.002870
0.002676
0.002020
0.000639
-0.000740
-0.001987
-0.003138
-0.003447
-0.002443
-0.001129
-0.001249
-0.003202
-0.005286
-0.005948
-0.005747
-0.005720
-0.005537
-0.004779
-0.005104
-0.008651
-0.012043
-0.007234
0.005368
0.013814
0.012242
0.008149
0.007248
0.007275
0.007746
0.011537
0.017300
0.018167
0.009434
-0.003299
-0.008952
-0.005713
-0.001434
-0.000268
-0.001127
-0.004767
-0.011112
-0.015302
-0.013162
-0.006697
-0.002133
-0.003077
-0.006434
-0.007438
-0.005766
-0.002950
0.000965
0.004771
0.005751
0.003761
0.001780
0.002121
0.004054
0.005335
0.005320
0.005121
0.004902
0.003702
0.001850
0.000730
0.000510
0.000542
0.001089
0.002370
0.003200
0.002502
0.000875
-0.000284
-0.000395
-0.000103
-0.000088
-0.000348
-0.001294
-0.003444
-0.005621
-0.006210
-0.005566
-0.005019
-0.005070
-0.005449
-0.005544
-0.004962
-0.003757
-0.001762
0.000863
0.002839
0.003597
0.004253
0.005508
0.006780
0.007302
0.006655
0.005135
0.003714
0.002920
0.002407
0.001736
0.000852
-0.000042
-0.000844
-0.001592
-0.002109
-0.002128
-0.001901
-0.002141
-0.003182
-0.004380
-0.004907
-0.004945
-0.005055
-0.005073
-0.005125
-0.006560
-0.009164
-0.008524
-0.001443
0.006896
0.009039
0.006391
0.005183
0.006232
0.007192
0.008783
0.012286
0.014809
0.011435
0.002570
-0.004200
-0.003527
0.000644
0.002232
0.000674
-0.002469
-0.006809
-0.010558
-0.010644
-0.006664
-0.002375
-0.002137
-0.005569
-0.008158
-0.007545
-0.005038
-0.001830
0.001427
0.003055
0.002075
0.000042
-0.000474
0.001400
0.004030
0.005387
0.005316
0.004674
0.003575
0.002074
0.001202
0.001758
0.002951
0.003390
0.002868
0.002157
0.001636
0.001186
0.000969
0.001248
0.001552
0.001005
-0.000404
-0.001837
-0.002874
-0.003743
-0.004525
-0.005009
-0.005157
-0.005236
-0.005379
-0.005273
-0.004640
-0.003746
-0.002845
-0.001628
0.000037
0.001611
0.002724
0.003681
0.004806
0.005818
0.006008
0.005079
0.003714
0.002889
0.002733
0.002535
0.001844
0.001079
0.000666
0.000208
-0.000589
-0.001025
-0.000661
-0.000341
-0.000994
-0.002396
-0.003540
-0.003978
-0.004364
-0.004961
-0.004932
-0.004605
-0.006009
-0.008628
-0.007825
-0.001767
0.004015
0.004703
0.003453
0.004595
0.006537
0.006694
0.006953
0.009694
0.012080
0.009152
0.002203
-0.001683
0.000156
0.002887
0.002646
0.000746
-0.001367
-0.004312
-0.007261
-0.007534
-0.004685
-0.002172
-0.003235
-0.006377
-0.007770
-0.006605
-0.004540
-0.002265
-0.000082
0.000700
-0.000479
-0.001922
-0.001397
0.001169
0.003621
0.004394
0.004180
0.003959
0.003310
0.002142
0.001846
0.002989
0.003981
0.003469
0.002190
0.001492
0.001492
0.001489
0.001378
0.001617
0.001839
0.001053
-0.000486
-0.001491
-0.001673
-0.001883
-0.002605
-0.003471
-0.004126
-0.004740
-0.005311
-0.005285
-0.004485
-0.003528
-0.002851
-0.002153
-0.001141
-0.000068
0.000898
0.002080
0.003567
0.004776
0.005110
0.004616
0.003813
0.003113
0.002649
0.002355
0.001931
0.001114
0.000190
-0.000277
-0.000253
-0.000114
0.000047
0.000235
0.000052
-0.000876
-0.002109
-0.002796
-0.002892
-0.003092
-0.003539
-0.003840
-0.004519
-0.006452
-0.007988
-0.005957
-0.001146
0.002053
0.002586
0.003380
0.005238
0.005974
0.005245
0.005700
0.008264
0.009382
0.006143
0.001596
0.000381
0.001853
0.002405
0.001412
0.000345
-0.000935
-0.003131
-0.004989
-0.004644
-0.002768
-0.002281
-0.004198
-0.006044
-0.005784
-0.004319
-0.002991
-0.001870
-0.001081
-0.001190
-0.001933
-0.002049
-0.000741
0.001190
0.002288
0.002438
0.002664
0.003049
0.002855
0.002314
0.002287
0.002725
0.002846
0.002342
0.001759
0.001690
0.001886
0.001817
0.001673
0.001724
0.001460
0.000565
-0.000288
-0.000508
-0.000469
-0.000823
-0.001667
-0.002658
-0.003523
-0.004140
-0.004312
-0.003996
-0.003587
-0.003367
-0.002979
-0.002066
-0.000973
-0.000193
0.000352
0.001026
0.001855
0.002530
0.002876
0.003006
0.002948
0.002556
0.001998
0.001741
0.001783
0.001589
0.001061
0.000756
0.000861
0.000870
0.000500
0.000116
0.000015
-0.000106
-0.000616
-0.001334
-0.001846
-0.002145
-0.002567
-0.003180
-0.003825
-0.004685
-0.005621
-0.005420
-0.003494
-0.001140
0.000575
0.002155
0.003826
0.004588
0.004001
0.003555
0.004878
0.006725
0.006146
0.003203
0.001171
0.001459
0.002184
0.001985
0.001384
0.000595
-0.000833
-0.002458
-0.003004
-0.002209
-0.001648
-0.002644
-0.004199
-0.004613
-0.003934
-0.003179
-0.002589
-0.002018
-0.001768
-0.001991
-0.002127
-0.001571
-0.000494
0.000399
0.000969
0.001730
0.002559
0.002697
0.002195
0.001875
0.002039
0.002323
0.002428
0.002318
0.002081
0.001836
0.001624
0.001526
0.001622
0.001570
0.000974
0.000220
-0.000036
0.000054
-0.000129
-0.000740
-0.001503
-0.002217
-0.002866
-0.003351
-0.003409
-0.003022
-0.002628
-0.002501
-0.002351
-0.001883
-0.001224
-0.000577
0.000022
0.000547
0.000936
0.001229
0.001551
0.001902
0.002088
0.002015
0.001834
0.001691
0.001559
0.001431
0.001407
0.001461
0.001330
0.000853
0.000294
0.000078
0.000204
0.000248
-0.000085
-0.000690
-0.001314
-0.001821
-0.002251
-0.002610
-0.002757
-0.002791
-0.003184
-0.004011
-0.004511
-0.003782
-0.001641
0.001142
0.003353
0.004205
0.003691
0.002551
0.002256
0.003644
0.005215
0.004792
0.002732
0.001138
0.000771
0.000996
0.001374
0.001613
0.001167
-0.000098
-0.001462
-0.001998
-0.001676
-0.001547
-0.002286
-0.003178
-0.003366
-0.003052
-0.002736
-0.002413
-0.001989
-0.001617
-0.001451
-0.001356
-0.000984
-0.000285
0.000390
0.000880
0.001298
0.001481
0.001208
0.000793
0.000763
0.001241
0.001837
0.001964
0.001548
0.001210
0.001318
0.001594
0.001816
0.001911
0.001591
0.000865
0.000344
0.000347
0.000463
0.000279
-0.000178
-0.000747
-0.001311
-0.001770
-0.002057
-0.002204
-0.002327
-0.002432
-0.002402
-0.002204
-0.001866
-0.001373
-0.000805
-0.000343
-0.000024
0.000255
0.000533
0.000806
0.001089
0.001342
0.001506
0.001584
0.001568
0.001441
0.001280
0.001162
0.001056
0.000897
0.000676
0.000425
0.000190
0.000077
0.000195
0.000443
0.000497
0.000148
-0.000490
-0.001189
-0.001824
-0.002274
-0.002433
-0.002520
-0.003114
-0.004298
-0.004833
-0.003250
-0.000060
0.002542
0.003333
0.002778
0.001651
0.000964
0.001995
0.004202
0.005035
0.003488
0.001422
0.000659
0.001174
0.002117
0.002683
0.002227
0.000719
-0.000975
-0.001791
-0.001530
-0.001124
-0.001518
-0.002433
-0.002963
-0.002944
-0.002720
-0.002318
-0.001727
-0.001301
-0.001359
-0.001688
-0.001768
-0.001443
-0.000912
-0.000163
0.000784
0.001332
0.001035
0.000442
0.000410
0.001066
0.001900
0.002390
0.002383
0.002108
0.001835
0.001691
0.001749
0.001842
0.001580
0.000965
0.000502
0.000416
0.000388
0.000169
-0.000188
-0.000657
-0.001212
-0.001627
-0.001721
-0.001715
-0.001982
-0.002434
-0.002596
-0.002327
-0.001954
-0.001677
-0.001344
-0.000870
-0.000445
-0.000166
0.000139
0.000565
0.000951
0.001205
0.001503
0.001935
0.002222
0.002100
0.001726
0.001366
0.001030
0.000715
0.000540
0.000484
0.000390
0.000254
0.000189
0.000175
0.000048
-0.000243
-0.000569
-0.000858
-0.001194
-0.001601
-0.001962
-0.002154
-0.002221
-0.002558
-0.003494
-0.004246
-0.003298
-0.000546
0.002205
0.003432
0.003120
0.001875
0.000731
0.001262
0.003527
0.005058
0.004079
0.001907
0.000591
0.000545
0.001261
0.002107
0.002194
0.001043
-0.000614
-0.001523
-0.001320
-0.000875
-0.001136
-0.001953
-0.002584
-0.002834
-0.002841
-0.002509
-0.001965
-0.001723
-0.001910
-0.002058
-0.001833
-0.001413
-0.000962
-0.000255
0.000723
0.001384
0.001326
0.000994
0.000991
0.001330
0.001796
0.002200
0.002130
0.001489
0.000952
0.001059
0.001535
0.001810
0.001583
0.000977
0.000460
0.000415
0.000680
0.000757
0.000397
-0.000268
-0.000939
-0.001333
-0.001410
-0.001444
-0.001722
-0.002189
-0.002461
-0.002315
-0.001994
-0.001776
-0.001555
-0.001160
-0.000647
-0.000091
0.000483
0.000915
0.001061
0.001073
0.001186
0.001415
0.001627
0.001690
0.001547
0.001255
0.000923
0.000601
0.000290
0.000036
-0.000094
-0.000106
-0.000052
0.000045
0.000169
0.000239
0.000139
-0.000123
-0.000426
-0.000752
-0.001155
-0.001545
-0.001741
-0.001724
-0.001816
-0.002506
-0.003630
-0.003870
-0.002110
0.000833
0.002992
0.003409
0.002501
0.001213
0.000838
0.002167
0.003971
0.004113
0.002494
0.000919
0.000487
0.000964
0.001770
0.002171
0.001528
0.000116
-0.001055
-0.001362
-0.001129
-0.001147
-0.001719
-0.002362
-0.002657
-0.002701
-0.002542
-0.002158
-0.001865
-0.001855
-0.001822
-0.001533
-0.001127
-0.000683
-0.000056
0.000690
0.001139
0.001093
0.000881
0.000855
0.001019
0.001345
0.001794
0.001991
0.001660
0.001235
0.001274
0.001644
0.001837
0.001602
0.001015
0.000423
0.000244
0.000430
0.000459
0.000063
-0.000520
-0.001033
-0.001397
-0.001570
-0.001647
-0.001842
-0.002139
-0.002188
-0.001798
-0.001285
-0.000999
-0.000865
-0.000692
-0.000470
-0.000175
0.000246
0.000665
0.000876
0.000887
0.000921
0.001084
0.001210
0.001111
0.000893
0.000782
0.000711
0.000512
0.000336
0.000347
0.000348
0.000190
0.000093
0.000262
0.000521
0.000560
0.000349
0.000063
-0.000231
-0.000533
-0.000808
-0.001106
-0.001519
-0.001904
-0.001925
-0.001595
-0.001620
-0.002449
-0.003111
-0.002163
0.000208
0.002318
0.003007
0.002353
0.001082
0.000462
0.001553
0.003458
0.003967
0.002598
0.001001
0.000398
0.000650
0.001317
0.001838
0.001391
-0.000060
-0.001326
-0.001425
-0.000853
-0.000769
-0.001412
-0.002081
-0.002349
-0.002358
-0.002131
-0.001625
-0.001264
-0.001410
-0.001620
-0.001330
-0.000791
-0.000504
-0.000265
0.000336
0.000989
0.001118
0.000841
0.000706
0.000849
0.000993
0.001008
0.000999
0.001056
0.001206
0.001413
0.001569
0.001557
0.001319
0.000966
0.000746
0.000728
0.000697
0.000479
0.000131
-0.000237
-0.000546
-0.000739
-0.000905
-0.001216
-0.001650
-0.001986
-0.002024
-0.001775
-0.001444
-0.001189
-0.001025
-0.000944
-0.000847
-0.000516
0.000013
0.000352
0.000361
0.000370
0.000592
0.000828
0.000915
0.000943
0.000938
0.000774
0.000511
0.000456
0.000702
0.000961
0.000970
0.000781
0.000604
0.000541
0.000543
0.000533
0.000391
-0.000005
-0.000509
-0.000781
-0.000755
-0.000717
-0.000875
-0.001177
-0.001481
-0.001629
-0.001555
-0.001510
-0.001897
-0.002597
-0.002700
-0.001433
0.000710
0.002391
0.002823
0.002189
0.001248
0.001038
0.002051
0.003310
0.003327
0.002096
0.000940
0.000630
0.000907
0.001320
0.001413
0.000753
-0.000428
-0.001223
-0.001162
-0.000858
-0.001116
-0.001789
-0.002162
-0.002084
-0.001881
-0.001633
-0.001329
-0.001192
-0.001291
-0.001340
-0.001172
-0.000928
-0.000659
-0.000222
0.000336
0.000696
0.000697
0.000483
0.000240
0.000155
0.000518
0.001339
0.002029
0.002065
0.001687
0.001477
0.001598
0.001736
0.001549
0.001000
0.000317
-0.000206
-0.000345
-0.000142
0.000043
-0.000081
-0.000416
-0.000734
-0.001000
-0.001229
-0.001361
-0.001430
-0.001554
-0.001654
-0.001516
-0.001215
-0.000996
-0.000865
-0.000696
-0.000461
-0.000136
0.000276
0.000631
0.000791
0.000825
0.000888
0.000950
0.000848
0.000674
0.000761
0.001059
0.001072
0.000659
0.000307
0.000394
0.000715
0.000868
0.000696
0.000256
-0.000280
-0.000617
-0.000588
-0.000415
-0.000439
-0.000705
-0.000998
-0.001089
-0.000886
-0.000518
-0.000280
-0.000420
-0.000962
-0.001686
-0.002289
-0.002469
-0.001955
-0.000718
0.000796
0.001853
0.002028
0.001641
0.001399
0.001667
0.002248
0.002628
0.002352
0.001526
0.000830
0.000743
0.001030
0.001174
0.000920
0.000327
-0.000277
-0.000535
-0.000528
-0.000683
-0.001154
-0.001694
-0.002021
-0.002025
-0.001768
-0.001421
-0.001165
-0.001098
-0.001184
-0.001263
-0.001178
-0.000920
-0.000573
-0.000171
0.000192
0.000315
0.000163
0.000047
0.000324
0.000962
0.001536
0.001712
0.001575
0.001449
0.001611
0.002029
0.002221
0.001749
0.000925
0.000420
0.000349
0.000346
0.000193
-0.000144
-0.000646
-0.001107
-0.001259
-0.001184
-0.001271
-0.001646
-0.001969
-0.001943
-0.001678
-0.001377
-0.001044
-0.000684
-0.000398
-0.000165
0.000110
0.000350
0.000442
0.000455
0.000479
0.000474
0.000449
0.000545
0.000769
0.000919
0.000895
0.000817
0.000747
0.000627
0.000546
0.000656
0.000796
0.000683
0.000388
0.000207
0.000175
0.000064
-0.000210
-0.000476
-0.000590
-0.000612
-0.000633
-0.000665
-0.000754
-0.000939
-0.001081
-0.000979
-0.000608
-0.000164
0.000059
-0.000122
-0.000685
-0.001438
-0.001987
-0.001781
-0.000577
0.001072
0.002151
0.002112
0.001334
0.000730
0.000966
0.001846
0.002438
0.002079
0.001085
0.000262
0.000109
0.000576
0.001074
0.000851
-0.000104
-0.000917
-0.000975
-0.000653
-0.000601
-0.000948
-0.001382
-0.001595
-0.001492
-0.001159
-0.000794
-0.000664
-0.000872
-0.001156
-0.001188
-0.000951
-0.000623
-0.000324
-0.000117
0.000002
0.000193
0.000597
0.001009
0.001102
0.000930
0.000833
0.000999
0.001407
0.001849
0.001900
0.001366
0.000716
0.000538
0.000745
0.000807
0.000469
-0.000060
-0.000453
-0.000573
-0.000466
-0.000326
-0.000470
-0.000957
-0.001393
-0.001444
-0.001226
-0.001002
-0.000888
-0.000930
-0.001103
-0.001196
-0.000998
-0.000625
-0.000366
-0.000271
-0.000160
0.000075
0.000364
0.000587
0.000681
0.000684
0.000730
0.000906
0.001075
0.001040
0.000850
0.000720
0.000730
0.000803
0.000873
0.000888
0.000723
0.000315
-0.000116
-0.000289
-0.000267
-0.000314
-0.000461
-0.000579
-0.000698
-0.000848
-0.000865
-0.000706
-0.000594
-0.000659
-0.000755
-0.000696
-0.000452
-0.000139
0.000054
-0.000070
-0.000552
-0.001193
-0.001629
-0.001462
-0.000516
0.000810
0.001749
0.001905
0.001545
0.001200
0.001273
0.001774
0.002141
0.001755
0.000830
0.000190
0.000177
0.000438
0.000562
0.000383
-0.000064
-0.000540
-0.000737
-0.000609
-0.000443
-0.000548
-0.000935
-0.001313
-0.001420
-0.001276
-0.001032
-0.000858
-0.000925
-0.001178
-0.001366
-0.001423
-0.001393
-0.001011
-0.000022
0.001095
0.001511
0.001135
0.000650
0.000569
0.000835
0.001171
0.001285
0.000964
0.000506
0.000568
0.001197
0.001664
0.001438
0.000739
0.000125
-0.000005
0.000372
0.000781
0.000574
-0.000268
-0.001008
-0.001113
-0.000870
-0.000831
-0.001144
-0.001605
-0.001927
-0.001834
-0.001334
-0.000879
-0.000816
-0.000878
-0.000621
-0.000089
0.000305
0.000389
0.000317
0.000246
0.000281
0.000537
0.000936
0.001151
0.001027
0.000834
0.000835
0.000959
0.001038
0.000997
0.000777
0.000429
0.000239
0.000391
0.000551
0.000313
-0.000145
-0.000415
-0.000542
-0.000779
-0.000998
-0.000947
-0.000742
-0.000620
-0.000595
-0.000662
-0.000848
-0.000975
-0.000784
-0.000380
-0.000170
-0.000296
-0.000457
-0.000384
-0.000217
-0.000266
-0.000545
-0.000874
-0.001229
-0.001376
-0.000554
0.001505
0.003732
0.004758
0.004222
0.002679
0.001152
0.000757
0.001573
0.002131
0.001178
-0.000608
-0.001678
-0.001533
-0.000781
-0.000215
-0.000411
-0.001419
-0.002390
-0.002291
-0.001296
-0.000658
-0.001017
-0.001767
-0.002133
-0.001908
-0.001189
-0.000352
-0.000108
-0.000736
-0.001390
-0.000921
0.000633
0.002016
0.002319
0.001841
0.001303
0.001101
0.001388
0.001931
0.001944
0.001080
0.000305
0.000620
0.001502
0.001753
0.001098
0.000072
-0.000749
-0.000958
-0.000561
-0.000219
-0.000585
-0.001385
-0.001752
-0.001420
-0.000951
-0.000846
-0.001076
-0.001463
-0.001812
-0.001750
-0.001153
-0.000529
-0.000323
-0.000255
0.000105
0.000617
0.000885
0.000912
0.000921
0.000900
0.000815
0.000844
0.001042
0.001167
0.001094
0.000993
0.000959
0.000860
0.000683
0.000555
0.000408
0.000084
-0.000315
-0.000511
-0.000426
-0.000233
-0.000106
-0.000126
-0.000305
-0.000545
-0.000725
-0.000856
-0.000989
-0.001050
-0.000972
-0.000879
-0.000880
-0.000809
-0.000497
-0.000135
-0.000015
-0.000064
0.000038
0.000354
0.000595
0.000583
0.000500
0.000517
0.000562
0.000558
0.000558
0.000567
0.000474
0.000258
0.000094
0.000155
0.000367
0.000493
0.000414
0.000197
-0.000044
-0.000173
-0.000112
-0.000005
-0.000045
-0.000192
-0.000286
-0.000265
-0.000160
-0.000040
0.000020
-0.000003
-0.000055
-0.000076
-0.000049
-0.000006
-0.000007
-0.000055
-0.000128
-0.000258
-0.000389
-0.000337
-0.000102
0.000041
-0.000051
-0.000136
0.000009
0.000195
0.000179
0.000073
0.000054
0.000050
-0.000029
-0.000056
0.000034
0.000050
-0.000103
-0.000214
-0.000133
0.000015
0.000100
0.000148
0.000207
0.000233
0.000208
0.000168
0.000093
-0.000012
-0.000049
-0.000011
-0.000010
-0.000050
-0.000050
-0.000060
-0.000160
-0.000252
-0.000226
-0.000157
-0.000123
-0.000101
-0.000090
-0.000119
-0.000147
-0.000090
0.000027
0.000021
-0.000183
-0.000346
-0.000246
0.000018
0.000234
0.000319
0.000271
0.000157
0.000129
0.000238
0.000346
0.000328
0.000182
-0.000011
-0.000106
-0.000026
0.000101
0.000097
-0.000015
-0.000087
-0.000062
-0.000011
-0.000016
-0.000076
-0.000102
-0.000050
-0.000004
-0.000032
-0.000078
-0.000084
-0.000072
-0.000050
-0.000030
-0.000089
-0.000204
-0.000178
0.000042
0.000224
0.000179
0.000019
-0.000058
-0.000051
-0.000027
0.000044
0.000127
0.000092
-0.000029
-0.000062
0.000029
0.000134
0.000153
0.000041
-0.000174
-0.000312
-0.000147
0.000305
0.000641
0.000488
0.000056
-0.000155
-0.000065
0.000064
0.000115
0.000102
-0.000007
-0.000148
-0.000130
0.000034
0.000086
-0.000056
-0.000178
-0.000140
-0.000026
0.000067
0.000107
0.000087
0.000064
0.000097
0.000099
-0.000033
-0.000211
-0.000286
-0.000280
-0.000297
-0.000326
-0.000266
-0.000114
-0.000015
-0.000076
-0.000178
-0.000147
-0.000019
0.000046
0.000047
0.000084
0.000162
0.000217
0.000237
0.000244
0.000228
0.000166
0.000075
-0.000017
-0.000073
-0.000027
0.000098
0.000133
0.000007
-0.000114
-0.000082
0.000020
0.000027
-0.000089
-0.000248
-0.000380
-0.000366
-0.000106
0.000238
0.000332
0.000102
-0.000182
-0.000286
-0.000194
0.000015
0.000169
0.000101
-0.000062
-0.000048
0.000111
0.000159
0.000067
0.000016
0.000056
0.000089
0.000091
0.000104
0.000121
0.000112
0.000103
0.000118
0.000121
0.000077
0.000035
0.000039
0.000026
-0.000054
-0.000142
-0.000176
-0.000173
-0.000197
-0.000232
-0.000144
0.000090
0.000247
0.000153
-0.000082
-0.000278
-0.000362
-0.000256
0.000027
0.000229
0.000188
0.000103
0.000125
0.000094
-0.000044
-0.000080
0.000060
0.000161
0.000098
0.000015
0.000026
0.000031
-0.000023
-0.000039
-0.000016
-0.000029
0.000004
0.000180
0.000379
0.000422
0.000293
0.000111
-0.000013
-0.000062
-0.000088
-0.000139
-0.000225
-0.000298
-0.000275
-0.000163
-0.000096
-0.000127
-0.000136
-0.000026
0.000092
0.000084
-0.000000
-0.000060
-0.000095
-0.000102
-0.000054
0.000006
0.000001
-0.000079
-0.000169
-0.000183
-0.000107
-0.000004
0.000044
0.000009
-0.000019
0.000076
0.000220
0.000205
0.000043
0.000032
0.000286
0.000523
0.000521
0.000396
0.000326
0.000266
0.000098
-0.000111
-0.000234
-0.000281
-0.000311
-0.000342
-0.000398
-0.000462
-0.000453
-0.000356
-0.000270
-0.000243
-0.000184
-0.000036
0.000081
0.000053
-0.000043
-0.000091
-0.000081
-0.000017
0.000090
0.000125
0.000025
-0.000085
-0.000051
0.000124
0.000304
0.000398
0.000418
0.000361
0.000224
0.000120
0.000125
0.000154
0.000132
0.000098
0.000084
0.000056
-0.000000
-0.000027
-0.000003
-0.000005
-0.000069
-0.000162
-0.000239
-0.000261
-0.000253
-0.000268
-0.000286
-0.000272
-0.000222
-0.000115
0.000067
0.000247
0.000304
0.000232
0.000153
0.000154
0.000204
0.000228
0.000182
0.000069
-0.000056
-0.000125
-0.000230
-0.000566
-0.000997
-0.001008
-0.000363
0.000534
0.001100
0.001138
0.000855
0.000628
0.000702
0.000847
0.000572
-0.000102
-0.000597
-0.000581
-0.000315
-0.000211
-0.000402
-0.000730
-0.000917
-0.000755
-0.000310
0.000076
0.000130
-0.000038
-0.000092
0.000095
0.000285
0.000207
-0.000074
-0.000281
-0.000301
-0.000248
-0.000224
-0.000217
-0.000164
-0.000006
0.000225
0.000415
0.000523
0.000561
0.000509
0.000364
0.000234
0.000229
0.000304
0.000333
0.000291
0.000220
0.000098
-0.000079
-0.000221
-0.000280
-0.000318
-0.000366
-0.000369
-0.000293
-0.000208
-0.000194
-0.000242
-0.000299
-0.000317
-0.000254
-0.000120
-0.000024
-0.000059
-0.000183
-0.000243
-0.000105
0.000138
0.000232
0.000125
0.000034
0.000086
0.000174
0.000184
0.000171
0.000214
0.000272
0.000288
0.000320
0.000409
0.000437
0.000310
0.000131
0.000034
0.000002
-0.000066
-0.000193
-0.000305
-0.000386
-0.000473
-0.000511
-0.000396
-0.000171
-0.000007
0.000032
0.000031
0.000061
0.000109
0.000137
0.000105
0.000030
0.000046
0.000219
0.000341
0.000190
-0.000097
-0.000180
-0.000009
0.000167
0.000212
0.000162
0.000030
-0.000118
-0.000127
0.000019
0.000136
0.000088
-0.000094
-0.000264
-0.000270
-0.000125
-0.000031
-0.000072
-0.000102
-0.000026
0.000053
0.000046
0.000022
0.000062
0.000110
0.000104
0.000074
0.000045
0.000005
-0.000041
-0.000091
-0.000129
-0.000151
-0.000179
-0.000187
-0.000098
0.000075
0.000183
0.000129
0.000055
0.000136
0.000265
0.000232
0.000070
-0.000059
-0.000125
-0.000183
-0.000226
-0.000224
-0.000197
-0.000180
-0.000170
-0.000118
0.000030
0.000227
0.000320
0.000254
0.000174
0.000200
0.000260
0.000214
0.000038
-0.000121
-0.000144
-0.000098
-0.000080
-0.000047
0.000022
0.000024
-0.000063
-0.000119
-0.000079
0.000001
0.000038
-0.000002
-0.000086
-0.000144
-0.000124
-0.000064
-0.000044
-0.000068
-0.000121
-0.000194
-0.000216
-0.000133
-0.000017
0.000045
0.000095
0.000216
0.000370
0.000432
0.000365
0.000218
0.000065
0.000000
0.000019
-0.000021
-0.000184
-0.000328
-0.000288
-0.000077
0.000110
0.000116
-0.000002
-0.000061
-0.000007
0.000059
0.000075
0.000048
-0.000036
-0.000151
-0.000181
-0.000067
0.000055
-0.000011
-0.000228
-0.000333
-0.000188
0.000076
0.000272
0.000327
0.000246
0.000110
0.000068
0.000167
0.000244
0.000135
-0.000080
-0.000180
-0.000084
0.000059
0.000069
-0.000038
-0.000132
-0.000171
-0.000153
-0.000068
-0.000017
-0.000099
-0.000167
-0.000004
0.000288
0.000442
0.000462
0.000472
0.000385
0.000115
-0.000146
-0.000202
-0.000151
-0.000188
-0.000316
-0.000434
-0.000504
-0.000493
-0.000364
-0.000204
-0.000161
-0.000210
-0.000169
0.000042
0.000293
0.000397
0.000300
0.000128
0.000029
0.000013
0.000009
0.000006
0.000016
0.000037
0.000091
0.000176
0.000230
0.000196
0.000097
0.000034
0.000081
0.000166
0.000119
-0.000082
-0.000230
-0.000175
-0.000002
0.000127
0.000139
0.000051
-0.000077
-0.000190
-0.000238
-0.000174
-0.000044
0.000019
-0.000037
-0.000101
-0.000068
0.000044
0.000154
0.000187
0.000110
-0.000005
-0.000014
0.000085
0.000139
0.000066
-0.000045
-0.000065
0.000002
0.000055
0.000025
-0.000091
-0.000217
-0.000231
-0.000128
-0.000024
0.000006
-0.000016
-0.000015
0.000072
0.000201
0.000254
0.000189
0.000035
-0.000121
-0.000163
-0.000083
-0.000015
-0.000030
-0.000062
-0.000049
0.000019
0.000113
0.000153
0.000084
-0.000014
-0.000004
0.000099
0.000136
0.000018
-0.000149
-0.000211
-0.000209
-0.000267
-0.000294
-0.000117
0.000154
0.000261
0.000159
0.000025
-0.000001
0.000040
0.000060
0.000073
0.000115
0.000161
0.000191
0.000203
0.000193
0.000171
0.000130
0.000035
-0.000079
-0.000133
-0.000178
-0.000302
-0.000406
