5600
-0.000055
-0.000184
-0.000208
-0.000185
-0.000147
-0.000082
-0.000011
0.000039
0.000083
0.000139
0.000179
0.000144
0.000050
0.000004
0.000054
0.000140
0.000184
0.000171
0.000165
0.000185
0.000148
0.000024
-0.000071
-0.000064
-0.000048
-0.000117
-0.000227
-0.000260
-0.000178
-0.000085
-0.000086
-0.000120
-0.000093
-0.000049
-0.000044
-0.000055
-0.000051
-0.000016
0.000068
0.000174
0.000218
0.000164
0.000107
0.000136
0.000168
0.000099
-0.000002
-0.000044
-0.000056
-0.000067
-0.000069
-0.000081
-0.000115
-0.000130
-0.000057
0.000094
0.000169
0.000064
-0.000111
-0.000200
-0.000186
-0.000119
-0.000033
0.000038
0.000077
0.000104
0.000133
0.000125
0.000059
0.000002
0.000001
0.000003
-0.000039
-0.000053
0.000028
0.000129
0.000144
0.000071
-0.000054
-0.000174
-0.000203
-0.000114
0.000035
0.000128
0.000101
0.000040
0.000038
0.000049
-0.000003
-0.000083
-0.000125
-0.000139
-0.000145
-0.000174
-0.000226
-0.000150
0.000146
0.000466
0.000570
0.000456
0.000293
0.000188
0.000110
-0.000002
-0.000149
-0.000283
-0.000331
-0.000288
-0.000233
-0.000234
-0.000297
-0.000358
-0.000314
-0.000149
0.000033
0.000141
0.000156
0.000102
0.000059
0.000081
0.000102
0.000069
0.000034
0.000028
0.000041
0.000099
0.000190
0.000222
0.000151
0.000051
0.000015
0.000049
0.000062
-0.000010
-0.000084
-0.000071
-0.000060
-0.000137
-0.000191
-0.000087
0.000067
0.000075
-0.000014
-0.000020
0.000046
0.000063
0.000066
0.000114
0.000104
-0.000013
-0.000108
-0.000107
-0.000044
0.000031
0.000054
0.000014
-0.000016
0.000001
0.000050
0.000106
0.000119
0.000052
-0.000034
-0.000031
0.000057
0.000098
0.000017
-0.000096
-0.000110
-0.000047
-0.000028
-0.000059
-0.000057
-0.000013
0.000011
-0.000028
-0.000116
-0.000174
-0.000167
-0.000177
-0.000219
-0.000158
0.000043
0.000212
0.000213
0.000152
0.000169
0.000205
0.000164
0.000112
0.000105
0.000084
0.000022
-0.000035
-0.000055
-0.000064
-0.000090
-0.000111
-0.000083
-0.000005
0.000049
0.000044
0.000037
0.000037
-0.000036
-0.000165
-0.000221
-0.000181
-0.000128
-0.000094
-0.000037
0.000063
0.000160
0.000158
0.000076
0.000081
0.000178
0.000160
-0.000024
-0.000167
-0.000133
-0.000044
-0.000041
-0.000075
-0.000088
-0.000109
-0.000110
-0.000022
0.000101
0.000130
0.000078
0.000068
0.000119
0.000132
0.000073
0.000002
-0.000025
-0.000008
0.000015
0.000029
0.000082
0.000163
0.000149
-0.000022
-0.000228
-0.000308
-0.000234
-0.000137
-0.000136
-0.000166
-0.000085
0.000111
0.000319
0.000402
0.000226
-0.000117
-0.000339
-0.000332
-0.000250
-0.000223
-0.000194
-0.000076
0.000068
0.000154
0.000246
0.000373
0.000390
0.000242
0.000117
0.000147
0.000210
0.000183
0.000133
0.000130
0.000117
0.000031
-0.000065
-0.000074
-0.000041
-0.000087
-0.000184
-0.000217
-0.000158
-0.000065
-0.000019
-0.000040
-0.000058
-0.000061
-0.000120
-0.000203
-0.000203
-0.000142
-0.000111
-0.000118
-0.000131
-0.000163
-0.000187
-0.000107
0.000082
0.000221
0.000246
0.000250
0.000274
0.000262
0.000189
0.000102
0.000051
0.000037
0.000027
0.000014
0.000009
0.000005
-0.000012
-0.000058
-0.000147
-0.000231
-0.000243
-0.000198
-0.000133
-0.000046
0.000054
0.000121
0.000096
0.000008
-0.000046
-0.000030
0.000034
0.000099
0.000093
0.000028
-0.000010
-0.000010
-0.000022
-0.000030
0.000014
0.000079
0.000089
0.000060
0.000068
0.000080
0.000023
-0.000030
-0.000013
-0.000018
-0.000083
-0.000102
-0.000055
-0.000040
-0.000073
-0.000091
-0.000057
0.000001
0.000030
0.000025
0.000022
0.000023
0.000002
-0.000024
-0.000006
0.000050
0.000093
0.000105
0.000071
0.000005
-0.000019
-0.000001
-0.000041
-0.000139
-0.000166
-0.000065
0.000054
0.000052
-0.000043
-0.000077
-0.000019
0.000041
0.000055
0.000039
0.000030
0.000054
0.000090
0.000108
0.000109
0.000117
0.000122
0.000074
-0.000030
-0.000128
-0.000198
-0.000237
-0.000212
-0.000107
0.000056
0.000198
0.000226
0.000176
0.000135
0.000077
-0.000039
-0.000171
-0.000263
-0.000273
-0.000172
-0.000014
0.000101
0.000139
0.000135
0.000106
0.000036
-0.000037
-0.000054
-0.000080
-0.000207
-0.000269
-0.000030
0.000355
0.000558
0.000558
0.000463
0.000267
0.000006
-0.000177
-0.000230
-0.000247
-0.000299
-0.000333
-0.000310
-0.000292
-0.000307
-0.000304
-0.000245
-0.000134
0.000005
0.000139
0.000225
0.000227
0.000154
0.000049
-0.000033
-0.000054
-0.000066
-0.000112
-0.000095
0.000045
0.000194
0.000281
0.000339
0.000336
0.000231
0.000082
-0.000017
-0.000026
0.000032
0.000076
0.000055
-0.000002
-0.000083
-0.000183
-0.000244
-0.000231
-0.000188
-0.000164
-0.000154
-0.000091
0.000053
0.000179
0.000191
0.000136
0.000112
0.000145
0.000179
0.000151
0.000075
0.000020
0.000022
0.000027
-0.000062
-0.000207
-0.000261
-0.000194
-0.000098
-0.000027
0.000022
0.000043
0.000032
0.000023
0.000024
-0.000027
-0.000117
-0.000121
-0.000031
0.000046
0.000070
0.000054
0.000016
0.000026
0.000061
-0.000016
-0.000193
-0.000285
-0.000225
-0.000084
0.000075
0.000201
0.000250
0.000256
0.000269
0.000232
0.000083
-0.000084
-0.000153
-0.000149
-0.000141
-0.000115
-0.000050
0.000034
0.000111
0.000177
0.000211
0.000155
-0.000001
-0.000153
-0.000198
-0.000153
-0.000090
-0.000042
0.000001
0.000052
0.000111
0.000155
0.000133
0.000029
-0.000076
-0.000121
-0.000126
-0.000093
-0.000038
-0.000020
-0.000042
-0.000070
-0.000100
-0.000114
-0.000088
-0.000034
0.000034
0.000106
0.000119
0.000062
0.000056
0.000137
0.000173
0.000107
0.000047
0.000039
0.000005
-0.000064
-0.000087
-0.000050
-0.000009
-0.000003
-0.000032
-0.000060
-0.000074
-0.000103
-0.000122
-0.000061
0.000076
0.000185
0.000186
0.000115
0.000091
0.000135
0.000052
-0.000271
-0.000567
-0.000555
-0.000363
-0.000220
-0.000118
0.000035
0.000209
0.000288
0.000216
0.000108
0.000097
0.000138
0.000169
0.000249
0.000365
0.000421
0.000412
0.000395
0.000381
0.000304
0.000108
-0.000100
-0.000190
-0.000231
-0.000304
-0.000385
-0.000458
-0.000495
-0.000440
-0.000291
-0.000101
0.000039
0.000105
0.000153
0.000154
0.000045
-0.000076
-0.000133
-0.000188
-0.000229
-0.000197
-0.000124
-0.000036
0.000123
0.000344
0.000459
0.000358
0.000186
0.000113
0.000077
0.000007
-0.000022
0.000020
0.000100
0.000178
0.000161
0.000025
-0.000115
-0.000197
-0.000254
-0.000289
-0.000279
-0.000231
-0.000173
-0.000143
-0.000146
-0.000122
-0.000001
0.000157
0.000171
0.000062
0.000044
0.000109
0.000073
-0.000075
-0.000179
-0.000119
0.000029
0.000129
0.000207
0.000306
0.000366
0.000360
0.000267
0.000056
-0.000192
-0.000354
-0.000358
-0.000219
-0.000040
0.000120
0.000288
0.000387
0.000269
-0.000026
-0.000253
-0.000245
-0.000101
-0.000087
-0.000273
-0.000428
-0.000374
-0.000163
0.000094
0.000268
0.000244
0.000056
-0.000100
-0.000014
0.000263
0.000402
0.000261
0.000067
0.000004
-0.000058
-0.000239
-0.000332
-0.000130
0.000153
0.000173
-0.000001
-0.000034
0.000048
-0.000044
-0.000209
-0.000137
0.000094
0.000220
0.000219
0.000209
0.000157
-0.000019
-0.000260
-0.000471
-0.000616
-0.000674
-0.000540
-0.000072
0.000554
0.000955
0.001107
0.001138
0.000958
0.000465
-0.000287
-0.000976
-0.001270
-0.001235
-0.000972
-0.000452
0.000171
0.000712
0.001028
0.000994
0.000691
0.000142
-0.000629
-0.001146
-0.000988
-0.000380
0.000198
0.000554
0.000855
0.001148
0.001094
0.000556
-0.000132
-0.000676
-0.001011
-0.001129
-0.001050
-0.000772
-0.000276
0.000279
0.000639
0.000745
0.000631
0.000305
-0.000121
-0.000519
-0.000767
-0.000689
-0.000314
0.000092
0.000371
0.000495
0.000493
0.000428
0.000288
0.000046
-0.000199
-0.000321
-0.000328
-0.000253
-0.000005
0.000403
0.000756
0.000896
0.000804
0.000577
0.000292
-0.000183
-0.000833
-0.001287
-0.001281
-0.000882
-0.000363
0.000030
0.000344
0.000593
0.000603
0.000377
0.000018
-0.000320
-0.000355
-0.000128
0.000066
0.000225
0.000432
0.000605
0.000661
0.000554
0.000298
-0.000047
-0.000444
-0.000771
-0.000849
-0.000676
-0.000402
-0.000163
0.000042
0.000307
0.000583
0.000663
0.000464
0.000151
-0.000082
-0.000211
-0.000246
-0.000176
-0.000100
-0.000083
-0.000111
-0.000192
-0.000240
-0.000186
-0.000123
-0.000087
-0.000057
-0.000056
-0.000038
0.000070
0.000305
0.000614
0.000739
0.000546
0.000279
0.000121
-0.000019
-0.000231
-0.000446
-0.000506
-0.000417
-0.000313
-0.000182
-0.000007
0.000077
0.000051
0.000033
0.000057
0.000068
0.000006
-0.000065
0.000011
0.000214
0.000334
0.000293
0.000186
0.000114
0.000079
0.000024
-0.000059
-0.000152
-0.000264
-0.000354
-0.000368
-0.000308
-0.000198
-0.000108
-0.000068
0.000028
0.000169
0.000175
0.000061
0.000020
0.000129
0.000270
0.000272
0.000203
0.000224
0.000207
0.000053
-0.000079
-0.000214
-0.000491
-0.000735
-0.000639
-0.000215
0.000156
0.000274
0.000436
0.000708
0.000688
0.000315
-0.000026
-0.000072
-0.000034
-0.000417
-0.000945
-0.000752
-0.000132
0.000008
-0.000108
0.000103
0.000441
0.000409
0.000106
0.000212
0.000491
-0.000003
-0.000679
-0.000559
-0.000286
-0.000264
0.000041
0.000703
0.001343
0.001279
0.000493
0.000256
0.000504
-0.000093
-0.000965
-0.000974
-0.000516
-0.000145
-0.000075
-0.000172
0.000047
0.000148
-0.000250
-0.000334
-0.000099
-0.000264
-0.000456
-0.000256
0.000090
0.000291
0.000045
-0.000209
0.000194
0.000473
-0.000046
-0.000447
-0.000190
0.000161
0.000166
-0.000101
-0.000095
0.000333
0.000453
0.000183
0.000208
0.000381
0.000208
-0.000116
-0.000202
0.000023
0.000191
-0.000027
-0.000274
-0.000224
-0.000156
-0.000163
-0.000012
0.000304
0.000516
0.000382
0.000081
-0.000091
-0.000328
-0.000771
-0.001048
-0.000930
-0.000591
-0.000298
-0.000079
0.000349
0.000893
0.001021
0.000764
0.000546
0.000403
0.000251
0.000100
-0.000025
-0.000018
-0.000014
-0.000208
-0.000372
-0.000345
-0.000306
-0.000310
-0.000337
-0.000345
-0.000178
0.000143
0.000385
0.000352
0.000051
-0.000170
-0.000056
0.000137
0.000044
-0.000363
-0.000563
0.000029
0.000896
0.000934
0.000400
0.000356
0.000552
0.000173
-0.000522
-0.000849
-0.000635
-0.000359
-0.000533
-0.000633
-0.000256
-0.000204
-0.000441
-0.000067
0.000594
0.000783
0.000498
0.000247
0.000629
0.001126
0.000674
-0.000160
-0.000278
-0.000051
-0.000251
-0.000757
-0.000973
-0.000788
-0.000732
-0.000876
-0.000566
0.000185
0.000600
0.000572
0.000648
0.000923
0.001058
0.000866
0.000497
0.000237
0.000021
-0.000344
-0.000514
-0.000307
-0.000278
-0.000648
-0.000914
-0.000753
-0.000361
-0.000092
0.000013
0.000283
0.000723
0.000915
0.000870
0.000921
0.000912
0.000497
-0.000173
-0.000690
-0.000938
-0.001112
-0.001230
-0.001051
-0.000635
-0.000329
-0.000193
-0.000032
0.000217
0.000391
0.000378
0.000421
0.000638
0.000674
0.000432
0.000292
0.000354
0.000337
0.000051
-0.000312
-0.000372
-0.000252
-0.000352
-0.000480
-0.000309
0.000029
0.000285
0.000241
0.000027
0.000042
0.000141
0.000109
0.000154
0.000120
-0.000095
-0.000113
0.000115
0.000422
0.000456
-0.000151
-0.000577
-0.000139
0.000168
-0.000192
-0.000549
-0.000514
-0.000125
0.000153
0.000141
0.000461
0.000851
0.000630
0.000270
0.000077
-0.000074
-0.000067
-0.000209
-0.000471
-0.000428
-0.000337
-0.000275
-0.000147
-0.000134
0.000010
0.000041
-0.000374
-0.000312
0.000307
0.000486
0.000304
0.000023
-0.000284
-0.000202
-0.000053
0.000003
0.000419
0.000527
-0.000109
-0.000478
-0.000228
0.000143
0.000333
0.000164
0.000072
0.000342
0.000230
-0.000248
-0.000193
0.000194
0.000204
-0.000229
-0.000688
-0.000452
0.000330
0.000590
0.000342
0.000169
-0.000083
-0.000350
-0.000414
-0.000297
0.000132
0.000332
-0.000112
-0.000138
0.000466
0.000462
-0.000148
-0.000476
-0.000358
-0.000093
-0.000188
-0.000430
0.000003
0.000503
0.000237
0.000049
0.000231
0.000066
-0.000065
0.000303
0.000682
0.000425
-0.000683
-0.001290
-0.000338
0.000414
0.000115
-0.000000
-0.000206
-0.000556
-0.000236
-0.000034
0.000093
0.000554
0.000197
-0.000121
0.000466
0.000358
0.000135
0.000660
0.000570
0.000270
0.000017
-0.000640
-0.000067
0.000663
-0.000744
-0.001875
-0.001538
-0.001371
-0.000750
0.000197
0.000515
0.001060
0.001174
0.000591
0.000942
0.000952
-0.000190
-0.000033
0.000929
0.000575
-0.000215
-0.000564
-0.000496
0.000042
-0.000015
-0.000551
0.000068
0.001008
0.000804
0.000259
-0.000264
-0.000800
-0.000645
-0.000549
-0.000932
-0.000596
-0.000273
-0.000751
-0.000533
0.000349
0.000645
0.000342
-0.000168
0.000080
0.000979
0.000843
0.000261
0.000428
0.000507
0.000386
0.000067
-0.000752
-0.000820
-0.000274
-0.000519
-0.000805
-0.000371
0.000282
0.000427
-0.000333
-0.000380
0.000791
0.000873
0.000332
0.000715
0.000595
-0.000095
-0.000279
-0.000467
-0.000430
-0.000238
-0.000453
-0.000005
0.000492
-0.000569
-0.001393
-0.000620
0.000142
0.000049
-0.000471
-0.000271
0.001326
0.002048
0.000712
-0.000089
0.000405
0.000572
0.000147
-0.000477
-0.000651
-0.000302
-0.000558
-0.000834
-0.000092
0.000400
-0.000032
-0.000405
-0.000218
0.000004
-0.000379
-0.000440
0.000658
0.001260
0.000313
-0.000739
-0.000415
0.000920
0.001185
-0.000136
-0.000775
-0.000165
-0.000039
-0.000584
-0.000668
-0.000006
0.000522
0.000118
-0.000257
0.000452
0.000958
0.000059
-0.000847
-0.000366
0.000376
-0.000011
-0.000675
-0.000311
0.000402
0.000055
-0.000756
-0.000154
0.001306
0.001341
0.000261
-0.000245
-0.000325
-0.000513
-0.000531
-0.000103
0.000367
-0.000079
-0.000532
0.000655
0.001367
-0.000611
-0.002575
-0.001932
-0.000233
0.000330
0.000001
0.000657
0.002322
0.002360
0.000535
-0.000106
0.000762
0.000687
-0.000442
-0.001011
-0.000668
-0.000392
-0.001011
-0.001303
-0.000395
-0.000517
-0.001861
-0.001483
0.000357
0.001665
0.002360
0.002203
0.001588
0.001400
0.000667
-0.000356
-0.000428
-0.000963
-0.002196
-0.002124
-0.001434
-0.001361
-0.000730
0.000648
0.001614
0.001683
0.000591
-0.000645
-0.000212
0.000596
-0.000291
-0.001087
-0.000255
0.000579
0.000790
0.000988
0.001125
0.001087
0.000151
-0.001137
-0.000627
0.000327
-0.000466
-0.001008
-0.000476
-0.000450
-0.000406
-0.000111
-0.000213
0.000073
0.000430
0.000142
0.000317
0.000842
0.000777
0.000815
0.001003
0.000541
-0.000290
-0.001026
-0.001281
-0.000820
-0.000609
-0.001083
-0.000960
0.000174
0.001145
0.001234
0.000686
0.000129
0.000065
0.000097
-0.000357
-0.000433
0.000532
0.000979
0.000121
-0.000401
0.000036
0.000381
-0.000002
-0.000902
-0.001139
-0.000434
-0.000379
-0.000712
0.000232
0.001370
0.001097
0.000177
-0.000305
-0.000415
-0.000898
-0.001765
-0.001599
-0.000081
0.001052
0.001218
0.001592
0.002247
0.002111
0.001047
-0.000359
-0.001767
-0.002859
-0.003427
-0.003610
-0.003549
-0.002815
-0.000314
0.003949
0.007787
0.009475
0.009724
0.009471
0.007682
0.002985
-0.003470
-0.009094
-0.012909
-0.014908
-0.014486
-0.011324
-0.006114
-0.000593
0.003618
0.006825
0.009359
0.009711
0.007844
0.006108
0.005219
0.003840
0.001284
-0.001541
-0.002694
-0.002178
-0.002778
-0.004939
-0.006174
-0.005776
-0.004332
-0.002560
-0.001597
-0.000455
0.002095
0.004303
0.004964
0.004687
0.003965
0.003560
0.003040
0.000939
-0.002565
-0.007277
-0.012517
-0.013869
-0.008144
0.000965
0.008068
0.012674
0.016730
0.019113
0.016837
0.010321
0.002964
-0.003795
-0.010479
-0.015653
-0.016623
-0.013466
-0.008864
-0.004832
-0.001684
0.000621
0.001408
0.000429
-0.000621
-0.000196
0.000679
0.001055
0.002587
0.006298
0.009780
0.010284
0.007971
0.004367
0.000053
-0.004698
-0.008633
-0.010263
-0.009512
-0.007345
-0.003980
0.000755
0.005592
0.008450
0.008519
0.006436
0.003450
0.000737
-0.002141
-0.005947
-0.007256
-0.002542
0.003476
0.004886
0.004340
0.005362
0.005549
0.002055
-0.003958
-0.007651
-0.006597
-0.005110
-0.005302
-0.003617
-0.000403
0.000969
0.000743
0.000342
0.000193
-0.000184
-0.001290
-0.000795
0.002548
0.005113
0.005190
0.005136
0.005251
0.003877
0.000947
-0.001934
-0.003066
-0.003135
-0.003907
-0.004054
-0.001811
0.000688
0.000853
-0.000619
-0.001966
-0.002894
-0.003582
-0.003071
-0.000465
0.003269
0.006193
0.007270
0.006880
0.005123
0.000828
-0.005066
-0.008667
-0.008602
-0.007197
-0.007402
-0.012632
-0.021598
-0.022676
-0.007708
0.012271
0.022669
0.027308
0.035296
0.040500
0.034210
0.022392
0.012905
0.001270
-0.016160
-0.030254
-0.033415
-0.030759
-0.027913
-0.023297
-0.016172
-0.009352
-0.004785
-0.001886
0.002180
0.008318
0.012212
0.011869
0.012867
0.018331
0.022088
0.018778
0.011816
0.005286
-0.002726
-0.012804
-0.019629
-0.020313
-0.018509
-0.016378
-0.010990
-0.001274
0.008626
0.014470
0.016082
0.015710
0.014261
0.010919
0.006504
0.003138
-0.000464
-0.006211
-0.009519
-0.006066
-0.001961
-0.004390
-0.009920
-0.012423
-0.012266
-0.011721
-0.009402
-0.002864
0.005394
0.009573
0.010083
0.012199
0.014704
0.012360
0.006338
0.001396
-0.001378
-0.003566
-0.005487
-0.005153
-0.002487
-0.001635
-0.003615
-0.003856
-0.001260
0.000329
-0.000263
-0.000494
0.001199
0.003013
0.002617
0.001314
0.000962
-0.000365
-0.003779
-0.006283
-0.005903
-0.004269
-0.003107
-0.001880
0.000604
0.003459
0.004918
0.005560
0.006239
0.005501
0.003307
0.002376
0.003401
0.003967
0.002610
0.000773
-0.000234
-0.002370
-0.006609
-0.008887
-0.007229
-0.005817
-0.006818
-0.007508
-0.007771
-0.013170
-0.024428
-0.026884
-0.008553
0.015787
0.027363
0.033630
0.044929
0.050017
0.039069
0.022150
0.009772
-0.003677
-0.023686
-0.038877
-0.038566
-0.030713
-0.025286
-0.019884
-0.011640
-0.004527
-0.002271
-0.003159
-0.001416
0.004803
0.009404
0.009709
0.012896
0.021631
0.026420
0.021040
0.011660
0.003744
-0.006082
-0.018611
-0.026014
-0.024152
-0.018733
-0.013801
-0.005971
0.005989
0.016259
0.019803
0.018308
0.015847
0.012847
0.007782
0.002473
0.000007
-0.002140
-0.008435
-0.014308
-0.011471
-0.003938
-0.002299
-0.005641
-0.005949
-0.003033
-0.002201
-0.003712
-0.002491
0.002234
0.004177
0.001860
0.001818
0.005170
0.005821
0.002350
-0.000632
-0.000542
0.000210
-0.000596
-0.000232
0.003267
0.005480
0.003472
0.001461
0.002474
0.003210
0.000716
-0.002729
-0.003741
-0.003153
-0.003984
-0.005504
-0.004692
-0.002702
-0.002807
-0.003888
-0.002972
-0.000779
0.000408
0.000789
0.002207
0.004869
0.006404
0.005380
0.003693
0.003017
0.002501
0.001831
0.002329
0.003912
0.003652
-0.000856
-0.007069
-0.010088
-0.009650
-0.008863
-0.008260
-0.008106
-0.012510
-0.022632
-0.027007
-0.011819
0.014614
0.029765
0.032860
0.039691
0.047242
0.041176
0.024964
0.011366
-0.000558
-0.018471
-0.035891
-0.039250
-0.031424
-0.025343
-0.022160
-0.016562
-0.010078
-0.006229
-0.004394
-0.001273
0.005292
0.011898
0.014188
0.016041
0.022688
0.028249
0.023749
0.011899
0.001260
-0.007670
-0.018258
-0.026171
-0.025258
-0.019100
-0.013895
-0.007430
0.003506
0.014114
0.018322
0.016564
0.013466
0.012123
0.011072
0.007875
0.004753
0.004376
0.003132
-0.002681
-0.009939
-0.015428
-0.020293
-0.023694
-0.023056
-0.019165
-0.011960
0.000245
0.013866
0.023086
0.025914
0.023117
0.017908
0.012150
0.003689
-0.005520
-0.010387
-0.011742
-0.011662
-0.009745
-0.007364
-0.005438
-0.003834
-0.003064
-0.001185
0.002918
0.006398
0.008737
0.011311
0.012380
0.010292
0.005634
-0.000495
-0.006248
-0.010613
-0.013863
-0.014620
-0.011865
-0.007754
-0.003809
0.000521
0.004577
0.007129
0.008255
0.008503
0.008686
0.008899
0.007744
0.005334
0.003401
0.001656
-0.001201
-0.004868
-0.007499
-0.006536
-0.002871
-0.001908
-0.005411
-0.009045
-0.009495
-0.007553
-0.006342
-0.008052
-0.013066
-0.021422
-0.024950
-0.009218
0.019800
0.037800
0.040785
0.044316
0.048402
0.039820
0.020143
0.003897
-0.006697
-0.021750
-0.037707
-0.039674
-0.029691
-0.022111
-0.019313
-0.016153
-0.012954
-0.011268
-0.009583
-0.005061
0.003950
0.013783
0.018878
0.021272
0.026364
0.030381
0.024443
0.009610
-0.004058
-0.012807
-0.020535
-0.025451
-0.021581
-0.012326
-0.005772
-0.001025
0.006467
0.013758
0.015284
0.011780
0.008027
0.006528
0.006441
0.006397
0.006671
0.007428
0.005737
-0.000944
-0.009593
-0.016734
-0.023902
-0.030270
-0.028864
-0.017264
-0.002351
0.009333
0.017585
0.023574
0.024894
0.019203
0.010381
0.004418
0.000944
-0.003210
-0.006494
-0.006137
-0.003909
-0.003678
-0.006112
-0.008215
-0.008197
-0.007300
-0.005123
0.000599
0.008108
0.012578
0.012799
0.011192
0.008552
0.003270
-0.004275
-0.010372
-0.012693
-0.012608
-0.011225
-0.007776
-0.002892
0.000953
0.002658
0.003460
0.004643
0.005911
0.006784
0.008072
0.009855
0.009862
0.006866
0.003007
-0.000046
-0.003115
-0.006217
-0.008005
-0.008273
-0.007413
-0.005157
-0.002009
-0.000155
-0.001599
-0.005247
-0.007388
-0.006866
-0.006218
-0.007025
-0.011052
-0.019128
-0.019751
0.000205
0.027455
0.038284
0.036602
0.038710
0.039384
0.026779
0.009119
-0.000007
-0.006218
-0.019958
-0.031855
-0.029527
-0.021357
-0.018837
-0.018861
-0.017459
-0.016708
-0.016056
-0.012537
-0.004690
0.006740
0.016598
0.019994
0.020620
0.024135
0.026019
0.018249
0.004356
-0.005461
-0.010397
-0.015297
-0.016688
-0.010157
-0.002808
-0.001477
-0.001226
0.002548
0.005774
0.005296
0.003555
0.003159
0.004778
0.007661
0.009729
0.010155
0.009337
0.005137
-0.003898
-0.013027
-0.018833
-0.025666
-0.032097
-0.025860
-0.006787
0.008479
0.013853
0.017980
0.022862
0.021816
0.012389
0.002121
0.000173
0.002571
0.000428
-0.002280
-0.000164
0.001033
-0.003214
-0.009395
-0.012551
-0.011757
-0.010191
-0.007293
0.001194
0.011120
0.013847
0.010551
0.007560
0.005108
0.000095
-0.006795
-0.010865
-0.009563
-0.006427
-0.004772
-0.002664
0.000514
0.001478
0.000039
-0.000246
0.002284
0.006000
0.008243
0.008567
0.008929
0.009056
0.006399
0.001702
-0.001794
-0.003936
-0.006525
-0.008655
-0.008025
-0.004890
-0.002030
-0.001409
-0.000976
0.001898
0.003133
-0.002667
-0.010851
-0.013109
-0.010054
-0.007274
-0.007225
-0.011314
-0.018347
-0.016437
0.004914
0.031723
0.041896
0.039586
0.040159
0.038466
0.024750
0.008687
0.001178
-0.005792
-0.020115
-0.031133
-0.029616
-0.024224
-0.023280
-0.023767
-0.023565
-0.023552
-0.021134
-0.013864
-0.002422
0.011187
0.022075
0.025510
0.024834
0.026343
0.026762
0.018444
0.004691
-0.004582
-0.008763
-0.012484
-0.012804
-0.007246
-0.003293
-0.005385
-0.007279
-0.005036
-0.001894
0.000238
0.002247
0.004744
0.008545
0.013098
0.015372
0.014070
0.010398
0.003686
-0.006480
-0.015158
-0.018391
-0.020815
-0.025524
-0.023885
-0.010172
0.004588
0.009253
0.009188
0.012867
0.016732
0.013876
0.007460
0.006245
0.009880
0.009584
0.004169
0.000859
0.000306
-0.003515
-0.010639
-0.014825
-0.013665
-0.010752
-0.007962
-0.002520
0.005219
0.008981
0.006482
0.003371
0.003179
0.002492
-0.001125
-0.004366
-0.003828
-0.001429
-0.000922
-0.001709
-0.001067
-0.000149
-0.001337
-0.002560
-0.000428
0.003871
0.006444
0.006539
0.006675
0.007329
0.005947
0.002112
-0.001257
-0.002730
-0.003625
-0.004296
-0.003367
-0.000833
0.000807
-0.001016
-0.005441
-0.007855
-0.005370
-0.001006
-0.000203
-0.005313
-0.012231
-0.013039
-0.006680
-0.000402
0.000209
-0.007953
-0.020626
-0.017100
0.012102
0.039732
0.042735
0.036869
0.038447
0.035167
0.017912
0.002216
-0.001170
-0.006537
-0.022654
-0.032690
-0.027122
-0.020397
-0.021460
-0.024474
-0.026392
-0.026957
-0.023435
-0.014723
-0.000626
0.016451
0.027421
0.027360
0.024645
0.026727
0.026494
0.015495
0.001168
-0.005049
-0.006545
-0.009589
-0.008656
-0.002284
-0.001033
-0.007499
-0.012221
-0.010900
-0.006861
-0.002608
0.001263
0.005639
0.011742
0.016806
0.016793
0.013200
0.008938
0.001638
-0.009210
-0.016535
-0.017531
-0.018765
-0.021028
-0.016234
-0.003997
0.006249
0.009421
0.009205
0.010371
0.011392
0.007986
0.003415
0.004290
0.008032
0.007671
0.003212
-0.000872
-0.003198
-0.006026
-0.009810
-0.010888
-0.007654
-0.003370
0.000268
0.004708
0.008646
0.008186
0.003325
-0.001301
-0.002826
-0.003233
-0.004591
-0.005173
-0.003322
-0.001293
-0.001555
-0.002881
-0.003017
-0.002107
-0.001383
-0.000069
0.003637
0.008360
0.010554
0.009957
0.008932
0.007534
0.003948
-0.001514
-0.005729
-0.006276
-0.004679
-0.003984
-0.003955
-0.002909
-0.002121
-0.002725
-0.002503
-0.000874
-0.001034
-0.004767
-0.009736
-0.010882
-0.005566
0.001282
0.003791
0.003243
-0.000162
-0.012583
-0.028609
-0.023695
0.009824
0.039648
0.041098
0.034041
0.037066
0.034478
0.016656
0.001259
-0.002274
-0.007365
-0.019852
-0.025720
-0.018703
-0.012063
-0.015752
-0.025410
-0.033028
-0.033309
-0.026370
-0.016401
-0.002850
0.015287
0.027889
0.026705
0.021701
0.023239
0.022974
0.012166
0.000467
-0.001265
0.001483
0.001106
0.000796
0.001811
-0.002184
-0.011339
-0.018007
-0.017857
-0.011675
-0.003376
0.002195
0.006086
0.012214
0.016839
0.014161
0.007687
0.003152
-0.001409
-0.007741
-0.010187
-0.006617
-0.005614
-0.011784
-0.015017
-0.006889
0.003919
0.005698
0.001466
0.000999
0.004660
0.005329
0.002583
0.003856
0.009316
0.009886
0.003892
-0.000574
-0.000514
-0.001013
-0.004638
-0.007006
-0.004437
-0.000599
0.000280
0.000762
0.003131
0.003443
-0.000764
-0.005102
-0.005043
-0.002388
-0.001599
-0.002675
-0.002179
-0.000083
0.000218
-0.001558
-0.002048
-0.000302
0.001118
0.001530
0.003359
0.006701
0.008003
0.006056
0.003867
0.003229
0.002545
0.000407
-0.002028
-0.002882
-0.002802
-0.003570
-0.003822
-0.001731
0.000110
-0.000918
-0.002597
-0.002564
-0.002899
-0.006711
-0.012314
-0.013533
-0.008047
-0.001370
0.002378
0.004498
0.000686
-0.014592
-0.025237
-0.007281
0.027071
0.042311
0.035721
0.030837
0.029428
0.019019
0.005848
0.002125
0.001918
-0.005719
-0.016419
-0.020005
-0.017357
-0.016089
-0.020666
-0.030046
-0.035896
-0.030533
-0.018630
-0.006930
0.007048
0.020805
0.022764
0.014193
0.010365
0.014824
0.016582
0.012347
0.009522
0.009902
0.008858
0.006117
0.003194
-0.002178
-0.009989
-0.016211
-0.018343
-0.014292
-0.004000
0.004729
0.005635
0.003964
0.004785
0.004604
0.002032
0.000891
0.001246
0.000250
-0.001663
-0.002698
-0.002441
-0.001492
-0.001633
-0.003447
-0.004415
-0.002893
-0.000644
0.000373
0.000474
0.000683
0.000778
0.000383
0.000308
0.001052
0.001769
0.001594
0.001069
0.001586
0.002930
0.003454
0.002997
0.002445
0.002008
0.001736
0.001350
0.000339
-0.001031
-0.002538
-0.004244
-0.005381
-0.005337
-0.004773
-0.004271
-0.003449
-0.002157
-0.000944
0.000000
0.001036
0.002260
0.003325
0.003920
0.004156
0.004373
0.004772
0.005067
0.004313
0.002279
0.000738
0.001093
0.001847
0.000729
-0.002249
-0.004917
-0.005713
-0.005727
-0.005808
-0.004213
-0.001420
-0.002017
-0.007629
-0.012873
-0.011295
-0.004164
0.000991
0.001923
0.000577
-0.007286
-0.018672
-0.011800
0.019345
0.043708
0.039540
0.024935
0.018218
0.012898
0.004980
0.003328
0.007610
0.006142
-0.003770
-0.013398
-0.017986
-0.019801
-0.021733
-0.026763
-0.032999
-0.030745
-0.018037
-0.005617
0.002408
0.010237
0.013576
0.007261
0.001299
0.006488
0.016556
0.020792
0.019579
0.016692
0.011589
0.005615
0.001769
-0.001834
-0.006762
-0.009545
-0.009209
-0.007661
-0.003445
0.002033
0.001821
-0.003907
-0.007326
-0.006237
-0.003034
0.001934
0.005553
0.003994
0.001788
0.003765
0.005215
0.002153
-0.001672
-0.002982
-0.002367
-0.001775
-0.002914
-0.004223
-0.003797
-0.004328
-0.006767
-0.006741
-0.002975
0.001074
0.003585
0.004825
0.005503
0.006478
0.006983
0.006361
0.006246
0.006633
0.005304
0.002813
0.001168
-0.000300
-0.002900
-0.006117
-0.008430
-0.008554
-0.006945
-0.005407
-0.004404
-0.003258
-0.002283
-0.001887
-0.001266
0.000317
0.002543
0.004430
0.005186
0.005335
0.005688
0.005408
0.004052
0.003280
0.003486
0.002700
0.000277
-0.001906
-0.002060
-0.000951
-0.000769
-0.001397
-0.001509
-0.002301
-0.004703
-0.007214
-0.009460
-0.011046
-0.009503
-0.005333
-0.002024
0.000224
0.002466
0.000571
-0.010574
-0.022378
-0.013384
0.018290
0.042096
0.038537
0.024224
0.015355
0.008125
0.002154
0.004289
0.011424
0.013156
0.005616
-0.006468
-0.016422
-0.021187
-0.023011
-0.026251
-0.029491
-0.025438
-0.014280
-0.005537
-0.001877
0.001448
0.002376
-0.002276
-0.004470
0.003505
0.016036
0.023861
0.024583
0.019327
0.010446
0.003123
0.000722
0.000903
0.001249
0.002052
0.001539
-0.001736
-0.004144
-0.004345
-0.006689
-0.011100
-0.011735
-0.006633
0.000730
0.005556
0.004286
-0.000800
-0.002229
0.002205
0.006493
0.006680
0.004668
0.001927
-0.001382
-0.004172
-0.006278
-0.007815
-0.008213
-0.008360
-0.008317
-0.006018
-0.002212
0.000359
0.001717
0.002880
0.004270
0.006692
0.009618
0.011603
0.012402
0.011333
0.007685
0.003564
0.001100
-0.000688
-0.002882
-0.005135
-0.007322
-0.008839
-0.008891
-0.008280
-0.007667
-0.006492
-0.004934
-0.003398
-0.001440
0.000866
0.002860
0.004231
0.004878
0.005173
0.005567
0.005539
0.004749
0.004004
0.003515
0.002568
0.001386
0.000561
-0.000320
-0.001402
-0.001912
-0.001569
-0.001151
-0.001938
-0.004206
-0.006157
-0.006167
-0.005035
-0.004640
-0.005693
-0.006495
-0.004557
-0.000667
0.001731
-0.000412
-0.009547
-0.019561
-0.011983
0.016618
0.038225
0.033040
0.016927
0.007350
0.002094
0.000951
0.008962
0.019681
0.020764
0.009422
-0.007300
-0.020222
-0.023750
-0.019667
-0.015881
-0.016542
-0.016561
-0.012887
-0.010903
-0.011438
-0.008448
-0.003814
-0.003704
-0.003217
0.004795
0.015024
0.019311
0.017526
0.011808
0.004553
0.001652
0.005518
0.010446
0.011636
0.009498
0.003904
-0.004230
-0.008736
-0.006416
-0.002560
-0.001224
-0.000718
-0.000995
-0.003954
-0.008130
-0.009906
-0.006342
0.002127
0.008902
0.008139
0.003262
0.000058
-0.001811
-0.003687
-0.004185
-0.003171
-0.002213
-0.002850
-0.005721
-0.008372
-0.007974
-0.005908
-0.003744
-0.000095
0.004565
0.007649
0.008704
0.008514
0.007887
0.008065
0.008619
0.008278
0.007695
0.006832
0.003915
-0.000635
-0.004694
-0.007460
-0.008700
-0.008489
-0.007880
-0.007355
-0.006741
-0.006321
-0.005798
-0.004340
-0.002115
0.000262
0.002380
0.003752
0.004632
0.005561
0.005900
0.005165
0.004050
0.003130
0.002962
0.003885
0.004216
0.001867
-0.002216
-0.004553
-0.002747
0.001286
0.002593
-0.000424
-0.003909
-0.005018
-0.005164
-0.005116
-0.003691
-0.002307
-0.003764
-0.006326
-0.005102
0.000231
0.002154
-0.007310
-0.021290
-0.017600
0.009942
0.033329
0.029101
0.011755
0.002438
-0.000339
0.000379
0.010312
0.024468
0.028185
0.016090
-0.004453
-0.020704
-0.022664
-0.012526
-0.003545
-0.004055
-0.009373
-0.013810
-0.018386
-0.020957
-0.015318
-0.005185
-0.000926
-0.001935
-0.000236
0.004041
0.006514
0.007522
0.007455
0.005754
0.005974
0.009938
0.012969
0.012505
0.010474
0.006184
-0.000463
-0.003622
-0.000383
0.003566
0.003422
0.000040
-0.004916
-0.008694
-0.007679
-0.003578
-0.000748
0.001092
0.002713
0.001820
-0.001084
-0.002980
-0.003528
-0.003227
-0.002237
-0.002247
-0.003570
-0.004630
-0.005973
-0.007847
-0.007670
-0.004864
-0.001401
0.001837
0.003893
0.004201
0.004631
0.006036
0.007448
0.009274
0.011065
0.010590
0.008197
0.005760
0.003262
0.000750
-0.001078
-0.002666
-0.004289
-0.005556
-0.006831
-0.008108
-0.008428
-0.007752
-0.006762
-0.005511
-0.003829
-0.001917
-0.000392
0.000343
0.001077
0.002571
0.004040
0.004645
0.004698
0.004667
0.004439
0.003526
0.002287
0.002059
0.002587
0.002234
0.001167
0.000535
0.000292
-0.000261
-0.002145
-0.005055
-0.005833
-0.003083
-0.000274
-0.000256
-0.001773
-0.003171
-0.004449
-0.005207
-0.004052
-0.001287
-0.001732
-0.010088
-0.018474
-0.009926
0.013352
0.025320
0.015216
0.002101
-0.000123
0.002990
0.007988
0.016886
0.024619
0.022744
0.009437
-0.008075
-0.017200
-0.011487
0.000285
0.003696
-0.003646
-0.012330
-0.017017
-0.019680
-0.018620
-0.010615
-0.001979
-0.001175
-0.005449
-0.007355
-0.005397
-0.000976
0.004316
0.007283
0.007419
0.007720
0.008204
0.007293
0.007238
0.009181
0.009263
0.006264
0.004433
0.005202
0.005324
0.003633
0.001319
-0.001662
-0.004277
-0.004192
-0.002268
-0.000785
0.000075
-0.000696
-0.004047
-0.006771
-0.006343
-0.004640
-0.002965
-0.001813
-0.002893
-0.005216
-0.006291
-0.006461
-0.005802
-0.003613
-0.001682
-0.000850
0.000335
0.001583
0.002565
0.004484
0.006631
0.007870
0.009052
0.009911
0.009329
0.007950
0.006214
0.003990
0.002313
0.001284
-0.000318
-0.002275
-0.004076
-0.006111
-0.007619
-0.007670
-0.007000
-0.006211
-0.005292
-0.004665
-0.004294
-0.003551
-0.002117
-0.000031
0.001881
0.002579
0.002396
0.002309
0.002725
0.003579
0.004060
0.003526
0.002719
0.002259
0.001968
0.001960
0.001959
0.001229
0.000111
-0.000302
0.000593
0.001786
0.000917
-0.001926
-0.003586
-0.003035
-0.002170
-0.001953
-0.001970
-0.001583
-0.000870
-0.001617
-0.004186
-0.005391
-0.005000
-0.008429
-0.014479
-0.010358
0.006833
0.018081
0.010751
-0.001162
-0.002290
0.003852
0.010046
0.015899
0.020261
0.019168
0.010364
-0.003025
-0.011073
-0.005892
0.005754
0.008563
-0.000880
-0.011213
-0.014923
-0.015371
-0.014089
-0.008258
-0.001619
-0.001754
-0.007971
-0.013186
-0.012803
-0.006467
0.001787
0.005608
0.004277
0.002872
0.003059
0.003182
0.004858
0.009244
0.012121
0.010501
0.007319
0.005625
0.005027
0.004434
0.003472
0.002688
0.003033
0.002981
0.000152
-0.003078
-0.002841
-0.001143
-0.001923
-0.004064
-0.004689
-0.004089
-0.004369
-0.006449
-0.008280
-0.007308
-0.005416
-0.005721
-0.006469
-0.005118
-0.003004
-0.001751
-0.001115
0.000039
0.002832
0.005790
0.006479
0.006256
0.007223
0.008045
0.007536
0.006684
0.006053
0.005333
0.004109
0.002283
0.000773
0.000106
-0.000742
-0.002253
-0.003507
-0.004005
-0.004108
-0.004242
-0.004515
-0.004589
-0.004416
-0.004488
-0.004545
-0.003821
-0.002629
-0.001722
-0.001125
-0.000571
0.000234
0.001384
0.002314
0.002688
0.002951
0.003142
0.002855
0.002451
0.002716
0.003680
0.004534
0.004310
0.002655
0.000441
-0.000806
-0.000497
0.000444
0.000441
-0.001302
-0.003482
-0.003991
-0.003029
-0.002297
-0.001899
-0.001099
-0.000493
-0.001368
-0.003797
-0.006682
-0.009288
-0.009571
-0.003758
0.005335
0.007586
0.001555
-0.002554
-0.000086
0.004528
0.009193
0.014310
0.016801
0.013092
0.004568
-0.002605
-0.002683
0.003363
0.007780
0.004744
-0.002588
-0.007526
-0.009168
-0.009764
-0.007929
-0.003306
-0.001503
-0.006026
-0.012059
-0.013294
-0.008964
-0.002769
0.000965
0.000779
-0.001063
-0.002025
-0.001404
0.001358
0.006107
0.009736
0.009166
0.005816
0.003263
0.002791
0.004129
0.006503
0.007537
0.005806
0.003333
0.002219
0.002187
0.002195
0.001506
0.000336
-0.000633
-0.001962
-0.003741
-0.004404
-0.004061
-0.004523
-0.005864
-0.006916
-0.007008
-0.006186
-0.005493
-0.005480
-0.005106
-0.004000
-0.002992
-0.001999
-0.000367
0.001650
0.003329
0.004349
0.005069
0.006003
0.006793
0.006753
0.006132
0.005497
0.004891
0.004246
0.003487
0.002538
0.001529
0.000431
-0.000706
-0.001365
-0.001540
-0.001945
-0.002803
-0.003751
-0.004422
-0.004584
-0.004386
-0.004094
-0.003644
-0.003097
-0.002702
-0.002343
-0.001787
-0.001073
-0.000323
0.000358
0.000867
0.001262
0.001777
0.002436
0.002817
0.002627
0.002311
0.002444
0.002845
0.003012
0.002797
0.002155
0.001248
0.000678
0.000609
0.000474
-0.000062
-0.000779
-0.001314
-0.001777
-0.002550
-0.002883
-0.001936
-0.001606
-0.004182
-0.007152
-0.005724
-0.000864
0.001653
0.000663
0.000254
0.001412
0.001624
0.001288
0.003196
0.006998
0.008566
0.005423
0.000911
-0.000095
0.001820
0.002628
0.001642
0.000964
0.000448
-0.001601
-0.004001
-0.003757
-0.001307
-0.000349
-0.002357
-0.004845
-0.005308
-0.004276
-0.003461
-0.002857
-0.001783
-0.001114
-0.001768
-0.002395
-0.001165
0.001227
0.002588
0.002518
0.002434
0.002878
0.003010
0.002505
0.002218
0.002731
0.003359
0.003365
0.003098
0.003036
0.002831
0.002064
0.001042
0.000401
0.000235
-0.000049
-0.000833
-0.001750
-0.002399
-0.002941
-0.003590
-0.004128
-0.004363
-0.004493
-0.004594
-0.004332
-0.003543
-0.002540
-0.001620
-0.000708
0.000288
0.001180
0.001815
0.002341
0.002913
0.003396
0.003545
0.003363
0.003111
0.002902
0.002548
0.001982
0.001478
0.001233
0.001067
0.000796
0.000512
0.000232
-0.000250
-0.000895
-0.001337
-0.001423
-0.001380
-0.001412
-0.001554
-0.001796
-0.002043
-0.002131
-0.001994
-0.001690
-0.001376
-0.001251
-0.001263
-0.001109
-0.000666
-0.000073
0.000509
0.000930
0.001139
0.001288
0.001475
0.001571
0.001507
0.001524
0.001828
0.002170
0.002099
0.001547
0.000892
0.000494
0.000342
0.000191
-0.000082
-0.000381
-0.000649
-0.001140
-0.002226
-0.003633
-0.004398
-0.004215
-0.003658
-0.002768
-0.001293
0.000033
0.000463
0.000554
0.001333
0.003005
0.004578
0.004650
0.003334
0.002386
0.002554
0.002829
0.002714
0.002564
0.001954
0.000416
-0.000986
-0.000917
0.000164
0.000394
-0.001253
-0.003598
-0.004693
-0.004289
-0.003474
-0.002690
-0.002060
-0.002265
-0.003249
-0.003564
-0.002250
-0.000213
0.000945
0.000817
0.000391
0.000580
0.001289
0.002027
0.002588
0.002865
0.002826
0.002816
0.003224
0.003793
0.003850
0.003119
0.001931
0.000838
0.000187
-0.000138
-0.000494
-0.001030
-0.001672
-0.002256
-0.002567
-0.002604
-0.002674
-0.002925
-0.003029
-0.002662
-0.002048
-0.001672
-0.001624
-0.001604
-0.001307
-0.000593
0.000390
0.001187
0.001440
0.001283
0.001147
0.001275
0.001589
0.001846
0.001811
0.001503
0.001230
0.001235
0.001500
0.001784
0.001693
0.001090
0.000401
0.000086
0.000081
0.000030
-0.000246
-0.000678
-0.001086
-0.001255
-0.001070
-0.000747
-0.000676
-0.000968
-0.001384
-0.001596
-0.001435
-0.001104
-0.000998
-0.001173
-0.001283
-0.001052
-0.000493
0.000257
0.001006
0.001460
0.001494
0.001368
0.001346
0.001408
0.001528
0.001672
0.001564
0.001093
0.000588
0.000309
0.000174
0.000052
-0.000096
-0.000337
-0.000821
-0.001768
-0.003224
-0.004503
-0.004460
-0.003003
-0.001326
-0.000191
0.000543
0.000817
0.000776
0.001528
0.003388
0.004606
0.003773
0.002000
0.001147
0.001482
0.002120
0.002365
0.001963
0.000921
-0.000345
-0.000874
-0.000136
0.000623
-0.000298
-0.002402
-0.003750
-0.003734
-0.003114
-0.002468
-0.002166
-0.002571
-0.003185
-0.002810
-0.001233
0.000279
0.000591
0.000070
-0.000156
0.000338
0.001214
0.002081
0.002558
0.002391
0.002009
0.002245
0.003132
0.003646
0.003084
0.001990
0.001213
0.000822
0.000494
0.000102
-0.000501
-0.001411
-0.002139
-0.002019
-0.001285
-0.000999
-0.001660
-0.002534
-0.002718
-0.002198
-0.001539
-0.001215
-0.001402
-0.001832
-0.001790
-0.000853
0.000462
0.001256
0.001241
0.000862
0.000688
0.000886
0.001273
0.001570
0.001500
0.001081
0.000818
0.001058
0.001459
0.001518
0.001230
0.000924
0.000741
0.000562
0.000383
0.000302
0.000140
-0.000303
-0.000766
-0.000875
-0.000721
-0.000677
-0.000868
-0.001091
-0.001230
-0.001384
-0.001527
-0.001504
-0.001349
-0.001176
-0.000925
-0.000564
-0.000229
0.000064
0.000480
0.000996
0.001335
0.001318
0.001060
0.000820
0.000725
0.000741
0.000811
0.000904
0.000959
0.000941
0.000922
0.000930
0.000779
0.000315
-0.000380
-0.001368
-0.002906
-0.004513
-0.004863
-0.003512
-0.001499
0.000244
0.001465
0.001842
0.001589
0.001970
0.003375
0.004202
0.003218
0.001409
0.000351
0.000339
0.000782
0.001132
0.000999
0.000152
-0.001003
-0.001434
-0.000834
-0.000416
-0.001211
-0.002445
-0.002823
-0.002312
-0.001573
-0.000953
-0.000806
-0.001382
-0.001970
-0.001492
-0.000174
0.000718
0.000770
0.000698
0.000864
0.000906
0.000805
0.000965
0.001271
0.001336
0.001472
0.002112
0.002689
0.002371
0.001431
0.000761
0.000538
0.000344
0.000026
-0.000395
-0.001009
-0.001581
-0.001574
-0.001065
-0.000806
-0.001115
-0.001524
-0.001654
-0.001623
-0.001537
-0.001341
-0.001120
-0.000986
-0.000767
-0.000242
0.000390
0.000691
0.000691
0.000827
0.001071
0.000974
0.000620
0.000540
0.000714
0.000673
0.000475
0.000538
0.000751
0.000745
0.000666
0.000830
0.001023
0.000863
0.000491
0.000262
0.000147
-0.000011
-0.000137
-0.000223
-0.000466
-0.000871
-0.001151
-0.001113
-0.000887
-0.000710
-0.000680
-0.000811
-0.001047
-0.001130
-0.000841
-0.000412
-0.000281
-0.000440
-0.000480
-0.000231
0.000023
0.000017
-0.000025
0.000353
0.001175
0.002051
0.002609
0.002483
0.001607
0.000786
0.000849
0.001350
0.001280
0.000518
-0.000387
-0.000963
-0.000878
-0.000345
-0.000327
-0.001309
-0.002477
-0.002687
-0.001653
-0.000207
0.000343
-0.000441
-0.001582
-0.001849
-0.001055
-0.000053
0.000177
-0.000519
-0.001197
-0.000799
0.000595
0.001959
0.002442
0.002029
0.001458
0.001475
0.001927
0.001912
0.000976
-0.000141
-0.000304
0.000560
0.001352
0.001167
0.000237
-0.000543
-0.000692
-0.000565
-0.000818
-0.001626
-0.002352
-0.002103
-0.000866
0.000255
0.000240
-0.000752
-0.001620
-0.001461
-0.000453
0.000431
0.000388
-0.000437
-0.000969
-0.000290
0.001193
0.002113
0.001681
0.000540
-0.000039
0.000440
0.001360
0.001748
0.001171
0.000143
-0.000352
0.000071
0.000723
0.000614
-0.000369
-0.001302
-0.001328
-0.000571
0.000159
0.000204
-0.000429
-0.001089
-0.001115
-0.000618
-0.000351
-0.000715
-0.001250
-0.001237
-0.000535
0.000354
0.000813
0.000567
-0.000060
-0.000350
0.000040
0.000671
0.000897
0.000609
0.000252
0.000245
0.000596
0.001003
0.001088
0.000699
0.000192
0.000095
0.000369
0.000449
0.000076
-0.000408
-0.000616
-0.000511
-0.000274
-0.000154
-0.000333
-0.000706
-0.000909
-0.000738
-0.000419
-0.000306
-0.000396
-0.000337
0.000051
0.000488
0.000571
0.000210
-0.000276
-0.000410
-0.000025
0.000511
0.000688
0.000458
0.000259
0.000415
0.000756
0.000895
0.000631
0.000067
-0.000391
-0.000334
0.000070
0.000179
-0.000224
-0.000673
-0.000758
-0.000566
-0.000331
-0.000181
-0.000213
-0.000394
-0.000463
-0.000272
-0.000036
-0.000002
-0.000131
-0.000245
-0.000248
-0.000148
-0.000020
0.000096
0.000235
0.000353
0.000376
0.000424
0.000663
0.000993
0.001129
0.000957
0.000670
0.000489
0.000383
0.000249
0.000128
0.000073
0.000027
-0.000105
-0.000330
-0.000544
-0.000750
-0.001067
-0.001396
-0.001435
-0.001082
-0.000569
-0.000209
-0.000128
-0.000169
-0.000070
0.000208
0.000450
0.000483
0.000316
0.000092
0.000066
0.000410
0.000902
0.001139
0.000989
0.000635
0.000305
0.000119
0.000074
0.000080
0.000017
-0.000174
-0.000415
-0.000518
-0.000427
-0.000371
-0.000502
-0.000582
-0.000427
-0.000245
-0.000246
-0.000340
-0.000394
-0.000405
-0.000368
-0.000240
-0.000100
-0.000073
-0.000041
0.000195
0.000513
0.000647
0.000621
0.000578
0.000489
0.000326
0.000180
0.000074
-0.000043
-0.000149
-0.000195
-0.000180
-0.000105
-0.000006
0.000003
-0.000107
-0.000228
-0.000249
-0.000163
-0.000011
0.000169
0.000304
0.000294
0.000179
0.000129
0.000172
0.000135
-0.000069
-0.000246
-0.000203
-0.000095
-0.000146
-0.000204
-0.000019
0.000269
0.000361
0.000229
0.000054
-0.000022
0.000005
0.000014
-0.000055
-0.000110
-0.000075
0.000025
0.000157
0.000256
0.000174
-0.000119
-0.000369
-0.000327
-0.000085
0.000052
-0.000077
-0.000352
-0.000526
-0.000434
-0.000097
0.000226
0.000247
0.000028
-0.000066
0.000136
0.000446
0.000591
0.000443
0.000077
-0.000263
-0.000313
-0.000074
0.000135
0.000054
-0.000200
-0.000339
-0.000292
-0.000208
-0.000206
-0.000264
-0.000267
-0.000145
0.000042
0.000210
0.000337
0.000357
0.000245
0.000230
0.000494
0.000821
0.000878
0.000641
0.000336
0.000143
0.000087
0.000100
0.000109
0.000035
-0.000178
-0.000419
-0.000474
-0.000343
-0.000311
-0.000549
-0.000837
-0.000894
-0.000728
-0.000476
-0.000247
-0.000162
-0.000237
-0.000303
-0.000200
0.000057
0.000290
0.000303
0.000137
0.000019
0.000087
0.000291
0.000502
0.000624
0.000642
0.000631
0.000653
0.000611
0.000413
0.000159
0.000020
0.000045
0.000136
0.000084
-0.000232
-0.000628
-0.000830
-0.000844
-0.000803
-0.000662
-0.000419
-0.000264
-0.000237
-0.000198
-0.000161
-0.000201
-0.000188
0.000010
0.000280
0.000434
0.000445
0.000388
0.000306
0.000243
0.000257
0.000334
0.000396
0.000389
0.000322
0.000292
0.000395
0.000547
0.000551
0.000340
0.000044
-0.000176
-0.000287
-0.000334
-0.000327
-0.000298
-0.000382
-0.000612
-0.000750
-0.000607
-0.000355
-0.000265
-0.000330
-0.000337
-0.000163
0.000089
0.000221
0.000169
0.000080
0.000126
0.000299
0.000409
0.000335
0.000168
0.000061
0.000081
0.000217
0.000349
0.000319
0.000146
0.000032
0.000064
0.000126
0.000142
0.000120
0.000012
-0.000217
-0.000432
-0.000418
-0.000162
0.000049
-0.000038
-0.000279
-0.000350
-0.000228
-0.000119
-0.000091
-0.000093
-0.000097
-0.000056
0.000047
0.000114
0.000068
-0.000041
-0.000103
-0.000036
0.000151
0.000353
0.000423
0.000290
0.000068
-0.000032
0.000036
0.000103
0.000078
0.000068
0.000121
0.000106
0.000004
0.000010
0.000158
0.000238
0.000170
0.000064
-0.000030
-0.000123
-0.000184
-0.000183
-0.000164
-0.000163
-0.000164
-0.000128
-0.000051
-0.000007
-0.000077
-0.000217
-0.000285
-0.000213
-0.000074
-0.000034
-0.000157
-0.000291
-0.000252
-0.000032
0.000210
0.000305
0.000265
0.000245
0.000298
0.000311
0.000214
0.000076
0.000004
0.000034
0.000086
0.000078
0.000030
-0.000025
-0.000085
-0.000102
-0.000002
0.000201
0.000338
0.000215
-0.000106
-0.000360
-0.000399
-0.000314
-0.000260
-0.000279
-0.000316
-0.000289
-0.000160
-0.000002
0.000076
0.000058
-0.000043
-0.000237
-0.000362
-0.000145
0.000315
0.000573
0.000509
0.000445
0.000543
0.000591
0.000435
0.000212
0.000069
-0.000069
-0.000286
-0.000455
-0.000421
-0.000241
-0.000088
-0.000076
-0.000220
-0.000421
-0.000482
-0.000273
0.000098
0.000317
0.000227
0.000019
-0.000075
-0.000045
0.000024
0.000072
0.000049
-0.000025
-0.000023
0.000130
0.000292
0.000257
0.000064
-0.000041
0.000039
0.000164
0.000205
0.000147
0.000022
-0.000083
-0.000048
0.000120
0.000228
0.000119
-0.000082
-0.000151
-0.000097
-0.000080
-0.000166
-0.000284
-0.000293
-0.000130
0.000050
0.000057
-0.000090
-0.000218
-0.000199
-0.000055
0.000069
0.000033
-0.000137
-0.000231
-0.000071
0.000252
0.000467
0.000418
0.000203
0.000071
0.000173
0.000368
0.000373
0.000131
-0.000134
-0.000227
-0.000150
-0.000012
0.000046
-0.000062
-0.000241
-0.000318
-0.000264
-0.000185
-0.000165
-0.000189
-0.000196
-0.000133
0.000016
0.000164
0.000138
-0.000055
-0.000153
0.000003
0.000250
0.000353
0.000283
0.000166
0.000084
0.000059
0.000084
0.000108
0.000059
-0.000049
-0.000144
-0.000193
-0.000205
-0.000181
-0.000119
-0.000027
0.000075
0.000122
0.000073
0.000017
0.000071
0.000189
0.000236
0.000150
-0.000023
-0.000165
-0.000192
-0.000170
-0.000198
-0.000218
-0.000140
-0.000011
0.000093
0.000176
0.000227
0.000179
0.000036
-0.000061
-0.000042
-0.000027
-0.000098
-0.000207
-0.000320
-0.000379
-0.000314
-0.000192
-0.000095
0.000050
0.000280
0.000417
0.000347
0.000212
0.000134
0.000096
0.000102
0.000114
0.000013
-0.000175
-0.000262
-0.000144
0.000097
0.000296
0.000348
0.000190
-0.000148
-0.000432
-0.000482
-0.000424
-0.000422
-0.000381
-0.000158
0.000174
0.000414
0.000457
0.000373
0.000321
0.000380
0.000476
0.000466
0.000260
-0.000034
-0.000184
-0.000122
-0.000031
-0.000089
-0.000242
-0.000314
-0.000249
-0.000126
-0.000013
0.000040
0.000020
0.000009
0.000068
0.000099
0.000019
-0.000067
-0.000066
-0.000024
0.000030
0.000118
0.000158
0.000040
-0.000134
-0.000165
-0.000084
-0.000077
-0.000141
-0.000131
-0.000060
-0.000056
-0.000126
-0.000169
-0.000139
-0.000050
0.000081
0.000208
0.000238
0.000136
-0.000006
-0.000072
-0.000026
0.000080
0.000140
0.000069
-0.000099
-0.000223
-0.000242
-0.000199
-0.000109
0.000007
0.000069
0.000058
0.000071
0.000127
0.000130
0.000079
0.000068
0.000122
0.000167
0.000144
0.000094
0.000073
0.000046
-0.000011
-0.000033
-0.000021
-0.000033
-0.000029
0.000039
0.000082
0.000042
0.000005
0.000003
-0.000030
-0.000107
-0.000183
-0.000230
-0.000240
-0.000205
-0.000134
-0.000056
0.000019
0.000117
0.000193
0.000164
0.000061
-0.000000
0.000023
0.000077
0.000084
0.000028
-0.000025
-0.000022
0.000013
0.000031
0.000017
-0.000027
-0.000119
-0.000222
-0.000262
-0.000241
-0.000187
-0.000052
0.000165
0.000325
0.000316
0.000175
0.000019
-0.000051
-0.000001
0.000099
0.000137
0.000075
-0.000039
-0.000133
-0.000162
-0.000102
0.000032
0.000124
0.000077
-0.000003
0.000044
0.000171
0.000205
0.000074
-0.000128
-0.000226
-0.000184
-0.000151
-0.000178
-0.000133
-0.000010
0.000049
0.000031
0.000046
0.000094
0.000080
0.000018
0.000007
0.000017
-0.000072
-0.000223
-0.000197
0.000087
0.000392
0.000478
0.000372
0.000256
0.000217
0.000170
0.000066
-0.000024
-0.000071
-0.000129
-0.000213
-0.000296
-0.000353
-0.000343
-0.000290
-0.000295
-0.000386
-0.000450
-0.000367
-0.000154
0.000067
0.000197
0.000241
0.000283
0.000346
0.000359
0.000275
0.000158
0.000087
0.000069
0.000089
0.000123
0.000113
0.000029
-0.000052
-0.000040
0.000046
0.000122
0.000104
-0.000065
-0.000293
-0.000358
-0.000203
-0.000021
-0.000003
-0.000127
-0.000238
-0.000206
-0.000030
0.000148
0.000202
0.000160
0.000104
0.000078
0.000088
0.000096
0.000076
0.000058
0.000056
0.000045
0.000060
0.000124
0.000140
0.000078
0.000060
0.000092
0.000071
0.000001
-0.000051
-0.000098
-0.000176
-0.000244
-0.000222
-0.000125
-0.000050
-0.000060
-0.000135
-0.000181
-0.000134
-0.000027
0.000068
0.000113
0.000092
0.000022
-0.000060
-0.000097
-0.000056
0.000027
0.000083
0.000089
0.000077
0.000083
0.000095
0.000085
0.000043
0.000006
0.000067
0.000234
0.000320
0.000184
-0.000054
-0.000162
-0.000078
0.000048
0.000043
-0.000125
-0.000326
-0.000392
-0.000301
-0.000176
-0.000092
0.000012
0.000181
0.000350
0.000405
0.000298
0.000099
-0.000060
-0.000099
-0.000038
0.000043
0.000053
-0.000057
-0.000195
-0.000204
-0.000077
0.000027
-0.000026
-0.000204
-0.000300
-0.000160
0.000113
0.000286
0.000250
0.000097
-0.000029
-0.000073
-0.000063
-0.000030
0.000018
0.000078
0.000131
0.000151
0.000106
-0.000022
-0.000133
-0.000123
-0.000071
-0.000110
-0.000214
-0.000231
-0.000108
0.000018
0.000014
-0.000027
0.000097
0.000304
0.000256
-0.000062
-0.000256
-0.000145
0.000025
0.000033
-0.000017
0.000049
0.000141
0.000072
-0.000073
-0.000075
0.000054
0.000157
0.000194
0.000229
0.000266
0.000245
0.000165
0.000063
-0.000060
-0.000163
-0.000172
-0.000095
-0.000023
-0.000009
0.000009
0.000071
0.000095
0.000032
-0.000054
-0.000113
-0.000127
-0.000091
-0.000042
-0.000038
-0.000099
-0.000174
-0.000182
-0.000117
-0.000063
-0.000059
-0.000058
-0.000040
-0.000045
-0.000039
0.000054
0.000186
0.000225
0.000152
0.000063
0.000018
-0.000008
-0.000054
-0.000097
-0.000089
-0.000030
0.000041
0.000086
0.000065
-0.000011
-0.000081
-0.000097
-0.000038
0.000048
0.000024
-0.000109
-0.000138
0.000027
0.000196
0.000207
0.000117
0.000071
0.000110
0.000156
0.000132
0.000056
-0.000017
-0.000097
-0.000194
-0.000220
-0.000129
-0.000052
-0.000103
-0.000189
-0.000158
-0.000013
0.000105
0.000122
0.000084
0.000037
-0.000015
-0.000061
-0.000079
-0.000070
-0.000060
-0.000008
0.000152
0.000302
0.000260
0.000088
-0.000035
-0.000094
-0.000139
-0.000151
-0.000122
-0.000073
0.000010
0.000134
0.000199
0.000125
-0.000004
-0.000059
-0.000063
-0.000109
-0.000153
-0.000090
0.000021
0.000051
0.000007
-0.000014
0.000010
0.000014
-0.000033
-0.000081
-0.000060
0.000036
0.000126
0.000114
-0.000004
-0.000157
-0.000244
-0.000199
-0.000061
0.000068
0.000146
0.000205
0.000233
0.000193
0.000128
0.000094
0.000073
0.000042
0.000018
0.000021
0.000048
0.000074
0.000052
-0.000031
-0.000126
-0.000163
-0.000125
-0.000073
-0.000062
-0.000081
-0.000111
-0.000151
-0.000195
-0.000233
-0.000185
0.000049
0.000360
0.000510
0.000473
0.000411
0.000388
0.000332
0.000206
0.000079
-0.000021
-0.000147
-0.000307
-0.000419
-0.000428
-0.000372
-0.000330
-0.000327
-0.000311
-0.000259
-0.000193
-0.000120
-0.000036
0.000004
-0.000052
-0.000118
-0.000072
0.000037
0.000099
0.000130
0.000188
0.000252
0.000290
0.000314
0.000333
0.000301
0.000196
0.000099
0.000089
0.000107
0.000061
-0.000029
-0.000104
-0.000164
-0.000212
-0.000225
-0.000192
-0.000140
-0.000118
-0.000128
-0.000102
-0.000028
0.000004
-0.000024
-0.000009
0.000066
0.000109
0.000115
0.000144
0.000162
0.000148
0.000170
0.000220
0.000188
0.000063
-0.000051
-0.000099
-0.000107
-0.000061
0.000055
0.000137
0.000094
0.000002
-0.000047
-0.000099
-0.000188
-0.000247
-0.000251
-0.000224
-0.000157
-0.000096
-0.000125
-0.000193
-0.000171
-0.000089
-0.000066
-0.000074
-0.000026
0.000065
0.000132
0.000154
0.000157
0.000168
0.000192
0.000227
0.000242
0.000205
0.000143
0.000114
0.000113
0.000059
-0.000046
-0.000077
-0.000025
-0.000015
-0.000062
-0.000097
-0.000133
-0.000175
-0.000163
-0.000102
-0.000026
0.000043
0.000073
0.000084
0.000127
0.000182
0.000191
0.000151
0.000115
0.000104
0.000055
-0.000052
-0.000139
-0.000179
-0.000210
-0.000217
-0.000164
-0.000098
-0.000060
-0.000015
0.000054
0.000127
0.000179
0.000157
0.000039
-0.000105
-0.000195
-0.000200
-0.000128
-0.000046
-0.000003
0.000007
-0.000021
-0.000059
-0.000014
0.000120
0.000213
0.000181
0.000102
0.000065
0.000041
-0.000029
-0.000115
-0.000147
-0.000098
-0.000003
0.000077
0.000140
0.000160
0.000017
-0.000265
-0.000446
-0.000416
-0.000313
-0.000255
-0.000199
-0.000070
0.000117
0.000268
0.000326
0.000341
0.000335
0.000276
0.000231
0.000255
0.000262
0.000207
0.000166
0.000155
0.000099
-0.000007
-0.000080
-0.000102
-0.000156
-0.000247
-0.000249
-0.000116
0.000013
0.000026
-0.000023
-0.000069
-0.000124
-0.000211
-0.000287
-0.000267
-0.000166
-0.000099
-0.000094
-0.000079
-0.000042
-0.000020
-0.000004
0.000045
0.000150
0.000277
0.000351
0.000322
0.000248
0.000207
0.000167
0.000080
-0.000001
-0.000038
-0.000064
-0.000100
-0.000137
-0.000145
-0.000121
-0.000122
-0.000174
-0.000229
-0.000238
-0.000189
-0.000092
0.000013
0.000067
0.000056
0.000039
0.000072
0.000135
0.000166
0.000149
0.000129
0.000136
0.000161
0.000169
0.000113
0.000019
-0.000027
-0.000022
-0.000034
-0.000085
-0.000110
-0.000045
0.000066
0.000112
0.000074
0.000033
0.000015
-0.000013
-0.000018
0.000014
-0.000039
-0.000213
-0.000289
-0.000147
0.000000
-0.000036
-0.000172
-0.000242
-0.000200
-0.000119
-0.000077
-0.000057
-0.000010
0.000034
0.000049
0.000082
0.000136
0.000164
0.000158
0.000138
0.000136
0.000195
0.000274
0.000235
0.000046
-0.000125
-0.000122
-0.000014
0.000037
0.000007
-0.000055
-0.000134
-0.000170
-0.000099
-0.000004
-0.000014
-0.000090
-0.000106
-0.000065
-0.000055
-0.000055
0.000015
0.000140
0.000238
0.000277
0.000277
0.000236
0.000140
0.000025
-0.000052
-0.000071
-0.000048
-0.000016
-0.000002
-0.000036
-0.000131
-0.000220
-0.000205
-0.000130
-0.000128
-0.000204
-0.000244
-0.000204
-0.000129
-0.000092
-0.000106
-0.000039
0.000203
0.000462
0.000556
0.000509
0.000426
0.000343
0.000232
0.000063
-0.000136
-0.000298
-0.000381
-0.000362
-0.000274
-0.000216
-0.000241
-0.000262
-0.000197
-0.000108
-0.000091
-0.000124
-0.000125
-0.000083
-0.000043
-0.000002
0.000069
0.000126
0.000108
0.000058
0.000061
0.000111
0.000160
0.000196
0.000192
0.000138
0.000091
0.000072
0.000049
0.000040
0.000081
0.000146
0.000167
0.000089
-0.000028
-0.000046
0.000027
0.000062
0.000033
-0.000014
-0.000067
-0.000119
-0.000151
-0.000136
-0.000068
-0.000005
-0.000004
-0.000038
-0.000054
-0.000050
-0.000053
-0.000056
-0.000014
0.000054
0.000077
0.000049
0.000038
0.000048
0.000002
-0.000094
-0.000109
-0.000012
0.000078
0.000106
0.000120
0.000139
0.000153
0.000141
0.000077
-0.000021
-0.000112
-0.000169
-0.000159
-0.000084
-0.000030
-0.000064
-0.000140
-0.000166
-0.000148
-0.000175
-0.000225
-0.000156
0.000040
