6720
-0.000043
-0.000117
-0.000199
-0.000209
-0.000220
-0.000253
-0.000208
-0.000073
0.000047
0.000084
0.000047
-0.000007
0.000023
0.000144
0.000214
0.000166
0.000117
0.000171
0.000274
0.000306
0.000197
-0.000003
-0.000140
-0.000148
-0.000113
-0.000102
-0.000077
-0.000011
0.000068
0.000118
0.000114
0.000051
-0.000016
-0.000003
0.000055
0.000030
-0.000101
-0.000231
-0.000258
-0.000173
-0.000064
-0.000026
-0.000030
-0.000037
-0.000082
-0.000135
-0.000115
-0.000048
0.000011
0.000101
0.000222
0.000265
0.000209
0.000149
0.000127
0.000127
0.000141
0.000128
0.000045
-0.000094
-0.000247
-0.000371
-0.000381
-0.000246
-0.000066
0.000078
0.000192
0.000228
0.000125
-0.000046
-0.000145
-0.000119
-0.000031
0.000036
0.000076
0.000112
0.000093
-0.000028
-0.000136
-0.000088
0.000085
0.000238
0.000259
0.000143
0.000007
-0.000020
0.000040
0.000077
0.000076
0.000076
0.000049
-0.000014
-0.000068
-0.000125
-0.000217
-0.000295
-0.000293
-0.000212
-0.000074
0.000079
0.000168
0.000143
0.000026
-0.000064
-0.000001
0.000181
0.000320
0.000305
0.000168
0.000021
-0.000062
-0.000075
-0.000064
-0.000084
-0.000154
-0.000241
-0.000276
-0.000225
-0.000158
-0.000146
-0.000146
-0.000099
0.000013
0.000145
0.000192
0.000099
-0.000055
-0.000151
-0.000131
-0.000032
0.000063
0.000114
0.000135
0.000157
0.000171
0.000124
0.000052
0.000086
0.000212
0.000264
0.000187
0.000084
0.000038
0.000047
0.000060
0.000028
-0.000030
-0.000062
-0.000078
-0.000131
-0.000236
-0.000343
-0.000375
-0.000318
-0.000235
-0.000152
-0.000060
0.000008
0.000044
0.000087
0.000125
0.000115
0.000091
0.000104
0.000131
0.000141
0.000143
0.000130
0.000106
0.000096
0.000078
0.000040
0.000043
0.000133
0.000252
0.000298
0.000251
0.000154
0.000035
-0.000074
-0.000144
-0.000180
-0.000184
-0.000159
-0.000156
-0.000227
-0.000359
-0.000468
-0.000463
-0.000336
-0.000183
-0.000092
-0.000048
0.000032
0.000160
0.000247
0.000250
0.000262
0.000350
0.000394
0.000286
0.000132
0.000051
0.000006
-0.000058
-0.000126
-0.000156
-0.000115
-0.000022
0.000044
0.000039
-0.000014
-0.000081
-0.000105
-0.000005
0.000221
0.000412
0.000370
0.000105
-0.000167
-0.000298
-0.000328
-0.000329
-0.000304
-0.000224
-0.000088
0.000022
0.000020
-0.000008
0.000041
0.000082
0.000056
0.000070
0.000131
0.000107
0.000002
-0.000056
-0.000057
-0.000071
-0.000075
-0.000023
0.000058
0.000110
0.000105
0.000070
0.000075
0.000136
0.000178
0.000145
0.000045
-0.000092
-0.000209
-0.000225
-0.000141
-0.000051
-0.000025
-0.000050
-0.000078
-0.000054
0.000062
0.000234
0.000343
0.000255
-0.000034
-0.000290
-0.000344
-0.000345
-0.000417
-0.000407
-0.000212
0.000029
0.000195
0.000292
0.000344
0.000374
0.000396
0.000398
0.000375
0.000347
0.000291
0.000147
-0.000030
-0.000132
-0.000183
-0.000215
-0.000196
-0.000214
-0.000280
-0.000222
-0.000075
-0.000040
-0.000102
-0.000086
0.000060
0.000160
0.000037
-0.000146
-0.000150
-0.000105
-0.000198
-0.000262
-0.000132
0.000022
0.000045
0.000034
0.000085
0.000130
0.000101
0.000099
0.000217
0.000311
0.000233
0.000125
0.000118
0.000063
-0.000106
-0.000187
-0.000083
0.000031
-0.000003
-0.000121
-0.000129
-0.000019
-0.000022
-0.000186
-0.000262
-0.000163
-0.000058
-0.000026
0.000005
0.000077
0.000123
0.000073
-0.000017
-0.000050
-0.000016
0.000058
0.000138
0.000171
0.000145
0.000079
-0.000007
-0.000065
-0.000071
-0.000028
0.000071
0.000167
0.000178
0.000137
0.000118
0.000105
0.000059
-0.000024
-0.000137
-0.000256
-0.000346
-0.000376
-0.000347
-0.000268
-0.000143
0.000009
0.000125
0.000149
0.000119
0.000126
0.000153
0.000104
-0.000022
-0.000099
-0.000028
0.000126
0.000205
0.000161
0.000073
0.000016
0.000012
0.000054
0.000108
0.000147
0.000132
0.000000
-0.000224
-0.000357
-0.000273
-0.000095
-0.000006
-0.000013
-0.000031
-0.000036
-0.000037
-0.000034
-0.000029
0.000012
0.000129
0.000277
0.000339
0.000246
0.000076
-0.000047
-0.000072
-0.000012
0.000033
-0.000049
-0.000189
-0.000212
-0.000095
0.000050
0.000129
0.000096
-0.000015
-0.000092
-0.000080
-0.000042
-0.000050
-0.000073
-0.000024
0.000078
0.000116
0.000045
-0.000075
-0.000181
-0.000217
-0.000081
0.000213
0.000445
0.000467
0.000357
0.000232
0.000150
0.000119
0.000056
-0.000112
-0.000305
-0.000446
-0.000584
-0.000674
-0.000546
-0.000226
0.000039
0.000113
0.000077
0.000027
-0.000014
-0.000023
0.000016
0.000077
0.000162
0.000270
0.000311
0.000212
0.000038
-0.000087
-0.000134
-0.000137
-0.000111
-0.000060
0.000013
0.000115
0.000201
0.000197
0.000135
0.000147
0.000250
0.000318
0.000288
0.000214
0.000105
-0.000098
-0.000332
-0.000427
-0.000347
-0.000217
-0.000141
-0.000139
-0.000171
-0.000151
-0.000054
0.000050
0.000105
0.000098
0.000058
0.000071
0.000153
0.000189
0.000127
0.000042
-0.000024
-0.000077
-0.000073
0.000013
0.000093
0.000083
0.000025
0.000021
0.000080
0.000087
0.000011
-0.000026
0.000009
0.000021
-0.000021
-0.000086
-0.000153
-0.000170
-0.000105
-0.000019
0.000023
0.000044
0.000053
-0.000009
-0.000131
-0.000218
-0.000219
-0.000206
-0.000244
-0.000240
-0.000081
0.000153
0.000321
0.000400
0.000400
0.000286
0.000115
0.000042
0.000074
0.000052
-0.000052
-0.000064
0.000061
0.000157
0.000129
0.000022
-0.000096
-0.000174
-0.000195
-0.000167
-0.000115
-0.000083
-0.000095
-0.000141
-0.000141
0.000004
0.000207
0.000241
0.000093
-0.000032
-0.000030
0.000015
-0.000025
-0.000144
-0.000214
-0.000180
-0.000110
-0.000043
0.000056
0.000160
0.000177
0.000106
0.000060
0.000075
0.000091
0.000097
0.000092
0.000025
-0.000054
-0.000016
0.000084
0.000078
-0.000023
-0.000076
-0.000044
0.000011
0.000034
0.000027
0.000019
0.000022
0.000005
-0.000068
-0.000152
-0.000117
0.000023
-0.000009
-0.000323
-0.000565
-0.000442
-0.000170
-0.000048
-0.000013
0.000096
0.000211
0.000240
0.000279
0.000401
0.000492
0.000437
0.000283
0.000141
0.000069
0.000064
0.000080
0.000051
-0.000048
-0.000176
-0.000257
-0.000272
-0.000263
-0.000258
-0.000214
-0.000068
0.000138
0.000251
0.000218
0.000142
0.000085
0.000003
-0.000115
-0.000222
-0.000259
-0.000215
-0.000200
-0.000289
-0.000353
-0.000275
-0.000095
0.000117
0.000309
0.000423
0.000453
0.000423
0.000327
0.000184
0.000048
-0.000058
-0.000130
-0.000128
-0.000067
-0.000062
-0.000136
-0.000162
-0.000094
-0.000037
-0.000058
-0.000112
-0.000122
-0.000059
0.000039
0.000075
0.000000
-0.000087
-0.000073
0.000007
0.000087
0.000168
0.000205
0.000120
-0.000058
-0.000213
-0.000255
-0.000210
-0.000164
-0.000100
0.000054
0.000206
0.000214
0.000138
0.000101
0.000106
0.000109
0.000099
0.000076
0.000055
0.000063
0.000087
0.000088
0.000036
-0.000066
-0.000174
-0.000257
-0.000316
-0.000345
-0.000311
-0.000169
0.000075
0.000284
0.000319
0.000203
0.000057
-0.000028
-0.000041
-0.000040
-0.000050
-0.000019
0.000082
0.000205
0.000302
0.000367
0.000354
0.000187
-0.000086
-0.000307
-0.000370
-0.000312
-0.000245
-0.000198
-0.000150
-0.000124
-0.000099
-0.000021
0.000060
0.000071
0.000058
0.000095
0.000140
0.000158
0.000213
0.000294
0.000257
0.000090
-0.000042
-0.000093
-0.000170
-0.000249
-0.000196
-0.000025
0.000112
0.000132
0.000073
0.000004
-0.000050
-0.000079
-0.000065
-0.000038
-0.000060
-0.000114
-0.000116
-0.000086
-0.000090
-0.000044
0.000054
0.000006
-0.000105
0.000062
0.000394
0.000482
0.000351
0.000271
0.000193
-0.000008
-0.000177
-0.000214
-0.000279
-0.000427
-0.000467
-0.000302
-0.000065
0.000078
0.000074
-0.000025
-0.000113
-0.000123
-0.000088
-0.000069
-0.000065
-0.000034
0.000072
0.000235
0.000325
0.000235
0.000042
-0.000097
-0.000149
-0.000127
-0.000005
0.000152
0.000229
0.000203
0.000113
0.000006
-0.000050
-0.000039
-0.000001
0.000054
0.000121
0.000154
0.000152
0.000150
0.000076
-0.000090
-0.000180
-0.000138
-0.000111
-0.000131
-0.000098
-0.000046
-0.000065
-0.000104
-0.000076
-0.000020
-0.000001
0.000001
0.000025
0.000037
-0.000005
-0.000049
-0.000014
0.000095
0.000187
0.000176
0.000068
-0.000048
-0.000084
-0.000031
0.000031
0.000004
-0.000087
-0.000107
0.000011
0.000156
0.000203
0.000139
0.000003
-0.000131
-0.000203
-0.000245
-0.000292
-0.000300
-0.000262
-0.000227
-0.000204
-0.000133
0.000044
0.000276
0.000445
0.000504
0.000475
0.000382
0.000249
0.000148
0.000125
0.000143
0.000128
0.000053
-0.000066
-0.000202
-0.000318
-0.000385
-0.000406
-0.000333
-0.000118
0.000125
0.000211
0.000114
-0.000042
-0.000125
-0.000096
-0.000012
0.000064
0.000111
0.000116
0.000085
0.000055
0.000018
-0.000052
-0.000103
-0.000091
-0.000060
-0.000059
-0.000120
-0.000228
-0.000244
-0.000081
0.000157
0.000314
0.000324
0.000212
0.000067
0.000000
0.000033
0.000073
0.000035
-0.000042
-0.000084
-0.000105
-0.000148
-0.000185
-0.000162
-0.000094
-0.000052
-0.000069
-0.000077
0.000005
0.000143
0.000217
0.000215
0.000224
0.000220
0.000123
0.000025
0.000059
0.000052
-0.000251
-0.000618
-0.000627
-0.000357
-0.000161
-0.000078
0.000049
0.000190
0.000228
0.000188
0.000170
0.000182
0.000165
0.000158
0.000267
0.000416
0.000413
0.000259
0.000125
0.000074
0.000026
-0.000086
-0.000231
-0.000302
-0.000261
-0.000172
-0.000063
0.000071
0.000159
0.000122
-0.000008
-0.000130
-0.000210
-0.000280
-0.000335
-0.000351
-0.000315
-0.000188
0.000001
0.000097
0.000017
-0.000088
-0.000038
0.000083
0.000101
0.000083
0.000182
0.000342
0.000426
0.000401
0.000321
0.000237
0.000137
0.000023
-0.000038
-0.000050
-0.000103
-0.000197
-0.000256
-0.000273
-0.000274
-0.000241
-0.000176
-0.000119
-0.000092
-0.000080
-0.000067
-0.000066
-0.000086
-0.000055
0.000077
0.000195
0.000174
0.000111
0.000152
0.000214
0.000121
-0.000084
-0.000199
-0.000142
-0.000012
0.000072
0.000117
0.000176
0.000210
0.000162
0.000064
-0.000006
-0.000022
-0.000051
-0.000134
-0.000168
-0.000061
0.000097
0.000152
0.000092
-0.000009
-0.000124
-0.000199
-0.000178
-0.000130
-0.000103
-0.000030
0.000090
0.000149
0.000107
0.000051
0.000063
0.000075
0.000006
-0.000067
-0.000071
-0.000056
-0.000054
-0.000031
0.000011
0.000009
-0.000062
-0.000114
-0.000064
0.000033
0.000065
0.000026
0.000007
0.000044
0.000082
0.000079
0.000072
0.000097
0.000115
0.000080
0.000019
-0.000060
-0.000152
-0.000179
-0.000112
-0.000032
-0.000010
-0.000031
-0.000039
-0.000036
-0.000061
-0.000079
-0.000012
0.000129
0.000228
0.000214
0.000135
0.000017
-0.000142
-0.000230
-0.000155
-0.000032
0.000028
0.000086
0.000187
0.000201
0.000010
-0.000241
-0.000230
0.000095
0.000413
0.000502
0.000458
0.000409
0.000307
0.000092
-0.000164
-0.000367
-0.000495
-0.000536
-0.000479
-0.000387
-0.000339
-0.000307
-0.000213
-0.000064
0.000066
0.000100
0.000027
-0.000070
-0.000103
-0.000065
0.000022
0.000135
0.000231
0.000277
0.000269
0.000211
0.000132
0.000066
0.000012
-0.000021
0.000008
0.000057
0.000024
-0.000033
0.000039
0.000185
0.000218
0.000118
0.000034
0.000065
0.000143
0.000132
0.000009
-0.000127
-0.000202
-0.000237
-0.000278
-0.000311
-0.000292
-0.000196
-0.000064
-0.000002
-0.000027
-0.000004
0.000109
0.000174
0.000113
0.000024
0.000041
0.000184
0.000304
0.000262
0.000116
0.000017
0.000031
0.000097
0.000073
-0.000076
-0.000201
-0.000194
-0.000127
-0.000092
-0.000075
-0.000007
0.000074
0.000015
-0.000169
-0.000253
-0.000156
-0.000054
-0.000074
-0.000124
-0.000079
0.000019
0.000055
0.000039
0.000087
0.000251
0.000426
0.000475
0.000398
0.000269
0.000095
-0.000114
-0.000278
-0.000330
-0.000268
-0.000136
-0.000023
-0.000016
-0.000110
-0.000172
-0.000093
0.000033
0.000089
0.000104
0.000098
0.000055
-0.000037
-0.000171
-0.000229
-0.000130
-0.000018
-0.000030
-0.000099
-0.000114
-0.000053
0.000037
0.000096
0.000130
0.000183
0.000234
0.000258
0.000243
0.000136
-0.000025
-0.000118
-0.000164
-0.000226
-0.000206
-0.000012
0.000239
0.000328
0.000201
0.000045
0.000001
-0.000053
-0.000151
-0.000098
0.000015
-0.000095
-0.000273
-0.000214
-0.000045
-0.000009
-0.000059
-0.000060
-0.000039
-0.000108
-0.000222
-0.000211
-0.000100
0.000015
0.000238
0.000509
0.000476
0.000109
-0.000190
-0.000189
-0.000051
-0.000024
-0.000089
-0.000031
0.000186
0.000343
0.000279
0.000075
-0.000072
-0.000105
-0.000131
-0.000140
-0.000038
0.000085
0.000122
0.000119
0.000110
0.000061
-0.000013
-0.000018
0.000078
0.000130
0.000035
-0.000062
-0.000050
-0.000018
-0.000032
-0.000042
-0.000021
-0.000054
-0.000215
-0.000395
-0.000460
-0.000440
-0.000388
-0.000264
-0.000063
0.000136
0.000237
0.000218
0.000210
0.000333
0.000485
0.000520
0.000486
0.000427
0.000245
-0.000018
-0.000193
-0.000282
-0.000392
-0.000496
-0.000465
-0.000274
-0.000067
0.000059
0.000160
0.000264
0.000307
0.000221
-0.000014
-0.000283
-0.000418
-0.000407
-0.000295
-0.000079
0.000133
0.000215
0.000217
0.000217
0.000182
0.000028
-0.000178
-0.000194
0.000010
0.000164
0.000182
0.000206
0.000240
0.000161
-0.000055
-0.000271
-0.000297
-0.000116
0.000109
0.000266
0.000358
0.000363
0.000213
-0.000086
-0.000371
-0.000455
-0.000369
-0.000236
-0.000060
0.000102
0.000130
0.000097
0.000106
0.000105
0.000074
0.000072
0.000086
0.000094
0.000081
-0.000041
-0.000256
-0.000394
-0.000405
-0.000325
-0.000128
0.000104
0.000281
0.000420
0.000452
0.000341
0.000145
-0.000150
-0.000393
-0.000319
-0.000077
0.000042
0.000059
0.000046
0.000015
-0.000026
-0.000176
-0.000355
-0.000284
-0.000005
0.000250
0.000487
0.000667
0.000634
0.000421
0.000122
-0.000173
-0.000339
-0.000441
-0.000511
-0.000347
-0.000045
0.000077
0.000059
0.000017
-0.000113
-0.000251
-0.000267
-0.000166
0.000018
0.000199
0.000328
0.000471
0.000494
0.000193
-0.000174
-0.000186
0.000063
0.000190
0.000131
0.000104
0.000162
0.000100
-0.000154
-0.000350
-0.000306
-0.000168
-0.000126
-0.000170
-0.000161
-0.000070
-0.000042
-0.000157
-0.000280
-0.000270
-0.000165
-0.000060
-0.000004
-0.000012
-0.000028
0.000040
0.000180
0.000309
0.000351
0.000251
0.000096
0.000061
0.000101
0.000059
0.000021
0.000108
0.000165
0.000049
-0.000137
-0.000231
-0.000177
-0.000051
0.000048
0.000081
0.000030
-0.000033
0.000036
0.000213
0.000317
0.000247
0.000059
-0.000103
-0.000169
-0.000236
-0.000321
-0.000286
-0.000146
-0.000079
-0.000124
-0.000121
0.000031
0.000182
0.000166
0.000118
0.000212
0.000321
0.000321
0.000295
0.000283
0.000201
-0.000001
-0.000248
-0.000425
-0.000538
-0.000614
-0.000572
-0.000405
-0.000182
0.000099
0.000385
0.000510
0.000404
0.000207
0.000136
0.000217
0.000273
0.000243
0.000207
0.000157
0.000073
-0.000014
-0.000121
-0.000222
-0.000284
-0.000377
-0.000493
-0.000535
-0.000470
-0.000265
0.000022
0.000227
0.000306
0.000280
0.000179
0.000088
0.000007
-0.000120
-0.000198
-0.000103
0.000134
0.000389
0.000524
0.000488
0.000331
0.000084
-0.000204
-0.000394
-0.000362
-0.000144
0.000064
0.000125
0.000114
0.000126
0.000119
0.000071
0.000045
0.000029
-0.000082
-0.000270
-0.000334
-0.000176
-0.000026
-0.000138
-0.000320
-0.000235
-0.000031
-0.000047
-0.000145
-0.000023
0.000203
0.000277
0.000235
0.000220
0.000231
0.000163
-0.000011
-0.000128
-0.000155
-0.000281
-0.000392
-0.000136
0.000357
0.000645
0.000659
0.000572
0.000390
0.000019
-0.000430
-0.000620
-0.000490
-0.000421
-0.000508
-0.000380
-0.000027
0.000109
-0.000087
-0.000309
-0.000315
-0.000087
0.000210
0.000380
0.000462
0.000591
0.000685
0.000644
0.000526
0.000313
-0.000040
-0.000426
-0.000735
-0.000903
-0.000846
-0.000544
-0.000090
0.000299
0.000432
0.000378
0.000308
0.000221
0.000096
0.000060
0.000198
0.000372
0.000398
0.000379
0.000470
0.000446
0.000071
-0.000446
-0.000746
-0.000760
-0.000688
-0.000632
-0.000440
-0.000100
0.000149
0.000225
0.000247
0.000265
0.000219
0.000055
-0.000116
-0.000080
0.000168
0.000421
0.000517
0.000388
0.000064
-0.000348
-0.000788
-0.001178
-0.001418
-0.001436
-0.001095
-0.000409
0.000305
0.000885
0.001420
0.001823
0.001878
0.001531
0.000971
0.000545
0.000332
0.000101
-0.000132
-0.000205
-0.000283
-0.000555
-0.000866
-0.001027
-0.001108
-0.001215
-0.001185
-0.000781
-0.000146
0.000316
0.000416
0.000350
0.000395
0.000513
0.000494
0.000354
0.000216
0.000124
0.000052
-0.000114
-0.000406
-0.000660
-0.000711
-0.000558
-0.000405
-0.000338
-0.000080
0.000455
0.000899
0.001031
0.001053
0.001195
0.001352
0.001174
0.000619
0.000030
-0.000369
-0.000524
-0.000478
-0.000455
-0.000572
-0.000715
-0.000778
-0.000705
-0.000594
-0.000648
-0.000780
-0.000707
-0.000424
-0.000110
0.000194
0.000493
0.000696
0.000708
0.000533
0.000263
0.000058
-0.000006
-0.000041
-0.000162
-0.000318
-0.000355
-0.000275
-0.000301
-0.000442
-0.000364
0.000069
0.000629
0.001085
0.001377
0.001519
0.001433
0.001024
0.000452
-0.000019
-0.000341
-0.000594
-0.000826
-0.000974
-0.000960
-0.000954
-0.000979
-0.000716
-0.000276
-0.000112
-0.000176
-0.000131
0.000136
0.000454
0.000539
0.000452
0.000390
0.000189
-0.000150
-0.000292
-0.000258
-0.000240
-0.000216
-0.000232
-0.000340
-0.000436
-0.000442
-0.000303
-0.000029
0.000186
0.000250
0.000346
0.000548
0.000689
0.000710
0.000743
0.000803
0.000731
0.000452
0.000111
-0.000081
-0.000094
-0.000086
-0.000183
-0.000341
-0.000477
-0.000614
-0.000705
-0.000583
-0.000330
-0.000199
-0.000119
0.000126
0.000357
0.000238
-0.000132
-0.000336
-0.000263
-0.000161
-0.000092
0.000084
0.000206
0.000062
-0.000073
0.000052
0.000226
0.000275
0.000301
0.000446
0.000558
0.000183
-0.000483
-0.000622
-0.000348
-0.000374
-0.000605
-0.000569
-0.000075
0.000664
0.001031
0.000889
0.000700
0.000539
0.000336
0.000236
0.000163
0.000029
-0.000064
-0.000101
-0.000151
-0.000363
-0.000731
-0.000873
-0.000656
-0.000427
-0.000313
-0.000136
0.000075
0.000144
0.000110
0.000073
-0.000035
-0.000152
-0.000077
0.000100
0.000156
0.000138
0.000165
0.000173
0.000061
-0.000074
-0.000080
-0.000050
-0.000112
-0.000125
0.000015
0.000155
0.000118
-0.000068
-0.000213
-0.000245
-0.000190
0.000038
0.000409
0.000712
0.000922
0.001101
0.001092
0.000781
0.000302
-0.000185
-0.000586
-0.000783
-0.000744
-0.000657
-0.000715
-0.000812
-0.000680
-0.000367
-0.000196
-0.000188
-0.000032
0.000305
0.000476
0.000261
-0.000135
-0.000281
-0.000017
0.000271
0.000194
-0.000080
-0.000176
-0.000029
0.000100
-0.000024
-0.000147
0.000132
0.000494
0.000350
-0.000121
-0.000303
-0.000085
0.000140
0.000196
0.000328
0.000493
0.000246
-0.000277
-0.000461
-0.000331
-0.000315
-0.000343
-0.000092
0.000312
0.000431
0.000268
0.000285
0.000538
0.000548
0.000161
-0.000201
-0.000184
0.000048
0.000131
0.000031
-0.000060
-0.000105
-0.000121
-0.000130
-0.000273
-0.000496
-0.000456
-0.000158
-0.000058
-0.000262
-0.000300
0.000043
0.000295
0.000095
-0.000172
-0.000082
0.000146
0.000222
0.000349
0.000652
0.000664
0.000092
-0.000476
-0.000542
-0.000525
-0.000667
-0.000477
0.000097
0.000431
0.000334
0.000292
0.000540
0.000653
0.000375
0.000105
0.000040
-0.000152
-0.000456
-0.000474
-0.000243
-0.000200
-0.000403
-0.000395
-0.000071
0.000025
-0.000199
-0.000132
0.000295
0.000467
0.000226
0.000083
0.000349
0.000591
0.000344
-0.000064
-0.000205
-0.000272
-0.000436
-0.000502
-0.000389
-0.000206
0.000024
0.000335
0.000578
0.000498
0.000219
0.000142
0.000189
-0.000062
-0.000482
-0.000544
-0.000224
0.000005
-0.000057
-0.000143
-0.000100
-0.000144
-0.000388
-0.000617
-0.000676
-0.000513
-0.000018
0.000632
0.000951
0.000796
0.000600
0.000807
0.001149
0.000969
0.000359
-0.000087
-0.000352
-0.000621
-0.000736
-0.000648
-0.000431
-0.000079
0.000253
0.000320
0.000023
-0.000376
-0.000432
-0.000283
-0.000436
-0.000690
-0.000515
-0.000102
-0.000001
-0.000132
0.000041
0.000391
0.000255
-0.000206
-0.000240
0.000185
0.000444
0.000291
0.000228
0.000573
0.000736
0.000353
-0.000027
-0.000084
-0.000047
0.000037
0.000275
0.000648
0.000944
0.000907
0.000596
0.000136
-0.000585
-0.001326
-0.001557
-0.001345
-0.001167
-0.001098
-0.000863
-0.000420
-0.000135
-0.000115
0.000081
0.000547
0.000870
0.000972
0.001067
0.001170
0.001203
0.001069
0.000716
0.000254
-0.000287
-0.000897
-0.001254
-0.001167
-0.000909
-0.000679
-0.000396
-0.000048
0.000183
0.000096
-0.000095
0.000107
0.000603
0.000805
0.000701
0.000716
0.000806
0.000586
-0.000019
-0.000627
-0.000849
-0.000792
-0.000773
-0.000777
-0.000661
-0.000468
-0.000279
-0.000123
0.000011
0.000174
0.000375
0.000606
0.000836
0.000923
0.000807
0.000645
0.000559
0.000469
0.000268
0.000000
-0.000250
-0.000511
-0.000759
-0.000847
-0.000769
-0.000661
-0.000542
-0.000313
0.000013
0.000257
0.000296
0.000241
0.000243
0.000250
0.000166
0.000067
0.000042
0.000044
0.000011
0.000008
0.000143
0.000348
0.000395
0.000255
0.000173
0.000280
0.000395
0.000297
0.000036
-0.000207
-0.000411
-0.000636
-0.000808
-0.000841
-0.000763
-0.000627
-0.000435
-0.000146
0.000218
0.000467
0.000481
0.000408
0.000389
0.000380
0.000359
0.000380
0.000414
0.000399
0.000359
0.000305
0.000161
-0.000103
-0.000404
-0.000649
-0.000781
-0.000777
-0.000677
-0.000548
-0.000340
0.000058
0.000528
0.000775
0.000722
0.000510
0.000240
0.000002
-0.000105
-0.000085
-0.000011
0.000039
0.000010
-0.000045
-0.000092
-0.000207
-0.000367
-0.000439
-0.000383
-0.000234
-0.000036
0.000200
0.000529
0.000897
0.001040
0.000831
0.000499
0.000217
-0.000218
-0.000920
-0.001540
-0.001748
-0.001637
-0.001381
-0.000885
-0.000024
0.000889
0.001337
0.001331
0.001276
0.001259
0.001135
0.000958
0.000818
0.000647
0.000469
0.000366
0.000184
-0.000229
-0.000784
-0.001407
-0.002047
-0.002617
-0.003021
-0.002838
-0.001703
-0.000065
0.001383
0.002466
0.003202
0.003418
0.002918
0.001902
0.000899
0.000077
-0.000700
-0.001294
-0.001488
-0.001327
-0.001022
-0.000797
-0.000723
-0.000795
-0.001039
-0.001195
-0.000869
-0.000111
0.000722
0.001416
0.001914
0.002144
0.001979
0.001413
0.000639
-0.000216
-0.001095
-0.001765
-0.001971
-0.001735
-0.001300
-0.000872
-0.000469
-0.000103
0.000097
0.000141
0.000217
0.000418
0.000726
0.001078
0.001314
0.001316
0.001136
0.000859
0.000500
0.000053
-0.000410
-0.000769
-0.001002
-0.001114
-0.001007
-0.000634
-0.000155
0.000202
0.000316
0.000244
0.000122
-0.000023
-0.000390
-0.001349
-0.002589
-0.002650
-0.000818
0.001625
0.003355
0.004276
0.004580
0.003981
0.001967
-0.000893
-0.002977
-0.003794
-0.003966
-0.003531
-0.002355
-0.000763
0.000804
0.001918
0.002327
0.001809
0.000371
-0.000950
-0.001101
-0.000484
0.000064
0.000528
0.001210
0.001802
0.001544
0.000357
-0.000959
-0.001873
-0.002393
-0.002336
-0.001491
-0.000231
0.000936
0.001950
0.002734
0.002829
0.001997
0.000710
-0.000305
-0.000875
-0.001320
-0.001558
-0.001172
-0.000386
0.000128
0.000201
0.000119
-0.000054
-0.000405
-0.000624
-0.000399
-0.000028
0.000164
0.000351
0.000669
0.000717
-0.000059
-0.001441
-0.002522
-0.002906
-0.002660
-0.001600
0.000133
0.001822
0.002954
0.003512
0.003767
0.003755
0.003087
0.001837
0.000667
-0.000153
-0.000725
-0.001070
-0.001273
-0.001403
-0.001511
-0.001762
-0.002085
-0.002232
-0.002221
-0.002126
-0.001962
-0.001795
-0.001530
-0.000948
0.000102
0.001567
0.002839
0.003250
0.002895
0.002214
0.001427
0.000696
0.000196
0.000100
0.000471
0.001033
0.001378
0.001308
0.000838
0.000138
-0.000601
-0.001240
-0.001631
-0.001729
-0.001616
-0.001364
-0.001156
-0.001183
-0.001312
-0.001267
-0.001053
-0.000890
-0.000845
-0.000711
-0.000301
0.000309
0.000921
0.001340
0.001416
0.001201
0.000884
0.000559
0.000300
0.000240
0.000430
0.000767
0.001034
0.001008
0.000708
0.000472
0.000664
0.001192
0.001406
0.000905
0.000219
0.000054
0.000165
-0.000280
-0.001319
-0.002047
-0.002136
-0.002248
-0.002594
-0.002587
-0.002056
-0.001476
-0.001126
-0.000777
-0.000156
0.000647
0.001444
0.002139
0.002492
0.002367
0.002043
0.001801
0.001549
0.001023
0.000245
-0.000298
-0.000313
-0.000099
0.000207
0.000731
0.000980
0.000345
-0.000756
-0.001622
-0.002237
-0.002686
-0.002722
-0.002105
-0.000917
0.000359
0.001368
0.002177
0.002535
0.001986
0.000843
-0.000203
-0.000972
-0.001470
-0.001466
-0.000858
-0.000016
0.000557
0.000826
0.001030
0.001051
0.000637
-0.000017
-0.000429
-0.000386
-0.000121
0.000131
0.000421
0.000701
0.000642
0.000143
-0.000482
-0.000971
-0.001315
-0.001530
-0.001512
-0.001113
-0.000357
0.000460
0.001039
0.001217
0.000900
0.000300
-0.000104
-0.000125
-0.000006
0.000105
0.000314
0.000583
0.000638
0.000390
0.000088
-0.000096
-0.000228
-0.000315
-0.000284
-0.000181
-0.000097
-0.000011
0.000133
0.000253
0.000127
-0.000274
-0.000649
-0.000747
-0.000657
-0.000610
-0.000534
-0.000095
0.000630
0.001113
0.001049
0.000603
0.000312
0.000570
0.000920
0.000616
-0.000141
-0.000462
-0.000157
-0.000174
-0.001120
-0.001977
-0.001568
-0.000392
0.000232
-0.000182
-0.000809
-0.000307
0.001143
0.001789
0.001204
0.000593
0.000322
-0.000023
-0.000432
-0.000795
-0.000895
-0.000419
0.000308
0.000674
0.000656
0.000697
0.001022
0.001127
0.000343
-0.000942
-0.001645
-0.001490
-0.000891
-0.000021
0.000970
0.001659
0.001829
0.001658
0.001312
0.000569
-0.000750
-0.002000
-0.002335
-0.001855
-0.001212
-0.000703
-0.000236
0.000210
0.000320
-0.000040
-0.000414
-0.000441
-0.000225
0.000118
0.000562
0.000994
0.001233
0.001181
0.000974
0.000700
0.000194
-0.000497
-0.000990
-0.001049
-0.000756
-0.000274
0.000304
0.000827
0.001020
0.000812
0.000414
-0.000067
-0.000691
-0.001275
-0.001393
-0.000978
-0.000478
-0.000179
0.000041
0.000271
0.000385
0.000299
0.000175
0.000223
0.000402
0.000534
0.000568
0.000568
0.000531
0.000366
0.000064
-0.000195
-0.000250
-0.000168
-0.000084
-0.000074
-0.000159
-0.000275
-0.000385
-0.000463
-0.000284
0.000210
0.000687
0.000944
0.000911
0.000529
0.000012
-0.000639
-0.001482
-0.001936
-0.001904
-0.001889
-0.001260
0.000667
0.002636
0.002909
0.001577
0.000333
-0.000002
-0.000672
-0.002104
-0.002223
-0.000358
0.001122
0.001253
0.001424
0.001696
0.001202
0.000284
-0.000283
-0.000229
-0.000343
-0.001369
-0.002016
-0.001453
-0.001151
-0.001358
-0.000724
0.000772
0.002158
0.002727
0.002555
0.002276
0.001700
0.000608
-0.000209
-0.000664
-0.001326
-0.001839
-0.001650
-0.000990
-0.000633
-0.000985
-0.001317
-0.001025
-0.000676
-0.000664
-0.000583
-0.000070
0.000794
0.001527
0.001833
0.001883
0.001621
0.000961
0.000346
-0.000047
-0.000540
-0.001013
-0.001012
-0.000565
-0.000168
-0.000162
-0.000257
-0.000059
0.000184
0.000202
0.000191
0.000157
-0.000048
-0.000268
-0.000277
-0.000069
0.000041
-0.000180
-0.000369
-0.000294
-0.000365
-0.000662
-0.000717
-0.000388
0.000004
0.000142
0.000125
0.000293
0.000497
0.000390
0.000289
0.000616
0.001095
0.001243
0.000975
0.000496
0.000041
-0.000102
0.000298
0.000878
0.000741
-0.000325
-0.001288
-0.001298
-0.001174
-0.002060
-0.002983
-0.002017
0.000385
0.001919
0.001865
0.001523
0.001594
0.001342
0.000320
-0.000987
-0.001940
-0.001787
-0.000427
0.000713
0.000661
0.000348
0.000697
0.001125
0.000630
-0.000462
-0.000925
-0.000764
-0.000653
-0.000149
0.000958
0.001518
0.000915
-0.000051
-0.000793
-0.001792
-0.003142
-0.003505
-0.001882
0.000688
0.002663
0.003910
0.004797
0.004838
0.003522
0.001399
-0.000658
-0.002357
-0.003454
-0.003430
-0.002438
-0.001502
-0.001125
-0.000824
-0.000387
-0.000313
-0.000766
-0.001090
-0.000707
0.000096
0.000807
0.001488
0.002218
0.002554
0.002240
0.001576
0.000751
-0.000345
-0.001455
-0.001927
-0.001668
-0.001317
-0.001139
-0.000688
0.000126
0.000686
0.000658
0.000415
0.000337
0.000391
0.000374
0.000310
0.000445
0.000658
0.000615
0.000445
0.000218
-0.000295
-0.000803
-0.000870
-0.000660
-0.000596
-0.000811
-0.000883
-0.000472
-0.000059
0.000028
0.000182
0.000469
0.000629
0.000759
0.000911
0.000765
0.000169
-0.000315
-0.000042
0.000381
0.000098
0.000021
0.001171
0.002096
0.000756
-0.002089
-0.003628
-0.002568
-0.000497
0.000277
-0.000428
-0.000661
0.000691
0.002216
0.001911
0.000085
-0.000690
0.000629
0.001682
0.000455
-0.001693
-0.002209
-0.000931
-0.000034
-0.000185
0.000175
0.001223
0.001760
0.001335
-0.000152
-0.002068
-0.002995
-0.002256
-0.000017
0.002483
0.003553
0.003621
0.003985
0.003995
0.002533
-0.000053
-0.002404
-0.003488
-0.003675
-0.003664
-0.003293
-0.002551
-0.001836
-0.001238
-0.000828
-0.000729
-0.000725
-0.000362
0.000612
0.001779
0.002514
0.002871
0.003148
0.003089
0.002273
0.000790
-0.000780
-0.001790
-0.001941
-0.001448
-0.000820
-0.000442
-0.000282
-0.000095
0.000062
-0.000129
-0.000570
-0.000638
0.000034
0.000973
0.001437
0.001348
0.001033
0.000501
-0.000373
-0.001358
-0.001918
-0.001711
-0.001012
-0.000275
0.000351
0.000676
0.000545
0.000327
0.000432
0.000660
0.000454
-0.000256
-0.000644
-0.000145
0.000497
0.000532
0.000336
0.000351
0.000343
0.000068
-0.000484
-0.001040
-0.000784
0.000559
0.001723
0.001309
-0.000212
-0.000978
-0.000864
-0.001523
-0.002173
-0.000987
0.000541
0.000651
0.000277
0.000931
0.002712
0.003085
0.000423
-0.002342
-0.003323
-0.003857
-0.003479
-0.001449
0.000910
0.002745
0.003719
0.003761
0.003155
0.001447
-0.000533
-0.000765
0.000065
0.000178
0.000143
0.001082
0.002492
0.002743
0.001017
-0.001444
-0.003269
-0.004439
-0.004844
-0.004133
-0.002726
-0.001175
0.000447
0.002048
0.002989
0.002389
0.000578
-0.000754
-0.000873
-0.000598
-0.000397
0.000076
0.000920
0.001656
0.001736
0.001142
0.000267
-0.000500
-0.000691
-0.000211
0.000334
0.000670
0.001174
0.001888
0.002261
0.001738
0.000407
-0.000960
-0.001853
-0.002440
-0.002824
-0.002656
-0.001666
-0.000220
0.000872
0.001147
0.000704
-0.000210
-0.001288
-0.002050
-0.002102
-0.001426
-0.000246
0.001076
0.002043
0.002378
0.002129
0.001438
0.000610
-0.000075
-0.000580
-0.000673
-0.000124
0.000816
0.001727
0.002086
0.001487
0.000269
-0.001063
-0.002364
-0.002877
-0.001570
0.000528
0.001031
0.000046
-0.000149
0.000876
0.001165
-0.000463
-0.002219
-0.001991
-0.001021
-0.000998
-0.001328
-0.002034
-0.003120
-0.002814
-0.000848
0.001355
0.003222
0.004674
0.005995
0.007034
0.006267
0.003681
0.001385
0.000191
-0.000638
-0.001580
-0.002553
-0.003033
-0.002791
-0.002367
-0.002325
-0.002906
-0.003853
-0.004155
-0.003096
-0.001378
-0.000220
0.000313
0.001147
0.002422
0.003137
0.002693
0.001562
0.000454
-0.000371
-0.000968
-0.001376
-0.001553
-0.001202
-0.000137
0.000907
0.001415
0.002041
0.002859
0.003155
0.002961
0.002572
0.001963
0.001066
-0.000121
-0.001033
-0.001370
-0.001881
-0.002679
-0.002970
-0.002634
-0.002119
-0.001672
-0.001177
-0.000509
-0.000037
0.000018
-0.000043
-0.000161
-0.000318
-0.000160
0.000372
0.000929
0.001166
0.000998
0.000662
0.000124
-0.000900
-0.001836
-0.001698
-0.000549
0.000918
0.002305
0.003505
0.004414
0.004333
0.002768
0.000727
-0.000842
-0.002096
-0.002861
-0.002684
-0.001409
0.000431
0.000796
-0.001062
-0.002769
-0.003166
-0.003480
-0.003726
-0.002561
0.000490
0.003585
0.004431
0.003887
0.003395
0.002075
0.000098
-0.001572
-0.004186
-0.008441
-0.011415
-0.009108
-0.001925
0.005007
0.009147
0.012437
0.014930
0.014039
0.009349
0.003474
-0.000974
-0.003845
-0.005897
-0.006400
-0.005255
-0.004304
-0.004168
-0.003927
-0.003994
-0.005502
-0.007499
-0.007309
-0.003994
0.000300
0.003571
0.006133
0.008354
0.009135
0.007619
0.004367
0.000480
-0.003247
-0.005818
-0.006078
-0.004346
-0.002339
-0.000824
0.000725
0.002312
0.002896
0.001626
-0.000855
-0.002529
-0.001600
0.001901
0.005811
0.007885
0.007972
0.006749
0.003935
-0.000588
-0.005606
-0.009069
-0.009608
-0.007803
-0.005087
-0.002210
0.000274
0.001799
0.002200
0.001446
-0.000146
-0.001502
-0.001475
0.000131
0.002241
0.003416
0.003251
0.002441
0.001524
0.000364
-0.001088
-0.002223
-0.002121
-0.000478
0.001779
0.003175
0.002966
0.001659
0.000439
-0.000229
-0.001069
-0.002256
-0.002581
-0.001386
0.000405
0.001498
0.001337
0.000470
-0.000178
-0.000664
-0.001892
-0.004422
-0.007328
-0.007980
-0.004848
-0.000296
0.002128
0.001711
-0.001548
-0.007703
-0.010783
-0.003484
0.009276
0.017473
0.021532
0.025384
0.025936
0.018967
0.006134
-0.006243
-0.013882
-0.018641
-0.021809
-0.020121
-0.013707
-0.007577
-0.003367
0.000230
0.001417
-0.001456
-0.004541
-0.003095
0.002025
0.006564
0.008734
0.010155
0.011652
0.010624
0.005173
-0.002081
-0.008156
-0.012526
-0.013564
-0.009682
-0.003503
0.001475
0.005080
0.008171
0.010027
0.009074
0.005337
0.001648
0.000381
0.000664
0.001210
0.002254
0.003176
0.002308
-0.000539
-0.004119
-0.007680
-0.011413
-0.015367
-0.017645
-0.014247
-0.004175
0.006925
0.013751
0.017288
0.018824
0.016206
0.008794
-0.000037
-0.005799
-0.007354
-0.007108
-0.006066
-0.003933
-0.002297
-0.002178
-0.002592
-0.003028
-0.003624
-0.003613
-0.001124
0.004312
0.009655
0.011575
0.010049
0.006564
0.001782
-0.003633
-0.008140
-0.010374
-0.010257
-0.008347
-0.004969
-0.001010
0.001710
0.002307
0.001965
0.002035
0.002537
0.003188
0.004118
0.005021
0.004991
0.003860
0.002693
0.001823
0.000242
-0.001726
-0.002393
-0.001881
-0.001815
-0.002464
-0.002689
-0.002818
-0.004881
-0.007982
-0.008262
-0.005190
-0.001567
0.000954
0.000401
-0.005532
-0.011742
-0.007378
0.006848
0.017628
0.020959
0.023866
0.025893
0.020984
0.010099
-0.001219
-0.009503
-0.014622
-0.017290
-0.015988
-0.010952
-0.007189
-0.006444
-0.004910
-0.002930
-0.004753
-0.008287
-0.007128
-0.000892
0.005375
0.008898
0.010496
0.010913
0.009216
0.004675
-0.000990
-0.005586
-0.009124
-0.010665
-0.007384
-0.000788
0.003802
0.005159
0.005740
0.006076
0.005168
0.003093
0.001279
0.001230
0.002696
0.004372
0.005826
0.006212
0.003540
-0.002693
-0.010823
-0.017951
-0.019596
-0.012997
-0.001774
0.007770
0.013130
0.014733
0.012612
0.006575
-0.001748
-0.008449
-0.010814
-0.009470
-0.005749
-0.000881
0.002871
0.003879
0.002446
-0.000194
-0.002812
-0.004176
-0.002667
0.002265
0.008181
0.011669
0.011643
0.009017
0.004723
-0.000521
-0.005451
-0.008582
-0.009310
-0.007958
-0.005149
-0.002124
-0.000679
-0.001452
-0.003065
-0.003634
-0.002542
-0.000409
0.002102
0.004478
0.005933
0.006168
0.005576
0.004133
0.001872
0.000006
-0.000422
-0.000146
-0.000390
-0.000792
-0.000365
-0.000474
-0.003683
-0.008318
-0.009472
-0.006597
-0.003461
-0.001599
0.000342
0.001832
-0.001614
-0.009769
-0.010625
0.002040
0.015302
0.019710
0.022149
0.025293
0.022126
0.011773
0.000678
-0.007371
-0.013410
-0.017933
-0.017612
-0.011555
-0.006155
-0.005945
-0.006766
-0.005245
-0.005141
-0.007804
-0.007386
-0.001292
0.005491
0.009531
0.012024
0.012969
0.010466
0.004536
-0.001820
-0.005644
-0.007679
-0.009251
-0.007706
-0.002019
0.002934
0.004046
0.003681
0.003563
0.002816
0.001497
0.001251
0.002917
0.005214
0.006598
0.007204
0.006536
0.001384
-0.008938
-0.017241
-0.015636
-0.006380
0.002228
0.007177
0.010184
0.010750
0.006783
-0.000593
-0.007291
-0.010829
-0.011440
-0.008928
-0.003299
0.002130
0.003756
0.002385
0.000841
-0.000461
-0.002155
-0.002406
0.001297
0.007529
0.011969
0.012559
0.010254
0.006060
0.000621
-0.004346
-0.006931
-0.007139
-0.006269
-0.004668
-0.002302
-0.000652
-0.001391
-0.003856
-0.005774
-0.005789
-0.003980
-0.000748
0.003034
0.005439
0.005432
0.004590
0.004232
0.003028
0.000684
-0.000094
0.001477
0.002534
0.001688
0.000862
0.000918
-0.000755
-0.005434
-0.008792
-0.007458
-0.005135
-0.004734
-0.002890
0.001692
0.003278
-0.003891
-0.015292
-0.016380
-0.001839
0.014600
0.022505
0.027041
0.029950
0.024974
0.013529
0.002722
-0.006013
-0.013778
-0.018019
-0.015741
-0.009360
-0.005690
-0.007620
-0.010609
-0.011062
-0.011623
-0.013015
-0.010002
-0.001144
0.008015
0.014221
0.017982
0.017716
0.012029
0.003827
-0.002696
-0.005965
-0.007328
-0.007795
-0.005481
-0.000224
0.003232
0.002186
-0.000488
-0.002435
-0.003679
-0.003077
0.000591
0.005748
0.009648
0.011266
0.011116
0.008844
0.001985
-0.010073
-0.019616
-0.016289
-0.002962
0.007348
0.010364
0.010383
0.008208
0.002119
-0.006374
-0.012520
-0.013176
-0.010419
-0.006153
0.000073
0.004781
0.003728
-0.000586
-0.003205
-0.003181
-0.002093
0.000317
0.005812
0.012533
0.015389
0.012871
0.007679
0.001854
-0.003478
-0.006348
-0.005696
-0.003187
-0.001510
-0.001252
-0.001218
-0.001954
-0.005028
-0.008766
-0.009565
-0.006619
-0.001966
0.002402
0.005484
0.006293
0.004156
0.000943
-0.000163
0.001092
0.002644
0.003788
0.004900
0.005344
0.004085
0.001476
-0.001563
-0.005050
-0.008383
-0.009415
-0.006835
-0.002154
0.001246
0.001499
-0.000266
-0.002880
-0.007699
-0.015877
-0.020811
-0.010779
0.011734
0.028919
0.033565
0.032553
0.027162
0.015201
0.002135
-0.006186
-0.010158
-0.011573
-0.010543
-0.007184
-0.004538
-0.007721
-0.016215
-0.022321
-0.021851
-0.017803
-0.011381
-0.000628
0.011566
0.018987
0.020193
0.017213
0.010932
0.003021
-0.002963
-0.004442
-0.001862
0.001102
0.001526
0.000774
-0.000322
-0.003862
-0.008771
-0.010861
-0.008891
-0.003963
0.003066
0.010245
0.014659
0.014643
0.010794
0.005495
0.000044
-0.007351
-0.015286
-0.014552
-0.001367
0.012493
0.015424
0.009405
0.001325
-0.005715
-0.011346
-0.014279
-0.012092
-0.006458
-0.001718
0.001715
0.003629
0.001040
-0.005000
-0.008559
-0.006054
0.000369
0.006466
0.011084
0.014772
0.015381
0.010917
0.003893
-0.001687
-0.004214
-0.003828
-0.001283
0.001737
0.002583
-0.000292
-0.004861
-0.007955
-0.009337
-0.009927
-0.008872
-0.005315
-0.000437
0.003487
0.005032
0.004268
0.001895
-0.000685
-0.001038
0.001887
0.005686
0.007302
0.006753
0.005624
0.003671
0.000336
-0.002503
-0.003268
-0.003500
-0.004573
-0.005174
-0.004409
-0.003848
-0.004683
-0.005368
-0.004143
-0.002868
-0.006000
-0.013681
-0.016542
-0.004794
0.015740
0.029178
0.030774
0.026740
0.019724
0.010332
0.002704
-0.001284
-0.003751
-0.005606
-0.006334
-0.006501
-0.008330
-0.014100
-0.021623
-0.024671
-0.021083
-0.014132
-0.005610
0.004220
0.012174
0.015108
0.013914
0.010658
0.006318
0.002583
0.001571
0.003487
0.005987
0.005661
0.001640
-0.003194
-0.006774
-0.009614
-0.010945
-0.009067
-0.004669
0.000617
0.005896
0.009596
0.010068
0.007616
0.004326
0.002459
0.002077
0.000228
-0.004019
-0.005569
-0.000642
0.005938
0.007546
0.003878
-0.001592
-0.006117
-0.008515
-0.008519
-0.006477
-0.004240
-0.003540
-0.003383
-0.002816
-0.003129
-0.004394
-0.004231
-0.001141
0.003610
0.007624
0.009923
0.010817
0.010014
0.007364
0.004306
0.002222
0.001065
0.000537
0.000603
0.000612
-0.000720
-0.003793
-0.006979
-0.008322
-0.007853
-0.006656
-0.005162
-0.003550
-0.002194
-0.001231
-0.000452
0.000304
0.000913
0.001653
0.003411
0.006063
0.008091
0.008382
0.006455
0.002475
-0.001284
-0.002220
-0.000845
0.000311
-0.000107
-0.001484
-0.002904
-0.004654
-0.006811
-0.008032
-0.007416
-0.005178
-0.001733
0.001036
-0.001132
-0.009526
-0.015405
-0.007354
0.011326
0.025344
0.027886
0.023575
0.016381
0.008359
0.002714
0.000498
-0.000113
-0.000982
-0.002703
-0.004655
-0.007527
-0.013533
-0.020866
-0.023682
-0.019929
-0.012731
-0.004632
0.003336
0.008846
0.009924
0.007891
0.005353
0.003508
0.002968
0.004354
0.007194
0.009298
0.007752
0.002219
-0.003744
-0.007167
-0.008292
-0.007532
-0.004784
-0.001286
0.001569
0.003418
0.004071
0.003507
0.002171
0.001008
0.001146
0.001717
0.000713
0.000238
0.003999
0.008974
0.008920
0.003802
-0.001699
-0.004699
-0.005728
-0.006310
-0.006367
-0.005854
-0.006322
-0.007713
-0.008253
-0.007826
-0.006885
-0.004546
-0.000205
0.005010
0.008784
0.009842
0.009288
0.008394
0.007118
0.005806
0.005251
0.005053
0.004246
0.002640
0.000483
-0.002120
-0.004947
-0.007070
-0.007331
-0.006003
-0.004632
-0.004007
-0.003883
-0.003964
-0.003866
-0.003146
-0.001692
0.000277
0.002222
0.003570
0.004208
0.004374
0.004291
0.003809
0.002679
0.001606
0.001682
0.002797
0.003608
0.002407
-0.000944
-0.003989
-0.004937
-0.004568
-0.003904
-0.003366
-0.002876
-0.002044
-0.001748
-0.003229
-0.006859
-0.012240
-0.014818
-0.007791
0.007424
0.020974
0.025547
0.020991
0.012128
0.005069
0.002688
0.004156
0.007158
0.008296
0.005166
-0.001296
-0.008839
-0.015833
-0.020460
-0.020858
-0.016691
-0.009898
-0.003419
0.000727
0.001830
0.000622
-0.000765
-0.000472
0.002090
0.006313
0.010199
0.011735
0.010242
0.005830
0.000019
-0.004124
-0.004867
-0.003056
-0.000549
0.000819
0.000270
-0.001377
-0.002906
-0.003422
-0.002380
-0.000173
0.002231
0.003903
0.003383
0.000397
-0.001164
0.002565
0.008409
0.010116
0.006930
0.002494
-0.000634
-0.002581
-0.004665
-0.006713
-0.007645
-0.008023
-0.008378
-0.008139
-0.007751
-0.007588
-0.006388
-0.003233
0.001248
0.005462
0.007949
0.008783
0.008881
0.008538
0.008003
0.007597
0.006858
0.005334
0.003327
0.001114
-0.001379
-0.004036
-0.006134
-0.006718
-0.005863
-0.004801
-0.004359
-0.004439
-0.004639
-0.004366
-0.003188
-0.001456
0.000146
0.001260
0.001777
0.001911
0.002268
0.002977
0.003472
0.003687
0.004141
0.004667
0.004442
0.002901
0.000127
-0.002597
-0.003474
-0.002679
-0.002041
-0.002101
-0.002108
-0.001922
-0.002056
-0.002675
-0.003131
-0.002754
-0.002409
-0.004233
-0.008310
-0.010083
-0.004550
0.006364
0.015025
0.016553
0.012292
0.006803
0.004095
0.005188
0.008274
0.010545
0.009406
0.004102
-0.003145
-0.009256
-0.012782
-0.013572
-0.012001
-0.009123
-0.006389
-0.004899
-0.004825
-0.005376
-0.005382
-0.003894
-0.000732
0.003229
0.006525
0.007853
0.006856
0.004407
0.001849
0.000406
0.000854
0.002623
0.004018
0.003814
0.001925
-0.000787
-0.002880
-0.003318
-0.002136
-0.000229
0.001199
0.001367
-0.000282
-0.003795
-0.005609
-0.000491
0.008991
0.013323
0.009158
0.002221
-0.001551
-0.001374
-0.000483
-0.001041
-0.002045
-0.003556
-0.006621
-0.009633
-0.010862
-0.010677
-0.009218
-0.006106
-0.001634
0.002815
0.005099
0.004898
0.004512
0.005473
0.007259
0.008994
0.009655
0.008380
0.005650
0.002610
0.000056
-0.001557
-0.002438
-0.002980
-0.003131
-0.003224
-0.003857
-0.004836
-0.005518
-0.005277
-0.003799
-0.001818
-0.000550
-0.000395
-0.000808
-0.000767
0.000354
0.001919
0.002865
0.003093
0.003200
0.003388
0.003189
0.002256
0.000976
-0.000084
-0.000571
-0.000249
0.000356
0.000076
-0.001357
-0.002933
-0.003368
-0.002190
-0.000482
0.000208
-0.000277
-0.001378
-0.003470
-0.007066
-0.010355
-0.009132
-0.001546
0.008087
0.013171
0.011339
0.005710
0.001584
0.002189
0.006652
0.011587
0.013335
0.009782
0.002378
-0.004730
-0.008365
-0.008216
-0.006215
-0.004786
-0.004933
-0.006218
-0.007850
-0.008753
-0.007925
-0.005438
-0.002337
0.000243
0.001629
0.001786
0.001219
0.000813
0.001339
0.002751
0.004337
0.005384
0.005333
0.003961
0.001757
-0.000184
-0.000760
0.000272
0.001911
0.002753
0.002027
-0.000018
-0.002150
-0.003294
-0.003739
-0.003323
0.000114
0.006419
0.009954
0.006487
-0.000156
-0.003330
-0.001502
0.001681
0.002323
0.000122
-0.003050
-0.006421
-0.009105
-0.009331
-0.007428
-0.005455
-0.004215
-0.003196
-0.001708
0.000273
0.001977
0.003325
0.005004
0.006756
0.007700
0.007625
0.006700
0.005213
0.003776
0.002798
0.002140
0.001332
-0.000144
-0.002141
-0.003781
-0.004604
-0.004815
-0.004608
-0.004088
-0.003306
-0.002339
-0.001626
-0.001520
-0.001657
-0.001464
-0.000743
0.000391
0.001499
0.001997
0.001748
0.001327
0.001545
0.002369
0.002812
0.002355
0.001328
0.000224
-0.000294
-0.000085
0.000084
-0.000003
-0.000037
-0.000389
-0.001232
-0.001939
-0.002170
-0.002194
-0.002829
-0.005088
-0.007944
-0.007725
-0.002636
0.003995
0.007431
0.006302
0.003029
0.001555
0.003896
0.008382
0.011978
0.012454
0.008591
0.001718
-0.003957
-0.005243
-0.002985
-0.000593
-0.000944
-0.004214
-0.008000
-0.009845
-0.009003
-0.006120
-0.002893
-0.001316
-0.001773
-0.002705
-0.002589
-0.001199
0.000790
0.002378
0.002868
0.002538
0.002198
0.002231
0.002629
0.003196
0.003444
0.003116
0.002424
0.001508
0.000464
-0.000309
-0.000309
0.000608
0.001551
0.001117
-0.000512
-0.001417
-0.000365
0.001705
0.002701
0.001954
0.000757
0.000098
0.000108
0.000675
0.000749
-0.000661
-0.003050
-0.005329
-0.006399
-0.005795
-0.004594
-0.003858
-0.003540
-0.003470
-0.003181
-0.001940
0.000101
0.002247
0.004026
0.005116
0.005604
0.005855
0.005852
0.005456
0.004749
0.003750
0.002551
0.001439
0.000420
-0.000695
-0.001773
-0.002563
-0.003027
-0.003342
-0.003685
-0.003820
-0.003391
-0.002647
-0.002121
-0.001896
-0.001657
-0.001070
-0.000114
0.000814
0.001291
0.001181
0.000717
0.000655
0.001634
0.002889
0.002778
0.001164
-0.000158
-0.000056
0.000550
0.000590
0.000278
0.000116
-0.000012
-0.000457
-0.001013
-0.001020
-0.000888
-0.002050
-0.004597
-0.006860
-0.006690
-0.002718
0.003100
0.006053
0.004433
0.001410
0.000565
0.002760
0.006478
0.009320
0.009538
0.006575
0.001497
-0.002716
-0.003339
-0.000856
0.001387
0.000619
-0.002740
-0.006034
-0.007141
-0.005663
-0.002834
-0.000942
-0.001466
-0.003752
-0.005782
-0.005611
-0.002927
0.000413
0.002305
0.002119
0.000594
-0.000561
0.000065
0.002004
0.003637
0.003908
0.002854
0.001404
0.000650
0.000978
0.002029
0.002983
0.003013
0.002010
0.000599
-0.000503
-0.000728
0.000175
0.001605
0.002375
0.001847
0.000294
-0.001341
-0.001769
-0.000684
0.000622
0.000771
-0.000556
-0.002678
-0.004336
-0.004836
-0.004497
-0.003817
-0.003314
-0.003405
-0.003626
-0.003087
-0.001549
0.000508
0.002220
0.002958
0.002986
0.003040
0.003524
0.004349
0.005049
0.005053
0.004182
0.002836
0.001608
0.000784
0.000216
-0.000360
-0.000989
-0.001598
-0.002183
-0.002685
-0.002947
-0.002878
-0.002542
-0.002140
-0.001834
-0.001535
-0.001067
-0.000465
0.000041
0.000308
0.000463
0.000586
0.000565
0.000465
0.000410
0.000355
0.000342
0.000374
0.000439
0.000647
0.000597
0.000070
0.000038
0.000848
0.001404
0.001135
0.000254
-0.000894
-0.001598
-0.002034
-0.003210
-0.004008
-0.002290
0.000690
0.001716
0.000642
0.000179
0.001825
0.004288
0.005551
0.005331
0.004589
0.003360
0.001270
-0.000405
-0.000053
0.001362
0.001315
-0.000819
-0.003235
-0.004122
-0.003409
-0.002332
-0.001807
-0.001834
-0.002477
-0.003753
-0.004482
-0.003472
-0.001462
-0.000125
-0.000094
-0.000808
-0.001264
-0.000801
0.000425
0.001788
0.002706
0.002736
0.001928
0.001161
0.001334
0.002226
0.002852
0.002795
0.002363
0.001766
0.001113
0.000800
0.001055
0.001385
0.000908
-0.000427
-0.001316
-0.000780
0.000232
0.000194
-0.000851
-0.001618
-0.001524
-0.001245
-0.001369
-0.001605
-0.001738
-0.002212
-0.003148
-0.003683
-0.003157
-0.002186
-0.001631
-0.001249
-0.000334
0.000944
0.001804
0.002112
0.002414
0.002829
0.002948
0.002722
0.002541
0.002513
0.002315
0.001791
0.001209
0.000800
0.000488
0.000193
-0.000070
-0.000374
-0.000813
-0.001301
-0.001633
-0.001741
-0.001726
-0.001609
-0.001327
-0.001055
-0.001068
-0.001232
-0.001202
-0.000996
-0.000830
-0.000719
-0.000509
-0.000104
0.000332
0.000544
0.000535
0.000532
0.000673
0.000812
0.000779
0.000752
0.000927
0.001167
0.001261
0.001065
0.000616
0.000222
-0.000184
-0.001182
-0.002506
-0.002779
-0.001581
-0.000393
-0.000297
-0.000338
0.000645
0.002132
0.002891
0.002795
0.002694
0.002727
0.002088
0.000855
0.000229
0.000492
0.000592
0.000007
-0.000553
-0.000526
-0.000434
-0.000901
-0.001527
-0.001632
-0.001521
-0.001946
-0.002676
-0.002821
-0.002301
-0.001834
-0.001732
-0.001687
-0.001418
-0.000967
-0.000486
0.000047
0.000707
0.001236
0.001307
0.001218
0.001511
0.002013
0.002198
0.002096
0.001997
0.001934
0.001866
0.001803
0.001734
0.001559
0.001014
0.000105
-0.000604
-0.000758
-0.000661
-0.000615
-0.000564
-0.000468
-0.000472
-0.000683
-0.001007
-0.001259
-0.001439
-0.001711
-0.002062
-0.002265
-0.002192
-0.001917
-0.001546
-0.001082
-0.000537
-0.000043
0.000319
0.000646
0.000976
0.001179
0.001197
0.001173
0.001284
0.001528
0.001719
0.001753
0.001722
0.001619
0.001304
0.000866
0.000590
0.000492
0.000312
-0.000049
-0.000425
-0.000628
-0.000658
-0.000669
-0.000784
-0.000990
-0.001188
-0.001223
-0.001002
-0.000690
-0.000563
-0.000623
-0.000653
-0.000586
-0.000517
-0.000438
-0.000317
-0.000273
-0.000365
-0.000359
-0.000035
0.000398
0.000524
0.000285
0.000043
0.000126
0.000489
0.000779
0.000683
0.000186
-0.000477
-0.001049
-0.001331
-0.001173
-0.000510
0.000505
0.001473
0.001978
0.001886
0.001471
0.001252
0.001521
0.001981
0.002021
0.001390
0.000511
0.000023
0.000103
0.000498
0.000885
0.000889
0.000216
-0.000868
-0.001670
-0.001941
-0.002078
-0.002395
-0.002768
-0.002966
-0.002848
-0.002356
-0.001622
-0.000994
-0.000771
-0.000872
-0.000841
-0.000335
0.000469
0.001117
0.001447
0.001629
0.001706
0.001577
0.001407
0.001498
0.001795
0.001979
0.001918
0.001753
0.001585
0.001297
0.000810
0.000322
-0.000009
-0.000292
-0.000519
-0.000474
-0.000198
-0.000024
-0.000153
-0.000517
-0.000920
-0.001229
-0.001441
-0.001640
-0.001934
-0.002279
-0.002368
-0.001962
-0.001257
-0.000706
-0.000535
-0.000546
-0.000401
0.000014
0.000545
0.000937
0.001088
0.001146
0.001290
0.001540
0.001754
0.001758
0.001544
0.001300
0.001175
0.001158
0.001172
0.001054
0.000616
-0.000025
-0.000454
-0.000472
-0.000322
-0.000358
-0.000672
-0.001025
-0.001119
-0.000962
-0.000806
-0.000795
-0.000909
-0.001107
-0.001258
-0.001160
-0.000786
-0.000437
-0.000395
-0.000526
-0.000491
-0.000196
0.000174
0.000420
0.000496
0.000501
0.000581
0.000785
0.000930
0.000755
0.000258
-0.000279
-0.000719
-0.001214
-0.001648
-0.001484
-0.000551
0.000615
0.001494
0.001971
0.002038
0.001840
0.001866
0.002324
0.002634
0.002177
0.001136
0.000207
-0.000151
0.000011
0.000365
0.000520
0.000096
-0.000883
-0.001690
-0.001668
-0.001168
-0.001059
-0.001609
-0.002400
-0.002923
-0.002860
-0.002225
-0.001430
-0.000997
-0.001087
-0.001297
-0.001067
-0.000360
0.000373
0.000886
0.001246
0.001385
0.001265
0.001250
0.001654
0.002241
0.002589
0.002583
0.002317
0.001868
0.001283
0.000670
0.000230
0.000060
-0.000057
-0.000305
-0.000444
-0.000309
-0.000208
-0.000342
-0.000537
-0.000742
-0.001039
-0.001290
-0.001360
-0.001424
-0.001707
-0.002038
-0.002012
-0.001627
-0.001252
-0.000983
-0.000623
-0.000193
0.000126
0.000407
0.000812
0.001146
0.001151
0.001006
0.001025
0.001197
0.001379
0.001524
0.001545
0.001342
0.001016
0.000797
0.000724
0.000589
0.000269
-0.000048
-0.000157
-0.000156
-0.000242
-0.000403
-0.000547
-0.000700
-0.000866
-0.000906
-0.000761
-0.000632
-0.000775
-0.001083
-0.001145
-0.000836
-0.000479
-0.000415
-0.000659
-0.000921
-0.000884
-0.000488
0.000058
0.000420
0.000364
0.000060
-0.000067
0.000092
0.000318
0.000636
0.001261
0.001927
0.002046
0.001480
0.000453
-0.000869
-0.001985
-0.002028
-0.000938
0.000222
0.000685
0.000695
0.000620
0.000582
0.000960
0.001927
0.002706
0.002398
0.001210
0.000125
-0.000261
-0.000164
-0.000045
-0.000069
-0.000286
-0.000742
-0.001109
-0.000982
-0.000685
-0.000896
-0.001639
-0.002364
-0.002672
-0.002476
-0.001826
-0.001020
-0.000594
-0.000722
-0.000864
-0.000443
0.000403
0.001102
0.001413
0.001509
0.001514
0.001435
0.001460
0.001716
0.001869
0.001607
0.001213
0.001090
0.001166
0.001117
0.000809
0.000436
0.000240
0.000098
-0.000222
-0.000544
-0.000662
-0.000814
-0.001144
-0.001338
-0.001269
-0.001236
-0.001409
-0.001592
-0.001612
-0.001561
-0.001518
-0.001390
-0.001151
-0.000884
-0.000509
0.000134
0.000847
0.001126
0.000859
0.000585
0.000731
0.001049
0.001159
0.001154
0.001259
0.001346
0.001241
0.001078
0.000975
0.000830
0.000657
0.000613
0.000609
0.000432
0.000198
0.000106
-0.000041
-0.000464
-0.000895
-0.000988
-0.000906
-0.000979
-0.001110
-0.001067
-0.001002
-0.001153
-0.001350
-0.001272
-0.000991
-0.000826
-0.000807
-0.000712
-0.000480
-0.000177
0.000254
0.000767
0.001000
0.000789
0.000571
0.000770
0.001170
0.001359
0.001339
0.001286
0.001129
0.000747
0.000318
0.000089
-0.000095
-0.000612
-0.001459
-0.002137
-0.002116
-0.001318
-0.000160
0.000786
0.001047
0.000543
0.000011
0.000424
0.001514
0.001959
0.001263
0.000172
-0.000560
-0.000630
0.000062
0.001138
0.001716
0.001283
0.000337
-0.000136
0.000190
0.000593
0.000258
-0.000784
-0.001880
-0.002431
-0.002194
-0.001408
-0.000752
-0.000834
-0.001509
-0.001945
-0.001542
-0.000608
0.000100
0.000237
0.000020
-0.000172
-0.000038
0.000501
0.001042
0.001058
0.000750
0.000866
0.001574
0.002326
0.002652
0.002420
0.001737
0.001034
0.000813
0.001035
0.001097
0.000571
-0.000337
-0.001045
-0.001175
-0.000978
-0.000993
-0.001426
-0.002104
-0.002654
-0.002631
-0.002041
-0.001505
-0.001443
-0.001556
-0.001313
-0.000539
0.000420
0.000954
0.000801
0.000334
0.000147
0.000496
0.001104
0.001472
0.001389
0.001075
0.000940
0.001178
0.001592
0.001806
0.001598
0.001099
0.000671
0.000505
0.000448
0.000247
-0.000169
-0.000624
-0.000870
-0.000841
-0.000735
-0.000815
-0.001117
-0.001435
-0.001550
-0.001380
-0.001046
-0.000836
-0.000865
-0.000904
-0.000751
-0.000497
-0.000241
0.000061
0.000336
0.000408
0.000377
0.000568
0.001007
0.001345
0.001397
0.001304
0.001145
0.000861
0.000563
0.000442
0.000439
0.000233
-0.000421
-0.001333
-0.002063
-0.002434
-0.002398
-0.001762
-0.000574
0.000622
0.001306
0.001439
0.001323
0.001294
0.001552
0.001935
0.001951
0.001384
0.000655
0.000289
0.000357
0.000551
0.000532
0.000163
-0.000440
-0.000989
-0.001164
-0.000950
-0.000824
-0.001136
-0.001516
-0.001461
-0.001061
-0.000647
-0.000414
-0.000508
-0.000855
-0.001026
-0.000758
-0.000311
-0.000090
-0.000161
-0.000231
-0.000088
0.000091
0.000159
0.000400
0.000980
0.001542
0.001820
0.001972
0.002018
0.001761
0.001377
0.001221
0.001070
0.000495
-0.000182
-0.000359
-0.000222
-0.000320
-0.000699
-0.001132
-0.001544
-0.001834
-0.001768
-0.001338
-0.001007
-0.001133
-0.001317
-0.001012
-0.000435
-0.000052
0.000180
0.000373
0.000341
0.000158
0.000230
0.000561
0.000649
0.000327
0.000046
0.000131
0.000355
0.000461
0.000544
0.000700
0.000831
0.000936
0.001101
0.001159
0.000857
0.000369
0.000140
0.000188
0.000142
-0.000088
-0.000313
-0.000569
-0.000921
-0.001130
-0.001026
-0.000816
-0.000742
-0.000736
-0.000656
-0.000601
-0.000668
-0.000687
-0.000556
-0.000426
-0.000307
0.000050
0.000682
0.001238
0.001359
0.001060
0.000680
0.000493
0.000519
0.000628
0.000645
0.000468
0.000211
0.000097
0.000186
0.000306
0.000245
-0.000074
-0.000542
-0.000862
-0.000817
-0.000597
-0.000592
-0.000948
-0.001471
-0.001760
-0.001519
-0.000845
-0.000058
0.000592
0.000958
0.001061
0.001131
0.001281
0.001311
0.001054
0.000659
0.000394
0.000396
0.000610
0.000819
0.000824
0.000619
0.000368
0.000200
0.000088
-0.000104
-0.000501
-0.001021
-0.001327
-0.001126
-0.000536
-0.000019
0.000096
-0.000152
-0.000553
-0.000877
-0.000967
-0.000944
-0.001110
-0.001442
-0.001495
-0.001024
-0.000253
0.000478
0.000860
0.000725
0.000397
0.000506
0.001201
0.001966
0.002207
0.001790
0.001139
0.000821
0.000992
0.001262
0.001075
0.000263
-0.000703
-0.001148
-0.000908
-0.000446
-0.000338
-0.000754
-0.001329
-0.001544
-0.001275
-0.000857
-0.000698
-0.000907
-0.001159
-0.001006
-0.000476
-0.000067
-0.000105
-0.000405
-0.000540
-0.000270
0.000247
0.000652
0.000748
0.000681
0.000770
0.001122
0.001489
0.001556
0.001271
0.000842
0.000521
0.000410
0.000423
0.000391
0.000228
0.000026
-0.000048
0.000003
0.000023
-0.000088
-0.000345
-0.000662
-0.000842
-0.000778
-0.000627
-0.000633
-0.000859
-0.001143
-0.001247
-0.001049
-0.000646
-0.000263
-0.000074
-0.000066
-0.000048
0.000131
0.000393
0.000574
0.000653
0.000695
0.000730
0.000765
0.000838
0.000946
0.000912
0.000626
0.000333
0.000275
0.000295
0.000113
-0.000251
-0.000563
-0.000696
-0.000693
-0.000624
-0.000568
-0.000635
-0.000795
-0.000813
-0.000515
-0.000055
0.000243
0.000247
0.000100
0.000049
0.000264
0.000634
0.000775
0.000506
0.000152
0.000110
0.000377
0.000722
0.000992
0.000997
0.000617
0.000141
-0.000032
0.000032
-0.000021
-0.000260
-0.000453
-0.000471
-0.000430
-0.000449
-0.000545
-0.000728
-0.000929
-0.000914
-0.000557
-0.000137
-0.000008
-0.000136
-0.000248
-0.000176
0.000062
0.000255
0.000140
-0.000209
-0.000404
-0.000236
0.000144
0.000461
0.000566
0.000534
0.000508
0.000515
0.000567
0.000691
0.000740
0.000450
-0.000063
-0.000305
-0.000154
-0.000047
-0.000250
-0.000516
-0.000580
-0.000501
-0.000435
-0.000414
-0.000393
-0.000307
-0.000130
0.000038
0.000074
-0.000003
-0.000077
-0.000080
-0.000023
0.000056
0.000120
0.000106
-0.000001
-0.000080
-0.000014
0.000150
0.000298
0.000345
0.000258
0.000150
0.000194
0.000351
0.000440
0.000428
0.000419
0.000485
0.000546
0.000403
0.000017
-0.000357
-0.000525
-0.000553
-0.000520
-0.000405
-0.000265
-0.000235
-0.000341
-0.000474
-0.000528
-0.000471
-0.000346
-0.000244
-0.000173
-0.000034
0.000215
0.000457
0.000544
0.000476
0.000357
0.000242
0.000122
0.000004
-0.000034
0.000088
0.000279
0.000373
0.000333
0.000175
-0.000074
-0.000246
-0.000196
-0.000069
-0.000087
-0.000248
-0.000414
-0.000483
-0.000433
-0.000307
-0.000178
-0.000117
-0.000149
-0.000169
0.000021
0.000409
0.000658
0.000538
0.000271
0.000192
0.000315
0.000446
0.000513
0.000521
0.000448
0.000345
0.000307
0.000319
0.000279
0.000129
-0.000073
-0.000226
-0.000316
-0.000374
-0.000426
-0.000522
-0.000629
-0.000620
-0.000503
-0.000452
-0.000531
-0.000632
-0.000632
-0.000507
-0.000371
-0.000287
-0.000132
0.000096
0.000199
0.000144
0.000130
0.000272
0.000475
0.000601
0.000632
0.000648
0.000675
0.000620
0.000453
0.000295
0.000243
0.000244
0.000166
-0.000034
-0.000217
-0.000248
-0.000205
-0.000227
-0.000291
-0.000246
-0.000069
0.000037
-0.000071
-0.000283
-0.000474
-0.000633
-0.000722
-0.000670
-0.000490
-0.000270
-0.000102
-0.000066
-0.000149
-0.000194
-0.000024
0.000332
0.000615
0.000650
0.000549
0.000463
0.000414
0.000442
0.000533
0.000532
0.000400
0.000285
0.000239
0.000175
0.000117
0.000177
0.000259
0.000106
-0.000255
-0.000498
-0.000491
-0.000452
-0.000524
-0.000594
-0.000621
-0.000692
-0.000719
-0.000539
-0.000255
-0.000059
0.000067
0.000202
0.000253
0.000116
-0.000055
-0.000004
0.000186
0.000205
0.000083
0.000122
0.000366
0.000598
0.000677
0.000595
0.000414
0.000296
0.000360
0.000434
0.000224
-0.000200
-0.000480
-0.000484
-0.000404
-0.000401
-0.000448
-0.000500
-0.000565
-0.000529
-0.000214
0.000241
0.000396
0.000156
-0.000019
0.000168
0.000467
0.000581
0.000471
0.000243
0.000146
0.000339
0.000610
0.000608
0.000250
-0.000177
-0.000329
-0.000212
-0.000096
-0.000110
-0.000204
-0.000327
-0.000415
-0.000404
-0.000358
-0.000341
-0.000286
-0.000160
-0.000069
-0.000091
-0.000187
-0.000285
-0.000344
-0.000334
-0.000241
-0.000106
0.000007
0.000072
0.000120
0.000199
0.000258
0.000210
0.000139
0.000221
0.000447
0.000657
0.000739
0.000673
0.000482
0.000202
-0.000112
-0.000318
-0.000306
-0.000184
-0.000140
-0.000165
-0.000134
-0.000067
-0.000093
-0.000202
-0.000285
-0.000328
-0.000346
-0.000279
-0.000121
0.000003
0.000002
-0.000121
-0.000338
-0.000575
-0.000677
-0.000500
-0.000092
0.000281
0.000437
0.000478
0.000527
0.000556
0.000540
0.000517
0.000476
0.000371
0.000270
0.000268
0.000240
0.000022
-0.000241
-0.000273
-0.000072
0.000085
0.000037
-0.000069
-0.000108
-0.000226
-0.000481
-0.000604
-0.000418
-0.000144
-0.000079
-0.000216
-0.000328
-0.000260
-0.000041
0.000188
0.000232
0.000077
0.000035
0.000262
0.000419
0.000249
-0.000042
-0.000206
-0.000231
-0.000158
-0.000001
0.000171
0.000271
0.000300
0.000295
0.000269
0.000270
0.000284
0.000195
0.000011
-0.000108
-0.000105
-0.000063
-0.000053
-0.000098
-0.000187
-0.000243
-0.000208
-0.000112
-0.000062
-0.000144
-0.000266
-0.000200
0.000050
0.000201
0.000126
-0.000002
-0.000031
0.000039
0.000146
0.000217
0.000198
0.000116
0.000028
-0.000042
-0.000066
-0.000006
0.000095
0.000137
0.000109
0.000094
0.000120
0.000118
0.000029
-0.000111
-0.000191
-0.000164
-0.000097
-0.000078
-0.000134
-0.000237
-0.000315
-0.000306
-0.000222
-0.000149
-0.000147
-0.000181
-0.000134
0.000049
0.000246
0.000279
0.000131
-0.000031
-0.000018
0.000149
0.000247
0.000181
0.000099
0.000078
0.000052
0.000021
0.000059
0.000130
0.000117
0.000031
-0.000028
-0.000084
-0.000196
-0.000231
-0.000073
0.000102
0.000071
-0.000108
-0.000240
-0.000269
-0.000251
-0.000180
0.000003
0.000235
0.000317
0.000167
-0.000029
-0.000044
0.000081
0.000137
0.000029
-0.000186
-0.000385
-0.000383
-0.000078
0.000338
0.000517
0.000345
0.000075
0.000006
0.000123
0.000190
0.000101
-0.000056
-0.000180
-0.000189
-0.000024
0.000209
0.000256
0.000062
-0.000118
-0.000105
-0.000031
-0.000084
-0.000260
-0.000417
-0.000400
-0.000173
0.000095
0.000239
0.000262
0.000181
0.000020
-0.000048
0.000079
0.000232
0.000204
0.000018
-0.000113
-0.000058
0.000059
0.000063
-0.000039
-0.000125
-0.000117
-0.000035
0.000026
0.000004
-0.000116
-0.000264
-0.000226
0.000063
0.000291
0.000231
0.000085
0.000043
0.000004
-0.000098
-0.000083
0.000156
0.000378
0.000364
0.000290
0.000336
0.000333
0.000101
-0.000199
-0.000287
-0.000164
-0.000102
-0.000251
-0.000486
-0.000601
-0.000503
-0.000275
-0.000109
-0.000137
-0.000284
-0.000333
-0.000171
0.000094
0.000273
0.000305
0.000243
0.000144
0.000078
0.000117
0.000217
0.000266
0.000238
0.000199
0.000203
0.000201
0.000126
0.000029
0.000033
0.000163
0.000275
0.000218
0.000025
-0.000147
-0.000195
-0.000143
-0.000118
-0.000235
-0.000425
-0.000470
-0.000287
-0.000041
0.000044
-0.000077
-0.000265
-0.000343
-0.000210
0.000037
0.000160
0.000114
0.000111
0.000255
0.000389
0.000378
0.000276
0.000161
0.000080
0.000120
0.000277
0.000367
0.000244
-0.000043
-0.000325
-0.000448
-0.000386
-0.000266
-0.000241
-0.000282
-0.000225
-0.000057
0.000056
0.000036
-0.000011
0.000024
0.000070
-0.000005
-0.000119
-0.000087
0.000070
0.000197
0.000248
0.000262
0.000276
0.000288
0.000230
0.000069
-0.000080
-0.000078
0.000020
0.000043
-0.000039
-0.000114
-0.000130
-0.000148
-0.000191
-0.000234
-0.000297
-0.000332
-0.000192
0.000105
0.000303
0.000236
0.000045
-0.000019
0.000065
0.000135
0.000148
0.000171
0.000174
0.000084
-0.000054
-0.000124
-0.000100
-0.000079
-0.000127
-0.000138
-0.000014
0.000155
0.000239
0.000219
0.000145
0.000075
0.000005
-0.000126
-0.000267
-0.000262
-0.000120
0.000007
0.000066
0.000074
0.000001
-0.000111
-0.000124
-0.000026
0.000034
-0.000008
-0.000105
-0.000221
-0.000297
-0.000203
0.000065
0.000259
0.000177
-0.000037
-0.000090
0.000098
0.000326
0.000376
0.000288
0.000223
0.000132
-0.000105
-0.000383
-0.000533
-0.000545
-0.000460
-0.000289
-0.000091
0.000047
0.000120
0.000194
0.000321
0.000479
0.000569
0.000507
0.000328
0.000180
0.000190
0.000301
0.000330
0.000197
0.000000
-0.000143
-0.000240
-0.000358
-0.000471
-0.000498
-0.000413
-0.000242
-0.000034
0.000107
0.000086
-0.000074
-0.000232
-0.000252
-0.000132
0.000014
0.000110
0.000156
0.000143
0.000061
-0.000028
-0.000030
0.000079
0.000205
0.000183
-0.000036
-0.000249
-0.000234
-0.000046
0.000107
0.000152
0.000121
0.000060
0.000047
0.000102
0.000079
-0.000091
-0.000230
-0.000191
-0.000056
0.000018
-0.000007
-0.000081
-0.000156
-0.000164
-0.000090
-0.000002
0.000075
0.000146
0.000143
0.000059
0.000007
0.000040
0.000074
0.000022
-0.000046
-0.000017
0.000065
0.000087
0.000081
0.000122
0.000153
0.000098
0.000056
0.000148
0.000267
0.000247
0.000120
0.000006
-0.000055
-0.000083
-0.000103
-0.000188
-0.000376
-0.000522
-0.000451
-0.000217
-0.000029
-0.000028
-0.000175
-0.000246
-0.000065
0.000262
0.000454
0.000350
0.000046
-0.000212
-0.000247
-0.000032
0.000299
0.000474
0.000321
0.000007
-0.000148
-0.000080
-0.000002
-0.000025
-0.000062
-0.000036
0.000044
0.000137
0.000160
0.000044
-0.000146
-0.000207
-0.000019
0.000237
0.000255
0.000045
-0.000145
-0.000233
-0.000281
-0.000292
-0.000260
-0.000189
-0.000075
0.000042
0.000131
0.000211
0.000272
0.000322
0.000426
0.000526
0.000413
0.000056
-0.000299
-0.000479
-0.000515
-0.000439
-0.000275
-0.000120
-0.000008
0.000084
0.000098
-0.000002
-0.000102
-0.000098
-0.000041
0.000035
0.000215
0.000441
0.000477
0.000306
0.000162
0.000138
0.000123
0.000057
0.000016
0.000033
0.000007
-0.000137
-0.000320
-0.000412
-0.000394
-0.000310
-0.000176
-0.000087
-0.000171
-0.000304
-0.000284
-0.000186
-0.000176
-0.000195
-0.000111
0.000061
0.000219
0.000337
0.000436
0.000453
0.000313
0.000140
0.000120
0.000227
0.000299
0.000227
0.000046
-0.000094
-0.000106
-0.000040
0.000027
0.000028
-0.000097
-0.000277
-0.000336
-0.000225
-0.000091
-0.000048
-0.000082
-0.000135
-0.000093
0.000105
0.000274
0.000185
-0.000076
-0.000208
-0.000094
0.000115
0.000223
0.000166
0.000070
0.000039
-0.000030
-0.000186
-0.000247
-0.000109
0.000061
0.000114
0.000091
0.000069
0.000083
0.000139
0.000181
0.000172
0.000174
0.000237
0.000284
0.000214
0.000038
-0.000192
-0.000419
-0.000513
-0.000417
-0.000284
-0.000250
-0.000247
-0.000128
0.000146
0.000389
0.000342
0.000059
-0.000103
0.000043
0.000289
0.000348
0.000174
-0.000066
-0.000204
-0.000202
-0.000114
-0.000034
-0.000050
-0.000112
-0.000055
0.000116
0.000186
0.000064
-0.000065
-0.000028
0.000092
0.000123
0.000023
-0.000138
-0.000302
-0.000411
-0.000361
-0.000147
0.000068
0.000143
0.000094
0.000027
0.000067
0.000240
0.000404
0.000423
0.000324
0.000199
0.000073
-0.000068
-0.000196
-0.000246
-0.000221
-0.000207
-0.000233
-0.000235
-0.000181
-0.000081
0.000078
0.000243
0.000271
0.000143
0.000018
0.000036
0.000119
0.000059
-0.000123
-0.000195
-0.000154
-0.000179
-0.000230
-0.000160
-0.000023
0.000066
0.000109
0.000134
0.000117
0.000078
0.000135
0.000272
0.000210
-0.000131
-0.000417
-0.000389
-0.000155
0.000054
0.000149
0.000183
0.000145
-0.000029
-0.000206
-0.000191
-0.000065
-0.000021
-0.000028
0.000052
0.000202
0.000315
0.000344
0.000289
0.000190
0.000148
0.000174
0.000140
0.000014
-0.000053
0.000003
0.000052
-0.000004
-0.000091
-0.000097
-0.000035
-0.000021
-0.000100
-0.000233
-0.000354
-0.000341
-0.000159
0.000002
-0.000022
-0.000127
-0.000151
-0.000072
0.000015
-0.000005
-0.000092
-0.000091
0.000018
0.000141
0.000225
0.000226
0.000154
0.000117
0.000111
0.000021
-0.000126
-0.000179
-0.000100
0.000013
0.000060
0.000007
-0.000084
-0.000123
-0.000114
-0.000093
-0.000046
0.000015
0.000099
0.000258
0.000415
0.000429
0.000315
0.000151
-0.000057
-0.000274
-0.000388
-0.000339
-0.000206
-0.000120
-0.000125
-0.000137
-0.000052
0.000089
0.000157
0.000153
0.000170
0.000181
0.000103
