3840
0.000055
0.000076
0.000012
-0.000097
-0.000202
-0.000228
-0.000134
0.000002
0.000080
0.000091
0.000081
0.000101
0.000142
0.000160
0.000170
0.000176
0.000119
0.000012
-0.000055
-0.000069
-0.000086
-0.000149
-0.000220
-0.000221
-0.000150
-0.000086
-0.000079
-0.000076
-0.000034
-0.000002
0.000003
0.000040
0.000106
0.000148
0.000169
0.000171
0.000106
-0.000012
-0.000082
-0.000079
-0.000074
-0.000102
-0.000126
-0.000092
-0.000018
0.000046
0.000087
0.000089
0.000052
0.000035
0.000047
0.000025
-0.000034
-0.000061
0.000007
0.000193
0.000373
0.000317
0.000036
-0.000177
-0.000156
-0.000050
-0.000058
-0.000128
-0.000104
-0.000040
-0.000092
-0.000226
-0.000301
-0.000264
-0.000156
-0.000080
-0.000091
-0.000092
0.000021
0.000186
0.000290
0.000278
0.000185
0.000141
0.000183
0.000171
0.000041
-0.000084
-0.000080
0.000024
0.000099
0.000091
0.000043
-0.000017
-0.000079
-0.000102
-0.000058
0.000002
0.000009
-0.000036
-0.000064
-0.000043
-0.000030
-0.000062
-0.000096
-0.000085
-0.000037
-0.000003
-0.000013
-0.000028
-0.000009
-0.000001
-0.000005
0.000088
0.000237
0.000176
-0.000120
-0.000350
-0.000371
-0.000320
-0.000280
-0.000208
-0.000103
-0.000006
0.000110
0.000263
0.000351
0.000306
0.000249
0.000324
0.000458
0.000489
0.000387
0.000251
0.000156
0.000082
-0.000020
-0.000139
-0.000226
-0.000251
-0.000240
-0.000204
-0.000138
-0.000109
-0.000183
-0.000293
-0.000305
-0.000206
-0.000105
-0.000060
-0.000049
-0.000020
0.000072
0.000166
0.000150
0.000059
0.000008
-0.000000
-0.000002
0.000009
0.000021
0.000021
0.000046
0.000087
0.000076
0.000023
-0.000004
-0.000011
-0.000050
-0.000095
-0.000063
0.000031
0.000084
0.000068
0.000042
0.000046
0.000051
0.000021
-0.000036
-0.000084
-0.000084
-0.000041
-0.000014
-0.000028
-0.000021
-0.000002
-0.000052
-0.000140
-0.000151
-0.000094
-0.000055
-0.000013
0.000066
0.000122
0.000118
0.000090
0.000053
0.000004
-0.000010
0.000047
0.000124
0.000165
0.000174
0.000161
0.000118
0.000030
-0.000082
-0.000150
-0.000160
-0.000175
-0.000192
-0.000136
-0.000014
0.000048
-0.000010
-0.000062
-0.000030
-0.000022
-0.000070
-0.000038
0.000095
0.000159
0.000107
0.000073
0.000091
0.000071
-0.000000
-0.000062
-0.000103
-0.000125
-0.000103
-0.000048
-0.000019
-0.000052
-0.000114
-0.000122
-0.000010
0.000165
0.000250
0.000194
0.000106
0.000092
0.000114
0.000079
-0.000021
-0.000095
-0.000080
0.000001
0.000086
0.000108
0.000031
-0.000074
-0.000108
-0.000088
-0.000088
-0.000115
-0.000119
-0.000065
0.000022
0.000088
0.000118
0.000103
0.000017
-0.000105
-0.000138
-0.000040
0.000063
0.000058
0.000015
0.000040
0.000088
0.000040
-0.000110
-0.000280
-0.000342
-0.000162
0.000162
0.000388
0.000490
0.000541
0.000469
0.000253
0.000057
-0.000029
-0.000104
-0.000238
-0.000368
-0.000413
-0.000375
-0.000316
-0.000290
-0.000286
-0.000246
-0.000165
-0.000111
-0.000094
-0.000037
0.000058
0.000099
0.000067
0.000048
0.000104
0.000205
0.000246
0.000187
0.000125
0.000148
0.000212
0.000213
0.000146
0.000101
0.000123
0.000158
0.000139
0.000063
-0.000031
-0.000116
-0.000183
-0.000195
-0.000128
-0.000055
-0.000067
-0.000141
-0.000186
-0.000169
-0.000128
-0.000075
-0.000014
0.000016
0.000030
0.000101
0.000198
0.000212
0.000115
-0.000018
-0.000086
-0.000059
-0.000007
0.000004
-0.000012
0.000008
0.000066
0.000093
0.000065
0.000038
0.000029
0.000001
-0.000062
-0.000132
-0.000162
-0.000131
-0.000046
0.000074
0.000181
0.000226
0.000188
0.000085
-0.000017
-0.000062
-0.000121
-0.000236
-0.000276
-0.000155
-0.000016
-0.000012
-0.000091
-0.000132
-0.000110
-0.000054
0.000048
0.000195
0.000310
0.000323
0.000248
0.000149
0.000072
0.000004
-0.000073
-0.000107
-0.000052
0.000013
0.000001
-0.000056
-0.000096
-0.000112
-0.000087
-0.000022
0.000019
0.000005
-0.000010
-0.000022
-0.000076
-0.000116
-0.000070
0.000001
0.000030
0.000061
0.000089
0.000040
-0.000053
-0.000076
-0.000030
-0.000010
-0.000020
0.000021
0.000101
0.000142
0.000129
0.000093
0.000049
0.000016
-0.000001
-0.000007
0.000007
0.000011
-0.000023
-0.000045
-0.000040
-0.000066
-0.000132
-0.000190
-0.000207
-0.000169
-0.000078
0.000027
0.000085
0.000087
0.000084
0.000094
0.000072
0.000036
0.000089
0.000251
0.000315
0.000097
-0.000239
-0.000414
-0.000400
-0.000301
-0.000175
-0.000059
0.000028
0.000104
0.000167
0.000215
0.000276
0.000328
0.000311
0.000252
0.000222
0.000194
0.000098
-0.000034
-0.000110
-0.000113
-0.000128
-0.000171
-0.000133
-0.000032
-0.000063
-0.000213
-0.000207
0.000019
0.000196
0.000153
0.000032
-0.000011
-0.000019
-0.000073
-0.000145
-0.000155
-0.000092
-0.000049
-0.000114
-0.000209
-0.000210
-0.000145
-0.000076
0.000006
0.000083
0.000142
0.000196
0.000216
0.000181
0.000141
0.000142
0.000166
0.000158
0.000091
0.000019
0.000014
0.000024
-0.000067
-0.000224
-0.000268
-0.000146
-0.000013
0.000002
-0.000073
-0.000147
-0.000168
-0.000153
-0.000123
-0.000062
0.000004
0.000057
0.000143
0.000190
0.000093
-0.000032
-0.000023
0.000075
0.000090
-0.000043
-0.000153
-0.000053
0.000149
0.000227
0.000182
0.000154
0.000157
0.000136
0.000105
0.000067
0.000006
-0.000051
-0.000119
-0.000223
-0.000283
-0.000240
-0.000162
-0.000106
-0.000062
-0.000022
0.000019
0.000075
0.000119
0.000100
0.000056
0.000098
0.000181
0.000136
-0.000013
-0.000074
-0.000026
-0.000024
-0.000122
-0.000211
-0.000177
-0.000056
0.000004
-0.000014
0.000015
0.000111
0.000173
0.000145
0.000041
-0.000090
-0.000173
-0.000157
-0.000055
0.000061
0.000127
0.000128
0.000075
0.000023
0.000051
0.000132
0.000150
0.000091
0.000037
0.000014
-0.000017
-0.000074
-0.000105
-0.000051
0.000021
-0.000019
-0.000142
-0.000203
-0.000168
-0.000092
-0.000000
0.000086
0.000122
0.000116
0.000097
0.000058
0.000011
-0.000018
-0.000050
-0.000140
-0.000244
-0.000158
0.000175
0.000482
0.000513
0.000342
0.000179
0.000104
0.000044
-0.000094
-0.000291
-0.000420
-0.000425
-0.000358
-0.000266
-0.000171
-0.000093
-0.000020
0.000044
0.000040
-0.000028
-0.000060
-0.000009
0.000053
0.000046
0.000001
0.000002
0.000015
-0.000035
-0.000085
-0.000055
0.000052
0.000215
0.000346
0.000344
0.000269
0.000238
0.000215
0.000113
-0.000030
-0.000130
-0.000164
-0.000148
-0.000115
-0.000082
-0.000043
-0.000010
0.000001
-0.000026
-0.000102
-0.000176
-0.000176
-0.000120
-0.000082
-0.000089
-0.000072
0.000013
0.000075
0.000056
0.000045
0.000083
0.000114
0.000107
0.000070
0.000072
0.000169
0.000275
0.000307
0.000300
0.000248
0.000081
-0.000133
-0.000244
-0.000261
-0.000300
-0.000355
-0.000357
-0.000294
-0.000152
0.000074
0.000256
0.000249
0.000101
-0.000025
-0.000060
-0.000066
-0.000102
-0.000123
-0.000091
-0.000063
-0.000048
0.000004
0.000062
0.000064
0.000055
0.000112
0.000204
0.000229
0.000192
0.000199
0.000225
0.000149
0.000022
-0.000053
-0.000123
-0.000201
-0.000179
-0.000013
0.000178
0.000222
0.000105
-0.000043
-0.000182
-0.000351
-0.000471
-0.000438
-0.000304
-0.000213
-0.000185
-0.000104
0.000082
0.000255
0.000320
0.000355
0.000362
0.000124
-0.000377
-0.000722
-0.000545
0.000062
0.000740
0.001222
0.001473
0.001483
0.001013
0.000020
-0.000933
-0.001326
-0.001295
-0.001147
-0.000857
-0.000305
0.000338
0.000622
0.000251
-0.000664
-0.001619
-0.001831
-0.000952
0.000488
0.001898
0.003017
0.003435
0.002810
0.001180
-0.000973
-0.002567
-0.002885
-0.002426
-0.001833
-0.001071
-0.000083
0.000759
0.000951
0.000527
0.000102
-0.000022
-0.000000
0.000140
0.000453
0.000947
0.001517
0.001674
0.001119
0.000287
-0.000429
-0.001068
-0.001522
-0.001490
-0.000936
-0.000183
0.000417
0.000829
0.001058
0.000850
0.000239
-0.000221
-0.000188
0.000186
0.000535
0.000389
-0.000380
-0.001331
-0.002163
-0.002860
-0.003099
-0.002499
-0.001129
0.000728
0.002745
0.004385
0.005112
0.004739
0.003413
0.001432
-0.000728
-0.002391
-0.003075
-0.002878
-0.002206
-0.001385
-0.000701
-0.000346
-0.000298
-0.000471
-0.000722
-0.000727
-0.000256
0.000572
0.001478
0.002206
0.002480
0.002110
0.001194
-0.000013
-0.001295
-0.002327
-0.002728
-0.002468
-0.001857
-0.001108
-0.000248
0.000602
0.001241
0.001625
0.001756
0.001608
0.001393
0.001298
0.001076
0.000530
-0.000119
-0.000609
-0.000827
-0.000847
-0.000893
-0.000927
-0.000755
-0.000443
-0.000150
0.000015
-0.000022
-0.000081
0.000043
0.000226
0.000238
0.000068
-0.000077
-0.000072
-0.000015
-0.000026
-0.000190
-0.000481
-0.000633
-0.000487
-0.000122
0.000427
0.001079
0.001573
0.001651
0.001178
0.000385
-0.000208
-0.000416
-0.000529
-0.000720
-0.000699
-0.000255
0.000063
-0.000341
-0.001032
-0.001330
-0.001460
-0.001874
-0.002289
-0.001961
-0.000615
0.001138
0.002572
0.003547
0.003997
0.003640
0.002523
0.001132
-0.000059
-0.000883
-0.001335
-0.001312
-0.000868
-0.000465
-0.000488
-0.000765
-0.000964
-0.001150
-0.001427
-0.001484
-0.001122
-0.000653
-0.000341
-0.000062
0.000319
0.000701
0.000872
0.000785
0.000654
0.000581
0.000402
0.000119
0.000011
0.000251
0.000736
0.001209
0.001435
0.001334
0.001023
0.000642
0.000149
-0.000535
-0.001331
-0.002045
-0.002416
-0.002276
-0.001767
-0.001118
-0.000406
0.000330
0.000979
0.001295
0.001093
0.000642
0.000360
0.000218
0.000033
-0.000046
0.000170
0.000400
0.000109
-0.000695
-0.001284
-0.001083
-0.000224
0.000872
0.001716
0.001778
0.001174
0.000546
-0.000075
-0.000813
-0.001058
-0.000599
-0.000048
0.000319
0.000379
-0.000186
-0.001024
-0.001454
-0.001457
-0.001123
-0.000199
0.001048
0.001790
0.001890
0.001780
0.001129
-0.000425
-0.001972
-0.002630
-0.002478
-0.001546
0.000157
0.002103
0.003716
0.004473
0.003955
0.002381
0.000373
-0.001531
-0.002833
-0.003181
-0.002678
-0.001845
-0.001189
-0.000773
-0.000515
-0.000562
-0.000883
-0.001040
-0.000745
-0.000082
0.000845
0.001897
0.002648
0.002664
0.001957
0.000868
-0.000301
-0.001271
-0.001756
-0.001666
-0.001123
-0.000335
0.000451
0.000990
0.001126
0.000877
0.000405
-0.000104
-0.000414
-0.000324
0.000065
0.000440
0.000615
0.000505
-0.000073
-0.001218
-0.002456
-0.003087
-0.003120
-0.002481
-0.000256
0.003361
0.006352
0.007145
0.005639
0.002601
-0.000894
-0.004133
-0.006355
-0.006531
-0.004708
-0.002010
0.000554
0.002254
0.002723
0.001978
0.000452
-0.000706
-0.000688
0.000133
0.001332
0.002749
0.003779
0.003690
0.002154
-0.000441
-0.003023
-0.004634
-0.004898
-0.003947
-0.002336
-0.000594
0.001100
0.002566
0.003339
0.002962
0.001656
0.000278
-0.000630
-0.000968
-0.000570
0.000373
0.001237
0.001693
0.001535
0.000361
-0.001567
-0.002991
-0.002978
-0.002016
-0.001081
-0.000315
0.000651
0.001635
0.001846
0.001009
-0.000166
-0.001332
-0.002733
-0.003773
-0.003591
-0.002220
0.000204
0.003391
0.006306
0.007974
0.007804
0.005720
0.002699
-0.000187
-0.002551
-0.004042
-0.004371
-0.003777
-0.002863
-0.002229
-0.002026
-0.002081
-0.002419
-0.002761
-0.002308
-0.000873
0.000745
0.001891
0.002832
0.003977
0.004789
0.004481
0.003040
0.000799
-0.001635
-0.003275
-0.003691
-0.003102
-0.001765
-0.000134
0.001192
0.001727
0.001220
0.000104
-0.000799
-0.001058
-0.000621
0.000195
0.000818
0.001054
0.000996
0.000728
0.000356
-0.000266
-0.001140
-0.001524
-0.000958
-0.000031
0.000654
0.000881
0.000325
-0.000773
-0.001539
-0.002459
-0.005201
-0.008595
-0.008051
-0.001955
0.005322
0.009933
0.012604
0.013768
0.011486
0.005516
-0.001630
-0.007092
-0.009325
-0.008535
-0.005490
-0.000990
0.002812
0.003709
0.002152
-0.000136
-0.002645
-0.005187
-0.006443
-0.004895
-0.000836
0.003350
0.005585
0.005837
0.004507
0.001293
-0.002888
-0.005640
-0.005896
-0.004465
-0.001897
0.001658
0.005026
0.006494
0.005534
0.003090
0.000413
-0.001680
-0.002573
-0.001890
-0.000118
0.001624
0.002449
0.001945
0.000295
-0.001667
-0.003199
-0.004046
-0.003943
-0.002479
0.000232
0.003024
0.004439
0.004004
0.002200
-0.000155
-0.001995
-0.002600
-0.002193
-0.001347
-0.000383
0.000476
0.000899
0.000556
-0.000573
-0.001955
-0.002645
-0.001984
-0.000369
0.001242
0.002415
0.003001
0.002773
0.002126
0.001725
0.001262
0.000160
-0.001025
-0.001366
-0.001286
-0.002659
-0.006434
-0.010084
-0.010136
-0.006758
-0.001684
0.005097
0.012170
0.015924
0.015106
0.010926
0.004884
-0.000562
-0.003453
-0.004141
-0.003310
-0.001603
-0.000757
-0.001676
-0.003608
-0.006008
-0.008303
-0.009128
-0.007651
-0.004077
0.000732
0.005157
0.007923
0.008795
0.007339
0.003457
-0.001046
-0.004147
-0.005339
-0.004620
-0.002336
0.000235
0.001980
0.002549
0.001919
0.000561
-0.000798
-0.001824
-0.002291
-0.001890
-0.000324
0.002885
0.007087
0.009353
0.007487
0.002924
-0.001469
-0.004104
-0.004604
-0.003501
-0.001784
-0.000170
0.000702
0.000345
-0.001201
-0.003443
-0.005328
-0.005717
-0.004262
-0.001447
0.001565
0.003601
0.004438
0.004191
0.002761
0.000599
-0.001315
-0.002214
-0.001930
-0.000977
0.000171
0.001436
0.002425
0.002539
0.001908
0.001365
0.001195
0.000107
-0.003722
-0.010113
-0.015723
-0.015854
-0.008209
0.004392
0.015530
0.020378
0.019024
0.013960
0.006684
-0.000861
-0.005362
-0.005618
-0.003348
-0.000258
0.002198
0.002034
-0.001483
-0.006815
-0.011457
-0.013495
-0.012314
-0.008094
-0.001419
0.005939
0.011276
0.012859
0.010681
0.005723
-0.000287
-0.005095
-0.007027
-0.005817
-0.002599
0.000626
0.002340
0.002413
0.001217
-0.000990
-0.003299
-0.004294
-0.003295
-0.000695
0.002595
0.005422
0.006339
0.004664
0.001943
0.000509
0.000866
0.002107
0.003348
0.003776
0.002875
0.000823
-0.001727
-0.004190
-0.006383
-0.007788
-0.007447
-0.005473
-0.003032
-0.000949
0.000424
0.001093
0.001436
0.001765
0.002300
0.003032
0.003401
0.002907
0.001713
0.000437
-0.000457
-0.001074
-0.001422
-0.001069
-0.000068
0.001061
0.001879
0.001538
-0.000630
-0.004349
-0.009859
-0.016329
-0.017580
-0.007980
0.007142
0.018014
0.022849
0.023060
0.016862
0.006036
-0.002886
-0.006657
-0.006363
-0.003756
-0.000409
0.002117
0.001744
-0.002748
-0.008982
-0.013487
-0.015261
-0.013689
-0.007800
0.000829
0.008845
0.013783
0.014189
0.010214
0.004079
-0.002038
-0.006535
-0.007447
-0.004581
-0.000720
0.001746
0.002595
0.001952
-0.000245
-0.003262
-0.005496
-0.005810
-0.004785
-0.002904
0.001090
0.007135
0.012513
0.015020
0.013693
0.008485
0.001660
-0.003740
-0.006590
-0.007363
-0.006829
-0.005290
-0.003318
-0.002476
-0.003232
-0.004421
-0.005299
-0.005138
-0.002984
0.000641
0.004293
0.006759
0.007111
0.005348
0.002248
-0.001135
-0.003506
-0.004302
-0.003725
-0.001972
0.000077
0.001414
0.002083
0.002067
0.001057
-0.000177
-0.001084
-0.004258
-0.012007
-0.017869
-0.011803
0.003465
0.016303
0.023116
0.024970
0.019296
0.007694
-0.002346
-0.006947
-0.007179
-0.005023
-0.002046
0.000554
0.000591
-0.003597
-0.009674
-0.014164
-0.016145
-0.014720
-0.008532
0.000726
0.009155
0.014107
0.014572
0.011120
0.005864
0.000303
-0.004478
-0.005999
-0.003508
-0.000173
0.001439
0.001534
0.000363
-0.002061
-0.004680
-0.006068
-0.006110
-0.005937
-0.004427
0.001668
0.011025
0.017502
0.017802
0.012982
0.005059
-0.002996
-0.007689
-0.008021
-0.006194
-0.004517
-0.003130
-0.002031
-0.002418
-0.004232
-0.005819
-0.006078
-0.004388
-0.000550
0.004180
0.007789
0.008727
0.006441
0.001884
-0.002787
-0.005514
-0.005583
-0.003741
-0.001197
0.000882
0.001607
0.001090
0.000162
-0.000655
-0.001298
-0.001952
-0.003039
-0.005628
-0.009786
-0.011051
-0.004118
0.008619
0.019270
0.023380
0.020655
0.012558
0.003057
-0.003248
-0.004705
-0.003142
-0.001604
-0.001464
-0.002579
-0.005429
-0.010001
-0.014263
-0.016161
-0.014819
-0.009831
-0.001919
0.006354
0.012017
0.013408
0.010817
0.006327
0.002274
-0.000406
-0.001560
-0.000945
0.000631
0.001391
0.000574
-0.001330
-0.003635
-0.005929
-0.008304
-0.009932
-0.007552
0.000625
0.010641
0.016963
0.017908
0.014144
0.006972
-0.000742
-0.006038
-0.007810
-0.006603
-0.004126
-0.002244
-0.001981
-0.003560
-0.006145
-0.007973
-0.007421
-0.003891
0.001427
0.006342
0.009477
0.009818
0.006505
0.000793
-0.004413
-0.007124
-0.006827
-0.003935
0.000061
0.002689
0.002304
-0.000006
-0.001926
-0.002782
-0.003229
-0.003370
-0.002618
-0.001999
-0.004406
-0.008115
-0.005482
0.005074
0.015243
0.019199
0.017945
0.012850
0.005934
0.001262
0.000186
0.000469
-0.000009
-0.001853
-0.004388
-0.006932
-0.010027
-0.013389
-0.014951
-0.013722
-0.010148
-0.004337
0.002625
0.007958
0.009798
0.008535
0.006073
0.004300
0.003138
0.001808
0.001232
0.001710
0.001340
-0.000546
-0.002749
-0.005161
-0.008504
-0.011467
-0.009981
-0.001854
0.008578
0.015355
0.017201
0.014756
0.008690
0.001917
-0.002803
-0.005180
-0.005624
-0.004695
-0.003242
-0.002446
-0.003773
-0.006817
-0.009067
-0.008522
-0.004588
0.001447
0.006801
0.009589
0.008903
0.004691
-0.000628
-0.004187
-0.005433
-0.004746
-0.002494
0.000096
0.001368
0.000695
-0.000909
-0.002272
-0.003254
-0.003292
-0.001267
0.001940
0.002835
-0.001539
-0.009016
-0.012056
-0.005466
0.007269
0.018327
0.022867
0.020163
0.012181
0.003359
-0.001804
-0.002675
-0.001906
-0.001554
-0.002066
-0.003588
-0.006429
-0.010591
-0.014743
-0.016571
-0.014724
-0.009186
-0.001048
0.006788
0.011070
0.010967
0.008165
0.004991
0.002697
0.001365
0.001193
0.002109
0.002628
0.001059
-0.003095
-0.008562
-0.011559
-0.008744
-0.001751
0.005067
0.009593
0.011517
0.010639
0.007544
0.003674
0.000505
-0.001337
-0.002333
-0.002807
-0.002715
-0.002867
-0.004213
-0.006279
-0.007438
-0.006331
-0.003089
0.001052
0.004711
0.006196
0.004579
0.001316
-0.001398
-0.002838
-0.003115
-0.002274
-0.000719
0.000486
0.000448
-0.000446
-0.001192
-0.001555
-0.001976
-0.002437
-0.001560
0.001780
0.004899
0.002612
-0.005708
-0.013630
-0.013702
-0.003904
0.010975
0.022620
0.025124
0.018740
0.008313
-0.000418
-0.003838
-0.002603
-0.000170
0.001000
0.000033
-0.003427
-0.008632
-0.013994
-0.017971
-0.018646
-0.014608
-0.006569
0.002828
0.009899
0.011916
0.009478
0.005358
0.001925
0.000784
0.002254
0.004526
0.005053
0.002656
-0.001401
-0.004331
-0.005045
-0.004694
-0.003282
0.000240
0.004689
0.007420
0.007256
0.004891
0.001927
-0.000304
-0.001420
-0.001561
-0.001399
-0.001833
-0.002663
-0.003100
-0.003273
-0.003661
-0.003923
-0.003044
-0.000560
0.002400
0.004129
0.003882
0.001765
-0.001211
-0.003089
-0.002752
-0.001046
0.000381
0.000624
-0.000000
-0.000812
-0.001590
-0.002285
-0.002761
-0.002373
-0.000193
0.002828
0.003980
0.001679
-0.003858
-0.010262
-0.012285
-0.006049
0.006016
0.017237
0.022012
0.018803
0.010479
0.002015
-0.002625
-0.002372
0.000494
0.002413
0.001554
-0.001933
-0.007257
-0.013082
-0.017354
-0.018102
-0.014521
-0.007493
0.000666
0.007067
0.009581
0.008080
0.004531
0.001711
0.001244
0.002468
0.003687
0.004207
0.004252
0.003519
0.001233
-0.002151
-0.004463
-0.003859
-0.000726
0.002939
0.005206
0.004990
0.002364
-0.001067
-0.003000
-0.002664
-0.001437
-0.000778
-0.000793
-0.001056
-0.001488
-0.002130
-0.002667
-0.002501
-0.001280
0.000764
0.002725
0.003312
0.001881
-0.000734
-0.002791
-0.003018
-0.001572
0.000300
0.001455
0.001384
0.000099
-0.001876
-0.003729
-0.004478
-0.003237
-0.000423
0.002522
0.004614
0.004635
0.001030
-0.005361
-0.010513
-0.009612
-0.000783
0.011357
0.018733
0.017837
0.010939
0.002146
-0.003820
-0.003996
-0.000270
0.003115
0.003552
0.000854
-0.003544
-0.008394
-0.012967
-0.015336
-0.013669
-0.008719
-0.002464
0.003336
0.006626
0.006270
0.003485
0.000729
-0.000190
0.001004
0.003647
0.006804
0.008412
0.006369
0.001987
-0.001120
-0.001669
-0.000765
0.000938
0.002902
0.003458
0.001283
-0.002579
-0.005571
-0.006384
-0.005521
-0.003585
-0.001171
0.000261
-0.000207
-0.001384
-0.001428
-0.000136
0.001432
0.002783
0.003899
0.004170
0.003115
0.001254
-0.000750
-0.002616
-0.003801
-0.003621
-0.002297
-0.001029
-0.000802
-0.001589
-0.002401
-0.002065
-0.000534
0.000983
0.001560
0.001473
0.001419
0.001104
-0.000729
-0.004092
-0.006365
-0.004111
0.003304
0.011611
0.014919
0.011615
0.004742
-0.001740
-0.004468
-0.002175
0.002614
0.005776
0.004731
-0.000311
-0.006481
-0.010970
-0.012882
-0.011706
-0.007580
-0.002565
0.001346
0.003466
0.003315
0.000989
-0.002015
-0.003363
-0.001346
0.003092
0.007003
0.008981
0.009416
0.008051
0.004725
0.001064
-0.000796
-0.000282
0.001096
0.001276
-0.000368
-0.003388
-0.007135
-0.009833
-0.009404
-0.006178
-0.002465
0.000118
0.001356
0.001638
0.001644
0.002244
0.003620
0.004761
0.004899
0.004521
0.003970
0.002626
0.000171
-0.002649
-0.004768
-0.005700
-0.005499
-0.004262
-0.002484
-0.001264
-0.001085
-0.001402
-0.001692
-0.001473
-0.000005
0.002548
0.004297
0.003366
0.000270
-0.002764
-0.003972
-0.001945
0.003690
0.009688
0.011435
0.008303
0.003165
-0.001332
-0.003409
-0.002205
0.001137
0.003694
0.002902
-0.000848
-0.004815
-0.007505
-0.008911
-0.008211
-0.005101
-0.001510
0.000664
0.001234
0.000437
-0.001665
-0.003831
-0.003707
-0.000362
0.004730
0.009267
0.011064
0.008978
0.004460
0.000551
-0.000771
0.000300
0.001832
0.002045
0.000578
-0.002400
-0.006100
-0.008546
-0.008505
-0.006554
-0.003556
-0.000216
0.002377
0.003309
0.002700
0.001639
0.001163
0.001566
0.002637
0.003713
0.003803
0.002505
0.000332
-0.001975
-0.003788
-0.004508
-0.003828
-0.002276
-0.000980
-0.000495
-0.000608
-0.001244
-0.002183
-0.002344
-0.000936
0.001306
0.003012
0.003372
0.002103
-0.000399
-0.002656
-0.003035
-0.000757
0.003709
0.007930
0.008827
0.006058
0.001939
-0.001368
-0.002530
-0.001241
0.001148
0.002690
0.002047
-0.000851
-0.004292
-0.006431
-0.006919
-0.005798
-0.003320
-0.000977
-0.000222
-0.001003
-0.002321
-0.002892
-0.001596
0.001565
0.005156
0.007261
0.007044
0.005410
0.003732
0.002512
0.001695
0.001238
0.000897
0.000140
-0.001393
-0.003429
-0.005285
-0.006386
-0.006268
-0.004671
-0.002045
0.000576
0.002269
0.002633
0.001910
0.000820
0.000196
0.000625
0.001933
0.003070
0.003057
0.001805
-0.000257
-0.002524
-0.003950
-0.003614
-0.001912
-0.000247
0.000527
0.000509
-0.000081
-0.001051
-0.001727
-0.001301
0.000127
0.001551
0.002131
0.001680
0.000205
-0.001950
-0.003418
-0.002828
-0.000674
0.001680
0.003999
0.005880
0.005662
0.003088
0.000461
-0.000290
0.000563
0.001840
0.002763
0.002766
0.001026
-0.002321
-0.005110
-0.005556
-0.004460
-0.003225
-0.002294
-0.002187
-0.002979
-0.003308
-0.001974
0.000398
0.002230
0.003020
0.003637
0.004375
0.004390
0.003599
0.002899
0.002390
0.001507
0.000440
-0.000211
-0.000730
-0.001950
-0.003687
-0.004703
-0.004348
-0.003091
-0.001538
-0.000033
0.001022
0.001311
0.001031
0.000724
0.000683
0.000848
0.001235
0.001820
0.002105
0.001539
0.000228
-0.001140
-0.001914
-0.002028
-0.001862
-0.001602
-0.001210
-0.000772
-0.000454
-0.000371
-0.000475
-0.000492
-0.000424
-0.000589
-0.000626
0.000239
0.001558
0.001839
0.000550
-0.001098
-0.001571
-0.000625
0.000998
0.002857
0.004419
0.004466
0.002742
0.000852
0.000189
0.000524
0.000982
0.001012
0.000513
-0.000450
-0.001751
-0.002830
-0.003123
-0.002998
-0.003119
-0.003152
-0.002215
-0.000470
0.000641
0.000306
-0.000337
0.000058
0.001217
0.002246
0.002984
0.003483
0.003261
0.001952
0.000331
-0.000433
-0.000396
-0.000448
-0.000829
-0.001223
-0.001574
-0.002017
-0.002304
-0.001890
-0.000815
0.000219
0.000796
0.000870
0.000343
-0.000395
-0.000447
0.000382
0.001303
0.001572
0.001112
0.000364
-0.000157
-0.000295
-0.000195
-0.000090
-0.000255
-0.000647
-0.000861
-0.000904
-0.001199
-0.001598
-0.001489
-0.000858
-0.000252
0.000105
0.000351
0.000357
-0.000202
-0.001183
-0.001894
-0.001592
-0.000075
0.001806
0.002832
0.002937
0.002794
0.002435
0.001897
0.001825
0.002298
0.002572
0.002136
0.001108
-0.000008
-0.000907
-0.001771
-0.002543
-0.002916
-0.003012
-0.002759
-0.001838
-0.000990
-0.001279
-0.002169
-0.002125
-0.000617
0.001326
0.002350
0.002322
0.001892
0.001163
0.000316
0.000205
0.000976
0.001687
0.001595
0.000700
-0.000543
-0.001589
-0.002152
-0.002036
-0.001132
0.000070
0.000871
0.001138
0.000911
0.000167
-0.000612
-0.000721
-0.000085
0.000721
0.001108
0.000969
0.000459
-0.000361
-0.001114
-0.001141
-0.000551
-0.000191
-0.000385
-0.000720
-0.000891
-0.001047
-0.001283
-0.001231
-0.000677
-0.000141
-0.000027
0.000002
0.000166
0.000210
0.000057
-0.000192
-0.000525
-0.000724
-0.000371
0.000577
0.001564
0.001991
0.001835
0.001544
0.001523
0.001853
0.002317
0.002647
0.002597
0.001800
0.000305
-0.000917
-0.001134
-0.000943
-0.001177
-0.001642
-0.001759
-0.001694
-0.002006
-0.002481
-0.002244
-0.001233
-0.000384
-0.000120
0.000088
0.000551
0.000880
0.000803
0.000678
0.000878
0.001197
0.001240
0.001001
0.000659
0.000195
-0.000389
-0.000816
-0.000855
-0.000636
-0.000389
-0.000147
0.000080
0.000106
-0.000151
-0.000365
-0.000130
0.000437
0.000820
0.000888
0.000955
0.001024
0.000743
0.000112
-0.000470
-0.000847
-0.001194
-0.001492
-0.001471
-0.001069
-0.000595
-0.000457
-0.000726
-0.001006
-0.001028
-0.000982
-0.000920
-0.000583
-0.000036
0.000348
0.000428
0.000265
-0.000147
-0.000633
-0.000485
0.000808
0.002332
0.002635
0.001801
0.000793
0.000007
0.000245
0.002319
0.004720
0.004968
0.002983
0.000623
-0.000812
-0.001255
-0.001152
-0.000753
-0.000388
-0.000893
-0.002491
-0.004051
-0.004505
-0.003827
-0.002426
-0.000794
0.000451
0.000816
0.000378
-0.000086
0.000124
0.000874
0.001609
0.001957
0.001725
0.000960
0.000078
-0.000368
-0.000157
0.000350
0.000624
0.000538
0.000336
0.000221
0.000135
-0.000114
-0.000401
-0.000254
0.000345
0.000698
0.000353
-0.000283
-0.000641
-0.000692
-0.000629
-0.000365
0.000119
0.000254
-0.000448
-0.001350
-0.001446
-0.000863
-0.000441
-0.000380
-0.000348
-0.000320
-0.000479
-0.000638
-0.000456
-0.000079
0.000143
0.000268
0.000365
0.000143
-0.000330
-0.000406
0.000086
0.000468
0.000333
0.000297
0.000935
0.001639
0.001700
0.001721
0.002396
0.002905
0.002189
0.000744
-0.000125
-0.000027
0.000224
-0.000167
-0.000866
-0.001151
-0.001225
-0.001697
-0.002377
-0.002524
-0.001791
-0.000574
0.000293
0.000394
0.000150
0.000100
0.000253
0.000322
0.000225
0.000217
0.000468
0.000705
0.000596
0.000221
-0.000125
-0.000263
-0.000203
-0.000121
-0.000190
-0.000309
-0.000212
0.000152
0.000551
0.000691
0.000420
-0.000091
-0.000403
-0.000306
-0.000042
0.000117
0.000155
0.000117
0.000061
0.000059
-0.000033
-0.000345
-0.000587
-0.000549
-0.000542
-0.000738
-0.000847
-0.000772
-0.000731
-0.000663
-0.000287
0.000272
0.000492
0.000227
-0.000065
-0.000090
0.000041
0.000293
0.000471
0.000224
-0.000162
-0.000338
-0.000652
-0.000872
-0.000198
0.000809
0.001172
0.001346
0.001800
0.002078
0.002006
0.001669
0.001171
0.000996
0.001035
0.000475
-0.000508
-0.001043
-0.001099
-0.001153
-0.001435
-0.001870
-0.001927
-0.001199
-0.000255
0.000116
0.000068
0.000114
0.000169
0.000008
-0.000081
0.000254
0.000827
0.001085
0.000782
0.000192
-0.000379
-0.000799
-0.000857
-0.000512
-0.000181
-0.000211
-0.000446
-0.000549
-0.000433
-0.000274
-0.000134
0.000283
0.001076
0.001664
0.001481
0.000785
0.000235
0.000039
-0.000055
-0.000236
-0.000351
-0.000198
-0.000024
-0.000308
-0.000974
-0.001411
-0.001331
-0.000999
-0.000674
-0.000372
-0.000094
0.000083
0.000081
-0.000112
-0.000294
-0.000190
0.000090
0.000128
-0.000280
-0.000938
-0.001179
-0.000376
0.000902
0.001394
0.000996
0.000685
0.000960
0.001400
0.001488
0.001302
0.001160
0.001047
0.000910
0.000750
0.000260
-0.000585
-0.001111
-0.000890
-0.000350
-0.000308
-0.001022
-0.001615
-0.001269
-0.000493
0.000036
0.000444
0.000730
0.000569
0.000056
-0.000329
-0.000191
0.000322
0.000534
0.000225
-0.000058
-0.000071
-0.000203
-0.000530
-0.000578
-0.000164
0.000309
0.000474
0.000422
0.000355
0.000185
-0.000134
-0.000192
0.000294
0.000859
0.000875
0.000377
-0.000148
-0.000391
-0.000383
-0.000271
-0.000195
-0.000346
-0.000828
-0.001301
-0.001171
-0.000458
0.000037
-0.000205
-0.000725
-0.000766
-0.000255
0.000307
0.000590
0.000636
0.000595
0.000585
0.000648
0.000632
0.000311
-0.000159
-0.000303
-0.000099
-0.000043
-0.000257
-0.000340
-0.000147
-0.000005
-0.000047
-0.000009
0.000141
0.000087
-0.000231
-0.000577
-0.000784
-0.000728
-0.000413
-0.000162
-0.000195
-0.000237
0.000068
0.000624
0.000994
0.000990
0.000906
0.001038
0.001192
0.001009
0.000584
0.000322
0.000305
0.000239
0.000011
-0.000150
-0.000134
-0.000141
-0.000273
-0.000355
-0.000292
-0.000187
-0.000070
0.000058
0.000079
-0.000048
-0.000131
-0.000027
0.000086
-0.000079
-0.000469
-0.000704
-0.000623
-0.000410
-0.000189
0.000038
0.000095
-0.000198
-0.000595
-0.000639
-0.000311
-0.000012
0.000040
-0.000002
0.000026
0.000123
0.000251
0.000396
0.000467
0.000333
0.000077
0.000003
0.000210
0.000391
0.000267
-0.000021
-0.000173
-0.000160
-0.000168
-0.000288
-0.000398
-0.000364
-0.000244
-0.000159
-0.000133
-0.000203
-0.000356
-0.000390
-0.000222
-0.000081
-0.000102
-0.000111
0.000051
0.000294
0.000413
0.000338
0.000186
0.000109
0.000129
0.000153
0.000074
-0.000108
-0.000229
-0.000189
-0.000170
-0.000286
-0.000279
0.000030
0.000404
0.000569
0.000561
0.000566
0.000670
0.000752
0.000654
0.000429
0.000247
0.000155
0.000149
0.000224
0.000244
0.000033
-0.000330
-0.000532
-0.000454
-0.000312
-0.000224
-0.000025
0.000269
0.000331
0.000029
-0.000318
-0.000359
-0.000171
-0.000080
-0.000155
-0.000221
-0.000220
-0.000226
-0.000288
-0.000391
-0.000497
-0.000549
-0.000443
-0.000141
0.000185
0.000328
0.000286
0.000199
0.000230
0.000379
0.000416
0.000231
0.000018
-0.000103
-0.000172
-0.000178
-0.000121
-0.000118
-0.000247
-0.000375
-0.000310
-0.000106
0.000009
-0.000059
-0.000206
-0.000220
-0.000000
0.000289
0.000435
0.000412
0.000305
0.000212
0.000203
0.000242
0.000202
0.000031
-0.000173
-0.000258
-0.000184
-0.000076
-0.000082
-0.000204
-0.000320
-0.000340
-0.000289
-0.000225
-0.000148
-0.000055
-0.000034
-0.000140
-0.000220
-0.000103
0.000105
0.000198
0.000201
0.000267
0.000410
0.000566
0.000712
0.000774
0.000624
0.000320
0.000099
0.000034
-0.000011
-0.000073
-0.000072
-0.000037
-0.000058
-0.000120
-0.000106
0.000014
0.000092
0.000033
-0.000046
-0.000032
0.000012
0.000011
-0.000004
-0.000009
-0.000045
-0.000124
-0.000219
-0.000291
-0.000296
-0.000238
-0.000194
-0.000209
-0.000239
-0.000216
-0.000131
-0.000093
-0.000193
-0.000288
-0.000178
0.000067
0.000220
0.000229
0.000197
0.000176
0.000128
0.000045
-0.000007
-0.000004
-0.000032
-0.000157
-0.000261
-0.000174
0.000072
0.000278
0.000291
0.000109
-0.000111
-0.000170
-0.000035
0.000165
0.000293
0.000257
0.000047
-0.000181
-0.000245
-0.000153
-0.000058
-0.000076
-0.000175
-0.000221
-0.000167
-0.000094
-0.000037
-0.000022
-0.000116
-0.000216
-0.000125
0.000105
0.000246
0.000222
0.000132
0.000092
0.000149
0.000214
0.000125
-0.000111
-0.000294
-0.000324
-0.000280
-0.000198
-0.000040
0.000108
0.000127
0.000105
0.000192
0.000351
0.000463
0.000525
0.000574
0.000544
0.000385
0.000219
0.000157
0.000132
0.000076
0.000044
0.000050
0.000016
-0.000057
-0.000047
0.000071
0.000075
-0.000210
-0.000521
-0.000445
-0.000036
0.000297
0.000335
0.000160
-0.000083
-0.000316
-0.000454
-0.000451
-0.000424
-0.000491
-0.000565
-0.000511
-0.000346
-0.000191
-0.000105
-0.000077
-0.000122
-0.000211
-0.000206
-0.000058
0.000107
0.000173
0.000162
0.000191
0.000319
0.000433
0.000419
0.000339
0.000288
0.000271
0.000274
0.000247
0.000089
-0.000157
-0.000288
-0.000223
-0.000096
-0.000101
-0.000266
-0.000365
-0.000223
0.000042
0.000213
0.000223
0.000146
0.000040
-0.000065
-0.000096
-0.000078
-0.000176
-0.000403
-0.000513
-0.000339
-0.000037
0.000168
0.000256
0.000290
0.000244
0.000149
0.000149
0.000259
0.000330
0.000309
0.000242
0.000114
-0.000041
-0.000085
0.000002
0.000056
-0.000037
-0.000164
-0.000188
-0.000138
-0.000042
0.000123
0.000238
0.000139
-0.000081
-0.000180
-0.000108
-0.000002
0.000069
0.000153
0.000249
0.000304
0.000320
0.000326
0.000305
0.000235
0.000131
0.000022
-0.000065
-0.000110
-0.000136
-0.000190
-0.000278
-0.000325
-0.000242
-0.000093
-0.000045
-0.000122
-0.000190
-0.000172
-0.000095
-0.000010
0.000029
0.000016
-0.000034
-0.000136
-0.000256
-0.000313
-0.000298
-0.000254
-0.000223
-0.000213
-0.000171
-0.000039
0.000149
0.000309
0.000375
0.000347
0.000259
0.000124
-0.000015
-0.000049
0.000053
0.000105
-0.000024
-0.000175
-0.000175
-0.000071
0.000047
0.000148
0.000158
0.000033
-0.000111
-0.000126
-0.000029
0.000059
0.000069
0.000003
-0.000095
-0.000137
-0.000082
-0.000015
-0.000019
-0.000056
-0.000047
0.000036
0.000147
0.000193
0.000135
-0.000010
-0.000181
-0.000249
-0.000130
0.000121
0.000309
0.000231
-0.000069
-0.000317
-0.000359
-0.000249
-0.000053
0.000182
0.000342
0.000333
0.000195
0.000043
-0.000026
0.000030
0.000168
0.000278
0.000282
0.000207
0.000146
0.000144
0.000148
0.000127
0.000133
0.000175
0.000177
0.000069
-0.000121
-0.000227
-0.000114
0.000075
0.000096
-0.000038
-0.000134
-0.000146
-0.000172
-0.000253
-0.000327
-0.000340
-0.000266
-0.000131
-0.000042
-0.000057
-0.000072
-0.000007
0.000070
0.000087
0.000067
0.000072
0.000121
0.000160
0.000121
0.000011
-0.000112
-0.000209
-0.000246
-0.000191
-0.000081
-0.000001
-0.000011
-0.000111
-0.000211
-0.000211
-0.000131
-0.000078
-0.000114
-0.000165
-0.000099
0.000077
0.000235
0.000291
0.000264
0.000238
0.000277
0.000363
0.000426
0.000352
0.000088
-0.000229
-0.000415
-0.000440
-0.000334
-0.000136
0.000031
0.000036
-0.000125
-0.000297
-0.000332
-0.000228
-0.000072
0.000060
0.000142
0.000172
0.000146
0.000122
0.000154
0.000170
0.000101
0.000035
0.000069
0.000184
0.000297
0.000328
0.000261
0.000160
0.000103
0.000074
0.000016
-0.000045
-0.000051
-0.000047
-0.000143
-0.000331
-0.000459
-0.000416
-0.000256
-0.000104
-0.000016
0.000034
0.000064
0.000076
0.000121
0.000220
0.000281
0.000246
0.000181
0.000143
0.000116
0.000070
0.000034
0.000064
0.000121
0.000123
0.000092
0.000089
0.000101
0.000097
0.000074
0.000001
-0.000145
-0.000279
-0.000299
-0.000232
-0.000193
-0.000268
-0.000398
-0.000405
-0.000218
0.000013
0.000122
0.000106
0.000031
-0.000065
-0.000129
-0.000104
-0.000007
0.000097
0.000151
0.000114
-0.000042
-0.000242
-0.000235
0.000094
0.000461
0.000580
0.000535
0.000502
0.000463
0.000303
-0.000001
-0.000278
-0.000353
-0.000300
-0.000309
-0.000420
-0.000564
-0.000640
-0.000506
-0.000190
0.000018
-0.000055
-0.000226
-0.000256
-0.000132
0.000045
0.000221
0.000325
0.000274
0.000115
0.000053
0.000179
0.000338
0.000367
0.000285
0.000214
0.000241
0.000344
0.000423
0.000375
0.000194
-0.000011
-0.000172
-0.000299
-0.000350
-0.000298
-0.000241
-0.000245
-0.000222
-0.000105
0.000004
-0.000023
-0.000129
-0.000160
-0.000083
0.000005
0.000046
0.000050
0.000028
-0.000002
0.000010
0.000074
0.000119
0.000105
0.000110
0.000210
0.000325
0.000353
0.000315
0.000248
0.000156
0.000073
0.000030
0.000004
-0.000053
-0.000173
-0.000282
-0.000241
-0.000083
0.000018
-0.000008
-0.000097
-0.000169
-0.000186
-0.000166
-0.000170
-0.000242
-0.000360
-0.000426
-0.000329
-0.000073
0.000149
0.000152
0.000019
-0.000026
0.000081
0.000235
0.000354
0.000421
0.000422
0.000351
0.000254
0.000170
0.000060
-0.000090
-0.000192
-0.000195
-0.000150
-0.000090
-0.000023
-0.000026
-0.000120
-0.000203
-0.000199
-0.000119
-0.000031
-0.000027
-0.000119
-0.000181
-0.000078
0.000124
0.000180
-0.000015
-0.000276
-0.000355
-0.000156
0.000176
0.000369
0.000311
0.000141
0.000032
0.000005
-0.000025
-0.000103
-0.000182
-0.000182
-0.000060
0.000156
0.000343
0.000360
0.000189
-0.000022
-0.000086
0.000012
0.000100
0.000055
-0.000075
-0.000170
-0.000183
-0.000142
-0.000073
-0.000019
-0.000044
-0.000108
-0.000086
0.000007
0.000028
-0.000034
-0.000040
0.000119
0.000377
0.000483
0.000278
-0.000077
-0.000361
-0.000524
-0.000535
-0.000380
-0.000186
-0.000076
-0.000025
0.000055
0.000216
0.000427
0.000555
0.000475
0.000261
0.000112
0.000137
0.000266
0.000321
0.000208
0.000021
-0.000090
-0.000102
-0.000106
-0.000156
-0.000211
-0.000214
-0.000157
-0.000064
0.000028
0.000060
-0.000017
-0.000140
-0.000150
-0.000029
0.000014
-0.000114
-0.000186
-0.000067
0.000036
-0.000045
-0.000163
-0.000137
-0.000046
-0.000030
-0.000058
-0.000048
-0.000021
-0.000018
0.000009
0.000084
0.000142
0.000162
0.000166
0.000123
0.000028
-0.000016
0.000045
0.000104
0.000072
0.000028
0.000032
-0.000003
-0.000130
-0.000238
-0.000211
-0.000091
0.000010
0.000050
0.000024
-0.000090
-0.000222
-0.000232
-0.000118
-0.000018
-0.000025
-0.000098
-0.000125
-0.000046
0.000089
0.000188
0.000184
0.000111
0.000085
0.000165
0.000272
0.000280
0.000154
-0.000001
-0.000056
-0.000020
0.000012
-0.000001
-0.000038
-0.000065
-0.000052
-0.000025
-0.000031
-0.000036
0.000017
0.000110
0.000156
0.000090
-0.000028
-0.000090
-0.000109
-0.000148
-0.000188
-0.000200
-0.000191
-0.000139
-0.000041
0.000042
0.000085
0.000139
0.000228
0.000263
0.000182
0.000088
0.000057
0.000035
0.000019
0.000040
0.000021
-0.000069
-0.000128
-0.000140
-0.000168
-0.000168
-0.000077
0.000054
0.000125
0.000105
0.000068
0.000071
0.000081
0.000057
-0.000012
-0.000094
-0.000111
-0.000050
0.000016
0.000062
0.000095
0.000067
-0.000041
-0.000141
-0.000118
0.000016
0.000111
0.000071
-0.000034
-0.000093
-0.000081
-0.000041
-0.000025
-0.000076
-0.000188
-0.000224
-0.000014
0.000370
0.000629
0.000631
0.000507
0.000334
0.000071
-0.000205
-0.000354
-0.000400
-0.000456
-0.000535
-0.000569
-0.000498
-0.000343
-0.000198
-0.000093
0.000046
0.000231
0.000358
0.000349
0.000228
0.000072
-0.000024
-0.000015
0.000026
0.000012
-0.000027
-0.000005
0.000053
0.000057
0.000031
0.000039
0.000061
0.000079
0.000116
0.000163
0.000191
0.000181
0.000080
-0.000123
-0.000315
-0.000351
-0.000206
-0.000010
0.000092
0.000079
0.000037
0.000030
0.000046
0.000061
0.000084
0.000094
0.000045
-0.000029
-0.000056
-0.000011
0.000063
0.000075
-0.000002
-0.000058
-0.000004
0.000083
0.000079
-0.000014
-0.000073
