5120
-0.000447
-0.000298
-0.000176
-0.000084
-0.000037
0.000001
0.000096
0.000212
0.000286
0.000361
0.000436
0.000407
0.000293
0.000233
0.000235
0.000209
0.000144
0.000071
-0.000014
-0.000099
-0.000157
-0.000197
-0.000240
-0.000267
-0.000225
-0.000107
-0.000009
-0.000022
-0.000082
-0.000074
-0.000000
0.000043
-0.000005
-0.000081
-0.000083
-0.000037
-0.000048
-0.000105
-0.000113
-0.000060
-0.000010
0.000007
0.000014
0.000023
0.000019
0.000014
0.000042
0.000081
0.000097
0.000124
0.000165
0.000168
0.000116
0.000042
-0.000011
0.000007
0.000051
-0.000000
-0.000116
-0.000157
-0.000108
-0.000063
-0.000093
-0.000180
-0.000233
-0.000184
-0.000072
0.000005
0.000003
-0.000056
-0.000100
-0.000079
-0.000005
0.000078
0.000127
0.000158
0.000218
0.000256
0.000201
0.000149
0.000193
0.000242
0.000205
0.000139
0.000087
0.000004
-0.000099
-0.000134
-0.000103
-0.000100
-0.000134
-0.000132
-0.000099
-0.000121
-0.000187
-0.000180
-0.000104
-0.000071
-0.000067
-0.000026
-0.000002
-0.000043
-0.000088
-0.000057
0.000042
0.000117
0.000097
0.000030
0.000007
0.000045
0.000098
0.000134
0.000138
0.000114
0.000107
0.000135
0.000134
0.000066
-0.000011
-0.000040
-0.000052
-0.000088
-0.000128
-0.000147
-0.000148
-0.000130
-0.000097
-0.000073
-0.000042
0.000039
0.000147
0.000207
0.000175
0.000072
-0.000045
-0.000143
-0.000208
-0.000189
-0.000082
-0.000003
-0.000003
0.000007
0.000072
0.000119
0.000080
0.000000
-0.000023
0.000019
0.000053
0.000058
0.000074
0.000090
0.000050
-0.000040
-0.000143
-0.000243
-0.000213
0.000071
0.000411
0.000482
0.000321
0.000202
0.000165
0.000065
-0.000096
-0.000218
-0.000301
-0.000386
-0.000423
-0.000360
-0.000232
-0.000109
-0.000046
-0.000052
-0.000053
0.000011
0.000067
0.000054
0.000029
0.000036
0.000046
0.000032
0.000032
0.000092
0.000158
0.000135
0.000063
0.000047
0.000078
0.000095
0.000117
0.000152
0.000156
0.000095
-0.000021
-0.000110
-0.000109
-0.000073
-0.000057
-0.000014
0.000074
0.000127
0.000076
-0.000052
-0.000162
-0.000189
-0.000147
-0.000095
-0.000064
-0.000034
0.000006
0.000035
0.000039
0.000052
0.000120
0.000228
0.000285
0.000214
0.000065
-0.000058
-0.000132
-0.000161
-0.000119
-0.000018
0.000048
0.000005
-0.000098
-0.000157
-0.000146
-0.000100
-0.000063
-0.000046
-0.000024
0.000020
0.000056
0.000061
0.000050
0.000058
0.000101
0.000126
0.000062
-0.000039
-0.000070
-0.000031
0.000015
0.000032
0.000012
-0.000008
0.000007
0.000015
-0.000001
0.000006
0.000038
0.000049
0.000025
-0.000030
-0.000103
-0.000162
-0.000166
-0.000086
0.000042
0.000135
0.000155
0.000108
0.000028
-0.000015
0.000026
0.000103
0.000110
0.000022
-0.000067
-0.000075
-0.000049
-0.000091
-0.000168
-0.000143
-0.000001
0.000103
0.000061
-0.000049
-0.000084
-0.000021
0.000049
0.000060
0.000039
0.000036
0.000061
0.000075
0.000022
-0.000060
-0.000054
0.000022
0.000016
-0.000104
-0.000204
-0.000212
-0.000176
-0.000097
0.000032
0.000119
0.000126
0.000126
0.000143
0.000146
0.000132
0.000115
0.000105
0.000100
0.000075
0.000027
-0.000008
-0.000008
0.000031
0.000084
0.000072
-0.000113
-0.000426
-0.000630
-0.000591
-0.000418
-0.000243
-0.000083
0.000054
0.000144
0.000226
0.000331
0.000427
0.000480
0.000491
0.000464
0.000384
0.000241
0.000073
-0.000054
-0.000126
-0.000168
-0.000172
-0.000110
-0.000012
0.000038
-0.000006
-0.000094
-0.000153
-0.000158
-0.000112
-0.000058
-0.000051
-0.000074
-0.000081
-0.000083
-0.000108
-0.000128
-0.000116
-0.000103
-0.000125
-0.000158
-0.000140
-0.000043
0.000065
0.000114
0.000101
0.000066
0.000062
0.000132
0.000239
0.000266
0.000185
0.000134
0.000193
0.000217
0.000079
-0.000100
-0.000176
-0.000184
-0.000181
-0.000158
-0.000141
-0.000159
-0.000173
-0.000178
-0.000198
-0.000181
-0.000082
0.000021
0.000047
0.000048
0.000094
0.000139
0.000120
0.000063
0.000033
0.000067
0.000153
0.000211
0.000169
0.000085
0.000037
-0.000018
-0.000082
-0.000041
0.000090
0.000151
0.000095
0.000019
-0.000033
-0.000114
-0.000221
-0.000241
-0.000123
0.000012
0.000050
0.000016
-0.000042
-0.000100
-0.000094
-0.000024
0.000045
0.000079
0.000051
-0.000034
-0.000086
-0.000014
0.000118
0.000142
0.000059
0.000012
0.000037
0.000054
0.000038
0.000029
0.000024
0.000008
0.000011
0.000049
0.000086
0.000083
0.000028
-0.000079
-0.000172
-0.000156
-0.000065
-0.000015
-0.000040
-0.000082
-0.000090
-0.000073
-0.000056
-0.000040
-0.000012
0.000029
0.000051
0.000055
0.000080
0.000109
0.000082
0.000003
-0.000063
-0.000080
-0.000040
0.000065
0.000184
0.000216
0.000166
0.000128
0.000099
0.000034
-0.000029
-0.000066
-0.000136
-0.000215
-0.000200
-0.000117
-0.000108
-0.000207
-0.000234
0.000004
0.000375
0.000563
0.000503
0.000372
0.000249
0.000086
-0.000102
-0.000239
-0.000326
-0.000359
-0.000297
-0.000213
-0.000226
-0.000300
-0.000327
-0.000287
-0.000217
-0.000147
-0.000077
0.000002
0.000088
0.000179
0.000244
0.000262
0.000250
0.000201
0.000102
0.000018
0.000027
0.000112
0.000177
0.000176
0.000153
0.000118
0.000028
-0.000076
-0.000093
-0.000041
-0.000015
-0.000007
0.000011
-0.000027
-0.000113
-0.000145
-0.000123
-0.000125
-0.000144
-0.000108
-0.000001
0.000083
0.000070
0.000017
0.000021
0.000073
0.000123
0.000164
0.000191
0.000158
0.000083
0.000082
0.000143
0.000099
-0.000088
-0.000237
-0.000225
-0.000148
-0.000129
-0.000156
-0.000152
-0.000083
0.000003
0.000052
0.000060
0.000052
0.000050
0.000049
0.000021
-0.000019
-0.000019
0.000013
0.000019
0.000001
-0.000014
-0.000040
-0.000076
-0.000080
-0.000045
0.000006
0.000070
0.000133
0.000187
0.000230
0.000222
0.000141
0.000032
-0.000048
-0.000094
-0.000128
-0.000152
-0.000136
-0.000084
-0.000074
-0.000131
-0.000157
-0.000081
0.000020
0.000059
0.000065
0.000071
0.000021
-0.000065
-0.000053
0.000082
0.000196
0.000201
0.000171
0.000177
0.000174
0.000103
-0.000023
-0.000146
-0.000196
-0.000154
-0.000082
-0.000052
-0.000075
-0.000111
-0.000119
-0.000096
-0.000071
-0.000066
-0.000056
-0.000002
0.000077
0.000108
0.000057
-0.000008
-0.000010
0.000027
-0.000002
-0.000103
-0.000142
-0.000035
0.000113
0.000159
0.000117
0.000093
0.000117
0.000126
0.000079
0.000015
-0.000018
-0.000021
-0.000036
-0.000057
-0.000003
0.000136
0.000182
-0.000033
-0.000386
-0.000584
-0.000526
-0.000354
-0.000219
-0.000127
-0.000017
0.000116
0.000244
0.000369
0.000493
0.000564
0.000502
0.000318
0.000149
0.000076
0.000036
-0.000018
-0.000070
-0.000106
-0.000136
-0.000175
-0.000205
-0.000179
-0.000095
0.000014
0.000122
0.000189
0.000170
0.000088
0.000005
-0.000061
-0.000119
-0.000162
-0.000181
-0.000199
-0.000239
-0.000259
-0.000209
-0.000123
-0.000082
-0.000091
-0.000080
0.000002
0.000109
0.000175
0.000211
0.000260
0.000289
0.000232
0.000137
0.000111
0.000148
0.000147
0.000088
0.000031
-0.000012
-0.000082
-0.000163
-0.000182
-0.000124
-0.000081
-0.000121
-0.000193
-0.000227
-0.000245
-0.000271
-0.000251
-0.000151
-0.000035
0.000051
0.000142
0.000242
0.000259
0.000159
0.000076
0.000109
0.000168
0.000128
0.000009
-0.000060
-0.000000
0.000116
0.000184
0.000193
0.000178
0.000159
0.000129
0.000057
-0.000042
-0.000096
-0.000109
-0.000150
-0.000231
-0.000301
-0.000283
-0.000168
-0.000051
-0.000016
-0.000051
-0.000101
-0.000137
-0.000153
-0.000130
-0.000018
0.000179
0.000329
0.000289
0.000125
0.000035
0.000062
0.000081
0.000032
-0.000016
-0.000007
0.000021
-0.000004
-0.000096
-0.000180
-0.000143
0.000021
0.000140
0.000057
-0.000101
-0.000058
0.000164
0.000239
0.000080
-0.000003
0.000142
0.000213
-0.000015
-0.000247
-0.000143
0.000096
0.000062
-0.000217
-0.000351
-0.000166
0.000078
0.000022
-0.000226
-0.000220
0.000018
0.000094
-0.000007
-0.000014
0.000164
0.000347
0.000285
0.000074
0.000010
0.000045
-0.000021
-0.000167
-0.000233
-0.000144
-0.000029
0.000083
0.000352
0.000617
0.000568
0.000349
0.000226
0.000129
-0.000107
-0.000425
-0.000586
-0.000564
-0.000634
-0.000787
-0.000656
-0.000233
0.000096
0.000174
0.000157
0.000158
0.000120
-0.000068
-0.000318
-0.000366
-0.000136
0.000176
0.000379
0.000471
0.000558
0.000640
0.000629
0.000539
0.000446
0.000369
0.000282
0.000125
-0.000103
-0.000286
-0.000384
-0.000511
-0.000670
-0.000680
-0.000463
-0.000188
-0.000054
-0.000036
0.000004
0.000069
0.000093
0.000093
0.000123
0.000198
0.000286
0.000324
0.000238
-0.000025
-0.000362
-0.000514
-0.000380
-0.000156
-0.000053
-0.000037
0.000095
0.000378
0.000531
0.000382
0.000215
0.000307
0.000427
0.000252
-0.000069
-0.000177
-0.000025
0.000145
0.000161
0.000040
-0.000173
-0.000471
-0.000787
-0.000971
-0.000850
-0.000455
-0.000126
-0.000034
0.000083
0.000303
0.000270
-0.000084
-0.000325
-0.000210
0.000049
0.000211
0.000329
0.000621
0.001025
0.001161
0.000921
0.000643
0.000506
0.000308
-0.000044
-0.000352
-0.000522
-0.000680
-0.000913
-0.001161
-0.001264
-0.001030
-0.000484
0.000031
0.000250
0.000320
0.000484
0.000683
0.000721
0.000622
0.000583
0.000682
0.000757
0.000600
0.000244
-0.000082
-0.000248
-0.000352
-0.000532
-0.000771
-0.000938
-0.000925
-0.000714
-0.000375
-0.000043
0.000182
0.000282
0.000231
-0.000036
-0.000412
-0.000574
-0.000358
0.000012
0.000272
0.000474
0.000755
0.000957
0.000817
0.000380
-0.000079
-0.000358
-0.000410
-0.000318
-0.000139
0.000211
0.000647
0.000794
0.000451
-0.000179
-0.000748
-0.001045
-0.001127
-0.001036
-0.000558
0.000199
0.000701
0.000846
0.000918
0.000899
0.000633
0.000141
-0.000439
-0.000837
-0.000912
-0.000808
-0.000561
-0.000121
0.000286
0.000437
0.000443
0.000519
0.000713
0.000881
0.000844
0.000593
0.000278
-0.000011
-0.000292
-0.000477
-0.000403
-0.000099
0.000188
0.000184
-0.000200
-0.000700
-0.000944
-0.000897
-0.000740
-0.000467
0.000031
0.000626
0.000966
0.000875
0.000534
0.000144
-0.000264
-0.000562
-0.000605
-0.000483
-0.000299
-0.000015
0.000321
0.000526
0.000524
0.000475
0.000534
0.000511
0.000133
-0.000380
-0.000599
-0.000582
-0.000593
-0.000514
-0.000170
0.000176
0.000217
0.000099
0.000109
0.000137
-0.000100
-0.000457
-0.000542
-0.000312
0.000025
0.000270
0.000183
-0.000304
-0.001081
-0.002026
-0.002660
-0.002367
-0.001188
0.000471
0.002322
0.004014
0.005112
0.005062
0.003636
0.001719
0.000222
-0.001157
-0.002546
-0.003120
-0.002477
-0.001124
0.000117
0.000559
0.000198
-0.000439
-0.001119
-0.001788
-0.002080
-0.001712
-0.000845
0.000238
0.001245
0.001802
0.001745
0.001177
0.000266
-0.000677
-0.001353
-0.001647
-0.001363
-0.000461
0.000571
0.001267
0.001571
0.001512
0.001104
0.000484
-0.000144
-0.000565
-0.000654
-0.000405
0.000165
0.000889
0.001393
0.001439
0.001085
0.000461
-0.000277
-0.000884
-0.001188
-0.001195
-0.001000
-0.000711
-0.000476
-0.000449
-0.000580
-0.000664
-0.000644
-0.000579
-0.000504
-0.000410
-0.000166
0.000306
0.000765
0.000951
0.000894
0.000719
0.000507
0.000289
0.000067
-0.000066
-0.000055
0.000018
0.000175
0.000409
0.000465
0.000266
0.000048
-0.000132
-0.000375
-0.000671
-0.001093
-0.001567
-0.001608
-0.001037
-0.000122
0.001243
0.003032
0.004229
0.004011
0.002726
0.001009
-0.000731
-0.002034
-0.002551
-0.002325
-0.001787
-0.001422
-0.001375
-0.001555
-0.001861
-0.002126
-0.002161
-0.001731
-0.000646
0.000879
0.002347
0.003367
0.003665
0.003270
0.002481
0.001344
-0.000144
-0.001471
-0.002047
-0.001894
-0.001442
-0.000940
-0.000427
-0.000051
0.000005
-0.000195
-0.000362
-0.000238
0.000189
0.000690
0.000967
0.000910
0.000721
0.000572
0.000317
-0.000065
-0.000281
-0.000226
-0.000054
0.000229
0.000685
0.001113
0.001197
0.000826
0.000131
-0.000631
-0.001150
-0.001310
-0.001335
-0.001360
-0.001132
-0.000480
0.000277
0.000709
0.000751
0.000556
0.000147
-0.000446
-0.000887
-0.000806
-0.000236
0.000484
0.001065
0.001310
0.001132
0.000696
0.000258
-0.000096
-0.000341
-0.000358
-0.000161
0.000031
0.000149
0.000250
0.000161
-0.000221
-0.000577
-0.000682
-0.000805
-0.001147
-0.001340
-0.000959
-0.000250
0.000292
0.000825
0.001578
0.002026
0.001791
0.001128
0.000188
-0.000811
-0.001568
-0.002438
-0.003834
-0.005474
-0.006623
-0.006042
-0.003000
0.001116
0.004559
0.007489
0.009938
0.010186
0.007542
0.004027
0.001837
0.001037
0.000323
-0.000910
-0.001767
-0.001552
-0.001416
-0.002686
-0.004772
-0.006332
-0.006859
-0.006266
-0.004609
-0.002332
0.000039
0.002073
0.003424
0.003974
0.003613
0.002272
0.000591
-0.000499
-0.001065
-0.001620
-0.001426
0.000479
0.002833
0.003534
0.002710
0.001639
-0.000006
-0.002958
-0.005226
-0.003556
0.001259
0.004762
0.005459
0.005516
0.004986
0.001851
-0.003038
-0.006247
-0.006264
-0.004812
-0.003459
-0.001400
0.001575
0.003321
0.002744
0.001212
-0.000295
-0.002114
-0.003811
-0.003519
-0.000555
0.002776
0.004116
0.004018
0.003859
0.003119
0.000651
-0.002684
-0.004393
-0.003586
-0.001766
0.000104
0.002286
0.003990
0.003668
0.001457
-0.000853
-0.002137
-0.002746
-0.002835
-0.001832
-0.000162
0.000556
-0.000258
-0.001273
-0.001771
-0.003662
-0.007836
-0.010290
-0.007205
-0.001179
0.003588
0.007792
0.012935
0.015992
0.013436
0.006979
0.001674
-0.000231
-0.000954
-0.002412
-0.002954
-0.001204
0.000511
-0.000257
-0.002708
-0.005217
-0.007439
-0.008896
-0.008468
-0.005812
-0.002000
0.001367
0.003588
0.004902
0.005019
0.003228
0.000235
-0.002050
-0.002675
-0.002125
-0.000912
0.000932
0.002941
0.004101
0.003907
0.002552
0.000165
-0.002717
-0.004347
-0.003523
-0.001181
0.001450
0.004162
0.006390
0.007171
0.006370
0.004251
0.001215
-0.001632
-0.003146
-0.003213
-0.002775
-0.002780
-0.003062
-0.003098
-0.003392
-0.004577
-0.005984
-0.006214
-0.004579
-0.001727
0.001167
0.003497
0.005070
0.005590
0.004858
0.003056
0.000922
-0.000483
-0.000636
0.000174
0.001381
0.002362
0.002579
0.001824
-0.000159
-0.004188
-0.010239
-0.014919
-0.013760
-0.007006
0.001310
0.009190
0.016210
0.019717
0.016980
0.009426
0.001826
-0.002190
-0.002996
-0.002785
-0.001967
-0.000308
0.000429
-0.001436
-0.004869
-0.008201
-0.011053
-0.012648
-0.011290
-0.006575
-0.000218
0.005354
0.008640
0.009649
0.008746
0.005796
0.001506
-0.002064
-0.003456
-0.002853
-0.001104
0.000929
0.002295
0.002296
0.001026
-0.000730
-0.002409
-0.004000
-0.004662
-0.002886
0.000688
0.003558
0.004857
0.005433
0.005609
0.004984
0.003116
0.000390
-0.001607
-0.001931
-0.001363
-0.000935
-0.000967
-0.001369
-0.002001
-0.003023
-0.004440
-0.005567
-0.005605
-0.004237
-0.001735
0.001041
0.003140
0.003999
0.003555
0.002278
0.000704
-0.000789
-0.001597
-0.001240
0.000138
0.002017
0.003549
0.003799
0.002663
0.000814
-0.001475
-0.004812
-0.009227
-0.012582
-0.012139
-0.007106
0.001397
0.010647
0.016815
0.017962
0.015095
0.009589
0.002903
-0.002252
-0.003812
-0.002185
0.000473
0.001614
0.000004
-0.003298
-0.006728
-0.009883
-0.012279
-0.012638
-0.010254
-0.005442
0.000744
0.006255
0.009080
0.008828
0.006423
0.003177
0.000338
-0.001563
-0.002402
-0.001721
0.000260
0.001807
0.001510
0.000193
-0.000702
-0.001577
-0.003095
-0.003820
-0.002327
0.000435
0.003115
0.005595
0.007622
0.008148
0.006487
0.003307
0.000163
-0.002076
-0.003501
-0.004012
-0.003411
-0.002267
-0.001514
-0.001600
-0.002284
-0.003075
-0.003768
-0.004151
-0.003589
-0.001825
0.000358
0.001901
0.002385
0.002002
0.001099
-0.000005
-0.000963
-0.001378
-0.000959
0.000125
0.001196
0.001818
0.002293
0.002619
0.001308
-0.003238
-0.009407
-0.012519
-0.009801
-0.002730
0.005797
0.013408
0.017846
0.017574
0.012984
0.006422
0.000976
-0.001632
-0.001844
-0.000917
-0.000248
-0.001314
-0.004287
-0.007647
-0.010294
-0.012389
-0.013578
-0.012398
-0.007993
-0.001413
0.004836
0.008488
0.009127
0.007837
0.005635
0.003163
0.001081
-0.000205
-0.000512
0.000272
0.001341
0.000777
-0.001954
-0.004193
-0.003663
-0.002090
-0.001477
-0.000405
0.002204
0.004634
0.005814
0.006459
0.006724
0.005869
0.003667
0.000872
-0.001669
-0.003805
-0.005245
-0.005141
-0.003599
-0.002179
-0.002046
-0.002654
-0.002709
-0.001940
-0.001256
-0.001194
-0.001153
-0.000403
0.000787
0.001343
0.000761
-0.000281
-0.000963
-0.001091
-0.000846
-0.000696
-0.000928
-0.000847
0.000294
0.001857
0.002254
-0.000193
-0.005590
-0.010341
-0.010144
-0.004782
0.003481
0.012481
0.018840
0.019651
0.015754
0.009475
0.002659
-0.001923
-0.002525
-0.000864
0.000237
-0.000861
-0.004416
-0.008800
-0.012078
-0.014278
-0.015499
-0.014223
-0.009718
-0.003145
0.003815
0.008970
0.010321
0.008385
0.005469
0.003094
0.001723
0.001325
0.001518
0.001994
0.002012
0.000348
-0.002306
-0.003407
-0.002687
-0.002140
-0.001573
0.000726
0.003729
0.005010
0.005072
0.006037
0.007154
0.005620
0.001470
-0.002192
-0.003935
-0.005038
-0.005940
-0.005482
-0.003616
-0.001955
-0.001422
-0.001206
-0.000685
-0.000671
-0.001583
-0.002182
-0.001421
0.000014
0.000914
0.001067
0.000879
0.000328
-0.000746
-0.001791
-0.002079
-0.001644
-0.000719
0.000822
0.002581
0.003543
0.003583
0.002803
-0.000764
-0.008238
-0.014685
-0.012909
-0.002642
0.009315
0.017300
0.020304
0.018524
0.011783
0.002461
-0.004035
-0.004515
-0.001266
0.001831
0.003156
0.001830
-0.003205
-0.010382
-0.015626
-0.016820
-0.015148
-0.011711
-0.005962
0.001753
0.008444
0.010761
0.008450
0.004276
0.000976
-0.000300
0.000577
0.002809
0.004388
0.003185
-0.000334
-0.002640
-0.002323
-0.002224
-0.002622
0.000193
0.005603
0.008478
0.007485
0.005461
0.003849
0.001732
-0.001348
-0.003835
-0.004398
-0.004266
-0.004625
-0.004623
-0.004074
-0.003989
-0.004052
-0.002844
-0.000017
0.002781
0.003510
0.002526
0.001747
0.001391
0.000441
-0.001001
-0.001971
-0.002081
-0.001871
-0.001984
-0.002307
-0.002456
-0.002439
-0.002086
-0.000854
0.001334
0.003580
0.004398
0.002617
-0.001804
-0.007463
-0.011160
-0.008384
0.002292
0.014910
0.021036
0.018847
0.012577
0.005526
-0.000748
-0.003884
-0.002505
0.001407
0.003903
0.002312
-0.002851
-0.009304
-0.015155
-0.018362
-0.016872
-0.011443
-0.005185
0.000373
0.005375
0.008576
0.007994
0.004217
0.000436
-0.000685
0.000811
0.002846
0.003432
0.002244
0.001066
0.001933
0.004098
0.004933
0.003864
0.002336
0.001022
-0.000137
-0.000754
-0.000366
0.000680
0.000930
-0.000558
-0.002775
-0.004598
-0.006026
-0.006510
-0.005076
-0.002120
0.000947
0.003252
0.004862
0.005688
0.004653
0.001481
-0.001818
-0.003143
-0.002553
-0.001458
-0.000942
-0.001191
-0.002112
-0.003678
-0.005049
-0.005021
-0.003889
-0.002649
-0.000866
0.002125
0.005034
0.005879
0.004182
0.000553
-0.004235
-0.008343
-0.008210
-0.001156
0.010079
0.017795
0.017197
0.011194
0.004907
0.000215
-0.002139
-0.000948
0.002727
0.005154
0.003481
-0.001766
-0.007912
-0.012986
-0.016071
-0.015815
-0.011610
-0.005602
-0.000653
0.002515
0.004255
0.004084
0.001644
-0.001843
-0.003870
-0.002206
0.002889
0.008588
0.012479
0.013647
0.011357
0.006104
0.000686
-0.002427
-0.003228
-0.002947
-0.002308
-0.001460
-0.001280
-0.003215
-0.006813
-0.009524
-0.009579
-0.007001
-0.002572
0.002467
0.006607
0.008720
0.008564
0.006742
0.003988
0.001084
-0.000650
-0.000514
0.000340
0.000291
-0.001117
-0.003489
-0.006243
-0.008526
-0.009008
-0.006739
-0.003022
-0.000749
-0.000386
0.000601
0.003062
0.004511
0.002933
-0.000624
-0.003213
-0.003104
-0.001646
0.000301
0.004902
0.011109
0.012920
0.009464
0.006608
0.006078
0.004663
0.002556
0.002294
0.003019
0.001585
-0.003051
-0.008217
-0.010863
-0.011752
-0.012611
-0.011683
-0.007745
-0.003773
-0.001870
-0.000657
0.000165
-0.001093
-0.003382
-0.002117
0.004671
0.012425
0.015561
0.013883
0.010085
0.005294
0.000456
-0.002246
-0.001800
0.000043
0.000547
-0.001184
-0.004051
-0.007282
-0.010360
-0.011314
-0.008523
-0.003221
0.001952
0.005465
0.007151
0.007165
0.005548
0.003034
0.001259
0.001275
0.002582
0.003733
0.003323
0.000774
-0.003302
-0.007335
-0.009642
-0.009581
-0.007493
-0.003950
-0.000390
0.001016
-0.000083
-0.001561
-0.001418
0.000380
0.002027
0.001691
0.000213
0.000130
0.001235
0.001409
0.001980
0.005420
0.009003
0.008920
0.007295
0.007416
0.007469
0.005063
0.001885
0.000325
-0.000244
-0.002166
-0.005646
-0.008067
-0.008500
-0.009169
-0.010369
-0.009648
-0.006992
-0.004763
-0.003773
-0.003426
-0.002398
0.001152
0.006399
0.009830
0.010131
0.008980
0.007593
0.005908
0.003999
0.002762
0.002768
0.002520
0.000294
-0.003007
-0.005722
-0.007653
-0.008445
-0.007198
-0.004306
-0.001400
0.000303
0.001152
0.002249
0.003320
0.003185
0.002193
0.001834
0.002667
0.003879
0.004124
0.002796
0.000532
-0.001924
-0.004146
-0.005449
-0.005570
-0.004916
-0.003705
-0.002458
-0.002189
-0.002890
-0.003448
-0.003007
-0.001276
0.001083
0.002176
0.001269
0.000338
0.000924
0.001711
0.001536
0.002092
0.004896
0.008076
0.009155
0.008630
0.007891
0.006222
0.002982
0.000122
-0.000471
-0.000113
-0.001307
-0.003990
-0.006302
-0.007929
-0.009647
-0.010501
-0.009083
-0.006777
-0.005780
-0.004777
-0.001138
0.003477
0.005221
0.004687
0.005339
0.007035
0.007064
0.005656
0.005344
0.006119
0.005174
0.001613
-0.001851
-0.003254
-0.003964
-0.005053
-0.005149
-0.003670
-0.002336
-0.002270
-0.002260
-0.000885
0.001134
0.002121
0.002014
0.001959
0.002285
0.002549
0.002551
0.002212
0.001243
-0.000475
-0.002306
-0.003186
-0.003129
-0.003222
-0.003439
-0.002681
-0.001362
-0.001165
-0.002174
-0.002816
-0.002354
-0.001300
-0.000236
0.000163
-0.000507
-0.001187
-0.000573
0.000785
0.002056
0.003990
0.006498
0.007646
0.007136
0.006892
0.007342
0.006964
0.005261
0.003239
0.001502
-0.000553
-0.003404
-0.005981
-0.007106
-0.007554
-0.008461
-0.009409
-0.009745
-0.008935
-0.005970
-0.001577
0.001448
0.002280
0.003017
0.004782
0.006237
0.006296
0.005955
0.006361
0.006351
0.004302
0.001363
-0.000353
-0.001121
-0.002208
-0.003299
-0.003393
-0.002714
-0.002498
-0.002980
-0.002851
-0.001513
-0.000045
0.000825
0.001465
0.002045
0.002331
0.002285
0.002018
0.001556
0.000768
-0.000356
-0.001299
-0.001606
-0.001726
-0.002202
-0.002611
-0.002512
-0.002409
-0.002645
-0.002573
-0.001826
-0.001144
-0.001090
-0.001255
-0.001449
-0.002155
-0.002793
-0.001389
0.002353
0.005514
0.005929
0.005326
0.005593
0.005523
0.004583
0.005221
0.007800
0.008351
0.004710
0.000041
-0.002373
-0.003427
-0.004935
-0.005932
-0.005184
-0.004564
-0.006313
-0.008980
-0.009524
-0.007317
-0.003826
-0.000581
0.001526
0.002552
0.003085
0.003406
0.003749
0.004424
0.005304
0.005948
0.005794
0.004380
0.002174
0.000208
-0.001191
-0.002076
-0.002298
-0.002041
-0.001760
-0.001690
-0.001828
-0.001805
-0.001252
-0.000447
0.000258
0.000916
0.001400
0.001376
0.000843
0.000199
-0.000119
-0.000194
-0.000436
-0.000767
-0.001023
-0.001576
-0.002417
-0.002782
-0.002316
-0.001563
-0.001184
-0.001207
-0.001115
-0.000668
-0.000194
-0.000009
-0.000303
-0.001058
-0.001400
-0.000352
0.001555
0.002814
0.002484
0.000906
0.000676
0.004850
0.010862
0.011478
0.005887
0.001717
0.002022
0.001082
-0.003158
-0.004700
-0.001303
0.000055
-0.005751
-0.012653
-0.011706
-0.004769
-0.000970
-0.001933
-0.001704
0.001083
0.002394
0.001519
0.001705
0.004033
0.005857
0.004993
0.002841
0.001560
0.000675
-0.000442
-0.000529
0.000373
0.000184
-0.001478
-0.002535
-0.001724
-0.000500
-0.000716
-0.001301
-0.000055
0.001885
0.001700
-0.000129
-0.000788
0.000300
0.001140
0.000580
-0.000221
-0.000197
-0.000239
-0.001173
-0.002007
-0.001756
-0.000921
-0.000369
-0.000427
-0.001217
-0.002676
-0.003611
-0.001936
0.002179
0.004841
0.002928
-0.001524
-0.003858
-0.002469
0.000005
0.000998
0.001084
0.001076
-0.000131
-0.002070
-0.001719
0.001975
0.006354
0.008027
0.005810
0.001879
-0.000248
0.000527
0.002657
0.004176
0.003566
0.000684
-0.002826
-0.005629
-0.007310
-0.006727
-0.003477
-0.000207
-0.000025
-0.002539
-0.004389
-0.003188
-0.000080
0.002132
0.002656
0.002613
0.002270
0.001119
-0.000176
-0.000295
0.000829
0.001889
0.001836
0.000882
-0.000293
-0.001312
-0.001624
-0.000684
0.000924
0.001828
0.001389
0.000200
-0.000638
-0.000582
-0.000088
0.000281
0.000540
0.000652
0.000359
-0.000267
-0.000903
-0.001179
-0.000697
0.000207
0.000321
-0.000794
-0.001945
-0.001887
-0.000922
-0.000317
-0.000595
-0.001313
-0.002213
-0.003183
-0.003496
-0.002797
-0.001686
-0.000319
0.001203
0.001618
0.000881
0.001482
0.004259
0.006559
0.006705
0.006057
0.005692
0.004752
0.002646
0.000744
0.000642
0.001260
-0.000016
-0.003114
-0.005413
-0.005916
-0.005720
-0.005136
-0.003502
-0.001368
-0.000479
-0.001230
-0.001635
-0.000111
0.001996
0.002594
0.001976
0.001559
0.001236
0.000128
-0.001262
-0.001500
-0.000494
0.000175
-0.000427
-0.001305
-0.001224
-0.000304
0.000723
0.001695
0.002681
0.003062
0.002091
0.000505
0.000081
0.001094
0.001879
0.001306
0.000102
-0.000569
-0.000724
-0.001237
-0.002162
-0.002273
-0.001047
-0.000071
-0.000890
-0.002413
-0.002440
-0.001060
-0.000352
-0.001085
-0.002048
-0.002461
-0.002831
-0.003626
-0.004214
-0.002745
0.001645
0.005757
0.005301
0.001849
0.001306
0.004843
0.007521
0.006308
0.003957
0.003653
0.003635
0.000540
-0.003748
-0.004018
-0.000183
0.002218
0.000062
-0.004099
-0.006627
-0.006316
-0.003651
-0.000149
0.001720
0.000766
-0.001007
-0.001051
0.000130
0.000467
0.000205
0.001197
0.002729
0.001712
-0.002021
-0.004178
-0.001888
0.001899
0.002601
0.000226
-0.001487
-0.000728
0.000723
0.001150
0.001178
0.001821
0.002587
0.002474
0.001452
0.000364
0.000028
0.000490
0.000802
0.000019
-0.001434
-0.002169
-0.001671
-0.000892
-0.000901
-0.001587
-0.001956
-0.001532
-0.001038
-0.001243
-0.001693
-0.001429
-0.000470
0.000274
0.000206
-0.000546
-0.001393
-0.001482
-0.000448
0.000674
0.000614
-0.000009
0.000221
0.000976
0.001228
0.001499
0.002613
0.003765
0.003752
0.002836
0.002202
0.002232
0.002112
0.001277
0.000348
-0.000026
-0.000283
-0.001016
-0.001840
-0.002117
-0.002047
-0.002298
-0.002954
-0.003362
-0.002798
-0.001291
0.000071
0.000314
0.000049
0.000587
0.001727
0.001951
0.000842
-0.000149
0.000224
0.001090
0.000678
-0.000910
-0.001682
-0.000744
0.000397
0.000172
-0.000841
-0.001015
0.000001
0.001202
0.001839
0.001891
0.001366
0.000479
0.000039
0.000456
0.000950
0.000619
-0.000278
-0.000769
-0.000598
-0.000562
-0.001197
-0.001751
-0.001319
-0.000488
-0.000559
-0.001385
-0.001505
-0.000489
0.000325
-0.000155
-0.001235
-0.001608
-0.001085
-0.000483
-0.000456
-0.000778
-0.000617
0.000208
0.000707
0.000440
0.000549
0.001763
0.002977
0.003021
0.002336
0.002113
0.002559
0.002596
0.001530
0.000416
0.000521
0.001071
0.000530
-0.000730
-0.001239
-0.000928
-0.000973
-0.001812
-0.002573
-0.002455
-0.001782
-0.001324
-0.001187
-0.000839
0.000013
0.000866
0.000935
0.000209
-0.000369
-0.000067
0.000682
0.000853
0.000084
-0.000887
-0.001009
-0.000147
0.000690
0.000645
0.000067
-0.000165
0.000231
0.000888
0.001352
0.001428
0.001168
0.000708
0.000290
0.000159
0.000168
-0.000110
-0.000678
-0.001060
-0.000983
-0.000706
-0.000697
-0.001055
-0.001292
-0.000998
-0.000494
-0.000312
-0.000409
-0.000451
-0.000442
-0.000537
-0.000578
-0.000341
-0.000013
0.000044
-0.000163
-0.000352
-0.000456
-0.000542
-0.000451
-0.000077
0.000402
0.000879
0.001371
0.001746
0.001835
0.001626
0.001302
0.001203
0.001365
0.001321
0.000900
0.000640
0.000826
0.000908
0.000436
-0.000222
-0.000531
-0.000541
-0.000648
-0.000962
-0.001246
-0.001354
-0.001411
-0.001457
-0.001231
-0.000605
0.000074
0.000370
0.000241
-0.000052
-0.000243
-0.000195
0.000017
0.000094
-0.000147
-0.000420
-0.000339
0.000013
0.000259
0.000216
0.000022
-0.000029
0.000248
0.000743
0.001149
0.001232
0.000997
0.000640
0.000339
0.000118
-0.000109
-0.000409
-0.000690
-0.000722
-0.000471
-0.000232
-0.000296
-0.000615
-0.000861
-0.000784
-0.000502
-0.000301
-0.000229
-0.000158
-0.000077
-0.000042
-0.000038
-0.000075
-0.000203
-0.000323
-0.000297
-0.000228
-0.000339
-0.000645
-0.000913
-0.000877
-0.000490
0.000056
0.000548
0.000855
0.000936
0.000899
0.000919
0.001054
0.001251
0.001393
0.001302
0.001012
0.000852
0.000956
0.001023
0.000789
0.000379
0.000033
-0.000196
-0.000397
-0.000640
-0.000908
-0.001144
-0.001291
-0.001245
-0.000912
-0.000438
-0.000167
-0.000259
-0.000499
-0.000521
-0.000221
0.000112
0.000190
0.000094
0.000053
0.000072
0.000060
0.000091
0.000193
0.000190
0.000100
0.000224
0.000540
0.000643
0.000419
0.000132
-0.000061
-0.000183
-0.000206
-0.000088
0.000041
-0.000014
-0.000199
-0.000223
0.000017
0.000228
0.000160
-0.000068
-0.000213
-0.000168
0.000020
0.000137
-0.000037
-0.000409
-0.000648
-0.000610
-0.000427
-0.000287
-0.000333
-0.000540
-0.000647
-0.000476
-0.000246
-0.000277
-0.000545
-0.000762
-0.000730
-0.000412
0.000131
0.000638
0.000733
0.000408
0.000150
0.000346
0.000851
0.001298
0.001525
0.001553
0.001459
0.001402
0.001509
0.001600
0.001328
0.000671
-0.000028
-0.000476
-0.000672
-0.000792
-0.001003
-0.001375
-0.001843
-0.002114
-0.001782
-0.000872
-0.000019
0.000228
-0.000005
-0.000228
-0.000130
0.000280
0.000707
0.000761
0.000378
-0.000044
-0.000096
0.000188
0.000387
0.000192
-0.000238
-0.000485
-0.000327
0.000104
0.000504
0.000608
0.000354
0.000015
-0.000028
0.000233
0.000421
0.000262
-0.000101
-0.000322
-0.000232
0.000031
0.000179
0.000052
-0.000261
-0.000560
-0.000659
-0.000495
-0.000280
-0.000345
-0.000651
-0.000775
-0.000538
-0.000249
-0.000173
-0.000221
-0.000226
-0.000155
-0.000044
0.000054
0.000020
-0.000245
-0.000569
-0.000596
-0.000285
0.000032
0.000227
0.000449
0.000652
0.000706
0.000792
0.001048
0.001216
0.001115
0.000988
0.001001
0.000979
0.000847
0.000705
0.000482
0.000138
-0.000108
-0.000150
-0.000183
-0.000332
-0.000533
-0.000726
-0.000875
-0.000921
-0.000837
-0.000635
-0.000393
-0.000216
-0.000050
0.000220
0.000421
0.000283
-0.000040
-0.000150
-0.000017
0.000066
-0.000005
-0.000125
-0.000300
-0.000544
-0.000631
-0.000399
-0.000079
0.000027
-0.000034
0.000047
0.000398
0.000768
0.000924
0.000986
0.001054
0.000950
0.000603
0.000195
-0.000184
-0.000564
-0.000815
-0.000775
-0.000605
-0.000612
-0.000818
-0.000978
-0.000893
-0.000607
-0.000358
-0.000325
-0.000420
-0.000401
-0.000196
0.000062
0.000250
0.000308
0.000202
0.000023
-0.000052
0.000037
0.000162
0.000096
-0.000222
-0.000523
-0.000515
-0.000210
0.000207
0.000532
0.000555
0.000277
0.000068
0.000299
0.000807
0.001085
0.001009
0.000873
0.000773
0.000652
0.000689
0.000903
0.000896
0.000515
0.000149
0.000074
0.000086
-0.000053
-0.000303
-0.000568
-0.000868
-0.001171
-0.001276
-0.001048
-0.000623
-0.000238
0.000017
0.000157
0.000210
0.000203
0.000082
-0.000177
-0.000382
-0.000358
-0.000223
-0.000165
-0.000167
-0.000138
-0.000074
0.000019
0.000152
0.000262
0.000267
0.000252
0.000324
0.000385
0.000339
0.000285
0.000312
0.000360
0.000335
0.000202
-0.000005
-0.000236
-0.000431
-0.000497
-0.000388
-0.000195
-0.000075
-0.000115
-0.000297
-0.000504
-0.000556
-0.000423
-0.000322
-0.000382
-0.000426
-0.000266
0.000023
0.000197
0.000109
-0.000113
-0.000218
-0.000127
0.000067
0.000248
0.000222
-0.000174
-0.000682
-0.000781
-0.000391
0.000059
0.000325
0.000517
0.000627
0.000544
0.000460
0.000640
0.000909
0.000942
0.000808
0.000734
0.000683
0.000567
0.000513
0.000588
0.000586
0.000357
0.000067
-0.000092
-0.000191
-0.000338
-0.000472
-0.000562
-0.000718
-0.000928
-0.000986
-0.000873
-0.000805
-0.000751
-0.000494
-0.000124
0.000110
0.000236
0.000371
0.000416
0.000335
0.000337
0.000441
0.000331
-0.000094
-0.000449
-0.000468
-0.000415
-0.000500
-0.000487
-0.000210
0.000091
0.000236
0.000368
0.000588
0.000761
0.000807
0.000830
0.000857
0.000764
0.000553
0.000367
0.000179
-0.000166
-0.000580
-0.000820
-0.000851
-0.000786
-0.000697
-0.000691
-0.000843
-0.000978
-0.000833
-0.000461
-0.000209
-0.000257
-0.000403
-0.000359
-0.000067
0.000337
0.000648
0.000683
0.000461
0.000237
0.000248
0.000454
0.000547
0.000272
-0.000264
-0.000659
-0.000663
-0.000413
-0.000146
0.000076
0.000204
0.000168
0.000156
0.000430
0.000807
0.000910
0.000788
0.000697
0.000619
0.000537
0.000596
0.000666
0.000447
0.000056
-0.000147
-0.000142
-0.000140
-0.000210
-0.000288
-0.000370
-0.000502
-0.000623
-0.000645
-0.000631
-0.000668
-0.000674
-0.000533
-0.000307
-0.000143
-0.000029
0.000152
0.000363
0.000420
0.000295
0.000172
0.000143
0.000109
0.000051
0.000059
0.000104
0.000079
0.000005
0.000006
0.000091
0.000147
0.000140
0.000168
0.000293
0.000428
0.000457
0.000346
0.000134
-0.000098
-0.000253
-0.000279
-0.000280
-0.000413
-0.000628
-0.000739
-0.000686
-0.000535
-0.000338
-0.000138
-0.000062
-0.000188
-0.000346
-0.000274
0.000043
0.000329
0.000309
0.000019
-0.000225
-0.000179
0.000105
0.000366
0.000353
0.000115
-0.000016
0.000124
0.000389
0.000569
0.000504
0.000129
-0.000373
-0.000629
-0.000479
-0.000208
-0.000180
-0.000349
-0.000405
-0.000206
0.000185
0.000584
0.000715
0.000506
0.000305
0.000422
0.000685
0.000770
0.000672
0.000482
0.000177
-0.000046
0.000112
0.000429
0.000422
0.000128
-0.000092
-0.000229
-0.000429
-0.000483
-0.000193
0.000126
0.000070
-0.000259
-0.000478
-0.000504
-0.000543
-0.000595
-0.000489
-0.000338
-0.000355
-0.000360
-0.000116
0.000131
0.000054
-0.000184
-0.000318
-0.000362
-0.000274
0.000056
0.000390
0.000392
0.000173
0.000115
0.000347
0.000603
0.000603
0.000439
0.000397
0.000518
0.000609
0.000539
0.000275
-0.000105
-0.000360
-0.000337
-0.000251
-0.000389
-0.000683
-0.000880
-0.000907
-0.000787
-0.000514
-0.000208
-0.000092
-0.000169
-0.000229
-0.000184
-0.000115
-0.000053
0.000053
0.000177
0.000225
0.000222
0.000291
0.000420
0.000470
0.000421
0.000380
0.000412
0.000471
0.000444
0.000264
-0.000043
-0.000426
-0.000785
-0.000941
-0.000830
-0.000596
-0.000321
0.000016
0.000253
0.000256
0.000287
0.000540
0.000724
0.000684
0.000685
0.000730
0.000537
0.000292
0.000381
0.000577
0.000430
0.000078
-0.000088
-0.000062
-0.000017
0.000020
0.000015
-0.000111
-0.000278
-0.000318
-0.000205
-0.000130
-0.000327
-0.000722
-0.000964
-0.000935
-0.000807
-0.000591
-0.000238
-0.000024
-0.000142
-0.000231
0.000050
0.000419
0.000502
0.000410
0.000335
0.000209
0.000092
0.000223
0.000465
0.000400
0.000077
-0.000036
0.000185
0.000401
0.000384
0.000246
0.000140
0.000096
0.000144
0.000240
0.000171
-0.000136
-0.000407
-0.000437
-0.000400
-0.000465
-0.000498
-0.000455
-0.000555
-0.000782
-0.000788
-0.000503
-0.000255
-0.000166
-0.000050
0.000077
0.000050
0.000007
0.000139
0.000271
0.000188
0.000057
0.000151
0.000420
0.000616
0.000660
0.000582
0.000357
0.000098
0.000101
0.000432
0.000713
0.000505
-0.000120
-0.000703
-0.001015
-0.001122
-0.001086
-0.000961
-0.000754
-0.000336
0.000258
0.000656
0.000619
0.000424
0.000439
0.000633
0.000839
0.000979
0.000875
0.000484
0.000185
0.000244
0.000367
0.000260
0.000093
0.000041
-0.000008
-0.000061
0.000035
0.000149
0.000028
-0.000220
-0.000286
-0.000167
-0.000169
-0.000420
-0.000694
-0.000816
-0.000886
-0.000973
-0.000925
-0.000683
-0.000421
-0.000241
-0.000075
0.000076
0.000169
0.000311
0.000575
0.000792
0.000746
0.000503
0.000374
0.000493
0.000604
0.000467
0.000195
-0.000011
-0.000113
-0.000091
0.000060
0.000162
0.000034
-0.000175
-0.000185
-0.000061
-0.000097
-0.000297
-0.000387
-0.000311
-0.000267
-0.000284
-0.000252
-0.000270
-0.000474
-0.000666
-0.000596
-0.000370
-0.000208
-0.000073
0.000102
0.000165
0.000047
-0.000010
0.000170
0.000406
0.000451
0.000337
0.000246
0.000269
0.000394
0.000545
0.000548
0.000291
-0.000012
-0.000031
0.000175
0.000245
0.000096
-0.000076
-0.000180
-0.000268
-0.000379
-0.000524
-0.000679
-0.000780
-0.000696
-0.000320
0.000131
0.000235
-0.000033
-0.000236
-0.000114
0.000191
0.000516
0.000743
0.000664
0.000296
0.000101
0.000402
0.000827
0.000829
0.000509
0.000324
0.000327
0.000311
0.000264
0.000187
-0.000068
-0.000447
-0.000609
-0.000419
-0.000183
-0.000207
-0.000421
-0.000616
-0.000740
-0.000750
-0.000559
-0.000324
-0.000324
-0.000451
-0.000371
-0.000131
-0.000035
-0.000070
0.000001
0.000185
0.000298
0.000359
0.000517
0.000700
0.000709
0.000579
0.000478
0.000393
0.000235
0.000050
-0.000039
-0.000021
0.000003
0.000064
0.000295
0.000541
0.000532
0.000317
0.000079
-0.000170
-0.000425
-0.000582
-0.000620
-0.000666
-0.000809
-0.001001
-0.001159
-0.001197
-0.000999
-0.000583
-0.000179
0.000007
-0.000005
-0.000020
0.000130
0.000414
0.000640
0.000687
0.000616
0.000536
0.000486
0.000481
0.000494
0.000451
0.000372
0.000370
0.000443
0.000466
0.000381
0.000228
0.000084
0.000016
0.000004
-0.000067
-0.000276
-0.000582
-0.000888
-0.001124
-0.001187
-0.000942
-0.000426
0.000068
0.000219
0.000037
-0.000099
0.000108
0.000547
0.000892
0.000879
0.000479
0.000059
0.000109
0.000584
0.000879
0.000645
0.000195
-0.000017
0.000104
0.000391
0.000604
0.000487
0.000007
-0.000462
-0.000505
-0.000208
-0.000024
-0.000183
-0.000517
-0.000749
-0.000723
-0.000493
-0.000320
-0.000382
-0.000545
-0.000614
-0.000579
-0.000496
-0.000373
-0.000247
-0.000205
-0.000202
-0.000054
0.000249
0.000500
0.000610
0.000703
0.000816
0.000809
0.000679
0.000615
0.000623
0.000512
0.000292
0.000147
0.000077
-0.000049
-0.000184
-0.000174
-0.000085
-0.000137
-0.000335
-0.000455
-0.000408
-0.000354
-0.000400
-0.000455
-0.000426
-0.000336
-0.000269
-0.000317
-0.000485
-0.000597
-0.000446
-0.000050
0.000299
0.000335
0.000145
0.000045
0.000184
0.000398
0.000457
0.000331
0.000186
0.000193
0.000344
0.000432
0.000325
0.000141
0.000046
0.000044
0.000079
0.000115
0.000079
-0.000041
-0.000112
-0.000036
0.000086
0.000077
-0.000094
-0.000320
-0.000552
-0.000780
-0.000854
-0.000616
-0.000170
0.000231
0.000416
0.000340
0.000109
0.000028
0.000325
0.000675
0.000476
-0.000202
-0.000618
-0.000396
0.000121
0.000470
0.000487
0.000278
0.000119
0.000262
0.000636
0.000862
0.000677
0.000251
-0.000022
0.000013
0.000122
0.000054
-0.000187
-0.000468
-0.000643
-0.000605
-0.000463
-0.000465
-0.000644
-0.000798
-0.000774
-0.000562
-0.000241
0.000012
0.000035
-0.000104
-0.000158
-0.000014
0.000217
0.000418
0.000560
0.000611
0.000539
0.000376
0.000252
0.000276
0.000372
0.000357
0.000203
0.000108
0.000222
0.000423
0.000459
0.000225
-0.000145
-0.000387
-0.000357
-0.000222
-0.000246
-0.000403
-0.000492
-0.000461
-0.000399
-0.000343
-0.000270
-0.000220
-0.000305
-0.000496
-0.000581
-0.000429
-0.000146
0.000073
0.000130
0.000087
0.000075
0.000173
0.000330
0.000414
0.000345
0.000187
0.000140
0.000326
0.000578
0.000618
0.000404
0.000134
-0.000014
-0.000012
0.000039
0.000032
-0.000046
-0.000105
-0.000084
-0.000023
-0.000011
-0.000105
-0.000261
-0.000365
-0.000421
-0.000533
-0.000667
-0.000632
-0.000356
-0.000013
0.000227
0.000370
0.000420
0.000348
0.000300
0.000423
0.000557
0.000452
0.000180
0.000029
0.000117
0.000312
0.000401
0.000286
0.000068
-0.000072
-0.000073
-0.000028
-0.000048
-0.000130
-0.000184
-0.000171
-0.000132
-0.000088
-0.000041
-0.000028
-0.000115
-0.000282
-0.000393
-0.000363
-0.000273
-0.000207
-0.000162
-0.000165
-0.000203
-0.000177
-0.000091
-0.000038
0.000004
0.000088
0.000168
0.000199
0.000222
0.000280
0.000336
0.000322
0.000230
0.000152
0.000165
0.000201
0.000152
0.000059
0.000018
0.000008
-0.000010
0.000010
0.000052
-0.000032
-0.000263
-0.000403
-0.000233
0.000120
0.000353
0.000365
0.000261
0.000142
0.000046
-0.000029
-0.000140
-0.000349
-0.000593
-0.000717
-0.000707
-0.000662
-0.000551
-0.000312
-0.000079
-0.000012
-0.000047
-0.000015
0.000104
0.000210
0.000249
0.000258
0.000305
0.000401
0.000462
0.000415
0.000293
0.000163
0.000069
0.000036
0.000080
0.000173
0.000202
0.000082
-0.000069
-0.000050
0.000087
0.000096
-0.000068
-0.000235
-0.000303
-0.000284
-0.000234
-0.000273
-0.000456
-0.000601
-0.000499
-0.000222
0.000024
0.000223
0.000422
0.000495
0.000363
0.000228
0.000340
0.000634
0.000762
0.000525
0.000151
-0.000001
0.000104
0.000246
0.000249
0.000070
-0.000181
-0.000277
-0.000114
0.000085
0.000010
-0.000293
-0.000479
-0.000435
-0.000346
-0.000314
-0.000284
-0.000239
-0.000253
-0.000328
-0.000359
-0.000313
-0.000259
-0.000191
-0.000083
0.000013
0.000091
0.000204
0.000339
0.000426
0.000433
0.000388
0.000328
0.000274
0.000256
0.000275
0.000262
0.000175
0.000085
0.000073
0.000107
0.000101
0.000057
0.000040
0.000037
-0.000020
-0.000142
-0.000315
-0.000488
-0.000541
-0.000450
-0.000341
-0.000276
-0.000195
-0.000089
-0.000010
-0.000000
-0.000097
-0.000257
-0.000301
-0.000126
0.000156
0.000382
0.000441
0.000313
0.000121
0.000018
0.000036
0.000092
0.000078
-0.000041
-0.000170
-0.000200
-0.000121
0.000013
0.000108
0.000074
-0.000010
0.000040
0.000208
0.000286
0.000195
0.000057
-0.000017
-0.000029
-0.000002
0.000046
0.000052
-0.000064
-0.000262
-0.000358
-0.000258
-0.000099
-0.000017
0.000024
0.000066
0.000085
0.000081
0.000028
-0.000085
-0.000153
-0.000116
-0.000081
-0.000119
-0.000130
0.000009
0.000229
0.000352
0.000373
0.000420
0.000511
0.000575
0.000567
0.000455
0.000240
0.000043
-0.000027
-0.000015
-0.000022
-0.000091
-0.000202
-0.000306
-0.000366
-0.000363
-0.000308
-0.000255
-0.000231
-0.000225
-0.000243
-0.000264
-0.000252
-0.000238
-0.000242
-0.000175
-0.000023
0.000056
-0.000007
-0.000066
-0.000020
0.000056
0.000094
0.000123
0.000144
0.000128
0.000120
0.000186
0.000302
0.000377
0.000370
0.000348
0.000356
0.000319
0.000195
0.000067
-0.000024
-0.000110
-0.000179
-0.000213
-0.000303
-0.000481
-0.000587
-0.000514
-0.000403
-0.000384
-0.000389
-0.000334
-0.000241
-0.000118
0.000059
0.000225
0.000260
0.000197
0.000183
0.000239
0.000242
0.000182
0.000196
0.000313
0.000361
0.000218
0.000015
-0.000043
0.000020
0.000051
0.000029
0.000050
0.000115
0.000104
-0.000010
-0.000111
-0.000135
-0.000141
-0.000186
-0.000246
-0.000263
-0.000239
-0.000231
-0.000237
-0.000189
-0.000062
0.000077
0.000152
0.000156
0.000128
0.000095
0.000075
0.000096
0.000150
0.000181
0.000182
0.000215
0.000271
0.000274
0.000222
0.000171
0.000128
0.000072
-0.000001
-0.000059
-0.000060
-0.000037
-0.000060
-0.000104
-0.000114
-0.000106
-0.000106
-0.000094
-0.000066
-0.000041
-0.000009
0.000039
0.000043
-0.000035
-0.000117
-0.000126
-0.000100
-0.000103
-0.000116
-0.000095
-0.000050
-0.000015
0.000024
0.000066
0.000041
-0.000076
-0.000201
-0.000229
-0.000145
-0.000040
0.000039
0.000127
0.000192
0.000161
0.000095
0.000088
0.000096
0.000004
-0.000189
-0.000255
0.000010
0.000390
0.000531
0.000482
0.000453
0.000391
0.000195
-0.000022
-0.000134
-0.000194
-0.000300
-0.000430
-0.000475
-0.000418
-0.000351
-0.000304
-0.000234
-0.000170
-0.000166
-0.000183
-0.000141
-0.000058
-0.000020
-0.000017
0.000015
0.000031
-0.000038
-0.000091
0.000032
0.000257
0.000361
0.000297
0.000208
0.000164
0.000131
0.000108
0.000106
0.000106
0.000112
0.000144
0.000198
0.000238
0.000212
0.000086
-0.000116
-0.000294
-0.000355
-0.000330
-0.000326
-0.000331
-0.000251
-0.000118
-0.000029
0.000039
0.000153
0.000267
0.000287
0.000237
0.000221
0.000242
0.000189
0.000059
-0.000000
0.000062
0.000126
0.000114
0.000108
0.000182
0.000240
0.000178
0.000047
-0.000065
-0.000131
-0.000166
-0.000191
-0.000209
-0.000207
-0.000170
-0.000095
-0.000017
-0.000016
-0.000133
-0.000276
-0.000313
-0.000264
-0.000239
-0.000238
-0.000198
-0.000128
-0.000064
-0.000014
0.000019
0.000060
0.000159
0.000290
0.000354
0.000333
0.000307
0.000317
0.000325
0.000272
0.000156
0.000028
-0.000062
-0.000092
-0.000089
-0.000077
-0.000047
-0.000024
-0.000051
-0.000102
-0.000122
-0.000096
-0.000055
-0.000059
-0.000132
-0.000197
-0.000188
-0.000142
-0.000131
-0.000151
-0.000137
-0.000074
-0.000022
-0.000019
-0.000019
0.000039
0.000132
0.000188
0.000173
0.000095
0.000028
0.000043
0.000076
0.000041
-0.000011
-0.000015
-0.000004
-0.000021
-0.000043
-0.000041
-0.000034
-0.000013
0.000067
0.000177
0.000210
0.000118
-0.000036
-0.000168
-0.000237
-0.000204
-0.000074
0.000051
0.000109
0.000130
0.000152
0.000223
0.000290
0.000120
-0.000299
-0.000593
-0.000536
-0.000307
-0.000126
-0.000017
0.000066
0.000123
0.000173
0.000279
0.000426
0.000480
0.000400
0.000315
0.000296
0.000253
0.000150
0.000101
0.000138
0.000138
0.000045
-0.000048
-0.000093
-0.000168
-0.000298
-0.000357
-0.000275
-0.000136
-0.000056
-0.000090
-0.000217
-0.000318
-0.000323
-0.000286
-0.000254
-0.000209
-0.000137
-0.000044
0.000038
0.000059
0.000031
0.000021
0.000037
0.000034
0.000039
0.000129
0.000259
0.000301
0.000249
0.000212
0.000195
0.000123
0.000029
-0.000008
-0.000010
-0.000034
-0.000033
0.000053
0.000130
0.000094
0.000018
-0.000024
-0.000078
-0.000176
-0.000275
-0.000322
-0.000315
-0.000280
-0.000244
-0.000227
-0.000210
-0.000154
-0.000066
0.000027
0.000123
0.000231
0.000316
0.000306
0.000206
0.000134
0.000150
0.000167
0.000128
0.000105
0.000118
0.000075
-0.000040
-0.000124
-0.000119
-0.000067
-0.000019
-0.000008
-0.000051
-0.000113
-0.000135
-0.000104
-0.000073
-0.000074
-0.000055
0.000023
0.000068
0.000016
-0.000005
0.000080
0.000138
0.000093
0.000057
0.000069
0.000032
-0.000050
-0.000037
0.000095
0.000193
0.000157
0.000058
-0.000011
-0.000032
-0.000010
0.000047
0.000106
0.000113
0.000066
0.000028
0.000007
-0.000036
-0.000077
-0.000072
-0.000050
-0.000073
-0.000119
-0.000111
-0.000046
-0.000011
-0.000046
-0.000102
-0.000102
-0.000044
-0.000021
-0.000077
-0.000127
-0.000109
-0.000071
-0.000056
-0.000038
0.000006
0.000054
0.000062
0.000030
-0.000008
-0.000031
-0.000009
0.000079
0.000170
0.000164
0.000058
-0.000046
-0.000075
-0.000089
-0.000125
-0.000057
0.000155
0.000374
0.000510
0.000560
0.000494
0.000298
0.000076
-0.000064
-0.000189
-0.000394
-0.000561
-0.000544
-0.000425
-0.000351
-0.000312
-0.000252
-0.000192
-0.000158
-0.000131
-0.000081
-0.000015
-0.000008
-0.000064
-0.000063
0.000044
0.000142
0.000143
0.000113
0.000125
0.000156
0.000175
0.000201
0.000231
0.000229
0.000208
0.000186
0.000145
0.000107
0.000123
0.000154
0.000140
0.000107
0.000096
0.000067
-0.000043
-0.000200
-0.000290
-0.000255
-0.000190
-0.000193
-0.000219
-0.000198
-0.000150
-0.000109
-0.000063
-0.000000
0.000066
0.000120
0.000176
0.000236
0.000253
0.000208
0.000164
0.000195
0.000253
0.000211
0.000065
-0.000048
-0.000057
-0.000054
-0.000128
-0.000193
-0.000114
0.000041
0.000102
0.000039
-0.000070
-0.000166
-0.000185
-0.000095
-0.000003
-0.000044
-0.000192
-0.000309
-0.000317
-0.000238
-0.000147
-0.000104
-0.000080
-0.000027
0.000009
0.000010
0.000050
0.000156
0.000233
0.000223
0.000189
0.000200
0.000245
0.000245
0.000145
0.000010
-0.000036
0.000020
0.000083
0.000107
0.000114
0.000096
0.000043
-0.000000
-0.000023
-0.000061
-0.000118
-0.000170
-0.000207
-0.000216
-0.000184
-0.000127
-0.000096
-0.000121
-0.000160
-0.000150
-0.000107
-0.000082
-0.000058
0.000011
0.000081
0.000090
0.000080
0.000125
0.000190
0.000184
0.000131
0.000125
0.000161
0.000153
0.000068
-0.000034
-0.000104
-0.000185
-0.000285
-0.000286
-0.000152
-0.000032
-0.000041
-0.000091
-0.000042
0.000088
0.000163
0.000146
0.000118
0.000139
0.000192
0.000210
0.000180
0.000182
0.000222
0.000148
-0.000124
-0.000437
-0.000551
-0.000424
-0.000233
-0.000115
-0.000029
0.000081
0.000169
0.000219
0.000286
0.000363
0.000375
0.000321
0.000270
0.000238
0.000168
0.000040
-0.000091
-0.000164
-0.000170
-0.000182
-0.000245
-0.000281
-0.000244
-0.000225
-0.000243
-0.000175
0.000008
0.000157
0.000159
0.000084
0.000053
0.000049
0.000001
-0.000052
-0.000040
-0.000004
-0.000053
-0.000170
-0.000208
-0.000138
-0.000079
-0.000085
-0.000084
-0.000007
0.000112
0.000179
0.000174
0.000150
0.000140
0.000152
0.000145
0.000071
-0.000033
-0.000071
-0.000009
0.000063
0.000024
-0.000057
-0.000055
-0.000044
-0.000104
-0.000157
-0.000150
-0.000126
-0.000125
-0.000133
-0.000105
-0.000049
-0.000033
-0.000071
-0.000093
-0.000043
0.000055
0.000132
0.000156
0.000148
0.000146
0.000180
0.000250
0.000321
0.000328
0.000215
0.000045
-0.000029
0.000034
0.000093
0.000009
-0.000139
-0.000187
-0.000149
-0.000168
-0.000267
-0.000333
-0.000282
-0.000128
0.000033
0.000102
0.000112
0.000158
0.000198
0.000124
-0.000023
-0.000092
-0.000043
0.000014
-0.000005
-0.000045
-0.000038
-0.000003
0.000028
0.000056
0.000071
0.000057
0.000032
0.000011
-0.000002
0.000016
0.000054
0.000049
-0.000019
-0.000079
-0.000067
-0.000024
-0.000017
-0.000000
0.000071
0.000111
0.000035
-0.000073
-0.000086
-0.000016
0.000032
0.000049
0.000082
0.000080
-0.000018
-0.000119
-0.000118
-0.000079
-0.000063
-0.000035
-0.000027
-0.000074
-0.000084
-0.000007
0.000065
0.000057
-0.000002
-0.000049
-0.000071
-0.000090
-0.000081
0.000017
0.000142
0.000165
0.000083
-0.000010
-0.000002
0.000145
0.000278
0.000268
0.000203
0.000171
0.000125
0.000022
-0.000093
-0.000153
-0.000172
-0.000205
-0.000246
-0.000277
-0.000317
-0.000331
-0.000262
-0.000145
-0.000053
-0.000007
0.000017
0.000063
0.000105
0.000070
0.000005
0.000025
0.000109
0.000147
0.000119
0.000061
-0.000003
-0.000038
-0.000009
0.000069
0.000150
0.000200
0.000221
0.000237
0.000251
0.000189
0.000026
-0.000095
-0.000088
-0.000063
-0.000091
-0.000110
-0.000107
-0.000147
-0.000210
-0.000200
-0.000126
-0.000083
-0.000085
-0.000086
-0.000060
-0.000004
0.000078
0.000166
0.000242
0.000296
0.000305
0.000251
0.000174
0.000105
0.000039
-0.000013
-0.000071
-0.000157
-0.000200
-0.000171
-0.000155
-0.000161
-0.000137
-0.000112
-0.000103
-0.000063
-0.000010
0.000000
-0.000009
0.000019
0.000067
0.000105
0.000145
0.000181
0.000167
0.000080
-0.000061
-0.000202
-0.000270
-0.000240
-0.000151
-0.000039
0.000045
0.000044
0.000003
0.000012
0.000050
0.000054
0.000043
0.000064
0.000113
0.000157
0.000182
0.000188
0.000154
0.000082
0.000038
0.000031
-0.000000
-0.000060
-0.000105
-0.000139
-0.000173
-0.000200
-0.000197
-0.000133
-0.000034
0.000012
-0.000013
-0.000018
0.000017
0.000024
0.000022
0.000085
0.000165
0.000178
0.000117
0.000036
-0.000014
-0.000046
-0.000103
-0.000147
-0.000091
0.000031
0.000103
0.000092
0.000045
0.000021
0.000046
0.000067
0.000013
-0.000067
-0.000062
0.000004
0.000007
-0.000064
-0.000121
-0.000104
-0.000027
0.000040
0.000037
0.000011
0.000051
0.000107
0.000047
-0.000079
-0.000036
0.000201
0.000303
0.000047
-0.000319
-0.000480
-0.000504
-0.000555
-0.000516
-0.000264
0.000037
0.000219
0.000321
0.000388
0.000404
0.000400
0.000413
0.000416
0.000377
0.000299
0.000204
0.000131
0.000097
0.000074
0.000018
-0.000072
-0.000147
-0.000207
-0.000305
-0.000402
-0.000382
