6080
0.000046
0.000047
0.000062
0.000065
0.000042
0.000065
0.000146
0.000183
0.000148
0.000119
0.000110
0.000081
0.000049
0.000041
0.000015
-0.000060
-0.000137
-0.000173
-0.000174
-0.000151
-0.000136
-0.000174
-0.000219
-0.000191
-0.000116
-0.000067
-0.000033
0.000022
0.000090
0.000152
0.000173
0.000122
0.000038
-0.000011
-0.000005
0.000030
0.000047
0.000037
0.000030
0.000020
-0.000023
-0.000076
-0.000089
-0.000049
0.000002
0.000001
-0.000028
-0.000017
0.000026
0.000063
0.000082
0.000077
0.000070
0.000088
0.000121
0.000158
0.000184
0.000170
0.000100
-0.000029
-0.000169
-0.000227
-0.000187
-0.000135
-0.000103
-0.000048
0.000004
-0.000012
-0.000064
-0.000052
0.000031
0.000066
-0.000002
-0.000064
-0.000034
0.000020
0.000025
-0.000007
-0.000029
-0.000031
-0.000072
-0.000120
0.000013
0.000339
0.000561
0.000540
0.000436
0.000318
0.000123
-0.000091
-0.000220
-0.000298
-0.000408
-0.000509
-0.000491
-0.000356
-0.000242
-0.000227
-0.000217
-0.000105
0.000046
0.000125
0.000121
0.000065
0.000015
0.000034
0.000083
0.000093
0.000065
0.000024
0.000003
0.000042
0.000117
0.000156
0.000128
0.000095
0.000103
0.000109
0.000097
0.000121
0.000188
0.000211
0.000124
-0.000010
-0.000073
-0.000059
-0.000057
-0.000117
-0.000198
-0.000224
-0.000197
-0.000191
-0.000211
-0.000170
-0.000061
-0.000021
-0.000116
-0.000166
-0.000039
0.000118
0.000161
0.000172
0.000232
0.000285
0.000299
0.000297
0.000238
0.000091
-0.000045
-0.000086
-0.000089
-0.000099
-0.000067
-0.000007
0.000001
-0.000056
-0.000126
-0.000171
-0.000184
-0.000170
-0.000134
-0.000075
0.000013
0.000115
0.000181
0.000167
0.000081
-0.000011
-0.000058
-0.000069
-0.000064
-0.000052
-0.000038
-0.000007
0.000030
0.000019
-0.000049
-0.000103
-0.000077
-0.000001
0.000064
0.000105
0.000116
0.000073
-0.000017
-0.000081
-0.000041
0.000046
0.000061
0.000035
0.000043
0.000065
0.000088
0.000127
0.000144
0.000097
0.000003
-0.000077
-0.000082
-0.000025
0.000010
-0.000006
-0.000019
-0.000009
-0.000035
-0.000108
-0.000151
-0.000128
-0.000099
-0.000105
-0.000109
-0.000070
0.000004
0.000070
0.000105
0.000125
0.000116
0.000047
-0.000030
-0.000042
-0.000021
-0.000021
-0.000032
-0.000050
-0.000079
-0.000087
-0.000044
0.000028
0.000067
0.000044
0.000013
0.000032
0.000066
0.000054
0.000012
0.000006
0.000056
0.000105
0.000138
0.000207
0.000217
0.000021
-0.000247
-0.000355
-0.000327
-0.000311
-0.000318
-0.000252
-0.000095
0.000075
0.000196
0.000260
0.000287
0.000312
0.000321
0.000272
0.000185
0.000106
0.000062
0.000086
0.000144
0.000125
-0.000019
-0.000186
-0.000220
-0.000142
-0.000105
-0.000105
-0.000027
0.000077
0.000058
-0.000076
-0.000177
-0.000184
-0.000179
-0.000201
-0.000183
-0.000105
-0.000015
0.000045
0.000058
0.000021
-0.000049
-0.000105
-0.000104
-0.000060
0.000023
0.000156
0.000291
0.000347
0.000300
0.000194
0.000098
0.000046
0.000020
-0.000041
-0.000156
-0.000233
-0.000193
-0.000097
-0.000038
-0.000016
-0.000029
-0.000109
-0.000209
-0.000238
-0.000165
-0.000017
0.000143
0.000235
0.000246
0.000187
0.000071
-0.000008
0.000018
0.000057
0.000038
0.000016
0.000015
-0.000020
-0.000089
-0.000138
-0.000152
-0.000128
-0.000051
0.000060
0.000152
0.000187
0.000148
0.000043
-0.000060
-0.000091
-0.000049
0.000028
0.000097
0.000095
0.000010
-0.000052
-0.000029
-0.000021
-0.000084
-0.000129
-0.000097
-0.000016
0.000068
0.000091
0.000018
-0.000085
-0.000116
-0.000066
-0.000019
-0.000015
0.000005
0.000098
0.000189
0.000170
0.000058
-0.000035
-0.000037
0.000028
0.000068
0.000034
-0.000009
-0.000015
-0.000042
-0.000120
-0.000171
-0.000149
-0.000102
-0.000071
-0.000022
0.000070
0.000145
0.000150
0.000148
0.000206
0.000240
0.000122
-0.000070
-0.000160
-0.000147
-0.000151
-0.000165
-0.000121
-0.000071
-0.000053
-0.000001
0.000075
0.000080
0.000013
-0.000040
-0.000039
-0.000008
0.000010
0.000018
0.000063
0.000123
0.000107
-0.000025
-0.000208
-0.000258
-0.000056
0.000237
0.000392
0.000389
0.000301
0.000170
0.000047
-0.000015
-0.000063
-0.000172
-0.000284
-0.000294
-0.000217
-0.000130
-0.000093
-0.000117
-0.000160
-0.000159
-0.000108
-0.000027
0.000063
0.000105
0.000061
0.000003
0.000008
0.000020
-0.000036
-0.000118
-0.000124
-0.000026
0.000097
0.000164
0.000178
0.000162
0.000103
0.000028
-0.000018
-0.000042
-0.000022
0.000071
0.000137
0.000083
0.000004
-0.000002
-0.000007
-0.000065
-0.000100
-0.000085
-0.000077
-0.000062
0.000012
0.000109
0.000166
0.000177
0.000130
0.000017
-0.000090
-0.000114
-0.000060
0.000022
0.000126
0.000248
0.000279
0.000136
-0.000044
-0.000100
-0.000081
-0.000081
-0.000095
-0.000112
-0.000139
-0.000139
-0.000096
-0.000065
-0.000070
-0.000082
-0.000094
-0.000100
-0.000091
-0.000070
-0.000044
-0.000021
0.000001
0.000018
0.000017
0.000018
0.000070
0.000164
0.000232
0.000233
0.000194
0.000139
0.000028
-0.000119
-0.000160
-0.000059
0.000054
0.000094
0.000060
-0.000052
-0.000174
-0.000188
-0.000083
0.000025
0.000073
0.000101
0.000122
0.000108
0.000068
0.000016
-0.000043
-0.000101
-0.000165
-0.000176
-0.000082
0.000024
0.000054
0.000069
0.000094
0.000072
0.000008
-0.000037
-0.000041
-0.000033
-0.000058
-0.000102
-0.000104
-0.000063
-0.000012
0.000036
0.000058
0.000027
-0.000033
-0.000056
0.000007
0.000093
0.000106
0.000070
0.000040
-0.000002
-0.000069
-0.000120
-0.000107
-0.000043
-0.000007
-0.000012
0.000043
0.000183
0.000281
0.000261
0.000178
0.000087
-0.000040
-0.000191
-0.000263
-0.000217
-0.000095
0.000069
0.000141
-0.000011
-0.000253
-0.000364
-0.000348
-0.000311
-0.000254
-0.000129
0.000054
0.000241
0.000379
0.000436
0.000438
0.000426
0.000403
0.000357
0.000240
0.000030
-0.000163
-0.000225
-0.000204
-0.000163
-0.000093
-0.000017
0.000006
-0.000052
-0.000160
-0.000200
-0.000101
0.000050
0.000133
0.000120
0.000059
-0.000010
-0.000106
-0.000206
-0.000223
-0.000153
-0.000069
-0.000013
-0.000001
-0.000010
0.000005
0.000020
0.000011
0.000028
0.000090
0.000115
0.000042
-0.000017
0.000095
0.000260
0.000221
0.000039
-0.000047
-0.000078
-0.000272
-0.000540
-0.000512
-0.000140
0.000128
0.000072
0.000065
0.000313
0.000444
0.000269
0.000086
0.000082
0.000084
-0.000083
-0.000264
-0.000168
0.000053
0.000019
-0.000166
-0.000219
-0.000173
-0.000119
-0.000075
-0.000017
0.000099
0.000192
0.000187
0.000136
0.000062
0.000018
0.000079
0.000185
0.000260
0.000226
-0.000001
-0.000215
-0.000172
-0.000021
0.000041
0.000015
-0.000067
-0.000129
-0.000150
-0.000248
-0.000349
-0.000267
-0.000060
0.000088
0.000129
0.000109
0.000069
0.000031
0.000016
0.000035
0.000079
0.000126
0.000131
0.000120
0.000153
0.000164
0.000097
0.000038
0.000021
0.000009
0.000018
0.000032
0.000017
-0.000028
-0.000114
-0.000187
-0.000213
-0.000274
-0.000346
-0.000317
-0.000223
-0.000118
0.000044
0.000256
0.000435
0.000498
0.000405
0.000224
0.000063
-0.000019
-0.000022
-0.000012
-0.000029
-0.000013
0.000034
-0.000016
-0.000194
-0.000373
-0.000445
-0.000423
-0.000367
-0.000248
0.000017
0.000350
0.000572
0.000622
0.000530
0.000303
-0.000040
-0.000345
-0.000373
-0.000085
0.000233
0.000312
0.000227
0.000198
0.000215
0.000157
-0.000012
-0.000320
-0.000659
-0.000758
-0.000591
-0.000352
-0.000095
0.000143
0.000284
0.000349
0.000255
-0.000047
-0.000253
-0.000186
-0.000066
0.000028
0.000131
0.000126
0.000096
0.000157
0.000071
-0.000199
-0.000324
-0.000185
0.000150
0.000481
0.000441
0.000109
-0.000038
0.000018
-0.000054
-0.000264
-0.000323
-0.000087
0.000271
0.000506
0.000473
0.000236
0.000082
-0.000013
-0.000345
-0.000691
-0.000664
-0.000399
-0.000107
0.000121
0.000240
0.000422
0.000595
0.000447
0.000186
0.000066
-0.000121
-0.000346
-0.000352
-0.000181
0.000059
0.000277
0.000321
0.000226
0.000111
-0.000045
-0.000255
-0.000414
-0.000410
-0.000248
-0.000060
0.000080
0.000216
0.000336
0.000330
0.000144
-0.000132
-0.000368
-0.000508
-0.000504
-0.000300
0.000005
0.000249
0.000346
0.000302
0.000247
0.000236
0.000128
-0.000066
-0.000146
-0.000051
0.000131
0.000245
0.000187
0.000091
0.000067
-0.000004
-0.000170
-0.000311
-0.000324
-0.000229
-0.000128
-0.000017
0.000140
0.000289
0.000372
0.000242
-0.000165
-0.000557
-0.000634
-0.000410
-0.000094
0.000158
0.000418
0.000627
0.000550
0.000411
0.000455
0.000394
0.000125
-0.000176
-0.000461
-0.000609
-0.000603
-0.000573
-0.000373
-0.000012
0.000137
0.000042
-0.000047
-0.000095
-0.000125
-0.000049
0.000178
0.000433
0.000501
0.000356
0.000195
0.000127
0.000054
-0.000092
-0.000222
-0.000255
-0.000196
-0.000173
-0.000272
-0.000302
-0.000154
-0.000010
0.000161
0.000357
0.000246
-0.000029
0.000020
0.000282
0.000393
0.000191
-0.000269
-0.000497
-0.000298
-0.000235
-0.000481
-0.000588
-0.000335
0.000198
0.000659
0.000656
0.000442
0.000466
0.000582
0.000500
0.000161
-0.000320
-0.000472
-0.000132
0.000082
-0.000072
-0.000111
0.000129
0.000422
0.000451
0.000006
-0.000499
-0.000607
-0.000513
-0.000387
-0.000267
-0.000284
-0.000254
-0.000054
0.000069
0.000096
0.000204
0.000408
0.000574
0.000485
0.000122
-0.000253
-0.000380
-0.000244
-0.000108
0.000018
0.000360
0.000552
0.000287
0.000009
-0.000206
-0.000549
-0.000650
-0.000505
-0.000289
0.000297
0.000721
0.000461
0.000434
0.000629
0.000008
-0.000792
-0.000856
-0.000530
-0.000123
-0.000026
-0.000290
0.000002
0.000589
0.000313
-0.000367
-0.000576
-0.000496
-0.000419
-0.000442
-0.000408
0.000197
0.001242
0.001813
0.001602
0.001217
0.000883
0.000313
-0.000309
-0.000769
-0.001185
-0.001348
-0.001279
-0.001344
-0.001217
-0.000639
0.000027
0.000791
0.001587
0.001890
0.001744
0.001433
0.000887
0.000292
-0.000141
-0.000594
-0.001048
-0.001303
-0.001407
-0.001391
-0.001230
-0.001040
-0.000825
-0.000466
-0.000020
0.000364
0.000647
0.000853
0.001010
0.001123
0.001184
0.001155
0.000948
0.000602
0.000283
0.000036
-0.000215
-0.000502
-0.000767
-0.000876
-0.000814
-0.000721
-0.000624
-0.000426
-0.000175
-0.000005
0.000060
0.000085
0.000120
0.000201
0.000359
0.000490
0.000435
0.000252
0.000139
0.000124
0.000115
0.000081
0.000025
-0.000084
-0.000296
-0.000565
-0.000700
-0.000582
-0.000281
0.000086
0.000389
0.000561
0.000657
0.000590
0.000253
-0.000118
-0.000333
-0.000315
0.000089
0.000551
0.000643
0.000605
0.000505
0.000075
-0.000432
-0.000724
-0.000844
-0.000742
-0.000514
-0.000338
-0.000162
-0.000038
-0.000005
0.000004
-0.000153
-0.000427
-0.000493
-0.000265
0.000118
0.000378
0.000408
0.000552
0.000816
0.000698
0.000252
-0.000027
-0.000057
-0.000121
-0.000284
-0.000187
0.000136
0.000062
-0.000298
-0.000267
0.000102
0.000347
0.000265
0.000126
0.000418
0.000664
0.000093
-0.000681
-0.000840
-0.000507
0.000071
0.000464
0.000307
0.000023
-0.000120
-0.000272
-0.000348
-0.000477
-0.000649
-0.000296
0.000459
0.000807
0.000495
-0.000060
-0.000187
0.000198
0.000213
-0.000419
-0.000781
-0.000455
0.000053
0.000303
0.000223
0.000146
0.000442
0.000833
0.000853
0.000551
0.000202
0.000035
0.000155
0.000294
0.000122
-0.000260
-0.000503
-0.000419
-0.000157
-0.000101
-0.000383
-0.000687
-0.000746
-0.000721
-0.000847
-0.000968
-0.000724
-0.000072
0.000586
0.000798
0.000568
0.000317
0.000342
0.000524
0.000540
0.000267
0.000029
0.000151
0.000408
0.000399
0.000083
-0.000286
-0.000429
-0.000343
-0.000279
-0.000248
-0.000034
0.000346
0.000670
0.000795
0.000683
0.000357
-0.000054
-0.000361
-0.000513
-0.000560
-0.000402
-0.000092
0.000101
0.000255
0.000350
-0.000082
-0.000810
-0.001049
-0.000838
-0.000535
-0.000003
0.000639
0.000774
-0.000006
-0.001300
-0.001918
-0.001288
-0.000340
0.000090
0.000493
0.001500
0.002502
0.002325
0.000998
-0.000462
-0.001608
-0.002257
-0.001847
-0.000280
0.001822
0.003621
0.004430
0.004078
0.002527
-0.000041
-0.002332
-0.003142
-0.002819
-0.002216
-0.001695
-0.001104
-0.000247
0.000044
-0.001011
-0.002328
-0.002676
-0.002231
-0.001278
0.000087
0.001557
0.002931
0.003776
0.003700
0.003010
0.001869
0.000240
-0.001241
-0.002055
-0.002484
-0.002762
-0.002218
0.000158
0.003337
0.004496
0.003130
0.001227
-0.000252
-0.001493
-0.002547
-0.002927
-0.001674
0.000448
0.001200
0.000578
-0.000019
-0.000562
-0.001181
-0.001548
-0.001555
-0.000886
0.000340
0.001323
0.001821
0.001830
0.001039
-0.000334
-0.001525
-0.002034
-0.001859
-0.001272
-0.000447
0.000632
0.001782
0.002375
0.001953
0.000929
0.000048
-0.000396
-0.000403
-0.000004
0.000655
0.001162
0.001028
0.000373
-0.000183
-0.000510
-0.000801
-0.000909
-0.000863
-0.000966
-0.001046
-0.000912
-0.000889
-0.000956
-0.000885
-0.000906
-0.000947
-0.000940
-0.001174
-0.000827
0.000795
0.002267
0.002266
0.000915
-0.001009
-0.001833
-0.000787
0.001000
0.003242
0.005931
0.007344
0.006403
0.003672
0.000096
-0.002786
-0.004129
-0.004777
-0.004905
-0.003932
-0.002559
-0.001644
-0.001028
-0.000723
-0.000967
-0.001521
-0.001970
-0.001759
-0.000454
0.001370
0.002775
0.003678
0.004171
0.003710
0.002004
-0.000192
-0.001816
-0.002449
-0.002220
-0.001397
-0.000292
0.000803
0.001534
0.001497
0.000785
-0.000028
-0.000607
-0.000850
-0.000560
0.000249
0.001219
0.001910
0.001996
0.001470
0.000551
-0.000678
-0.002171
-0.003666
-0.004574
-0.004122
-0.002425
-0.000694
0.000764
0.002520
0.003715
0.003026
0.000990
-0.000632
-0.000441
0.001221
0.002424
0.002611
0.002805
0.002637
0.001025
-0.001557
-0.003749
-0.004549
-0.003871
-0.002403
-0.000570
0.001364
0.002638
0.002715
0.001829
0.000499
-0.000807
-0.001703
-0.001955
-0.001597
-0.000858
-0.000107
0.000144
-0.000150
-0.000404
-0.000481
-0.000759
-0.001053
-0.000802
0.000073
0.001145
0.001956
0.002407
0.002650
0.002741
0.002478
0.001468
-0.000181
-0.001559
-0.001909
-0.001277
-0.000534
-0.000679
-0.001314
-0.001870
-0.004334
-0.009914
-0.013892
-0.010194
-0.000141
0.009197
0.014001
0.015914
0.016313
0.013358
0.006084
-0.001670
-0.004952
-0.004187
-0.003563
-0.004197
-0.004036
-0.002884
-0.002797
-0.004623
-0.006889
-0.007772
-0.007010
-0.005185
-0.002005
0.002722
0.007201
0.009130
0.008386
0.006420
0.003847
0.000408
-0.003176
-0.004980
-0.003979
-0.001466
0.000402
0.000927
0.000741
0.000055
-0.001448
-0.003268
-0.004053
-0.003002
-0.000524
0.002367
0.004804
0.006288
0.006442
0.005050
0.002594
0.000088
-0.001827
-0.003051
-0.003452
-0.002718
-0.001098
0.000144
-0.000096
-0.001510
-0.003096
-0.004555
-0.006126
-0.007057
-0.005596
-0.001443
0.003452
0.007014
0.008435
0.008000
0.006350
0.003687
0.000689
-0.000949
-0.000650
0.000466
0.001380
0.001572
0.000826
-0.000634
-0.002586
-0.004514
-0.005401
-0.004913
-0.003503
-0.001517
0.000621
0.002228
0.002785
0.002092
0.000586
-0.000796
-0.001620
-0.001998
-0.001813
-0.000960
0.000200
0.001132
0.001475
0.001250
0.000790
0.000359
0.000144
0.000250
0.000598
0.001316
0.002505
0.003583
0.003916
0.003289
0.001597
-0.000535
-0.002056
-0.003068
-0.004124
-0.004770
-0.004506
-0.003632
-0.002776
-0.003372
-0.006981
-0.010937
-0.008556
0.000926
0.009572
0.012997
0.014436
0.015202
0.012974
0.007076
-0.000221
-0.004181
-0.002801
-0.001132
-0.002724
-0.004255
-0.003886
-0.003913
-0.005152
-0.006590
-0.007262
-0.006367
-0.004138
-0.001125
0.002765
0.006410
0.007531
0.005903
0.003602
0.001719
-0.000480
-0.002998
-0.004206
-0.003046
-0.000611
0.000937
0.000621
-0.000532
-0.001272
-0.001828
-0.002555
-0.002515
-0.000961
0.001532
0.003992
0.005660
0.006233
0.005901
0.004591
0.002348
0.000213
-0.001017
-0.001722
-0.002306
-0.002629
-0.002449
-0.001908
-0.002203
-0.004361
-0.006942
-0.007525
-0.005751
-0.002845
0.000075
0.002543
0.004783
0.006569
0.006803
0.005357
0.003557
0.002462
0.002015
0.001562
0.000724
-0.000234
-0.001010
-0.001650
-0.002310
-0.003049
-0.003570
-0.003349
-0.002197
-0.000462
0.001149
0.002016
0.002066
0.001675
0.001197
0.000550
-0.000540
-0.001679
-0.002100
-0.001793
-0.001261
-0.000770
-0.000553
-0.000807
-0.001233
-0.001071
0.000099
0.001580
0.002385
0.002680
0.003220
0.003864
0.003438
0.001345
-0.001012
-0.002245
-0.003242
-0.005044
-0.007771
-0.011760
-0.014021
-0.008358
0.004031
0.013744
0.016728
0.016301
0.014093
0.009620
0.003277
-0.003042
-0.004944
-0.001337
0.001384
-0.000607
-0.003715
-0.005750
-0.007820
-0.009670
-0.010552
-0.009993
-0.007097
-0.002469
0.002226
0.006368
0.009017
0.008535
0.005458
0.002471
0.000892
-0.000071
-0.000785
-0.000501
0.001004
0.002605
0.002504
0.000002
-0.003288
-0.005282
-0.005761
-0.005259
-0.003539
-0.000649
0.002495
0.004901
0.005753
0.004942
0.003372
0.001705
0.000200
-0.000259
0.000716
0.001954
0.002387
0.002001
0.000860
-0.001078
-0.003543
-0.005978
-0.007559
-0.007603
-0.006180
-0.003802
-0.001175
0.000479
0.000420
-0.000051
0.001078
0.003570
0.005396
0.005801
0.005787
0.005979
0.005512
0.003535
0.001304
0.000649
0.000755
-0.000369
-0.002519
-0.004050
-0.004212
-0.003706
-0.003507
-0.003339
-0.002599
-0.001837
-0.001419
-0.000846
-0.000068
0.000556
0.000854
0.000882
0.001041
0.001385
0.001307
0.000710
0.000259
0.000396
0.000893
0.001031
0.000407
-0.000270
-0.000127
0.000538
0.001032
0.001291
0.001411
0.001496
0.001546
0.000946
-0.000544
-0.002175
-0.003546
-0.004573
-0.005039
-0.006714
-0.011543
-0.014241
-0.006309
0.008414
0.017008
0.016758
0.014225
0.011757
0.007885
0.001937
-0.003788
-0.003443
0.002383
0.004253
-0.000206
-0.004587
-0.007099
-0.009558
-0.011299
-0.011500
-0.009565
-0.005178
-0.000450
0.003051
0.006148
0.008016
0.006401
0.002476
0.000044
0.000304
0.001244
0.001462
0.001669
0.002574
0.003107
0.001431
-0.002393
-0.005686
-0.006300
-0.005044
-0.003309
-0.000965
0.001855
0.004066
0.004926
0.004244
0.002732
0.001732
0.001355
0.001177
0.001865
0.003295
0.003751
0.002533
0.000508
-0.001619
-0.003688
-0.005702
-0.007421
-0.007788
-0.006192
-0.004189
-0.003446
-0.003093
-0.001869
-0.000284
0.001322
0.003246
0.005076
0.006491
0.007125
0.006098
0.004476
0.004359
0.004846
0.003955
0.001977
-0.000176
-0.001977
-0.003111
-0.004284
-0.005469
-0.005187
-0.003748
-0.002961
-0.002870
-0.002439
-0.001440
-0.000266
0.000551
0.001026
0.001627
0.001981
0.001493
0.000739
0.000385
0.000164
-0.000162
-0.000247
0.000059
0.000209
-0.000233
-0.000647
-0.000181
0.000915
0.001865
0.002577
0.003232
0.003186
0.001545
-0.001076
-0.003057
-0.003903
-0.004205
-0.005430
-0.009472
-0.013140
-0.008305
0.004444
0.013756
0.014791
0.012682
0.010383
0.007147
0.002452
-0.002579
-0.003063
0.002283
0.005269
0.001410
-0.003826
-0.007060
-0.009428
-0.010655
-0.010421
-0.008636
-0.004600
-0.000096
0.002616
0.004439
0.005738
0.004608
0.001395
-0.000633
0.000191
0.002271
0.003527
0.003754
0.003768
0.003373
0.001311
-0.002554
-0.005944
-0.006470
-0.004602
-0.002329
-0.000322
0.001447
0.002526
0.002662
0.001892
0.000752
0.000479
0.001251
0.002141
0.003235
0.004641
0.004979
0.003436
0.000839
-0.001814
-0.003822
-0.004950
-0.005707
-0.006117
-0.005516
-0.004161
-0.003062
-0.002651
-0.002732
-0.002508
-0.000920
0.001809
0.004293
0.005955
0.007042
0.007276
0.006373
0.004805
0.003152
0.001874
0.001121
0.000293
-0.000871
-0.001877
-0.002851
-0.003974
-0.004499
-0.004238
-0.003788
-0.003280
-0.002651
-0.001804
-0.000496
0.000853
0.001549
0.001650
0.001606
0.001618
0.001516
0.001031
0.000370
-0.000037
-0.000209
-0.000522
-0.001113
-0.001356
-0.000562
0.000700
0.001506
0.001991
0.002281
0.001928
0.001062
-0.000094
-0.001808
-0.003412
-0.003661
-0.003263
-0.004940
-0.009509
-0.011558
-0.004262
0.008527
0.015417
0.013935
0.010500
0.008072
0.005184
0.001009
-0.002322
-0.000746
0.004133
0.004638
-0.000669
-0.006018
-0.008861
-0.010139
-0.010106
-0.008925
-0.006347
-0.002489
0.000580
0.002052
0.003389
0.004231
0.002929
0.000581
0.000006
0.001900
0.004259
0.004905
0.003784
0.002381
0.001203
-0.000700
-0.003490
-0.005297
-0.004448
-0.001966
-0.000093
0.000572
0.000705
0.000615
0.000234
-0.000274
-0.000199
0.001014
0.002584
0.003503
0.004086
0.004563
0.004016
0.002044
-0.000470
-0.002469
-0.003528
-0.004034
-0.004454
-0.004391
-0.003600
-0.003080
-0.003516
-0.004282
-0.004606
-0.003773
-0.001085
0.002894
0.006441
0.007992
0.006970
0.004751
0.003708
0.003994
0.003861
0.002966
0.002201
0.001576
0.000390
-0.001855
-0.004602
-0.006023
-0.005342
-0.004051
-0.003334
-0.002767
-0.001867
-0.000741
0.000132
0.000264
0.000034
0.000254
0.000960
0.001757
0.002350
0.002326
0.001494
0.000268
-0.000733
-0.001244
-0.001304
-0.000823
0.000187
0.001367
0.002458
0.002895
0.001871
-0.000073
-0.001740
-0.002988
-0.003649
-0.003334
-0.002890
-0.004267
-0.008499
-0.011042
-0.004212
0.008805
0.015493
0.013528
0.010333
0.008302
0.005723
0.001981
-0.001555
-0.000492
0.004436
0.004590
-0.001761
-0.007495
-0.009933
-0.010586
-0.009742
-0.008147
-0.005795
-0.002104
0.000627
0.001060
0.001529
0.002509
0.001960
0.000482
0.000732
0.003202
0.005741
0.006114
0.004321
0.002149
0.000602
-0.000947
-0.002923
-0.004039
-0.002907
-0.000652
0.000449
0.000097
-0.000635
-0.001175
-0.001337
-0.001125
-0.000343
0.001461
0.003445
0.004190
0.004105
0.003993
0.003195
0.001398
-0.000612
-0.002184
-0.002841
-0.002606
-0.002565
-0.003399
-0.004401
-0.004949
-0.005315
-0.005558
-0.004822
-0.002186
0.001803
0.005009
0.005823
0.004847
0.003890
0.003806
0.003960
0.003728
0.003448
0.003390
0.003043
0.001851
-0.000222
-0.002500
-0.003852
-0.003969
-0.003570
-0.003022
-0.002231
-0.001446
-0.000984
-0.000922
-0.001192
-0.001377
-0.001010
-0.000127
0.000970
0.001939
0.002219
0.001480
0.000196
-0.000881
-0.001379
-0.001152
-0.000334
0.000645
0.001637
0.002331
0.002020
0.001106
0.000595
0.000061
-0.001116
-0.002331
-0.003075
-0.003053
-0.002927
-0.005894
-0.011388
-0.010296
0.001535
0.013343
0.015234
0.010750
0.006920
0.005607
0.004688
0.001651
-0.000447
0.002904
0.006532
0.003171
-0.003995
-0.008962
-0.010826
-0.010163
-0.008243
-0.006383
-0.003694
-0.000867
-0.000490
-0.001271
-0.000438
0.000715
0.000375
0.000225
0.002270
0.005611
0.007505
0.006210
0.003017
0.000754
0.000066
-0.000702
-0.001889
-0.001837
-0.000280
0.000817
0.000285
-0.001134
-0.002346
-0.002699
-0.002222
-0.001238
0.000556
0.002842
0.003830
0.003066
0.002246
0.002072
0.001666
0.000579
-0.000828
-0.001601
-0.000974
-0.000213
-0.001324
-0.003713
-0.005303
-0.005509
-0.004783
-0.003653
-0.002337
-0.000137
0.002605
0.003640
0.002573
0.001714
0.002401
0.003979
0.005121
0.004916
0.003914
0.002973
0.001703
-0.000047
-0.001407
-0.001985
-0.002107
-0.002115
-0.002115
-0.001946
-0.001726
-0.001969
-0.002546
-0.002612
-0.001856
-0.000806
0.000047
0.000667
0.001070
0.001018
0.000368
-0.000443
-0.000749
-0.000389
0.000388
0.001294
0.001863
0.001721
0.001225
0.000972
0.000753
0.000059
-0.000727
-0.001020
-0.001236
-0.001850
-0.002497
-0.003673
-0.007286
-0.011365
-0.007901
0.004877
0.014980
0.013624
0.007501
0.004907
0.005151
0.004460
0.001868
0.001086
0.004939
0.007179
0.001560
-0.006626
-0.010378
-0.010226
-0.008593
-0.006696
-0.005050
-0.002856
-0.001097
-0.001923
-0.003322
-0.002345
-0.000602
-0.000059
0.000883
0.003620
0.006565
0.007208
0.004924
0.001893
0.000693
0.001051
0.000917
0.000099
0.000180
0.001185
0.001192
-0.000468
-0.002281
-0.002917
-0.002386
-0.001398
-0.000505
0.000516
0.001640
0.001832
0.001094
0.000855
0.001302
0.001329
0.000556
-0.000408
-0.000569
0.000117
-0.000033
-0.001782
-0.003532
-0.004140
-0.004010
-0.003588
-0.002993
-0.001951
-0.000215
0.001361
0.001936
0.001857
0.001566
0.001539
0.002609
0.004486
0.005649
0.005080
0.003127
0.001242
0.000550
0.000340
-0.000529
-0.001524
-0.001642
-0.001304
-0.001576
-0.002652
-0.003722
-0.003829
-0.002944
-0.001989
-0.001419
-0.000818
-0.000108
0.000279
0.000284
0.000177
0.000109
0.000212
0.000645
0.001376
0.002077
0.002222
0.001690
0.001189
0.001170
0.000999
0.000320
-0.000297
-0.000783
-0.001505
-0.002077
-0.002418
-0.004479
-0.009499
-0.012113
-0.004712
0.008469
0.014331
0.010164
0.004678
0.003291
0.004453
0.004513
0.002950
0.004001
0.007619
0.006489
-0.000830
-0.007476
-0.009727
-0.008637
-0.006202
-0.004669
-0.004021
-0.003114
-0.003329
-0.004841
-0.004650
-0.002372
-0.000591
0.000302
0.001821
0.004187
0.005957
0.005457
0.002912
0.000929
0.001213
0.002371
0.002456
0.001663
0.001225
0.001065
0.000153
-0.001465
-0.002584
-0.002331
-0.000987
0.000206
0.000498
0.000427
0.000243
-0.000390
-0.000772
-0.000109
0.000883
0.001355
0.001428
0.001287
0.000745
-0.000359
-0.001806
-0.002832
-0.002737
-0.002024
-0.001979
-0.002567
-0.002305
-0.001055
-0.000332
-0.000368
-0.000104
0.000664
0.001526
0.002109
0.002354
0.003090
0.004230
0.003974
0.002350
0.001430
0.001481
0.001359
0.000784
-0.000071
-0.000794
-0.001132
-0.001806
-0.002882
-0.003139
-0.002434
-0.001845
-0.001746
-0.001840
-0.001861
-0.001608
-0.001180
-0.000775
-0.000321
0.000121
0.000390
0.000834
0.001700
0.002301
0.002054
0.001512
0.001398
0.001525
0.001191
0.000105
-0.001182
-0.001813
-0.001661
-0.001543
-0.003197
-0.007876
-0.011288
-0.005537
0.006850
0.012692
0.008259
0.002954
0.002580
0.004708
0.005580
0.004266
0.004284
0.006994
0.006254
-0.000438
-0.006487
-0.007880
-0.006530
-0.004382
-0.003140
-0.003406
-0.003812
-0.004674
-0.006330
-0.005957
-0.002864
-0.000434
0.000153
0.000893
0.002478
0.003732
0.003495
0.001914
0.001030
0.002306
0.004042
0.003921
0.002379
0.001197
0.000738
0.000237
-0.000490
-0.000952
-0.000867
-0.000397
-0.000058
-0.000154
-0.000241
-0.000114
-0.000212
-0.000319
0.000084
0.000560
0.000767
0.001020
0.000983
0.000100
-0.001099
-0.001905
-0.002312
-0.002360
-0.002097
-0.001888
-0.001716
-0.001344
-0.001183
-0.001380
-0.001236
-0.000532
0.000364
0.001312
0.001996
0.002166
0.002239
0.002401
0.002419
0.002530
0.002842
0.002836
0.002430
0.001981
0.001359
0.000416
-0.000535
-0.001314
-0.001883
-0.002097
-0.002180
-0.002540
-0.002982
-0.003076
-0.002840
-0.002521
-0.002141
-0.001466
-0.000475
0.000320
0.000587
0.000732
0.001178
0.001824
0.002357
0.002438
0.002039
0.001660
0.001383
0.000555
-0.000949
-0.002349
-0.002574
-0.000944
0.000759
-0.001789
-0.008832
-0.011723
-0.003198
0.008987
0.011250
0.004588
0.000761
0.003354
0.006328
0.005312
0.002685
0.003605
0.006965
0.005496
-0.001414
-0.006348
-0.006269
-0.004198
-0.002680
-0.002701
-0.003670
-0.004399
-0.005482
-0.006468
-0.004906
-0.001813
-0.000651
-0.001036
-0.000330
0.001595
0.003031
0.002766
0.001453
0.001489
0.003524
0.004863
0.003759
0.001935
0.001239
0.001348
0.001250
0.000630
-0.000060
-0.000227
-0.000074
-0.000321
-0.000824
-0.000851
-0.000574
-0.000584
-0.000618
-0.000247
0.000326
0.000748
0.000556
-0.000531
-0.001600
-0.001532
-0.000833
-0.000606
-0.000969
-0.001608
-0.001996
-0.001558
-0.001019
-0.001334
-0.001620
-0.001038
-0.000314
0.000140
0.000467
0.000732
0.001525
0.002640
0.002823
0.002370
0.002387
0.002613
0.002631
0.002441
0.001803
0.001027
0.000579
0.000109
-0.000501
-0.000939
-0.001421
-0.002116
-0.002613
-0.002689
-0.002518
-0.002257
-0.002032
-0.001858
-0.001516
-0.001014
-0.000708
-0.000625
-0.000396
0.000195
0.001049
0.001835
0.002245
0.002276
0.001906
0.000989
-0.000212
-0.001044
-0.001012
-0.000222
0.000306
-0.001184
-0.005555
-0.009195
-0.005415
0.004655
0.010070
0.006288
0.001221
0.001172
0.004126
0.005803
0.004525
0.003279
0.004855
0.005104
0.000391
-0.004729
-0.005841
-0.004062
-0.001727
-0.001142
-0.003030
-0.004854
-0.005430
-0.005758
-0.004899
-0.002441
-0.000833
-0.000968
-0.001209
-0.000624
0.000627
0.001692
0.001603
0.001360
0.002583
0.004106
0.003805
0.002254
0.001455
0.001871
0.002468
0.002283
0.001337
0.000510
0.000381
0.000391
-0.000019
-0.000291
-0.000091
-0.000198
-0.000825
-0.001076
-0.000484
0.000383
0.000382
-0.000949
-0.002257
-0.002174
-0.001399
-0.001036
-0.001084
-0.001473
-0.002040
-0.002016
-0.001293
-0.000726
-0.000624
-0.000528
-0.000204
0.000166
0.000374
0.000557
0.001110
0.001880
0.002216
0.002132
0.002196
0.002365
0.002250
0.002008
0.001925
0.001797
0.001301
0.000486
-0.000228
-0.000503
-0.000589
-0.001041
-0.001848
-0.002379
-0.002298
-0.002017
-0.002049
-0.002326
-0.002409
-0.002074
-0.001505
-0.000982
-0.000567
-0.000148
0.000410
0.001104
0.001670
0.001870
0.001627
0.000919
0.000229
0.000230
0.000604
0.000558
-0.000371
-0.003008
-0.006632
-0.006398
0.000454
0.007326
0.006614
0.001395
-0.000356
0.002900
0.006519
0.006219
0.003209
0.002511
0.004176
0.002922
-0.001758
-0.004952
-0.004449
-0.002008
-0.000529
-0.001881
-0.004364
-0.005221
-0.004817
-0.004157
-0.002854
-0.001673
-0.001704
-0.002060
-0.001635
-0.000470
0.000956
0.001774
0.001716
0.001978
0.002946
0.003187
0.002211
0.001373
0.001560
0.002245
0.002504
0.001863
0.000840
0.000451
0.000653
0.000534
0.000137
0.000137
0.000213
-0.000229
-0.000680
-0.000407
0.000263
0.000261
-0.000905
-0.002177
-0.002046
-0.000897
-0.000574
-0.001360
-0.001774
-0.001325
-0.001018
-0.001448
-0.002025
-0.001852
-0.000949
-0.000254
-0.000104
0.000137
0.000578
0.000787
0.001013
0.001611
0.002213
0.002480
0.002470
0.002342
0.002356
0.002423
0.002046
0.001271
0.000713
0.000518
0.000243
-0.000413
-0.001266
-0.001815
-0.001819
-0.001765
-0.002131
-0.002544
-0.002510
-0.002246
-0.002065
-0.001833
-0.001374
-0.000805
-0.000330
0.000072
0.000608
0.001212
0.001522
0.001460
0.001289
0.001038
0.000541
0.000049
0.000040
0.000339
0.000116
-0.001458
-0.004185
-0.005096
-0.001002
0.004716
0.005129
0.001128
-0.000245
0.002758
0.005844
0.005476
0.002444
0.001082
0.002842
0.003168
-0.000214
-0.003273
-0.003097
-0.001107
0.000135
-0.001109
-0.003655
-0.004482
-0.003579
-0.002923
-0.002593
-0.002232
-0.002237
-0.002213
-0.001748
-0.001153
-0.000406
0.000409
0.000808
0.001052
0.001543
0.001773
0.001546
0.001607
0.002263
0.002882
0.002861
0.002181
0.001362
0.001081
0.001284
0.001159
0.000542
0.000100
-0.000055
-0.000159
0.000089
0.000399
-0.000162
-0.001162
-0.001412
-0.001040
-0.000837
-0.001099
-0.001607
-0.001619
-0.000951
-0.000687
-0.001346
-0.002077
-0.002152
-0.001499
-0.000593
-0.000235
-0.000360
-0.000168
0.000326
0.000586
0.000654
0.000867
0.001364
0.001940
0.002108
0.001861
0.001793
0.001985
0.001885
0.001455
0.001151
0.001012
0.000782
0.000387
-0.000124
-0.000601
-0.000929
-0.001236
-0.001549
-0.001706
-0.001791
-0.001989
-0.002179
-0.002111
-0.001708
-0.001128
-0.000647
-0.000352
-0.000144
0.000013
0.000185
0.000481
0.000708
0.000531
0.000153
0.000166
0.000590
0.000795
0.000034
-0.002213
-0.004427
-0.002894
0.002267
0.004883
0.002141
-0.000580
0.001325
0.005290
0.006086
0.002708
0.000077
0.002055
0.004618
0.002440
-0.002124
-0.003626
-0.001370
0.001027
0.000142
-0.003077
-0.004346
-0.002718
-0.001475
-0.002035
-0.002816
-0.002719
-0.002053
-0.001754
-0.002162
-0.002104
-0.000773
0.000624
0.000931
0.000678
0.000643
0.000851
0.001231
0.001794
0.002313
0.002492
0.002182
0.001529
0.001128
0.001341
0.001574
0.001302
0.000957
0.000827
0.000647
0.000542
0.000573
0.000192
-0.000587
-0.001042
-0.000975
-0.000778
-0.000914
-0.001473
-0.001708
-0.001079
-0.000435
-0.000755
-0.001676
-0.002131
-0.001675
-0.000864
-0.000527
-0.000792
-0.001060
-0.000862
-0.000345
0.000155
0.000553
0.000842
0.001030
0.001306
0.001675
0.001832
0.001708
0.001522
0.001448
0.001519
0.001511
0.001211
0.000845
0.000683
0.000594
0.000327
-0.000188
-0.000812
-0.001277
-0.001490
-0.001618
-0.001749
-0.001714
-0.001492
-0.001346
-0.001302
-0.001096
-0.000694
-0.000248
0.000147
0.000346
0.000325
0.000234
0.000093
-0.000077
-0.000102
0.000022
0.000101
-0.000020
-0.000666
-0.002046
-0.002872
-0.001204
0.001772
0.002500
0.000969
0.000739
0.002879
0.004459
0.002737
-0.000427
0.000164
0.004670
0.006394
0.002518
-0.001562
-0.001229
0.001577
0.001951
-0.001519
-0.004351
-0.002895
-0.000530
-0.001620
-0.004461
-0.004995
-0.002775
-0.000961
-0.001993
-0.003987
-0.003371
-0.000515
0.001052
0.000133
-0.001025
-0.000453
0.001174
0.001991
0.001579
0.001379
0.002344
0.003279
0.002821
0.001750
0.001515
0.002029
0.002354
0.002002
0.001199
0.000722
0.000827
0.000671
-0.000090
-0.000623
-0.000581
-0.000540
-0.000928
-0.001618
-0.001904
-0.001228
-0.000386
-0.000549
-0.001401
-0.001875
-0.001754
-0.001460
-0.001382
-0.001602
-0.001690
-0.001311
-0.000892
-0.000812
-0.000649
-0.000028
0.000697
0.001022
0.000941
0.000987
0.001600
0.002293
0.002259
0.001751
0.001641
0.001982
0.002109
0.001677
0.001006
0.000586
0.000431
0.000143
-0.000372
-0.000790
-0.000957
-0.001110
-0.001454
-0.001821
-0.001868
-0.001553
-0.001195
-0.001007
-0.000841
-0.000540
-0.000246
-0.000201
-0.000411
-0.000619
-0.000654
-0.000590
-0.000462
-0.000170
0.000250
0.000588
0.000576
-0.000033
-0.001072
-0.001588
-0.000766
0.000692
0.001432
0.001494
0.001965
0.003049
0.003471
0.002156
0.000584
0.001286
0.003316
0.003187
0.000551
-0.001544
-0.001342
0.000021
0.000484
-0.000585
-0.001678
-0.001524
-0.001121
-0.001677
-0.002497
-0.002461
-0.001792
-0.001575
-0.002235
-0.002730
-0.001857
-0.000285
0.000242
-0.000456
-0.000916
-0.000280
0.000780
0.001267
0.001199
0.001367
0.001928
0.002143
0.001751
0.001368
0.001350
0.001451
0.001394
0.001080
0.000720
0.000673
0.000786
0.000629
0.000292
0.000068
-0.000170
-0.000678
-0.001281
-0.001388
-0.000780
-0.000214
-0.000471
-0.001172
-0.001504
-0.001393
-0.001164
-0.000919
-0.000698
-0.000578
-0.000575
-0.000649
-0.000627
-0.000342
0.000040
0.000205
0.000135
0.000107
0.000349
0.000772
0.001053
0.001045
0.000918
0.000889
0.000991
0.001122
0.001175
0.001077
0.000802
0.000420
0.000069
-0.000169
-0.000275
-0.000267
-0.000236
-0.000323
-0.000541
-0.000740
-0.000809
-0.000806
-0.000784
-0.000655
-0.000325
0.000056
0.000093
-0.000367
-0.000893
-0.000977
-0.000706
-0.000543
-0.000581
-0.000484
-0.000137
0.000201
0.000404
0.000569
0.000507
-0.000284
-0.001700
-0.002418
-0.001171
0.001219
0.002557
0.002228
0.001561
0.001318
0.001146
0.001226
0.001983
0.002697
0.002336
0.000999
-0.000347
-0.000655
0.000286
0.001199
0.000804
-0.000392
-0.001208
-0.001431
-0.001409
-0.001403
-0.001540
-0.001732
-0.001979
-0.002368
-0.002457
-0.001756
-0.000740
-0.000319
-0.000625
-0.000953
-0.000685
-0.000021
0.000408
0.000515
0.000710
0.001091
0.001383
0.001398
0.001235
0.001201
0.001433
0.001600
0.001385
0.001043
0.000954
0.001017
0.000942
0.000695
0.000375
0.000034
-0.000368
-0.000853
-0.001154
-0.000936
-0.000457
-0.000373
-0.000784
-0.001133
-0.001024
-0.000598
-0.000262
-0.000320
-0.000693
-0.001050
-0.001169
-0.000937
-0.000383
0.000092
0.000060
-0.000333
-0.000514
-0.000147
0.000497
0.000814
0.000615
0.000370
0.000514
0.000946
0.001323
0.001424
0.001256
0.000962
0.000653
0.000439
0.000401
0.000365
0.000094
-0.000311
-0.000588
-0.000667
-0.000622
-0.000548
-0.000540
-0.000584
-0.000552
-0.000369
-0.000157
-0.000130
-0.000279
-0.000383
-0.000427
-0.000580
-0.000770
-0.000784
-0.000640
-0.000450
-0.000201
0.000066
0.000183
0.000087
-0.000265
-0.001093
-0.002110
-0.002044
-0.000258
0.001804
0.002509
0.002207
0.001875
0.001440
0.000960
0.001294
0.002368
0.002756
0.001730
0.000226
-0.000431
0.000108
0.000927
0.000840
-0.000106
-0.000888
-0.001130
-0.001186
-0.001211
-0.001242
-0.001436
-0.001807
-0.002236
-0.002420
-0.001959
-0.001129
-0.000715
-0.000805
-0.000790
-0.000388
0.000128
0.000442
0.000603
0.000868
0.001140
0.001067
0.000743
0.000596
0.000737
0.000988
0.001197
0.001274
0.001247
0.001137
0.000863
0.000580
0.000574
0.000664
0.000431
-0.000133
-0.000691
-0.000924
-0.000741
-0.000445
-0.000499
-0.000841
-0.000907
-0.000525
-0.000129
-0.000027
-0.000163
-0.000446
-0.000804
-0.001087
-0.001053
-0.000584
-0.000085
-0.000090
-0.000387
-0.000359
0.000055
0.000429
0.000494
0.000340
0.000210
0.000262
0.000495
0.000768
0.000913
0.000889
0.000779
0.000675
0.000623
0.000595
0.000493
0.000237
-0.000097
-0.000291
-0.000251
-0.000129
-0.000130
-0.000291
-0.000492
-0.000576
-0.000461
-0.000233
-0.000173
-0.000429
-0.000709
-0.000659
-0.000357
-0.000094
0.000002
-0.000054
-0.000238
-0.000461
-0.000525
-0.000321
-0.000001
0.000128
-0.000140
-0.000799
-0.001669
-0.002210
-0.001621
0.000088
0.001652
0.002099
0.001828
0.001505
0.001292
0.001477
0.002305
0.003006
0.002471
0.000895
-0.000397
-0.000516
0.000273
0.000925
0.000614
-0.000391
-0.001227
-0.001536
-0.001412
-0.001018
-0.000761
-0.001029
-0.001651
-0.002046
-0.001755
-0.000947
-0.000439
-0.000734
-0.001292
-0.001284
-0.000671
-0.000060
0.000206
0.000348
0.000576
0.000738
0.000726
0.000739
0.000922
0.001153
0.001252
0.001210
0.001205
0.001312
0.001293
0.001011
0.000728
0.000609
0.000404
-0.000027
-0.000455
-0.000605
-0.000389
-0.000069
-0.000098
-0.000486
-0.000745
-0.000681
-0.000560
-0.000455
-0.000276
-0.000308
-0.000758
-0.001154
-0.001030
-0.000605
-0.000373
-0.000496
-0.000699
-0.000695
-0.000545
-0.000384
-0.000165
0.000064
0.000170
0.000296
0.000673
0.001161
0.001398
0.001286
0.001059
0.000958
0.001018
0.001090
0.000941
0.000503
0.000027
-0.000208
-0.000226
-0.000246
-0.000356
-0.000454
-0.000475
-0.000446
-0.000395
-0.000350
-0.000349
-0.000409
-0.000490
-0.000447
-0.000220
-0.000059
-0.000207
-0.000502
-0.000621
-0.000523
-0.000379
-0.000289
-0.000263
-0.000288
-0.000297
-0.000217
-0.000164
-0.000475
-0.001250
-0.001786
-0.001149
0.000435
0.001743
0.002157
0.001987
0.001556
0.001154
0.001308
0.002040
0.002420
0.001697
0.000353
-0.000520
-0.000381
0.000321
0.000619
0.000109
-0.000664
-0.001109
-0.001182
-0.001003
-0.000739
-0.000746
-0.001178
-0.001690
-0.001776
-0.001277
-0.000580
-0.000300
-0.000564
-0.000845
-0.000708
-0.000332
-0.000080
0.000066
0.000298
0.000528
0.000601
0.000659
0.000827
0.000917
0.000797
0.000651
0.000675
0.000805
0.000864
0.000813
0.000731
0.000624
0.000438
0.000241
0.000166
0.000175
0.000128
0.000021
-0.000042
-0.000005
0.000078
0.000040
-0.000226
-0.000609
-0.000920
-0.001076
-0.001045
-0.000864
-0.000759
-0.000900
-0.001079
-0.000993
-0.000642
-0.000251
-0.000038
-0.000012
0.000036
0.000189
0.000316
0.000409
0.000569
0.000790
0.000964
0.000962
0.000822
0.000770
0.000809
0.000689
0.000370
0.000092
-0.000002
-0.000025
-0.000133
-0.000298
-0.000397
-0.000402
-0.000322
-0.000156
-0.000019
-0.000040
-0.000150
-0.000209
-0.000184
-0.000107
-0.000071
-0.000156
-0.000240
-0.000184
-0.000146
-0.000357
-0.000678
-0.000780
-0.000588
-0.000277
-0.000036
0.000065
0.000098
0.000139
0.000079
-0.000312
-0.001011
-0.001508
-0.001233
-0.000194
0.001018
0.001765
0.001795
0.001360
0.001040
0.001228
0.001700
0.001862
0.001376
0.000444
-0.000353
-0.000470
0.000019
0.000429
0.000299
-0.000185
-0.000645
-0.000847
-0.000763
-0.000654
-0.000820
-0.001190
-0.001439
-0.001368
-0.001016
-0.000639
-0.000509
-0.000626
-0.000771
-0.000760
-0.000542
-0.000174
0.000223
0.000488
0.000516
0.000445
0.000526
0.000727
0.000803
0.000711
0.000617
0.000614
0.000682
0.000809
0.000970
0.000970
0.000581
0.000011
-0.000206
-0.000025
0.000110
0.000185
0.000480
0.000665
0.000357
0.000006
0.000058
0.000136
-0.000179
-0.000629
-0.000866
-0.001037
-0.001323
-0.001538
-0.001449
-0.001074
-0.000711
-0.000628
-0.000582
-0.000211
0.000294
0.000525
0.000440
0.000280
0.000270
0.000432
0.000592
0.000640
0.000593
0.000444
0.000237
0.000160
0.000312
0.000480
0.000426
0.000244
0.000180
0.000291
0.000369
0.000224
0.000006
-0.000074
-0.000128
-0.000253
-0.000269
-0.000110
-0.000025
-0.000171
-0.000342
-0.000288
-0.000087
-0.000046
-0.000313
-0.000673
-0.000762
-0.000514
-0.000222
-0.000116
-0.000147
-0.000218
-0.000278
-0.000183
0.000113
0.000323
0.000169
-0.000241
-0.000636
-0.000879
-0.000860
-0.000516
-0.000051
0.000369
0.000855
0.001316
0.001427
0.001289
0.001304
0.001465
0.001436
0.001118
0.000692
0.000364
0.000255
0.000269
0.000160
-0.000071
-0.000205
-0.000276
-0.000448
-0.000653
-0.000820
-0.000997
-0.001145
-0.001207
-0.001211
-0.001104
-0.000819
-0.000528
-0.000439
-0.000490
-0.000585
-0.000797
-0.000996
-0.000814
-0.000264
0.000189
0.000332
0.000425
0.000644
0.000887
0.001079
0.001213
0.001241
0.001107
0.000819
0.000583
0.000675
0.000941
0.000961
0.000720
0.000482
0.000279
0.000070
-0.000064
-0.000117
-0.000171
-0.000237
-0.000291
-0.000377
-0.000534
-0.000725
-0.000922
-0.001113
-0.001228
-0.001211
-0.001057
-0.000800
-0.000575
-0.000463
-0.000357
-0.000218
-0.000124
-0.000021
0.000170
0.000365
0.000464
0.000505
0.000574
0.000666
0.000731
0.000767
0.000761
0.000685
0.000586
0.000521
0.000470
0.000373
0.000214
0.000021
-0.000158
-0.000254
-0.000211
-0.000105
-0.000109
-0.000257
-0.000354
-0.000245
-0.000069
-0.000061
-0.000268
-0.000575
-0.000808
-0.000796
-0.000570
-0.000360
-0.000247
-0.000116
0.000041
0.000095
0.000034
-0.000023
-0.000049
-0.000076
0.000016
0.000351
0.000735
0.000804
0.000501
0.000151
0.000055
0.000208
0.000366
0.000270
-0.000098
-0.000475
-0.000589
-0.000402
-0.000089
0.000214
0.000476
0.000630
0.000584
0.000392
0.000239
0.000231
0.000261
0.000181
-0.000009
-0.000222
-0.000405
-0.000488
-0.000382
-0.000124
0.000054
-0.000032
-0.000264
-0.000382
-0.000321
-0.000195
-0.000111
-0.000153
-0.000341
-0.000531
-0.000514
-0.000268
0.000011
0.000168
0.000179
0.000093
0.000041
0.000113
0.000157
0.000018
-0.000051
0.000269
0.000731
0.000853
0.000641
0.000421
0.000284
0.000213
0.000339
0.000617
0.000663
0.000329
0.000008
-0.000005
0.000038
-0.000179
-0.000553
-0.000783
-0.000786
-0.000659
-0.000414
-0.000104
-0.000042
-0.000340
-0.000631
-0.000665
-0.000595
-0.000522
-0.000390
-0.000226
-0.000054
0.000137
0.000267
0.000259
0.000155
0.000061
0.000060
0.000152
0.000249
0.000296
0.000340
0.000436
0.000545
0.000592
0.000541
0.000393
0.000206
0.000069
-0.000007
-0.000088
-0.000169
-0.000167
-0.000057
0.000055
0.000039
-0.000102
-0.000257
-0.000377
-0.000461
-0.000446
-0.000337
-0.000287
-0.000349
-0.000373
-0.000261
-0.000088
0.000004
-0.000071
-0.000225
-0.000233
-0.000016
0.000212
0.000274
0.000270
0.000334
0.000443
0.000507
0.000474
0.000378
0.000290
0.000235
0.000162
0.000005
-0.000211
-0.000314
-0.000152
0.000158
0.000315
0.000230
0.000083
0.000019
0.000082
0.000280
0.000438
0.000295
-0.000096
-0.000416
-0.000479
-0.000308
-0.000092
-0.000075
-0.000247
-0.000367
-0.000306
-0.000126
0.000040
0.000058
-0.000051
-0.000127
-0.000106
-0.000034
0.000067
0.000141
0.000067
-0.000149
-0.000293
-0.000221
-0.000031
0.000137
0.000269
0.000335
0.000292
0.000229
0.000238
0.000250
0.000184
0.000098
0.000044
-0.000029
-0.000122
-0.000108
0.000056
0.000183
0.000067
-0.000218
-0.000410
-0.000407
-0.000294
-0.000153
-0.000035
0.000012
0.000008
0.000018
0.000048
0.000025
-0.000098
-0.000247
-0.000303
-0.000249
-0.000148
-0.000020
0.000117
0.000190
0.000173
0.000116
0.000074
0.000095
0.000171
0.000230
0.000252
0.000237
0.000152
0.000005
-0.000121
-0.000163
-0.000136
-0.000115
-0.000136
-0.000145
-0.000079
0.000047
0.000184
0.000298
0.000354
0.000306
0.000140
-0.000089
-0.000294
-0.000427
-0.000441
-0.000287
-0.000012
0.000194
0.000197
0.000143
0.000152
0.000007
-0.000400
-0.000720
-0.000684
-0.000437
-0.000169
0.000064
0.000170
0.000133
0.000136
0.000327
0.000611
0.000740
0.000604
0.000385
0.000275
0.000229
0.000169
0.000114
0.000031
-0.000136
-0.000289
-0.000247
-0.000018
0.000174
0.000163
-0.000003
-0.000181
-0.000277
-0.000289
-0.000239
-0.000167
-0.000208
-0.000372
-0.000386
-0.000123
0.000166
0.000245
0.000139
-0.000030
-0.000126
-0.000077
0.000003
0.000006
0.000012
0.000084
0.000150
0.000185
0.000250
0.000365
0.000465
0.000480
0.000393
0.000239
0.000067
-0.000126
-0.000344
-0.000499
-0.000479
-0.000324
-0.000194
-0.000161
-0.000147
-0.000089
-0.000029
-0.000007
-0.000012
-0.000071
-0.000192
-0.000267
-0.000230
-0.000170
-0.000163
-0.000133
-0.000042
0.000023
0.000079
0.000219
0.000373
0.000413
0.000363
0.000301
0.000223
0.000112
0.000029
0.000049
0.000119
0.000100
-0.000012
-0.000078
-0.000073
-0.000120
-0.000204
-0.000185
-0.000089
-0.000069
-0.000103
-0.000048
0.000066
0.000079
-0.000030
-0.000133
-0.000141
-0.000061
0.000011
-0.000031
-0.000156
-0.000220
-0.000153
-0.000014
0.000101
0.000128
0.000073
0.000034
0.000082
0.000141
0.000130
0.000089
0.000047
-0.000032
-0.000112
-0.000116
-0.000069
-0.000039
-0.000042
-0.000059
-0.000022
0.000143
0.000358
0.000430
0.000300
0.000134
0.000109
0.000145
0.000052
-0.000125
-0.000205
-0.000169
-0.000106
-0.000059
-0.000056
-0.000135
-0.000258
-0.000287
-0.000147
0.000032
0.000050
-0.000086
-0.000180
-0.000123
0.000012
0.000133
0.000200
0.000189
0.000155
0.000201
0.000273
0.000193
-0.000073
-0.000275
-0.000182
0.000093
0.000289
0.000349
0.000326
0.000195
-0.000004
-0.000102
-0.000024
0.000079
0.000038
-0.000131
-0.000281
-0.000323
-0.000281
-0.000254
-0.000315
-0.000428
-0.000460
-0.000319
-0.000074
0.000137
0.000251
0.000261
0.000169
0.000066
0.000071
0.000140
0.000106
-0.000062
-0.000162
-0.000027
0.000214
0.000306
0.000200
0.000036
-0.000057
-0.000022
0.000123
0.000261
0.000271
0.000138
-0.000038
-0.000161
-0.000225
-0.000240
-0.000177
-0.000074
-0.000023
-0.000052
-0.000108
-0.000104
-0.000009
0.000085
0.000104
0.000089
0.000077
0.000043
-0.000032
-0.000109
-0.000110
-0.000022
0.000066
0.000086
0.000054
0.000038
0.000092
0.000165
0.000152
0.000048
-0.000076
-0.000173
-0.000219
-0.000210
-0.000195
-0.000221
-0.000202
-0.000024
0.000262
0.000485
0.000498
0.000272
-0.000056
-0.000278
-0.000273
-0.000106
0.000043
0.000050
-0.000073
-0.000210
-0.000240
-0.000146
0.000003
0.000113
0.000100
-0.000021
-0.000087
0.000010
0.000096
-0.000178
-0.000772
-0.000975
-0.000223
0.000956
0.001544
0.001305
0.000758
0.000368
0.000334
0.000605
0.000712
0.000141
-0.000871
-0.001476
-0.001224
-0.000529
-0.000135
-0.000279
-0.000518
-0.000437
-0.000079
0.000343
0.000608
0.000490
0.000052
-0.000267
-0.000161
0.000148
0.000202
-0.000116
-0.000495
-0.000578
-0.000351
-0.000072
0.000078
0.000110
0.000082
0.000071
0.000180
0.000388
0.000480
0.000307
0.000028
-0.000075
0.000060
0.000269
0.000404
0.000447
0.000418
0.000278
0.000048
-0.000152
-0.000283
-0.000343
-0.000248
-0.000053
0.000024
-0.000027
-0.000130
-0.000382
-0.000714
-0.000842
-0.000732
-0.000597
-0.000483
-0.000268
0.000044
0.000296
0.000384
0.000355
0.000333
0.000388
0.000487
0.000564
0.000591
0.000551
0.000433
0.000294
0.000239
0.000254
0.000220
0.000119
0.000068
0.000110
0.000136
0.000060
-0.000080
-0.000207
-0.000277
-0.000280
-0.000283
-0.000390
-0.000596
-0.000767
-0.000756
-0.000565
-0.000361
-0.000243
-0.000122
0.000032
0.000123
0.000149
0.000174
0.000177
0.000134
0.000098
0.000117
0.000191
0.000300
0.000404
0.000475
0.000512
0.000486
0.000341
0.000122
-0.000018
-0.000000
0.000065
0.000011
-0.000175
-0.000352
-0.000426
-0.000435
-0.000458
-0.000499
-0.000476
-0.000363
-0.000221
-0.000075
0.000075
0.000163
0.000125
0.000037
0.000036
0.000127
0.000214
0.000254
0.000260
0.000227
0.000167
0.000162
0.000281
0.000422
0.000384
0.000198
0.000114
0.000200
0.000259
0.000148
-0.000048
-0.000186
-0.000269
-0.000387
-0.000511
-0.000492
-0.000309
-0.000168
-0.000198
-0.000263
-0.000197
-0.000028
0.000124
0.000192
0.000199
0.000189
0.000146
0.000063
0.000030
0.000044
-0.000084
-0.000350
-0.000445
-0.000256
-0.000031
0.000081
0.000161
0.000242
0.000267
0.000250
0.000258
0.000262
0.000182
0.000076
0.000101
0.000256
0.000309
0.000097
-0.000230
-0.000394
-0.000333
-0.000169
-0.000016
0.000018
-0.000101
-0.000192
-0.000069
0.000165
0.000269
0.000171
-0.000022
-0.000132
-0.000064
0.000059
0.000071
-0.000010
-0.000097
-0.000145
-0.000095
0.000037
0.000080
-0.000062
-0.000270
-0.000386
-0.000346
-0.000184
-0.000072
-0.000179
-0.000306
-0.000047
0.000506
0.000816
0.000721
0.000531
0.000437
0.000328
0.000096
-0.000182
-0.000356
-0.000369
-0.000290
-0.000217
-0.000208
-0.000244
-0.000224
-0.000107
0.000002
0.000004
-0.000071
-0.000127
-0.000059
0.000096
0.000140
0.000030
-0.000085
-0.000162
-0.000249
-0.000274
-0.000151
0.000035
0.000116
0.000077
0.000055
0.000128
0.000254
0.000359
0.000399
0.000372
0.000281
0.000184
0.000187
0.000264
0.000242
0.000063
-0.000146
-0.000272
-0.000321
-0.000331
-0.000305
-0.000270
-0.000288
-0.000327
-0.000237
0.000022
0.000267
0.000320
0.000204
0.000044
-0.000063
-0.000047
0.000099
0.000282
0.000361
0.000289
0.000164
0.000093
0.000073
0.000009
-0.000158
-0.000341
-0.000411
-0.000417
-0.000467
-0.000473
-0.000345
-0.000218
-0.000185
-0.000078
0.000189
0.000412
0.000396
0.000228
0.000122
0.000158
0.000235
0.000223
0.000104
-0.000031
-0.000075
0.000001
0.000103
0.000123
0.000108
0.000186
0.000326
0.000402
0.000401
0.000367
0.000256
0.000039
-0.000191
-0.000332
-0.000383
-0.000406
-0.000437
-0.000477
-0.000512
-0.000521
-0.000472
-0.000347
-0.000172
-0.000032
0.000013
0.000032
0.000101
0.000189
0.000276
0.000395
0.000503
0.000448
0.000196
-0.000028
-0.000027
0.000050
-0.000043
-0.000260
-0.000385
-0.000334
-0.000160
0.000067
0.000262
0.000354
0.000366
0.000365
0.000365
0.000329
0.000244
0.000112
-0.000070
-0.000244
-0.000283
-0.000202
-0.000194
-0.000345
-0.000474
-0.000416
-0.000226
-0.000068
-0.000042
-0.000092
-0.000097
-0.000031
0.000054
0.000141
0.000225
0.000328
0.000471
0.000545
0.000364
-0.000078
-0.000516
-0.000665
-0.000485
-0.000181
0.000062
0.000210
0.000263
0.000221
0.000161
0.000179
0.000250
0.000220
0.000041
-0.000130
-0.000157
-0.000083
-0.000034
-0.000059
-0.000089
-0.000055
0.000021
0.000067
0.000059
0.000031
0.000011
0.000040
0.000178
0.000375
0.000451
0.000308
0.000071
-0.000069
-0.000092
-0.000117
-0.000208
-0.000279
-0.000236
-0.000149
-0.000143
-0.000190
-0.000199
-0.000222
-0.000329
-0.000408
-0.000303
-0.000053
0.000151
0.000218
0.000209
0.000207
0.000193
0.000083
-0.000078
-0.000123
-0.000030
0.000047
0.000044
0.000016
0.000002
0.000039
0.000146
0.000242
0.000239
0.000188
0.000163
0.000133
0.000076
0.000031
-0.000006
-0.000044
-0.000036
0.000010
-0.000003
-0.000094
-0.000163
-0.000181
-0.000230
-0.000318
-0.000329
-0.000220
-0.000075
0.000038
0.000116
0.000148
0.000086
-0.000033
-0.000068
0.000014
0.000075
0.000046
0.000028
0.000104
0.000187
0.000146
0.000021
-0.000051
-0.000045
-0.000030
0.000005
0.000111
0.000226
0.000246
0.000157
0.000020
-0.000113
-0.000205
-0.000217
-0.000145
-0.000074
-0.000070
-0.000093
-0.000105
-0.000128
-0.000158
-0.000129
0.000015
0.000211
0.000307
0.000276
0.000205
0.000119
-0.000003
-0.000104
-0.000095
-0.000011
0.000018
-0.000033
-0.000098
-0.000140
-0.000107
0.000011
0.000074
-0.000032
-0.000178
-0.000155
0.000063
0.000304
0.000363
0.000214
0.000001
-0.000146
-0.000171
-0.000050
0.000133
0.000178
0.000032
-0.000096
-0.000033
0.000125
0.000175
0.000035
-0.000205
-0.000353
-0.000289
-0.000110
-0.000036
-0.000160
-0.000290
-0.000157
0.000217
0.000564
0.000690
0.000569
0.000287
0.000011
-0.000100
-0.000064
-0.000084
-0.000261
-0.000455
-0.000501
-0.000391
-0.000217
-0.000080
-0.000056
-0.000092
-0.000037
0.000132
0.000271
0.000253
0.000115
0.000012
0.000029
0.000063
-0.000001
-0.000121
-0.000189
-0.000162
-0.000073
0.000010
0.000061
0.000094
0.000087
0.000027
-0.000015
0.000006
0.000054
0.000133
0.000256
0.000325
0.000234
0.000080
0.000023
0.000040
0.000021
-0.000063
-0.000177
-0.000256
-0.000259
-0.000241
-0.000253
-0.000243
-0.000155
-0.000033
0.000070
0.000143
0.000187
0.000198
0.000165
0.000096
0.000044
0.000050
0.000065
0.000018
-0.000034
0.000002
0.000065
0.000055
-0.000003
-0.000038
-0.000026
0.000021
0.000068
0.000074
0.000033
-0.000047
-0.000121
-0.000080
0.000057
0.000108
0.000010
-0.000112
-0.000156
-0.000131
-0.000099
-0.000095
-0.000096
-0.000053
0.000032
0.000092
0.000065
0.000002
0.000018
0.000106
0.000157
0.000157
0.000147
0.000075
-0.000069
-0.000136
-0.000052
0.000058
0.000078
0.000031
-0.000011
-0.000039
-0.000077
-0.000108
-0.000119
-0.000099
-0.000005
0.000117
0.000126
-0.000002
-0.000111
-0.000071
0.000068
0.000145
0.000086
-0.000030
-0.000106
-0.000108
-0.000041
0.000059
0.000114
0.000082
0.000027
0.000019
0.000019
-0.000034
-0.000086
-0.000045
0.000075
0.000155
0.000097
-0.000080
-0.000262
-0.000341
-0.000261
-0.000062
0.000132
0.000222
0.000213
0.000155
0.000079
-0.000003
-0.000079
-0.000158
-0.000229
-0.000226
-0.000122
-0.000010
0.000012
0.000008
0.000152
0.000429
0.000505
0.000158
-0.000311
-0.000493
-0.000422
-0.000340
-0.000271
-0.000120
0.000068
0.000197
0.000296
0.000390
0.000398
0.000303
0.000202
0.000156
0.000162
0.000182
0.000174
0.000134
0.000031
-0.000163
-0.000355
-0.000408
-0.000295
-0.000109
0.000018
0.000045
0.000033
0.000030
0.000041
0.000050
-0.000008
-0.000164
-0.000294
-0.000249
-0.000079
0.000045
0.000058
0.000024
0.000010
0.000014
0.000010
0.000019
0.000055
0.000068
0.000069
0.000131
0.000265
0.000394
0.000393
0.000221
0.000010
-0.000162
-0.000332
-0.000433
-0.000350
-0.000186
-0.000127
-0.000160
-0.000165
-0.000139
-0.000107
-0.000030
0.000087
0.000166
0.000157
0.000089
0.000037
0.000027
0.000003
-0.000035
-0.000003
0.000113
0.000205
0.000174
0.000067
0.000013
0.000045
0.000070
0.000026
-0.000033
-0.000018
0.000100
0.000263
0.000314
0.000153
-0.000089
-0.000215
-0.000207
-0.000148
-0.000090
-0.000086
-0.000175
-0.000301
-0.000349
-0.000255
-0.000079
0.000040
0.000047
0.000049
0.000123
0.000167
0.000112
0.000025
-0.000034
-0.000058
-0.000022
0.000075
0.000149
0.000121
0.000035
-0.000019
-0.000012
0.000069
0.000176
0.000190
0.000130
0.000093
0.000054
-0.000019
-0.000060
-0.000065
-0.000096
-0.000142
-0.000149
-0.000110
-0.000076
-0.000089
-0.000114
-0.000092
-0.000026
0.000001
-0.000055
-0.000100
-0.000061
0.000002
0.000057
0.000124
0.000158
0.000125
0.000073
0.000039
0.000039
0.000091
0.000163
0.000207
0.000225
0.000228
0.000207
0.000131
-0.000022
-0.000191
-0.000265
-0.000213
-0.000112
-0.000064
-0.000128
-0.000287
-0.000373
-0.000196
0.000141
0.000348
0.000349
0.000289
0.000256
0.000209
0.000103
-0.000034
-0.000184
-0.000357
-0.000511
-0.000554
-0.000448
-0.000256
-0.000102
-0.000022
0.000059
0.000151
0.000165
0.000092
0.000072
0.000197
0.000336
0.000323
0.000193
0.000053
-0.000046
-0.000069
-0.000052
-0.000071
-0.000115
-0.000129
-0.000096
-0.000019
0.000089
0.000181
0.000178
0.000070
-0.000013
0.000044
0.000170
0.000200
0.000078
-0.000097
-0.000189
-0.000162
-0.000077
0.000008
0.000037
-0.000054
-0.000225
-0.000302
-0.000223
-0.000119
-0.000030
0.000133
0.000321
0.000368
0.000250
0.000066
-0.000099
-0.000166
-0.000092
0.000033
0.000094
0.000090
0.000076
0.000096
0.000157
0.000183
0.000095
-0.000070
-0.000182
-0.000166
-0.000088
-0.000069
-0.000143
-0.000225
-0.000253
-0.000256
-0.000233
-0.000127
0.000022
0.000093
0.000090
0.000132
0.000228
0.000265
0.000221
0.000186
0.000171
0.000110
-0.000002
-0.000095
-0.000115
-0.000081
-0.000042
-0.000028
-0.000034
-0.000024
0.000024
0.000063
0.000065
0.000048
0.000026
0.000046
0.000134
0.000167
0.000014
-0.000202
-0.000268
-0.000174
-0.000057
0.000000
-0.000027
-0.000138
-0.000245
-0.000205
-0.000019
0.000132
0.000138
0.000089
0.000083
0.000121
0.000184
0.000229
0.000162
-0.000023
-0.000208
-0.000286
-0.000245
-0.000141
-0.000030
0.000051
0.000089
0.000109
0.000131
0.000106
0.000034
0.000012
0.000039
0.000036
0.000037
0.000081
0.000098
0.000047
-0.000023
-0.000081
-0.000119
-0.000092
-0.000003
0.000035
-0.000039
-0.000131
-0.000124
0.000020
0.000256
0.000382
0.000176
-0.000248
-0.000535
-0.000568
-0.000511
-0.000465
-0.000366
-0.000146
0.000153
0.000389
0.000453
0.000406
0.000375
0.000366
0.000334
0.000299
0.000266
0.000220
0.000207
0.000229
0.000174
-0.000011
-0.000204
-0.000282
-0.000290
-0.000294
-0.000221
-0.000049
0.000076
0.000072
0.000026
-0.000024
-0.000136
-0.000272
-0.000307
-0.000227
-0.000129
-0.000061
-0.000036
-0.000066
-0.000116
-0.000115
-0.000042
0.000054
0.000087
0.000049
0.000059
0.000178
0.000312
0.000385
0.000393
0.000296
0.000083
-0.000110
-0.000157
-0.000106
-0.000049
-0.000023
-0.000057
-0.000132
-0.000157
-0.000097
-0.000047
-0.000082
-0.000134
-0.000099
-0.000018
0.000014
0.000018
0.000044
0.000056
-0.000002
-0.000106
-0.000131
-0.000039
0.000026
-0.000012
-0.000059
-0.000039
0.000015
0.000048
0.000089
0.000212
0.000360
0.000379
0.000248
0.000113
0.000071
0.000033
-0.000082
-0.000166
-0.000135
-0.000082
-0.000067
-0.000041
-0.000031
-0.000096
-0.000205
-0.000285
-0.000252
-0.000116
-0.000028
-0.000064
-0.000127
-0.000121
-0.000005
0.000214
0.000407
0.000418
0.000279
0.000154
0.000099
0.000025
-0.000103
-0.000179
-0.000146
-0.000094
-0.000120
-0.000229
-0.000323
-0.000293
-0.000138
0.000074
0.000285
0.000412
0.000393
0.000309
0.000241
0.000141
-0.000016
-0.000134
-0.000159
-0.000162
-0.000195
-0.000200
-0.000161
-0.000158
-0.000199
-0.000162
0.000014
0.000198
0.000207
0.000040
-0.000127
-0.000141
0.000017
0.000225
0.000330
0.000296
0.000181
0.000033
-0.000097
-0.000142
-0.000148
-0.000218
-0.000295
-0.000256
-0.000188
-0.000210
-0.000155
0.000166
0.000555
0.000683
0.000566
0.000444
0.000381
0.000246
-0.000003
-0.000261
-0.000443
-0.000546
-0.000566
-0.000484
-0.000359
-0.000289
-0.000283
-0.000250
-0.000108
0.000100
0.000233
0.000240
0.000209
0.000164
0.000082
0.000044
0.000106
0.000170
0.000167
0.000166
0.000198
0.000205
0.000157
0.000061
-0.000070
-0.000187
-0.000238
-0.000224
-0.000189
-0.000162
-0.000105
0.000031
0.000183
0.000227
0.000150
0.000042
-0.000016
-0.000013
0.000006
0.000004
0.000002
0.000017
0.000046
0.000088
0.000118
0.000080
-0.000022
-0.000125
-0.000181
-0.000185
-0.000142
-0.000072
-0.000005
0.000040
0.000062
0.000071
0.000088
0.000137
0.000203
0.000246
0.000227
0.000141
0.000021
-0.000094
-0.000183
-0.000237
-0.000269
-0.000271
-0.000196
-0.000062
0.000016
-0.000040
-0.000166
-0.000184
-0.000032
0.000140
0.000212
0.000215
0.000172
0.000077
0.000008
0.000050
0.000129
0.000121
0.000051
0.000015
0.000020
0.000012
-0.000015
-0.000034
-0.000079
-0.000187
-0.000278
-0.000270
-0.000207
-0.000139
-0.000038
0.000117
0.000262
0.000312
0.000275
0.000216
0.000119
-0.000047
-0.000198
-0.000226
-0.000140
-0.000023
0.000075
0.000130
0.000139
0.000122
0.000066
-0.000047
-0.000167
-0.000227
-0.000219
-0.000165
-0.000065
0.000056
0.000112
0.000062
-0.000010
-0.000030
-0.000013
0.000015
0.000058
0.000096
0.000100
0.000063
0.000018
0.000005
0.000005
-0.000025
-0.000084
-0.000136
-0.000117
-0.000007
0.000114
0.000174
0.000203
0.000236
0.000208
0.000077
-0.000061
-0.000117
-0.000086
0.000038
0.000175
0.000108
-0.000208
-0.000480
-0.000500
-0.000397
-0.000322
-0.000266
-0.000203
-0.000130
-0.000015
0.000143
0.000298
0.000401
0.000446
0.000457
0.000418
0.000321
0.000223
0.000141
0.000042
-0.000025
0.000003
0.000042
-0.000010
-0.000100
-0.000141
-0.000150
-0.000108
0.000030
0.000152
0.000104
-0.000051
-0.000138
-0.000113
-0.000083
-0.000136
-0.000230
-0.000269
-0.000224
-0.000163
-0.000162
-0.000208
-0.000195
-0.000066
0.000082
0.000103
0.000061
0.000125
0.000258
0.000292
0.000208
0.000105
0.000043
0.000028
0.000029
0.000018
0.000013
0.000030
0.000030
-0.000026
-0.000097
-0.000099
-0.000019
0.000060
0.000072
0.000024
-0.000027
-0.000052
-0.000095
-0.000164
-0.000169
-0.000096
-0.000055
-0.000091
-0.000146
-0.000185
-0.000174
-0.000083
0.000047
0.000164
0.000260
0.000303
0.000238
0.000110
0.000071
0.000124
0.000138
0.000121
0.000164
0.000204
0.000143
0.000035
-0.000064
-0.000178
-0.000260
-0.000237
-0.000180
-0.000169
-0.000146
-0.000066
0.000022
0.000067
0.000069
0.000052
0.000019
-0.000042
-0.000116
