2720
0.000198
0.000231
0.000261
0.000248
0.000223
0.000199
0.000146
0.000117
0.000077
-0.000021
-0.000040
0.000032
0.000090
0.000089
0.000050
0.000032
0.000012
-0.000015
0.000023
0.000060
0.000030
0.000019
0.000047
0.000023
-0.000038
-0.000049
-0.000034
-0.000057
-0.000095
-0.000086
0.000007
0.000121
0.000167
0.000145
0.000098
0.000038
0.000009
0.000050
0.000133
0.000203
0.000195
0.000143
0.000091
0.000020
-0.000008
0.000010
0.000035
0.000059
0.000052
0.000011
-0.000041
-0.000051
-0.000005
0.000028
0.000004
-0.000012
0.000053
0.000101
0.000066
0.000057
0.000082
0.000044
-0.000021
-0.000040
-0.000034
-0.000055
-0.000062
0.000023
0.000086
0.000002
-0.000075
-0.000031
0.000040
0.000059
0.000051
0.000093
0.000146
0.000113
0.000035
0.000013
0.000040
0.000018
-0.000065
-0.000101
-0.000049
-0.000019
-0.000037
0.000029
0.000155
0.000170
0.000061
-0.000040
-0.000062
-0.000046
-0.000034
-0.000031
-0.000049
-0.000090
-0.000138
-0.000143
-0.000090
-0.000025
0.000001
-0.000022
-0.000037
-0.000030
-0.000029
-0.000032
-0.000098
-0.000178
-0.000062
0.000186
0.000330
0.000351
0.000324
0.000307
0.000347
0.000433
0.000458
0.000383
0.000299
0.000248
0.000197
0.000143
0.000067
-0.000040
-0.000088
-0.000050
-0.000033
-0.000045
-0.000022
0.000012
0.000048
0.000027
-0.000114
-0.000190
-0.000122
-0.000131
-0.000211
-0.000236
-0.000230
-0.000222
-0.000240
-0.000246
-0.000191
-0.000185
-0.000248
-0.000247
-0.000215
-0.000189
-0.000138
-0.000125
-0.000156
-0.000185
-0.000233
-0.000277
-0.000242
-0.000188
-0.000188
-0.000160
-0.000104
-0.000132
-0.000190
-0.000164
-0.000114
-0.000112
-0.000094
-0.000051
-0.000089
-0.000157
-0.000146
-0.000124
-0.000122
-0.000119
-0.000130
-0.000112
-0.000051
0.000005
0.000045
0.000043
-0.000006
-0.000019
0.000021
0.000065
0.000093
0.000107
0.000093
0.000040
-0.000022
-0.000085
-0.000119
-0.000114
-0.000134
-0.000175
-0.000196
-0.000211
-0.000223
-0.000179
-0.000074
-0.000037
-0.000071
-0.000068
-0.000059
-0.000078
-0.000078
-0.000046
-0.000027
-0.000040
-0.000035
-0.000000
0.000005
-0.000030
-0.000040
0.000016
0.000082
0.000111
0.000114
0.000114
0.000128
0.000142
0.000129
0.000060
0.000009
0.000035
0.000051
0.000025
-0.000037
-0.000078
-0.000067
-0.000053
-0.000035
-0.000041
-0.000077
-0.000027
0.000071
0.000067
-0.000018
-0.000088
-0.000120
-0.000129
-0.000113
-0.000081
-0.000057
-0.000062
-0.000072
-0.000028
0.000035
0.000089
0.000164
0.000174
0.000074
0.000009
0.000020
0.000015
-0.000033
-0.000078
-0.000063
0.000001
0.000022
-0.000035
-0.000079
-0.000063
-0.000021
-0.000011
-0.000055
-0.000065
-0.000041
0.000028
0.000165
0.000109
-0.000178
-0.000387
-0.000438
-0.000444
-0.000445
-0.000374
-0.000282
-0.000282
-0.000300
-0.000248
-0.000158
-0.000105
-0.000094
-0.000050
0.000003
-0.000005
-0.000056
-0.000043
0.000014
0.000021
0.000032
0.000042
0.000047
0.000120
0.000172
0.000137
0.000076
0.000054
0.000110
0.000192
0.000257
0.000280
0.000275
0.000306
0.000340
0.000294
0.000234
0.000250
0.000277
0.000236
0.000155
0.000153
0.000190
0.000142
0.000067
0.000092
0.000190
0.000202
0.000127
0.000113
0.000179
0.000219
0.000215
0.000231
0.000256
0.000233
0.000203
0.000188
0.000083
-0.000048
-0.000046
0.000045
0.000069
-0.000006
-0.000048
-0.000004
0.000041
0.000094
0.000159
0.000194
0.000227
0.000240
0.000171
0.000090
0.000046
-0.000011
-0.000040
-0.000004
0.000048
0.000075
0.000058
0.000026
0.000022
0.000046
0.000089
0.000100
0.000075
0.000119
0.000170
0.000094
0.000015
0.000015
0.000002
-0.000060
-0.000121
-0.000139
-0.000126
-0.000086
-0.000054
-0.000026
0.000048
0.000079
0.000027
-0.000009
0.000018
0.000064
0.000079
0.000073
0.000046
0.000025
0.000027
0.000022
0.000033
0.000037
0.000012
-0.000009
-0.000026
-0.000002
0.000035
0.000012
-0.000015
0.000018
0.000059
0.000040
0.000008
-0.000000
-0.000044
-0.000099
-0.000072
-0.000008
0.000024
0.000029
-0.000003
-0.000041
-0.000047
-0.000052
-0.000052
-0.000027
0.000032
0.000081
0.000049
-0.000008
-0.000009
0.000024
0.000042
0.000031
0.000020
0.000037
0.000045
-0.000015
-0.000073
-0.000058
-0.000035
-0.000050
-0.000066
-0.000039
-0.000004
-0.000042
-0.000166
-0.000206
-0.000012
0.000271
0.000448
0.000480
0.000470
0.000483
0.000453
0.000378
0.000322
0.000282
0.000268
0.000267
0.000200
0.000079
0.000004
0.000000
0.000004
-0.000048
-0.000115
-0.000087
-0.000018
-0.000036
-0.000117
-0.000179
-0.000175
-0.000115
-0.000070
-0.000082
-0.000148
-0.000232
-0.000284
-0.000303
-0.000284
-0.000250
-0.000241
-0.000221
-0.000183
-0.000167
-0.000155
-0.000120
-0.000150
-0.000221
-0.000215
-0.000198
-0.000203
-0.000195
-0.000218
-0.000232
-0.000182
-0.000158
-0.000199
-0.000224
-0.000212
-0.000191
-0.000173
-0.000160
-0.000151
-0.000129
-0.000170
-0.000261
-0.000233
-0.000105
0.000002
0.000039
0.000047
0.000088
0.000095
0.000042
0.000051
0.000123
0.000155
0.000119
0.000035
-0.000009
0.000022
0.000033
0.000008
-0.000033
-0.000087
-0.000101
-0.000077
-0.000066
-0.000113
-0.000193
-0.000208
-0.000196
-0.000201
-0.000160
-0.000097
-0.000059
-0.000035
-0.000041
-0.000060
-0.000060
-0.000039
0.000015
0.000055
0.000046
0.000033
0.000045
0.000056
0.000021
-0.000042
-0.000038
0.000037
0.000068
0.000033
-0.000002
-0.000045
-0.000092
-0.000114
-0.000107
-0.000091
-0.000094
-0.000080
-0.000018
0.000069
0.000126
0.000096
0.000050
0.000048
0.000003
-0.000045
-0.000021
-0.000036
-0.000129
-0.000151
-0.000081
-0.000032
-0.000043
-0.000097
-0.000105
-0.000050
0.000001
0.000042
0.000048
0.000020
0.000064
0.000197
0.000228
0.000096
-0.000002
0.000016
0.000037
0.000017
-0.000013
-0.000028
-0.000028
-0.000034
-0.000040
0.000001
0.000045
0.000010
-0.000005
0.000051
0.000067
0.000037
0.000079
0.000124
-0.000005
-0.000211
-0.000349
-0.000422
-0.000418
-0.000369
-0.000361
-0.000365
-0.000333
-0.000286
-0.000228
-0.000182
-0.000158
-0.000155
-0.000202
-0.000216
-0.000139
-0.000069
-0.000045
-0.000022
-0.000003
0.000040
0.000104
0.000123
0.000130
0.000193
0.000257
0.000239
0.000190
0.000163
0.000179
0.000243
0.000278
0.000265
0.000258
0.000249
0.000216
0.000164
0.000141
0.000168
0.000204
0.000213
0.000198
0.000180
0.000155
0.000151
0.000166
0.000183
0.000221
0.000241
0.000225
0.000194
0.000145
0.000117
0.000147
0.000159
0.000134
0.000107
0.000074
0.000009
-0.000094
-0.000100
-0.000002
0.000046
0.000062
0.000112
0.000141
0.000110
0.000072
0.000071
0.000103
0.000104
0.000048
0.000023
0.000026
0.000002
0.000026
0.000083
0.000096
0.000083
0.000081
0.000089
0.000098
0.000083
0.000044
0.000086
0.000158
0.000107
0.000020
0.000009
0.000045
0.000055
-0.000003
-0.000064
-0.000038
0.000024
0.000037
0.000018
-0.000015
-0.000034
0.000000
0.000052
0.000038
-0.000022
-0.000024
0.000050
0.000087
0.000049
0.000001
-0.000037
-0.000046
-0.000035
-0.000020
0.000032
0.000096
0.000097
0.000055
0.000006
-0.000033
0.000008
0.000068
0.000062
0.000028
-0.000005
-0.000024
-0.000035
-0.000044
-0.000035
-0.000018
-0.000021
-0.000034
-0.000018
0.000015
0.000029
0.000033
0.000051
0.000044
0.000016
0.000077
0.000242
0.000338
0.000265
0.000140
-0.000002
-0.000138
-0.000157
-0.000100
-0.000057
-0.000045
-0.000057
-0.000061
-0.000056
-0.000078
-0.000105
-0.000086
-0.000069
-0.000076
-0.000059
-0.000079
-0.000194
-0.000226
-0.000053
0.000191
0.000360
0.000434
0.000465
0.000463
0.000438
0.000417
0.000387
0.000316
0.000201
0.000108
0.000101
0.000120
0.000095
0.000076
0.000067
0.000035
0.000006
-0.000027
-0.000073
-0.000127
-0.000132
-0.000085
-0.000100
-0.000159
-0.000170
-0.000134
-0.000104
-0.000122
-0.000171
-0.000210
-0.000266
-0.000323
-0.000325
-0.000320
-0.000318
-0.000304
-0.000292
-0.000250
-0.000189
-0.000166
-0.000215
-0.000310
-0.000337
-0.000254
-0.000149
-0.000081
-0.000049
-0.000049
-0.000081
-0.000114
-0.000099
-0.000070
-0.000080
-0.000107
-0.000095
-0.000038
-0.000038
-0.000117
-0.000149
-0.000110
-0.000060
-0.000032
-0.000021
-0.000010
0.000023
0.000065
0.000075
0.000082
0.000074
0.000041
0.000022
-0.000024
-0.000063
-0.000026
0.000019
0.000003
-0.000084
-0.000179
-0.000195
-0.000179
-0.000199
-0.000164
-0.000066
-0.000043
-0.000101
-0.000145
-0.000133
-0.000157
-0.000240
-0.000242
-0.000140
-0.000036
-0.000012
-0.000010
0.000039
0.000107
0.000059
0.000003
-0.000367
-0.001820
-0.003349
-0.003393
-0.002167
-0.000649
0.000858
0.001847
0.001836
0.001634
0.001580
0.001448
0.001428
0.001629
0.001896
0.002102
0.002098
0.001739
0.001028
0.000222
-0.000235
-0.000397
-0.000471
-0.000684
-0.000774
-0.000658
-0.001081
-0.001796
-0.001835
-0.001296
-0.001383
-0.001720
-0.000981
0.000141
0.000359
-0.000117
-0.000212
0.000211
0.000306
-0.000091
-0.000111
0.000551
0.001033
0.000826
0.000724
0.001137
0.001050
-0.000001
-0.000547
0.000386
0.000931
0.000308
0.000156
0.000639
0.000466
-0.000497
-0.000679
-0.000009
0.000085
-0.000569
-0.000805
-0.000143
0.000072
-0.000641
-0.001234
-0.001288
-0.001732
-0.002033
-0.000860
0.000342
0.000372
0.000161
0.000453
0.000672
0.000155
-0.000415
-0.000146
0.000612
0.000962
0.000744
0.000340
-0.000030
-0.000363
-0.000519
-0.000170
0.000378
0.000270
0.000009
0.000427
0.000754
0.000282
-0.000337
-0.000095
0.000399
0.000157
0.000026
0.000660
0.000915
0.000190
-0.000301
0.000043
0.000449
0.000227
-0.000307
-0.000280
0.000235
0.000397
0.000158
0.000159
0.000386
0.000371
-0.000024
-0.000129
0.000519
0.000749
-0.000004
-0.000341
0.000201
0.000309
-0.000186
-0.000416
-0.000384
-0.000155
0.000182
0.000094
-0.000107
0.000078
0.000057
-0.000231
-0.000165
0.000115
0.000182
0.000086
-0.000022
-0.000053
0.000097
0.000135
-0.000144
-0.000293
-0.000043
0.000245
0.000311
0.000240
0.000155
0.000172
0.000185
0.000095
0.000149
0.000306
0.000187
-0.000051
-0.000026
0.000114
0.000079
-0.000168
-0.000391
-0.000326
-0.000056
0.000079
-0.000000
-0.000062
-0.000051
-0.000041
-0.000002
0.000097
0.000206
0.000283
0.000228
0.000100
0.000152
0.000315
0.000295
0.000115
-0.000078
-0.000032
0.000311
0.000223
-0.000244
-0.000321
-0.000023
0.000324
0.000319
-0.000157
-0.000191
0.000505
0.000357
-0.000617
-0.000504
0.000252
0.000127
-0.000344
-0.000436
-0.000281
0.000050
-0.000002
-0.000374
-0.000101
0.000277
0.000018
0.000005
0.000316
-0.000005
-0.000456
-0.000191
0.000152
0.000015
-0.000120
-0.000034
0.000045
0.000010
-0.000153
-0.000154
0.000025
-0.000029
-0.000123
0.000074
0.000161
-0.000210
-0.000480
-0.000182
0.000204
0.000343
0.000356
0.000393
0.000443
0.000277
0.000096
0.000269
0.000382
0.000146
-0.000013
0.000065
0.000180
0.000248
0.000370
0.000496
0.000473
0.000313
0.000166
0.000104
0.000112
0.000099
0.000076
0.000087
-0.000033
-0.000166
-0.000099
0.000035
-0.000033
-0.000235
-0.000341
-0.000334
-0.000273
-0.000221
-0.000154
-0.000072
-0.000007
-0.000014
-0.000090
-0.000145
-0.000129
-0.000019
0.000078
0.000027
0.000008
0.000169
0.000190
0.000017
-0.000033
0.000076
0.000072
-0.000094
-0.000192
-0.000088
0.000100
0.000125
-0.000014
-0.000087
-0.000114
-0.000310
-0.000516
-0.000480
-0.000320
-0.000243
-0.000192
-0.000147
-0.000169
-0.000162
-0.000222
-0.000429
-0.000586
-0.000696
-0.000888
-0.001069
-0.001169
-0.001285
-0.001410
-0.001446
-0.001380
-0.001249
-0.001134
-0.001133
-0.001208
-0.001184
-0.000999
-0.000762
-0.000529
-0.000245
0.000103
0.000467
0.000827
0.001092
0.001267
0.001427
0.001563
0.001666
0.001726
0.001701
0.001385
0.001643
0.002011
0.001084
0.000555
0.001003
0.000547
-0.000262
-0.000087
-0.000163
-0.000503
-0.000404
-0.000948
-0.001104
-0.000267
-0.000536
-0.001097
-0.000334
0.000096
-0.000265
0.000060
0.000423
0.000332
0.000533
0.000655
0.000712
0.001099
0.001415
0.001462
0.001563
0.001528
0.001233
0.001150
0.001123
0.000985
0.001240
0.001524
0.001297
0.001129
0.001138
0.000866
0.000445
-0.000046
-0.000476
-0.000489
-0.000718
-0.001490
-0.001487
-0.000643
-0.000971
-0.003031
-0.006164
-0.010142
-0.012802
-0.011621
-0.007944
-0.004615
-0.002189
-0.000417
0.000140
-0.000119
-0.000110
0.000171
0.000641
0.002318
0.005561
0.008943
0.011235
0.012027
0.011023
0.008446
0.005580
0.003537
0.002263
0.001759
0.001974
0.002192
0.001765
0.000493
-0.001918
-0.005386
-0.008459
-0.009863
-0.009828
-0.008739
-0.006697
-0.004720
-0.003758
-0.003371
-0.003054
-0.003147
-0.003584
-0.003153
-0.001110
0.001935
0.005179
0.007881
0.008936
0.008291
0.007095
0.005845
0.004545
0.003727
0.003709
0.003967
0.004168
0.003856
0.002443
0.000044
-0.002722
-0.005300
-0.007133
-0.007557
-0.008209
-0.009533
-0.008385
-0.004152
-0.000750
-0.000023
0.000378
0.000019
-0.001165
-0.000366
0.001880
0.003371
0.004816
0.006592
0.007142
0.007134
0.006465
0.003600
0.000961
0.000903
0.001086
0.000896
0.002028
0.002556
0.000965
-0.000337
-0.000953
-0.002587
-0.003913
-0.003894
-0.003272
-0.001818
-0.000009
0.000593
0.000253
-0.000051
-0.000761
-0.001079
0.000100
0.001344
0.001840
0.002568
0.003403
0.003529
0.003131
0.002572
0.001907
0.000843
-0.001852
-0.006173
-0.009812
-0.011375
-0.011044
-0.008826
-0.005503
-0.003133
-0.002390
-0.002398
-0.002653
-0.002677
-0.001943
-0.000386
0.002114
0.005564
0.008854
0.010865
0.011552
0.010821
0.008728
0.006273
0.004438
0.003413
0.003057
0.003159
0.003348
0.002955
0.001247
-0.001637
-0.004837
-0.007633
-0.009427
-0.009594
-0.008343
-0.006707
-0.005236
-0.004100
-0.003527
-0.003549
-0.003913
-0.004103
-0.003376
-0.001367
0.001424
0.004331
0.006766
0.008044
0.007879
0.006767
0.005449
0.004292
0.003494
0.003318
0.003670
0.003911
0.003551
0.002441
-0.000213
-0.004091
-0.006680
-0.007658
-0.008189
-0.007307
-0.005791
-0.006564
-0.006924
-0.003384
-0.000591
-0.000917
-0.000034
0.001645
0.001815
0.003434
0.005892
0.006113
0.006564
0.007583
0.006194
0.005089
0.005462
0.003085
0.000365
0.001274
0.001675
-0.000037
-0.000155
-0.000248
-0.002151
-0.002773
-0.002577
-0.003522
-0.003596
-0.002861
-0.002888
-0.001729
0.000159
-0.000125
-0.000714
0.000376
0.000972
0.001279
0.002846
0.003627
0.003034
0.003140
0.003638
0.003378
0.002988
0.002426
0.000867
-0.002359
-0.008554
-0.015424
-0.017430
-0.014396
-0.010620
-0.007236
-0.003386
-0.001521
-0.002657
-0.003500
-0.002707
-0.001459
0.000044
0.003282
0.008311
0.013040
0.015600
0.015572
0.013922
0.011100
0.007383
0.003961
0.002249
0.002216
0.002367
0.002165
0.001880
0.000359
-0.003695
-0.008589
-0.011685
-0.012955
-0.013058
-0.011266
-0.008092
-0.005509
-0.003982
-0.002917
-0.002510
-0.003053
-0.003431
-0.002417
0.000222
0.004076
0.007936
0.010637
0.011735
0.011286
0.009310
0.006534
0.004335
0.002984
0.002168
0.002065
0.002618
0.002614
0.001109
-0.001356
-0.004141
-0.006936
-0.009181
-0.010151
-0.009767
-0.008684
-0.006968
-0.005343
-0.005811
-0.007898
-0.007642
-0.003814
0.000368
0.003705
0.006870
0.008954
0.009621
0.009798
0.009257
0.008095
0.007234
0.006271
0.005493
0.005707
0.004940
0.001923
-0.000797
-0.002369
-0.004311
-0.005823
-0.005844
-0.005544
-0.005138
-0.004123
-0.003318
-0.002911
-0.002635
-0.002717
-0.002176
-0.000137
0.001883
0.003028
0.004263
0.005168
0.005086
0.005136
0.005643
0.005672
0.005185
0.004722
0.004467
0.004225
0.003315
0.001540
-0.000026
-0.001969
-0.007420
-0.016125
-0.022039
-0.021388
-0.017485
-0.013526
-0.008750
-0.004047
-0.002673
-0.003588
-0.003013
-0.001220
0.000138
0.002480
0.007483
0.013692
0.018568
0.020632
0.019762
0.017095
0.013179
0.008365
0.004487
0.003002
0.002473
0.001453
0.000980
0.000680
-0.002272
-0.007939
-0.012875
-0.015601
-0.017003
-0.016442
-0.013161
-0.009193
-0.006446
-0.004249
-0.002324
-0.001684
-0.001999
-0.001640
0.000324
0.004003
0.008562
0.012410
0.014840
0.015745
0.014473
0.011206
0.007821
0.005232
0.002821
0.001040
0.000817
0.001155
0.000363
-0.001572
-0.004162
-0.007456
-0.010738
-0.012657
-0.012763
-0.011408
-0.009033
-0.007185
-0.007155
-0.007520
-0.007225
-0.006028
-0.002434
0.003132
0.007487
0.009987
0.012438
0.013331
0.012176
0.011116
0.009785
0.007985
0.007297
0.006933
0.005148
0.003119
0.000627
-0.003223
-0.006037
-0.007228
-0.008615
-0.008992
-0.007446
-0.006040
-0.005032
-0.003592
-0.002945
-0.002951
-0.001876
-0.000316
0.001497
0.004077
0.005992
0.006546
0.006972
0.007164
0.006499
0.006263
0.006439
0.005876
0.005411
0.005411
0.004634
0.003107
0.001772
-0.000204
-0.004861
-0.013117
-0.022311
-0.026150
-0.022737
-0.017110
-0.012271
-0.007097
-0.003157
-0.003099
-0.003872
-0.002577
-0.000882
0.000841
0.005123
0.012347
0.019299
0.023382
0.023808
0.021331
0.017155
0.011892
0.006669
0.003286
0.002120
0.001467
0.000855
0.000710
-0.000938
-0.006191
-0.012887
-0.017460
-0.019675
-0.020076
-0.017545
-0.012729
-0.008587
-0.005829
-0.003396
-0.001710
-0.001551
-0.001808
-0.000600
0.002681
0.007615
0.012747
0.016594
0.018510
0.017995
0.014997
0.010839
0.007170
0.003967
0.001260
0.000262
0.000832
0.000849
-0.000849
-0.003571
-0.007064
-0.011151
-0.014343
-0.015337
-0.014378
-0.011979
-0.008552
-0.005097
-0.003023
-0.002816
-0.004436
-0.006713
-0.005713
-0.000636
0.004851
0.009179
0.013567
0.015984
0.014726
0.012800
0.010362
0.006644
0.004147
0.003676
0.003506
0.003644
0.003008
-0.000578
-0.004579
-0.007115
-0.010065
-0.012086
-0.011034
-0.009186
-0.007230
-0.003967
-0.001407
-0.000924
-0.000695
-0.000530
-0.000250
0.001875
0.004569
0.006436
0.008422
0.009785
0.009196
0.008378
0.007919
0.006084
0.003952
0.003230
0.002944
0.002446
0.002058
0.001094
-0.000895
-0.004353
-0.011240
-0.020675
-0.026421
-0.025020
-0.020080
-0.014647
-0.008261
-0.002750
-0.001357
-0.001873
-0.000936
0.000158
0.000969
0.004275
0.010721
0.017473
0.022547
0.024605
0.022856
0.018786
0.013549
0.007627
0.003018
0.001154
0.000210
-0.000696
-0.000428
-0.000843
-0.004944
-0.011214
-0.016075
-0.019237
-0.020889
-0.019143
-0.014392
-0.009864
-0.006460
-0.003201
-0.000861
-0.000412
-0.000771
-0.000249
0.001962
0.006131
0.011174
0.015402
0.018110
0.018487
0.015930
0.011827
0.008022
0.004332
0.000915
-0.000451
0.000069
0.000153
-0.000969
-0.002776
-0.005905
-0.010235
-0.013793
-0.015298
-0.014851
-0.012717
-0.009367
-0.005896
-0.003202
-0.001642
-0.002165
-0.004450
-0.005164
-0.002704
0.001235
0.005788
0.011099
0.014878
0.015673
0.014879
0.012355
0.008353
0.005101
0.003387
0.002610
0.003123
0.003445
0.001411
-0.001602
-0.004657
-0.008456
-0.011276
-0.011599
-0.010805
-0.008923
-0.005459
-0.002302
-0.000569
0.000348
0.000265
0.000025
0.001200
0.002996
0.004844
0.007256
0.009071
0.009253
0.009150
0.008890
0.007243
0.005003
0.003414
0.002673
0.002737
0.003057
0.002676
0.000307
-0.006125
-0.016144
-0.024122
-0.025530
-0.022320
-0.017517
-0.011602
-0.005721
-0.002310
-0.001646
-0.001569
-0.001508
-0.001551
0.000122
0.005573
0.013429
0.020054
0.023604
0.023948
0.021576
0.016953
0.011312
0.006460
0.003280
0.001429
0.000901
0.001975
0.002508
-0.000403
-0.006277
-0.012207
-0.016894
-0.019931
-0.019990
-0.016917
-0.012865
-0.009311
-0.005810
-0.002875
-0.001910
-0.002748
-0.003311
-0.001933
0.001471
0.006286
0.011497
0.015768
0.017751
0.017097
0.014618
0.011255
0.007334
0.003658
0.001809
0.001898
0.002507
0.002587
0.001652
-0.001005
-0.005323
-0.009702
-0.012727
-0.014223
-0.014112
-0.012161
-0.008951
-0.005583
-0.003077
-0.002241
-0.003114
-0.004287
-0.004362
-0.003645
-0.002453
0.000339
0.005169
0.009887
0.012458
0.012913
0.011736
0.009347
0.006677
0.005058
0.004685
0.004773
0.004796
0.004497
0.003453
0.000903
-0.002963
-0.006715
-0.008958
-0.009527
-0.008812
-0.006960
-0.004669
-0.003088
-0.002342
-0.001721
-0.001295
-0.001200
-0.000631
0.001126
0.003568
0.005866
0.007687
0.008798
0.008826
0.007695
0.006242
0.005160
0.004166
0.003239
0.003040
0.003353
0.003238
0.002228
-0.000906
-0.007703
-0.016582
-0.022365
-0.022131
-0.018284
-0.013679
-0.008823
-0.004507
-0.002954
-0.003342
-0.003267
-0.003182
-0.003317
-0.001109
0.004927
0.011950
0.017308
0.020093
0.019924
0.017310
0.013507
0.009576
0.006168
0.004204
0.003355
0.003470
0.004746
0.005222
0.002235
-0.003270
-0.008442
-0.012807
-0.015786
-0.015684
-0.013081
-0.010639
-0.008539
-0.005928
-0.004280
-0.004741
-0.006122
-0.006687
-0.005802
-0.003050
0.001310
0.006037
0.009834
0.011727
0.011564
0.010086
0.008168
0.005864
0.003862
0.003621
0.004899
0.006074
0.006459
0.005891
0.003517
-0.000343
-0.003915
-0.006314
-0.007846
-0.008378
-0.007495
-0.005778
-0.004262
-0.003533
-0.003806
-0.005054
-0.006675
-0.007838
-0.007805
-0.006056
-0.003497
-0.001552
0.000185
0.002315
0.003913
0.004423
0.004567
0.004511
0.004414
0.005318
0.006969
0.008074
0.008221
0.007640
0.006259
0.004411
0.002552
0.000593
-0.001266
-0.002365
-0.002515
-0.002286
-0.002165
-0.002507
-0.003399
-0.004350
-0.004681
-0.004275
-0.003332
-0.002061
-0.000618
0.000856
0.001890
0.002254
0.002168
0.001896
0.001563
0.001456
0.001776
0.002210
0.002366
0.002182
0.001671
0.000775
-0.000278
-0.001189
-0.002302
-0.004427
-0.007088
-0.008065
-0.006401
-0.003959
-0.002382
-0.001156
0.000214
0.000808
0.000256
-0.000465
-0.000668
-0.000486
0.000071
0.001108
0.002199
0.002840
0.002938
0.002719
0.002338
0.001744
0.001039
0.000523
0.000191
-0.000195
-0.000284
0.000325
0.001171
0.001520
0.001231
0.000584
-0.000191
-0.000803
-0.000959
-0.000766
-0.000589
-0.000444
-0.000120
0.000287
0.000486
0.000384
0.000160
0.000016
-0.000025
-0.000049
-0.000124
-0.000206
-0.000236
-0.000247
-0.000281
-0.000372
-0.000499
-0.000610
-0.000794
-0.001127
-0.001352
-0.001233
-0.000947
-0.000694
-0.000348
0.000105
0.000409
0.000457
0.000381
0.000316
0.000189
-0.000018
-0.000114
-0.000030
0.000175
0.000456
0.000728
0.000849
0.000739
0.000505
0.000297
0.000123
0.000031
0.000130
0.000411
0.000736
0.000855
0.000691
0.000473
0.000223
-0.000157
-0.000468
-0.000569
-0.000541
-0.000451
-0.000314
-0.000158
-0.000047
-0.000007
-0.000035
-0.000130
-0.000257
-0.000275
-0.000082
0.000204
0.000412
0.000530
0.000641
0.000711
0.000648
0.000505
0.000395
0.000291
0.000108
-0.000031
0.000001
0.000112
0.000211
0.000240
0.000236
0.000283
0.000266
0.000123
0.000020
0.000049
0.000071
0.000059
0.000124
0.000234
0.000298
0.000319
0.000351
0.000363
0.000328
0.000329
0.000399
0.000495
0.000512
0.000460
0.000448
0.000480
0.000488
0.000417
0.000289
0.000128
-0.000028
-0.000138
-0.000246
-0.000309
-0.000301
-0.000324
-0.000315
-0.000168
-0.000053
-0.000116
-0.000219
-0.000229
-0.000216
-0.000209
-0.000142
-0.000040
0.000054
0.000122
0.000122
0.000040
-0.000158
-0.000439
-0.000611
-0.000605
-0.000555
-0.000491
-0.000383
-0.000347
-0.000430
-0.000547
-0.000629
-0.000695
-0.000805
-0.000881
-0.000813
-0.000649
-0.000531
-0.000486
-0.000387
-0.000275
-0.000237
-0.000195
-0.000090
0.000088
0.000330
0.000573
0.000754
0.000957
0.001152
0.001090
0.000854
0.000743
0.000759
0.000789
0.000797
0.000798
0.000803
0.000764
0.000636
0.000450
0.000219
-0.000054
-0.000269
-0.000360
-0.000414
-0.000483
-0.000521
-0.000527
-0.000473
-0.000344
-0.000197
-0.000133
-0.000178
-0.000174
0.000008
0.000245
0.000335
0.000338
0.000384
0.000372
0.000193
0.000018
0.000061
0.000197
0.000219
0.000238
0.000348
0.000399
0.000293
0.000112
0.000040
0.000077
0.000066
0.000058
0.000167
0.000350
0.000467
0.000403
0.000218
0.000050
-0.000120
-0.000274
-0.000267
-0.000116
0.000056
0.000182
0.000251
0.000279
0.000227
0.000124
0.000035
-0.000073
-0.000272
-0.000526
-0.000677
-0.000686
-0.000641
-0.000604
-0.000559
-0.000520
-0.000570
-0.000658
-0.000675
-0.000634
-0.000581
-0.000531
-0.000522
-0.000591
-0.000690
-0.000702
-0.000582
-0.000451
-0.000355
-0.000236
-0.000069
0.000062
-0.000008
-0.000209
-0.000332
-0.000331
-0.000271
-0.000120
0.000087
0.000149
0.000096
0.000085
0.000034
-0.000113
-0.000238
-0.000308
-0.000314
-0.000249
-0.000141
-0.000003
0.000039
-0.000042
-0.000100
-0.000092
-0.000048
0.000001
0.000032
0.000130
0.000384
0.000645
0.000726
0.000687
0.000600
0.000451
0.000305
0.000237
0.000249
0.000287
0.000348
0.000464
0.000555
0.000534
0.000390
0.000161
-0.000080
-0.000287
-0.000430
-0.000401
-0.000191
0.000039
0.000180
0.000176
0.000033
-0.000169
-0.000360
-0.000498
-0.000545
-0.000452
-0.000216
0.000050
0.000219
0.000231
0.000091
-0.000075
-0.000208
-0.000377
-0.000504
-0.000508
-0.000465
-0.000465
-0.000522
-0.000563
-0.000505
-0.000379
-0.000268
-0.000238
-0.000241
-0.000185
-0.000049
0.000148
0.000284
0.000303
0.000322
0.000358
0.000349
0.000303
0.000244
0.000236
0.000309
0.000372
0.000372
0.000422
0.000516
0.000371
0.000020
-0.000200
-0.000222
-0.000235
-0.000334
-0.000377
-0.000275
-0.000156
-0.000128
-0.000144
-0.000109
-0.000006
0.000129
0.000267
0.000346
0.000339
0.000303
0.000253
0.000214
0.000237
0.000294
0.000388
0.000512
0.000536
0.000417
0.000215
-0.000054
-0.000284
-0.000383
-0.000359
-0.000209
-0.000036
0.000062
0.000068
-0.000037
-0.000228
-0.000409
-0.000503
-0.000476
-0.000356
-0.000194
-0.000017
0.000104
0.000165
0.000171
0.000062
-0.000092
-0.000188
-0.000157
0.000002
0.000165
0.000273
0.000347
0.000314
0.000123
-0.000078
-0.000190
-0.000261
-0.000277
-0.000219
-0.000144
-0.000057
0.000090
0.000179
0.000105
-0.000053
-0.000216
-0.000277
-0.000167
0.000043
0.000259
0.000422
0.000482
0.000451
0.000370
0.000217
0.000092
0.000111
0.000163
0.000223
0.000383
0.000585
0.000704
0.000679
0.000532
0.000336
0.000160
0.000032
-0.000049
-0.000067
-0.000020
0.000034
0.000056
0.000020
-0.000139
-0.000322
-0.000383
-0.000341
-0.000209
-0.000028
0.000165
0.000389
0.000505
0.000442
0.000371
0.000369
0.000347
0.000277
0.000305
0.000455
0.000567
0.000591
0.000513
0.000341
0.000144
-0.000047
-0.000148
-0.000097
-0.000009
0.000028
0.000056
0.000096
0.000083
-0.000042
-0.000203
-0.000263
-0.000176
-0.000008
0.000204
0.000352
0.000286
0.000129
0.000047
0.000009
-0.000086
-0.000176
-0.000152
-0.000107
-0.000086
-0.000037
-0.000049
-0.000278
-0.000635
-0.000910
-0.001048
-0.001067
-0.000992
-0.000871
-0.000738
-0.000603
-0.000521
-0.000536
-0.000634
-0.000752
-0.000765
-0.000593
-0.000303
-0.000016
0.000163
0.000278
0.000450
0.000607
0.000664
0.000666
0.000678
0.000726
0.000804
0.000888
0.000922
0.000912
0.000853
0.000684
0.000464
0.000312
0.000253
0.000231
0.000244
0.000283
0.000312
0.000320
0.000260
0.000090
-0.000094
-0.000181
-0.000173
-0.000107
-0.000026
0.000042
0.000094
0.000057
-0.000113
-0.000308
-0.000420
-0.000448
-0.000446
-0.000385
-0.000226
-0.000059
0.000010
-0.000011
-0.000091
-0.000197
-0.000274
-0.000305
-0.000292
-0.000301
-0.000348
-0.000368
-0.000371
-0.000439
-0.000518
-0.000470
