2080
-0.000037
-0.001256
-0.002074
-0.002261
-0.002141
-0.002261
-0.002589
-0.003048
-0.003416
-0.003110
-0.002114
-0.001117
-0.000846
-0.000993
-0.000776
-0.000087
0.000704
0.001310
0.001751
0.002061
0.002053
0.001671
0.001304
0.001329
0.001710
0.002096
0.002169
0.001840
0.001399
0.001295
0.001387
0.001371
0.001198
0.000970
0.000812
0.000697
0.000709
0.000984
0.001373
0.001462
0.001107
0.000521
-0.000008
-0.000233
-0.000198
-0.000264
-0.000703
-0.001275
-0.001605
-0.001529
-0.001070
-0.000427
0.000080
0.000241
0.000188
0.000117
0.000211
0.000579
0.001051
0.001350
0.001365
0.001289
0.001387
0.001762
0.002323
0.002909
0.003369
0.003549
0.003476
0.003304
0.002862
0.001501
-0.001092
-0.004111
-0.006162
-0.006430
-0.005379
-0.004099
-0.003420
-0.003793
-0.005141
-0.006817
-0.007525
-0.006578
-0.004508
-0.002500
-0.001807
-0.002501
-0.003635
-0.003633
-0.001913
0.000514
0.002548
0.003684
0.004077
0.003829
0.003583
0.004127
0.005143
0.005677
0.005168
0.003885
0.002431
0.001592
0.001787
0.002537
0.002782
0.002016
0.000749
-0.000487
-0.001372
-0.001741
-0.001693
-0.001789
-0.002315
-0.002916
-0.003442
-0.003595
-0.003027
-0.001941
-0.001174
-0.001200
-0.001366
-0.001020
-0.000226
0.000635
0.001434
0.001929
0.001904
0.001622
0.001421
0.001464
0.001867
0.002572
0.002943
0.002652
0.002095
0.001755
0.001734
0.001720
0.001459
0.000925
0.000441
0.000266
0.000434
0.000817
0.001186
0.001368
0.001169
0.000655
0.000102
-0.000223
-0.000334
-0.000418
-0.000642
-0.001065
-0.001486
-0.001728
-0.001679
-0.001403
-0.001077
-0.000861
-0.000770
-0.000640
-0.000370
0.000056
0.000564
0.001047
0.001316
0.001350
0.001337
0.001464
0.001852
0.002401
0.002830
0.002864
0.002631
0.002526
0.002680
0.002633
0.001696
-0.000319
-0.002903
-0.004880
-0.005307
-0.004486
-0.003456
-0.002906
-0.003162
-0.004363
-0.006076
-0.007164
-0.006739
-0.005097
-0.003267
-0.002412
-0.002844
-0.003909
-0.004262
-0.002913
-0.000509
0.001790
0.003299
0.003994
0.003986
0.003743
0.003953
0.004574
0.005195
0.005316
0.004639
0.003208
0.001907
0.001705
0.002213
0.002377
0.001778
0.000787
-0.000339
-0.001443
-0.002123
-0.002205
-0.002200
-0.002504
-0.002841
-0.003225
-0.003651
-0.003563
-0.002727
-0.001808
-0.001486
-0.001448
-0.001143
-0.000545
0.000149
0.000885
0.001450
0.001535
0.001319
0.001262
0.001476
0.001806
0.002235
0.002528
0.002367
0.001853
0.001485
0.001499
0.001536
0.001442
0.001285
0.001024
0.000648
0.000342
0.000299
0.000498
0.000752
0.000815
0.000639
0.000287
-0.000050
-0.000208
-0.000313
-0.000498
-0.000851
-0.001302
-0.001557
-0.001498
-0.001302
-0.000941
-0.000442
-0.000153
-0.000111
-0.000038
0.000169
0.000407
0.000657
0.000861
0.000961
0.001074
0.001298
0.001528
0.001699
0.001989
0.002410
0.002613
0.004096
0.006559
0.005177
0.000637
-0.002091
-0.002669
-0.003130
-0.004572
-0.006441
-0.007148
-0.005944
-0.004792
-0.004902
-0.005237
-0.005892
-0.005805
-0.004594
-0.004012
-0.004183
-0.003776
-0.002734
-0.002194
-0.001771
-0.001406
-0.000836
0.001138
0.003442
0.004522
0.004634
0.004797
0.005161
0.005541
0.005775
0.005239
0.004269
0.003662
0.003564
0.003180
0.002244
0.001413
0.001258
0.001519
0.000779
-0.000717
-0.001729
-0.002374
-0.003119
-0.003495
-0.003372
-0.003669
-0.003919
-0.003638
-0.003138
-0.002893
-0.003061
-0.002663
-0.001532
-0.000790
-0.001400
-0.001682
-0.000033
0.002021
0.002682
0.002310
0.002412
0.003176
0.004213
0.004686
0.004384
0.004254
0.004320
0.003842
0.002849
0.002124
0.001689
0.001476
0.001209
0.000399
-0.000321
-0.000232
0.000206
0.000125
-0.000330
-0.000863
-0.001291
-0.001389
-0.001537
-0.001934
-0.002283
-0.002225
-0.002038
-0.001972
-0.001834
-0.001472
-0.000705
0.000146
0.000622
0.000752
0.001174
0.001957
0.002457
0.002635
0.002763
0.003126
0.003485
0.003444
0.003231
0.003388
0.003806
0.003784
0.003370
0.003205
0.003357
0.001885
-0.002763
-0.008294
-0.009605
-0.006149
-0.004296
-0.007751
-0.012016
-0.010817
-0.006371
-0.004889
-0.006730
-0.007346
-0.004779
-0.002435
-0.002086
-0.002316
-0.001297
0.001115
0.003297
0.003856
0.002570
0.001891
0.003618
0.006487
0.008181
0.007810
0.006704
0.005960
0.005932
0.005695
0.004451
0.003116
0.002643
0.002705
0.001763
-0.000189
-0.001715
-0.001803
-0.001098
-0.000991
-0.001831
-0.003382
-0.004494
-0.004638
-0.004300
-0.004110
-0.004294
-0.004401
-0.004409
-0.004158
-0.003694
-0.003170
-0.002437
-0.001225
0.000192
0.000796
0.000677
0.000969
0.002371
0.004077
0.004977
0.004663
0.004043
0.004591
0.005858
0.006294
0.005449
0.004392
0.003602
0.002773
0.001847
0.000845
0.000031
-0.000327
-0.000385
-0.000695
-0.001215
-0.001509
-0.001531
-0.001383
-0.001462
-0.002102
-0.002872
-0.002967
-0.002564
-0.002364
-0.002375
-0.002352
-0.002099
-0.001551
-0.000792
-0.000067
0.000664
0.001480
0.002087
0.002516
0.002936
0.003273
0.003406
0.003602
0.003834
0.003943
0.004174
0.004173
0.003671
0.003390
0.003853
0.004160
0.003649
0.002867
0.002545
0.001961
-0.001314
-0.008022
-0.013767
-0.012227
-0.006011
-0.004576
-0.010170
-0.014580
-0.012240
-0.008218
-0.007197
-0.007319
-0.005525
-0.003088
-0.002013
-0.001153
0.000084
0.001474
0.003309
0.006190
0.008250
0.007125
0.004664
0.004360
0.007170
0.010182
0.010526
0.008031
0.004840
0.003432
0.003349
0.003035
0.002197
0.001639
0.001014
-0.000481
-0.002152
-0.003457
-0.004176
-0.004071
-0.003013
-0.002583
-0.004314
-0.006577
-0.007307
-0.006563
-0.005213
-0.003458
-0.002468
-0.003432
-0.004985
-0.004711
-0.002529
-0.000475
0.000454
0.000733
0.001118
0.001670
0.002561
0.003918
0.005504
0.006688
0.006721
0.006173
0.005800
0.005745
0.005590
0.005338
0.005029
0.003911
0.001949
0.000201
-0.000479
-0.000708
-0.001173
-0.001647
-0.001908
-0.002142
-0.002488
-0.002654
-0.002522
-0.002442
-0.002817
-0.003388
-0.003635
-0.003588
-0.003302
-0.002694
-0.001863
-0.001156
-0.000577
0.000152
0.001105
0.002280
0.003373
0.004036
0.004414
0.005004
0.005503
0.005208
0.004371
0.003845
0.004013
0.004155
0.003872
0.003558
0.003473
0.003272
0.002677
0.002051
0.001729
0.001271
-0.001558
-0.008504
-0.016666
-0.018404
-0.011766
-0.005786
-0.007773
-0.013400
-0.014709
-0.012321
-0.010033
-0.007266
-0.003167
-0.000312
-0.000229
0.000382
0.002633
0.003945
0.004491
0.007106
0.011192
0.012349
0.009715
0.006713
0.006395
0.008731
0.011221
0.011296
0.008178
0.004081
0.001170
0.000080
0.000537
0.001263
0.000505
-0.001989
-0.004019
-0.005072
-0.006348
-0.007538
-0.007025
-0.005182
-0.004435
-0.005188
-0.006233
-0.006711
-0.006614
-0.005308
-0.002626
-0.000834
-0.001070
-0.002053
-0.002358
-0.001827
-0.000732
0.000782
0.002126
0.003262
0.003966
0.004031
0.004468
0.005851
0.007373
0.007950
0.008061
0.007892
0.006783
0.005155
0.003925
0.003119
0.002040
0.000678
-0.000856
-0.002267
-0.003353
-0.003970
-0.003798
-0.003092
-0.002627
-0.002880
-0.003182
-0.003220
-0.003329
-0.003266
-0.002638
-0.001927
-0.001716
-0.001644
-0.001434
-0.000930
0.000068
0.001346
0.002575
0.003725
0.004781
0.005276
0.005225
0.005179
0.005524
0.006211
0.006571
0.005846
0.004265
0.003283
0.003330
0.003357
0.002884
0.002491
0.002183
0.001168
-0.000115
-0.000552
-0.000745
-0.003125
-0.009946
-0.019219
-0.022757
-0.016464
-0.008311
-0.007462
-0.011685
-0.013894
-0.013778
-0.012705
-0.008501
-0.001228
0.003888
0.004595
0.005020
0.006869
0.007756
0.007469
0.009400
0.013829
0.016204
0.014228
0.010338
0.007827
0.007213
0.007881
0.008736
0.007693
0.004152
-0.000234
-0.003144
-0.003882
-0.003373
-0.003604
-0.005361
-0.006692
-0.006769
-0.007239
-0.008497
-0.008375
-0.006798
-0.005844
-0.005283
-0.004167
-0.003578
-0.004125
-0.004012
-0.002217
0.000085
0.001650
0.002228
0.002151
0.001673
0.000327
-0.001017
0.000226
0.004039
0.006735
0.006381
0.005306
0.004931
0.004701
0.004938
0.006135
0.007213
0.006958
0.005486
0.003415
0.001603
0.000106
-0.001366
-0.002241
-0.002364
-0.003024
-0.004673
-0.005670
-0.005315
-0.004612
-0.003959
-0.003112
-0.002511
-0.002460
-0.002350
-0.001734
-0.000741
0.000190
0.000654
0.000795
0.001076
0.001482
0.001840
0.002657
0.004095
0.005383
0.006093
0.006399
0.006205
0.005710
0.005660
0.005897
0.005669
0.004855
0.003795
0.002466
0.001026
0.000272
0.000465
0.000931
0.000776
-0.000149
-0.001241
-0.002257
-0.004292
-0.010300
-0.020503
-0.026712
-0.021699
-0.011231
-0.006420
-0.008469
-0.011066
-0.012785
-0.013957
-0.010556
-0.001446
0.006450
0.008553
0.009142
0.011039
0.011389
0.009480
0.009687
0.013504
0.016687
0.016496
0.014160
0.011236
0.007959
0.005457
0.004504
0.003774
0.001946
-0.001144
-0.004426
-0.006554
-0.007170
-0.008047
-0.009975
-0.010578
-0.009218
-0.008374
-0.008802
-0.008355
-0.007200
-0.006922
-0.005914
-0.002897
-0.000415
-0.000301
-0.000184
0.001444
0.002501
0.002424
0.003429
0.005305
0.005671
0.004581
0.003132
0.001147
-0.000189
0.001233
0.004292
0.005973
0.005598
0.004237
0.002683
0.001968
0.002453
0.003073
0.003229
0.003146
0.002286
0.000466
-0.001192
-0.002517
-0.003952
-0.004724
-0.004371
-0.003975
-0.004115
-0.004283
-0.004143
-0.003626
-0.002726
-0.001728
-0.000812
0.000088
0.000630
0.000865
0.001333
0.001732
0.001633
0.001712
0.002443
0.003164
0.003668
0.004399
0.005063
0.005327
0.005544
0.005696
0.005488
0.005172
0.004891
0.004212
0.003238
0.002445
0.001546
0.000492
-0.000054
-0.000146
-0.000448
-0.000849
-0.001102
-0.001915
-0.003958
-0.008708
-0.018154
-0.027415
-0.026647
-0.016300
-0.007720
-0.006340
-0.007463
-0.008993
-0.012123
-0.012278
-0.004922
0.004964
0.010455
0.013103
0.016000
0.016652
0.013482
0.010583
0.011513
0.014120
0.015435
0.015455
0.014334
0.010949
0.005909
0.001708
-0.000805
-0.002448
-0.003900
-0.005319
-0.006704
-0.008060
-0.010174
-0.013367
-0.015080
-0.013536
-0.010963
-0.009319
-0.007319
-0.004987
-0.004553
-0.004701
-0.002480
0.000624
0.001988
0.003249
0.005846
0.007654
0.007450
0.006864
0.007003
0.006877
0.006255
0.005512
0.003778
0.000541
-0.001628
-0.000092
0.002969
0.003748
0.002089
0.000434
-0.000401
-0.000773
-0.000353
0.000754
0.001553
0.001557
0.001107
0.000406
-0.000639
-0.002394
-0.004298
-0.004751
-0.003618
-0.002702
-0.002561
-0.002113
-0.001466
-0.001227
-0.000802
0.000310
0.001336
0.001702
0.002015
0.002634
0.002934
0.002395
0.001587
0.001454
0.001972
0.002529
0.003074
0.003779
0.004247
0.004159
0.003871
0.003823
0.004042
0.004253
0.004191
0.003762
0.003027
0.002176
0.001385
0.000799
0.000511
0.000336
0.000186
-0.000178
-0.001358
-0.003915
-0.010090
-0.021083
-0.029615
-0.026574
-0.015516
-0.007963
-0.006553
-0.006414
-0.008175
-0.012577
-0.012332
-0.003833
0.005407
0.010258
0.014780
0.019839
0.020196
0.015799
0.012622
0.012625
0.013318
0.014391
0.016208
0.016363
0.012794
0.006873
0.000976
-0.003559
-0.006158
-0.007294
-0.007812
-0.007833
-0.007971
-0.010160
-0.013812
-0.015600
-0.015028
-0.014105
-0.012316
-0.008243
-0.004527
-0.003537
-0.002567
0.000075
0.001698
0.001926
0.003970
0.007510
0.009386
0.010037
0.010952
0.009993
0.007051
0.005742
0.006104
0.004868
0.001519
-0.001202
-0.002088
-0.001775
-0.000722
0.000007
-0.000366
-0.001384
-0.002307
-0.002544
-0.001748
-0.000834
-0.000615
-0.000378
0.000272
0.000304
-0.000788
-0.002079
-0.002836
-0.002811
-0.002041
-0.000881
0.000147
0.000725
0.000768
0.000600
0.000872
0.001442
0.001907
0.002575
0.003483
0.003812
0.003142
0.002069
0.001183
0.000596
0.000711
0.001683
0.002702
0.003130
0.002924
0.002368
0.002050
0.002342
0.002821
0.002915
0.002859
0.002818
0.002399
0.001714
0.001209
0.000924
0.000800
0.000412
-0.000816
-0.002658
-0.006501
-0.015829
-0.027081
-0.029054
-0.020038
-0.011122
-0.007918
-0.005932
-0.005555
-0.010414
-0.013770
-0.008330
0.000206
0.005175
0.010368
0.017949
0.021695
0.019132
0.015433
0.013605
0.012206
0.011895
0.014290
0.016932
0.016105
0.011695
0.005776
-0.000172
-0.004867
-0.007690
-0.008943
-0.008891
-0.008281
-0.009049
-0.011816
-0.014260
-0.015252
-0.016119
-0.016013
-0.012565
-0.007770
-0.005191
-0.003306
-0.000148
0.001599
0.001047
0.002105
0.005518
0.007844
0.009110
0.011562
0.013273
0.011759
0.009399
0.008170
0.005568
0.001838
0.000977
0.001233
-0.001337
-0.003497
-0.002094
-0.001313
-0.003339
-0.004428
-0.004094
-0.004657
-0.004579
-0.002774
-0.001611
-0.001492
-0.001174
-0.001147
-0.001357
-0.001068
-0.001240
-0.001599
-0.000367
0.001215
0.001518
0.002026
0.002908
0.002484
0.001859
0.002537
0.003197
0.003259
0.003688
0.004020
0.003654
0.002983
0.001766
0.000236
-0.000235
0.000356
0.001030
0.001873
0.002415
0.001579
0.000507
0.000681
0.001168
0.001374
0.002281
0.003295
0.003049
0.002193
0.001653
0.001112
0.000547
0.000116
-0.000838
-0.003570
-0.011042
-0.022242
-0.027394
-0.021225
-0.012269
-0.008450
-0.006168
-0.004152
-0.007666
-0.012488
-0.009550
-0.002302
0.001617
0.005787
0.014064
0.019872
0.018852
0.015586
0.013242
0.010460
0.008853
0.011231
0.015050
0.016001
0.013698
0.009611
0.004345
-0.000963
-0.004919
-0.007220
-0.007878
-0.006988
-0.006425
-0.007931
-0.010229
-0.012342
-0.014995
-0.016796
-0.014945
-0.010740
-0.007677
-0.005123
-0.001473
0.000859
0.000390
0.000395
0.002440
0.004160
0.005594
0.008884
0.012247
0.012699
0.011564
0.010566
0.008598
0.006017
0.004882
0.003859
0.001398
-0.000462
-0.000967
-0.001845
-0.002887
-0.002863
-0.003233
-0.004521
-0.004907
-0.004689
-0.004922
-0.004562
-0.003313
-0.002495
-0.001917
-0.001122
-0.001092
-0.001524
-0.001177
-0.000529
0.000073
0.001340
0.002736
0.003435
0.003977
0.004521
0.004320
0.003799
0.003686
0.003535
0.003371
0.003507
0.003264
0.002456
0.001909
0.001640
0.001242
0.001299
0.001790
0.001485
0.000430
-0.000173
-0.000114
0.000183
0.000648
0.001200
0.001520
0.001667
0.001840
0.001739
0.001315
0.000879
0.000301
-0.000540
-0.002706
-0.009331
-0.019143
-0.023497
-0.018273
-0.010497
-0.006641
-0.004625
-0.003477
-0.006464
-0.010697
-0.009518
-0.004219
-0.000175
0.003957
0.010928
0.016521
0.016647
0.013763
0.010825
0.008048
0.007016
0.009322
0.012785
0.014248
0.013106
0.010052
0.005692
0.001107
-0.002676
-0.005237
-0.006128
-0.005177
-0.003794
-0.003796
-0.005501
-0.008416
-0.011801
-0.014203
-0.014055
-0.011587
-0.008559
-0.005774
-0.003100
-0.001231
-0.001001
-0.001590
-0.001656
-0.000976
0.000616
0.003655
0.007254
0.009498
0.009846
0.008845
0.006967
0.005041
0.004176
0.004572
0.004955
0.003874
0.002140
0.001554
0.001434
0.000072
-0.001870
-0.002716
-0.002501
-0.001822
-0.001072
-0.001289
-0.002644
-0.003553
-0.003459
-0.003440
-0.003462
-0.002871
-0.002350
-0.002304
-0.001959
-0.001334
-0.001006
-0.000720
-0.000106
0.000721
0.001633
0.002485
0.002946
0.002977
0.002825
0.002760
0.002928
0.003007
0.002703
0.002429
0.002541
0.002669
0.002496
0.002068
0.001283
0.000202
-0.000483
-0.000475
-0.000389
-0.000336
-0.000024
0.000207
0.000118
-0.000131
-0.000550
-0.001123
-0.001650
-0.001938
-0.001966
-0.002539
-0.004811
-0.008038
-0.009819
-0.008822
-0.005813
-0.002726
-0.001006
-0.001033
-0.002231
-0.003114
-0.003089
-0.002765
-0.001921
0.000072
0.002618
0.004636
0.005619
0.005294
0.003870
0.002310
0.001454
0.001625
0.002739
0.004160
0.005059
0.004726
0.002883
0.000264
-0.001999
-0.003047
-0.002632
-0.001578
-0.000979
-0.000860
-0.000557
-0.000303
-0.000391
-0.000437
-0.000493
-0.000674
-0.000490
0.000153
0.000556
0.000684
0.000889
0.000983
0.000842
0.000516
0.000063
-0.000247
-0.000299
-0.000230
-0.000070
0.000116
0.000085
-0.000126
-0.000197
-0.000177
-0.000189
-0.000131
-0.000067
-0.000107
-0.000197
-0.000330
-0.000477
-0.000502
-0.000422
-0.000337
-0.000248
-0.000134
-0.000039
-0.000038
-0.000146
-0.000209
-0.000273
-0.000491
-0.000637
-0.000492
-0.000251
-0.000244
-0.000362
-0.000370
-0.000338
-0.000234
0.000075
0.000417
0.000586
0.000717
0.000875
0.000885
0.000706
0.000527
0.000505
0.000601
0.000719
0.000757
0.000650
0.000522
0.000455
0.000359
0.000205
0.000071
0.000024
0.000073
0.000285
0.000572
0.000655
0.000518
0.000408
0.000379
0.000309
0.000230
0.000188
0.000119
0.000058
0.000160
0.000416
0.000615
0.000687
0.000748
0.000848
0.000890
0.000701
0.000328
0.000051
-0.000020
0.000044
0.000143
0.000133
-0.000125
-0.000579
-0.000961
-0.001152
-0.001342
-0.001618
-0.001799
-0.001754
-0.001535
-0.001314
-0.001336
-0.001656
-0.001967
-0.002049
-0.001854
-0.001325
-0.000710
-0.000279
-0.000017
0.000135
0.000267
0.000372
0.000376
0.000340
0.000347
0.000495
0.000846
0.001289
0.001590
0.001622
0.001479
0.001279
0.001061
0.000863
0.000768
0.000808
0.000946
0.001059
0.000988
0.000698
0.000345
0.000133
0.000090
0.000180
0.000341
0.000446
0.000456
0.000391
0.000194
-0.000118
-0.000353
-0.000431
-0.000393
-0.000223
-0.000024
-0.000002
-0.000144
-0.000290
-0.000423
-0.000566
-0.000609
-0.000454
-0.000216
-0.000009
0.000171
0.000265
0.000137
-0.000181
-0.000439
-0.000470
-0.000251
0.000125
0.000399
0.000508
0.000646
0.000731
0.000613
0.000452
0.000435
0.000523
0.000596
0.000662
0.000776
0.000864
0.000770
0.000501
0.000244
0.000124
0.000173
0.000416
0.000719
0.000857
0.000781
0.000577
0.000281
0.000001
-0.000062
0.000064
0.000212
0.000355
0.000456
0.000456
0.000365
0.000172
-0.000152
-0.000553
-0.000888
-0.000962
-0.000750
-0.000474
-0.000252
-0.000107
-0.000232
-0.000683
-0.001223
-0.001677
-0.001894
-0.001791
-0.001541
-0.001294
-0.001040
-0.000772
-0.000658
-0.000897
-0.001394
-0.001810
-0.001897
-0.001582
-0.000927
-0.000250
0.000169
0.000389
0.000530
0.000565
0.000503
0.000403
0.000324
0.000395
0.000650
0.000945
0.001168
0.001282
0.001251
0.000962
0.000441
0.000048
0.000010
0.000206
0.000454
0.000671
0.000804
0.000791
0.000648
0.000377
0.000010
-0.000232
-0.000205
0.000032
0.000404
0.000781
0.000977
0.000933
0.000708
0.000347
-0.000091
-0.000503
-0.000766
-0.000784
-0.000628
-0.000382
-0.000200
-0.000332
-0.000661
-0.000941
-0.001146
-0.001277
-0.001308
-0.001215
-0.000947
-0.000508
-0.000158
-0.000154
-0.000396
-0.000695
-0.000944
-0.000943
-0.000594
-0.000103
0.000275
0.000501
0.000693
0.000807
0.000766
0.000680
0.000651
0.000702
0.000839
0.001031
0.001184
0.001203
0.001108
0.000968
0.000798
0.000624
0.000462
0.000358
0.000341
0.000299
0.000155
0.000017
-0.000039
-0.000042
0.000059
0.000229
0.000250
0.000107
0.000016
0.000012
-0.000005
-0.000042
-0.000104
-0.000298
-0.000681
-0.001083
-0.001225
-0.001037
-0.000703
-0.000440
-0.000380
-0.000526
-0.000811
-0.001063
-0.001182
-0.001309
-0.001406
-0.001245
-0.000901
-0.000620
-0.000507
-0.000728
-0.001242
-0.001657
-0.001692
-0.001408
-0.000957
-0.000401
0.000112
0.000432
0.000564
0.000592
0.000505
0.000270
0.000003
-0.000052
0.000246
0.000733
0.001141
0.001338
0.001261
0.000947
0.000580
0.000306
0.000231
0.000338
0.000521
0.000785
0.001075
0.001212
0.001032
0.000636
0.000339
0.000262
0.000338
0.000621
0.001086
0.001357
0.001247
0.000957
0.000583
0.000109
-0.000358
-0.000689
-0.000826
-0.000804
-0.000775
-0.000789
-0.000857
-0.000999
-0.001074
-0.001046
-0.001049
-0.001026
-0.000831
-0.000593
-0.000471
-0.000446
-0.000448
-0.000423
-0.000427
-0.000470
-0.000466
-0.000364
-0.000173
0.000066
0.000335
0.000632
0.000949
0.001192
0.001199
0.000996
0.000837
0.000875
0.001106
0.001398
0.001636
0.001759
0.001703
0.001494
0.001146
0.000646
0.000153
-0.000080
-0.000090
-0.000062
0.000042
0.000237
0.000334
0.000284
0.000232
0.000188
0.000060
-0.000086
-0.000093
0.000035
0.000173
0.000281
0.000381
0.000371
0.000175
-0.000078
-0.000333
-0.000651
-0.000963
-0.001062
-0.000867
-0.000538
-0.000310
-0.000306
-0.000488
-0.000759
-0.001036
-0.001247
-0.001304
-0.001114
-0.000751
-0.000467
-0.000375
-0.000414
-0.000566
-0.000790
-0.000882
-0.000708
-0.000369
-0.000052
0.000097
0.000087
-0.000023
-0.000160
-0.000256
-0.000329
-0.000358
-0.000297
-0.000112
0.000184
0.000448
0.000623
0.000779
0.000854
0.000741
0.000498
0.000282
0.000198
0.000290
0.000511
0.000704
0.000782
0.000804
0.000783
0.000642
0.000450
0.000343
0.000326
0.000358
0.000473
0.000648
0.000728
0.000652
0.000455
0.000154
-0.000171
-0.000371
-0.000325
-0.000107
0.000059
0.000029
-0.000164
-0.000372
-0.000557
-0.000731
-0.000809
-0.000800
-0.000784
-0.000716
-0.000583
-0.000488
-0.000439
-0.000382
-0.000297
-0.000204
-0.000128
-0.000055
0.000013
