5920
-0.000068
-0.000054
-0.000070
-0.000044
-0.000019
-0.000065
-0.000133
-0.000171
-0.000197
-0.000196
-0.000128
-0.000011
0.000077
0.000075
0.000012
-0.000013
0.000026
0.000041
-0.000016
-0.000069
-0.000017
0.000131
0.000247
0.000227
0.000109
0.000001
-0.000059
-0.000097
-0.000106
-0.000086
-0.000068
-0.000056
-0.000050
-0.000104
-0.000208
-0.000237
-0.000150
-0.000054
0.000004
0.000099
0.000225
0.000239
0.000108
-0.000019
-0.000040
0.000015
0.000078
0.000075
0.000007
-0.000009
0.000071
0.000131
0.000088
0.000008
-0.000013
0.000045
0.000097
0.000052
-0.000045
-0.000091
-0.000098
-0.000103
-0.000035
0.000120
0.000203
0.000089
-0.000122
-0.000261
-0.000257
-0.000118
0.000074
0.000184
0.000149
0.000029
-0.000063
-0.000079
-0.000077
-0.000108
-0.000120
-0.000069
-0.000024
-0.000022
0.000025
0.000152
0.000235
0.000170
0.000022
-0.000075
-0.000081
-0.000036
0.000017
0.000051
0.000039
-0.000027
-0.000105
-0.000132
-0.000079
0.000037
0.000140
0.000150
0.000065
-0.000025
-0.000058
-0.000067
-0.000063
-0.000009
0.000051
0.000031
-0.000049
-0.000083
-0.000051
-0.000027
-0.000026
-0.000008
0.000031
0.000069
0.000070
0.000010
-0.000037
-0.000002
0.000045
0.000035
0.000053
0.000138
0.000156
0.000043
-0.000044
-0.000001
0.000034
-0.000074
-0.000199
-0.000173
-0.000088
-0.000088
-0.000108
-0.000049
0.000013
-0.000030
-0.000115
-0.000039
0.000238
0.000462
0.000431
0.000254
0.000106
0.000022
-0.000026
-0.000048
-0.000037
-0.000036
-0.000142
-0.000356
-0.000516
-0.000498
-0.000376
-0.000249
-0.000110
0.000045
0.000140
0.000136
0.000101
0.000104
0.000133
0.000171
0.000220
0.000253
0.000260
0.000249
0.000183
0.000058
-0.000006
0.000046
0.000088
0.000032
-0.000036
-0.000044
-0.000061
-0.000156
-0.000256
-0.000245
-0.000141
-0.000058
-0.000055
-0.000119
-0.000204
-0.000232
-0.000150
-0.000031
0.000050
0.000130
0.000217
0.000226
0.000165
0.000142
0.000174
0.000165
0.000080
0.000032
0.000074
0.000086
0.000036
0.000037
0.000090
0.000102
0.000071
0.000046
0.000033
-0.000014
-0.000123
-0.000221
-0.000203
-0.000103
-0.000054
-0.000080
-0.000101
-0.000106
-0.000122
-0.000130
-0.000123
-0.000132
-0.000135
-0.000061
0.000077
0.000141
0.000061
-0.000025
0.000004
0.000040
-0.000012
-0.000036
0.000047
0.000118
0.000129
0.000208
0.000357
0.000384
0.000214
0.000007
-0.000097
-0.000116
-0.000092
-0.000024
0.000034
-0.000004
-0.000135
-0.000262
-0.000309
-0.000281
-0.000218
-0.000143
-0.000065
-0.000007
-0.000006
-0.000014
0.000073
0.000202
0.000232
0.000172
0.000121
0.000094
0.000057
0.000022
0.000014
0.000012
0.000004
0.000008
0.000002
-0.000032
-0.000030
0.000036
0.000075
0.000034
-0.000008
-0.000009
-0.000003
0.000003
0.000002
-0.000052
-0.000113
-0.000100
-0.000047
-0.000027
-0.000038
-0.000053
-0.000080
-0.000132
-0.000142
-0.000031
0.000132
0.000188
0.000116
0.000067
0.000117
0.000150
0.000069
-0.000030
-0.000022
0.000070
0.000123
0.000029
-0.000168
-0.000264
-0.000203
-0.000147
-0.000160
-0.000159
-0.000123
-0.000116
-0.000142
-0.000137
-0.000073
0.000043
0.000188
0.000289
0.000328
0.000381
0.000427
0.000370
0.000254
0.000190
0.000151
0.000063
-0.000038
-0.000081
-0.000096
-0.000163
-0.000265
-0.000286
-0.000178
-0.000057
-0.000045
-0.000084
-0.000074
-0.000057
-0.000093
-0.000120
-0.000088
-0.000056
-0.000069
-0.000055
0.000053
0.000154
0.000116
-0.000031
-0.000138
-0.000129
-0.000037
0.000058
0.000064
0.000008
0.000022
0.000107
0.000113
-0.000011
-0.000126
-0.000101
0.000017
0.000108
0.000127
0.000097
0.000063
0.000032
-0.000014
-0.000052
-0.000028
0.000039
0.000057
-0.000015
-0.000119
-0.000169
-0.000133
-0.000041
0.000085
0.000209
0.000228
0.000086
-0.000094
-0.000159
-0.000121
-0.000080
-0.000038
0.000063
0.000167
0.000156
0.000051
-0.000005
0.000034
0.000090
0.000111
0.000121
0.000132
0.000093
-0.000010
-0.000131
-0.000234
-0.000279
-0.000230
-0.000152
-0.000144
-0.000191
-0.000184
-0.000094
-0.000009
0.000027
0.000045
0.000040
0.000026
0.000072
0.000196
0.000320
0.000367
0.000318
0.000198
0.000056
-0.000064
-0.000147
-0.000173
-0.000114
-0.000024
0.000009
-0.000018
-0.000055
-0.000070
-0.000063
-0.000038
-0.000016
-0.000028
-0.000071
-0.000092
-0.000068
-0.000035
-0.000015
0.000019
0.000076
0.000112
0.000087
0.000022
0.000001
0.000043
0.000076
0.000055
0.000005
-0.000047
-0.000085
-0.000091
-0.000047
0.000055
0.000168
0.000176
0.000028
-0.000147
-0.000204
-0.000168
-0.000142
-0.000143
-0.000116
-0.000050
0.000009
-0.000008
-0.000093
-0.000085
0.000117
0.000366
0.000456
0.000359
0.000217
0.000152
0.000129
0.000040
-0.000115
-0.000227
-0.000218
-0.000137
-0.000104
-0.000150
-0.000172
-0.000141
-0.000137
-0.000158
-0.000133
-0.000074
-0.000008
0.000088
0.000193
0.000197
0.000070
-0.000048
-0.000050
0.000007
0.000054
0.000062
-0.000007
-0.000094
-0.000088
-0.000020
0.000033
0.000090
0.000133
0.000082
-0.000019
-0.000032
0.000044
0.000069
-0.000015
-0.000096
-0.000050
0.000080
0.000157
0.000139
0.000109
0.000123
0.000115
0.000029
-0.000067
-0.000102
-0.000116
-0.000129
-0.000091
-0.000023
-0.000013
-0.000074
-0.000125
-0.000123
-0.000111
-0.000103
-0.000044
0.000050
0.000063
-0.000002
0.000028
0.000212
0.000381
0.000394
0.000299
0.000197
0.000092
-0.000055
-0.000209
-0.000289
-0.000262
-0.000209
-0.000234
-0.000304
-0.000299
-0.000230
-0.000197
-0.000177
-0.000083
0.000063
0.000173
0.000183
0.000113
0.000120
0.000282
0.000420
0.000363
0.000211
0.000125
0.000091
0.000019
-0.000076
-0.000113
-0.000088
-0.000068
-0.000094
-0.000143
-0.000161
-0.000111
-0.000006
0.000082
0.000067
-0.000065
-0.000201
-0.000197
-0.000055
0.000069
0.000094
0.000102
0.000132
0.000118
0.000039
-0.000067
-0.000166
-0.000223
-0.000193
-0.000086
-0.000009
-0.000012
0.000019
0.000147
0.000252
0.000227
0.000124
0.000070
0.000119
0.000177
0.000117
-0.000006
-0.000048
-0.000025
-0.000031
-0.000047
-0.000012
0.000049
0.000054
-0.000007
-0.000058
-0.000073
-0.000102
-0.000141
-0.000135
-0.000099
-0.000090
-0.000107
-0.000116
-0.000133
-0.000174
-0.000185
-0.000068
0.000111
0.000133
-0.000021
-0.000128
-0.000084
0.000009
0.000031
-0.000033
-0.000064
0.000039
0.000203
0.000290
0.000278
0.000228
0.000181
0.000176
0.000246
0.000328
0.000297
0.000125
-0.000044
-0.000072
0.000000
0.000029
-0.000032
-0.000126
-0.000228
-0.000364
-0.000466
-0.000396
-0.000182
-0.000039
-0.000046
-0.000060
0.000021
0.000110
0.000101
0.000055
0.000072
0.000091
0.000017
-0.000071
-0.000059
0.000023
0.000099
0.000151
0.000171
0.000142
0.000078
-0.000007
-0.000091
-0.000132
-0.000120
-0.000101
-0.000110
-0.000106
-0.000034
0.000069
0.000100
0.000015
-0.000132
-0.000227
-0.000199
-0.000094
0.000018
0.000114
0.000168
0.000142
0.000043
-0.000043
0.000000
0.000164
0.000282
0.000278
0.000230
0.000171
0.000066
-0.000055
-0.000123
-0.000139
-0.000152
-0.000166
-0.000133
-0.000073
-0.000072
-0.000115
-0.000110
-0.000073
-0.000060
-0.000049
-0.000033
-0.000036
-0.000034
0.000015
0.000104
0.000195
0.000229
0.000164
0.000061
0.000021
0.000050
0.000086
0.000093
0.000051
-0.000073
-0.000251
-0.000360
-0.000301
-0.000150
-0.000046
0.000010
0.000074
0.000094
0.000040
0.000019
0.000116
0.000250
0.000275
0.000177
0.000065
0.000016
-0.000001
-0.000045
-0.000116
-0.000156
-0.000142
-0.000105
-0.000069
-0.000031
0.000007
0.000025
-0.000007
-0.000073
-0.000097
-0.000026
0.000106
0.000195
0.000154
0.000049
0.000025
0.000083
0.000141
0.000170
0.000129
-0.000018
-0.000167
-0.000186
-0.000116
-0.000076
-0.000104
-0.000157
-0.000177
-0.000154
-0.000115
-0.000082
-0.000053
-0.000007
0.000064
0.000132
0.000157
0.000090
-0.000002
0.000059
0.000279
0.000432
0.000403
0.000293
0.000197
0.000105
-0.000008
-0.000142
-0.000252
-0.000270
-0.000211
-0.000199
-0.000323
-0.000476
-0.000464
-0.000275
-0.000073
0.000055
0.000129
0.000121
-0.000000
-0.000123
-0.000103
0.000025
0.000120
0.000162
0.000212
0.000250
0.000199
0.000060
-0.000048
0.000007
0.000176
0.000243
0.000123
-0.000038
-0.000089
-0.000070
-0.000080
-0.000089
-0.000028
0.000030
-0.000007
-0.000079
-0.000093
-0.000070
-0.000025
0.000066
0.000163
0.000185
0.000135
0.000069
0.000024
-0.000004
-0.000007
0.000046
0.000099
0.000052
-0.000054
-0.000100
-0.000093
-0.000102
-0.000115
-0.000100
-0.000109
-0.000183
-0.000252
-0.000198
-0.000025
0.000122
0.000143
0.000099
0.000084
0.000113
0.000164
0.000197
0.000146
0.000038
-0.000017
-0.000018
-0.000063
-0.000168
-0.000222
-0.000139
-0.000006
0.000024
-0.000025
-0.000021
0.000028
-0.000001
-0.000084
-0.000070
0.000055
0.000154
0.000187
0.000218
0.000219
0.000135
0.000060
0.000089
0.000140
0.000089
-0.000057
-0.000199
-0.000288
-0.000311
-0.000237
-0.000105
-0.000016
0.000000
-0.000034
-0.000112
-0.000174
-0.000128
0.000018
0.000159
0.000215
0.000198
0.000178
0.000174
0.000126
0.000040
0.000018
0.000097
0.000149
0.000051
-0.000137
-0.000257
-0.000255
-0.000198
-0.000153
-0.000114
-0.000062
-0.000029
-0.000041
-0.000058
-0.000038
0.000035
0.000168
0.000304
0.000330
0.000236
0.000129
0.000085
0.000086
0.000064
-0.000021
-0.000115
-0.000123
-0.000066
-0.000069
-0.000183
-0.000319
-0.000378
-0.000342
-0.000217
-0.000002
0.000220
0.000262
0.000050
-0.000200
-0.000232
-0.000060
0.000142
0.000286
0.000359
0.000344
0.000239
0.000092
-0.000018
-0.000027
0.000035
0.000059
0.000008
-0.000077
-0.000186
-0.000277
-0.000256
-0.000114
0.000032
0.000110
0.000184
0.000292
0.000342
0.000244
0.000053
-0.000075
-0.000075
-0.000030
0.000002
0.000018
0.000006
-0.000016
-0.000017
-0.000050
-0.000182
-0.000348
-0.000415
-0.000373
-0.000307
-0.000229
-0.000080
0.000111
0.000234
0.000260
0.000257
0.000233
0.000145
0.000040
0.000013
0.000060
0.000066
-0.000012
-0.000055
0.000031
0.000150
0.000195
0.000170
0.000099
0.000014
-0.000024
-0.000024
-0.000071
-0.000182
-0.000288
-0.000365
-0.000405
-0.000360
-0.000254
-0.000153
-0.000036
0.000114
0.000234
0.000314
0.000392
0.000428
0.000359
0.000233
0.000132
0.000063
0.000040
0.000066
0.000049
-0.000047
-0.000120
-0.000143
-0.000196
-0.000261
-0.000256
-0.000203
-0.000175
-0.000188
-0.000171
-0.000054
0.000096
0.000170
0.000192
0.000230
0.000253
0.000214
0.000121
0.000012
-0.000057
-0.000071
-0.000112
-0.000210
-0.000235
-0.000138
-0.000064
-0.000056
0.000008
0.000114
0.000116
0.000020
-0.000013
0.000094
0.000218
0.000217
0.000165
0.000192
0.000218
0.000115
-0.000044
-0.000122
-0.000148
-0.000252
-0.000419
-0.000481
-0.000366
-0.000167
0.000034
0.000172
0.000181
0.000091
0.000024
0.000058
0.000127
0.000119
0.000060
0.000067
0.000132
0.000175
0.000194
0.000179
0.000082
-0.000010
0.000025
0.000061
-0.000059
-0.000222
-0.000226
-0.000061
0.000087
0.000043
-0.000119
-0.000208
-0.000208
-0.000230
-0.000286
-0.000271
-0.000113
0.000127
0.000347
0.000484
0.000479
0.000362
0.000291
0.000338
0.000375
0.000273
0.000064
-0.000176
-0.000414
-0.000587
-0.000634
-0.000571
-0.000454
-0.000343
-0.000270
-0.000226
-0.000209
-0.000204
-0.000115
0.000094
0.000302
0.000432
0.000530
0.000582
0.000499
0.000319
0.000180
0.000136
0.000111
0.000033
-0.000072
-0.000146
-0.000199
-0.000241
-0.000237
-0.000228
-0.000309
-0.000398
-0.000294
-0.000016
0.000216
0.000305
0.000318
0.000295
0.000230
0.000180
0.000198
0.000195
0.000078
-0.000043
-0.000062
-0.000097
-0.000208
-0.000230
-0.000111
-0.000005
0.000039
0.000069
0.000040
-0.000025
-0.000058
-0.000185
-0.000402
-0.000383
-0.000102
0.000066
0.000039
0.000093
0.000283
0.000371
0.000249
0.000089
0.000053
0.000072
-0.000002
-0.000159
-0.000234
-0.000128
0.000050
0.000152
0.000148
0.000059
-0.000088
-0.000222
-0.000249
-0.000166
-0.000095
-0.000069
0.000025
0.000158
0.000177
0.000122
0.000157
0.000279
0.000326
0.000225
0.000094
0.000013
-0.000095
-0.000190
-0.000130
-0.000039
-0.000137
-0.000271
-0.000183
-0.000036
-0.000114
-0.000302
-0.000322
-0.000183
-0.000095
-0.000124
-0.000137
-0.000067
-0.000008
0.000053
0.000234
0.000450
0.000522
0.000489
0.000469
0.000393
0.000165
-0.000065
-0.000094
-0.000026
-0.000098
-0.000287
-0.000433
-0.000511
-0.000499
-0.000339
-0.000155
-0.000067
0.000034
0.000214
0.000312
0.000258
0.000203
0.000227
0.000306
0.000424
0.000439
0.000213
-0.000072
-0.000190
-0.000191
-0.000200
-0.000219
-0.000209
-0.000198
-0.000228
-0.000233
-0.000135
-0.000023
-0.000028
-0.000076
-0.000034
0.000046
0.000045
-0.000005
0.000005
0.000080
0.000142
0.000171
0.000222
0.000307
0.000366
0.000350
0.000285
0.000190
0.000037
-0.000171
-0.000387
-0.000566
-0.000639
-0.000544
-0.000336
-0.000144
-0.000018
0.000124
0.000320
0.000444
0.000417
0.000323
0.000210
0.000044
-0.000096
-0.000093
-0.000034
-0.000086
-0.000282
-0.000669
-0.001264
-0.001744
-0.001760
-0.001374
-0.000684
0.000436
0.001813
0.002899
0.003449
0.003619
0.003369
0.002463
0.001002
-0.000580
-0.001894
-0.002706
-0.002985
-0.002883
-0.002527
-0.002007
-0.001490
-0.001056
-0.000622
-0.000194
0.000156
0.000545
0.001123
0.001773
0.002276
0.002598
0.002738
0.002516
0.001793
0.000714
-0.000497
-0.001706
-0.002738
-0.003344
-0.003375
-0.002838
-0.001840
-0.000605
0.000562
0.001455
0.002046
0.002332
0.002267
0.001884
0.001366
0.000907
0.000551
0.000213
-0.000171
-0.000560
-0.000907
-0.001250
-0.001599
-0.001839
-0.001865
-0.001648
-0.001184
-0.000504
0.000270
0.000949
0.001401
0.001622
0.001638
0.001432
0.000991
0.000409
-0.000133
-0.000516
-0.000767
-0.000926
-0.000913
-0.000648
-0.000245
0.000049
0.000138
0.000131
0.000065
-0.000092
-0.000134
0.000142
0.000476
0.000574
0.000676
0.000958
0.000965
0.000450
-0.000078
-0.000292
-0.000547
-0.001007
-0.001182
-0.000796
-0.000371
-0.000343
-0.000249
0.000383
0.000922
0.000555
-0.000219
-0.000391
-0.000139
-0.000232
-0.000416
0.000012
0.000679
0.000748
0.000421
0.000392
0.000449
0.000047
-0.000431
-0.000363
-0.000128
-0.000377
-0.000720
-0.000410
0.000286
0.000544
0.000382
0.000491
0.000903
0.000959
0.000504
0.000036
-0.000265
-0.000642
-0.001000
-0.000966
-0.000634
-0.000463
-0.000508
-0.000441
-0.000213
-0.000094
-0.000082
0.000099
0.000437
0.000666
0.000780
0.000905
0.000883
0.000537
0.000061
-0.000273
-0.000477
-0.000634
-0.000691
-0.000608
-0.000450
-0.000247
0.000016
0.000282
0.000445
0.000475
0.000359
-0.000019
-0.000659
-0.001299
-0.001859
-0.002580
-0.003200
-0.002723
-0.000805
0.001544
0.003397
0.004881
0.006058
0.006213
0.004951
0.002835
0.000591
-0.001419
-0.002919
-0.003720
-0.003944
-0.003864
-0.003573
-0.002979
-0.002153
-0.001515
-0.001326
-0.001147
-0.000359
0.000903
0.002066
0.003078
0.004151
0.004940
0.004895
0.003950
0.002313
0.000169
-0.002135
-0.004114
-0.005455
-0.006002
-0.005618
-0.004319
-0.002408
-0.000325
0.001507
0.002803
0.003514
0.003737
0.003553
0.003097
0.002580
0.002114
0.001697
0.001261
0.000647
-0.000253
-0.001319
-0.002358
-0.003322
-0.004103
-0.004326
-0.003706
-0.002437
-0.000950
0.000465
0.001708
0.002793
0.003653
0.003943
0.003404
0.002278
0.000986
-0.000269
-0.001345
-0.002061
-0.002415
-0.002463
-0.002087
-0.001324
-0.000536
0.000110
0.000764
0.001421
0.001829
0.001870
0.001653
0.001315
0.000952
0.000592
0.000157
-0.000384
-0.000945
-0.001477
-0.001926
-0.002091
-0.001892
-0.001500
-0.000992
-0.000323
0.000385
0.000960
0.001396
0.001691
0.001696
0.001326
0.000749
0.000239
-0.000057
-0.000206
-0.000399
-0.000677
-0.000765
-0.000467
-0.000133
-0.000168
-0.000306
-0.000148
-0.000031
-0.000436
-0.001261
-0.002499
-0.004221
-0.005318
-0.004152
-0.000942
0.002490
0.005347
0.007910
0.009491
0.008949
0.006564
0.003422
0.000107
-0.002903
-0.004897
-0.005658
-0.005602
-0.005094
-0.004266
-0.003275
-0.002438
-0.002158
-0.002357
-0.002144
-0.000865
0.001033
0.002980
0.005029
0.006915
0.007725
0.007097
0.005467
0.003028
-0.000280
-0.003875
-0.006739
-0.008329
-0.008545
-0.007337
-0.004938
-0.002024
0.000638
0.002539
0.003588
0.004024
0.004071
0.003846
0.003563
0.003442
0.003410
0.003188
0.002574
0.001452
-0.000247
-0.002312
-0.004253
-0.005647
-0.006292
-0.006024
-0.004711
-0.002533
-0.000009
0.002314
0.004024
0.004832
0.004636
0.003613
0.002110
0.000442
-0.001116
-0.002210
-0.002492
-0.001965
-0.001109
-0.000519
-0.000426
-0.000554
-0.000504
-0.000275
-0.000149
-0.000071
0.000448
0.001573
0.002751
0.003393
0.003433
0.002954
0.001886
0.000302
-0.001425
-0.002892
-0.003810
-0.003971
-0.003347
-0.002205
-0.001005
-0.000098
0.000518
0.001006
0.001311
0.001281
0.001023
0.000814
0.000783
0.000836
0.000839
0.000756
0.000561
0.000192
-0.000335
-0.000869
-0.001250
-0.001395
-0.001259
-0.000839
-0.000216
0.000432
0.000914
0.001197
0.001346
0.001310
0.000993
0.000519
0.000217
0.000342
0.000682
0.000549
-0.000474
-0.001787
-0.002715
-0.004361
-0.008053
-0.011401
-0.010060
-0.004019
0.002551
0.007621
0.012261
0.015806
0.015963
0.012905
0.008352
0.002853
-0.002799
-0.006555
-0.007551
-0.007261
-0.007142
-0.007048
-0.006460
-0.005678
-0.005534
-0.006167
-0.006173
-0.004054
-0.000185
0.004150
0.008505
0.012293
0.013903
0.012649
0.009548
0.005225
-0.000371
-0.006105
-0.010151
-0.011961
-0.011910
-0.010123
-0.006945
-0.003341
-0.000151
0.002246
0.003716
0.004424
0.004785
0.005171
0.005799
0.006657
0.007343
0.007208
0.005825
0.003121
-0.000687
-0.004831
-0.008184
-0.010144
-0.010735
-0.009794
-0.007033
-0.002966
0.001149
0.004341
0.006241
0.006699
0.005783
0.003956
0.001956
0.000449
-0.000326
-0.000588
-0.000657
-0.000737
-0.000960
-0.001342
-0.001734
-0.001954
-0.001920
-0.001554
-0.000759
0.000405
0.001686
0.002790
0.003468
0.003560
0.002991
0.001771
0.000111
-0.001501
-0.002584
-0.003040
-0.003013
-0.002530
-0.001605
-0.000510
0.000371
0.000891
0.001159
0.001194
0.000927
0.000568
0.000406
0.000375
0.000254
0.000016
-0.000237
-0.000416
-0.000387
0.000005
0.000576
0.000750
0.000391
0.000290
0.000774
0.000572
-0.001477
-0.005671
-0.012613
-0.019361
-0.017430
-0.004331
0.009570
0.016164
0.020392
0.025762
0.025167
0.015969
0.005745
-0.002073
-0.009782
-0.014558
-0.012569
-0.008307
-0.007597
-0.008753
-0.008520
-0.008069
-0.009035
-0.010697
-0.010771
-0.006229
0.003020
0.012517
0.019098
0.023418
0.024277
0.019010
0.010171
0.002171
-0.005709
-0.014315
-0.019498
-0.018833
-0.015453
-0.011704
-0.007105
-0.002701
-0.000175
0.001286
0.002842
0.004331
0.006089
0.008742
0.011699
0.014007
0.014900
0.013058
0.007946
0.001110
-0.005828
-0.012185
-0.016476
-0.017129
-0.014756
-0.010763
-0.005387
0.000650
0.005321
0.007632
0.008137
0.007282
0.005590
0.004197
0.003478
0.002876
0.002334
0.001846
0.000515
-0.002088
-0.005052
-0.007487
-0.008976
-0.008798
-0.006576
-0.003011
0.001105
0.005245
0.008337
0.009422
0.008778
0.007075
0.004471
0.001363
-0.001311
-0.003216
-0.004912
-0.006369
-0.006521
-0.005178
-0.003654
-0.002500
-0.000798
0.001589
0.003481
0.004396
0.004854
0.004911
0.004321
0.003325
0.002073
0.000405
-0.001574
-0.003481
-0.004871
-0.005396
-0.005175
-0.004557
-0.003411
-0.001486
0.000724
0.002432
0.003583
0.004515
0.004999
0.004550
0.003384
0.002139
0.000899
-0.000569
-0.002032
-0.003108
-0.003799
-0.004189
-0.004217
-0.003730
-0.002539
-0.000814
0.000801
0.001929
0.002849
0.003658
0.003819
0.003077
0.001945
0.001069
0.000642
0.000372
-0.000072
-0.000594
-0.000963
-0.001304
-0.001653
-0.001570
-0.000990
-0.000531
-0.000251
0.000631
0.001787
0.000952
-0.003456
-0.009388
-0.012667
-0.011859
-0.008871
-0.004040
0.004298
0.014105
0.019961
0.020258
0.017763
0.013451
0.006625
-0.000319
-0.004030
-0.005180
-0.006268
-0.007447
-0.008036
-0.008966
-0.011187
-0.013778
-0.014845
-0.013158
-0.008765
-0.002444
0.005278
0.013427
0.019451
0.021202
0.019239
0.014979
0.008643
0.001092
-0.005241
-0.009094
-0.011248
-0.012170
-0.011682
-0.010501
-0.009542
-0.008516
-0.006750
-0.004233
-0.001031
0.003048
0.007766
0.012234
0.015371
0.016340
0.014866
0.011182
0.005771
-0.000436
-0.005997
-0.009840
-0.011827
-0.012096
-0.010828
-0.008765
-0.006576
-0.004074
-0.001322
0.000756
0.002116
0.004093
0.007088
0.009664
0.010436
0.009156
0.006121
0.001942
-0.002339
-0.005651
-0.007443
-0.007783
-0.006878
-0.004790
-0.002046
0.000102
0.000949
0.001242
0.002026
0.003246
0.004220
0.004761
0.004955
0.004456
0.002928
0.000688
-0.001737
-0.004029
-0.005675
-0.005931
-0.004614
-0.002523
-0.000757
0.000168
0.000487
0.000724
0.001094
0.001382
0.001430
0.001531
0.002047
0.002780
0.003150
0.002830
0.001768
0.000000
-0.002481
-0.007408
-0.017817
-0.029586
-0.028588
-0.008721
0.015292
0.027620
0.031041
0.032593
0.028238
0.016287
0.005096
-0.002128
-0.009357
-0.013747
-0.009772
-0.003025
-0.003447
-0.011090
-0.019273
-0.024012
-0.024500
-0.021131
-0.014473
-0.003713
0.010673
0.023909
0.031441
0.032748
0.027528
0.015829
0.003417
-0.002959
-0.004778
-0.007194
-0.010104
-0.011325
-0.012189
-0.014291
-0.016295
-0.016655
-0.014981
-0.010535
-0.002738
0.007278
0.016828
0.023046
0.024578
0.022092
0.016813
0.009693
0.002265
-0.003802
-0.008159
-0.010952
-0.011843
-0.011445
-0.011441
-0.012219
-0.012555
-0.011392
-0.008143
-0.002659
0.003857
0.009609
0.013840
0.016104
0.015401
0.011797
0.006862
0.001638
-0.003391
-0.006878
-0.007951
-0.007602
-0.006928
-0.006082
-0.005398
-0.005028
-0.004012
-0.001760
0.001012
0.003946
0.007308
0.010302
0.011276
0.009350
0.005063
0.000184
-0.003460
-0.005378
-0.005874
-0.005064
-0.003624
-0.002832
-0.002963
-0.003323
-0.003551
-0.003394
-0.002226
0.000238
0.003437
0.006126
0.007083
0.006166
0.004136
0.001466
-0.001449
-0.003542
-0.004025
-0.003229
-0.001769
-0.000084
0.001147
0.001268
0.000376
-0.000624
-0.000874
-0.000290
0.000743
0.001893
0.002694
0.002497
0.001105
-0.000895
-0.002562
-0.003232
-0.002927
-0.002038
-0.000727
0.000737
0.001604
0.001417
0.000590
-0.000052
0.000182
0.001349
0.002600
0.002936
0.001860
-0.001126
-0.007729
-0.019543
-0.030557
-0.026457
-0.003562
0.020483
0.029686
0.028674
0.025598
0.018254
0.007966
0.002583
0.001402
-0.001133
-0.002237
0.001228
0.002741
-0.003921
-0.015917
-0.027183
-0.033006
-0.030146
-0.020160
-0.008260
0.003413
0.014718
0.022530
0.024437
0.022398
0.017845
0.010917
0.005586
0.005602
0.007398
0.005314
-0.001132
-0.009775
-0.018746
-0.025059
-0.026070
-0.022188
-0.015206
-0.006297
0.003099
0.011013
0.015972
0.017496
0.016240
0.013809
0.011986
0.011732
0.012133
0.010731
0.006064
-0.000913
-0.008640
-0.016095
-0.021626
-0.023410
-0.021243
-0.015854
-0.007950
0.000486
0.006591
0.009468
0.010213
0.009674
0.008669
0.008585
0.009478
0.009538
0.007434
0.003451
-0.001426
-0.006158
-0.009760
-0.011165
-0.009611
-0.005870
-0.001947
0.001022
0.003063
0.004144
0.004373
0.004363
0.004491
0.004624
0.004306
0.003026
0.000945
-0.001325
-0.003731
-0.006157
-0.007534
-0.007077
-0.005296
-0.003024
-0.000608
0.001680
0.003357
0.004114
0.004149
0.003832
0.003320
0.002692
0.001954
0.000821
-0.000785
-0.002401
-0.003617
-0.004183
-0.003696
-0.002221
-0.000600
0.000595
0.001555
0.002459
0.002964
0.002731
0.002389
0.002886
0.003486
0.002617
0.000582
-0.002369
-0.009805
-0.023052
-0.031067
-0.019840
0.005264
0.023244
0.025296
0.019969
0.013473
0.006261
0.002752
0.005584
0.009081
0.009077
0.007588
0.004950
-0.001163
-0.010691
-0.021629
-0.030210
-0.030338
-0.020561
-0.007956
0.001155
0.007243
0.011080
0.011175
0.009331
0.009384
0.011103
0.012588
0.014478
0.016198
0.014162
0.006798
-0.003987
-0.015458
-0.023950
-0.025797
-0.021309
-0.014214
-0.007211
-0.001454
0.001911
0.003014
0.003983
0.006587
0.010526
0.014578
0.017961
0.019769
0.018411
0.013022
0.004771
-0.003979
-0.010995
-0.014777
-0.015252
-0.013869
-0.012131
-0.010583
-0.009435
-0.008638
-0.007234
-0.004121
0.000767
0.006608
0.012043
0.015417
0.015821
0.013477
0.008755
0.002336
-0.003600
-0.006675
-0.006962
-0.006139
-0.004710
-0.002766
-0.001798
-0.002609
-0.003657
-0.003399
-0.001503
0.002083
0.006441
0.009485
0.009894
0.007681
0.003580
-0.000855
-0.004129
-0.005869
-0.006067
-0.004795
-0.003086
-0.002317
-0.002795
-0.003672
-0.003760
-0.002477
-0.000086
0.002888
0.005607
0.006842
0.006086
0.003912
0.001041
-0.001695
-0.003201
-0.003065
-0.001943
-0.000815
-0.000382
-0.000755
-0.001479
-0.001951
-0.001646
-0.000337
0.001714
0.004052
0.006012
0.006420
0.004451
0.000891
-0.002153
-0.003278
-0.004812
-0.012060
-0.023591
-0.025749
-0.009206
0.013631
0.023524
0.018852
0.009850
0.002016
-0.001205
0.004318
0.014500
0.019647
0.016708
0.008787
-0.001143
-0.010160
-0.016740
-0.021826
-0.023631
-0.018574
-0.009667
-0.003887
-0.002128
-0.001179
-0.000758
-0.000452
0.003298
0.011062
0.018236
0.021479
0.020715
0.015800
0.007393
-0.001532
-0.008606
-0.012987
-0.013824
-0.011882
-0.010048
-0.009613
-0.009736
-0.010288
-0.010885
-0.008923
-0.002418
0.006943
0.015351
0.019984
0.020249
0.017277
0.012743
0.008095
0.004427
0.002178
0.000577
-0.001995
-0.006331
-0.011338
-0.015368
-0.017795
-0.018240
-0.015790
-0.010528
-0.004223
0.001377
0.005453
0.007565
0.007960
0.007952
0.008652
0.009770
0.010206
0.009175
0.006578
0.003073
-0.000177
-0.002565
-0.004533
-0.006298
-0.007002
-0.006039
-0.004080
-0.002166
-0.000882
-0.000412
-0.000356
0.000147
0.001527
0.003293
0.004372
0.003945
0.002359
0.000824
-0.000139
-0.001046
-0.002069
-0.002646
-0.002516
-0.002061
-0.001701
-0.001401
-0.000859
-0.000127
0.000321
0.000294
0.000114
0.000051
0.000066
0.000110
0.000266
0.000565
0.000884
0.001082
0.001065
0.000758
0.000305
0.000286
0.001113
0.002259
0.002929
0.003078
0.002776
0.001568
-0.000557
-0.002609
-0.003603
-0.004138
-0.007486
-0.015889
-0.022637
-0.015855
0.003348
0.018301
0.018734
0.010656
0.002394
-0.001955
0.001826
0.012891
0.021830
0.021320
0.012409
-0.000110
-0.010457
-0.014738
-0.014914
-0.013984
-0.011094
-0.007305
-0.007030
-0.009727
-0.010318
-0.007691
-0.003784
0.001850
0.009326
0.015364
0.017312
0.015702
0.011740
0.006584
0.002215
-0.000298
-0.001659
-0.002585
-0.003887
-0.006876
-0.010924
-0.013402
-0.013311
-0.011508
-0.008109
-0.003135
0.002033
0.005984
0.008278
0.009138
0.009562
0.010558
0.011747
0.012102
0.011168
0.008508
0.003721
-0.002219
-0.007284
-0.010261
-0.011257
-0.010881
-0.009935
-0.009302
-0.009134
-0.008552
-0.006761
-0.003872
-0.000389
0.003250
0.006507
0.008740
0.009474
0.008759
0.007345
0.006044
0.004761
0.002813
0.000656
0.000033
0.000892
0.000245
-0.003342
-0.007029
-0.007771
-0.005525
-0.001830
0.001324
0.002238
0.001082
-0.000642
-0.001621
-0.000878
0.001426
0.003440
0.003730
0.002611
0.000780
-0.001260
-0.002614
-0.002533
-0.001185
0.000486
0.001316
0.000780
-0.000595
-0.001989
-0.002723
-0.002194
-0.000646
0.000649
0.000845
0.000199
-0.000682
-0.001162
-0.000714
0.000485
0.001593
0.001980
0.001747
0.001482
0.001766
0.002638
0.003276
0.002751
0.001342
0.000320
0.000224
0.000222
-0.000724
-0.002720
-0.005316
-0.009275
-0.015500
-0.019154
-0.011470
0.005432
0.016216
0.012891
0.003600
-0.002496
-0.002397
0.005415
0.017414
0.024016
0.020009
0.008122
-0.005373
-0.012625
-0.010419
-0.005044
-0.002808
-0.003243
-0.006176
-0.012479
-0.017352
-0.015182
-0.007640
0.000303
0.006017
0.008534
0.008132
0.006558
0.005485
0.005773
0.007390
0.008751
0.007722
0.004191
0.000082
-0.003454
-0.006636
-0.008761
-0.008535
-0.006745
-0.005479
-0.005273
-0.005139
-0.004059
-0.001617
0.001669
0.004913
0.007747
0.009497
0.009106
0.007159
0.005556
0.004809
0.004036
0.002760
0.000992
-0.001242
-0.003695
-0.005979
-0.007634
-0.008219
-0.007867
-0.007172
-0.006326
-0.005179
-0.003820
-0.002395
-0.000795
0.001151
0.003291
0.004959
0.005401
0.004778
0.004410
0.005306
0.006772
0.007252
0.006038
0.003493
0.000564
-0.001492
-0.001968
-0.001477
-0.001418
-0.002730
-0.004917
-0.006348
-0.005930
-0.004130
-0.002150
-0.000800
-0.000247
-0.000264
-0.000431
-0.000119
0.001184
0.003126
0.004547
0.004588
0.003373
0.001648
0.000124
-0.000872
-0.001286
-0.001181
-0.000938
-0.001226
-0.002224
-0.003176
-0.003239
-0.002357
-0.001033
0.000226
0.001175
0.001748
0.001952
0.002057
0.002441
0.002974
0.003189
0.002925
0.002268
0.001355
0.000402
-0.000393
-0.000892
-0.001204
-0.001816
-0.002826
-0.003826
-0.005729
-0.009880
-0.013061
-0.008929
0.001656
0.009061
0.007562
0.001564
-0.002300
-0.001050
0.005288
0.013155
0.016806
0.013458
0.005058
-0.003235
-0.005626
-0.001566
0.002624
0.002042
-0.001990
-0.006975
-0.011503
-0.012846
-0.009332
-0.003502
0.000736
0.001538
-0.000424
-0.002479
-0.002114
0.000753
0.004574
0.007625
0.008217
0.005818
0.002156
-0.000258
-0.000566
0.000169
0.000599
0.000131
-0.001338
-0.003474
-0.005186
-0.005298
-0.003754
-0.001661
-0.000242
0.000195
0.000355
0.000977
0.002184
0.003805
0.005331
0.005871
0.005070
0.003483
0.001785
0.000450
-0.000154
-0.000171
-0.000424
-0.001677
-0.003792
-0.005758
-0.006595
-0.006117
-0.004899
-0.003711
-0.003094
-0.003131
-0.003103
-0.001701
0.001429
0.004691
0.006234
0.005942
0.005031
0.004644
0.005002
0.005384
0.005034
0.003749
0.001675
-0.000621
-0.002230
-0.002896
-0.003254
-0.003727
-0.004125
-0.004247
-0.004089
-0.003603
-0.002657
-0.001243
0.000235
0.001151
0.001428
0.001601
0.001919
0.002147
0.002206
0.002158
0.001813
0.000954
-0.000202
-0.001026
-0.001158
-0.001034
-0.001277
-0.001792
-0.001959
-0.001554
-0.000951
-0.000396
0.000282
0.001043
0.001526
0.001655
0.001676
0.001713
0.001665
0.001479
0.001283
0.001152
0.000992
0.000719
0.000207
-0.000687
-0.001668
-0.002052
-0.001735
-0.002032
-0.004480
-0.007656
-0.007280
-0.002124
0.002948
0.003088
-0.000405
-0.002717
-0.001249
0.003089
0.007731
0.010078
0.008542
0.003746
-0.000786
-0.001124
0.002360
0.004967
0.003394
-0.001000
-0.004852
-0.006241
-0.005304
-0.003171
-0.001153
-0.000656
-0.002264
-0.004312
-0.004297
-0.001883
0.001138
0.003077
0.003374
0.002337
0.000753
-0.000402
-0.000301
0.000958
0.002056
0.001722
0.000046
-0.001826
-0.002788
-0.002447
-0.001241
-0.000050
0.000395
-0.000153
-0.001075
-0.001009
0.000694
0.002970
0.004225
0.003927
0.002630
0.001239
0.000487
0.000556
0.001009
0.001148
0.000471
-0.000934
-0.002337
-0.002956
-0.002707
-0.002214
-0.002174
-0.002835
-0.003673
-0.003503
-0.001776
0.000272
0.001058
0.000748
0.000529
0.000920
0.001818
0.002880
0.003528
0.003360
0.002424
0.001211
0.000609
0.001001
0.001449
0.000904
-0.000343
-0.001321
-0.001662
-0.001537
-0.001161
-0.000770
-0.000601
-0.000711
-0.000918
-0.000911
-0.000504
0.000083
0.000367
0.000175
-0.000195
-0.000423
-0.000505
-0.000493
-0.000341
-0.000217
-0.000365
-0.000625
-0.000655
-0.000306
0.000361
0.000982
0.001097
0.000714
0.000255
0.000098
0.000397
0.000976
0.001364
0.001265
0.000901
0.000625
0.000394
0.000035
-0.000366
-0.000684
-0.000880
-0.000800
-0.000293
0.000386
0.000693
0.000365
-0.000340
-0.000971
-0.001500
-0.002339
-0.003223
-0.003047
-0.001780
-0.000779
-0.000622
-0.000790
-0.000943
-0.000621
0.000794
0.002848
0.004314
0.004440
0.003219
0.001768
0.001754
0.003019
0.003590
0.002518
0.000549
-0.001321
-0.002317
-0.002115
-0.001317
-0.000867
-0.001247
-0.002279
-0.003131
-0.003014
-0.002013
-0.000747
0.000294
0.000776
0.000646
0.000269
0.000041
0.000104
0.000367
0.000557
0.000462
0.000075
-0.000428
-0.000760
-0.000772
-0.000630
-0.000487
-0.000305
-0.000109
0.000093
0.000491
0.001125
0.001691
0.001884
0.001657
0.001238
0.000979
0.000956
0.000957
0.000841
0.000492
-0.000130
-0.000655
-0.000724
-0.000688
-0.001057
-0.001527
-0.001416
-0.000715
-0.000098
-0.000235
-0.001062
-0.001718
-0.001559
-0.000802
-0.000065
0.000167
-0.000226
-0.000756
-0.000639
0.000295
0.001337
0.001698
0.001295
0.000710
0.000561
0.000980
0.001599
0.001888
0.001566
0.000818
0.000090
-0.000308
-0.000389
-0.000430
-0.000687
-0.001106
-0.001419
-0.001464
-0.001267
-0.000898
-0.000498
-0.000268
-0.000227
-0.000175
0.000042
0.000322
0.000461
0.000460
0.000462
0.000494
0.000490
0.000424
0.000322
0.000173
-0.000089
-0.000434
-0.000684
-0.000703
-0.000495
-0.000163
0.000129
0.000282
0.000366
0.000445
0.000500
0.000593
0.000774
0.000911
0.000848
0.000562
0.000149
-0.000270
-0.000676
-0.001095
-0.001377
-0.001319
-0.001084
-0.001110
-0.001433
-0.001575
-0.001182
-0.000376
0.000419
0.000847
0.000962
0.001085
0.001324
0.001570
0.001792
0.001891
0.001558
0.000760
0.000081
0.000011
0.000231
0.000190
-0.000116
-0.000441
-0.000760
-0.001037
-0.001006
-0.000569
-0.000042
0.000219
0.000144
-0.000121
-0.000374
-0.000466
-0.000353
-0.000075
0.000127
-0.000080
-0.000576
-0.000805
-0.000542
-0.000130
0.000020
-0.000174
-0.000471
-0.000596
-0.000476
-0.000139
0.000304
0.000593
0.000577
0.000455
0.000531
0.000805
0.000986
0.000891
0.000664
0.000544
0.000526
0.000429
0.000250
0.000178
0.000227
0.000129
-0.000215
-0.000550
-0.000668
-0.000600
-0.000495
-0.000528
-0.000694
-0.000801
-0.000806
-0.000806
-0.000760
-0.000609
-0.000441
-0.000298
-0.000095
0.000176
0.000412
0.000549
0.000641
0.000775
0.000910
0.000912
0.000730
0.000382
-0.000076
-0.000478
-0.000648
-0.000546
-0.000256
0.000099
0.000348
0.000351
0.000126
-0.000152
-0.000239
0.000035
0.000532
0.000845
0.000778
0.000536
0.000335
0.000121
-0.000209
-0.000569
-0.000824
-0.000977
-0.001042
-0.000942
-0.000694
-0.000465
-0.000339
-0.000244
-0.000103
0.000091
0.000283
0.000399
0.000449
0.000521
0.000644
0.000775
0.000886
0.000921
0.000808
0.000568
0.000251
-0.000096
-0.000337
-0.000401
-0.000398
-0.000412
-0.000408
-0.000433
-0.000588
-0.000804
-0.000926
-0.000880
-0.000608
-0.000189
0.000060
-0.000015
-0.000189
-0.000225
-0.000068
0.000272
0.000663
0.000800
0.000554
0.000234
0.000180
0.000387
0.000695
0.000926
0.000931
0.000774
0.000622
0.000471
0.000265
0.000078
-0.000040
-0.000201
-0.000437
-0.000538
-0.000419
-0.000304
-0.000362
-0.000525
-0.000656
-0.000695
-0.000636
-0.000488
-0.000316
-0.000203
-0.000180
-0.000259
-0.000381
-0.000384
-0.000221
-0.000007
0.000189
0.000323
0.000344
0.000310
0.000319
0.000407
0.000575
0.000742
0.000786
0.000726
0.000660
0.000595
0.000444
0.000142
-0.000244
-0.000499
-0.000449
-0.000202
-0.000073
-0.000167
-0.000292
-0.000341
-0.000410
-0.000561
-0.000695
-0.000696
-0.000566
-0.000387
-0.000229
-0.000070
0.000099
0.000153
0.000017
-0.000158
-0.000243
-0.000264
-0.000172
0.000106
0.000430
0.000577
0.000527
0.000438
0.000424
0.000475
0.000502
0.000449
0.000374
0.000327
0.000232
0.000078
-0.000038
-0.000105
-0.000185
-0.000255
-0.000231
-0.000124
-0.000067
-0.000124
-0.000172
-0.000110
-0.000044
-0.000115
-0.000269
-0.000360
-0.000346
-0.000271
-0.000187
-0.000148
-0.000161
-0.000151
-0.000066
-0.000008
-0.000097
-0.000175
0.000012
0.000365
0.000585
0.000613
0.000560
0.000483
0.000425
0.000433
0.000412
0.000187
-0.000190
-0.000483
-0.000597
-0.000589
-0.000504
-0.000411
-0.000380
-0.000414
-0.000456
-0.000411
-0.000259
-0.000074
0.000093
0.000234
0.000376
0.000528
0.000644
0.000674
0.000576
0.000350
0.000083
-0.000103
-0.000150
-0.000066
0.000106
0.000267
0.000335
0.000351
0.000332
0.000160
-0.000168
-0.000453
-0.000533
-0.000403
-0.000182
-0.000034
-0.000042
-0.000155
-0.000269
-0.000340
-0.000366
-0.000312
-0.000206
-0.000129
-0.000063
0.000032
0.000116
0.000169
0.000212
0.000218
0.000138
0.000001
-0.000080
-0.000027
0.000124
0.000285
0.000355
0.000294
0.000184
0.000169
0.000292
0.000395
0.000297
0.000070
-0.000097
-0.000201
-0.000322
-0.000402
-0.000343
-0.000206
-0.000158
-0.000259
-0.000405
-0.000487
-0.000494
-0.000439
-0.000303
-0.000075
0.000141
0.000151
-0.000035
-0.000124
0.000037
0.000254
0.000368
0.000468
0.000628
0.000756
0.000725
0.000487
0.000136
-0.000117
-0.000157
-0.000088
-0.000033
-0.000026
-0.000106
-0.000276
-0.000452
-0.000518
-0.000395
-0.000110
0.000231
0.000457
0.000418
0.000192
-0.000008
-0.000085
-0.000079
-0.000079
-0.000161
-0.000299
-0.000390
-0.000358
-0.000249
-0.000202
-0.000284
-0.000383
-0.000353
-0.000183
-0.000009
0.000104
0.000294
0.000602
0.000833
0.000861
0.000780
0.000686
0.000553
0.000363
0.000179
0.000027
-0.000167
-0.000440
-0.000702
-0.000836
-0.000804
-0.000670
-0.000521
-0.000404
-0.000356
-0.000333
-0.000180
0.000126
0.000375
0.000447
0.000444
0.000444
0.000395
0.000269
0.000107
-0.000033
-0.000089
-0.000008
0.000194
0.000400
0.000464
0.000313
0.000039
-0.000145
-0.000103
0.000113
0.000351
0.000468
0.000377
0.000074
-0.000291
-0.000491
-0.000473
-0.000391
-0.000376
-0.000408
-0.000360
-0.000222
-0.000140
-0.000174
-0.000258
-0.000333
-0.000344
-0.000255
-0.000088
0.000063
0.000074
-0.000001
0.000026
0.000174
0.000330
0.000443
0.000503
0.000504
0.000455
0.000368
0.000276
0.000242
0.000279
0.000305
0.000233
0.000064
-0.000111
-0.000220
-0.000294
-0.000382
-0.000470
-0.000538
-0.000584
-0.000601
-0.000591
-0.000529
-0.000355
-0.000064
0.000202
0.000280
0.000219
0.000204
0.000268
0.000308
0.000273
0.000225
0.000246
0.000300
0.000271
0.000187
0.000171
0.000183
0.000087
-0.000064
-0.000090
0.000013
0.000089
0.000081
0.000076
0.000126
0.000159
0.000095
-0.000027
-0.000100
-0.000100
-0.000096
-0.000113
-0.000114
-0.000128
-0.000253
-0.000445
-0.000529
-0.000461
-0.000348
-0.000232
-0.000117
-0.000066
-0.000079
-0.000042
0.000140
0.000393
0.000514
0.000417
0.000238
0.000132
0.000107
0.000097
0.000076
0.000067
0.000120
0.000237
0.000297
0.000187
-0.000011
-0.000167
-0.000250
-0.000202
-0.000030
0.000087
0.000045
-0.000084
-0.000226
-0.000328
-0.000332
-0.000224
-0.000050
0.000105
0.000184
0.000173
0.000016
-0.000291
-0.000541
-0.000538
-0.000351
-0.000135
0.000070
0.000226
0.000228
0.000096
0.000009
0.000062
0.000203
0.000346
0.000470
0.000588
0.000671
0.000651
0.000503
0.000271
0.000046
-0.000092
-0.000156
-0.000216
-0.000274
-0.000264
-0.000200
-0.000223
-0.000400
-0.000604
-0.000629
-0.000430
-0.000142
0.000115
0.000298
0.000351
0.000243
0.000080
-0.000012
-0.000029
0.000006
0.000077
0.000099
0.000017
-0.000075
-0.000083
-0.000089
-0.000165
-0.000205
-0.000120
0.000040
0.000167
0.000188
0.000129
0.000082
0.000070
0.000056
0.000069
0.000152
0.000234
0.000201
0.000031
-0.000166
-0.000242
-0.000197
-0.000128
-0.000039
0.000071
0.000078
-0.000044
-0.000117
-0.000056
-0.000011
-0.000067
-0.000122
-0.000102
-0.000027
0.000066
0.000142
0.000151
0.000086
-0.000023
-0.000159
-0.000263
-0.000214
0.000000
0.000203
0.000215
0.000056
-0.000115
-0.000189
-0.000111
0.000116
0.000329
0.000373
0.000304
0.000191
0.000002
-0.000193
-0.000243
-0.000187
-0.000201
-0.000297
-0.000307
-0.000176
-0.000047
0.000012
0.000058
0.000134
0.000243
0.000315
0.000261
0.000136
0.000074
0.000093
0.000108
0.000088
0.000015
-0.000152
-0.000347
-0.000400
-0.000269
-0.000086
0.000015
0.000003
-0.000070
-0.000099
0.000025
0.000285
0.000495
0.000482
0.000273
0.000069
-0.000003
-0.000036
-0.000127
-0.000207
-0.000230
-0.000268
-0.000317
-0.000267
-0.000088
0.000051
-0.000031
-0.000195
-0.000127
0.000145
0.000351
0.000396
0.000340
0.000236
0.000119
0.000006
-0.000082
-0.000067
0.000046
0.000086
-0.000007
-0.000053
-0.000017
-0.000098
-0.000277
-0.000291
-0.000103
0.000125
0.000330
0.000468
0.000449
0.000275
0.000052
-0.000150
-0.000324
-0.000428
-0.000424
-0.000377
-0.000349
-0.000305
-0.000231
-0.000184
-0.000160
-0.000077
0.000066
0.000191
0.000254
0.000260
0.000256
0.000288
0.000322
0.000296
0.000198
0.000039
-0.000146
-0.000248
-0.000193
-0.000057
0.000016
-0.000017
-0.000051
0.000000
0.000056
0.000026
0.000001
0.000068
0.000137
0.000126
0.000088
0.000067
0.000032
-0.000063
-0.000212
-0.000326
-0.000312
-0.000206
-0.000147
-0.000172
-0.000184
-0.000147
-0.000120
-0.000100
-0.000007
0.000199
0.000428
0.000547
0.000559
0.000543
0.000481
0.000320
0.000065
-0.000185
-0.000275
-0.000193
-0.000079
0.000011
0.000034
-0.000131
-0.000418
-0.000531
-0.000365
-0.000141
-0.000032
0.000032
0.000078
0.000021
-0.000089
-0.000090
0.000037
0.000128
0.000060
-0.000107
-0.000200
-0.000157
-0.000065
0.000034
0.000160
0.000269
0.000266
0.000184
0.000197
0.000337
0.000409
0.000301
0.000127
0.000015
-0.000031
-0.000058
-0.000108
-0.000200
-0.000302
-0.000344
-0.000309
-0.000241
-0.000167
-0.000106
-0.000090
-0.000101
-0.000067
0.000024
0.000097
0.000120
0.000097
0.000024
-0.000030
0.000029
0.000197
0.000335
0.000309
0.000171
0.000079
0.000096
0.000160
0.000160
0.000063
-0.000044
-0.000084
-0.000108
-0.000153
-0.000180
-0.000229
-0.000361
-0.000467
-0.000400
-0.000187
0.000028
0.000132
0.000126
0.000092
0.000066
0.000017
-0.000006
0.000108
0.000311
0.000371
0.000202
0.000003
-0.000026
0.000084
0.000155
0.000058
-0.000115
-0.000157
-0.000075
-0.000082
-0.000198
-0.000221
-0.000101
0.000026
0.000074
0.000053
-0.000020
-0.000111
-0.000131
-0.000026
0.000108
0.000154
0.000138
0.000116
0.000070
0.000016
0.000035
0.000113
0.000119
0.000020
-0.000057
-0.000060
-0.000070
-0.000096
-0.000064
-0.000006
-0.000027
-0.000106
-0.000118
-0.000044
-0.000012
-0.000100
-0.000215
-0.000205
-0.000049
0.000113
0.000159
0.000144
0.000167
0.000199
0.000175
0.000177
0.000268
0.000334
0.000265
0.000125
0.000019
-0.000079
-0.000251
-0.000445
-0.000508
-0.000416
-0.000298
-0.000222
-0.000145
-0.000059
0.000002
0.000076
0.000182
0.000241
0.000270
0.000365
0.000450
0.000380
0.000200
0.000031
-0.000102
-0.000215
-0.000335
-0.000478
-0.000548
-0.000433
-0.000207
-0.000036
0.000047
0.000112
0.000189
0.000252
0.000276
0.000262
0.000250
0.000270
0.000289
0.000259
0.000177
0.000032
-0.000174
-0.000346
-0.000374
-0.000266
-0.000134
-0.000070
-0.000052
-0.000007
0.000057
0.000086
0.000101
0.000166
0.000234
0.000187
0.000012
-0.000169
-0.000242
-0.000215
-0.000173
-0.000160
-0.000163
-0.000174
-0.000162
-0.000082
0.000063
0.000181
0.000191
0.000157
0.000207
0.000306
0.000308
0.000186
0.000062
-0.000002
-0.000068
-0.000167
-0.000231
-0.000227
-0.000191
-0.000107
0.000047
0.000162
0.000102
-0.000110
-0.000292
-0.000283
-0.000110
0.000052
0.000118
0.000177
0.000273
0.000300
0.000195
0.000071
0.000037
0.000053
0.000084
0.000117
0.000055
-0.000138
-0.000321
-0.000370
-0.000303
-0.000168
0.000008
0.000141
0.000122
-0.000002
-0.000068
-0.000047
-0.000049
-0.000108
-0.000134
-0.000076
0.000013
0.000087
0.000169
0.000274
0.000336
0.000309
0.000246
0.000194
0.000134
0.000040
-0.000097
-0.000233
-0.000282
-0.000242
-0.000227
-0.000295
-0.000346
-0.000290
-0.000195
-0.000143
-0.000113
-0.000038
0.000118
0.000295
0.000397
0.000414
0.000387
0.000302
0.000167
0.000091
0.000093
0.000047
-0.000083
-0.000172
-0.000126
-0.000012
0.000046
0.000024
-0.000056
-0.000190
-0.000287
-0.000244
-0.000115
-0.000058
-0.000108
-0.000127
-0.000003
0.000171
0.000260
0.000261
0.000172
-0.000020
-0.000155
-0.000062
0.000138
0.000195
0.000095
-0.000008
-0.000077
-0.000174
-0.000245
-0.000153
0.000055
0.000170
0.000160
0.000176
0.000225
0.000162
-0.000028
-0.000190
-0.000262
-0.000293
-0.000288
-0.000224
-0.000106
0.000034
0.000130
0.000142
0.000109
0.000083
0.000089
0.000089
0.000055
0.000082
0.000225
0.000278
0.000043
-0.000330
-0.000504
-0.000363
-0.000077
0.000131
0.000193
0.000167
0.000097
-0.000004
-0.000096
-0.000138
-0.000145
-0.000138
-0.000115
-0.000071
0.000023
0.000197
0.000379
0.000401
0.000223
0.000023
-0.000061
-0.000066
-0.000049
-0.000001
0.000084
0.000143
0.000120
0.000046
-0.000037
-0.000148
-0.000289
-0.000366
-0.000283
-0.000092
0.000068
0.000122
0.000086
0.000015
-0.000032
-0.000060
-0.000093
-0.000101
-0.000042
0.000054
0.000133
0.000159
0.000098
-0.000026
-0.000072
0.000038
0.000182
0.000220
0.000142
0.000030
-0.000027
-0.000029
-0.000024
0.000005
0.000088
0.000157
0.000094
-0.000114
-0.000303
-0.000312
-0.000204
-0.000165
-0.000228
-0.000230
-0.000070
0.000167
0.000341
0.000339
0.000110
-0.000191
-0.000331
-0.000270
-0.000110
0.000055
0.000146
0.000127
0.000064
0.000065
0.000152
0.000229
0.000191
0.000070
0.000035
0.000121
0.000176
0.000151
0.000129
0.000115
0.000080
0.000044
0.000004
-0.000038
-0.000054
-0.000064
-0.000134
-0.000246
-0.000273
-0.000181
-0.000089
-0.000096
-0.000167
-0.000209
-0.000178
-0.000104
-0.000031
0.000012
0.000019
0.000039
0.000120
0.000214
0.000237
0.000192
0.000141
0.000103
0.000055
-0.000004
-0.000022
0.000034
0.000120
0.000146
0.000064
-0.000078
-0.000192
-0.000227
-0.000198
-0.000161
-0.000197
-0.000353
-0.000517
-0.000482
-0.000230
0.000063
0.000251
0.000288
0.000214
0.000179
0.000271
0.000378
0.000386
0.000373
0.000412
0.000385
0.000213
0.000027
-0.000051
-0.000065
-0.000104
-0.000191
-0.000294
-0.000361
-0.000360
-0.000297
-0.000199
-0.000080
0.000035
0.000101
0.000081
-0.000021
-0.000127
-0.000122
0.000003
0.000115
0.000109
0.000030
-0.000050
-0.000114
-0.000117
-0.000028
0.000076
0.000106
0.000089
0.000103
0.000175
0.000285
0.000384
0.000380
0.000226
0.000030
-0.000070
-0.000074
-0.000076
-0.000146
-0.000255
-0.000329
-0.000327
-0.000281
-0.000263
-0.000275
-0.000234
-0.000110
0.000029
0.000128
0.000188
0.000211
0.000242
0.000306
0.000297
0.000144
-0.000040
-0.000119
-0.000114
-0.000116
-0.000137
-0.000117
-0.000041
0.000024
0.000062
0.000156
0.000269
0.000261
0.000180
0.000158
0.000137
0.000022
-0.000135
-0.000233
-0.000251
-0.000234
-0.000230
-0.000228
-0.000193
-0.000128
-0.000085
-0.000097
-0.000112
-0.000064
0.000014
0.000025
0.000008
0.000135
0.000376
0.000499
0.000434
0.000314
0.000242
0.000218
0.000194
0.000133
0.000057
-0.000012
-0.000121
-0.000297
-0.000438
-0.000432
-0.000314
-0.000214
-0.000198
-0.000239
-0.000293
-0.000352
-0.000373
-0.000260
0.000005
0.000270
0.000348
0.000256
0.000161
0.000128
0.000098
0.000054
0.000036
0.000057
0.000101
0.000167
0.000249
0.000284
0.000216
0.000109
0.000078
0.000115
0.000130
0.000111
0.000086
0.000049
-0.000004
-0.000080
-0.000191
-0.000304
-0.000353
-0.000289
-0.000129
0.000043
0.000125
0.000072
-0.000046
-0.000108
-0.000072
-0.000006
-0.000009
-0.000055
-0.000014
0.000123
0.000188
0.000087
-0.000092
-0.000217
-0.000224
-0.000118
0.000068
0.000241
0.000261
0.000113
-0.000021
0.000002
0.000093
0.000110
0.000079
0.000073
0.000065
-0.000020
-0.000168
-0.000267
-0.000280
-0.000266
-0.000198
-0.000050
0.000078
0.000112
0.000087
0.000048
0.000053
0.000141
0.000225
0.000191
0.000095
0.000054
0.000024
-0.000050
-0.000087
-0.000048
-0.000038
-0.000112
-0.000196
-0.000213
-0.000148
-0.000044
0.000025
0.000045
0.000088
0.000178
0.000208
0.000113
0.000016
0.000045
0.000136
0.000147
0.000061
-0.000031
-0.000069
-0.000089
-0.000143
-0.000205
-0.000229
-0.000222
-0.000188
-0.000104
-0.000038
-0.000047
-0.000032
0.000099
0.000255
0.000303
0.000241
0.000143
0.000051
0.000011
0.000041
0.000079
0.000059
-0.000003
-0.000038
-0.000027
-0.000022
-0.000079
-0.000177
-0.000213
-0.000148
-0.000075
-0.000039
0.000010
0.000045
0.000022
0.000028
0.000112
0.000147
0.000072
0.000022
0.000057
0.000026
-0.000156
-0.000328
-0.000307
-0.000137
-0.000000
0.000047
0.000087
0.000144
0.000140
0.000040
-0.000063
-0.000063
0.000045
0.000194
0.000296
0.000285
0.000218
0.000194
0.000194
0.000147
0.000069
0.000014
0.000001
-0.000008
-0.000058
-0.000162
-0.000289
-0.000329
-0.000218
-0.000068
-0.000033
-0.000105
-0.000189
-0.000233
-0.000199
-0.000075
0.000079
0.000187
0.000233
0.000251
0.000224
0.000105
-0.000050
-0.000124
-0.000100
-0.000062
-0.000067
-0.000069
-0.000041
-0.000059
-0.000168
-0.000252
-0.000180
0.000006
0.000160
0.000217
0.000204
0.000136
-0.000007
-0.000170
-0.000193
-0.000001
0.000234
0.000307
0.000243
0.000183
0.000148
0.000070
-0.000051
-0.000126
-0.000101
-0.000040
-0.000044
-0.000123
-0.000200
-0.000217
-0.000165
-0.000055
0.000066
0.000108
0.000053
-0.000000
0.000007
0.000006
-0.000047
-0.000073
-0.000014
0.000071
0.000131
0.000190
0.000238
0.000220
0.000137
0.000038
-0.000052
-0.000105
-0.000091
-0.000053
-0.000066
-0.000126
-0.000164
-0.000161
-0.000170
-0.000176
-0.000139
-0.000126
-0.000177
-0.000185
-0.000067
0.000118
0.000245
0.000270
0.000259
0.000242
0.000164
0.000072
0.000077
0.000141
0.000168
0.000184
0.000190
0.000099
-0.000073
-0.000197
-0.000234
-0.000232
-0.000198
-0.000120
-0.000021
0.000057
0.000058
-0.000036
-0.000138
-0.000161
-0.000143
-0.000183
-0.000285
-0.000306
-0.000128
0.000116
0.000205
0.000169
0.000174
0.000221
0.000199
0.000126
0.000099
0.000131
0.000175
0.000202
0.000178
0.000081
-0.000066
-0.000212
-0.000298
-0.000277
-0.000137
0.000065
0.000174
0.000056
-0.000142
-0.000141
0.000043
0.000164
0.000156
0.000165
0.000241
0.000255
0.000120
-0.000091
-0.000245
-0.000273
-0.000250
-0.000274
-0.000317
-0.000316
-0.000243
-0.000097
0.000034
0.000051
-0.000009
-0.000053
-0.000037
0.000054
0.000189
0.000296
0.000319
0.000273
0.000209
0.000129
0.000006
-0.000081
-0.000037
0.000108
0.000246
0.000283
0.000173
-0.000031
-0.000189
-0.000204
-0.000117
-0.000066
-0.000114
-0.000215
-0.000314
-0.000356
-0.000323
-0.000280
-0.000249
-0.000149
0.000021
0.000164
0.000251
0.000343
0.000428
0.000428
0.000364
0.000318
0.000282
0.000208
0.000119
0.000037
-0.000075
-0.000213
-0.000269
-0.000170
-0.000031
-0.000016
-0.000126
-0.000218
-0.000233
-0.000250
-0.000284
-0.000212
-0.000001
0.000160
0.000110
-0.000051
-0.000107
-0.000008
0.000111
0.000140
0.000112
0.000116
0.000154
0.000142
0.000051
-0.000032
-0.000019
0.000067
0.000144
0.000164
0.000119
0.000040
-0.000017
-0.000057
-0.000134
-0.000255
-0.000338
-0.000307
-0.000205
-0.000121
-0.000070
-0.000031
-0.000013
0.000013
0.000109
0.000239
0.000298
0.000278
0.000233
0.000157
0.000043
-0.000020
0.000024
0.000100
0.000097
-0.000005
-0.000139
-0.000218
-0.000215
-0.000160
-0.000119
-0.000130
-0.000148
-0.000103
-0.000014
0.000029
-0.000011
-0.000057
-0.000043
-0.000004
0.000020
0.000062
0.000156
0.000247
0.000241
0.000156
0.000132
0.000174
0.000119
-0.000041
-0.000120
-0.000054
0.000024
0.000008
-0.000071
-0.000137
-0.000165
-0.000149
-0.000088
-0.000025
-0.000059
-0.000174
-0.000181
-0.000024
0.000104
0.000098
0.000084
0.000136
0.000099
-0.000117
-0.000291
-0.000218
-0.000049
0.000014
0.000024
0.000073
0.000086
0.000013
-0.000032
0.000055
0.000221
0.000336
0.000338
0.000245
0.000109
-0.000013
-0.000089
-0.000115
-0.000057
0.000090
0.000210
0.000172
-0.000009
-0.000203
-0.000305
-0.000277
-0.000137
0.000029
0.000108
0.000113
0.000122
0.000101
-0.000010
-0.000139
-0.000208
-0.000221
-0.000204
-0.000150
-0.000066
0.000007
0.000059
0.000089
0.000075
0.000035
0.000027
0.000062
0.000105
0.000132
0.000137
0.000088
-0.000001
-0.000032
0.000031
0.000051
-0.000082
-0.000255
-0.000318
-0.000298
-0.000258
-0.000168
-0.000049
0.000033
0.000100
0.000195
0.000261
0.000216
0.000100
0.000028
0.000017
0.000014
0.000035
0.000098
0.000130
0.000085
0.000039
0.000081
0.000190
0.000258
0.000216
0.000098
-0.000026
-0.000109
-0.000144
-0.000165
-0.000180
-0.000184
-0.000207
-0.000242
-0.000241
-0.000233
-0.000278
-0.000325
-0.000263
-0.000094
0.000083
0.000199
0.000270
0.000337
0.000389
0.000370
0.000280
0.000198
0.000163
0.000103
-0.000043
-0.000210
-0.000282
-0.000266
-0.000226
-0.000154
-0.000059
-0.000027
-0.000068
-0.000090
-0.000032
0.000090
0.000227
0.000308
0.000277
0.000144
0.000001
-0.000067
-0.000069
-0.000057
-0.000048
-0.000027
0.000001
0.000007
0.000015
0.000047
0.000048
-0.000028
-0.000130
-0.000148
-0.000028
0.000143
0.000218
0.000131
-0.000054
-0.000221
-0.000303
-0.000283
-0.000178
-0.000068
-0.000044
-0.000090
-0.000104
-0.000046
0.000061
0.000189
0.000285
0.000291
0.000200
0.000071
-0.000007
0.000014
0.000084
0.000107
0.000079
0.000106
0.000219
0.000265
0.000155
0.000019
-0.000005
0.000046
0.000058
-0.000020
-0.000144
-0.000230
-0.000267
-0.000325
-0.000411
-0.000437
-0.000338
-0.000186
-0.000099
-0.000064
-0.000017
0.000016
0.000007
-0.000020
-0.000051
-0.000036
0.000090
0.000263
0.000338
0.000275
0.000162
0.000099
0.000116
0.000156
0.000148
0.000117
0.000095
0.000034
-0.000070
-0.000127
-0.000105
-0.000064
-0.000040
-0.000014
0.000006
-0.000002
-0.000016
-0.000010
-0.000019
-0.000081
-0.000146
-0.000133
-0.000049
0.000035
0.000066
0.000037
-0.000012
-0.000031
-0.000048
-0.000110
-0.000147
-0.000067
0.000087
0.000208
0.000249
0.000242
0.000231
0.000197
0.000113
0.000033
-0.000009
-0.000052
-0.000088
-0.000060
0.000024
0.000080
0.000058
-0.000014
-0.000109
-0.000216
-0.000292
-0.000283
-0.000215
-0.000160
-0.000140
-0.000138
-0.000151
-0.000144
-0.000071
0.000051
0.000139
0.000178
0.000242
0.000336
0.000372
0.000315
0.000230
0.000190
0.000166
0.000101
0.000037
0.000019
-0.000018
-0.000124
-0.000229
-0.000236
-0.000161
-0.000111
-0.000120
-0.000149
-0.000198
-0.000234
-0.000173
-0.000055
0.000000
-0.000001
0.000020
0.000058
0.000072
0.000070
0.000078
0.000098
0.000124
0.000149
0.000157
0.000108
0.000016
-0.000040
-0.000023
0.000029
0.000052
0.000012
-0.000052
-0.000086
-0.000125
-0.000193
-0.000197
-0.000074
0.000083
0.000160
0.000147
0.000064
-0.000094
-0.000242
-0.000238
-0.000086
0.000032
0.000024
0.000018
0.000123
0.000233
0.000203
0.000070
-0.000009
0.000036
0.000119
0.000115
0.000028
-0.000035
-0.000014
0.000028
-0.000009
-0.000113
-0.000216
-0.000282
-0.000272
-0.000164
-0.000045
-0.000035
-0.000119
-0.000135
-0.000017
0.000136
0.000243
0.000323
0.000375
0.000336
0.000197
0.000069
0.000052
0.000094
0.000074
-0.000018
-0.000101
-0.000122
-0.000095
-0.000056
-0.000036
-0.000053
-0.000111
-0.000164
-0.000155
-0.000089
-0.000005
0.000079
0.000154
0.000171
0.000089
-0.000038
-0.000129
-0.000156
-0.000103
0.000021
0.000101
0.000041
-0.000057
-0.000057
-0.000032
-0.000097
-0.000192
-0.000203
-0.000116
0.000008
0.000100
0.000137
0.000153
0.000153
0.000097
-0.000003
-0.000046
0.000029
0.000141
0.000186
0.000162
0.000122
0.000089
0.000042
-0.000056
-0.000177
-0.000246
-0.000266
-0.000277
-0.000248
-0.000139
-0.000006
0.000068
0.000096
0.000105
0.000068
0.000020
0.000065
0.000200
0.000279
0.000210
0.000084
0.000023
-0.000002
-0.000061
-0.000104
-0.000072
-0.000040
-0.000055
-0.000067
-0.000065
-0.000067
-0.000061
-0.000043
-0.000052
-0.000083
-0.000068
-0.000008
0.000017
-0.000014
-0.000039
-0.000024
-0.000006
-0.000022
-0.000032
0.000013
0.000054
0.000039
0.000062
0.000161
0.000195
0.000099
0.000014
0.000048
0.000117
0.000089
-0.000034
-0.000133
-0.000131
-0.000050
0.000020
-0.000003
-0.000092
-0.000142
-0.000114
-0.000067
-0.000019
0.000057
0.000123
0.000118
0.000035
-0.000059
-0.000077
-0.000019
0.000082
0.000199
0.000207
0.000044
-0.000089
-0.000047
0.000038
0.000047
0.000036
0.000068
0.000100
0.000055
-0.000074
-0.000209
-0.000258
-0.000188
-0.000074
-0.000032
-0.000075
-0.000118
-0.000105
-0.000058
-0.000038
-0.000058
-0.000027
0.000125
0.000289
0.000301
0.000205
0.000186
0.000257
0.000240
0.000069
-0.000097
-0.000132
-0.000114
-0.000146
-0.000184
-0.000157
-0.000115
-0.000115
-0.000106
-0.000038
0.000029
0.000005
-0.000094
-0.000157
-0.000134
-0.000071
-0.000006
0.000063
0.000125
0.000157
0.000150
0.000111
0.000053
-0.000007
-0.000075
-0.000157
-0.000180
-0.000100
-0.000003
0.000033
0.000035
0.000045
0.000081
0.000109
0.000065
-0.000026
-0.000055
0.000037
0.000173
0.000221
0.000133
0.000007
-0.000048
-0.000038
-0.000007
0.000031
0.000056
0.000037
-0.000049
-0.000143
-0.000120
0.000018
0.000126
0.000161
0.000174
0.000140
0.000020
-0.000105
-0.000123
-0.000035
0.000058
0.000076
0.000027
-0.000051
-0.000134
-0.000210
-0.000266
-0.000267
-0.000201
-0.000125
-0.000111
-0.000139
-0.000132
-0.000079
-0.000015
0.000059
0.000153
0.000250
0.000307
0.000291
0.000204
0.000079
-0.000002
0.000030
0.000111
0.000119
0.000055
0.000018
0.000024
0.000017
-0.000018
-0.000062
-0.000076
-0.000030
0.000050
0.000114
0.000124
0.000066
-0.000017
-0.000046
-0.000042
-0.000090
-0.000173
-0.000192
-0.000132
-0.000076
-0.000085
-0.000126
-0.000111
-0.000029
0.000025
-0.000015
-0.000122
-0.000215
-0.000195
-0.000009
0.000233
0.000324
0.000204
0.000036
-0.000021
-0.000012
-0.000015
0.000042
0.000178
0.000242
0.000157
0.000050
0.000054
0.000101
0.000037
-0.000089
-0.000117
-0.000085
-0.000117
-0.000190
-0.000237
-0.000251
-0.000216
-0.000136
-0.000061
-0.000027
-0.000027
-0.000019
0.000024
0.000068
0.000117
0.000232
0.000376
0.000437
0.000389
0.000257
0.000045
-0.000175
-0.000259
-0.000204
-0.000159
-0.000177
-0.000187
-0.000182
-0.000189
-0.000145
-0.000030
0.000062
0.000075
0.000075
0.000107
0.000137
0.000155
0.000167
0.000128
0.000052
0.000033
0.000073
0.000080
0.000049
0.000048
0.000060
0.000009
-0.000069
-0.000085
-0.000087
-0.000145
-0.000188
-0.000126
-0.000004
0.000070
0.000054
-0.000016
-0.000076
-0.000083
-0.000039
0.000018
0.000056
0.000078
0.000097
0.000081
-0.000017
-0.000142
-0.000158
-0.000057
0.000029
0.000042
0.000048
0.000060
0.000018
-0.000064
-0.000109
-0.000121
-0.000101
0.000026
0.000220
0.000284
0.000161
-0.000017
-0.000128
-0.000147
-0.000085
0.000008
0.000074
0.000087
0.000057
-0.000018
-0.000124
-0.000194
-0.000147
-0.000007
0.000074
0.000003
-0.000088
-0.000046
0.000067
0.000119
0.000114
0.000110
0.000116
0.000103
0.000061
0.000019
-0.000013
-0.000046
-0.000050
-0.000013
-0.000008
-0.000049
-0.000036
0.000040
0.000038
-0.000070
-0.000123
-0.000055
0.000029
0.000061
0.000031
-0.000062
-0.000143
-0.000140
-0.000099
-0.000094
-0.000111
-0.000091
-0.000028
0.000039
0.000111
0.000170
0.000142
0.000045
0.000008
0.000056
0.000091
0.000074
0.000060
0.000073
0.000080
0.000068
0.000049
0.000006
-0.000060
-0.000099
-0.000085
-0.000052
-0.000004
0.000081
0.000150
0.000132
0.000041
-0.000051
-0.000064
0.000004
0.000013
-0.000111
-0.000214
-0.000171
-0.000090
-0.000096
-0.000127
-0.000084
-0.000045
-0.000086
-0.000081
0.000066
0.000230
0.000262
0.000182
0.000106
0.000085
0.000053
-0.000038
-0.000105
-0.000078
-0.000027
-0.000024
-0.000016
0.000035
0.000060
0.000063
0.000138
0.000262
0.000281
0.000173
0.000091
