2080
0.000613
0.000862
0.000895
0.000804
0.000730
0.000673
0.000643
0.000613
0.000398
0.000102
-0.000045
-0.000098
-0.000207
-0.000354
-0.000443
-0.000505
-0.000543
-0.000542
-0.000566
-0.000563
-0.000424
-0.000246
-0.000098
0.000064
0.000198
0.000334
0.000521
0.000709
0.000875
0.001000
0.001099
0.001185
0.001222
0.001189
0.001148
0.001142
0.001156
0.001154
0.001160
0.001246
0.001321
0.001288
0.001199
0.001041
0.000673
-0.000083
-0.001252
-0.002476
-0.003261
-0.003442
-0.003260
-0.002988
-0.002812
-0.002863
-0.003131
-0.003582
-0.003982
-0.003997
-0.003440
-0.002481
-0.001750
-0.001557
-0.001693
-0.001741
-0.001447
-0.000779
0.000223
0.001280
0.002181
0.002745
0.002842
0.002579
0.002275
0.002315
0.002653
0.002907
0.002829
0.002420
0.001863
0.001394
0.001138
0.000993
0.000863
0.000717
0.000381
-0.000207
-0.000877
-0.001341
-0.001429
-0.001305
-0.001209
-0.001189
-0.001219
-0.001222
-0.001091
-0.000830
-0.000488
-0.000078
0.000374
0.000733
0.000704
0.000212
-0.000256
-0.000270
-0.000013
0.000147
0.000155
0.000060
-0.000110
-0.000230
-0.000246
-0.000193
-0.000031
0.000217
0.000340
0.000213
-0.000075
-0.000270
-0.000249
-0.000087
0.000140
0.000352
0.000526
0.000681
0.000793
0.000789
0.000721
0.000724
0.000778
0.000763
0.000561
0.000243
0.000048
0.000103
0.000228
0.000195
0.000100
0.000067
-0.000007
-0.000181
-0.000344
-0.000410
-0.000410
-0.000320
-0.000116
0.000049
0.000173
0.000420
0.000647
0.000748
0.000908
0.001098
0.001155
0.001174
0.001292
0.001458
0.001599
0.001722
0.001804
0.001804
0.001734
0.001601
0.001455
0.001355
0.001320
0.001213
0.000838
0.000064
-0.001103
-0.002269
-0.002893
-0.003097
-0.003150
-0.002901
-0.002869
-0.003108
-0.003309
-0.003538
-0.003728
-0.003684
-0.003208
-0.002563
-0.002027
-0.001793
-0.001706
-0.001411
-0.000935
-0.000404
0.000298
0.001195
0.002068
0.002673
0.002891
0.002808
0.002622
0.002521
0.002497
0.002448
0.002290
0.002087
0.001920
0.001755
0.001445
0.001019
0.000750
0.000614
0.000384
-0.000038
-0.000541
-0.000943
-0.001153
-0.001210
-0.001228
-0.001209
-0.001179
-0.001122
-0.001020
-0.000803
-0.000263
0.000218
0.000113
-0.000367
-0.000776
-0.000913
-0.000672
-0.000236
-0.000080
-0.000254
-0.000393
-0.000249
0.000038
0.000261
0.000478
0.000731
0.000924
0.001034
0.001107
0.001129
0.001189
0.001318
0.001313
0.001156
0.001048
0.001026
0.000986
0.000865
0.000626
0.000389
0.000353
0.000269
-0.000153
-0.000613
-0.000759
-0.000672
-0.000561
-0.000469
-0.000465
-0.000579
-0.000623
-0.000648
-0.000851
-0.000817
-0.000323
0.000114
0.000362
0.000670
0.000950
0.001081
0.001183
0.001221
0.001142
0.001194
0.001499
0.001763
0.001837
0.001823
0.001710
0.001674
0.001794
0.001729
0.001485
0.001391
0.001409
0.001419
0.001470
0.001370
0.000582
-0.001211
-0.003629
-0.005455
-0.005465
-0.004142
-0.003375
-0.004109
-0.005352
-0.005813
-0.005374
-0.004692
-0.004273
-0.003826
-0.002839
-0.001564
-0.000792
-0.000748
-0.000810
-0.000405
0.000489
0.001441
0.002105
0.002600
0.003110
0.003508
0.003647
0.003777
0.004068
0.004248
0.004010
0.003283
0.002422
0.001917
0.001832
0.001722
0.001222
0.000500
-0.000182
-0.000830
-0.001493
-0.002084
-0.002444
-0.002428
-0.002237
-0.002320
-0.002728
-0.003170
-0.003355
-0.003129
-0.002567
-0.001872
-0.001229
-0.000706
-0.000352
-0.000162
0.000063
0.000481
0.000993
0.001355
0.001406
0.001275
0.001188
0.001202
0.001141
0.001073
0.001342
0.001911
0.002257
0.001841
0.001055
0.000741
0.001010
0.001335
0.001283
0.000852
0.000302
-0.000059
-0.000354
-0.000767
-0.001085
-0.001182
-0.001301
-0.001512
-0.001617
-0.001621
-0.001456
-0.001096
-0.000848
-0.000752
-0.000528
-0.000278
-0.000213
-0.000074
0.000309
0.000716
0.001021
0.001194
0.001149
0.001059
0.001304
0.001784
0.002141
0.002291
0.002137
0.001684
0.001293
0.001335
0.001740
0.002115
0.002144
0.001770
0.001305
0.001052
0.000966
0.000977
0.001040
0.000970
0.000790
0.000701
0.000598
0.000127
-0.001269
-0.003948
-0.007031
-0.008507
-0.007328
-0.005017
-0.003994
-0.004938
-0.006387
-0.006821
-0.006018
-0.004468
-0.002912
-0.001738
-0.000773
0.000240
0.001079
0.001391
0.001521
0.002057
0.003097
0.004314
0.005320
0.005683
0.005250
0.004566
0.004284
0.004495
0.004794
0.004695
0.003849
0.002350
0.000953
0.000164
-0.000126
-0.000284
-0.000747
-0.001500
-0.002255
-0.002943
-0.003566
-0.003941
-0.003910
-0.003522
-0.003035
-0.002815
-0.002936
-0.003156
-0.003216
-0.002868
-0.001931
-0.000641
0.000449
0.000992
0.001092
0.001125
0.001374
0.002002
0.002869
0.003520
0.003569
0.002865
0.001967
0.001851
0.002624
0.003107
0.002552
0.001732
0.001388
0.001398
0.001300
0.000901
0.000362
0.000085
0.000076
-0.000209
-0.000808
-0.001422
-0.001894
-0.002165
-0.002170
-0.002035
-0.002067
-0.002218
-0.002266
-0.002151
-0.001712
-0.000923
-0.000289
-0.000063
0.000073
0.000278
0.000567
0.001069
0.001692
0.002162
0.002462
0.002693
0.002795
0.002814
0.002896
0.003036
0.003146
0.003100
0.002716
0.002065
0.001575
0.001465
0.001602
0.001689
0.001445
0.000932
0.000473
0.000256
0.000159
0.000094
0.000103
0.000108
-0.000088
-0.000647
-0.001845
-0.004313
-0.007996
-0.011072
-0.010992
-0.007649
-0.004272
-0.003633
-0.005228
-0.006858
-0.007256
-0.006059
-0.003393
-0.000326
0.001953
0.003219
0.003824
0.003975
0.004015
0.004366
0.005165
0.006329
0.007513
0.008086
0.007483
0.005916
0.004351
0.003573
0.003626
0.003942
0.003724
0.002414
0.000258
-0.001827
-0.003127
-0.003552
-0.003505
-0.003511
-0.003913
-0.004571
-0.005072
-0.005320
-0.005313
-0.004885
-0.004024
-0.003151
-0.002610
-0.002324
-0.002222
-0.002065
-0.001429
-0.000256
0.001205
0.002557
0.003349
0.003511
0.003409
0.003499
0.003950
0.004513
0.004737
0.004419
0.003668
0.002330
0.000853
0.000518
0.001157
0.001318
0.000723
0.000250
-0.000198
-0.001058
-0.001779
-0.002047
-0.002109
-0.001871
-0.001469
-0.001642
-0.002103
-0.002294
-0.002493
-0.002486
-0.001834
-0.001181
-0.001087
-0.000949
-0.000725
-0.000724
-0.000334
0.000606
0.001240
0.001465
0.001753
0.001813
0.001772
0.002219
0.002715
0.002730
0.002636
0.002628
0.002549
0.002507
0.002475
0.002195
0.001831
0.001653
0.001403
0.000993
0.000756
0.000660
0.000471
0.000212
-0.000063
-0.000315
-0.000462
-0.000471
-0.000443
-0.000459
-0.000469
-0.000737
-0.001693
-0.003859
-0.007659
-0.011858
-0.013094
-0.009683
-0.004889
-0.002876
-0.003860
-0.005701
-0.007160
-0.007200
-0.004651
-0.000398
0.003315
0.005501
0.006383
0.006211
0.005629
0.005454
0.005830
0.006729
0.008123
0.009336
0.009249
0.007540
0.005048
0.002844
0.001634
0.001541
0.001861
0.001395
-0.000358
-0.002781
-0.004986
-0.006256
-0.006386
-0.005975
-0.005716
-0.005698
-0.005704
-0.005735
-0.005737
-0.005274
-0.004163
-0.002839
-0.001573
-0.000349
0.000520
0.000845
0.001084
0.001708
0.002657
0.003727
0.004712
0.005191
0.004994
0.004452
0.003995
0.003710
0.003536
0.003388
0.002997
0.002112
0.000536
-0.001019
-0.001702
-0.002026
-0.002625
-0.003012
-0.002757
-0.002681
-0.003040
-0.003259
-0.003231
-0.002927
-0.002105
-0.001189
-0.000745
-0.000345
0.000015
-0.000045
0.000026
0.000664
0.001182
0.001408
0.001709
0.001688
0.001412
0.001544
0.001938
0.002019
0.001916
0.001851
0.001619
0.001393
0.001395
0.001316
0.001067
0.000969
0.001039
0.001067
0.001127
0.001264
0.001328
0.001285
0.001043
0.000517
0.000085
0.000247
0.000878
0.001265
0.001121
0.000781
0.000351
0.000000
0.000169
0.000708
0.001033
0.000680
-0.000445
-0.002374
-0.005904
-0.011077
-0.014880
-0.013445
-0.007834
-0.003341
-0.002410
-0.003618
-0.005789
-0.007885
-0.007297
-0.003064
0.002235
0.006171
0.008415
0.009069
0.008401
0.007403
0.006755
0.006688
0.007627
0.009363
0.010502
0.009938
0.007837
0.004786
0.001507
-0.000804
-0.001314
-0.000798
-0.000899
-0.002197
-0.004213
-0.006317
-0.007820
-0.008374
-0.008271
-0.007793
-0.006929
-0.005955
-0.005204
-0.004394
-0.003328
-0.002390
-0.001552
-0.000283
0.001315
0.002680
0.003649
0.004314
0.004681
0.004894
0.005258
0.005659
0.005704
0.005412
0.005044
0.004531
0.003777
0.002976
0.002125
0.000993
-0.000300
-0.001633
-0.002813
-0.003576
-0.004217
-0.004851
-0.005201
-0.005144
-0.005071
-0.004844
-0.003931
-0.002935
-0.002276
-0.001372
-0.000176
0.000731
0.001515
0.002313
0.002708
0.002903
0.003299
0.003516
0.003417
0.003392
0.003147
0.002585
0.002204
0.001942
0.001551
0.001309
0.001175
0.000776
0.000366
0.000116
-0.000243
-0.000559
-0.000573
-0.000491
-0.000348
0.000150
0.000782
0.001139
0.001296
0.001345
0.001067
0.000768
0.001006
0.001544
0.002058
0.002432
0.002365
0.001866
0.001548
0.001579
0.001433
0.001049
0.000534
-0.000749
-0.004043
-0.009702
-0.015393
-0.016875
-0.012853
-0.007291
-0.004135
-0.003653
-0.005140
-0.007823
-0.008960
-0.006303
-0.001231
0.003761
0.007759
0.010457
0.011414
0.010887
0.009585
0.008126
0.007426
0.008187
0.009919
0.011150
0.010688
0.008270
0.004300
0.000069
-0.002656
-0.003365
-0.003179
-0.003273
-0.004036
-0.005505
-0.007305
-0.008813
-0.009843
-0.010353
-0.009942
-0.008501
-0.006579
-0.004555
-0.002626
-0.001376
-0.001044
-0.000774
0.000239
0.001818
0.003672
0.005555
0.006870
0.007304
0.007133
0.006642
0.005904
0.005094
0.004471
0.004076
0.003689
0.003090
0.002109
0.000585
-0.001253
-0.002853
-0.003963
-0.004644
-0.005089
-0.005364
-0.005850
-0.006900
-0.007502
-0.006863
-0.005802
-0.004971
-0.003574
-0.001524
0.000080
0.001304
0.002547
0.003278
0.003597
0.004252
0.004929
0.005353
0.005908
0.006011
0.005091
0.004057
0.003282
0.002211
0.001367
0.001043
0.000412
-0.000430
-0.000848
-0.001279
-0.001914
-0.002139
-0.002131
-0.002160
-0.001667
-0.000729
-0.000080
0.000375
0.000967
0.001240
0.001128
0.001279
0.001821
0.002364
0.002675
0.002787
0.002777
0.002830
0.003070
0.003282
0.003140
0.002308
0.000773
-0.001307
-0.004891
-0.010780
-0.016453
-0.017486
-0.013348
-0.008103
-0.004851
-0.003997
-0.005482
-0.008412
-0.009701
-0.007183
-0.002286
0.002840
0.007417
0.010834
0.012345
0.012155
0.010891
0.009027
0.007763
0.008153
0.009776
0.011364
0.011700
0.009873
0.005813
0.000957
-0.002716
-0.004497
-0.005024
-0.004951
-0.004868
-0.005446
-0.006697
-0.008241
-0.009900
-0.011232
-0.011388
-0.010192
-0.008041
-0.005105
-0.002052
-0.000117
0.000342
0.000226
0.000469
0.001460
0.003249
0.005403
0.007223
0.008302
0.008624
0.008140
0.006834
0.005245
0.004006
0.003255
0.002954
0.002924
0.002627
0.001550
-0.000285
-0.002381
-0.004455
-0.006183
-0.006859
-0.006690
-0.006331
-0.006020
-0.006351
-0.007397
-0.007975
-0.007098
-0.005252
-0.003022
-0.000387
0.001964
0.003475
0.004590
0.005402
0.005700
0.006034
0.006733
0.007333
0.007751
0.007875
0.006941
0.005048
0.003084
0.001320
-0.000035
-0.000596
-0.000705
-0.001024
-0.001535
-0.002111
-0.002879
-0.003483
-0.003492
-0.003036
-0.002213
-0.000952
0.000396
0.001331
0.001820
0.001899
0.001577
0.001381
0.001890
0.002905
0.003841
0.004465
0.004744
0.004687
0.004329
0.003822
0.003006
0.001339
-0.001780
-0.007137
-0.013708
-0.017636
-0.016125
-0.011361
-0.007306
-0.005126
-0.004998
-0.007179
-0.009614
-0.009195
-0.005850
-0.001539
0.003138
0.007942
0.011522
0.012950
0.012557
0.010803
0.008510
0.007269
0.007959
0.009930
0.011721
0.011942
0.009686
0.005445
0.000993
-0.002430
-0.004610
-0.005587
-0.005556
-0.005272
-0.005383
-0.005985
-0.007273
-0.009328
-0.011315
-0.011989
-0.010945
-0.008413
-0.004861
-0.001510
0.000375
0.000854
0.000823
0.000801
0.001198
0.002477
0.004544
0.006787
0.008632
0.009649
0.009350
0.007746
0.005670
0.003942
0.002919
0.002738
0.003057
0.003039
0.002248
0.000697
-0.001485
-0.003790
-0.005535
-0.006693
-0.007992
-0.008592
-0.006977
-0.004759
-0.004477
-0.005544
-0.006282
-0.007123
-0.007280
-0.004449
0.000102
0.003606
0.005773
0.006889
0.006620
0.005912
0.005669
0.005462
0.005783
0.007069
0.007784
0.007229
0.006235
0.004248
0.001097
-0.001208
-0.001911
-0.002074
-0.001753
-0.001042
-0.001209
-0.002163
-0.002759
-0.003075
-0.003255
-0.002630
-0.001365
-0.000148
0.001108
0.002117
0.002213
0.001891
0.001727
0.001454
0.001445
0.002383
0.003615
0.004294
0.004735
0.005052
0.004024
0.000031
-0.006955
-0.014202
-0.017563
-0.015342
-0.009953
-0.004791
-0.002170
-0.003132
-0.006614
-0.009729
-0.010150
-0.007924
-0.003997
0.001080
0.006532
0.010827
0.012557
0.011678
0.008996
0.005848
0.004150
0.005191
0.008260
0.011220
0.012244
0.010549
0.006661
0.002032
-0.001962
-0.004518
-0.005438
-0.005034
-0.003960
-0.002947
-0.002819
-0.004296
-0.007303
-0.010555
-0.012442
-0.012147
-0.009560
-0.005478
-0.001635
0.000528
0.000942
0.000391
-0.000439
-0.000809
-0.000102
0.001739
0.004333
0.007048
0.008983
0.009280
0.007868
0.005504
0.003268
0.002070
0.002167
0.003029
0.003828
0.003921
0.002953
0.000979
-0.001659
-0.004322
-0.006215
-0.007003
-0.006656
-0.005239
-0.003609
-0.003243
-0.004198
-0.005300
-0.006711
-0.008191
-0.007333
-0.003834
-0.000427
0.002230
0.005013
0.006278
0.005144
0.004070
0.004072
0.004222
0.005235
0.007218
0.008224
0.007933
0.006963
0.004511
0.001328
-0.000478
-0.001300
-0.001855
-0.001159
-0.000120
-0.000605
-0.001549
-0.001906
-0.002742
-0.003522
-0.002775
-0.001501
-0.000621
0.000548
0.001321
0.000762
0.000155
0.000383
0.000621
0.000992
0.002096
0.003080
0.003510
0.003852
0.002684
-0.001642
-0.007616
-0.012296
-0.013609
-0.011098
-0.006317
-0.002149
-0.000746
-0.002123
-0.004743
-0.006700
-0.007068
-0.005662
-0.002604
0.001490
0.005903
0.009452
0.010678
0.009237
0.006423
0.003820
0.002567
0.003559
0.006347
0.008908
0.009548
0.008201
0.005359
0.001600
-0.001881
-0.004097
-0.004941
-0.004569
-0.003092
-0.001489
-0.001146
-0.002525
-0.005151
-0.008005
-0.009808
-0.009540
-0.007221
-0.003886
-0.000822
0.001017
0.001375
0.000668
-0.000439
-0.001355
-0.001379
-0.000069
0.002308
0.004956
0.006932
0.007515
0.006488
0.004480
0.002617
0.001670
0.001703
0.002484
0.003570
0.004207
0.003892
0.002505
0.000222
-0.002388
-0.004519
-0.005530
-0.005109
-0.003549
-0.002057
-0.001658
-0.002378
-0.004044
-0.006232
-0.007656
-0.006906
-0.004012
-0.000410
0.002539
0.004098
0.004225
0.003412
0.002310
0.001634
0.002013
0.003493
0.005387
0.006905
0.007387
0.006382
0.004122
0.001558
-0.000302
-0.000928
-0.000366
0.000759
0.001629
0.001799
0.001262
0.000142
-0.001157
-0.002036
-0.002193
-0.001618
-0.000514
0.000571
0.001045
0.000767
0.000003
-0.000699
-0.000838
-0.000346
0.000480
0.001355
0.001724
0.000010
-0.004543
-0.009767
-0.012091
-0.010227
-0.006138
-0.002267
-0.000233
-0.000515
-0.002189
-0.003914
-0.005006
-0.005244
-0.003975
-0.001054
0.002690
0.006310
0.008755
0.008892
0.006604
0.003423
0.001313
0.001281
0.003127
0.005703
0.007502
0.007742
0.006569
0.004451
0.001881
-0.000652
-0.002535
-0.003138
-0.002183
-0.000273
0.001289
0.001398
-0.000238
-0.003065
-0.005921
-0.007493
-0.007258
-0.005606
-0.003275
-0.001089
0.000187
0.000196
-0.000785
-0.002287
-0.003720
-0.004230
-0.003246
-0.001042
0.001399
0.003198
0.003993
0.003683
0.002529
0.001309
0.000672
0.000740
0.001502
0.002820
0.004179
0.004886
0.004593
0.003375
0.001568
-0.000232
-0.001461
-0.001734
-0.001055
0.000110
0.001013
0.001069
0.000251
-0.001115
-0.002486
-0.003387
-0.003589
-0.003287
-0.002743
-0.001965
-0.001068
-0.000241
0.000238
0.000158
-0.000446
-0.001104
-0.001149
-0.000342
0.000950
0.002017
0.002503
0.002492
0.002181
0.001735
0.001271
0.000894
0.000700
0.000885
0.001484
0.002169
0.002463
0.002059
0.001023
-0.000212
-0.001114
-0.001433
-0.001254
-0.000888
-0.000648
-0.000603
-0.000630
-0.000683
-0.000957
-0.001520
-0.002023
-0.002017
-0.001390
-0.000610
-0.000342
-0.000776
-0.001590
-0.002341
-0.002650
-0.002327
-0.001517
-0.000602
0.000038
0.000269
0.000226
0.000064
-0.000055
0.000037
0.000326
0.000674
0.000928
0.001033
0.000962
0.000667
0.000259
-0.000134
-0.000350
-0.000297
-0.000096
0.000100
0.000231
0.000341
0.000381
0.000302
0.000175
0.000067
0.000007
0.000038
0.000199
0.000412
0.000552
0.000562
0.000396
0.000111
-0.000144
-0.000251
-0.000185
-0.000067
0.000022
0.000111
0.000185
0.000209
0.000142
-0.000034
-0.000175
-0.000142
0.000007
0.000160
0.000189
0.000099
0.000027
-0.000106
-0.000306
-0.000389
-0.000306
-0.000136
-0.000007
0.000056
0.000070
0.000019
-0.000056
-0.000159
-0.000287
-0.000325
-0.000242
-0.000149
-0.000064
0.000036
-0.000024
-0.000280
-0.000418
-0.000265
0.000051
0.000363
0.000594
0.000602
0.000371
0.000134
-0.000052
-0.000175
-0.000137
0.000022
0.000206
0.000389
0.000504
0.000516
0.000364
-0.000074
-0.000550
-0.000684
-0.000473
-0.000166
0.000101
0.000326
0.000424
0.000340
0.000131
-0.000108
-0.000229
-0.000158
0.000050
0.000360
0.000666
0.000812
0.000705
0.000395
0.000113
0.000002
0.000057
0.000275
0.000510
0.000608
0.000583
0.000439
0.000122
-0.000259
-0.000432
-0.000351
-0.000224
-0.000143
-0.000119
-0.000247
-0.000536
-0.000837
-0.001100
-0.001284
-0.001311
-0.001194
-0.000946
-0.000698
-0.000626
-0.000704
-0.000818
-0.000888
-0.000853
-0.000695
-0.000411
-0.000040
0.000301
0.000517
0.000624
0.000664
0.000610
0.000520
0.000507
0.000606
0.000769
0.000924
0.001059
0.001118
0.001042
0.000875
0.000688
0.000486
0.000285
0.000196
0.000207
0.000161
0.000116
0.000174
0.000208
0.000116
-0.000057
-0.000230
-0.000306
-0.000242
-0.000105
0.000039
0.000168
0.000234
0.000194
0.000118
0.000055
-0.000001
-0.000045
-0.000024
0.000085
0.000170
0.000164
0.000116
0.000071
0.000056
0.000089
0.000147
0.000142
0.000047
-0.000084
-0.000226
-0.000323
-0.000324
-0.000255
-0.000136
0.000027
0.000101
0.000024
-0.000045
-0.000074
-0.000146
-0.000193
-0.000099
0.000119
0.000341
0.000463
0.000462
0.000386
0.000309
0.000222
0.000109
0.000097
0.000196
0.000329
0.000499
0.000618
0.000623
0.000550
0.000445
0.000334
0.000255
0.000291
0.000421
0.000506
0.000488
0.000440
0.000385
0.000287
0.000123
-0.000114
-0.000335
-0.000442
-0.000441
-0.000325
-0.000120
0.000015
-0.000039
-0.000263
-0.000559
-0.000712
-0.000684
-0.000687
-0.000716
-0.000688
-0.000654
-0.000629
-0.000643
-0.000794
-0.001164
-0.001573
-0.001616
-0.001188
-0.000617
-0.000220
-0.000032
0.000066
0.000134
0.000178
0.000234
0.000293
0.000300
0.000314
0.000437
0.000623
0.000752
0.000804
0.000792
0.000732
0.000673
0.000644
0.000655
0.000697
0.000731
0.000694
0.000621
0.000575
0.000510
0.000380
0.000202
0.000022
-0.000121
-0.000175
-0.000123
-0.000038
-0.000002
-0.000008
-0.000053
-0.000160
-0.000257
-0.000334
-0.000435
-0.000482
-0.000478
-0.000471
-0.000360
-0.000145
-0.000005
-0.000007
-0.000129
-0.000305
-0.000402
-0.000422
-0.000466
-0.000473
-0.000412
-0.000338
-0.000278
-0.000268
-0.000325
-0.000454
-0.000584
-0.000600
-0.000461
-0.000243
-0.000021
0.000162
0.000200
0.000071
-0.000104
-0.000243
-0.000301
-0.000154
0.000213
0.000529
0.000616
0.000605
0.000563
0.000454
0.000385
0.000470
0.000634
0.000747
0.000755
0.000687
0.000614
0.000516
0.000351
0.000171
0.000046
0.000002
0.000028
0.000054
0.000066
0.000143
0.000233
0.000187
-0.000050
-0.000406
-0.000694
-0.000754
-0.000605
-0.000349
-0.000109
-0.000016
-0.000128
-0.000365
-0.000613
-0.000838
-0.001022
-0.001099
-0.001014
-0.000766
-0.000452
-0.000289
-0.000380
-0.000624
-0.000919
-0.001122
-0.001093
-0.000858
-0.000521
-0.000225
-0.000030
0.000076
0.000029
-0.000177
-0.000396
-0.000472
-0.000364
-0.000103
0.000258
0.000597
0.000810
0.000865
0.000746
0.000558
0.000465
0.000449
0.000424
0.000450
0.000565
0.000687
0.000754
0.000762
0.000656
0.000420
0.000155
-0.000009
-0.000005
0.000138
0.000349
0.000440
0.000358
0.000275
0.000208
0.000108
-0.000038
-0.000152
-0.000154
-0.000176
-0.000310
-0.000428
-0.000475
-0.000534
-0.000641
-0.000747
-0.000769
-0.000719
-0.000633
-0.000498
-0.000359
-0.000233
-0.000144
-0.000139
-0.000175
-0.000170
-0.000117
-0.000102
-0.000129
-0.000141
-0.000135
-0.000125
-0.000136
-0.000149
-0.000068
0.000066
0.000153
0.000196
0.000223
0.000304
0.000440
0.000549
0.000629
0.000749
0.000917
0.001029
0.001016
0.000960
0.000929
0.000860
0.000724
0.000580
0.000514
0.000525
0.000577
0.000647
0.000614
0.000467
0.000309
0.000218
0.000244
0.000313
0.000305
0.000182
-0.000007
-0.000179
-0.000293
-0.000297
-0.000196
-0.000111
-0.000157
-0.000299
