4960
-0.000257
-0.000338
-0.000347
-0.000308
-0.000216
-0.000081
0.000056
0.000130
0.000111
0.000070
0.000110
0.000237
0.000365
0.000415
0.000353
0.000202
0.000047
0.000001
0.000085
0.000171
0.000126
-0.000012
-0.000117
-0.000140
-0.000154
-0.000215
-0.000263
-0.000246
-0.000199
-0.000140
-0.000060
-0.000005
-0.000012
-0.000040
-0.000035
-0.000008
-0.000002
-0.000001
0.000056
0.000161
0.000227
0.000201
0.000112
0.000024
-0.000034
-0.000069
-0.000098
-0.000139
-0.000192
-0.000187
-0.000068
0.000086
0.000153
0.000124
0.000078
0.000034
-0.000019
-0.000049
-0.000033
-0.000002
0.000008
0.000006
0.000008
-0.000018
-0.000101
-0.000190
-0.000201
-0.000117
0.000008
0.000094
0.000114
0.000120
0.000141
0.000124
0.000058
0.000025
0.000065
0.000104
0.000099
0.000074
0.000030
-0.000032
-0.000079
-0.000113
-0.000128
-0.000088
-0.000014
0.000016
-0.000016
-0.000053
-0.000061
-0.000078
-0.000112
-0.000100
-0.000018
0.000065
0.000107
0.000131
0.000136
0.000105
0.000059
0.000035
0.000039
0.000033
-0.000010
-0.000026
0.000028
0.000060
-0.000005
-0.000091
-0.000099
-0.000045
-0.000010
-0.000029
-0.000060
-0.000059
-0.000067
-0.000136
-0.000199
-0.000131
0.000015
0.000072
0.000040
0.000059
0.000136
0.000167
0.000144
0.000136
0.000141
0.000094
-0.000004
-0.000077
-0.000085
-0.000055
-0.000024
-0.000039
-0.000107
-0.000141
-0.000079
0.000001
-0.000001
-0.000033
-0.000011
0.000017
0.000036
0.000115
0.000192
0.000150
0.000039
-0.000015
-0.000011
-0.000011
-0.000033
-0.000067
-0.000100
-0.000098
-0.000083
-0.000123
-0.000126
0.000052
0.000280
0.000306
0.000170
0.000093
0.000093
0.000053
-0.000009
-0.000013
0.000011
-0.000007
-0.000060
-0.000121
-0.000206
-0.000318
-0.000378
-0.000312
-0.000159
-0.000034
0.000024
0.000048
0.000056
0.000064
0.000103
0.000152
0.000142
0.000072
0.000029
0.000062
0.000099
0.000055
-0.000046
-0.000087
-0.000031
0.000038
0.000070
0.000085
0.000101
0.000123
0.000125
0.000055
-0.000061
-0.000120
-0.000094
-0.000054
-0.000052
-0.000074
-0.000098
-0.000142
-0.000193
-0.000163
-0.000009
0.000167
0.000248
0.000243
0.000236
0.000250
0.000235
0.000177
0.000101
0.000015
-0.000041
-0.000050
-0.000084
-0.000175
-0.000229
-0.000185
-0.000122
-0.000141
-0.000205
-0.000203
-0.000129
-0.000069
-0.000044
-0.000000
0.000058
0.000068
0.000054
0.000092
0.000146
0.000155
0.000125
0.000063
-0.000002
-0.000018
0.000007
0.000039
0.000063
0.000071
0.000058
0.000023
-0.000036
-0.000096
-0.000107
-0.000058
-0.000001
-0.000008
-0.000046
-0.000024
0.000029
0.000019
-0.000033
-0.000040
-0.000011
0.000020
0.000039
-0.000002
-0.000085
-0.000091
0.000002
0.000072
0.000060
0.000039
0.000047
0.000047
0.000045
0.000076
0.000115
0.000111
0.000060
-0.000010
-0.000070
-0.000097
-0.000106
-0.000147
-0.000191
-0.000158
-0.000059
0.000034
0.000078
0.000063
0.000020
-0.000018
-0.000051
-0.000040
0.000053
0.000167
0.000206
0.000148
0.000036
-0.000084
-0.000166
-0.000177
-0.000131
-0.000073
-0.000034
-0.000002
0.000056
0.000103
0.000077
0.000020
0.000040
0.000144
0.000218
0.000189
0.000102
0.000032
0.000017
0.000000
-0.000096
-0.000243
-0.000347
-0.000379
-0.000340
-0.000231
-0.000090
0.000038
0.000123
0.000151
0.000151
0.000152
0.000138
0.000118
0.000131
0.000154
0.000137
0.000110
0.000123
0.000150
0.000140
0.000097
0.000041
-0.000015
-0.000050
-0.000071
-0.000117
-0.000179
-0.000190
-0.000138
-0.000079
-0.000032
0.000007
0.000015
0.000005
0.000020
0.000017
-0.000047
-0.000089
-0.000038
0.000032
0.000028
-0.000025
-0.000049
-0.000030
-0.000003
-0.000000
-0.000027
-0.000063
-0.000106
-0.000152
-0.000141
-0.000042
0.000064
0.000090
0.000083
0.000131
0.000186
0.000162
0.000089
0.000035
0.000025
0.000035
0.000006
-0.000065
-0.000126
-0.000122
-0.000033
0.000073
0.000104
0.000064
-0.000012
-0.000088
-0.000095
-0.000047
-0.000037
-0.000039
0.000010
0.000044
0.000009
-0.000011
0.000030
0.000073
0.000086
0.000078
0.000051
0.000032
0.000039
0.000019
-0.000046
-0.000079
-0.000061
-0.000068
-0.000100
-0.000062
0.000056
0.000137
0.000118
0.000041
-0.000031
-0.000071
-0.000102
-0.000132
-0.000124
-0.000079
-0.000027
0.000027
0.000070
0.000092
0.000099
0.000082
0.000046
0.000025
0.000025
0.000021
0.000004
-0.000013
-0.000006
0.000014
-0.000007
-0.000058
-0.000073
-0.000059
-0.000039
0.000001
0.000039
0.000048
0.000042
0.000042
0.000055
0.000054
-0.000015
-0.000125
-0.000171
-0.000125
-0.000055
-0.000004
0.000004
-0.000056
-0.000124
-0.000098
0.000018
0.000143
0.000222
0.000221
0.000153
0.000090
0.000069
0.000048
0.000012
-0.000002
0.000012
0.000003
-0.000052
-0.000117
-0.000146
-0.000130
-0.000090
-0.000075
-0.000111
-0.000113
0.000017
0.000186
0.000241
0.000181
0.000110
0.000116
0.000170
0.000140
0.000010
-0.000087
-0.000128
-0.000207
-0.000296
-0.000291
-0.000203
-0.000103
-0.000022
0.000023
0.000031
0.000002
-0.000060
-0.000087
-0.000029
0.000048
0.000078
0.000099
0.000165
0.000233
0.000218
0.000125
0.000052
0.000042
0.000045
0.000026
-0.000003
-0.000025
-0.000031
-0.000051
-0.000127
-0.000198
-0.000173
-0.000108
-0.000078
-0.000030
0.000079
0.000173
0.000157
0.000047
-0.000071
-0.000126
-0.000088
0.000014
0.000114
0.000174
0.000183
0.000149
0.000103
0.000073
0.000047
-0.000011
-0.000083
-0.000085
-0.000039
-0.000047
-0.000075
-0.000035
0.000018
0.000006
-0.000026
-0.000027
-0.000063
-0.000162
-0.000211
-0.000133
-0.000022
0.000011
-0.000017
-0.000027
-0.000010
-0.000004
-0.000007
0.000001
0.000011
0.000035
0.000064
0.000034
-0.000034
-0.000014
0.000094
0.000149
0.000097
0.000008
-0.000043
-0.000024
0.000013
-0.000020
-0.000088
-0.000084
-0.000016
0.000013
-0.000026
-0.000048
0.000020
0.000101
0.000080
-0.000002
-0.000025
0.000021
0.000046
0.000001
-0.000055
-0.000045
0.000003
0.000027
0.000038
0.000054
0.000045
-0.000016
-0.000115
-0.000175
-0.000116
0.000028
0.000142
0.000169
0.000157
0.000166
0.000185
0.000205
0.000236
0.000217
0.000095
-0.000059
-0.000147
-0.000164
-0.000153
-0.000160
-0.000184
-0.000175
-0.000145
-0.000122
-0.000054
0.000088
0.000228
0.000301
0.000315
0.000268
0.000154
0.000018
-0.000077
-0.000127
-0.000169
-0.000192
-0.000163
-0.000101
-0.000057
-0.000039
-0.000007
0.000058
0.000090
0.000006
-0.000175
-0.000355
-0.000443
-0.000407
-0.000278
-0.000117
-0.000005
0.000039
0.000066
0.000104
0.000157
0.000219
0.000255
0.000232
0.000176
0.000116
0.000057
0.000029
0.000036
0.000014
-0.000016
0.000034
0.000090
0.000013
-0.000142
-0.000224
-0.000216
-0.000179
-0.000137
-0.000087
-0.000073
-0.000192
-0.000488
-0.000808
-0.000814
-0.000345
0.000261
0.000483
0.000280
0.000084
0.000167
0.000456
0.000784
0.000902
0.000629
0.000258
0.000255
0.000516
0.000563
0.000299
-0.000004
-0.000133
-0.000026
0.000229
0.000351
0.000136
-0.000205
-0.000300
-0.000131
0.000009
-0.000054
-0.000244
-0.000401
-0.000406
-0.000243
-0.000058
-0.000064
-0.000255
-0.000401
-0.000384
-0.000318
-0.000308
-0.000339
-0.000367
-0.000359
-0.000236
0.000005
0.000186
0.000182
0.000135
0.000230
0.000392
0.000422
0.000281
0.000120
0.000086
0.000128
0.000084
-0.000053
-0.000132
-0.000078
0.000003
-0.000011
-0.000069
-0.000045
0.000048
0.000120
0.000153
0.000140
0.000039
-0.000117
-0.000192
-0.000109
0.000037
0.000110
0.000106
0.000065
-0.000014
-0.000094
-0.000106
-0.000064
-0.000061
-0.000127
-0.000167
-0.000135
-0.000142
-0.000235
-0.000254
-0.000095
0.000086
0.000133
0.000113
0.000116
0.000101
0.000050
0.000012
-0.000006
0.000006
0.000090
0.000207
0.000242
0.000157
0.000040
-0.000029
-0.000041
-0.000003
0.000046
0.000045
0.000002
-0.000015
0.000016
0.000049
0.000066
0.000114
0.000161
0.000127
0.000089
0.000170
0.000281
0.000235
0.000033
-0.000161
-0.000211
-0.000128
-0.000086
-0.000188
-0.000287
-0.000256
-0.000149
-0.000004
0.000163
0.000220
0.000131
0.000087
0.000175
0.000213
0.000095
-0.000072
-0.000194
-0.000245
-0.000190
-0.000126
-0.000226
-0.000394
-0.000388
-0.000258
-0.000197
-0.000176
-0.000114
-0.000068
-0.000045
0.000046
0.000179
0.000200
0.000123
0.000140
0.000251
0.000281
0.000248
0.000228
0.000149
0.000031
0.000032
0.000128
0.000138
0.000050
-0.000004
-0.000020
-0.000067
-0.000113
-0.000121
-0.000109
-0.000051
0.000032
0.000010
-0.000109
-0.000152
-0.000120
-0.000181
-0.000290
-0.000222
-0.000009
0.000137
0.000205
0.000250
0.000194
0.000061
0.000029
0.000136
0.000254
0.000292
0.000222
0.000040
-0.000167
-0.000244
-0.000147
-0.000016
-0.000002
-0.000084
-0.000119
-0.000049
0.000030
0.000017
-0.000078
-0.000168
-0.000172
-0.000068
0.000080
0.000116
-0.000035
-0.000192
-0.000144
0.000060
0.000221
0.000202
0.000027
-0.000088
0.000040
0.000280
0.000343
0.000172
-0.000065
-0.000241
-0.000285
-0.000134
0.000090
0.000115
-0.000090
-0.000241
-0.000113
0.000214
0.000393
0.000179
-0.000195
-0.000278
-0.000056
0.000099
0.000091
0.000085
0.000029
-0.000159
-0.000261
-0.000131
0.000034
0.000105
0.000146
0.000148
0.000074
0.000032
0.000063
0.000048
-0.000040
-0.000110
-0.000127
-0.000093
-0.000007
0.000050
0.000026
0.000013
0.000044
0.000016
-0.000067
-0.000065
0.000043
0.000098
-0.000026
-0.000206
-0.000211
-0.000063
0.000019
-0.000006
-0.000010
0.000011
0.000011
0.000059
0.000125
0.000075
-0.000024
0.000011
0.000122
0.000147
0.000133
0.000140
0.000090
0.000000
-0.000026
-0.000065
-0.000210
-0.000312
-0.000246
-0.000159
-0.000207
-0.000273
-0.000176
0.000030
0.000119
-0.000008
-0.000179
-0.000130
0.000171
0.000461
0.000494
0.000308
0.000121
0.000069
0.000167
0.000300
0.000241
-0.000043
-0.000234
-0.000136
0.000027
0.000050
-0.000014
-0.000179
-0.000419
-0.000415
-0.000073
0.000153
0.000044
-0.000071
-0.000051
-0.000023
0.000096
0.000287
0.000176
-0.000222
-0.000383
-0.000194
0.000054
0.000287
0.000397
0.000165
-0.000120
-0.000061
0.000060
-0.000024
-0.000013
0.000070
-0.000170
-0.000391
-0.000027
0.000459
0.000381
0.000006
-0.000152
-0.000135
-0.000072
0.000029
0.000013
-0.000148
-0.000217
-0.000118
-0.000005
0.000047
0.000021
-0.000012
0.000141
0.000395
0.000376
0.000069
-0.000151
-0.000182
-0.000124
0.000042
0.000147
-0.000057
-0.000283
-0.000152
0.000054
-0.000004
-0.000071
0.000023
0.000001
-0.000117
-0.000024
0.000089
-0.000094
-0.000253
-0.000048
0.000169
0.000053
-0.000133
-0.000126
-0.000026
0.000098
0.000225
0.000208
0.000071
0.000059
0.000154
0.000093
-0.000133
-0.000303
-0.000366
-0.000377
-0.000274
-0.000022
0.000244
0.000426
0.000521
0.000458
0.000216
-0.000046
-0.000186
-0.000225
-0.000199
-0.000050
0.000203
0.000353
0.000188
-0.000276
-0.000745
-0.000780
-0.000196
0.000595
0.000888
0.000444
-0.000287
-0.000693
-0.000485
0.000173
0.000625
0.000273
-0.000481
-0.000608
-0.000045
0.000267
0.000030
-0.000198
-0.000251
-0.000229
0.000169
0.000707
0.000425
-0.000420
-0.000408
0.000437
0.000783
0.000451
0.000123
-0.000226
-0.000521
-0.000099
0.000657
0.000526
-0.000292
-0.000565
-0.000224
0.000022
0.000167
0.000314
0.000050
-0.000423
-0.000252
0.000398
0.000499
0.000012
-0.000262
-0.000276
-0.000467
-0.000625
-0.000395
-0.000090
-0.000035
-0.000024
0.000026
-0.000095
-0.000227
-0.000052
0.000215
0.000227
0.000116
0.000090
0.000102
0.000163
0.000307
0.000355
0.000189
0.000021
0.000057
0.000186
0.000177
0.000018
-0.000093
-0.000014
0.000163
0.000249
0.000166
-0.000036
-0.000232
-0.000257
-0.000065
0.000136
0.000095
-0.000131
-0.000263
-0.000225
-0.000205
-0.000323
-0.000440
-0.000353
-0.000064
0.000250
0.000403
0.000326
0.000125
-0.000042
-0.000149
-0.000221
-0.000267
-0.000312
-0.000202
0.000226
0.000584
0.000318
-0.000274
-0.000437
-0.000193
-0.000002
0.000157
0.000261
-0.000049
-0.000439
-0.000166
0.000357
0.000257
-0.000029
0.000129
0.000153
-0.000213
-0.000292
-0.000326
-0.000999
-0.001355
-0.000293
0.001036
0.001068
0.000307
-0.000079
-0.000071
0.000175
0.000889
0.001555
0.001173
0.000048
-0.000381
0.000234
0.000717
0.000427
-0.000014
-0.000217
-0.000374
-0.000254
0.000262
0.000369
-0.000306
-0.000765
-0.000371
0.000105
0.000034
-0.000219
-0.000381
-0.000552
-0.000464
0.000043
0.000309
-0.000114
-0.000593
-0.000539
-0.000306
-0.000315
-0.000388
-0.000324
-0.000230
-0.000060
0.000305
0.000547
0.000358
0.000077
0.000125
0.000307
0.000277
0.000167
0.000175
0.000152
0.000032
-0.000005
0.000020
-0.000038
-0.000036
0.000178
0.000409
0.000454
0.000386
0.000290
0.000181
0.000150
0.000169
0.000024
-0.000306
-0.000539
-0.000491
-0.000310
-0.000239
-0.000270
-0.000205
-0.000053
-0.000036
-0.000195
-0.000358
-0.000433
-0.000430
-0.000324
-0.000146
-0.000073
-0.000163
-0.000178
0.000053
0.000333
0.000417
0.000321
0.000134
-0.000288
-0.001252
-0.002589
-0.003043
-0.001387
0.001329
0.002362
0.001001
-0.000479
-0.000335
0.000912
0.002352
0.003254
0.002411
0.000036
-0.001168
0.000224
0.001958
0.001788
0.000503
-0.000350
-0.000517
0.000019
0.001040
0.001236
-0.000110
-0.001475
-0.001157
0.000139
0.000511
-0.000429
-0.001492
-0.001730
-0.001055
0.000105
0.000790
0.000180
-0.001036
-0.001256
-0.000337
0.000250
-0.000190
-0.000890
-0.001245
-0.001263
-0.000749
0.000176
0.000464
-0.000256
-0.000722
-0.000075
0.000769
0.000879
0.000618
0.000467
0.000334
0.000302
0.000543
0.000558
-0.000065
-0.000631
-0.000345
0.000355
0.000593
0.000351
0.000073
-0.000088
0.000036
0.000594
0.001017
0.000436
-0.000850
-0.001294
-0.000207
0.001189
0.001613
0.001156
0.000536
0.000214
0.000183
0.000061
-0.000383
-0.000827
-0.000870
-0.000660
-0.000545
-0.000530
-0.000536
-0.000664
-0.000826
-0.000714
-0.000368
-0.000214
-0.000409
-0.000576
-0.000415
-0.000131
0.000014
0.000080
0.000212
0.000415
0.000596
0.000681
0.000699
0.000735
0.000838
0.000966
0.000991
0.000828
0.000559
0.000348
0.000291
0.000354
0.000393
0.000267
-0.000004
-0.000214
-0.000223
-0.000195
-0.000378
-0.000776
-0.001284
-0.001874
-0.002493
-0.002964
-0.003019
-0.002487
-0.001601
-0.000879
-0.000532
-0.000264
0.000278
0.001164
0.002225
0.003112
0.003511
0.003523
0.003560
0.003752
0.003825
0.003552
0.002887
0.001848
0.000666
-0.000253
-0.000818
-0.001416
-0.002350
-0.003386
-0.004056
-0.004199
-0.004026
-0.003799
-0.003526
-0.002985
-0.002068
-0.001013
-0.000155
0.000431
0.000873
0.001237
0.001507
0.001719
0.001848
0.001704
0.001248
0.000824
0.000707
0.000740
0.000708
0.000675
0.000713
0.000729
0.000681
0.000696
0.000896
0.001224
0.001481
0.001528
0.001403
0.001191
0.000916
0.000579
0.000201
-0.000204
-0.000676
-0.001261
-0.001882
-0.002368
-0.002670
-0.002888
-0.003014
-0.002927
-0.002627
-0.002222
-0.001778
-0.001284
-0.000658
0.000100
0.000818
0.001368
0.001826
0.002296
0.002736
0.003015
0.003064
0.002940
0.002698
0.002256
0.001563
0.000786
0.000146
-0.000324
-0.000725
-0.001088
-0.001329
-0.001430
-0.001509
-0.001616
-0.001621
-0.001423
-0.001087
-0.000714
-0.000385
-0.000327
-0.001052
-0.002912
-0.005391
-0.007227
-0.007317
-0.005489
-0.002715
-0.000554
0.000204
0.000362
0.001487
0.004654
0.009470
0.013459
0.013877
0.011504
0.010305
0.011625
0.012151
0.009424
0.005034
0.000890
-0.003129
-0.006812
-0.009248
-0.011197
-0.014184
-0.017349
-0.018102
-0.015785
-0.012415
-0.009955
-0.008276
-0.005785
-0.001383
0.004120
0.008412
0.010030
0.010029
0.010325
0.010866
0.010257
0.008432
0.006272
0.003666
0.000603
-0.001316
-0.001178
-0.000845
-0.002041
-0.003323
-0.002528
-0.000260
0.001415
0.001967
0.002208
0.002591
0.002980
0.003090
0.002493
0.001014
-0.000809
-0.002426
-0.003959
-0.005501
-0.006640
-0.007382
-0.008224
-0.008790
-0.008015
-0.006165
-0.004756
-0.003912
-0.002016
0.001363
0.004523
0.006251
0.007206
0.008157
0.008780
0.008680
0.007990
0.006747
0.004954
0.003056
0.001514
0.000409
-0.000313
-0.000936
-0.001950
-0.003085
-0.003298
-0.002522
-0.002024
-0.002360
-0.002610
-0.002166
-0.001658
-0.001636
-0.001786
-0.001766
-0.001699
-0.001707
-0.001684
-0.001523
-0.001309
-0.001255
-0.001357
-0.001237
-0.000674
-0.000029
0.000295
0.000561
0.001312
0.002418
0.003130
0.003201
0.003220
0.003586
0.003857
0.003489
0.002660
0.001882
0.001082
-0.000416
-0.002936
-0.005847
-0.008128
-0.009135
-0.008626
-0.006627
-0.003834
-0.001559
-0.000390
0.000766
0.003627
0.008352
0.012625
0.013655
0.011587
0.009596
0.009463
0.009185
0.006554
0.002297
-0.002028
-0.006212
-0.009913
-0.012008
-0.012698
-0.013627
-0.015060
-0.015047
-0.012139
-0.007420
-0.003214
-0.000531
0.001727
0.005037
0.009128
0.012111
0.012706
0.011549
0.009959
0.008227
0.005945
0.003347
0.000919
-0.001685
-0.004623
-0.006480
-0.005950
-0.004219
-0.003441
-0.003513
-0.002584
-0.000178
0.002249
0.003484
0.003634
0.003278
0.002683
0.001895
0.000954
-0.000116
-0.001331
-0.002684
-0.003918
-0.004450
-0.003973
-0.003105
-0.002698
-0.002497
-0.001510
0.000263
0.001610
0.001861
0.001736
0.001976
0.002212
0.001851
0.001116
0.000493
-0.000043
-0.000667
-0.001151
-0.001153
-0.000703
-0.000132
0.000392
0.001090
0.002155
0.003214
0.003688
0.003615
0.003514
0.003441
0.002852
0.001546
0.000041
-0.001235
-0.002408
-0.003622
-0.004689
-0.005405
-0.005758
-0.005736
-0.005240
-0.004224
-0.002859
-0.001487
-0.000306
0.000837
0.002091
0.003160
0.003363
0.002013
-0.000864
-0.003984
-0.005641
-0.005338
-0.003817
-0.001701
0.000628
0.002418
0.003515
0.005477
0.009913
0.015470
0.018330
0.016785
0.013618
0.012101
0.011349
0.008344
0.002808
-0.003276
-0.009185
-0.014951
-0.019205
-0.020945
-0.021632
-0.022821
-0.023322
-0.020748
-0.014836
-0.007874
-0.002272
0.001744
0.005926
0.011409
0.016809
0.019734
0.019646
0.017942
0.015669
0.012715
0.009199
0.005819
0.002361
-0.001983
-0.006161
-0.007687
-0.006372
-0.004955
-0.005028
-0.005056
-0.003405
-0.000805
0.001153
0.001949
0.001860
0.001191
0.000182
-0.000994
-0.002280
-0.003720
-0.005469
-0.007412
-0.008620
-0.007924
-0.005500
-0.003036
-0.001551
-0.000038
0.002663
0.005784
0.007774
0.008485
0.008718
0.008438
0.007034
0.004841
0.002849
0.001144
-0.000940
-0.003256
-0.004767
-0.005036
-0.004691
-0.004322
-0.003736
-0.002403
-0.000335
0.001666
0.002877
0.003544
0.004211
0.004527
0.003814
0.002414
0.001176
-0.000007
-0.001766
-0.003834
-0.005321
-0.006022
-0.006403
-0.006581
-0.006126
-0.004770
-0.002834
-0.000883
0.000859
0.002559
0.004187
0.005300
0.005691
0.005745
0.005569
0.004090
0.000181
-0.005024
-0.008547
-0.008968
-0.007686
-0.006043
-0.003588
-0.000323
0.002294
0.004293
0.008182
0.014701
0.020078
0.020284
0.016491
0.013251
0.011889
0.009261
0.003359
-0.003925
-0.010564
-0.016654
-0.021750
-0.024175
-0.024035
-0.023422
-0.022957
-0.020682
-0.014842
-0.006417
0.001441
0.006517
0.009892
0.014107
0.019115
0.022089
0.021427
0.018530
0.015124
0.011223
0.006684
0.002639
-0.000324
-0.003511
-0.007515
-0.010000
-0.008778
-0.005630
-0.003969
-0.004011
-0.003356
-0.001155
0.001088
0.002026
0.001713
0.000684
-0.000849
-0.002762
-0.004608
-0.005856
-0.006549
-0.007156
-0.007412
-0.006058
-0.002564
0.001569
0.004342
0.005676
0.007133
0.009313
0.010823
0.010328
0.008276
0.005723
0.002826
-0.000392
-0.003204
-0.005185
-0.006843
-0.008407
-0.009082
-0.008088
-0.005724
-0.003081
-0.000920
0.001127
0.003794
0.006651
0.008312
0.008298
0.007468
0.006439
0.004861
0.002526
-0.000052
-0.002475
-0.004825
-0.007010
-0.008460
-0.008760
-0.008205
-0.007358
-0.006211
-0.004226
-0.001372
0.001434
0.003376
0.004657
0.005798
0.006613
0.006566
0.005451
0.002958
-0.001318
-0.006386
-0.009825
-0.010417
-0.009227
-0.007224
-0.004047
0.000046
0.003667
0.006910
0.011781
0.018388
0.023143
0.022981
0.019441
0.016095
0.013374
0.008892
0.001933
-0.005771
-0.013116
-0.020028
-0.025291
-0.027348
-0.026890
-0.025935
-0.024703
-0.021403
-0.014859
-0.006158
0.002011
0.007659
0.011472
0.015542
0.019982
0.022524
0.021781
0.018822
0.015030
0.010581
0.005880
0.002286
0.000041
-0.002489
-0.005815
-0.007647
-0.006200
-0.003222
-0.001538
-0.001418
-0.001276
-0.000447
0.000364
0.000372
-0.000678
-0.002635
-0.005033
-0.007214
-0.008570
-0.008834
-0.008403
-0.008040
-0.007749
-0.006354
-0.002877
0.001844
0.005819
0.008231
0.010022
0.011888
0.013016
0.012478
0.010581
0.008033
0.004938
0.001328
-0.002206
-0.005034
-0.007114
-0.008716
-0.009770
-0.009672
-0.008011
-0.005448
-0.003092
-0.001007
0.001520
0.004291
0.006181
0.006752
0.006648
0.006280
0.005252
0.003316
0.001071
-0.000740
-0.002206
-0.003844
-0.005455
-0.006265
-0.006129
-0.005639
-0.005033
-0.003896
-0.002056
-0.000063
0.001455
0.002506
0.003539
0.004572
0.004957
0.004304
0.003093
0.001632
-0.000999
-0.005388
-0.009573
-0.010855
-0.009530
-0.007818
-0.005689
-0.001542
0.003628
0.007176
0.009672
0.014211
0.020433
0.023730
0.021625
0.017063
0.013634
0.010653
0.005480
-0.001767
-0.008955
-0.015442
-0.021497
-0.025819
-0.026806
-0.025212
-0.023179
-0.021247
-0.017747
-0.011130
-0.002448
0.004952
0.009010
0.011414
0.014789
0.018525
0.019891
0.018304
0.015550
0.012476
0.008516
0.004391
0.002064
0.001304
-0.000423
-0.003554
-0.005164
-0.003484
-0.000760
0.000081
-0.000838
-0.001637
-0.001694
-0.001783
-0.002554
-0.004000
-0.005811
-0.007745
-0.009512
-0.010321
-0.009435
-0.007613
-0.006525
-0.006006
-0.003819
0.000901
0.006013
0.009287
0.010989
0.012299
0.013060
0.012497
0.010835
0.008830
0.006303
0.002486
-0.002050
-0.005353
-0.006718
-0.007664
-0.009280
-0.010382
-0.009469
-0.006917
-0.004154
-0.001828
0.000398
0.002789
0.004915
0.006187
0.006693
0.006833
0.006243
0.004312
0.001757
0.000034
-0.000872
-0.002258
-0.004324
-0.005779
-0.005836
-0.005083
-0.004289
-0.003448
-0.002194
-0.000634
0.000697
0.001607
0.002458
0.003370
0.003791
0.003338
0.002490
0.001655
-0.000115
-0.004052
-0.008912
-0.011357
-0.010270
-0.008169
-0.006655
-0.003814
0.001381
0.006257
0.009215
0.012941
0.019131
0.024156
0.023930
0.019878
0.016252
0.013666
0.009139
0.001670
-0.006247
-0.012791
-0.018620
-0.023825
-0.026670
-0.026402
-0.024639
-0.022965
-0.020695
-0.015874
-0.008150
-0.000103
0.005210
0.008017
0.011181
0.015405
0.018024
0.017482
0.015549
0.013846
0.011554
0.008144
0.005399
0.004581
0.003978
0.001770
-0.000599
-0.000558
0.001423
0.002462
0.001308
-0.000616
-0.001869
-0.002733
-0.004180
-0.006400
-0.008736
-0.010662
-0.012327
-0.013684
-0.013680
-0.011639
-0.008893
-0.007044
-0.005124
-0.000986
0.004841
0.009487
0.011760
0.013089
0.014426
0.014782
0.013321
0.010852
0.008396
0.005612
0.001756
-0.002464
-0.005358
-0.006571
-0.007459
-0.008728
-0.009174
-0.007672
-0.005098
-0.003050
-0.001695
-0.000113
0.001831
0.003172
0.003374
0.003146
0.003165
0.002814
0.001354
-0.000363
-0.000969
-0.000777
-0.001179
-0.002269
-0.002754
-0.002092
-0.001184
-0.000804
-0.000569
0.000131
0.001044
0.001455
0.001304
0.001273
0.001616
0.001675
0.001020
0.000212
-0.000273
-0.001382
-0.004639
-0.009251
-0.011721
-0.010307
-0.007708
-0.006415
-0.004394
0.000642
0.006290
0.009603
0.012512
0.017857
0.023220
0.024025
0.020538
0.016939
0.014614
0.010823
0.004003
-0.003750
-0.010236
-0.015759
-0.020979
-0.024792
-0.025862
-0.024685
-0.022852
-0.020868
-0.017447
-0.011316
-0.003754
0.001982
0.004826
0.007383
0.011483
0.014962
0.015375
0.013967
0.012972
0.011864
0.009410
0.006971
0.006518
0.006996
0.005937
0.003645
0.002690
0.003773
0.004791
0.003878
0.001427
-0.001055
-0.002879
-0.004680
-0.007265
-0.010214
-0.012417
-0.013817
-0.015024
-0.015411
-0.013691
-0.010414
-0.007636
-0.005824
-0.003122
0.001620
0.006821
0.010187
0.011562
0.012493
0.013573
0.013775
0.012467
0.010440
0.008348
0.005681
0.002199
-0.000982
-0.002742
-0.003509
-0.004601
-0.006256
-0.007116
-0.006213
-0.004620
-0.003896
-0.003758
-0.002974
-0.001665
-0.000972
-0.001056
-0.000968
-0.000362
-0.000045
-0.000468
-0.000775
-0.000122
0.000885
0.001117
0.000708
0.000779
0.001628
0.002344
0.002271
0.001888
0.001873
0.002004
0.001619
0.000791
0.000269
0.000260
0.000050
-0.000796
-0.001610
-0.001700
-0.001930
-0.004196
-0.008401
-0.011214
-0.010186
-0.007587
-0.006616
-0.005774
-0.001787
0.004009
0.007918
0.010534
0.015126
0.020770
0.023057
0.020940
0.017829
0.015858
0.013079
0.007335
-0.000113
-0.006652
-0.011796
-0.016574
-0.020890
-0.023343
-0.023201
-0.021498
-0.019764
-0.017741
-0.013509
-0.006924
-0.001180
0.001346
0.002729
0.005869
0.009555
0.010792
0.009861
0.009277
0.009453
0.008905
0.007728
0.007646
0.008874
0.009583
0.008781
0.007733
0.007865
0.008568
0.007979
0.005315
0.001641
-0.001514
-0.003932
-0.006769
-0.010447
-0.013564
-0.015071
-0.015810
-0.016306
-0.015323
-0.012440
-0.009498
-0.007661
-0.005464
-0.001449
0.003334
0.006912
0.008843
0.010004
0.011022
0.011644
0.011392
0.010446
0.009382
0.008135
0.006122
0.003602
0.001814
0.001147
0.000415
-0.001271
-0.003145
-0.004027
-0.003975
-0.003990
-0.004526
-0.005038
-0.005054
-0.004895
-0.004924
-0.004781
-0.004043
-0.003127
-0.002661
-0.002346
-0.001386
0.000170
0.001406
0.001810
0.001902
0.002441
0.003416
0.004092
0.003961
0.003409
0.003102
0.002953
0.002459
0.001764
0.001328
0.000943
0.000172
-0.000753
-0.001297
-0.001526
-0.002539
-0.005709
-0.010289
-0.012818
-0.011405
-0.008825
-0.008015
-0.007009
-0.002676
0.003425
0.008003
0.011792
0.016957
0.021750
0.022892
0.020779
0.018247
0.016009
0.012283
0.006108
-0.001159
-0.007606
-0.012457
-0.015942
-0.018562
-0.020333
-0.020383
-0.018292
-0.015453
-0.013105
-0.010096
-0.005501
-0.001591
-0.000524
-0.000431
0.001349
0.003730
0.004240
0.003348
0.003254
0.004440
0.005872
0.007204
0.008908
0.010937
0.012598
0.013465
0.013616
0.013263
0.012417
0.010571
0.007061
0.002318
-0.001983
-0.004955
-0.007694
-0.011142
-0.014123
-0.015205
-0.014924
-0.014330
-0.013058
-0.010613
-0.007828
-0.005576
-0.003570
-0.001316
0.001030
0.003000
0.004152
0.004441
0.004562
0.005129
0.005791
0.006049
0.006217
0.006678
0.007108
0.007128
0.006898
0.006623
0.006104
0.004999
0.003255
0.001263
-0.000491
-0.001978
-0.003479
-0.004977
-0.006155
-0.006836
-0.007077
-0.006979
-0.006562
-0.005847
-0.004954
-0.003997
-0.003001
-0.001952
-0.000836
0.000224
0.001021
0.001619
0.002330
0.003171
0.003807
0.004065
0.004119
0.004104
0.003923
0.003531
0.003039
0.002504
0.001910
0.001237
0.000508
-0.000236
-0.001593
-0.004960
-0.010055
-0.013359
-0.012320
-0.009526
-0.008494
-0.007582
-0.003325
0.002952
0.007771
0.011579
0.016299
0.020190
0.020511
0.018186
0.015698
0.013058
0.008872
0.003295
-0.002424
-0.007600
-0.011579
-0.013469
-0.013767
-0.014041
-0.014214
-0.012763
-0.009961
-0.007819
-0.006568
-0.004913
-0.003476
-0.003797
-0.004811
-0.004372
-0.002838
-0.001809
-0.001180
0.000088
0.002236
0.005216
0.008923
0.012347
0.014291
0.014926
0.015178
0.014957
0.013420
0.010649
0.007458
0.003848
-0.000441
-0.004280
-0.006289
-0.007049
-0.007922
-0.008704
-0.008501
-0.007499
-0.006336
-0.005329
-0.005114
-0.006152
-0.007409
-0.007483
-0.006691
-0.006201
-0.005871
-0.004739
-0.002724
-0.000378
0.002171
0.004966
0.007585
0.009436
0.010346
0.010549
0.010318
0.009599
0.008016
0.005579
0.003135
0.001444
0.000351
-0.000587
-0.001355
-0.001796
-0.001984
-0.002066
-0.002233
-0.002720
-0.003547
-0.004535
-0.005573
-0.006461
-0.006862
-0.006725
-0.006190
-0.005143
-0.003524
-0.001723
-0.000042
0.001638
0.003236
0.004341
0.004901
0.005176
0.005124
0.004616
0.003878
0.003142
0.002368
0.001559
0.000887
0.000461
0.000252
0.000180
-0.000013
-0.001271
-0.004663
-0.009023
-0.010926
-0.009272
-0.007283
-0.007132
-0.006115
-0.001764
0.003552
0.007226
0.010631
0.014799
0.017149
0.015997
0.013544
0.011818
0.009664
0.005636
0.000726
-0.003466
-0.006745
-0.009109
-0.009854
-0.009177
-0.008541
-0.008439
-0.007898
-0.006707
-0.005836
-0.005595
-0.005714
-0.006466
-0.007608
-0.007823
-0.006694
-0.005220
-0.003711
-0.001434
0.001555
0.004537
0.007659
0.011122
0.013663
0.013995
0.012785
0.011462
0.010101
0.007968
0.005241
0.002735
0.000573
-0.001404
-0.002494
-0.002113
-0.001199
-0.000968
-0.001345
-0.001897
-0.002926
-0.004650
-0.006476
-0.007779
-0.008578
-0.009147
-0.009335
-0.008557
-0.006591
-0.004137
-0.001969
0.000009
0.002104
0.003929
0.004932
0.005129
0.004832
0.004266
0.003594
0.003043
0.002967
0.003474
0.004009
0.004086
0.004144
0.004659
0.005093
0.004743
0.003637
0.001999
-0.000070
-0.002218
-0.004024
-0.005373
-0.006254
-0.006593
-0.006371
-0.005613
-0.004396
-0.002993
-0.001740
-0.000771
-0.000101
0.000261
0.000415
0.000472
0.000389
0.000192
0.000109
0.000334
0.000922
0.001791
0.002658
0.003191
0.003311
0.003194
0.002988
0.002677
0.002213
0.001447
-0.000376
-0.004287
-0.009380
-0.012038
-0.010068
-0.006295
-0.004390
-0.003015
0.001067
0.006514
0.009917
0.011882
0.014412
0.015514
0.012539
0.007607
0.004503
0.003061
0.000720
-0.002673
-0.005040
-0.005566
-0.005232
-0.004649
-0.003652
-0.002723
-0.002934
-0.004478
-0.006477
-0.008039
-0.008823
-0.009255
-0.010201
-0.011275
-0.010455
-0.006930
-0.002569
0.001006
0.004327
0.007598
0.009469
0.009728
0.009963
0.010451
0.009507
0.006646
0.003696
0.002282
0.002166
0.002469
0.003022
0.003799
0.004282
0.004209
0.003938
0.003489
0.002151
-0.000613
-0.004408
-0.007965
-0.009845
-0.009711
-0.008714
-0.007814
-0.006536
-0.004337
-0.001899
-0.000074
0.001088
0.001454
0.000510
-0.001399
-0.002932
-0.003218
-0.002498
-0.001431
-0.000314
0.001159
0.003370
0.005934
0.007951
0.008981
0.008982
0.007746
0.005382
0.002766
0.000720
-0.000719
-0.001837
-0.002650
-0.002942
-0.002509
-0.001515
-0.000658
-0.000549
-0.001078
-0.001899
-0.003007
-0.004204
-0.004833
-0.004686
-0.004285
-0.003832
-0.002854
-0.001137
0.000810
0.002329
0.003078
0.003085
0.002691
0.002196
0.001580
0.000867
0.000354
0.000168
0.000171
0.000415
0.001082
0.002013
0.002742
0.002790
0.001486
-0.001792
-0.006203
-0.009017
-0.008301
-0.005563
-0.003605
-0.002263
0.000741
0.005202
0.008567
0.010308
0.011844
0.012560
0.010386
0.005956
0.002156
0.000075
-0.001373
-0.002747
-0.003642
-0.003891
-0.003483
-0.002455
-0.001517
-0.001458
-0.002134
-0.003227
-0.005127
-0.007805
-0.009896
-0.010191
-0.009163
-0.007932
-0.006468
-0.003943
-0.000473
0.002772
0.005086
0.006609
0.007295
0.006750
0.005182
0.003533
0.002521
0.002190
0.002353
0.002857
0.003513
0.004317
0.005386
0.006243
0.006041
0.004805
0.003259
0.001517
-0.000636
-0.002570
-0.003407
-0.003314
-0.003016
-0.002691
-0.002251
-0.001939
-0.001978
-0.002369
-0.003228
-0.004564
-0.005895
-0.006771
-0.007190
-0.007067
-0.005947
-0.003738
-0.001079
0.001370
0.003375
0.004789
0.005486
0.005573
0.005217
0.004474
0.003571
0.002875
0.002439
0.002125
0.002084
0.002463
0.002904
0.002895
0.002323
0.001352
0.000106
-0.001287
-0.002555
-0.003386
-0.003644
-0.003414
-0.002921
-0.002398
-0.001925
-0.001428
-0.000948
-0.000729
-0.000877
-0.001222
-0.001600
-0.001923
-0.001986
-0.001610
-0.000895
-0.000011
0.000992
0.001969
0.002682
0.003038
0.003088
0.002873
0.002418
0.001800
0.001146
0.000481
-0.000459
-0.002019
-0.003991
-0.005449
-0.005495
-0.004054
-0.001717
0.000916
0.003448
0.005466
0.006561
0.006601
0.005730
0.004180
0.002361
0.000883
0.000081
-0.000245
-0.000407
-0.000484
-0.000437
-0.000295
-0.000167
-0.000204
-0.000550
-0.001243
-0.002185
-0.003282
-0.004470
-0.005531
-0.006114
-0.006036
-0.005311
-0.003970
-0.002153
-0.000261
0.001256
0.002140
0.002319
0.001903
0.001207
0.000614
0.000407
0.000711
0.001502
0.002624
0.003825
0.004825
0.005394
0.005390
0.004729
0.003370
0.001477
-0.000502
-0.002167
-0.003400
-0.004079
-0.003995
-0.003213
-0.002080
-0.000824
0.000451
0.001501
0.001976
0.001741
0.001027
0.000172
-0.000712
-0.001624
-0.002358
-0.002578
-0.002182
-0.001366
-0.000376
0.000625
0.001502
0.002059
0.002113
0.001653
0.000811
-0.000264
-0.001386
-0.002273
-0.002659
-0.002500
-0.001946
-0.001118
-0.000109
0.000895
0.001697
0.002163
0.002209
0.001844
0.001179
0.000412
-0.000255
-0.000742
-0.001001
-0.000927
-0.000516
0.000055
0.000635
0.001157
0.001477
0.001452
0.001127
0.000656
0.000119
-0.000480
-0.001049
-0.001387
-0.001390
-0.001116
-0.000658
-0.000115
0.000385
0.000753
0.000931
0.000841
0.000479
-0.000019
-0.000507
-0.000909
-0.001198
-0.001335
-0.001235
-0.000875
-0.000371
0.000152
0.000635
0.000960
0.001016
0.000845
0.000556
0.000214
-0.000113
-0.000349
-0.000432
-0.000333
-0.000104
0.000150
0.000391
0.000647
0.000851
0.000887
0.000757
0.000550
0.000302
-0.000002
-0.000338
-0.000632
-0.000794
-0.000752
-0.000538
-0.000292
-0.000130
-0.000063
-0.000016
0.000061
0.000127
0.000143
0.000109
0.000003
-0.000141
-0.000207
-0.000150
-0.000034
0.000102
0.000243
0.000351
0.000378
0.000294
0.000117
-0.000086
-0.000240
-0.000337
-0.000432
-0.000482
-0.000378
-0.000182
-0.000044
0.000037
0.000157
0.000302
0.000364
0.000334
0.000273
0.000135
-0.000129
-0.000383
-0.000442
-0.000323
-0.000192
-0.000123
-0.000036
0.000126
0.000286
0.000320
0.000226
0.000175
0.000263
0.000321
0.000197
0.000014
-0.000054
-0.000048
-0.000090
-0.000167
-0.000198
-0.000192
-0.000214
-0.000245
-0.000224
-0.000187
-0.000211
-0.000278
-0.000298
-0.000209
-0.000050
0.000060
0.000073
0.000093
0.000210
0.000371
0.000501
0.000556
0.000510
0.000407
0.000305
0.000198
0.000126
0.000156
0.000210
0.000158
0.000026
-0.000064
-0.000060
-0.000060
-0.000228
-0.000544
-0.000806
-0.000898
-0.000829
-0.000644
-0.000449
-0.000313
-0.000199
-0.000099
-0.000030
0.000066
0.000234
0.000399
0.000427
0.000342
0.000341
0.000471
0.000537
0.000460
0.000383
0.000382
0.000380
0.000336
0.000303
0.000296
0.000264
0.000200
0.000124
0.000021
-0.000101
-0.000212
-0.000320
-0.000464
-0.000622
-0.000709
-0.000679
-0.000562
-0.000392
-0.000199
-0.000043
0.000028
0.000020
-0.000020
-0.000027
0.000013
0.000027
-0.000022
-0.000064
-0.000026
0.000083
0.000192
0.000263
0.000317
0.000376
0.000423
0.000423
0.000365
0.000303
0.000290
0.000272
0.000184
0.000053
-0.000081
-0.000220
-0.000333
-0.000396
-0.000432
-0.000463
-0.000476
-0.000436
-0.000323
-0.000173
-0.000054
0.000004
0.000037
0.000078
0.000138
0.000237
0.000342
0.000370
0.000326
0.000284
0.000255
0.000186
0.000059
-0.000051
-0.000080
-0.000081
-0.000151
-0.000249
-0.000260
-0.000188
-0.000087
0.000016
0.000049
-0.000030
-0.000134
-0.000187
-0.000176
-0.000117
-0.000083
-0.000107
-0.000121
-0.000098
-0.000069
-0.000017
0.000098
0.000241
0.000355
0.000433
0.000457
0.000394
0.000312
0.000286
0.000261
0.000176
0.000068
-0.000010
-0.000075
-0.000209
-0.000444
-0.000652
-0.000702
-0.000637
-0.000565
-0.000491
-0.000345
-0.000131
0.000069
0.000211
0.000293
0.000330
0.000353
0.000360
0.000321
0.000267
0.000249
0.000246
0.000223
0.000182
0.000131
0.000099
0.000118
0.000146
0.000142
0.000145
0.000141
0.000021
-0.000194
-0.000304
-0.000238
-0.000169
-0.000204
-0.000247
-0.000227
-0.000193
-0.000181
-0.000159
-0.000079
0.000026
0.000030
-0.000072
-0.000103
-0.000016
0.000033
-0.000007
-0.000030
-0.000002
0.000020
0.000057
0.000139
0.000200
0.000175
0.000103
0.000056
0.000056
0.000100
0.000166
0.000164
0.000025
-0.000132
-0.000147
-0.000071
-0.000071
-0.000173
-0.000229
-0.000138
0.000009
0.000085
0.000105
0.000130
0.000136
0.000102
0.000078
0.000066
0.000012
-0.000070
-0.000102
-0.000045
0.000052
0.000116
0.000114
0.000080
0.000054
0.000039
0.000010
-0.000047
-0.000130
-0.000205
-0.000214
-0.000185
-0.000186
-0.000192
-0.000143
-0.000048
0.000025
0.000033
0.000009
-0.000010
-0.000020
-0.000001
0.000033
0.000046
0.000082
0.000170
0.000231
0.000252
0.000301
0.000347
0.000336
0.000279
0.000174
0.000048
-0.000056
-0.000175
-0.000323
-0.000402
-0.000393
-0.000414
-0.000468
-0.000430
-0.000266
-0.000056
0.000107
0.000164
0.000141
0.000110
0.000101
0.000131
0.000203
0.000259
0.000242
0.000180
0.000120
0.000065
0.000011
0.000000
0.000046
0.000054
-0.000052
-0.000177
-0.000169
-0.000051
0.000023
0.000026
0.000079
0.000170
0.000134
-0.000014
-0.000071
0.000006
0.000031
-0.000079
-0.000198
-0.000224
-0.000199
-0.000207
-0.000281
-0.000377
-0.000353
-0.000095
0.000256
0.000436
0.000397
0.000305
0.000286
0.000315
0.000302
0.000218
0.000115
0.000044
-0.000002
-0.000055
-0.000102
-0.000159
-0.000265
-0.000347
-0.000298
-0.000199
-0.000193
-0.000241
-0.000215
-0.000111
0.000005
0.000131
0.000238
0.000237
0.000150
0.000073
0.000019
-0.000016
0.000020
0.000119
0.000171
0.000120
0.000036
-0.000007
-0.000022
-0.000041
-0.000029
0.000038
0.000091
0.000069
0.000017
-0.000003
-0.000018
-0.000079
-0.000158
-0.000213
-0.000240
-0.000213
-0.000122
-0.000031
0.000012
0.000026
0.000066
0.000158
0.000238
0.000224
0.000141
0.000088
0.000100
0.000131
0.000138
0.000106
0.000052
0.000061
0.000160
0.000188
0.000003
-0.000252
-0.000347
-0.000301
-0.000246
-0.000168
-0.000059
-0.000037
-0.000098
-0.000091
-0.000016
0.000013
-0.000007
-0.000026
-0.000024
0.000019
0.000073
0.000058
-0.000046
-0.000159
-0.000175
-0.000089
0.000007
0.000087
0.000181
0.000256
0.000278
0.000271
0.000233
0.000166
0.000132
0.000138
0.000105
0.000007
-0.000072
-0.000085
-0.000088
-0.000095
-0.000075
-0.000073
-0.000115
-0.000137
-0.000128
-0.000152
-0.000201
-0.000199
-0.000147
-0.000122
-0.000125
-0.000093
-0.000043
-0.000033
-0.000029
0.000032
0.000135
0.000232
0.000281
0.000230
0.000104
0.000025
0.000040
0.000055
0.000010
-0.000019
0.000049
0.000126
0.000072
-0.000061
-0.000115
-0.000081
-0.000056
-0.000066
-0.000069
-0.000056
-0.000040
-0.000015
0.000031
0.000094
0.000138
0.000125
0.000039
-0.000087
-0.000138
-0.000056
0.000030
0.000020
-0.000005
0.000015
0.000061
0.000088
0.000015
-0.000154
-0.000265
-0.000232
-0.000177
-0.000209
-0.000242
-0.000142
0.000040
0.000152
0.000161
0.000152
0.000166
0.000182
0.000203
0.000252
0.000316
0.000354
0.000319
0.000219
0.000141
0.000112
0.000051
-0.000085
-0.000237
-0.000312
-0.000283
-0.000225
-0.000195
-0.000183
-0.000179
-0.000169
-0.000115
-0.000024
0.000029
0.000023
0.000017
0.000011
-0.000047
-0.000125
-0.000129
-0.000037
0.000107
0.000210
0.000198
0.000109
0.000025
-0.000033
-0.000047
-0.000003
0.000029
-0.000006
-0.000041
-0.000054
-0.000118
-0.000189
-0.000101
0.000142
0.000322
0.000301
0.000167
0.000053
-0.000010
-0.000021
0.000013
0.000042
0.000040
0.000025
0.000006
-0.000032
-0.000101
-0.000176
-0.000199
-0.000150
-0.000074
-0.000035
-0.000052
-0.000075
-0.000047
0.000008
0.000052
0.000082
0.000093
0.000100
0.000160
0.000216
0.000118
-0.000100
-0.000225
-0.000213
-0.000204
-0.000212
-0.000128
0.000006
0.000045
0.000025
0.000053
0.000089
0.000095
0.000134
0.000183
0.000144
0.000061
0.000021
-0.000033
-0.000150
-0.000232
-0.000180
-0.000037
0.000096
0.000184
0.000254
0.000290
0.000235
0.000109
0.000010
-0.000010
-0.000005
-0.000053
-0.000127
-0.000114
-0.000032
-0.000033
-0.000117
-0.000131
-0.000050
-0.000000
-0.000019
-0.000037
-0.000036
-0.000069
-0.000127
-0.000135
-0.000064
0.000041
0.000065
-0.000023
-0.000091
-0.000050
0.000008
-0.000008
-0.000040
0.000014
0.000094
0.000073
0.000022
0.000073
0.000157
0.000146
0.000074
0.000029
0.000030
0.000071
0.000126
0.000131
0.000071
0.000004
-0.000073
-0.000201
-0.000300
-0.000221
0.000005
0.000170
0.000188
0.000172
0.000177
0.000116
0.000002
-0.000032
0.000008
0.000008
-0.000026
-0.000050
-0.000109
-0.000217
-0.000291
-0.000276
-0.000198
-0.000107
-0.000045
-0.000044
-0.000105
-0.000187
-0.000203
-0.000112
0.000019
0.000128
0.000227
0.000290
0.000261
0.000182
0.000157
0.000198
0.000227
0.000216
0.000197
0.000146
0.000031
-0.000100
-0.000169
-0.000176
-0.000167
-0.000147
-0.000117
-0.000145
-0.000254
-0.000310
-0.000228
-0.000099
0.000001
0.000100
0.000204
0.000274
0.000293
0.000248
0.000155
0.000089
0.000093
0.000103
0.000044
-0.000053
-0.000123
-0.000160
-0.000175
-0.000147
-0.000059
0.000056
0.000132
0.000136
0.000089
0.000033
-0.000020
-0.000075
-0.000087
-0.000024
0.000037
0.000017
-0.000048
-0.000094
-0.000111
-0.000102
-0.000063
0.000008
0.000101
0.000153
0.000105
-0.000013
-0.000104
-0.000095
-0.000029
-0.000026
-0.000087
-0.000098
-0.000032
0.000037
0.000065
0.000063
0.000046
0.000020
0.000018
0.000060
0.000100
0.000098
0.000066
0.000028
0.000016
0.000049
0.000069
0.000036
0.000011
0.000024
0.000024
-0.000002
-0.000056
-0.000154
-0.000231
-0.000211
-0.000147
-0.000115
-0.000073
0.000012
0.000067
0.000033
-0.000034
-0.000070
-0.000074
-0.000033
0.000066
0.000173
0.000221
0.000202
0.000157
0.000137
0.000146
0.000124
0.000038
-0.000062
-0.000120
-0.000138
-0.000125
-0.000093
-0.000093
-0.000114
-0.000088
-0.000026
-0.000014
-0.000047
-0.000009
0.000123
0.000198
0.000136
0.000053
0.000030
0.000003
-0.000044
-0.000043
-0.000015
-0.000027
-0.000034
-0.000013
-0.000058
-0.000175
-0.000242
-0.000231
-0.000205
-0.000176
-0.000105
-0.000008
0.000055
0.000080
0.000139
0.000231
0.000264
0.000228
0.000198
0.000175
0.000102
0.000002
-0.000035
-0.000001
0.000053
0.000136
0.000230
0.000228
0.000122
0.000015
-0.000065
-0.000130
-0.000162
-0.000163
-0.000142
-0.000094
-0.000072
-0.000129
-0.000207
-0.000208
-0.000140
-0.000084
-0.000059
-0.000002
0.000108
0.000190
0.000174
0.000127
0.000142
0.000167
0.000125
0.000046
-0.000030
-0.000106
-0.000169
-0.000161
-0.000094
-0.000077
-0.000140
-0.000178
-0.000126
-0.000073
-0.000062
-0.000000
0.000123
0.000173
0.000119
0.000059
0.000032
0.000005
-0.000026
-0.000039
-0.000031
-0.000020
0.000017
0.000112
0.000197
0.000170
0.000054
-0.000051
-0.000093
-0.000066
-0.000018
-0.000014
-0.000018
0.000042
0.000121
0.000129
0.000090
0.000062
0.000015
-0.000080
-0.000164
-0.000188
-0.000182
-0.000151
-0.000069
0.000025
0.000088
0.000126
0.000121
0.000042
-0.000054
-0.000058
0.000021
0.000060
0.000021
-0.000019
-0.000025
-0.000039
-0.000105
-0.000166
-0.000121
0.000010
0.000102
0.000117
0.000100
0.000082
0.000062
0.000049
0.000067
0.000102
0.000085
-0.000014
-0.000126
-0.000153
-0.000080
0.000006
0.000028
0.000028
0.000063
0.000070
-0.000024
-0.000154
-0.000202
-0.000138
-0.000029
0.000063
0.000122
0.000092
-0.000038
-0.000108
-0.000012
0.000118
0.000124
0.000020
-0.000070
-0.000043
0.000077
0.000143
0.000091
0.000011
-0.000031
-0.000036
0.000000
0.000037
0.000017
-0.000029
-0.000026
0.000029
0.000077
0.000063
-0.000024
-0.000104
-0.000061
0.000080
0.000152
0.000109
0.000054
0.000013
-0.000065
-0.000149
-0.000161
-0.000106
-0.000055
-0.000037
-0.000032
-0.000047
-0.000095
-0.000121
-0.000045
0.000087
0.000125
0.000031
-0.000069
-0.000093
-0.000087
-0.000088
-0.000085
-0.000083
-0.000064
0.000024
0.000139
0.000159
0.000094
0.000071
0.000119
0.000143
0.000124
0.000125
0.000134
0.000090
0.000002
-0.000083
-0.000135
-0.000154
-0.000158
-0.000146
-0.000107
-0.000072
-0.000070
-0.000055
0.000017
0.000099
0.000149
0.000178
0.000192
0.000156
0.000022
-0.000136
-0.000146
-0.000005
0.000108
0.000124
0.000108
0.000079
0.000029
-0.000004
-0.000011
-0.000043
-0.000113
-0.000158
-0.000144
-0.000129
-0.000139
-0.000090
0.000041
0.000128
0.000096
0.000034
0.000010
-0.000031
-0.000088
-0.000082
-0.000018
-0.000009
-0.000093
-0.000151
-0.000087
0.000034
0.000094
0.000089
0.000093
0.000106
0.000078
0.000046
0.000087
0.000156
0.000152
0.000079
0.000007
-0.000035
-0.000051
-0.000058
-0.000063
-0.000049
-0.000033
-0.000046
-0.000068
-0.000058
-0.000039
-0.000038
-0.000006
0.000067
0.000102
0.000075
0.000038
0.000011
-0.000008
0.000003
0.000045
0.000056
-0.000012
-0.000119
-0.000176
-0.000146
-0.000082
-0.000048
-0.000036
-0.000012
0.000020
0.000019
-0.000015
0.000001
0.000100
0.000182
0.000171
0.000151
0.000181
0.000158
-0.000000
-0.000179
-0.000231
-0.000162
-0.000071
-0.000016
0.000006
0.000008
0.000006
0.000016
0.000048
0.000079
0.000076
0.000045
0.000009
-0.000038
-0.000095
-0.000119
-0.000081
-0.000009
0.000072
0.000149
0.000142
0.000004
-0.000178
-0.000293
-0.000321
-0.000260
-0.000143
-0.000062
-0.000053
-0.000041
0.000032
0.000137
0.000210
0.000233
0.000244
0.000265
0.000255
0.000196
0.000147
0.000144
0.000142
0.000119
0.000111
0.000108
0.000043
-0.000090
-0.000230
-0.000300
-0.000257
-0.000154
-0.000090
-0.000071
-0.000044
-0.000027
-0.000069
-0.000111
-0.000069
0.000004
0.000013
-0.000025
-0.000043
-0.000015
0.000034
0.000051
0.000005
-0.000067
-0.000110
-0.000102
-0.000057
-0.000016
0.000016
0.000080
0.000154
0.000164
0.000120
0.000066
-0.000005
-0.000087
-0.000120
-0.000095
-0.000052
0.000004
0.000059
0.000080
0.000078
0.000065
0.000022
-0.000003
0.000059
0.000152
0.000163
0.000098
0.000027
-0.000020
-0.000038
-0.000054
-0.000107
-0.000163
-0.000148
-0.000085
-0.000073
-0.000136
-0.000201
-0.000197
-0.000123
-0.000022
0.000066
0.000116
0.000094
0.000036
0.000057
0.000166
0.000244
0.000235
0.000192
0.000153
0.000099
0.000040
0.000037
0.000070
0.000039
-0.000055
-0.000113
-0.000099
-0.000065
-0.000066
-0.000120
-0.000167
-0.000157
-0.000139
-0.000153
-0.000154
-0.000091
0.000023
0.000111
0.000098
0.000026
0.000004
0.000049
0.000095
0.000104
0.000088
0.000054
-0.000006
-0.000057
-0.000041
0.000032
0.000092
0.000073
-0.000031
-0.000125
-0.000095
0.000007
0.000026
-0.000023
0.000003
0.000107
0.000145
0.000063
-0.000012
0.000022
0.000090
0.000058
-0.000067
-0.000160
-0.000168
-0.000128
-0.000064
-0.000012
-0.000010
-0.000028
-0.000017
0.000028
0.000084
0.000123
0.000125
0.000093
0.000058
0.000036
-0.000021
-0.000143
-0.000209
-0.000106
0.000056
0.000118
0.000104
0.000127
0.000185
0.000169
0.000045
-0.000088
-0.000154
-0.000175
-0.000160
-0.000109
-0.000086
-0.000147
-0.000237
-0.000249
-0.000151
0.000004
0.000108
0.000086
0.000026
0.000059
0.000147
0.000188
0.000186
0.000176
0.000154
0.000136
0.000125
0.000081
-0.000016
-0.000121
-0.000157
-0.000117
-0.000098
-0.000141
-0.000166
-0.000129
-0.000092
-0.000093
-0.000090
-0.000065
-0.000034
0.000028
0.000125
0.000185
0.000167
0.000139
0.000160
0.000199
0.000217
0.000213
0.000148
-0.000000
-0.000124
-0.000109
-0.000016
0.000018
-0.000001
-0.000000
0.000001
-0.000052
-0.000125
-0.000136
-0.000113
-0.000142
-0.000181
-0.000143
-0.000068
-0.000026
0.000006
0.000068
0.000134
0.000143
0.000088
0.000045
0.000075
0.000112
0.000061
-0.000037
-0.000082
-0.000076
-0.000078
-0.000089
-0.000069
0.000009
0.000115
0.000150
0.000071
-0.000013
-0.000016
-0.000001
-0.000012
-0.000004
-0.000010
-0.000102
-0.000183
-0.000145
-0.000072
-0.000067
-0.000079
-0.000033
0.000060
0.000161
0.000211
0.000179
0.000117
0.000079
0.000060
0.000042
0.000013
-0.000045
-0.000108
-0.000106
-0.000033
-0.000003
-0.000062
-0.000096
-0.000042
-0.000005
-0.000047
-0.000067
-0.000012
0.000023
-0.000014
-0.000055
-0.000023
0.000075
0.000139
0.000095
0.000014
-0.000008
0.000029
0.000075
0.000091
0.000049
-0.000027
-0.000055
-0.000012
0.000011
-0.000047
-0.000110
-0.000115
-0.000102
-0.000085
-0.000038
0.000006
-0.000003
-0.000033
-0.000019
0.000011
0.000006
0.000025
0.000112
0.000194
0.000219
0.000186
0.000025
-0.000239
-0.000369
-0.000266
-0.000098
0.000006
0.000059
0.000066
0.000025
-0.000029
-0.000051
-0.000000
0.000103
0.000169
0.000169
0.000153
0.000138
0.000110
0.000092
0.000121
0.000176
0.000183
0.000119
0.000047
0.000005
-0.000044
-0.000107
-0.000147
-0.000149
-0.000130
-0.000140
-0.000196
-0.000229
-0.000201
-0.000156
-0.000116
-0.000061
-0.000010
0.000002
0.000021
0.000094
0.000145
0.000105
0.000068
0.000085
0.000053
-0.000041
-0.000071
-0.000012
0.000068
0.000138
0.000166
0.000109
0.000002
-0.000061
-0.000068
-0.000106
-0.000181
-0.000157
-0.000005
0.000092
0.000050
0.000010
0.000043
0.000049
-0.000028
-0.000098
-0.000080
-0.000025
-0.000031
-0.000079
-0.000073
0.000006
0.000084
0.000095
0.000058
0.000047
0.000064
0.000050
0.000009
0.000006
0.000071
0.000140
0.000129
0.000067
0.000046
0.000064
0.000039
-0.000074
-0.000205
-0.000239
-0.000169
-0.000112
-0.000117
-0.000093
-0.000006
0.000054
0.000038
0.000003
0.000013
0.000041
0.000030
-0.000002
-0.000009
-0.000003
-0.000018
-0.000056
-0.000047
0.000053
0.000149
0.000127
0.000020
-0.000044
-0.000019
0.000031
0.000054
0.000065
0.000088
0.000123
0.000136
0.000090
0.000001
-0.000072
-0.000073
-0.000041
-0.000064
-0.000109
-0.000112
-0.000127
-0.000156
-0.000090
0.000033
0.000059
-0.000025
-0.000081
-0.000023
0.000086
0.000141
0.000123
0.000096
0.000095
0.000104
0.000080
0.000002
-0.000092
-0.000152
-0.000147
-0.000066
0.000026
0.000036
-0.000011
-0.000018
0.000022
0.000063
0.000091
0.000100
0.000076
0.000033
-0.000001
-0.000038
-0.000093
-0.000105
-0.000030
0.000079
0.000155
0.000180
0.000153
0.000072
-0.000011
