5600
0.000042
0.000005
-0.000083
-0.000104
-0.000050
0.000021
0.000065
0.000066
0.000022
-0.000028
-0.000007
0.000088
0.000157
0.000149
0.000110
0.000074
0.000053
0.000065
0.000071
0.000010
-0.000104
-0.000191
-0.000185
-0.000122
-0.000125
-0.000182
-0.000116
0.000103
0.000262
0.000243
0.000157
0.000114
0.000117
0.000140
0.000117
-0.000008
-0.000133
-0.000128
-0.000079
-0.000148
-0.000293
-0.000343
-0.000259
-0.000138
-0.000050
0.000011
0.000015
-0.000092
-0.000223
-0.000165
0.000103
0.000323
0.000345
0.000300
0.000278
0.000211
0.000113
0.000070
0.000051
-0.000001
-0.000036
-0.000021
-0.000031
-0.000104
-0.000145
-0.000100
-0.000065
-0.000088
-0.000065
0.000031
0.000067
-0.000003
-0.000058
-0.000046
-0.000039
-0.000044
-0.000005
0.000056
0.000078
0.000074
0.000091
0.000111
0.000086
0.000024
-0.000024
-0.000032
-0.000025
-0.000025
-0.000010
0.000017
0.000011
-0.000007
0.000009
0.000027
0.000019
0.000021
0.000033
-0.000003
-0.000104
-0.000208
-0.000231
-0.000155
-0.000034
0.000077
0.000139
0.000108
0.000017
-0.000025
0.000020
0.000073
0.000063
-0.000001
-0.000068
-0.000096
-0.000061
0.000012
0.000067
0.000084
0.000079
0.000086
0.000115
0.000107
0.000029
-0.000035
-0.000025
-0.000015
-0.000030
0.000019
0.000111
0.000093
-0.000043
-0.000142
-0.000136
-0.000095
-0.000066
-0.000037
-0.000028
-0.000061
-0.000090
-0.000080
-0.000051
-0.000010
0.000019
0.000008
-0.000001
0.000030
0.000064
0.000076
0.000074
0.000069
0.000070
0.000076
0.000066
0.000035
0.000012
0.000010
-0.000001
-0.000047
-0.000094
-0.000080
-0.000038
-0.000032
-0.000041
-0.000022
0.000007
-0.000009
-0.000075
-0.000097
-0.000026
0.000050
0.000055
0.000039
0.000058
0.000084
0.000067
0.000029
0.000027
0.000032
-0.000023
-0.000081
-0.000053
0.000030
0.000108
0.000164
0.000145
-0.000008
-0.000198
-0.000251
-0.000178
-0.000128
-0.000132
-0.000131
-0.000121
-0.000107
-0.000075
-0.000024
0.000056
0.000185
0.000294
0.000276
0.000166
0.000113
0.000148
0.000161
0.000117
0.000083
0.000095
0.000104
0.000056
-0.000006
-0.000039
-0.000112
-0.000229
-0.000235
-0.000092
0.000009
-0.000028
-0.000085
-0.000098
-0.000118
-0.000135
-0.000093
-0.000005
0.000048
0.000032
0.000002
0.000028
0.000097
0.000140
0.000126
0.000078
0.000038
0.000034
0.000031
-0.000004
-0.000035
-0.000018
0.000016
0.000020
-0.000015
-0.000071
-0.000134
-0.000197
-0.000223
-0.000170
-0.000065
0.000006
0.000008
0.000012
0.000064
0.000106
0.000073
-0.000005
-0.000040
0.000016
0.000116
0.000164
0.000117
0.000018
-0.000048
-0.000059
-0.000059
-0.000044
0.000022
0.000090
0.000080
0.000019
0.000015
0.000094
0.000136
0.000073
-0.000021
-0.000067
-0.000053
-0.000015
0.000014
0.000027
-0.000013
-0.000112
-0.000192
-0.000196
-0.000141
-0.000059
0.000026
0.000086
0.000128
0.000191
0.000259
0.000230
0.000077
-0.000065
-0.000087
-0.000060
-0.000081
-0.000131
-0.000146
-0.000133
-0.000139
-0.000159
-0.000145
-0.000097
-0.000071
-0.000066
0.000006
0.000169
0.000290
0.000258
0.000144
0.000081
0.000087
0.000083
0.000023
-0.000050
-0.000058
-0.000016
-0.000025
-0.000076
-0.000060
0.000003
-0.000020
-0.000104
-0.000102
0.000011
0.000118
0.000127
0.000051
-0.000035
-0.000073
-0.000064
-0.000048
-0.000043
-0.000028
-0.000014
-0.000005
0.000049
0.000128
0.000126
0.000040
-0.000047
-0.000100
-0.000109
-0.000053
0.000037
0.000100
0.000090
0.000012
-0.000034
0.000033
0.000135
0.000148
0.000098
0.000091
0.000125
0.000120
0.000075
0.000017
-0.000096
-0.000236
-0.000270
-0.000174
-0.000084
-0.000104
-0.000188
-0.000222
-0.000163
-0.000070
-0.000030
-0.000111
-0.000259
-0.000280
-0.000093
0.000130
0.000220
0.000212
0.000192
0.000162
0.000134
0.000163
0.000238
0.000287
0.000272
0.000192
0.000074
0.000013
0.000046
0.000038
-0.000080
-0.000179
-0.000169
-0.000117
-0.000107
-0.000139
-0.000147
-0.000094
-0.000028
-0.000001
-0.000020
-0.000077
-0.000135
-0.000116
-0.000006
0.000093
0.000120
0.000134
0.000170
0.000202
0.000196
0.000147
0.000089
0.000038
-0.000036
-0.000104
-0.000083
0.000002
0.000033
-0.000021
-0.000087
-0.000115
-0.000111
-0.000098
-0.000128
-0.000194
-0.000176
-0.000047
0.000040
0.000018
-0.000014
-0.000011
-0.000026
-0.000058
-0.000041
0.000038
0.000110
0.000137
0.000148
0.000152
0.000141
0.000127
0.000135
0.000157
0.000164
0.000114
0.000011
-0.000066
-0.000080
-0.000103
-0.000152
-0.000152
-0.000104
-0.000107
-0.000174
-0.000219
-0.000206
-0.000172
-0.000132
-0.000063
0.000023
0.000073
0.000073
0.000082
0.000112
0.000125
0.000127
0.000164
0.000221
0.000221
0.000161
0.000106
0.000061
0.000006
-0.000047
-0.000089
-0.000110
-0.000108
-0.000096
-0.000074
-0.000044
-0.000029
-0.000052
-0.000096
-0.000097
-0.000026
0.000044
0.000037
-0.000027
-0.000083
-0.000094
-0.000041
0.000050
0.000082
0.000014
-0.000029
0.000054
0.000157
0.000147
0.000065
0.000005
-0.000018
-0.000009
0.000013
-0.000019
-0.000091
-0.000094
0.000002
0.000118
0.000129
-0.000038
-0.000260
-0.000326
-0.000216
-0.000057
0.000055
0.000076
0.000035
0.000043
0.000128
0.000188
0.000153
0.000076
0.000050
0.000110
0.000221
0.000289
0.000214
0.000023
-0.000138
-0.000194
-0.000205
-0.000181
-0.000084
-0.000004
-0.000041
-0.000089
-0.000031
0.000054
0.000062
0.000042
0.000062
0.000078
0.000055
0.000033
-0.000011
-0.000121
-0.000222
-0.000214
-0.000086
0.000077
0.000153
0.000096
-0.000009
-0.000065
-0.000045
0.000017
0.000065
0.000054
-0.000001
-0.000039
-0.000025
0.000010
-0.000000
-0.000066
-0.000105
-0.000085
-0.000077
-0.000092
-0.000086
-0.000065
-0.000057
-0.000063
-0.000054
-0.000004
0.000074
0.000133
0.000161
0.000188
0.000206
0.000172
0.000095
0.000056
0.000081
0.000099
0.000057
-0.000007
-0.000040
-0.000044
-0.000025
0.000012
0.000014
-0.000057
-0.000145
-0.000163
-0.000121
-0.000108
-0.000133
-0.000116
-0.000043
0.000022
0.000034
0.000009
-0.000017
-0.000027
-0.000032
-0.000037
-0.000040
-0.000024
0.000029
0.000115
0.000201
0.000224
0.000149
0.000035
-0.000026
-0.000033
-0.000029
-0.000016
0.000010
0.000029
0.000018
-0.000032
-0.000075
-0.000072
-0.000052
-0.000067
-0.000101
-0.000103
-0.000061
-0.000001
0.000029
0.000006
-0.000002
0.000063
0.000128
0.000120
0.000086
0.000080
0.000082
0.000059
0.000016
-0.000037
-0.000098
-0.000150
-0.000133
-0.000037
0.000044
0.000006
-0.000634
-0.002067
-0.002130
0.000773
0.003351
0.002528
0.000548
0.000112
0.000460
0.000269
-0.000039
0.000185
0.000453
0.000209
-0.000537
-0.001505
-0.001855
-0.001170
-0.000334
0.000040
0.000307
0.000598
0.000580
0.000274
0.000131
0.000203
0.000016
-0.000477
-0.000774
-0.000707
-0.000616
-0.000639
-0.000526
-0.000313
-0.000249
-0.000117
0.000246
0.000452
0.000449
0.000595
0.000766
0.000758
0.000826
0.000910
0.000610
0.000202
0.000274
0.000532
0.000372
0.000028
-0.000117
-0.000294
-0.000622
-0.000782
-0.000674
-0.000579
-0.000556
-0.000357
-0.000053
0.000105
0.000230
0.000412
0.000398
0.000104
-0.000140
-0.000125
-0.000147
-0.000392
-0.000522
-0.000389
-0.000303
-0.000335
-0.000291
-0.000207
-0.000221
-0.000200
0.000069
0.000431
0.000616
0.000669
0.000663
0.000534
0.000400
0.000421
0.000482
0.000432
0.000354
0.000342
0.000267
0.000074
-0.000063
-0.000152
-0.000336
-0.000470
-0.000405
-0.000350
-0.000481
-0.000659
-0.000712
-0.000656
-0.000533
-0.000333
-0.000167
-0.000162
-0.000167
-0.000011
0.000180
0.000233
0.000221
0.000293
0.000410
0.000501
0.000594
0.000608
0.000450
0.000302
0.000317
0.000326
0.000187
0.000050
0.000026
-0.000030
-0.000157
-0.000201
-0.000207
-0.000307
-0.000387
-0.000331
-0.000276
-0.000354
-0.000446
-0.000395
-0.000251
-0.000101
0.000067
0.000173
0.000125
0.000051
0.000083
0.000142
0.000157
0.000173
0.000179
0.000129
0.000104
0.000195
0.000275
0.000197
0.000057
0.000011
0.000061
0.000125
0.000154
0.000114
-0.000004
-0.000116
-0.000103
-0.000027
-0.000054
-0.000188
-0.000338
-0.000447
-0.000409
-0.000204
-0.000043
-0.000073
-0.000127
-0.000060
0.000022
0.000069
0.000155
0.000208
0.000158
0.000126
0.000167
0.000191
0.000190
0.000188
0.000147
0.000098
0.000072
-0.000040
-0.000242
-0.000336
-0.000275
-0.000222
-0.000215
-0.000148
-0.000032
0.000002
-0.000036
0.000039
0.000213
0.000254
0.000175
0.000167
0.000146
0.000011
-0.000035
0.000096
0.000190
0.000133
0.000025
-0.000047
-0.000056
-0.000010
0.000008
-0.000065
-0.000123
-0.000046
0.000076
0.000087
-0.000019
-0.000146
-0.000210
-0.000141
0.000025
0.000103
-0.000002
-0.000129
-0.000095
0.000060
0.000166
0.000108
-0.000050
-0.000107
0.000012
0.000157
0.000150
-0.000033
-0.000226
-0.000247
-0.000113
0.000019
0.000050
-0.000007
-0.000067
-0.000019
0.000112
0.000120
-0.000041
-0.000112
0.000010
0.000102
0.000049
-0.000033
-0.000098
-0.000164
-0.000127
0.000051
0.000174
0.000135
0.000077
0.000087
0.000112
0.000138
0.000137
0.000051
-0.000042
-0.000014
0.000109
0.000202
0.000184
0.000065
-0.000072
-0.000132
-0.000102
-0.000067
-0.000118
-0.000202
-0.000156
-0.000001
0.000050
-0.000026
-0.000076
-0.000098
-0.000172
-0.000215
-0.000158
-0.000117
-0.000101
0.000050
0.000241
0.000198
-0.000033
-0.000201
-0.000237
-0.000127
0.000128
0.000268
0.000099
-0.000136
-0.000212
-0.000216
-0.000184
-0.000112
-0.000076
0.000057
0.000397
0.000622
0.000530
0.000385
0.000284
0.000094
-0.000009
0.000106
0.000087
-0.000208
-0.000341
-0.000151
-0.000040
-0.000140
-0.000201
-0.000222
-0.000285
-0.000192
0.000031
-0.000047
-0.000449
-0.000635
-0.000420
-0.000160
-0.000046
0.000064
0.000275
0.000575
0.000917
0.001132
0.001039
0.000757
0.000592
0.000626
0.000716
0.000751
0.000668
0.000382
-0.000101
-0.000636
-0.001124
-0.001588
-0.002000
-0.002169
-0.001958
-0.001525
-0.001116
-0.000719
-0.000228
0.000309
0.000818
0.001285
0.001608
0.001704
0.001724
0.001742
0.001590
0.001224
0.000768
0.000259
-0.000273
-0.000757
-0.001196
-0.001544
-0.001681
-0.001594
-0.001380
-0.001085
-0.000695
-0.000211
0.000288
0.000639
0.000786
0.000921
0.001027
0.000670
-0.000064
-0.000381
-0.000039
0.000352
0.000497
0.000621
0.000551
-0.000050
-0.000643
-0.000447
0.000143
0.000217
-0.000168
-0.000400
-0.000327
-0.000073
0.000298
0.000542
0.000252
-0.000518
-0.000994
-0.000572
0.000115
-0.000169
-0.001260
-0.001671
-0.001540
-0.002745
-0.004569
-0.003877
-0.000853
0.001513
0.003410
0.006455
0.008429
0.007353
0.006037
0.006026
0.004385
0.000948
-0.000422
0.000199
-0.000716
-0.002608
-0.003138
-0.004107
-0.006999
-0.008882
-0.008442
-0.008372
-0.008871
-0.007074
-0.003345
-0.000436
0.001897
0.004888
0.006956
0.007035
0.007035
0.007771
0.007555
0.006232
0.005539
0.005393
0.004298
0.002390
0.000541
-0.001637
-0.004367
-0.006619
-0.007864
-0.008587
-0.008735
-0.007735
-0.005825
-0.003801
-0.001937
-0.000137
0.001488
0.002795
0.003854
0.004785
0.005617
0.006296
0.006701
0.006677
0.006036
0.004627
0.002615
0.000444
-0.001636
-0.003590
-0.005166
-0.006075
-0.006407
-0.006321
-0.005724
-0.004660
-0.003540
-0.002574
-0.001466
-0.000008
0.001535
0.002891
0.004031
0.004779
0.004775
0.004184
0.003770
0.003843
0.003870
0.003490
0.002878
0.001985
0.000598
-0.001010
-0.002551
-0.004136
-0.005475
-0.005833
-0.005196
-0.004270
-0.003388
-0.002508
-0.001715
-0.000944
0.000003
0.000949
0.001663
0.002357
0.003226
0.004016
0.004370
0.004145
0.003360
0.002172
0.000922
-0.000086
-0.000818
-0.001416
-0.001916
-0.002226
-0.002318
-0.002246
-0.002035
-0.001718
-0.001378
-0.001052
-0.000722
-0.000429
-0.000201
0.000115
0.000677
0.001166
0.000945
-0.000132
-0.001627
-0.002965
-0.003259
-0.001741
0.000826
0.002820
0.004199
0.005892
0.007166
0.006776
0.005479
0.004316
0.002666
0.000501
-0.000659
-0.000833
-0.001812
-0.003572
-0.004608
-0.005299
-0.006795
-0.008198
-0.008377
-0.008021
-0.007355
-0.005148
-0.001542
0.001650
0.003925
0.006030
0.007604
0.007921
0.007609
0.007316
0.006542
0.005183
0.004071
0.003272
0.001986
0.000102
-0.001908
-0.003984
-0.006049
-0.007531
-0.008103
-0.008034
-0.007431
-0.006028
-0.003850
-0.001348
0.001039
0.003020
0.004441
0.005363
0.005951
0.006256
0.006197
0.005729
0.004944
0.004002
0.002953
0.001590
-0.000310
-0.002542
-0.004563
-0.006051
-0.007029
-0.007440
-0.007103
-0.006058
-0.004494
-0.002556
-0.000514
0.001197
0.002415
0.003438
0.004466
0.005137
0.005007
0.004437
0.004215
0.004030
0.002906
0.001352
0.000610
0.000231
-0.000643
-0.001257
-0.001294
-0.001978
-0.003241
-0.003590
-0.003197
-0.003258
-0.003299
-0.002397
-0.001158
-0.000327
0.000344
0.000894
0.000966
0.000839
0.001058
0.001555
0.001938
0.002115
0.002297
0.002508
0.002338
0.001576
0.000630
-0.000202
-0.001038
-0.001692
-0.001879
-0.001937
-0.002114
-0.002012
-0.001606
-0.001424
-0.001429
-0.001115
-0.000460
0.000247
0.000936
0.001583
0.002125
0.002521
0.002553
0.001992
0.001144
0.000540
0.000190
-0.000247
-0.000980
-0.002108
-0.003605
-0.005367
-0.006916
-0.006843
-0.004217
-0.000529
0.002350
0.005037
0.008177
0.009876
0.009228
0.008177
0.007284
0.004981
0.002048
0.000780
0.000186
-0.001950
-0.004436
-0.005636
-0.007057
-0.009530
-0.010972
-0.010703
-0.010298
-0.009339
-0.006050
-0.001413
0.002401
0.005602
0.008760
0.010543
0.010458
0.010006
0.009567
0.008018
0.005650
0.003854
0.002495
0.000589
-0.001723
-0.003976
-0.006370
-0.008679
-0.010033
-0.010224
-0.009635
-0.008189
-0.005691
-0.002538
0.000659
0.003500
0.005695
0.007139
0.007950
0.008175
0.007795
0.006976
0.005889
0.004531
0.002923
0.001115
-0.001007
-0.003414
-0.005662
-0.007361
-0.008496
-0.008989
-0.008530
-0.007081
-0.004987
-0.002521
0.000091
0.002417
0.004078
0.004967
0.005269
0.005481
0.005920
0.006168
0.005429
0.003713
0.002327
0.002298
0.002676
0.001925
0.000171
-0.001641
-0.003440
-0.005223
-0.006360
-0.006781
-0.006895
-0.006254
-0.004311
-0.001850
-0.000050
0.000908
0.001451
0.001935
0.002628
0.003511
0.004193
0.004438
0.004386
0.004188
0.003722
0.002650
0.000896
-0.000992
-0.002419
-0.003342
-0.003855
-0.003868
-0.003522
-0.003120
-0.002600
-0.001827
-0.001063
-0.000525
-0.000001
0.000803
0.001928
0.003038
0.003561
0.003373
0.002957
0.002475
0.001565
0.000339
-0.000603
-0.001085
-0.001449
-0.002773
-0.006280
-0.010054
-0.009627
-0.005045
-0.001173
0.001129
0.005142
0.009591
0.010645
0.010135
0.010891
0.009725
0.004883
0.001548
0.002004
0.001222
-0.002521
-0.004896
-0.005515
-0.007962
-0.011015
-0.011499
-0.011404
-0.012554
-0.011385
-0.006171
-0.000873
0.002510
0.006275
0.010292
0.011921
0.011762
0.011801
0.010861
0.007867
0.005021
0.003594
0.001811
-0.001044
-0.003563
-0.005470
-0.007575
-0.009519
-0.010514
-0.010639
-0.009878
-0.007775
-0.004492
-0.000718
0.003039
0.006253
0.008446
0.009634
0.009859
0.008924
0.007178
0.005388
0.003674
0.001804
0.000033
-0.001562
-0.003486
-0.005689
-0.007412
-0.008437
-0.009025
-0.008875
-0.007552
-0.005387
-0.002817
0.000191
0.003297
0.005645
0.006974
0.007659
0.007774
0.007161
0.005954
0.004144
0.001594
-0.000880
-0.002108
-0.002392
-0.002601
-0.002490
-0.002014
-0.002090
-0.002700
-0.002882
-0.002649
-0.002409
-0.001684
-0.000259
0.001150
0.002043
0.002419
0.002226
0.001511
0.000600
-0.000236
-0.000832
-0.001006
-0.000744
-0.000203
0.000457
0.000959
0.001082
0.000948
0.000654
0.000122
-0.000395
-0.000540
-0.000470
-0.000461
-0.000445
-0.000456
-0.000698
-0.000993
-0.001064
-0.001013
-0.000884
-0.000456
0.000280
0.001074
0.001746
0.002221
0.002433
0.002256
0.001534
0.000375
-0.000796
-0.001643
-0.002067
-0.001954
-0.001344
-0.000984
-0.001725
-0.003213
-0.004708
-0.006255
-0.006860
-0.004521
-0.000111
0.003493
0.006467
0.010258
0.012775
0.011899
0.009832
0.008273
0.005257
0.000807
-0.001799
-0.002521
-0.004358
-0.006805
-0.007420
-0.007609
-0.009478
-0.011073
-0.010550
-0.009457
-0.008263
-0.004953
0.000216
0.004627
0.007868
0.010981
0.012920
0.012415
0.010594
0.008504
0.005551
0.002031
-0.000566
-0.002182
-0.003844
-0.005439
-0.006444
-0.007266
-0.008117
-0.008382
-0.007740
-0.006350
-0.004162
-0.001211
0.002056
0.005257
0.007994
0.009562
0.009708
0.008880
0.007271
0.004871
0.002223
-0.000125
-0.002245
-0.004059
-0.005133
-0.005689
-0.006385
-0.007039
-0.007040
-0.006500
-0.005655
-0.004136
-0.001843
0.000662
0.003091
0.005469
0.007275
0.007728
0.006717
0.004821
0.002823
0.001508
0.001325
0.001797
0.001860
0.001121
0.000024
-0.001113
-0.002310
-0.003523
-0.004622
-0.005363
-0.005288
-0.004149
-0.002349
-0.000649
0.000467
0.001051
0.001395
0.001618
0.001641
0.001466
0.001330
0.001488
0.001905
0.002296
0.002374
0.001936
0.000971
-0.000192
-0.001121
-0.001678
-0.001985
-0.002126
-0.002051
-0.001752
-0.001355
-0.000988
-0.000687
-0.000432
-0.000130
0.000341
0.000933
0.001424
0.001740
0.002017
0.002246
0.002210
0.001800
0.001055
0.000071
-0.000875
-0.001539
-0.002003
-0.002359
-0.002449
-0.002227
-0.002139
-0.003111
-0.005357
-0.006902
-0.005435
-0.001825
0.001505
0.004641
0.008363
0.010899
0.011118
0.010912
0.010618
0.007742
0.002808
-0.000440
-0.001729
-0.003907
-0.006671
-0.007797
-0.008226
-0.009545
-0.010253
-0.009363
-0.008641
-0.008229
-0.005773
-0.001267
0.002842
0.006110
0.009486
0.011924
0.012100
0.010974
0.009407
0.006612
0.002823
-0.000280
-0.002365
-0.004336
-0.006066
-0.006922
-0.007244
-0.007477
-0.007335
-0.006604
-0.005371
-0.003501
-0.000962
0.001855
0.004607
0.007078
0.008854
0.009588
0.009249
0.007781
0.005243
0.002292
-0.000346
-0.002636
-0.004691
-0.006156
-0.006808
-0.006940
-0.006780
-0.006260
-0.005452
-0.004441
-0.002941
-0.000842
0.001286
0.003049
0.004735
0.006302
0.006915
0.006013
0.004015
0.001988
0.000982
0.001123
0.001333
0.000785
0.000108
0.000068
0.000106
-0.000572
-0.001722
-0.002815
-0.003662
-0.003890
-0.003260
-0.002424
-0.002046
-0.001717
-0.000816
0.000364
0.001140
0.001399
0.001505
0.001691
0.001947
0.002208
0.002271
0.001905
0.001298
0.000879
0.000614
0.000102
-0.000726
-0.001562
-0.002181
-0.002499
-0.002442
-0.002069
-0.001596
-0.001123
-0.000568
0.000114
0.000844
0.001476
0.001858
0.002024
0.002146
0.002202
0.002049
0.001694
0.001150
0.000337
-0.000695
-0.001718
-0.002464
-0.002709
-0.002501
-0.002219
-0.002084
-0.001879
-0.001694
-0.002629
-0.005201
-0.007076
-0.005386
-0.001112
0.002829
0.006365
0.010377
0.012988
0.012753
0.011544
0.010140
0.006446
0.000994
-0.002521
-0.003716
-0.005491
-0.007808
-0.008536
-0.008521
-0.009424
-0.009927
-0.008955
-0.008039
-0.007373
-0.004802
-0.000230
0.004077
0.007488
0.010701
0.012772
0.012514
0.010789
0.008524
0.005189
0.000948
-0.002628
-0.004809
-0.006184
-0.007034
-0.007224
-0.007049
-0.006723
-0.005976
-0.004752
-0.003253
-0.001367
0.001001
0.003569
0.006083
0.008274
0.009512
0.009375
0.008130
0.006090
0.003294
0.000083
-0.002937
-0.005416
-0.007098
-0.007698
-0.007397
-0.006726
-0.005857
-0.004689
-0.003370
-0.002065
-0.000611
0.001050
0.002433
0.002934
0.003011
0.004285
0.006971
0.008692
0.008010
0.006371
0.004677
0.001893
-0.001818
-0.004862
-0.006982
-0.008437
-0.007928
-0.004761
-0.000928
0.001520
0.002724
0.003289
0.002933
0.001625
0.000047
-0.001272
-0.002054
-0.001855
-0.000545
0.000965
0.001377
0.000595
-0.000288
-0.000709
-0.000963
-0.000979
-0.000399
0.000558
0.001525
0.002460
0.002978
0.002371
0.000740
-0.001012
-0.002301
-0.003043
-0.003214
-0.002859
-0.002033
-0.000750
0.000669
0.001712
0.002188
0.002230
0.002094
0.001985
0.001767
0.001184
0.000434
-0.000070
-0.000322
-0.000591
-0.001005
-0.001540
-0.002036
-0.002202
-0.002268
-0.003507
-0.006754
-0.009982
-0.009483
-0.004632
0.001345
0.006288
0.010797
0.014544
0.015791
0.014754
0.012660
0.008709
0.002634
-0.002503
-0.004577
-0.005703
-0.007785
-0.009448
-0.009782
-0.010046
-0.010472
-0.010075
-0.009268
-0.008546
-0.006341
-0.001582
0.004031
0.008611
0.012118
0.014488
0.014771
0.012923
0.009815
0.005636
0.000602
-0.003861
-0.006566
-0.007889
-0.008546
-0.008580
-0.007994
-0.007022
-0.005734
-0.004237
-0.002768
-0.001140
0.001125
0.004020
0.007045
0.009619
0.011061
0.010921
0.009439
0.006999
0.003593
-0.000520
-0.004414
-0.007317
-0.009047
-0.009504
-0.008766
-0.007484
-0.006181
-0.004678
-0.002846
-0.001113
0.000264
0.001586
0.002977
0.004037
0.004664
0.005437
0.006540
0.007296
0.007157
0.006020
0.003693
0.000369
-0.002849
-0.004952
-0.005818
-0.005593
-0.004338
-0.002453
-0.000628
0.000584
0.000933
0.000512
-0.000280
-0.000992
-0.001292
-0.001039
-0.000377
0.000384
0.001030
0.001393
0.001271
0.000683
-0.000055
-0.000629
-0.000835
-0.000516
0.000250
0.001066
0.001539
0.001541
0.001114
0.000348
-0.000600
-0.001478
-0.002027
-0.002100
-0.001712
-0.001001
-0.000191
0.000540
0.001210
0.001851
0.002239
0.002175
0.001855
0.001576
0.001320
0.000865
-0.000024
-0.001305
-0.002332
-0.002456
-0.002071
-0.002034
-0.002264
-0.002158
-0.001713
-0.001281
-0.001039
-0.001231
-0.002530
-0.005182
-0.006983
-0.004621
0.001184
0.006097
0.008956
0.012095
0.014869
0.014320
0.011150
0.007766
0.003376
-0.002485
-0.006467
-0.007088
-0.007713
-0.009760
-0.010351
-0.008937
-0.008257
-0.008471
-0.007640
-0.006209
-0.005027
-0.002362
0.002592
0.007381
0.010346
0.012439
0.013711
0.012749
0.009705
0.005863
0.001432
-0.003292
-0.006777
-0.008303
-0.008762
-0.008634
-0.007605
-0.005983
-0.004366
-0.002768
-0.001238
0.000024
0.001436
0.003473
0.005770
0.007768
0.009211
0.009611
0.008534
0.006287
0.003355
-0.000157
-0.003870
-0.006929
-0.008822
-0.009531
-0.009006
-0.007390
-0.005349
-0.003531
-0.002314
-0.001852
-0.001226
0.000969
0.004198
0.006703
0.008428
0.009968
0.010240
0.008281
0.004907
0.000980
-0.003114
-0.006229
-0.007288
-0.006656
-0.005251
-0.003434
-0.001310
0.000729
0.002032
0.002232
0.001710
0.001081
0.000502
0.000070
0.000048
0.000179
-0.000076
-0.000615
-0.001124
-0.001691
-0.002226
-0.002325
-0.001924
-0.001119
0.000169
0.001720
0.002945
0.003473
0.003266
0.002464
0.001398
0.000302
-0.000840
-0.001867
-0.002412
-0.002405
-0.002016
-0.001325
-0.000475
0.000362
0.001236
0.002068
0.002428
0.002134
0.001452
0.000651
-0.000024
-0.000302
-0.000352
-0.000624
-0.000990
-0.001042
-0.001090
-0.001660
-0.002433
-0.002713
-0.002549
-0.003185
-0.006098
-0.009977
-0.010003
-0.003923
0.003836
0.008870
0.012667
0.016813
0.018403
0.015991
0.012202
0.007580
0.000559
-0.006118
-0.008316
-0.008143
-0.009775
-0.011690
-0.010966
-0.009443
-0.009258
-0.008940
-0.007754
-0.006868
-0.004995
0.000098
0.006546
0.010967
0.013488
0.015291
0.015227
0.012481
0.008268
0.003218
-0.002661
-0.007669
-0.009966
-0.010228
-0.009945
-0.009082
-0.007243
-0.004904
-0.002606
-0.000683
0.000529
0.001483
0.003230
0.005839
0.008390
0.010249
0.011069
0.010402
0.008259
0.005091
0.000978
-0.003927
-0.008449
-0.011233
-0.012038
-0.011344
-0.009686
-0.007747
-0.005728
-0.002962
0.000462
0.003236
0.005028
0.006762
0.008356
0.008840
0.008202
0.006846
0.004586
0.001710
-0.000731
-0.002318
-0.003440
-0.004223
-0.004382
-0.003824
-0.002812
-0.001667
-0.000527
0.000499
0.001187
0.001543
0.001821
0.001849
0.001152
-0.000070
-0.001130
-0.001851
-0.002378
-0.002581
-0.002370
-0.001902
-0.001175
-0.000159
0.000869
0.001642
0.002173
0.002531
0.002698
0.002577
0.002051
0.001170
0.000134
-0.000901
-0.001746
-0.002198
-0.002332
-0.002323
-0.001986
-0.001051
0.000319
0.001648
0.002522
0.002705
0.002298
0.001699
0.001122
0.000505
-0.000075
-0.000425
-0.000583
-0.000802
-0.001369
-0.002406
-0.003454
-0.003606
-0.002877
-0.003020
-0.005947
-0.010398
-0.011291
-0.005626
0.002713
0.008757
0.013181
0.017793
0.020143
0.018240
0.014059
0.008554
0.000797
-0.006602
-0.009601
-0.009717
-0.010933
-0.012364
-0.011409
-0.009542
-0.008758
-0.007968
-0.006705
-0.006049
-0.004615
-0.000028
0.006206
0.010831
0.013640
0.015630
0.015752
0.013095
0.008623
0.002988
-0.003549
-0.009064
-0.011628
-0.011892
-0.011298
-0.009852
-0.007389
-0.004544
-0.001786
0.000582
0.002018
0.002765
0.004000
0.006173
0.008580
0.010488
0.011347
0.010642
0.008443
0.005214
0.000985
-0.004113
-0.008935
-0.012136
-0.013268
-0.012462
-0.010075
-0.006923
-0.003793
-0.000842
0.001742
0.003061
0.002703
0.002149
0.003136
0.005202
0.006991
0.008398
0.009265
0.008437
0.005790
0.002432
-0.001272
-0.005175
-0.007956
-0.008504
-0.007327
-0.005409
-0.003172
-0.001043
0.000452
0.001382
0.002118
0.002570
0.002522
0.002228
0.002115
0.002149
0.001841
0.000996
-0.000025
-0.001003
-0.002042
-0.002931
-0.003275
-0.003118
-0.002591
-0.001542
-0.000115
0.001112
0.001860
0.002289
0.002444
0.002198
0.001595
0.000818
0.000039
-0.000551
-0.000808
-0.000720
-0.000384
0.000047
0.000453
0.000767
0.000888
0.000817
0.000687
0.000443
-0.000038
-0.000523
-0.000767
-0.000883
-0.000998
-0.001096
-0.001218
-0.001294
-0.001204
-0.001174
-0.001435
-0.001746
-0.001743
-0.001271
-0.000639
-0.001506
-0.005305
-0.008851
-0.006555
0.000768
0.006874
0.010338
0.014232
0.017378
0.016330
0.012429
0.008019
0.001787
-0.005564
-0.009416
-0.009361
-0.009875
-0.011432
-0.010772
-0.008576
-0.007621
-0.007050
-0.005631
-0.004919
-0.004557
-0.001434
0.004203
0.008795
0.011468
0.013618
0.014533
0.012853
0.009349
0.004797
-0.001009
-0.006670
-0.009879
-0.010705
-0.010624
-0.009728
-0.007607
-0.004848
-0.002059
0.000443
0.001961
0.002471
0.003227
0.004903
0.006790
0.008257
0.009112
0.008874
0.007325
0.004990
0.002038
-0.001857
-0.006138
-0.009471
-0.011225
-0.011474
-0.010193
-0.007661
-0.004719
-0.001878
0.000829
0.003067
0.004198
0.003978
0.003077
0.002891
0.004157
0.006002
0.007133
0.007144
0.006120
0.004112
0.001338
-0.001820
-0.004802
-0.006702
-0.006820
-0.005367
-0.003234
-0.001302
0.000018
0.000808
0.001181
0.000981
0.000230
-0.000559
-0.000891
-0.000645
0.000074
0.000924
0.001397
0.001331
0.000985
0.000529
-0.000030
-0.000545
-0.000794
-0.000662
-0.000182
0.000392
0.000672
0.000504
0.000082
-0.000331
-0.000618
-0.000779
-0.000854
-0.000808
-0.000504
0.000063
0.000707
0.001292
0.001763
0.002040
0.002115
0.001969
0.001387
0.000308
-0.000829
-0.001504
-0.001658
-0.001579
-0.001457
-0.001254
-0.000979
-0.000895
-0.001299
-0.002157
-0.002949
-0.003082
-0.002915
-0.004032
-0.006834
-0.008076
-0.004166
0.003134
0.009021
0.012575
0.015606
0.017087
0.015073
0.010853
0.006073
0.000217
-0.005655
-0.008522
-0.008690
-0.009316
-0.010518
-0.010200
-0.008980
-0.008500
-0.007959
-0.006591
-0.005291
-0.003477
0.000701
0.006291
0.010445
0.012637
0.013840
0.013544
0.011007
0.006989
0.002203
-0.003132
-0.007689
-0.009917
-0.010159
-0.009629
-0.008495
-0.006564
-0.004233
-0.001897
0.000202
0.001694
0.002744
0.004166
0.006199
0.008192
0.009531
0.009837
0.008773
0.006498
0.003544
0.000001
-0.004106
-0.007871
-0.010199
-0.010930
-0.010368
-0.008643
-0.006185
-0.003700
-0.001388
0.000846
0.002650
0.003659
0.004169
0.004630
0.004882
0.004468
0.003642
0.003345
0.003673
0.003492
0.002298
0.000860
-0.000426
-0.001910
-0.003390
-0.004147
-0.003936
-0.002879
-0.001118
0.000786
0.001952
0.002059
0.001474
0.000553
-0.000615
-0.001827
-0.002577
-0.002468
-0.001680
-0.000702
0.000210
0.000902
0.001109
0.000905
0.000718
0.000639
0.000499
0.000450
0.000678
0.000959
0.000986
0.000702
0.000135
-0.000631
-0.001310
-0.001629
-0.001586
-0.001257
-0.000648
0.000156
0.000990
0.001683
0.002065
0.002083
0.001830
0.001380
0.000801
0.000195
-0.000438
-0.001108
-0.001631
-0.001865
-0.001922
-0.001872
-0.001628
-0.001232
-0.000842
-0.000527
-0.000371
-0.000504
-0.000813
-0.000952
-0.000844
-0.001189
-0.003097
-0.005856
-0.005972
-0.001527
0.004298
0.007966
0.010342
0.012763
0.013378
0.011036
0.007407
0.003250
-0.001765
-0.005763
-0.006929
-0.007119
-0.008284
-0.008977
-0.008104
-0.007227
-0.006942
-0.006136
-0.005065
-0.004346
-0.002434
0.001718
0.006150
0.008988
0.010759
0.011844
0.011256
0.008812
0.005310
0.000987
-0.003638
-0.006956
-0.008208
-0.008329
-0.007988
-0.006844
-0.004911
-0.002763
-0.000732
0.000862
0.001709
0.002333
0.003559
0.005207
0.006541
0.007291
0.007372
0.006580
0.004950
0.002608
-0.000461
-0.003872
-0.006754
-0.008552
-0.009200
-0.008659
-0.007085
-0.005046
-0.002949
-0.000771
0.001332
0.002897
0.003731
0.003984
0.003745
0.003207
0.002976
0.003451
0.004125
0.004152
0.003356
0.002094
0.000605
-0.001017
-0.002548
-0.003568
-0.003637
-0.002715
-0.001333
-0.000137
0.000569
0.000778
0.000562
-0.000018
-0.000815
-0.001530
-0.001845
-0.001610
-0.000930
-0.000117
0.000507
0.000817
0.000870
0.000761
0.000563
0.000337
0.000148
0.000115
0.000294
0.000507
0.000492
0.000206
-0.000168
-0.000462
-0.000657
-0.000775
-0.000763
-0.000545
-0.000091
0.000520
0.001096
0.001495
0.001676
0.001606
0.001304
0.000906
0.000523
0.000109
-0.000457
-0.001134
-0.001654
-0.001849
-0.001880
-0.001893
-0.001685
-0.001107
-0.000448
-0.000181
-0.000541
-0.001244
-0.001675
-0.001578
-0.001600
-0.002963
-0.005440
-0.005865
-0.001766
0.004298
0.008322
0.010584
0.012859
0.013697
0.011451
0.007546
0.003332
-0.001416
-0.005517
-0.007141
-0.007380
-0.008234
-0.008911
-0.008263
-0.007404
-0.006970
-0.006038
-0.004816
-0.004039
-0.002362
0.001550
0.006065
0.009030
0.010652
0.011548
0.010991
0.008653
0.005179
0.000890
-0.003672
-0.006987
-0.008251
-0.008281
-0.007843
-0.006803
-0.005129
-0.003145
-0.001034
0.000863
0.002046
0.002780
0.003902
0.005516
0.006961
0.007717
0.007561
0.006443
0.004613
0.002287
-0.000621
-0.003912
-0.006770
-0.008482
-0.008989
-0.008498
-0.007160
-0.005217
-0.003013
-0.000819
0.001125
0.002547
0.003354
0.003774
0.004151
0.004513
0.004316
0.003232
0.002174
0.002157
0.002540
0.002172
0.001185
0.000104
-0.001220
-0.002785
-0.004033
-0.004397
-0.003596
-0.001844
0.000142
0.001757
0.002751
0.002899
0.002126
0.000767
-0.000674
-0.001815
-0.002426
-0.002449
-0.001936
-0.001037
-0.000136
0.000359
0.000486
0.000541
0.000547
0.000431
0.000349
0.000426
0.000614
0.000840
0.000927
0.000691
0.000226
-0.000259
-0.000695
-0.000987
-0.000974
-0.000665
-0.000190
0.000373
0.000897
0.001238
0.001389
0.001355
0.001096
0.000754
0.000476
0.000055
-0.000702
-0.001495
-0.001902
-0.001884
-0.001643
-0.001333
-0.000949
-0.000460
-0.000123
-0.000310
-0.000964
-0.001643
-0.001960
-0.002023
-0.002726
-0.004456
-0.005052
-0.001939
0.003450
0.007506
0.009756
0.011661
0.012420
0.010625
0.007186
0.003308
-0.000960
-0.004644
-0.006277
-0.006608
-0.007208
-0.007644
-0.007156
-0.006577
-0.006335
-0.005677
-0.004767
-0.004224
-0.002937
0.000324
0.004374
0.007368
0.009167
0.010147
0.009893
0.008201
0.005428
0.001768
-0.002269
-0.005419
-0.006939
-0.007272
-0.006904
-0.005850
-0.004331
-0.002683
-0.000956
0.000577
0.001432
0.001849
0.002614
0.003882
0.005150
0.006058
0.006410
0.006005
0.004860
0.003061
0.000568
-0.002396
-0.005156
-0.007121
-0.008085
-0.007997
-0.006940
-0.005263
-0.003330
-0.001304
0.000621
0.002093
0.002915
0.003262
0.003496
0.003832
0.004137
0.003922
0.002780
0.001232
0.000477
0.000751
0.001047
0.000818
0.000479
0.000225
-0.000224
-0.000912
-0.001633
-0.002169
-0.002218
-0.001649
-0.000837
-0.000321
-0.000302
-0.000616
-0.000948
-0.001066
-0.001007
-0.000932
-0.000796
-0.000373
0.000402
0.001269
0.001816
0.001822
0.001431
0.000955
0.000528
0.000056
-0.000508
-0.000975
-0.001075
-0.000809
-0.000511
-0.000405
-0.000348
-0.000172
0.000107
0.000470
0.000858
0.001081
0.001070
0.000982
0.000933
0.000900
0.000823
0.000610
0.000203
-0.000313
-0.000803
-0.001228
-0.001605
-0.001878
-0.001892
-0.001489
-0.000773
-0.000195
-0.000165
-0.000720
-0.001446
-0.001597
-0.001225
-0.001916
-0.004252
-0.005437
-0.002739
0.002226
0.006145
0.008606
0.010689
0.011771
0.010669
0.007656
0.003629
-0.000674
-0.004129
-0.005925
-0.006595
-0.006874
-0.006709
-0.006232
-0.005900
-0.005492
-0.004742
-0.004253
-0.004166
-0.003198
-0.000507
0.002899
0.005732
0.007804
0.009145
0.009404
0.008382
0.006084
0.002631
-0.001260
-0.004435
-0.006294
-0.007015
-0.006862
-0.006008
-0.004714
-0.003063
-0.001092
0.000663
0.001599
0.001943
0.002467
0.003466
0.004577
0.005361
0.005673
0.005536
0.004899
0.003577
0.001465
-0.001180
-0.003833
-0.005992
-0.007322
-0.007693
-0.007160
-0.005894
-0.004172
-0.002284
-0.000427
0.001212
0.002392
0.003009
0.003314
0.003664
0.004024
0.003959
0.003222
0.002247
0.001696
0.001549
0.001286
0.000784
0.000248
-0.000310
-0.000949
-0.001555
-0.001964
-0.002089
-0.001889
-0.001378
-0.000720
-0.000211
-0.000100
-0.000395
-0.000821
-0.001071
-0.001063
-0.000876
-0.000576
-0.000177
0.000317
0.000844
0.001239
0.001375
0.001282
0.001034
0.000686
0.000329
0.000006
-0.000322
-0.000602
-0.000712
-0.000685
-0.000628
-0.000552
-0.000442
-0.000295
-0.000029
0.000383
0.000778
0.000988
0.001086
0.001227
0.001330
0.001195
0.000789
0.000213
-0.000426
-0.001013
-0.001464
-0.001710
-0.001681
-0.001417
-0.001073
-0.000771
-0.000621
-0.000796
-0.001324
-0.001843
-0.001909
-0.001855
-0.002648
-0.003901
-0.003343
-0.000018
0.003959
0.006686
0.008711
0.010453
0.010685
0.008790
0.005697
0.002273
-0.001082
-0.003743
-0.005397
-0.006393
-0.006829
-0.006588
-0.006146
-0.005877
-0.005391
-0.004679
-0.004294
-0.003837
-0.002227
0.000487
0.003257
0.005548
0.007400
0.008577
0.008675
0.007569
0.005316
0.002262
-0.000810
-0.003255
-0.005005
-0.006113
-0.006432
-0.005951
-0.004875
-0.003345
-0.001583
-0.000036
0.001040
0.001837
0.002601
0.003342
0.004015
0.004615
0.005044
0.005117
0.004677
0.003638
0.002051
0.000079
-0.002144
-0.004400
-0.006223
-0.007159
-0.007118
-0.006321
-0.005025
-0.003419
-0.001656
0.000108
0.001611
0.002603
0.003178
0.003575
0.003663
0.003194
0.002518
0.002328
0.002708
0.003095
0.003074
0.002647
0.001916
0.000902
-0.000421
-0.001912
-0.003135
-0.003738
-0.003755
-0.003349
-0.002632
-0.001784
-0.001024
-0.000446
-0.000015
0.000286
0.000417
0.000383
0.000314
0.000436
0.000827
0.001278
0.001545
0.001572
0.001368
0.000915
0.000251
-0.000453
-0.000990
-0.001237
-0.001196
-0.000970
-0.000679
-0.000395
-0.000139
0.000110
0.000353
0.000519
0.000598
0.000681
0.000819
0.000985
0.001114
0.001082
0.000814
0.000413
0.000037
-0.000267
-0.000523
-0.000766
-0.001035
-0.001320
-0.001600
-0.001906
-0.002198
-0.002308
-0.002165
-0.001970
-0.002161
-0.002945
-0.003526
-0.002568
0.000053
0.003106
0.005768
0.008032
0.009597
0.009837
0.008616
0.006327
0.003533
0.000701
-0.001931
-0.004202
-0.005810
-0.006539
-0.006627
-0.006443
-0.005956
-0.005111
-0.004299
-0.003797
-0.003288
-0.002348
-0.000890
0.000890
0.002748
0.004567
0.006194
0.007243
0.007326
0.006398
0.004711
0.002554
0.000169
-0.002124
-0.003965
-0.005172
-0.005711
-0.005508
-0.004542
-0.003060
-0.001472
-0.000098
0.000950
0.001756
0.002457
0.003029
0.003342
0.003423
0.003461
0.003482
0.003277
0.002725
0.001879
0.000754
-0.000665
-0.002253
-0.003737
-0.004916
-0.005738
-0.006075
-0.005684
-0.004590
-0.003184
-0.001762
-0.000291
0.001233
0.002543
0.003314
0.003482
0.003318
0.003205
0.003337
0.003623
0.003860
0.003926
0.003770
0.003213
0.001989
0.000163
-0.001772
-0.003350
-0.004414
-0.004878
-0.004618
-0.003779
-0.002782
-0.001899
-0.001120
-0.000366
0.000349
0.000902
0.001186
0.001262
0.001301
0.001391
0.001494
0.001536
0.001459
0.001226
0.000820
0.000252
-0.000374
-0.000857
-0.001126
-0.001280
-0.001346
-0.001243
-0.000954
-0.000537
-0.000062
0.000404
0.000816
0.001158
0.001349
0.001322
0.001161
0.000953
0.000688
0.000372
0.000052
-0.000238
-0.000469
-0.000639
-0.000764
-0.000846
-0.000892
-0.000951
-0.001104
-0.001367
-0.001636
-0.001796
-0.001879
-0.002090
-0.002510
-0.002725
-0.002071
-0.000364
0.001847
0.003827
0.005252
0.006109
0.006287
0.005653
0.004483
0.003312
0.002286
0.001087
-0.000419
-0.001847
-0.002758
-0.003169
-0.003394
-0.003636
-0.003827
-0.003816
-0.003608
-0.003342
-0.003038
-0.002544
-0.001803
-0.000977
-0.000145
0.000814
0.001883
0.002755
0.003181
0.003259
0.003224
0.003073
0.002583
0.001675
0.000595
-0.000281
-0.000765
-0.000942
-0.000980
-0.000967
-0.000903
-0.000733
-0.000442
-0.000167
-0.000083
-0.000175
-0.000279
-0.000297
-0.000227
-0.000068
0.000157
0.000391
0.000602
0.000735
0.000741
0.000653
0.000489
0.000192
-0.000240
-0.000712
-0.001149
-0.001537
-0.001812
-0.001870
-0.001727
-0.001498
-0.001206
-0.000783
-0.000263
0.000217
0.000601
0.000944
0.001307
0.001733
0.002210
0.002578
0.002657
0.002443
0.002041
0.001541
0.001038
0.000569
-0.000002
-0.000780
-0.001565
-0.002033
-0.002115
-0.002036
-0.001991
-0.001932
-0.001701
-0.001268
-0.000779
-0.000395
-0.000154
0.000027
0.000246
0.000534
0.000827
0.001010
0.001036
0.000967
0.000855
0.000725
0.000614
0.000492
0.000288
0.000027
-0.000172
-0.000205
-0.000054
0.000198
0.000407
0.000468
0.000397
0.000272
0.000096
-0.000162
-0.000418
-0.000537
-0.000561
-0.000589
-0.000578
-0.000488
-0.000403
-0.000373
-0.000339
-0.000242
-0.000092
0.000013
-0.000084
-0.000401
-0.000770
-0.001023
-0.001009
-0.000555
0.000254
0.000904
0.000965
0.000624
0.000318
0.000173
0.000140
0.000247
0.000423
0.000499
0.000516
0.000653
0.000916
0.001175
0.001308
0.001207
0.000898
0.000583
0.000354
0.000064
-0.000348
-0.000722
-0.000958
-0.001113
-0.001176
-0.001074
-0.000891
-0.000780
-0.000716
-0.000582
-0.000395
-0.000254
-0.000221
-0.000303
-0.000414
-0.000412
-0.000271
-0.000115
-0.000017
0.000087
0.000270
0.000528
0.000783
0.000953
0.001013
0.000970
0.000831
0.000613
0.000333
0.000064
-0.000093
-0.000138
-0.000167
-0.000197
-0.000144
0.000006
0.000133
0.000156
0.000115
0.000055
-0.000021
-0.000138
-0.000349
-0.000624
-0.000846
-0.000941
-0.000883
-0.000663
-0.000377
-0.000191
-0.000138
-0.000074
0.000109
0.000339
0.000459
0.000427
0.000376
0.000426
0.000478
0.000383
0.000221
0.000179
0.000266
0.000328
0.000299
0.000218
0.000091
-0.000037
-0.000070
-0.000021
0.000027
0.000027
-0.000021
-0.000069
-0.000086
-0.000133
-0.000222
-0.000229
-0.000109
0.000004
0.000010
-0.000037
-0.000081
-0.000147
-0.000242
-0.000334
-0.000399
-0.000330
-0.000054
0.000242
0.000337
0.000290
0.000268
0.000268
0.000193
0.000008
-0.000266
-0.000664
-0.001208
-0.001618
-0.001381
-0.000508
0.000230
0.000320
0.000171
0.000165
0.000063
-0.000076
0.000212
0.000717
0.000847
0.000757
0.000889
0.001158
0.001411
0.001666
0.001673
0.001272
0.000869
0.000746
0.000526
-0.000038
-0.000639
-0.001081
-0.001425
-0.001523
-0.001269
-0.000986
-0.000948
-0.000985
-0.000863
-0.000619
-0.000403
-0.000322
-0.000427
-0.000618
-0.000710
-0.000653
-0.000522
-0.000362
-0.000175
0.000054
0.000370
0.000763
0.001128
0.001349
0.001364
0.001199
0.000979
0.000825
0.000734
0.000626
0.000474
0.000334
0.000228
0.000129
0.000070
0.000107
0.000142
-0.000005
-0.000345
-0.000694
-0.000932
-0.001113
-0.001289
-0.001383
-0.001302
-0.001030
-0.000656
-0.000352
-0.000219
-0.000150
-0.000001
0.000223
0.000423
0.000553
0.000625
0.000627
0.000539
0.000397
0.000290
0.000263
0.000264
0.000237
0.000217
0.000294
0.000491
0.000664
0.000660
0.000538
0.000428
0.000315
0.000145
-0.000062
-0.000267
-0.000420
-0.000448
-0.000363
-0.000266
-0.000182
-0.000111
-0.000113
-0.000195
-0.000262
-0.000278
-0.000311
-0.000386
-0.000416
-0.000347
-0.000245
-0.000164
-0.000073
-0.000002
-0.000021
-0.000071
-0.000045
0.000019
0.000042
0.000041
0.000045
0.000020
-0.000026
-0.000014
0.000061
0.000081
0.000022
0.000008
0.000075
0.000087
-0.000072
-0.000328
-0.000424
-0.000171
0.000287
0.000628
0.000670
0.000418
-0.000014
-0.000374
-0.000388
-0.000118
0.000098
0.000125
0.000132
0.000306
0.000688
0.001058
0.001020
0.000582
0.000275
0.000321
0.000341
0.000100
-0.000176
-0.000344
-0.000531
-0.000715
-0.000709
-0.000563
-0.000490
-0.000497
-0.000453
-0.000360
-0.000290
-0.000237
-0.000227
-0.000354
-0.000524
-0.000480
-0.000225
-0.000041
-0.000014
0.000022
0.000146
0.000320
0.000538
0.000775
0.000904
0.000835
0.000663
0.000526
0.000424
0.000284
0.000080
-0.000120
-0.000182
-0.000067
0.000101
0.000203
0.000206
0.000111
-0.000067
-0.000293
-0.000494
-0.000593
-0.000582
-0.000536
-0.000529
-0.000551
-0.000554
-0.000519
-0.000428
-0.000265
-0.000071
0.000086
0.000192
0.000255
0.000273
0.000272
0.000244
0.000157
0.000083
0.000133
0.000271
0.000390
0.000459
0.000478
0.000425
0.000309
0.000194
0.000156
0.000171
0.000098
-0.000069
-0.000156
-0.000104
-0.000030
-0.000006
-0.000027
-0.000079
-0.000127
-0.000131
-0.000112
-0.000136
-0.000222
-0.000309
-0.000323
-0.000259
-0.000191
-0.000191
-0.000307
-0.000535
-0.000699
-0.000511
0.000037
0.000512
0.000521
0.000166
-0.000225
-0.000544
-0.000749
-0.000594
-0.000044
0.000421
0.000457
0.000336
0.000350
0.000398
0.000397
0.000437
0.000521
0.000615
0.000744
0.000845
0.000809
0.000704
0.000636
0.000555
0.000412
0.000257
0.000069
-0.000227
-0.000538
-0.000676
-0.000659
-0.000682
-0.000812
-0.000951
-0.001004
-0.000929
-0.000704
-0.000394
-0.000151
-0.000071
-0.000116
-0.000225
-0.000330
-0.000318
-0.000138
0.000079
0.000179
0.000210
0.000316
0.000475
0.000569
0.000594
0.000610
0.000643
0.000677
0.000653
0.000562
0.000461
0.000356
0.000198
0.000019
-0.000124
-0.000248
-0.000312
-0.000220
-0.000062
-0.000035
-0.000142
-0.000250
-0.000332
-0.000420
-0.000479
-0.000503
-0.000522
-0.000491
-0.000368
-0.000246
-0.000243
-0.000313
-0.000296
-0.000149
0.000029
0.000123
0.000102
0.000067
0.000128
0.000241
0.000343
0.000452
0.000534
0.000533
0.000513
0.000533
0.000527
0.000454
0.000351
0.000214
0.000045
-0.000075
-0.000124
-0.000193
-0.000303
-0.000370
-0.000358
-0.000332
-0.000327
-0.000309
-0.000248
-0.000164
-0.000116
-0.000128
-0.000160
-0.000162
-0.000121
-0.000053
0.000015
0.000048
0.000071
0.000135
0.000188
0.000132
0.000012
-0.000046
-0.000069
-0.000216
-0.000492
-0.000704
-0.000713
-0.000510
-0.000123
0.000325
0.000625
0.000680
0.000590
0.000493
0.000455
0.000458
0.000415
0.000286
0.000180
0.000197
0.000275
0.000328
0.000358
0.000370
0.000338
0.000272
0.000176
0.000037
-0.000128
-0.000271
-0.000371
-0.000458
-0.000544
-0.000596
-0.000599
-0.000546
-0.000427
-0.000289
-0.000200
-0.000173
-0.000144
-0.000068
-0.000050
-0.000198
-0.000372
-0.000385
-0.000303
-0.000244
-0.000136
0.000086
0.000349
0.000563
0.000652
0.000597
0.000490
0.000423
0.000382
0.000325
0.000261
0.000224
0.000228
0.000246
0.000220
0.000126
0.000003
-0.000058
-0.000015
0.000027
-0.000050
-0.000214
-0.000380
-0.000484
-0.000482
-0.000414
-0.000371
-0.000384
-0.000387
-0.000298
-0.000144
-0.000063
-0.000098
-0.000112
-0.000000
0.000157
0.000236
0.000230
0.000173
0.000075
-0.000022
-0.000021
0.000122
0.000323
0.000453
0.000424
0.000237
0.000038
-0.000021
0.000009
-0.000010
-0.000066
-0.000028
0.000094
0.000109
-0.000041
-0.000188
-0.000206
-0.000130
-0.000026
0.000051
0.000077
0.000078
0.000075
0.000035
-0.000065
-0.000184
-0.000251
-0.000230
-0.000158
-0.000117
-0.000140
-0.000203
-0.000332
-0.000528
-0.000633
-0.000490
-0.000159
0.000173
0.000341
0.000318
0.000252
0.000295
0.000401
0.000451
0.000441
0.000406
0.000337
0.000272
0.000292
0.000382
0.000448
0.000438
0.000400
0.000430
0.000531
0.000534
0.000278
-0.000146
-0.000440
-0.000482
-0.000456
-0.000508
-0.000570
-0.000588
-0.000617
-0.000670
-0.000657
-0.000541
-0.000429
-0.000391
-0.000363
-0.000319
-0.000295
-0.000233
-0.000089
0.000036
0.000078
0.000151
0.000343
0.000535
0.000608
0.000629
0.000694
0.000753
0.000691
0.000493
0.000247
0.000045
-0.000083
-0.000124
-0.000085
-0.000034
-0.000027
-0.000032
0.000006
0.000060
0.000040
-0.000088
-0.000254
-0.000362
-0.000391
-0.000391
-0.000411
-0.000424
-0.000376
-0.000264
-0.000143
-0.000057
0.000003
0.000087
0.000194
0.000252
0.000241
0.000205
0.000153
0.000067
-0.000030
-0.000079
-0.000051
0.000011
0.000029
0.000010
0.000014
0.000037
0.000063
0.000118
0.000163
0.000130
0.000063
0.000067
0.000130
0.000157
0.000143
0.000135
0.000121
0.000088
0.000035
-0.000055
-0.000152
-0.000208
-0.000211
-0.000162
-0.000087
-0.000072
-0.000169
-0.000293
-0.000344
-0.000321
-0.000263
-0.000207
-0.000210
-0.000290
-0.000356
-0.000268
-0.000020
0.000232
0.000353
0.000370
0.000386
0.000425
0.000431
0.000374
0.000306
0.000285
0.000313
0.000355
0.000355
0.000317
0.000293
0.000249
0.000133
0.000003
-0.000105
-0.000197
-0.000169
-0.000006
0.000103
0.000059
-0.000053
-0.000161
-0.000265
-0.000391
-0.000528
-0.000595
-0.000548
-0.000468
-0.000445
-0.000470
-0.000465
-0.000383
-0.000265
-0.000162
-0.000065
0.000042
0.000182
0.000370
0.000546
0.000593
0.000495
0.000382
0.000348
0.000352
0.000331
0.000292
0.000254
0.000206
0.000140
0.000104
0.000130
0.000164
0.000136
0.000016
-0.000158
-0.000310
-0.000408
-0.000457
-0.000454
-0.000409
-0.000336
-0.000240
-0.000140
-0.000065
-0.000029
-0.000028
-0.000030
0.000004
0.000084
0.000195
0.000283
0.000281
0.000183
0.000077
0.000028
0.000009
-0.000014
-0.000042
-0.000081
-0.000107
-0.000071
-0.000009
0.000009
-0.000016
-0.000042
-0.000048
-0.000014
0.000061
0.000136
0.000170
0.000178
0.000176
0.000123
0.000009
-0.000051
0.000019
0.000106
0.000047
-0.000127
-0.000262
-0.000313
-0.000330
-0.000327
-0.000275
-0.000171
-0.000068
-0.000031
-0.000044
-0.000017
0.000097
0.000205
0.000153
-0.000019
-0.000062
0.000128
0.000347
0.000377
0.000243
0.000089
0.000003
-0.000004
0.000008
-0.000017
-0.000034
0.000021
0.000072
0.000039
0.000009
0.000070
0.000132
0.000116
0.000145
0.000281
0.000348
0.000252
0.000109
-0.000002
-0.000097
-0.000174
-0.000223
-0.000269
-0.000349
-0.000442
-0.000469
-0.000419
-0.000335
-0.000201
-0.000014
0.000114
0.000096
0.000016
-0.000005
0.000028
0.000040
0.000011
0.000016
0.000123
0.000274
0.000361
0.000348
0.000266
0.000162
0.000082
0.000059
0.000082
0.000109
0.000104
0.000055
-0.000026
-0.000081
-0.000058
-0.000003
-0.000000
-0.000022
-0.000020
-0.000083
-0.000273
-0.000484
-0.000616
-0.000669
-0.000624
-0.000466
-0.000248
-0.000035
0.000135
0.000245
0.000316
0.000359
0.000351
0.000297
0.000247
0.000232
0.000262
0.000309
0.000286
0.000159
0.000053
0.000073
0.000129
0.000109
0.000056
0.000034
0.000018
-0.000010
-0.000022
-0.000008
0.000012
0.000005
-0.000068
-0.000220
-0.000364
-0.000379
-0.000274
-0.000160
-0.000120
-0.000168
-0.000240
-0.000233
-0.000124
-0.000026
-0.000041
-0.000115
-0.000130
-0.000046
0.000118
0.000302
0.000422
0.000445
0.000383
0.000276
0.000193
0.000143
0.000075
0.000006
0.000001
0.000039
0.000046
0.000037
0.000047
0.000016
-0.000075
-0.000118
-0.000063
-0.000005
0.000013
0.000038
0.000034
-0.000060
-0.000171
-0.000187
-0.000127
-0.000075
-0.000052
-0.000052
-0.000081
-0.000106
-0.000070
-0.000005
-0.000017
-0.000116
-0.000195
-0.000178
-0.000093
0.000012
0.000135
0.000237
0.000251
0.000209
0.000175
0.000114
0.000003
-0.000053
0.000037
0.000197
0.000252
0.000131
-0.000050
-0.000148
-0.000154
-0.000153
-0.000189
-0.000231
-0.000244
-0.000236
-0.000188
-0.000071
0.000034
0.000038
-0.000005
-0.000008
0.000019
0.000017
-0.000018
-0.000032
-0.000012
0.000008
0.000027
0.000035
0.000009
0.000000
0.000070
0.000170
0.000221
0.000213
0.000176
0.000115
0.000062
0.000073
0.000130
0.000138
0.000047
-0.000091
-0.000178
-0.000163
-0.000093
-0.000061
-0.000102
-0.000153
-0.000141
-0.000070
0.000039
0.000182
0.000278
0.000216
0.000022
-0.000142
-0.000162
-0.000083
-0.000041
-0.000085
-0.000131
-0.000109
-0.000068
-0.000086
-0.000149
-0.000141
0.000015
0.000232
0.000353
0.000345
0.000286
0.000229
0.000196
0.000197
0.000188
0.000133
0.000074
0.000033
-0.000050
-0.000192
-0.000315
-0.000349
-0.000328
-0.000325
-0.000354
-0.000373
-0.000329
-0.000215
-0.000088
0.000007
0.000058
0.000085
0.000154
0.000273
0.000347
0.000328
0.000268
0.000226
0.000223
0.000186
0.000061
-0.000057
-0.000092
-0.000109
-0.000135
-0.000124
-0.000102
-0.000130
-0.000151
-0.000093
-0.000046
-0.000092
-0.000122
-0.000040
0.000049
0.000035
0.000015
0.000100
0.000207
0.000219
0.000168
0.000119
0.000064
0.000006
-0.000028
-0.000064
-0.000134
-0.000186
-0.000180
-0.000142
-0.000107
-0.000092
-0.000082
-0.000039
0.000029
0.000047
-0.000010
-0.000056
-0.000014
0.000093
0.000165
0.000143
0.000087
0.000068
0.000081
0.000075
0.000026
-0.000037
-0.000056
-0.000030
-0.000006
0.000000
0.000011
0.000028
0.000053
0.000089
0.000083
0.000012
-0.000046
-0.000049
-0.000051
-0.000070
-0.000062
-0.000013
0.000059
0.000115
0.000106
0.000039
-0.000034
-0.000108
-0.000183
-0.000199
-0.000121
0.000007
0.000103
0.000110
0.000053
-0.000011
-0.000076
-0.000120
-0.000089
-0.000048
-0.000085
-0.000102
0.000034
0.000230
0.000298
0.000218
0.000102
0.000027
0.000024
0.000075
0.000086
0.000012
-0.000071
-0.000087
-0.000066
-0.000078
-0.000109
-0.000095
-0.000063
-0.000056
-0.000024
0.000054
0.000090
0.000039
-0.000029
-0.000048
-0.000040
-0.000024
0.000016
0.000043
0.000032
0.000025
-0.000002
-0.000086
-0.000133
-0.000066
0.000013
0.000006
-0.000036
-0.000029
0.000027
0.000087
0.000114
0.000067
-0.000068
-0.000189
-0.000196
-0.000130
-0.000086
-0.000058
0.000022
0.000134
0.000178
0.000146
0.000122
0.000140
0.000169
0.000189
0.000190
0.000154
0.000069
-0.000037
-0.000111
-0.000116
-0.000048
0.000024
0.000027
-0.000015
-0.000050
-0.000095
-0.000163
-0.000201
-0.000172
-0.000129
-0.000114
-0.000076
0.000019
0.000087
0.000069
0.000049
0.000106
0.000160
0.000115
0.000036
0.000007
0.000007
0.000021
0.000062
0.000074
-0.000002
-0.000104
-0.000136
-0.000096
-0.000058
-0.000062
-0.000076
-0.000042
0.000043
0.000090
0.000051
0.000018
0.000060
0.000098
0.000066
0.000013
-0.000020
-0.000059
-0.000101
-0.000096
-0.000047
-0.000016
-0.000048
-0.000131
-0.000204
-0.000198
-0.000101
0.000011
0.000078
0.000134
0.000204
0.000246
0.000204
0.000078
-0.000030
-0.000016
0.000088
0.000170
0.000197
0.000167
0.000059
-0.000100
-0.000214
-0.000219
-0.000177
-0.000182
-0.000186
-0.000092
0.000043
0.000089
0.000055
0.000051
0.000113
0.000198
0.000216
0.000081
-0.000138
-0.000243
-0.000177
-0.000090
-0.000097
-0.000119
-0.000053
0.000049
0.000067
-0.000012
-0.000062
0.000006
0.000097
0.000076
-0.000004
-0.000016
0.000018
0.000012
-0.000010
0.000023
0.000096
0.000131
0.000118
0.000119
0.000143
0.000129
0.000047
-0.000038
-0.000046
-0.000009
-0.000019
-0.000079
-0.000122
-0.000135
-0.000159
-0.000177
-0.000129
-0.000036
0.000032
0.000056
0.000059
0.000077
0.000117
0.000112
0.000019
-0.000079
-0.000084
-0.000019
0.000023
0.000020
0.000010
-0.000016
-0.000065
-0.000080
-0.000008
0.000103
0.000146
0.000063
-0.000078
-0.000090
0.000095
0.000281
0.000300
0.000238
0.000194
0.000135
0.000053
-0.000028
-0.000132
-0.000259
-0.000343
-0.000353
-0.000330
-0.000288
-0.000211
-0.000131
-0.000119
-0.000189
-0.000264
-0.000220
-0.000018
0.000202
0.000294
0.000305
0.000353
0.000406
0.000361
0.000212
0.000021
-0.000130
-0.000159
-0.000087
-0.000004
0.000063
0.000107
0.000082
0.000007
-0.000038
-0.000030
-0.000021
-0.000050
-0.000089
-0.000075
-0.000012
0.000001
-0.000093
-0.000197
-0.000177
-0.000028
0.000102
0.000092
0.000020
0.000018
0.000080
0.000147
0.000215
0.000262
0.000219
0.000059
-0.000150
-0.000263
-0.000218
-0.000118
-0.000076
-0.000085
-0.000090
-0.000092
-0.000099
-0.000079
-0.000009
0.000063
0.000082
0.000092
0.000150
0.000213
0.000185
0.000069
-0.000052
-0.000134
-0.000165
-0.000127
-0.000028
0.000062
0.000067
-0.000015
-0.000097
-0.000092
-0.000032
-0.000002
0.000005
0.000038
0.000066
0.000024
-0.000053
-0.000052
0.000049
0.000178
0.000281
0.000319
0.000236
0.000058
-0.000109
-0.000201
-0.000220
-0.000177
-0.000107
-0.000074
-0.000089
-0.000091
-0.000048
-0.000032
-0.000114
-0.000217
-0.000199
-0.000039
0.000160
0.000290
0.000299
0.000213
0.000118
0.000070
0.000056
0.000045
0.000024
-0.000008
-0.000056
-0.000081
-0.000017
0.000064
0.000005
-0.000158
-0.000230
-0.000171
-0.000109
-0.000083
-0.000030
0.000029
0.000033
0.000041
0.000105
0.000157
0.000142
0.000112
0.000110
0.000089
-0.000003
-0.000103
-0.000089
0.000030
0.000104
0.000065
-0.000026
-0.000099
-0.000128
-0.000132
-0.000145
-0.000113
0.000025
0.000138
0.000052
-0.000170
-0.000332
-0.000348
-0.000273
-0.000172
-0.000044
0.000138
0.000327
0.000416
0.000352
0.000228
0.000170
0.000166
0.000150
0.000154
0.000184
0.000147
-0.000004
-0.000187
-0.000280
-0.000246
-0.000148
-0.000061
-0.000037
-0.000078
-0.000087
0.000012
0.000123
0.000103
-0.000002
-0.000056
-0.000058
-0.000062
-0.000037
0.000030
0.000065
0.000029
-0.000030
-0.000045
-0.000016
0.000007
0.000024
0.000059
0.000070
0.000027
-0.000012
-0.000018
-0.000037
-0.000086
-0.000119
-0.000097
-0.000050
-0.000033
-0.000054
-0.000076
-0.000052
0.000013
0.000061
0.000052
-0.000000
-0.000065
-0.000113
-0.000114
-0.000061
0.000011
0.000076
0.000144
0.000224
0.000261
0.000193
0.000054
-0.000036
-0.000017
0.000034
0.000042
0.000045
0.000086
0.000110
0.000061
-0.000024
-0.000068
-0.000077
-0.000115
-0.000203
-0.000259
-0.000205
-0.000090
-0.000025
-0.000029
-0.000035
0.000000
0.000071
0.000171
0.000268
0.000305
0.000253
0.000151
0.000076
0.000003
-0.000140
-0.000271
-0.000243
-0.000096
-0.000032
-0.000134
-0.000251
-0.000213
-0.000039
0.000109
0.000121
0.000034
-0.000018
0.000018
0.000058
0.000072
0.000110
0.000148
0.000126
0.000076
0.000059
0.000075
0.000071
0.000005
-0.000087
-0.000128
-0.000115
-0.000102
-0.000121
-0.000145
-0.000128
-0.000048
0.000086
0.000188
0.000159
0.000060
0.000042
0.000106
0.000133
0.000058
-0.000069
-0.000127
-0.000064
0.000028
0.000019
-0.000099
-0.000187
-0.000147
-0.000067
-0.000061
-0.000081
-0.000039
0.000035
0.000076
0.000100
0.000131
0.000128
0.000081
0.000036
0.000005
0.000005
0.000082
0.000197
0.000252
0.000227
0.000169
0.000100
0.000005
-0.000091
-0.000148
-0.000175
-0.000201
-0.000208
-0.000187
-0.000186
-0.000225
-0.000277
-0.000314
-0.000304
-0.000215
-0.000069
0.000046
0.000094
0.000133
0.000185
0.000206
0.000204
0.000236
0.000295
0.000303
0.000229
0.000131
0.000053
-0.000031
-0.000114
-0.000131
-0.000078
-0.000042
-0.000080
-0.000149
-0.000158
-0.000112
-0.000076
-0.000046
0.000021
0.000096
0.000122
0.000085
0.000003
-0.000052
-0.000011
0.000071
0.000110
0.000130
0.000152
0.000128
0.000055
-0.000008
-0.000042
-0.000084
-0.000136
-0.000127
-0.000040
0.000026
0.000005
-0.000053
-0.000068
-0.000044
-0.000047
-0.000090
-0.000109
-0.000054
0.000057
0.000140
0.000140
0.000092
0.000054
0.000052
0.000063
0.000032
-0.000036
-0.000078
-0.000067
-0.000027
0.000005
0.000005
-0.000020
-0.000050
-0.000077
-0.000090
-0.000068
-0.000007
0.000051
0.000063
0.000061
0.000078
0.000071
0.000035
0.000039
0.000065
0.000000
-0.000134
-0.000186
-0.000111
-0.000008
0.000067
0.000103
0.000060
-0.000037
-0.000069
0.000006
0.000073
0.000039
-0.000036
-0.000054
-0.000009
0.000044
0.000040
-0.000028
-0.000073
-0.000012
0.000089
0.000103
0.000031
-0.000045
-0.000091
-0.000101
-0.000077
-0.000050
-0.000038
-0.000009
