5120
0.000051
0.000068
0.000072
0.000048
0.000034
0.000026
-0.000022
-0.000132
-0.000249
-0.000276
-0.000197
-0.000089
-0.000006
0.000071
0.000137
0.000126
0.000042
0.000015
0.000086
0.000098
-0.000012
-0.000058
-0.000002
-0.000037
-0.000142
-0.000132
-0.000047
-0.000010
0.000025
0.000102
0.000129
0.000060
-0.000044
-0.000110
-0.000084
0.000023
0.000114
0.000122
0.000069
-0.000017
-0.000115
-0.000165
-0.000154
-0.000123
-0.000074
0.000018
0.000104
0.000090
-0.000005
-0.000023
0.000087
0.000179
0.000169
0.000125
0.000102
0.000086
0.000042
-0.000036
-0.000089
-0.000085
-0.000045
0.000026
0.000063
-0.000053
-0.000254
-0.000350
-0.000318
-0.000263
-0.000207
-0.000115
0.000005
0.000101
0.000152
0.000176
0.000197
0.000230
0.000281
0.000324
0.000304
0.000212
0.000117
0.000091
0.000112
0.000096
0.000005
-0.000123
-0.000215
-0.000208
-0.000128
-0.000056
-0.000010
0.000021
-0.000009
-0.000096
-0.000179
-0.000234
-0.000206
-0.000070
0.000050
0.000052
-0.000021
-0.000098
-0.000140
-0.000081
0.000085
0.000241
0.000277
0.000201
0.000097
0.000025
-0.000017
-0.000062
-0.000118
-0.000146
-0.000115
-0.000039
0.000025
0.000020
-0.000039
-0.000056
0.000006
0.000054
0.000025
-0.000017
0.000008
0.000057
0.000057
0.000031
0.000012
-0.000038
-0.000109
-0.000137
-0.000112
-0.000064
-0.000012
0.000028
0.000060
0.000114
0.000140
0.000034
-0.000141
-0.000185
-0.000067
0.000059
0.000109
0.000140
0.000181
0.000189
0.000151
0.000097
0.000046
0.000013
-0.000007
-0.000018
-0.000016
-0.000028
-0.000100
-0.000190
-0.000213
-0.000182
-0.000151
-0.000112
-0.000048
-0.000005
-0.000017
-0.000041
-0.000005
0.000116
0.000257
0.000310
0.000226
0.000072
-0.000046
-0.000094
-0.000082
-0.000022
0.000034
0.000048
0.000044
0.000035
-0.000006
-0.000056
-0.000037
0.000019
-0.000025
-0.000176
-0.000272
-0.000242
-0.000180
-0.000138
-0.000053
0.000079
0.000186
0.000239
0.000241
0.000190
0.000116
0.000057
0.000058
0.000125
0.000146
0.000058
-0.000015
-0.000009
0.000003
-0.000018
-0.000074
-0.000200
-0.000347
-0.000354
-0.000192
-0.000064
-0.000043
0.000039
0.000205
0.000246
0.000106
-0.000034
-0.000048
0.000008
0.000055
0.000064
0.000023
0.000002
0.000088
0.000200
0.000221
0.000171
0.000112
0.000061
0.000025
0.000003
-0.000040
-0.000113
-0.000166
-0.000169
-0.000155
-0.000162
-0.000182
-0.000188
-0.000178
-0.000181
-0.000236
-0.000275
-0.000176
-0.000039
-0.000065
-0.000142
-0.000004
0.000370
0.000635
0.000443
0.000148
0.000216
0.000311
0.000138
-0.000007
0.000020
0.000044
0.000001
-0.000027
-0.000027
-0.000070
-0.000138
-0.000158
-0.000152
-0.000144
-0.000124
-0.000145
-0.000208
-0.000194
-0.000052
0.000123
0.000194
0.000119
0.000025
0.000030
0.000060
0.000061
0.000115
0.000220
0.000288
0.000288
0.000156
-0.000130
-0.000296
-0.000099
0.000201
0.000193
-0.000098
-0.000355
-0.000419
-0.000331
-0.000192
-0.000092
-0.000026
0.000050
0.000105
0.000102
0.000070
0.000046
0.000042
0.000065
0.000116
0.000146
0.000091
-0.000029
-0.000111
-0.000090
-0.000004
0.000053
0.000039
-0.000006
-0.000061
-0.000115
-0.000088
0.000023
0.000103
0.000124
0.000174
0.000232
0.000175
0.000031
-0.000047
-0.000041
-0.000053
-0.000117
-0.000164
-0.000135
-0.000053
0.000010
0.000002
-0.000036
-0.000015
0.000046
0.000053
-0.000009
-0.000069
-0.000062
-0.000003
0.000035
0.000025
-0.000001
-0.000018
-0.000026
-0.000024
-0.000005
0.000036
0.000054
0.000008
-0.000063
-0.000105
-0.000076
0.000019
0.000107
0.000132
0.000125
0.000111
0.000092
0.000083
0.000060
-0.000036
-0.000160
-0.000185
-0.000088
0.000019
0.000034
-0.000054
-0.000159
-0.000195
-0.000157
-0.000080
0.000009
0.000073
0.000099
0.000123
0.000141
0.000125
0.000116
0.000142
0.000173
0.000172
0.000079
-0.000116
-0.000290
-0.000344
-0.000312
-0.000247
-0.000150
-0.000049
-0.000005
-0.000007
0.000024
0.000135
0.000275
0.000337
0.000283
0.000197
0.000154
0.000128
0.000099
0.000068
0.000007
-0.000065
-0.000087
-0.000079
-0.000098
-0.000124
-0.000104
-0.000061
-0.000045
-0.000029
0.000044
0.000136
0.000131
-0.000003
-0.000146
-0.000178
-0.000122
-0.000078
-0.000074
-0.000062
-0.000036
-0.000043
-0.000087
-0.000115
-0.000082
0.000006
0.000086
0.000099
0.000089
0.000132
0.000207
0.000218
0.000149
0.000062
-0.000025
-0.000117
-0.000155
-0.000129
-0.000105
-0.000053
0.000041
0.000068
0.000015
-0.000051
-0.000127
-0.000158
-0.000113
-0.000101
-0.000126
-0.000055
0.000094
0.000143
0.000052
-0.000009
0.000063
0.000152
0.000137
0.000077
0.000073
0.000111
0.000134
0.000121
0.000079
0.000024
-0.000044
-0.000120
-0.000154
-0.000122
-0.000069
-0.000045
-0.000026
0.000025
0.000076
0.000068
0.000006
-0.000053
-0.000070
-0.000058
-0.000063
-0.000074
-0.000049
-0.000018
-0.000045
-0.000108
-0.000111
-0.000007
0.000121
0.000174
0.000174
0.000148
0.000078
0.000010
-0.000011
-0.000029
-0.000063
-0.000053
0.000028
0.000068
-0.000031
-0.000142
-0.000115
-0.000033
-0.000010
-0.000013
-0.000015
-0.000017
0.000016
0.000088
0.000133
0.000116
0.000067
-0.000003
-0.000094
-0.000151
-0.000124
-0.000049
0.000011
0.000050
0.000102
0.000143
0.000114
0.000021
-0.000083
-0.000136
-0.000183
-0.000889
-0.002379
-0.002213
0.000961
0.003583
0.002913
0.001116
0.000046
-0.000937
-0.001750
-0.001392
0.000171
0.001846
0.002610
0.002319
0.001408
0.000419
-0.000349
-0.000921
-0.001214
-0.001159
-0.001103
-0.001326
-0.001660
-0.001848
-0.001848
-0.001791
-0.001694
-0.001391
-0.000853
-0.000239
0.000408
0.001109
0.001643
0.001802
0.001843
0.001990
0.001908
0.001454
0.001107
0.001023
0.000824
0.000458
0.000202
0.000009
-0.000346
-0.000705
-0.000846
-0.000960
-0.001121
-0.001116
-0.000988
-0.000862
-0.000609
-0.000225
0.000004
-0.000117
-0.000353
-0.000297
-0.000056
-0.000025
-0.000108
-0.000006
0.000171
0.000237
0.000300
0.000426
0.000425
0.000253
0.000211
0.000374
0.000414
0.000270
0.000223
0.000327
0.000437
0.000524
0.000570
0.000451
0.000177
-0.000009
-0.000048
-0.000176
-0.000419
-0.000563
-0.000576
-0.000516
-0.000369
-0.000269
-0.000406
-0.000658
-0.000726
-0.000563
-0.000368
-0.000249
-0.000159
-0.000038
0.000145
0.000358
0.000499
0.000507
0.000431
0.000376
0.000393
0.000455
0.000516
0.000514
0.000429
0.000350
0.000327
0.000274
0.000145
-0.000010
-0.000167
-0.000320
-0.000414
-0.000420
-0.000391
-0.000411
-0.000475
-0.000470
-0.000349
-0.000239
-0.000224
-0.000213
-0.000124
-0.000010
0.000062
0.000084
0.000101
0.000191
0.000332
0.000388
0.000322
0.000245
0.000209
0.000193
0.000204
0.000225
0.000199
0.000115
0.000031
0.000003
-0.000024
-0.000147
-0.000304
-0.000358
-0.000335
-0.000318
-0.000280
-0.000191
-0.000159
-0.000222
-0.000212
-0.000051
0.000082
0.000104
0.000164
0.000271
0.000261
0.000123
-0.000011
-0.000053
0.000024
0.000162
0.000215
0.000103
-0.000048
-0.000049
0.000093
0.000230
0.000250
0.000117
-0.000054
-0.000105
-0.000097
-0.000149
-0.000204
-0.000224
-0.000329
-0.000488
-0.000490
-0.000364
-0.000364
-0.000498
-0.000524
-0.000360
-0.000147
0.000025
0.000155
0.000175
0.000045
-0.000044
0.000099
0.000371
0.000676
0.001130
0.001699
0.002108
0.002278
0.002317
0.002126
0.001589
0.000950
0.000431
-0.000167
-0.000962
-0.001653
-0.002071
-0.002425
-0.002833
-0.003157
-0.003281
-0.003150
-0.002667
-0.001843
-0.000902
-0.000050
0.000706
0.001393
0.001944
0.002325
0.002566
0.002635
0.002520
0.002281
0.001906
0.001361
0.000735
0.000136
-0.000410
-0.000887
-0.001235
-0.001457
-0.001605
-0.001609
-0.001369
-0.000980
-0.000627
-0.000336
-0.000047
0.000210
0.000351
0.000343
0.000280
0.000279
0.000243
0.000040
-0.000171
-0.000132
0.000116
0.000272
0.000312
0.000589
0.001000
0.000563
-0.000889
-0.001287
0.000730
0.002295
0.000295
-0.002531
-0.001992
0.000231
0.000668
0.000422
0.001197
0.000755
-0.001758
-0.002494
-0.000194
0.000624
-0.002727
-0.007277
-0.008840
-0.005848
-0.000672
0.002683
0.004458
0.007821
0.011434
0.011782
0.010248
0.008902
0.005479
0.000484
-0.000386
0.002567
0.001973
-0.002698
-0.005068
-0.005184
-0.007545
-0.010551
-0.011255
-0.012362
-0.014619
-0.013022
-0.006947
-0.002191
-0.000136
0.003197
0.007693
0.009844
0.010072
0.010435
0.009820
0.007780
0.007183
0.008814
0.009327
0.006950
0.003737
0.001205
-0.001502
-0.004883
-0.008113
-0.010608
-0.012184
-0.012218
-0.010353
-0.007553
-0.005262
-0.003627
-0.001643
0.000829
0.002698
0.003588
0.004388
0.005624
0.006957
0.008187
0.009128
0.008947
0.007196
0.004793
0.002616
0.000268
-0.002589
-0.005163
-0.006697
-0.007302
-0.007175
-0.006417
-0.005604
-0.005141
-0.004442
-0.002952
-0.001219
0.000146
0.001463
0.003095
0.004697
0.005852
0.006469
0.006393
0.005486
0.004103
0.002702
0.001122
-0.000841
-0.002549
-0.003282
-0.003308
-0.003220
-0.003025
-0.002668
-0.002374
-0.002077
-0.001536
-0.000940
-0.000550
-0.000183
0.000408
0.001094
0.001554
0.001637
0.001476
0.001285
0.001129
0.000962
0.000773
0.000565
0.000399
0.000496
0.000874
0.001042
0.000628
-0.000055
-0.000557
-0.000813
-0.000891
-0.000812
-0.000709
-0.000801
-0.001082
-0.001342
-0.001710
-0.002543
-0.003505
-0.004035
-0.004962
-0.007114
-0.008135
-0.004867
0.000983
0.005227
0.008107
0.011980
0.015029
0.014712
0.012940
0.011316
0.007679
0.002326
-0.000588
-0.000930
-0.002906
-0.006747
-0.009097
-0.010236
-0.012502
-0.014718
-0.015002
-0.014560
-0.013895
-0.010741
-0.004831
0.000899
0.005214
0.009414
0.013339
0.015347
0.015443
0.014674
0.012933
0.010122
0.007458
0.005594
0.003465
0.000245
-0.003341
-0.006406
-0.009028
-0.011509
-0.013517
-0.014402
-0.013871
-0.011967
-0.008722
-0.004461
-0.000125
0.003543
0.006729
0.009594
0.011394
0.011597
0.010841
0.009862
0.008618
0.007015
0.005233
0.003070
0.000215
-0.002897
-0.005651
-0.008096
-0.010293
-0.011645
-0.011660
-0.010606
-0.008923
-0.006642
-0.003815
-0.000851
0.002096
0.005293
0.008444
0.010617
0.011508
0.011488
0.010504
0.008404
0.005725
0.002935
-0.000037
-0.002901
-0.005011
-0.006406
-0.007561
-0.008391
-0.008467
-0.007763
-0.006485
-0.004680
-0.002481
-0.000293
0.001591
0.003158
0.004312
0.004812
0.004672
0.004252
0.003782
0.003132
0.002298
0.001605
0.001118
0.000507
-0.000274
-0.000883
-0.001209
-0.001433
-0.001582
-0.001555
-0.001376
-0.001153
-0.001151
-0.001773
-0.002797
-0.003593
-0.005224
-0.009244
-0.012464
-0.009257
-0.001366
0.004192
0.007499
0.013365
0.019005
0.018707
0.015562
0.014167
0.010639
0.002875
-0.002065
-0.001515
-0.002866
-0.008375
-0.011306
-0.010772
-0.012848
-0.016994
-0.017822
-0.016516
-0.016351
-0.013836
-0.005953
0.002561
0.007778
0.012516
0.018190
0.021087
0.019905
0.017566
0.014802
0.010171
0.005133
0.002154
0.000131
-0.003131
-0.006892
-0.009543
-0.011570
-0.013982
-0.016140
-0.016691
-0.015286
-0.012337
-0.007878
-0.001940
0.004300
0.009240
0.012721
0.015402
0.016619
0.015281
0.012319
0.009549
0.007022
0.003983
0.000954
-0.001479
-0.004090
-0.007275
-0.010002
-0.011843
-0.013523
-0.014707
-0.013952
-0.011168
-0.007538
-0.003355
0.001589
0.006336
0.009676
0.011444
0.011724
0.010908
0.010297
0.009963
0.008136
0.004887
0.002433
0.000883
-0.001294
-0.003609
-0.005152
-0.006905
-0.008974
-0.009663
-0.008956
-0.008347
-0.007443
-0.004984
-0.001692
0.001035
0.003135
0.004874
0.006006
0.006571
0.006887
0.006849
0.006168
0.004925
0.003446
0.001919
0.000294
-0.001477
-0.003090
-0.004194
-0.004883
-0.005267
-0.005131
-0.004542
-0.003832
-0.002851
-0.001377
0.000101
0.001053
0.001651
0.002245
0.002813
0.003141
0.003111
0.002820
0.002507
0.002269
0.001963
0.001468
0.000842
0.000178
-0.000482
-0.001209
-0.002138
-0.003164
-0.003992
-0.004511
-0.004574
-0.003760
-0.002208
-0.000847
-0.000162
-0.000296
-0.001781
-0.003640
-0.003075
0.000401
0.004081
0.006813
0.009982
0.013111
0.013673
0.011397
0.008066
0.004045
-0.000896
-0.005193
-0.007448
-0.008640
-0.009754
-0.009938
-0.008878
-0.007887
-0.007569
-0.007205
-0.006496
-0.005534
-0.003616
-0.000163
0.003935
0.007498
0.010459
0.012845
0.013813
0.012703
0.009847
0.005970
0.001734
-0.002146
-0.005072
-0.006873
-0.007717
-0.007803
-0.007283
-0.006422
-0.005627
-0.005092
-0.004482
-0.003318
-0.001559
0.000624
0.003224
0.006008
0.008265
0.009482
0.009680
0.008804
0.006574
0.003187
-0.000478
-0.003447
-0.005198
-0.005879
-0.005983
-0.005734
-0.005185
-0.004621
-0.004250
-0.003905
-0.003410
-0.002705
-0.001553
0.000284
0.002582
0.004755
0.006399
0.007417
0.007634
0.006776
0.004954
0.002677
0.000372
-0.001621
-0.002853
-0.003190
-0.003089
-0.002998
-0.002937
-0.002879
-0.002935
-0.003015
-0.002848
-0.002362
-0.001586
-0.000458
0.000845
0.001849
0.002379
0.002650
0.002700
0.002343
0.001654
0.001014
0.000679
0.000548
0.000407
0.000186
-0.000085
-0.000364
-0.000583
-0.000764
-0.000993
-0.001107
-0.000804
-0.000277
-0.000150
-0.000625
-0.001272
-0.001675
-0.002022
-0.003527
-0.007305
-0.011074
-0.009804
-0.003003
0.003670
0.007601
0.012237
0.017787
0.019221
0.015948
0.012338
0.008404
0.001542
-0.004921
-0.006618
-0.006931
-0.010194
-0.013035
-0.011950
-0.010661
-0.012113
-0.012977
-0.011331
-0.009547
-0.007232
-0.001405
0.006263
0.011529
0.014831
0.018506
0.020570
0.018242
0.013161
0.007873
0.002135
-0.003893
-0.008106
-0.010099
-0.011579
-0.012671
-0.012060
-0.010167
-0.008658
-0.007760
-0.006377
-0.003881
-0.000491
0.003394
0.007467
0.011318
0.014276
0.015703
0.015396
0.013308
0.009244
0.003613
-0.002049
-0.006426
-0.009580
-0.011827
-0.012674
-0.011942
-0.010447
-0.008713
-0.006590
-0.004403
-0.002675
-0.000871
0.001764
0.004690
0.007049
0.009049
0.010883
0.011552
0.010093
0.007110
0.004047
0.001336
-0.001568
-0.004417
-0.006127
-0.006555
-0.006348
-0.005377
-0.003502
-0.001888
-0.001377
-0.001142
-0.000600
-0.000474
-0.000871
-0.000683
0.000520
0.002001
0.003252
0.004147
0.004273
0.003436
0.002137
0.000805
-0.000563
-0.001760
-0.002279
-0.001924
-0.001079
-0.000365
-0.000115
-0.000252
-0.000670
-0.001288
-0.001805
-0.001983
-0.001886
-0.001425
-0.000404
0.000871
0.001839
0.002384
0.002632
0.002517
0.002066
0.001549
0.001057
0.000449
-0.000179
-0.000552
-0.000700
-0.000868
-0.001106
-0.001319
-0.001432
-0.001405
-0.001555
-0.002395
-0.003414
-0.003253
-0.002220
-0.002607
-0.004907
-0.006190
-0.004199
-0.000367
0.003386
0.007487
0.011888
0.014384
0.014092
0.012590
0.010208
0.005699
0.000155
-0.003611
-0.005549
-0.007676
-0.009775
-0.010211
-0.009562
-0.009367
-0.009225
-0.008326
-0.007307
-0.006244
-0.003716
0.000516
0.004766
0.008087
0.010946
0.013149
0.013595
0.011988
0.008894
0.004742
0.000126
-0.003859
-0.006540
-0.008165
-0.009034
-0.008954
-0.007851
-0.006163
-0.004426
-0.002869
-0.001393
0.000240
0.002159
0.004311
0.006472
0.008241
0.009212
0.009283
0.008529
0.006732
0.003632
-0.000307
-0.004058
-0.006966
-0.008940
-0.009870
-0.009572
-0.008269
-0.006435
-0.004281
-0.002019
-0.000087
0.001354
0.002449
0.003038
0.003066
0.003314
0.004471
0.006135
0.007544
0.008265
0.007831
0.005928
0.002899
-0.000705
-0.004452
-0.007501
-0.008799
-0.008144
-0.006243
-0.003845
-0.001476
0.000371
0.001406
0.001701
0.001499
0.001091
0.000849
0.001058
0.001704
0.002450
0.002788
0.002419
0.001460
0.000166
-0.001247
-0.002448
-0.003071
-0.002990
-0.002290
-0.001145
0.000094
0.000969
0.001285
0.001190
0.000917
0.000646
0.000426
0.000233
0.000208
0.000472
0.000752
0.000762
0.000725
0.000843
0.000854
0.000621
0.000322
-0.000045
-0.000493
-0.000880
-0.001464
-0.002519
-0.003367
-0.003569
-0.004728
-0.008012
-0.010251
-0.007422
-0.001390
0.003284
0.007123
0.012546
0.016751
0.016267
0.013475
0.011046
0.006836
0.000412
-0.003866
-0.004928
-0.006874
-0.010103
-0.010604
-0.008741
-0.008611
-0.009861
-0.009316
-0.007608
-0.006447
-0.003987
0.000985
0.005733
0.008576
0.011278
0.014047
0.014261
0.011299
0.007182
0.002804
-0.001970
-0.006035
-0.008370
-0.009582
-0.010053
-0.009045
-0.006672
-0.004289
-0.002546
-0.000998
0.000645
0.002331
0.004114
0.005934
0.007588
0.008977
0.009782
0.009430
0.007776
0.005016
0.001220
-0.003090
-0.006782
-0.009321
-0.010976
-0.011512
-0.010260
-0.007629
-0.004824
-0.002234
0.000287
0.002323
0.003540
0.004414
0.005235
0.005591
0.005427
0.005323
0.005198
0.003940
0.001182
-0.001495
-0.002507
-0.002446
-0.002401
-0.001760
-0.000069
0.001258
0.001354
0.001093
0.000689
-0.000555
-0.001994
-0.002349
-0.001905
-0.001567
-0.001138
-0.000291
0.000360
0.000273
-0.000272
-0.000775
-0.000938
-0.000664
-0.000078
0.000632
0.001288
0.001681
0.001791
0.001664
0.001088
0.000092
-0.000716
-0.001032
-0.001210
-0.001340
-0.001121
-0.000677
-0.000329
0.000060
0.000604
0.001012
0.001191
0.001401
0.001642
0.001609
0.001224
0.000732
0.000342
-0.000008
-0.000484
-0.001073
-0.001639
-0.002128
-0.002414
-0.002294
-0.002124
-0.002603
-0.003324
-0.003020
-0.002396
-0.003923
-0.006525
-0.005334
0.000125
0.004709
0.007182
0.011207
0.015636
0.015443
0.011748
0.009056
0.005922
-0.000381
-0.005892
-0.006982
-0.007477
-0.010256
-0.011343
-0.008871
-0.007162
-0.007771
-0.007221
-0.004990
-0.003643
-0.002236
0.001545
0.005794
0.008027
0.009707
0.011915
0.012234
0.009411
0.005484
0.001713
-0.002445
-0.006343
-0.008590
-0.009438
-0.009540
-0.008338
-0.005706
-0.002831
-0.000525
0.001324
0.002862
0.004248
0.005605
0.006545
0.006872
0.007097
0.007227
0.006467
0.004647
0.002260
-0.000683
-0.004111
-0.007082
-0.008982
-0.010122
-0.010330
-0.008889
-0.006181
-0.003407
-0.000921
0.001462
0.003199
0.003810
0.004019
0.004516
0.004875
0.004957
0.005489
0.006321
0.006261
0.004987
0.003068
0.000516
-0.002707
-0.005578
-0.006999
-0.007015
-0.006070
-0.004174
-0.001561
0.000855
0.002319
0.002839
0.002672
0.001919
0.000865
0.000061
-0.000237
-0.000242
-0.000110
0.000169
0.000287
-0.000183
-0.001028
-0.001628
-0.001811
-0.001783
-0.001460
-0.000645
0.000405
0.001237
0.001726
0.001937
0.001850
0.001462
0.000937
0.000420
-0.000066
-0.000380
-0.000334
-0.000056
0.000205
0.000467
0.000791
0.000993
0.000878
0.000551
0.000197
-0.000296
-0.001060
-0.001854
-0.002484
-0.003201
-0.003997
-0.004229
-0.004308
-0.005916
-0.008046
-0.006652
-0.001388
0.003230
0.006039
0.010435
0.015632
0.016647
0.013537
0.010514
0.007455
0.002057
-0.003224
-0.005442
-0.007079
-0.010121
-0.011357
-0.009351
-0.007843
-0.008388
-0.008014
-0.005837
-0.003981
-0.002243
0.001102
0.004957
0.007504
0.009560
0.011713
0.012015
0.009417
0.005581
0.001761
-0.002330
-0.006283
-0.008952
-0.010119
-0.009999
-0.008388
-0.005564
-0.002540
0.000042
0.002130
0.003724
0.004949
0.005955
0.006566
0.006781
0.007052
0.007295
0.006661
0.004843
0.002341
-0.000662
-0.004145
-0.007343
-0.009499
-0.010687
-0.010854
-0.009392
-0.006514
-0.003464
-0.000795
0.001857
0.004238
0.005568
0.005877
0.005741
0.005281
0.004491
0.003709
0.002820
0.001124
-0.001005
-0.002032
-0.001841
-0.001860
-0.001996
-0.000852
0.001000
0.001718
0.001397
0.001199
0.000907
-0.000003
-0.000902
-0.001249
-0.001428
-0.001642
-0.001531
-0.001109
-0.000927
-0.001250
-0.001656
-0.001615
-0.001143
-0.000561
0.000111
0.000985
0.001829
0.002337
0.002472
0.002196
0.001463
0.000557
-0.000190
-0.000821
-0.001392
-0.001663
-0.001482
-0.001031
-0.000525
-0.000006
0.000568
0.001162
0.001587
0.001704
0.001638
0.001492
0.001115
0.000516
-0.000032
-0.000522
-0.001143
-0.001748
-0.002030
-0.002028
-0.001952
-0.001770
-0.001484
-0.001444
-0.001735
-0.001846
-0.001537
-0.001313
-0.001874
-0.003328
-0.004241
-0.002478
0.001639
0.005363
0.007867
0.010670
0.013058
0.012342
0.008812
0.005048
0.001480
-0.002529
-0.005625
-0.006764
-0.007468
-0.008489
-0.008203
-0.006462
-0.005473
-0.005704
-0.005350
-0.003902
-0.002330
-0.000526
0.002111
0.004907
0.007066
0.008790
0.009815
0.009029
0.006405
0.003180
0.000007
-0.003156
-0.005843
-0.007421
-0.007834
-0.007160
-0.005433
-0.003207
-0.001183
0.000556
0.002143
0.003371
0.004121
0.004565
0.004800
0.004923
0.005109
0.005139
0.004429
0.002812
0.000676
-0.001683
-0.004137
-0.006306
-0.007772
-0.008405
-0.008034
-0.006486
-0.004165
-0.001795
0.000370
0.002368
0.003893
0.004586
0.004593
0.004327
0.003923
0.003236
0.002203
0.000966
-0.000253
-0.001072
-0.001082
-0.000512
-0.000017
0.000491
0.001504
0.002426
0.002184
0.000968
-0.000332
-0.001500
-0.002536
-0.003051
-0.002881
-0.002306
-0.001542
-0.000717
-0.000193
-0.000302
-0.000822
-0.001094
-0.000699
0.000137
0.000926
0.001591
0.002267
0.002673
0.002414
0.001603
0.000557
-0.000556
-0.001440
-0.001819
-0.001838
-0.001689
-0.001242
-0.000478
0.000281
0.000798
0.001136
0.001398
0.001543
0.001503
0.001315
0.001039
0.000651
0.000181
-0.000219
-0.000525
-0.000870
-0.001270
-0.001577
-0.001722
-0.001821
-0.001982
-0.002213
-0.002502
-0.002791
-0.003256
-0.004343
-0.005351
-0.004224
-0.000515
0.003587
0.006843
0.010230
0.013285
0.013590
0.010942
0.007571
0.004131
-0.000094
-0.003996
-0.006040
-0.007120
-0.008311
-0.008516
-0.007249
-0.006231
-0.006237
-0.005939
-0.004740
-0.003333
-0.001600
0.001058
0.004074
0.006568
0.008554
0.009864
0.009535
0.007300
0.004136
0.000851
-0.002413
-0.005309
-0.007240
-0.007964
-0.007491
-0.005952
-0.003868
-0.001823
0.000007
0.001578
0.002748
0.003573
0.004252
0.004813
0.005257
0.005685
0.005902
0.005385
0.003906
0.001733
-0.000852
-0.003621
-0.006121
-0.007875
-0.008685
-0.008400
-0.006930
-0.004681
-0.002352
-0.000237
0.001724
0.003365
0.004313
0.004498
0.004246
0.003904
0.003563
0.003139
0.002564
0.001779
0.000478
-0.001574
-0.003517
-0.003958
-0.002999
-0.001788
-0.000315
0.001894
0.003852
0.004306
0.003440
0.001929
0.000132
-0.001381
-0.002196
-0.002598
-0.002802
-0.002575
-0.001990
-0.001490
-0.001313
-0.001384
-0.001391
-0.000957
-0.000140
0.000706
0.001593
0.002591
0.003301
0.003397
0.002902
0.001751
0.000081
-0.001399
-0.002233
-0.002624
-0.002672
-0.002242
-0.001474
-0.000573
0.000439
0.001355
0.001885
0.002074
0.002058
0.001795
0.001317
0.000728
0.000097
-0.000361
-0.000498
-0.000622
-0.001000
-0.001387
-0.001626
-0.001993
-0.002504
-0.002681
-0.002429
-0.002390
-0.003081
-0.004141
-0.004489
-0.003253
-0.000619
0.002676
0.006362
0.010087
0.012492
0.012413
0.010349
0.007371
0.003717
-0.000309
-0.003617
-0.005657
-0.006945
-0.007630
-0.007311
-0.006451
-0.006040
-0.005962
-0.005420
-0.004399
-0.003261
-0.001712
0.000581
0.003226
0.005728
0.007865
0.009141
0.008913
0.007155
0.004394
0.001150
-0.002129
-0.004944
-0.006865
-0.007633
-0.007173
-0.005731
-0.003885
-0.002022
-0.000127
0.001689
0.003068
0.003916
0.004462
0.004900
0.005285
0.005537
0.005393
0.004621
0.003249
0.001384
-0.000902
-0.003334
-0.005501
-0.007181
-0.008186
-0.008140
-0.006902
-0.004869
-0.002577
-0.000326
0.001680
0.003176
0.004010
0.004286
0.004217
0.003953
0.003542
0.002984
0.002322
0.001606
0.000682
-0.000732
-0.002393
-0.003440
-0.003428
-0.002678
-0.001372
0.000583
0.002725
0.004171
0.004425
0.003508
0.001832
0.000066
-0.001398
-0.002584
-0.003385
-0.003514
-0.003034
-0.002323
-0.001703
-0.001349
-0.001206
-0.000967
-0.000440
0.000278
0.001102
0.002014
0.002862
0.003411
0.003399
0.002627
0.001291
-0.000111
-0.001325
-0.002305
-0.002832
-0.002755
-0.002257
-0.001497
-0.000492
0.000547
0.001323
0.001821
0.002107
0.002096
0.001766
0.001207
0.000545
-0.000004
-0.000318
-0.000615
-0.001066
-0.001449
-0.001597
-0.001732
-0.002005
-0.002158
-0.002140
-0.002335
-0.002726
-0.003054
-0.003551
-0.003793
-0.002260
0.001261
0.004993
0.007936
0.010489
0.011969
0.010926
0.007860
0.004506
0.001193
-0.002344
-0.005082
-0.006235
-0.006666
-0.006963
-0.006519
-0.005424
-0.004746
-0.004654
-0.004347
-0.003559
-0.002449
-0.000755
0.001617
0.004083
0.006156
0.007684
0.008238
0.007379
0.005320
0.002589
-0.000440
-0.003302
-0.005446
-0.006636
-0.006851
-0.006053
-0.004435
-0.002505
-0.000649
0.000996
0.002265
0.003086
0.003679
0.004198
0.004555
0.004807
0.005072
0.005005
0.004105
0.002456
0.000464
-0.001782
-0.004178
-0.006168
-0.007262
-0.007465
-0.006911
-0.005623
-0.003753
-0.001652
0.000342
0.001991
0.003148
0.003811
0.004051
0.003932
0.003567
0.003105
0.002561
0.001740
0.000515
-0.000714
-0.001320
-0.001393
-0.001567
-0.001721
-0.001162
-0.000115
0.000620
0.001062
0.001559
0.001849
0.001630
0.001027
0.000134
-0.001010
-0.002028
-0.002485
-0.002397
-0.002023
-0.001460
-0.000713
0.000102
0.000732
0.000951
0.000803
0.000563
0.000395
0.000278
0.000218
0.000235
0.000244
0.000182
0.000055
-0.000218
-0.000682
-0.001077
-0.001102
-0.000790
-0.000341
0.000187
0.000830
0.001544
0.002123
0.002317
0.002073
0.001523
0.000770
-0.000082
-0.000826
-0.001354
-0.001715
-0.001849
-0.001721
-0.001583
-0.001598
-0.001490
-0.001140
-0.001064
-0.001561
-0.002113
-0.002653
-0.003737
-0.004338
-0.002437
0.001371
0.004673
0.007367
0.010471
0.012335
0.010893
0.007435
0.004065
0.000546
-0.003254
-0.005676
-0.006286
-0.006596
-0.006852
-0.005999
-0.004571
-0.004046
-0.004262
-0.004097
-0.003358
-0.002252
-0.000583
0.001549
0.003696
0.005800
0.007696
0.008484
0.007546
0.005317
0.002472
-0.000634
-0.003575
-0.005819
-0.007071
-0.007175
-0.006082
-0.004190
-0.002123
-0.000157
0.001559
0.002678
0.003169
0.003497
0.003854
0.004074
0.004324
0.004763
0.004864
0.004068
0.002529
0.000605
-0.001616
-0.003946
-0.005944
-0.007277
-0.007773
-0.007244
-0.005702
-0.003568
-0.001323
0.000757
0.002434
0.003488
0.003907
0.003832
0.003331
0.002464
0.001627
0.001328
0.001354
0.001090
0.000697
0.000719
0.000925
0.000758
0.000276
-0.000205
-0.000630
-0.000956
-0.001115
-0.001251
-0.001387
-0.001215
-0.000729
-0.000362
-0.000283
-0.000307
-0.000335
-0.000337
-0.000311
-0.000361
-0.000410
-0.000183
0.000299
0.000741
0.001005
0.001058
0.000824
0.000410
-0.000000
-0.000444
-0.000922
-0.001195
-0.001167
-0.000965
-0.000664
-0.000333
-0.000050
0.000278
0.000712
0.001110
0.001365
0.001497
0.001495
0.001392
0.001282
0.001102
0.000702
0.000124
-0.000447
-0.000916
-0.001341
-0.001819
-0.002292
-0.002523
-0.002459
-0.002450
-0.002781
-0.003364
-0.004151
-0.004793
-0.003972
-0.000909
0.003091
0.006513
0.009538
0.012098
0.012482
0.010006
0.006375
0.002957
-0.000502
-0.003829
-0.005970
-0.006846
-0.007166
-0.006822
-0.005644
-0.004581
-0.004340
-0.004228
-0.003513
-0.002415
-0.001170
0.000472
0.002538
0.004677
0.006567
0.007770
0.007706
0.006242
0.003771
0.000733
-0.002420
-0.005103
-0.006855
-0.007471
-0.006883
-0.005280
-0.003173
-0.001010
0.000995
0.002575
0.003475
0.003834
0.004032
0.004237
0.004447
0.004677
0.004802
0.004478
0.003478
0.001896
-0.000128
-0.002500
-0.004900
-0.006823
-0.007886
-0.007901
-0.006884
-0.005078
-0.002844
-0.000555
0.001426
0.002851
0.003677
0.003961
0.003766
0.003213
0.002453
0.001689
0.001187
0.000970
0.000787
0.000541
0.000312
0.000068
-0.000237
-0.000518
-0.000711
-0.000793
-0.000662
-0.000255
0.000284
0.000716
0.000902
0.000839
0.000568
0.000084
-0.000642
-0.001501
-0.002200
-0.002502
-0.002377
-0.001858
-0.001024
-0.000090
0.000732
0.001343
0.001647
0.001588
0.001260
0.000816
0.000346
-0.000088
-0.000412
-0.000551
-0.000494
-0.000342
-0.000222
-0.000173
-0.000175
-0.000192
-0.000144
0.000069
0.000436
0.000813
0.001104
0.001362
0.001559
0.001476
0.001022
0.000398
-0.000186
-0.000744
-0.001383
-0.002067
-0.002585
-0.002843
-0.003078
-0.003637
-0.004715
-0.005831
-0.005539
-0.003006
0.000618
0.004090
0.007673
0.011141
0.012735
0.011717
0.009312
0.006362
0.002701
-0.001103
-0.003983
-0.005955
-0.007423
-0.007922
-0.007198
-0.006151
-0.005542
-0.005109
-0.004439
-0.003497
-0.002215
-0.000513
0.001468
0.003611
0.005803
0.007536
0.008169
0.007543
0.005825
0.003188
0.000057
-0.002913
-0.005308
-0.006925
-0.007426
-0.006637
-0.004933
-0.002849
-0.000720
0.001133
0.002442
0.003282
0.003857
0.004208
0.004417
0.004657
0.004882
0.004791
0.004141
0.002901
0.001184
-0.000832
-0.002939
-0.004944
-0.006595
-0.007512
-0.007434
-0.006476
-0.004911
-0.002944
-0.000822
0.001138
0.002654
0.003567
0.003913
0.003870
0.003622
0.003327
0.003041
0.002610
0.001818
0.000581
-0.000840
-0.001817
-0.002097
-0.002124
-0.001984
-0.001105
0.000416
0.001617
0.002042
0.002001
0.001681
0.001040
0.000168
-0.000736
-0.001455
-0.001791
-0.001749
-0.001515
-0.001281
-0.001211
-0.001258
-0.001074
-0.000593
-0.000212
0.000013
0.000490
0.001222
0.001745
0.001880
0.001729
0.001293
0.000651
-0.000001
-0.000635
-0.001203
-0.001496
-0.001456
-0.001186
-0.000722
-0.000138
0.000421
0.000951
0.001444
0.001709
0.001653
0.001402
0.001022
0.000511
-0.000046
-0.000586
-0.001124
-0.001583
-0.001803
-0.001817
-0.001798
-0.001668
-0.001348
-0.001205
-0.001562
-0.002312
-0.003328
-0.004139
-0.003613
-0.001305
0.001841
0.005027
0.008134
0.010424
0.010766
0.009166
0.006535
0.003413
0.000096
-0.002778
-0.004746
-0.005905
-0.006328
-0.005980
-0.005207
-0.004465
-0.003871
-0.003445
-0.003171
-0.002738
-0.001827
-0.000500
0.001050
0.002793
0.004592
0.006013
0.006637
0.006257
0.004833
0.002604
0.000043
-0.002485
-0.004700
-0.006106
-0.006307
-0.005472
-0.004023
-0.002167
-0.000117
0.001682
0.002899
0.003566
0.003845
0.003844
0.003669
0.003422
0.003170
0.002923
0.002576
0.001936
0.000868
-0.000571
-0.002176
-0.003784
-0.005237
-0.006240
-0.006524
-0.006016
-0.004782
-0.003028
-0.001092
0.000752
0.002357
0.003562
0.004134
0.003979
0.003366
0.002670
0.001948
0.001179
0.000726
0.000885
0.001315
0.001507
0.001339
0.000873
0.000133
-0.000797
-0.001766
-0.002542
-0.002800
-0.002392
-0.001541
-0.000572
0.000252
0.000710
0.000749
0.000455
-0.000113
-0.000774
-0.001130
-0.000959
-0.000438
0.000179
0.000767
0.001204
0.001347
0.001138
0.000651
0.000041
-0.000564
-0.001090
-0.001423
-0.001417
-0.001083
-0.000612
-0.000087
0.000539
0.001130
0.001442
0.001447
0.001304
0.001106
0.000875
0.000663
0.000521
0.000434
0.000343
0.000180
-0.000090
-0.000482
-0.001013
-0.001576
-0.002002
-0.002367
-0.002882
-0.003619
-0.004575
-0.005373
-0.005009
-0.002926
0.000200
0.003530
0.006840
0.009595
0.010745
0.009963
0.007954
0.005404
0.002556
-0.000282
-0.002667
-0.004401
-0.005468
-0.005828
-0.005555
-0.004929
-0.004307
-0.003918
-0.003690
-0.003332
-0.002670
-0.001737
-0.000490
0.001205
0.003175
0.004915
0.006030
0.006383
0.005887
0.004493
0.002404
0.000027
-0.002298
-0.004315
-0.005690
-0.006119
-0.005552
-0.004203
-0.002419
-0.000563
0.001060
0.002268
0.003037
0.003486
0.003757
0.003891
0.003887
0.003772
0.003546
0.003113
0.002329
0.001150
-0.000255
-0.001714
-0.003235
-0.004733
-0.005881
-0.006403
-0.006246
-0.005478
-0.004210
-0.002566
-0.000689
0.001181
0.002734
0.003704
0.003980
0.003747
0.003360
0.002932
0.002369
0.001779
0.001409
0.001276
0.001183
0.000963
0.000544
-0.000021
-0.000589
-0.001121
-0.001662
-0.002076
-0.002100
-0.001701
-0.001081
-0.000426
0.000099
0.000380
0.000440
0.000309
-0.000034
-0.000482
-0.000789
-0.000817
-0.000573
-0.000112
0.000374
0.000649
0.000710
0.000681
0.000551
0.000255
-0.000172
-0.000593
-0.000813
-0.000737
-0.000508
-0.000287
-0.000054
0.000237
0.000518
0.000742
0.000928
0.001091
0.001218
0.001205
0.000970
0.000637
0.000373
0.000140
-0.000138
-0.000417
-0.000678
-0.000985
-0.001325
-0.001635
-0.001925
-0.002220
-0.002622
-0.003327
-0.004130
-0.004222
-0.003078
-0.001034
0.001426
0.004095
0.006502
0.007959
0.008211
0.007434
0.005985
0.004252
0.002322
0.000139
-0.001931
-0.003393
-0.004293
-0.004837
-0.004865
-0.004390
-0.003882
-0.003548
-0.003104
-0.002475
-0.001932
-0.001455
-0.000735
0.000295
0.001457
0.002636
0.003655
0.004236
0.004318
0.004010
0.003228
0.001875
0.000233
-0.001329
-0.002681
-0.003684
-0.004056
-0.003749
-0.003033
-0.002085
-0.000896
0.000364
0.001385
0.002124
0.002695
0.003019
0.002984
0.002692
0.002311
0.001930
0.001550
0.001103
0.000545
-0.000099
-0.000801
-0.001503
-0.002128
-0.002725
-0.003360
-0.003896
-0.004128
-0.003939
-0.003282
-0.002244
-0.001083
-0.000003
0.001025
0.002065
0.002974
0.003569
0.003870
0.003937
0.003750
0.003336
0.002741
0.001957
0.001024
0.000028
-0.000917
-0.001631
-0.002020
-0.002190
-0.002265
-0.002247
-0.002116
-0.001926
-0.001702
-0.001399
-0.000974
-0.000426
0.000202
0.000802
0.001244
0.001457
0.001453
0.001277
0.000989
0.000681
0.000426
0.000198
-0.000093
-0.000432
-0.000659
-0.000692
-0.000638
-0.000573
-0.000414
-0.000151
0.000057
0.000121
0.000149
0.000228
0.000327
0.000404
0.000449
0.000446
0.000388
0.000303
0.000251
0.000257
0.000231
0.000031
-0.000356
-0.000849
-0.001419
-0.002003
-0.002404
-0.002383
-0.001786
-0.000707
0.000469
0.001398
0.002015
0.002350
0.002411
0.002317
0.002203
0.002006
0.001589
0.001024
0.000537
0.000169
-0.000195
-0.000511
-0.000685
-0.000809
-0.000979
-0.001151
-0.001321
-0.001532
-0.001686
-0.001665
-0.001525
-0.001353
-0.001095
-0.000709
-0.000295
0.000075
0.000454
0.000830
0.001088
0.001167
0.001099
0.000922
0.000666
0.000429
0.000323
0.000306
0.000240
0.000130
0.000090
0.000125
0.000144
0.000159
0.000228
0.000249
0.000105
-0.000074
-0.000119
-0.000084
-0.000074
-0.000101
-0.000166
-0.000248
-0.000257
-0.000183
-0.000146
-0.000188
-0.000198
-0.000164
-0.000248
-0.000494
-0.000725
-0.000815
-0.000800
-0.000697
-0.000480
-0.000172
0.000181
0.000513
0.000717
0.000787
0.000851
0.000915
0.000854
0.000701
0.000580
0.000470
0.000322
0.000176
0.000070
0.000006
-0.000035
-0.000083
-0.000132
-0.000171
-0.000230
-0.000319
-0.000381
-0.000406
-0.000473
-0.000581
-0.000580
-0.000416
-0.000216
-0.000083
0.000004
0.000074
0.000114
0.000132
0.000165
0.000214
0.000235
0.000199
0.000106
-0.000036
-0.000205
-0.000327
-0.000282
-0.000048
0.000207
0.000321
0.000312
0.000265
0.000203
0.000115
-0.000005
-0.000168
-0.000390
-0.000713
-0.001136
-0.001421
-0.001177
-0.000342
0.000589
0.001079
0.001089
0.000865
0.000525
0.000194
0.000110
0.000253
0.000293
0.000133
0.000030
0.000117
0.000300
0.000497
0.000624
0.000594
0.000545
0.000637
0.000691
0.000470
0.000076
-0.000279
-0.000551
-0.000765
-0.000889
-0.000890
-0.000827
-0.000769
-0.000678
-0.000499
-0.000309
-0.000238
-0.000318
-0.000445
-0.000496
-0.000440
-0.000325
-0.000200
-0.000047
0.000197
0.000526
0.000820
0.001015
0.001162
0.001233
0.001112
0.000825
0.000528
0.000279
0.000008
-0.000293
-0.000505
-0.000531
-0.000420
-0.000282
-0.000168
-0.000089
-0.000066
-0.000097
-0.000193
-0.000379
-0.000568
-0.000617
-0.000523
-0.000376
-0.000212
-0.000075
-0.000051
-0.000130
-0.000175
-0.000155
-0.000145
-0.000107
0.000038
0.000232
0.000373
0.000430
0.000409
0.000324
0.000246
0.000263
0.000352
0.000421
0.000450
0.000481
0.000504
0.000470
0.000380
0.000263
0.000123
-0.000034
-0.000181
-0.000314
-0.000438
-0.000549
-0.000623
-0.000604
-0.000473
-0.000277
-0.000078
0.000038
0.000023
-0.000046
-0.000078
-0.000102
-0.000164
-0.000202
-0.000167
-0.000144
-0.000176
-0.000169
-0.000071
0.000041
0.000072
-0.000071
-0.000467
-0.000929
-0.000964
-0.000370
0.000373
0.000713
0.000673
0.000510
0.000261
0.000023
0.000037
0.000214
0.000235
0.000193
0.000400
0.000761
0.001015
0.001192
0.001304
0.001217
0.001038
0.000954
0.000756
0.000244
-0.000315
-0.000673
-0.000940
-0.001183
-0.001337
-0.001459
-0.001575
-0.001548
-0.001314
-0.000951
-0.000563
-0.000280
-0.000204
-0.000244
-0.000235
-0.000161
-0.000051
0.000128
0.000361
0.000562
0.000715
0.000890
0.001078
0.001168
0.001118
0.000984
0.000782
0.000529
0.000304
0.000150
0.000033
-0.000076
-0.000155
-0.000172
-0.000113
-0.000009
0.000045
0.000005
-0.000083
-0.000215
-0.000408
-0.000574
-0.000638
-0.000701
-0.000850
-0.000989
-0.000999
-0.000879
-0.000678
-0.000432
-0.000170
0.000115
0.000429
0.000683
0.000754
0.000650
0.000495
0.000368
0.000277
0.000248
0.000270
0.000281
0.000276
0.000283
0.000273
0.000230
0.000197
0.000198
0.000191
0.000157
0.000117
0.000040
-0.000088
-0.000171
-0.000160
-0.000127
-0.000100
-0.000033
0.000057
0.000077
-0.000006
-0.000126
-0.000229
-0.000318
-0.000390
-0.000429
-0.000432
-0.000421
-0.000414
-0.000373
-0.000275
-0.000188
-0.000116
0.000013
0.000127
0.000108
0.000029
-0.000014
-0.000148
-0.000475
-0.000716
-0.000495
0.000092
0.000575
0.000732
0.000755
0.000771
0.000620
0.000309
0.000146
0.000233
0.000326
0.000255
0.000145
0.000184
0.000378
0.000582
0.000680
0.000669
0.000593
0.000473
0.000269
-0.000071
-0.000467
-0.000736
-0.000816
-0.000816
-0.000806
-0.000740
-0.000620
-0.000529
-0.000458
-0.000316
-0.000146
-0.000092
-0.000177
-0.000303
-0.000407
-0.000455
-0.000411
-0.000297
-0.000190
-0.000074
0.000146
0.000466
0.000766
0.000944
0.000960
0.000834
0.000710
0.000710
0.000717
0.000534
0.000215
-0.000013
-0.000089
-0.000127
-0.000192
-0.000231
-0.000175
-0.000030
0.000083
0.000025
-0.000205
-0.000495
-0.000717
-0.000767
-0.000629
-0.000401
-0.000199
-0.000047
0.000087
0.000180
0.000156
0.000031
-0.000097
-0.000186
-0.000249
-0.000251
-0.000183
-0.000123
-0.000113
-0.000097
-0.000021
0.000082
0.000136
0.000130
0.000150
0.000268
0.000466
0.000651
0.000710
0.000643
0.000553
0.000465
0.000282
0.000001
-0.000205
-0.000238
-0.000204
-0.000218
-0.000261
-0.000271
-0.000244
-0.000217
-0.000252
-0.000358
-0.000452
-0.000447
-0.000373
-0.000328
-0.000360
-0.000481
-0.000673
-0.000735
-0.000453
0.000050
0.000442
0.000565
0.000492
0.000385
0.000392
0.000487
0.000488
0.000348
0.000231
0.000259
0.000430
0.000695
0.000918
0.000935
0.000746
0.000546
0.000450
0.000330
0.000074
-0.000209
-0.000392
-0.000488
-0.000553
-0.000632
-0.000728
-0.000741
-0.000633
-0.000529
-0.000491
-0.000460
-0.000425
-0.000406
-0.000397
-0.000391
-0.000393
-0.000381
-0.000315
-0.000186
-0.000005
0.000224
0.000449
0.000601
0.000686
0.000740
0.000752
0.000731
0.000698
0.000596
0.000396
0.000200
0.000080
0.000014
-0.000018
-0.000017
-0.000026
-0.000101
-0.000228
-0.000304
-0.000250
-0.000155
-0.000174
-0.000285
-0.000339
-0.000326
-0.000356
-0.000448
-0.000507
-0.000423
-0.000208
-0.000015
0.000052
0.000038
0.000028
0.000058
0.000113
0.000154
0.000167
0.000152
0.000123
0.000113
0.000154
0.000233
0.000293
0.000293
0.000264
0.000242
0.000210
0.000163
0.000118
0.000035
-0.000111
-0.000233
-0.000252
-0.000207
-0.000164
-0.000109
0.000012
0.000154
0.000176
0.000050
-0.000070
-0.000055
0.000026
0.000033
-0.000044
-0.000117
-0.000158
-0.000222
-0.000372
-0.000589
-0.000798
-0.000931
-0.000877
-0.000523
0.000006
0.000379
0.000477
0.000488
0.000522
0.000482
0.000344
0.000265
0.000336
0.000473
0.000600
0.000712
0.000799
0.000849
0.000853
0.000756
0.000557
0.000330
0.000093
-0.000183
-0.000431
-0.000567
-0.000641
-0.000707
-0.000721
-0.000677
-0.000665
-0.000724
-0.000742
-0.000588
-0.000320
-0.000138
-0.000124
-0.000169
-0.000167
-0.000141
-0.000132
-0.000112
-0.000047
0.000048
0.000169
0.000320
0.000473
0.000602
0.000669
0.000614
0.000452
0.000294
0.000230
0.000243
0.000255
0.000225
0.000157
0.000082
0.000054
0.000099
0.000156
0.000107
-0.000074
-0.000261
-0.000357
-0.000402
-0.000454
-0.000499
-0.000522
-0.000545
-0.000552
-0.000497
-0.000385
-0.000231
-0.000029
0.000127
0.000147
0.000104
0.000108
0.000173
0.000270
0.000369
0.000448
0.000470
0.000389
0.000248
0.000151
0.000104
0.000026
-0.000079
-0.000113
-0.000039
0.000065
0.000080
-0.000017
-0.000097
-0.000042
0.000061
0.000040
-0.000106
-0.000213
-0.000193
-0.000100
-0.000012
0.000043
0.000079
0.000108
0.000126
0.000116
0.000046
-0.000092
-0.000245
-0.000382
-0.000512
-0.000596
-0.000578
-0.000474
-0.000332
-0.000156
0.000036
0.000148
0.000136
0.000136
0.000260
0.000377
0.000368
0.000373
0.000513
0.000674
0.000739
0.000710
0.000605
0.000467
0.000379
0.000344
0.000285
0.000179
0.000052
-0.000098
-0.000292
-0.000522
-0.000720
-0.000786
-0.000704
-0.000565
-0.000439
-0.000310
-0.000188
-0.000152
-0.000240
-0.000367
-0.000409
-0.000302
-0.000106
0.000018
-0.000029
-0.000168
-0.000233
-0.000082
0.000289
0.000629
0.000704
0.000628
0.000612
0.000616
0.000541
0.000447
0.000409
0.000361
0.000192
-0.000049
-0.000180
-0.000166
-0.000150
-0.000195
-0.000245
-0.000287
-0.000338
-0.000361
-0.000330
-0.000302
-0.000326
-0.000362
-0.000347
-0.000302
-0.000273
-0.000231
-0.000146
-0.000050
0.000044
0.000117
0.000123
0.000093
0.000114
0.000206
0.000303
0.000327
0.000242
0.000112
0.000075
0.000161
0.000223
0.000155
0.000067
0.000061
0.000061
0.000014
-0.000010
0.000054
0.000195
0.000305
0.000242
0.000016
-0.000206
-0.000303
-0.000292
-0.000241
-0.000211
-0.000194
-0.000127
-0.000021
-0.000002
-0.000120
-0.000239
-0.000250
-0.000230
-0.000252
-0.000263
-0.000210
-0.000103
0.000030
0.000156
0.000225
0.000232
0.000232
0.000258
0.000261
0.000230
0.000239
0.000284
0.000297
0.000337
0.000451
0.000500
0.000395
0.000263
0.000216
0.000217
0.000177
0.000048
-0.000160
-0.000395
-0.000587
-0.000666
-0.000606
-0.000498
-0.000447
-0.000418
-0.000302
-0.000122
-0.000019
-0.000050
-0.000138
-0.000213
-0.000241
-0.000184
-0.000060
0.000057
0.000139
0.000216
0.000305
0.000365
0.000347
0.000293
0.000260
0.000244
0.000263
0.000311
0.000323
0.000256
0.000127
-0.000005
-0.000075
-0.000074
-0.000045
-0.000006
0.000029
0.000012
-0.000067
-0.000131
-0.000126
-0.000130
-0.000241
-0.000395
-0.000423
-0.000321
-0.000234
-0.000216
-0.000186
-0.000118
-0.000096
-0.000128
-0.000095
0.000028
0.000152
0.000232
0.000274
0.000255
0.000198
0.000169
0.000135
0.000050
0.000000
0.000062
0.000148
0.000171
0.000165
0.000144
0.000056
-0.000070
-0.000150
-0.000183
-0.000186
-0.000152
-0.000142
-0.000211
-0.000273
-0.000219
-0.000081
0.000006
-0.000031
-0.000074
0.000022
0.000192
0.000283
0.000283
0.000262
0.000224
0.000172
0.000154
0.000125
0.000002
-0.000139
-0.000158
-0.000087
-0.000041
-0.000008
0.000072
0.000164
0.000219
0.000252
0.000283
0.000271
0.000181
0.000084
0.000031
-0.000050
-0.000185
-0.000280
-0.000275
-0.000198
-0.000113
-0.000091
-0.000152
-0.000235
-0.000277
-0.000272
-0.000256
-0.000238
-0.000200
-0.000163
-0.000153
-0.000155
-0.000141
-0.000092
0.000000
0.000132
0.000283
0.000396
0.000436
0.000428
0.000364
0.000208
0.000046
0.000009
0.000082
0.000175
0.000232
0.000187
0.000039
-0.000058
-0.000008
0.000046
-0.000037
-0.000176
-0.000216
-0.000173
-0.000187
-0.000268
-0.000266
-0.000141
-0.000023
0.000016
-0.000006
-0.000087
-0.000208
-0.000288
-0.000268
-0.000215
-0.000193
-0.000128
0.000009
0.000092
0.000087
0.000107
0.000179
0.000237
0.000274
0.000290
0.000269
0.000249
0.000250
0.000221
0.000142
0.000054
-0.000032
-0.000092
-0.000073
-0.000023
-0.000064
-0.000214
-0.000420
-0.000630
-0.000693
-0.000462
-0.000062
0.000216
0.000278
0.000307
0.000463
0.000669
0.000737
0.000611
0.000369
0.000109
-0.000090
-0.000184
-0.000177
-0.000095
0.000033
0.000162
0.000189
0.000056
-0.000116
-0.000194
-0.000228
-0.000282
-0.000320
-0.000331
-0.000328
-0.000303
-0.000292
-0.000285
-0.000202
-0.000053
0.000064
0.000119
0.000112
0.000034
-0.000063
-0.000099
-0.000084
-0.000065
-0.000052
-0.000022
0.000055
0.000175
0.000281
0.000357
0.000462
0.000578
0.000606
0.000526
0.000380
0.000208
0.000069
-0.000010
-0.000096
-0.000226
-0.000308
-0.000294
-0.000270
-0.000299
-0.000346
-0.000368
-0.000379
-0.000410
-0.000449
-0.000469
-0.000452
-0.000363
-0.000206
-0.000053
0.000054
0.000160
0.000274
0.000326
0.000294
0.000245
0.000243
0.000309
0.000406
0.000435
0.000336
0.000187
0.000103
0.000061
-0.000007
-0.000069
-0.000082
-0.000084
-0.000096
-0.000083
-0.000044
-0.000020
-0.000042
-0.000102
-0.000159
-0.000164
-0.000116
-0.000061
-0.000035
0.000011
0.000138
0.000264
0.000247
0.000124
0.000051
0.000063
0.000063
-0.000014
-0.000149
-0.000265
-0.000303
-0.000286
-0.000262
-0.000222
-0.000151
-0.000071
-0.000010
0.000006
0.000013
0.000117
0.000300
0.000377
0.000289
0.000196
0.000194
0.000206
0.000169
0.000111
0.000073
0.000054
0.000028
-0.000026
-0.000092
-0.000110
-0.000053
0.000025
0.000049
0.000005
-0.000063
-0.000107
-0.000125
-0.000135
-0.000135
-0.000125
-0.000115
-0.000116
-0.000130
-0.000143
-0.000144
-0.000123
-0.000070
-0.000015
0.000010
0.000038
0.000085
0.000105
0.000102
0.000126
0.000161
0.000155
0.000122
0.000106
0.000109
0.000101
0.000063
-0.000006
-0.000059
-0.000038
0.000006
-0.000025
-0.000087
-0.000051
0.000050
0.000063
-0.000023
-0.000091
-0.000128
-0.000191
-0.000243
-0.000229
-0.000190
-0.000141
-0.000044
0.000040
0.000015
-0.000076
-0.000133
-0.000152
-0.000139
-0.000022
0.000163
0.000244
0.000215
0.000258
0.000396
0.000410
0.000183
-0.000065
-0.000081
0.000064
0.000139
0.000094
0.000041
0.000030
-0.000018
-0.000169
-0.000336
-0.000355
-0.000232
-0.000133
-0.000139
-0.000169
-0.000148
-0.000113
-0.000099
-0.000054
0.000052
0.000166
0.000227
0.000231
0.000221
0.000247
0.000287
0.000258
0.000159
0.000095
0.000125
0.000182
0.000173
0.000091
0.000010
-0.000032
-0.000081
-0.000163
-0.000212
-0.000141
0.000006
0.000058
-0.000044
-0.000166
-0.000184
-0.000130
-0.000112
-0.000157
-0.000168
-0.000057
0.000106
0.000188
0.000145
0.000017
-0.000131
-0.000190
-0.000117
-0.000006
0.000053
0.000070
0.000081
0.000093
0.000074
0.000013
-0.000029
-0.000007
0.000013
-0.000045
-0.000124
-0.000112
-0.000005
0.000094
0.000085
-0.000017
-0.000083
-0.000053
-0.000009
-0.000028
-0.000060
-0.000048
-0.000031
-0.000065
-0.000113
-0.000107
-0.000071
-0.000056
-0.000028
0.000030
0.000053
-0.000002
-0.000062
-0.000018
0.000092
0.000150
0.000159
0.000186
0.000208
0.000159
0.000060
-0.000001
0.000018
0.000072
0.000085
0.000014
-0.000095
-0.000145
-0.000127
-0.000117
-0.000128
-0.000097
-0.000035
-0.000011
-0.000017
0.000029
0.000140
0.000220
0.000202
0.000143
0.000107
0.000046
-0.000067
-0.000143
-0.000145
-0.000143
-0.000143
-0.000099
-0.000045
-0.000045
-0.000072
-0.000059
0.000006
0.000075
0.000082
0.000028
0.000010
0.000060
0.000079
0.000007
-0.000072
-0.000067
0.000001
0.000063
0.000100
0.000119
0.000102
0.000048
0.000016
0.000052
0.000115
0.000141
0.000097
-0.000016
-0.000135
-0.000170
-0.000112
-0.000034
0.000004
0.000021
0.000037
0.000026
-0.000027
-0.000101
-0.000156
-0.000156
-0.000086
0.000027
0.000091
0.000022
-0.000111
-0.000111
0.000100
0.000331
0.000364
0.000252
0.000161
0.000107
0.000042
-0.000005
-0.000031
-0.000088
-0.000158
-0.000200
-0.000267
-0.000384
-0.000439
-0.000366
-0.000248
-0.000150
-0.000047
0.000049
0.000076
0.000037
0.000008
0.000024
0.000057
0.000092
0.000152
0.000228
0.000262
0.000224
0.000156
0.000101
0.000058
0.000041
0.000063
0.000080
0.000061
0.000029
-0.000039
-0.000159
-0.000242
-0.000222
-0.000129
-0.000010
0.000077
0.000074
0.000004
-0.000074
-0.000110
-0.000043
0.000097
0.000154
0.000099
0.000071
0.000112
0.000140
0.000114
0.000046
-0.000022
-0.000032
0.000017
0.000082
0.000111
0.000053
-0.000072
-0.000183
-0.000189
-0.000072
0.000022
-0.000054
-0.000207
-0.000231
-0.000101
0.000046
0.000099
0.000059
0.000007
0.000019
0.000084
0.000121
0.000097
0.000061
0.000049
0.000039
0.000012
-0.000026
-0.000062
-0.000072
-0.000034
0.000024
0.000046
0.000022
-0.000025
-0.000059
-0.000048
-0.000009
0.000026
0.000044
0.000022
-0.000003
0.000045
0.000131
0.000153
0.000107
0.000059
0.000040
0.000021
-0.000060
-0.000204
-0.000288
-0.000213
-0.000066
0.000012
0.000010
-0.000005
-0.000008
-0.000001
0.000008
0.000002
-0.000024
-0.000059
-0.000061
0.000002
0.000077
0.000075
-0.000012
-0.000114
-0.000162
-0.000133
-0.000055
0.000043
0.000145
0.000240
0.000300
0.000277
0.000156
0.000005
-0.000081
-0.000090
-0.000080
-0.000070
-0.000065
-0.000071
-0.000052
-0.000019
-0.000033
-0.000056
-0.000032
-0.000003
0.000004
0.000015
0.000026
0.000051
0.000112
0.000132
0.000049
-0.000039
-0.000020
0.000040
0.000000
-0.000113
-0.000165
-0.000145
-0.000119
-0.000102
-0.000100
-0.000140
-0.000184
-0.000151
-0.000047
0.000039
0.000083
0.000145
0.000239
0.000285
0.000248
0.000227
0.000302
0.000388
0.000382
0.000276
0.000103
-0.000076
-0.000181
-0.000196
-0.000178
-0.000216
-0.000321
-0.000380
-0.000294
-0.000126
-0.000035
-0.000082
-0.000173
-0.000184
-0.000080
0.000060
0.000117
0.000105
0.000148
0.000256
0.000310
0.000237
0.000087
-0.000014
0.000012
0.000092
0.000109
0.000055
-0.000009
-0.000064
-0.000136
-0.000220
-0.000263
-0.000237
-0.000199
-0.000193
-0.000143
-0.000012
0.000063
-0.000002
-0.000067
-0.000017
0.000041
0.000020
0.000010
0.000036
0.000011
-0.000032
0.000015
0.000117
0.000165
0.000134
0.000090
0.000097
0.000120
0.000096
0.000057
0.000064
0.000087
0.000093
0.000121
0.000173
0.000167
0.000062
-0.000066
-0.000118
-0.000117
-0.000142
-0.000190
-0.000219
-0.000199
-0.000136
-0.000101
-0.000140
-0.000169
-0.000092
0.000036
0.000097
0.000091
0.000076
0.000039
-0.000009
-0.000003
0.000034
0.000016
-0.000015
0.000056
0.000185
0.000243
0.000215
0.000150
0.000050
-0.000066
-0.000112
-0.000043
0.000071
0.000133
0.000080
-0.000070
-0.000173
-0.000139
-0.000098
-0.000150
-0.000186
-0.000136
-0.000086
-0.000072
-0.000028
0.000066
0.000134
0.000105
0.000007
-0.000075
-0.000075
0.000002
0.000064
0.000048
0.000011
0.000019
0.000047
0.000059
0.000064
0.000089
0.000138
0.000165
0.000142
0.000113
0.000111
0.000091
0.000009
-0.000085
-0.000126
-0.000134
-0.000166
-0.000191
-0.000144
-0.000069
-0.000086
-0.000182
-0.000176
-0.000018
0.000134
0.000186
0.000198
0.000194
0.000129
0.000033
-0.000005
0.000003
-0.000038
-0.000140
-0.000174
-0.000088
-0.000027
-0.000093
-0.000179
-0.000177
-0.000141
-0.000140
-0.000117
-0.000004
0.000162
0.000269
0.000249
0.000166
0.000119
0.000084
-0.000003
-0.000114
-0.000148
-0.000066
0.000045
0.000081
0.000058
0.000035
0.000025
0.000029
0.000029
-0.000021
-0.000103
-0.000118
-0.000028
0.000093
0.000158
0.000139
0.000050
-0.000037
-0.000041
0.000019
0.000050
0.000043
0.000036
0.000012
-0.000051
-0.000094
-0.000042
0.000075
0.000147
0.000132
0.000113
0.000155
0.000179
0.000061
-0.000138
-0.000235
-0.000170
-0.000074
-0.000096
-0.000200
-0.000218
-0.000105
0.000022
0.000085
0.000105
0.000080
-0.000004
-0.000111
-0.000170
-0.000159
-0.000097
-0.000007
0.000071
0.000078
0.000018
-0.000014
0.000023
0.000059
0.000050
0.000049
0.000104
0.000166
0.000168
0.000117
