4800
-0.000073
-0.000087
-0.000113
-0.000172
-0.000180
-0.000036
0.000156
0.000188
0.000045
-0.000125
-0.000187
-0.000083
0.000105
0.000235
0.000269
0.000252
0.000208
0.000121
-0.000005
-0.000108
-0.000116
-0.000039
0.000019
-0.000007
-0.000069
-0.000114
-0.000147
-0.000177
-0.000203
-0.000239
-0.000265
-0.000223
-0.000110
0.000016
0.000105
0.000138
0.000149
0.000161
0.000169
0.000172
0.000151
0.000105
0.000096
0.000147
0.000171
0.000130
0.000075
-0.000033
-0.000226
-0.000312
-0.000157
0.000029
0.000022
-0.000095
-0.000117
-0.000008
0.000087
0.000037
-0.000079
-0.000089
0.000019
0.000129
0.000182
0.000174
0.000078
-0.000074
-0.000177
-0.000189
-0.000155
-0.000104
-0.000060
-0.000028
0.000011
0.000066
0.000127
0.000162
0.000151
0.000130
0.000123
0.000092
0.000013
-0.000068
-0.000102
-0.000105
-0.000115
-0.000138
-0.000142
-0.000082
0.000004
0.000041
0.000057
0.000096
0.000103
0.000052
0.000016
0.000033
0.000041
0.000023
0.000052
0.000115
0.000102
-0.000001
-0.000100
-0.000144
-0.000166
-0.000187
-0.000176
-0.000121
-0.000043
0.000046
0.000139
0.000193
0.000166
0.000103
0.000081
0.000093
0.000085
0.000053
-0.000004
-0.000072
-0.000101
-0.000100
-0.000141
-0.000181
-0.000105
0.000033
0.000099
0.000122
0.000175
0.000189
0.000099
-0.000031
-0.000120
-0.000143
-0.000121
-0.000123
-0.000191
-0.000239
-0.000143
0.000053
0.000154
0.000104
0.000069
0.000152
0.000232
0.000179
0.000064
0.000015
0.000017
-0.000027
-0.000092
-0.000069
0.000014
0.000015
-0.000060
-0.000060
0.000016
0.000022
-0.000059
-0.000109
-0.000084
-0.000037
-0.000016
-0.000033
-0.000064
-0.000076
-0.000053
0.000017
0.000116
0.000139
-0.000001
-0.000182
-0.000211
-0.000116
-0.000054
-0.000028
0.000039
0.000083
0.000056
0.000069
0.000183
0.000292
0.000308
0.000271
0.000227
0.000139
0.000000
-0.000095
-0.000087
-0.000025
0.000036
0.000078
0.000089
0.000055
-0.000010
-0.000076
-0.000149
-0.000249
-0.000327
-0.000310
-0.000209
-0.000122
-0.000120
-0.000172
-0.000195
-0.000151
-0.000091
-0.000072
-0.000035
0.000121
0.000331
0.000422
0.000380
0.000341
0.000328
0.000248
0.000111
0.000021
0.000003
0.000005
-0.000014
-0.000074
-0.000163
-0.000236
-0.000257
-0.000244
-0.000231
-0.000210
-0.000168
-0.000139
-0.000123
-0.000046
0.000092
0.000173
0.000139
0.000068
0.000022
-0.000002
0.000021
0.000111
0.000198
0.000200
0.000123
0.000031
-0.000053
-0.000140
-0.000180
-0.000111
0.000018
0.000105
0.000128
0.000120
0.000095
0.000055
0.000003
-0.000065
-0.000110
-0.000084
-0.000014
0.000021
-0.000010
-0.000066
-0.000084
-0.000057
-0.000051
-0.000088
-0.000077
0.000016
0.000078
0.000043
0.000017
0.000100
0.000204
0.000201
0.000116
0.000045
-0.000021
-0.000145
-0.000281
-0.000283
-0.000132
-0.000004
-0.000009
-0.000052
-0.000038
0.000004
0.000059
0.000160
0.000251
0.000231
0.000127
0.000036
-0.000020
-0.000057
-0.000064
-0.000063
-0.000078
-0.000079
-0.000057
-0.000054
-0.000051
-0.000002
0.000038
-0.000005
-0.000075
-0.000046
0.000096
0.000211
0.000188
0.000068
-0.000055
-0.000129
-0.000118
-0.000026
0.000070
0.000074
-0.000027
-0.000111
-0.000062
0.000036
0.000036
-0.000015
-0.000028
-0.000027
-0.000011
0.000070
0.000155
0.000136
0.000028
-0.000042
-0.000001
0.000085
0.000091
0.000032
0.000029
0.000052
-0.000031
-0.000158
-0.000157
-0.000055
-0.000038
-0.000143
-0.000198
-0.000124
-0.000066
-0.000097
-0.000110
-0.000051
0.000010
0.000023
0.000020
0.000032
0.000049
0.000049
0.000031
0.000028
0.000049
0.000059
0.000046
0.000031
0.000031
0.000049
0.000086
0.000133
0.000168
0.000157
0.000080
-0.000033
-0.000136
-0.000154
-0.000052
0.000044
0.000011
-0.000076
-0.000104
-0.000111
-0.000162
-0.000195
-0.000121
0.000017
0.000109
0.000120
0.000089
0.000071
0.000079
0.000087
0.000098
0.000140
0.000177
0.000165
0.000132
0.000101
0.000059
-0.000009
-0.000128
-0.000260
-0.000276
-0.000160
-0.000053
-0.000022
-0.000010
0.000004
-0.000011
-0.000039
-0.000051
-0.000061
-0.000059
-0.000009
0.000057
0.000080
0.000075
0.000075
0.000062
0.000017
-0.000044
-0.000087
-0.000083
-0.000018
0.000086
0.000144
0.000098
0.000002
-0.000048
-0.000036
-0.000013
-0.000016
-0.000021
0.000033
0.000109
0.000080
-0.000030
-0.000052
0.000018
0.000027
-0.000042
-0.000050
0.000023
0.000057
0.000026
0.000011
0.000024
0.000018
-0.000010
-0.000031
-0.000042
-0.000055
-0.000051
0.000009
0.000058
-0.000015
-0.000138
-0.000147
-0.000075
-0.000069
-0.000133
-0.000140
-0.000013
0.000149
0.000171
0.000049
-0.000041
-0.000022
-0.000016
-0.000077
-0.000078
0.000036
0.000156
0.000187
0.000131
0.000040
-0.000025
-0.000057
-0.000069
-0.000000
0.000154
0.000240
0.000165
0.000026
-0.000071
-0.000100
-0.000078
-0.000028
0.000017
0.000012
-0.000055
-0.000121
-0.000106
0.000006
0.000082
-0.000023
-0.000184
-0.000219
-0.000207
-0.000235
-0.000217
-0.000154
-0.000085
0.000062
0.000249
0.000306
0.000260
0.000260
0.000257
0.000135
0.000008
0.000045
0.000168
0.000211
0.000187
0.000173
0.000144
0.000066
-0.000023
-0.000086
-0.000124
-0.000145
-0.000169
-0.000206
-0.000238
-0.000258
-0.000250
-0.000176
-0.000071
-0.000019
-0.000011
0.000014
0.000041
0.000007
-0.000038
0.000028
0.000160
0.000195
0.000136
0.000112
0.000153
0.000175
0.000103
-0.000033
-0.000118
-0.000116
-0.000098
-0.000111
-0.000151
-0.000192
-0.000170
-0.000062
0.000048
0.000079
0.000047
-0.000004
-0.000067
-0.000132
-0.000163
-0.000147
-0.000107
-0.000051
0.000046
0.000166
0.000243
0.000237
0.000180
0.000157
0.000183
0.000163
0.000063
-0.000029
-0.000062
-0.000043
0.000004
0.000026
-0.000009
-0.000079
-0.000143
-0.000144
-0.000074
-0.000016
-0.000028
-0.000040
0.000030
0.000128
0.000131
0.000039
-0.000007
0.000046
0.000092
0.000071
0.000023
-0.000020
-0.000057
-0.000082
-0.000095
-0.000117
-0.000169
-0.000212
-0.000206
-0.000162
-0.000080
0.000028
0.000097
0.000101
0.000102
0.000129
0.000135
0.000085
0.000026
0.000026
0.000094
0.000198
0.000260
0.000189
0.000034
-0.000070
-0.000110
-0.000130
-0.000118
-0.000068
-0.000029
-0.000049
-0.000120
-0.000195
-0.000236
-0.000196
-0.000074
0.000028
0.000031
-0.000020
-0.000058
-0.000066
-0.000032
-0.000036
-0.000927
-0.003441
-0.004496
0.000282
0.006952
0.006815
0.001232
-0.001941
-0.003350
-0.005809
-0.002903
0.006699
0.010147
0.003200
-0.000771
0.002806
0.002518
-0.003397
-0.004664
-0.001376
-0.001056
-0.001894
-0.000241
-0.000363
-0.003422
-0.003827
-0.001543
-0.001477
-0.002756
-0.001957
-0.000595
-0.000502
0.000244
0.002176
0.002822
0.001734
0.001046
0.001231
0.001058
0.000484
0.000246
0.000324
0.000374
0.000469
0.001154
0.002622
0.003502
0.002178
-0.000183
-0.000875
-0.000095
-0.000318
-0.001445
-0.001088
0.000535
0.000980
0.000258
0.000075
0.000081
-0.000949
-0.002538
-0.003424
-0.003196
-0.002428
-0.001831
-0.001355
-0.000531
0.000562
0.001177
0.000901
0.000338
-0.000043
-0.000550
-0.000746
0.000399
0.002151
0.002673
0.002050
0.001767
0.001965
0.001750
0.001094
0.000588
0.000289
-0.000069
-0.000448
-0.000634
-0.000537
-0.000309
-0.000372
-0.000755
-0.000690
-0.000062
-0.000029
-0.000900
-0.001533
-0.001559
-0.001529
-0.001220
-0.000377
0.000285
0.000388
0.000449
0.000760
0.001050
0.001008
0.000474
-0.000364
-0.000800
-0.000537
-0.000296
-0.000295
0.000243
0.001123
0.001349
0.001059
0.000894
0.000670
0.000031
-0.000812
-0.001293
-0.001090
-0.000564
-0.000207
0.000048
0.000556
0.001257
0.001399
0.000470
-0.000752
-0.001267
-0.001157
-0.000818
-0.000208
0.000671
0.001326
0.001224
0.000645
0.000389
0.000464
0.000007
-0.001147
-0.001879
-0.001369
-0.000389
-0.000111
-0.000385
-0.000386
-0.000203
-0.000391
-0.000674
-0.000495
-0.000239
-0.000651
-0.001373
-0.001344
-0.000635
-0.000685
-0.002236
-0.003679
-0.002691
0.000253
0.002134
0.002016
0.002375
0.004341
0.005538
0.004753
0.004297
0.005237
0.004962
0.002327
0.000509
0.001622
0.002859
0.001414
-0.000771
-0.000826
-0.000047
-0.001174
-0.003425
-0.004411
-0.004588
-0.005729
-0.007075
-0.006661
-0.004870
-0.003726
-0.003835
-0.003922
-0.002824
-0.001012
0.000021
-0.000096
-0.000055
0.000836
0.001529
0.001380
0.001303
0.001955
0.002867
0.003637
0.004388
0.005201
0.005758
0.005510
0.004687
0.004599
0.005472
0.005526
0.004056
0.002836
0.002665
0.002027
0.000344
-0.001218
-0.002392
-0.003880
-0.005496
-0.006551
-0.006981
-0.007081
-0.007153
-0.007226
-0.006666
-0.005180
-0.003787
-0.003220
-0.002643
-0.001356
0.000004
0.000864
0.001580
0.002514
0.003411
0.003810
0.003819
0.004119
0.004786
0.005002
0.004609
0.004497
0.004881
0.004861
0.003994
0.002869
0.002024
0.001249
0.000046
-0.001510
-0.002660
-0.003143
-0.003843
-0.005652
-0.008805
-0.012568
-0.013998
-0.010417
-0.004864
-0.002980
-0.003305
0.000389
0.006928
0.009425
0.008288
0.009601
0.012277
0.010251
0.005224
0.004316
0.007155
0.007010
0.003171
0.001541
0.003586
0.004370
0.001731
-0.001115
-0.002504
-0.004349
-0.007204
-0.009377
-0.010349
-0.010682
-0.010353
-0.009738
-0.009183
-0.007318
-0.003737
-0.001423
-0.001982
-0.002183
0.000202
0.002086
0.001025
0.000026
0.001955
0.004334
0.004327
0.004238
0.006911
0.009773
0.009274
0.007354
0.007483
0.008241
0.006663
0.003887
0.002387
0.001638
0.000322
-0.000989
-0.001579
-0.001776
-0.001844
-0.002160
-0.003430
-0.005073
-0.005680
-0.005798
-0.007088
-0.008756
-0.008581
-0.006927
-0.005882
-0.005352
-0.003693
-0.001099
0.000852
0.001937
0.003080
0.004389
0.005087
0.004779
0.004026
0.003770
0.004121
0.004124
0.003424
0.003190
0.004071
0.004720
0.004023
0.002947
0.002482
0.001868
0.000355
-0.001269
-0.002155
-0.002649
-0.003257
-0.003757
-0.003740
-0.003199
-0.002556
-0.002287
-0.002298
-0.002098
-0.001840
-0.002207
-0.002947
-0.002974
-0.002212
-0.001648
-0.001407
-0.000634
0.000733
0.001844
0.002401
0.002769
0.003021
0.002920
0.002389
0.001479
0.000006
-0.002696
-0.006548
-0.008980
-0.007287
-0.003289
-0.001220
-0.000624
0.002537
0.007747
0.010553
0.010827
0.012122
0.013659
0.011434
0.006255
0.002919
0.002359
0.001204
-0.001636
-0.003634
-0.003682
-0.003587
-0.004162
-0.004092
-0.003277
-0.003481
-0.005276
-0.007409
-0.008969
-0.009799
-0.009843
-0.009664
-0.009826
-0.009258
-0.006625
-0.002929
-0.000074
0.002134
0.004680
0.006672
0.006941
0.006572
0.007012
0.007394
0.006342
0.004787
0.004342
0.004599
0.004619
0.005028
0.006117
0.006429
0.005370
0.004427
0.004194
0.003313
0.001297
-0.000736
-0.002450
-0.004394
-0.006091
-0.006675
-0.006502
-0.006260
-0.005885
-0.005348
-0.004870
-0.004261
-0.003498
-0.003272
-0.003772
-0.004104
-0.003821
-0.003444
-0.002963
-0.001789
-0.000205
0.001126
0.002481
0.004207
0.005722
0.006588
0.007075
0.007132
0.006466
0.005476
0.004637
0.003693
0.002489
0.001473
0.000803
0.000218
-0.000130
-0.000075
-0.000192
-0.000880
-0.001622
-0.002105
-0.002697
-0.003424
-0.003893
-0.004176
-0.004509
-0.004628
-0.004326
-0.003864
-0.003377
-0.002732
-0.002029
-0.001699
-0.002508
-0.004920
-0.007224
-0.006459
-0.003101
-0.001103
-0.001174
0.000603
0.005355
0.009340
0.011088
0.013335
0.016316
0.016478
0.013267
0.010416
0.009378
0.007540
0.003677
-0.000217
-0.002916
-0.005150
-0.006762
-0.006823
-0.006362
-0.007094
-0.008178
-0.007910
-0.007140
-0.007380
-0.007765
-0.007372
-0.007584
-0.009027
-0.009505
-0.007697
-0.005491
-0.004440
-0.003325
-0.001051
0.001433
0.003524
0.005913
0.008295
0.009309
0.009086
0.008992
0.009069
0.008434
0.007399
0.006609
0.005417
0.003555
0.002528
0.003070
0.003574
0.002844
0.001722
0.000944
0.000110
-0.000816
-0.001389
-0.002006
-0.003485
-0.005555
-0.007019
-0.007258
-0.006785
-0.006446
-0.006513
-0.006511
-0.005806
-0.004402
-0.002987
-0.002032
-0.001358
-0.000782
-0.000390
0.000036
0.000914
0.002001
0.002629
0.002777
0.003014
0.003628
0.004489
0.005256
0.005485
0.005129
0.004686
0.004365
0.003840
0.003069
0.002347
0.001542
0.000439
-0.000522
-0.000901
-0.001075
-0.001576
-0.002331
-0.002958
-0.003208
-0.003093
-0.002935
-0.003005
-0.003117
-0.003029
-0.002895
-0.002812
-0.002506
-0.001939
-0.001519
-0.001445
-0.001558
-0.002147
-0.003780
-0.005562
-0.005382
-0.003302
-0.002072
-0.002390
-0.001273
0.002605
0.006396
0.008255
0.010103
0.012890
0.014231
0.012958
0.011269
0.010612
0.009443
0.006407
0.002523
-0.000812
-0.003410
-0.005311
-0.006427
-0.007330
-0.008424
-0.008854
-0.008042
-0.007056
-0.006694
-0.006116
-0.005064
-0.004883
-0.005765
-0.005902
-0.004720
-0.003909
-0.004272
-0.004457
-0.003537
-0.002171
-0.000768
0.001101
0.003194
0.004625
0.005529
0.006792
0.008232
0.008876
0.008720
0.008356
0.007535
0.005956
0.004489
0.003757
0.002868
0.001272
-0.000029
-0.000428
-0.000606
-0.000832
-0.000682
-0.000430
-0.000723
-0.001385
-0.001902
-0.002335
-0.002846
-0.003330
-0.003931
-0.004833
-0.005564
-0.005626
-0.005396
-0.005352
-0.005151
-0.004403
-0.003391
-0.002347
-0.001093
0.000245
0.001270
0.002021
0.002742
0.003354
0.003804
0.004212
0.004365
0.004021
0.003605
0.003515
0.003386
0.002966
0.002633
0.002464
0.002145
0.001810
0.001670
0.001353
0.000677
0.000064
-0.000385
-0.001010
-0.001733
-0.002236
-0.002666
-0.003238
-0.003678
-0.003721
-0.003570
-0.003410
-0.003117
-0.002677
-0.002246
-0.001854
-0.001684
-0.002378
-0.004078
-0.005286
-0.004429
-0.002673
-0.002482
-0.003191
-0.001818
0.001621
0.004271
0.005759
0.008266
0.011531
0.012899
0.012165
0.011710
0.012052
0.011188
0.008258
0.004681
0.001635
-0.001071
-0.003644
-0.005902
-0.007937
-0.009631
-0.010295
-0.009864
-0.009187
-0.008374
-0.006712
-0.004710
-0.003780
-0.003665
-0.002805
-0.001273
-0.000730
-0.001518
-0.002242
-0.002213
-0.002098
-0.002107
-0.001583
-0.000528
0.000329
0.001085
0.002515
0.004431
0.005928
0.006958
0.007871
0.008212
0.007708
0.007228
0.007121
0.006252
0.004120
0.001994
0.000744
-0.000379
-0.001870
-0.002913
-0.003003
-0.002928
-0.003294
-0.003442
-0.002650
-0.001469
-0.000953
-0.001191
-0.001488
-0.001501
-0.001501
-0.001894
-0.002752
-0.003627
-0.004046
-0.004218
-0.004500
-0.004489
-0.003719
-0.002700
-0.001992
-0.001139
0.000365
0.002031
0.003144
0.003723
0.004165
0.004649
0.005046
0.005046
0.004550
0.003859
0.003188
0.002451
0.001739
0.001342
0.001171
0.000822
0.000254
-0.000147
-0.000239
-0.000366
-0.000787
-0.001284
-0.001603
-0.001854
-0.002198
-0.002572
-0.002873
-0.003066
-0.003181
-0.003291
-0.003323
-0.003180
-0.003369
-0.004557
-0.005882
-0.005501
-0.003692
-0.002799
-0.003052
-0.001941
0.001116
0.003674
0.004889
0.006734
0.009636
0.011326
0.011006
0.010657
0.011257
0.011106
0.008954
0.005930
0.003334
0.000935
-0.001612
-0.003846
-0.005686
-0.007515
-0.008931
-0.009257
-0.008861
-0.008305
-0.007219
-0.005559
-0.004416
-0.004080
-0.003258
-0.001516
-0.000302
-0.000460
-0.000925
-0.000794
-0.000687
-0.001157
-0.001536
-0.001304
-0.001024
-0.001011
-0.000548
0.000784
0.002322
0.003489
0.004483
0.005445
0.006188
0.006825
0.007420
0.007402
0.006480
0.005288
0.004279
0.003091
0.001530
-0.000001
-0.001271
-0.002414
-0.003328
-0.003703
-0.003562
-0.003239
-0.002955
-0.002683
-0.002287
-0.001691
-0.001063
-0.000770
-0.000953
-0.001358
-0.001801
-0.002377
-0.003023
-0.003391
-0.003470
-0.003650
-0.003864
-0.003501
-0.002454
-0.001286
-0.000291
0.000711
0.001815
0.002946
0.003987
0.004717
0.005039
0.005138
0.005072
0.004698
0.004134
0.003611
0.002968
0.001983
0.000906
0.000073
-0.000566
-0.001152
-0.001614
-0.001867
-0.001978
-0.002040
-0.002103
-0.002209
-0.002288
-0.002220
-0.002102
-0.002110
-0.002148
-0.002250
-0.003037
-0.004660
-0.005735
-0.005107
-0.004038
-0.004243
-0.004601
-0.002975
-0.000182
0.001572
0.002861
0.005570
0.008762
0.010150
0.010215
0.010988
0.012112
0.011572
0.009271
0.006881
0.004945
0.002632
-0.000208
-0.002853
-0.005134
-0.007295
-0.009001
-0.009841
-0.010045
-0.009690
-0.008422
-0.006624
-0.005234
-0.004042
-0.002136
-0.000020
0.000953
0.000952
0.001235
0.001780
0.001531
0.000581
-0.000014
-0.000245
-0.000998
-0.002093
-0.002330
-0.001507
-0.000624
-0.000045
0.000832
0.002183
0.003585
0.004901
0.006093
0.006787
0.006836
0.006520
0.005922
0.004951
0.003789
0.002546
0.000970
-0.000848
-0.002260
-0.003008
-0.003526
-0.004058
-0.004301
-0.004026
-0.003399
-0.002622
-0.001767
-0.000991
-0.000483
-0.000260
-0.000211
-0.000228
-0.000289
-0.000568
-0.001268
-0.002153
-0.002651
-0.002653
-0.002639
-0.002763
-0.002593
-0.001937
-0.001101
-0.000271
0.000661
0.001686
0.002610
0.003301
0.003787
0.004209
0.004640
0.004825
0.004416
0.003600
0.002907
0.002375
0.001622
0.000633
-0.000260
-0.000977
-0.001646
-0.002231
-0.002620
-0.002793
-0.002792
-0.002730
-0.002685
-0.002515
-0.002052
-0.001569
-0.001758
-0.002919
-0.004153
-0.004145
-0.003184
-0.003055
-0.004015
-0.003968
-0.002025
-0.000092
0.000769
0.002211
0.005041
0.007302
0.007789
0.008159
0.009735
0.011068
0.010485
0.008689
0.007093
0.005526
0.003190
0.000417
-0.002017
-0.004157
-0.006280
-0.008047
-0.009055
-0.009371
-0.009131
-0.008458
-0.007646
-0.006611
-0.004802
-0.002425
-0.000638
0.000132
0.000771
0.001786
0.002420
0.002159
0.001693
0.001537
0.001077
-0.000093
-0.001094
-0.001095
-0.000676
-0.000683
-0.000794
-0.000291
0.000729
0.001790
0.002835
0.003938
0.004866
0.005361
0.005474
0.005404
0.005191
0.004666
0.003684
0.002349
0.000972
-0.000147
-0.000989
-0.001846
-0.002873
-0.003725
-0.004011
-0.003897
-0.003686
-0.003285
-0.002666
-0.002158
-0.001873
-0.001527
-0.001018
-0.000625
-0.000574
-0.000756
-0.000899
-0.000871
-0.000831
-0.001028
-0.001395
-0.001568
-0.001396
-0.001049
-0.000596
0.000043
0.000735
0.001227
0.001608
0.002211
0.003045
0.003722
0.003963
0.003887
0.003777
0.003684
0.003359
0.002635
0.001698
0.000804
-0.000040
-0.000915
-0.001689
-0.002166
-0.002434
-0.002744
-0.003102
-0.003297
-0.003223
-0.002913
-0.002458
-0.002222
-0.002740
-0.003738
-0.003923
-0.002900
-0.002201
-0.002816
-0.003207
-0.001882
-0.000064
0.000709
0.001490
0.003648
0.005936
0.006720
0.006979
0.008289
0.009761
0.009574
0.008010
0.006637
0.005630
0.003976
0.001553
-0.000824
-0.002887
-0.004908
-0.006711
-0.007870
-0.008366
-0.008327
-0.007821
-0.007160
-0.006490
-0.005264
-0.003166
-0.001096
-0.000025
0.000506
0.001442
0.002416
0.002449
0.001839
0.001586
0.001462
0.000535
-0.000804
-0.001282
-0.000913
-0.000846
-0.001269
-0.001232
-0.000389
0.000655
0.001563
0.002527
0.003513
0.004231
0.004633
0.004885
0.005055
0.004983
0.004383
0.003224
0.001944
0.001028
0.000426
-0.000388
-0.001610
-0.002672
-0.003071
-0.003125
-0.003226
-0.003111
-0.002603
-0.002153
-0.001994
-0.001755
-0.001275
-0.000894
-0.000833
-0.000998
-0.001209
-0.001283
-0.001242
-0.001360
-0.001651
-0.001774
-0.001658
-0.001554
-0.001423
-0.000947
-0.000168
0.000519
0.001043
0.001699
0.002561
0.003366
0.003909
0.004161
0.004184
0.004094
0.003927
0.003520
0.002795
0.001936
0.001044
0.000005
-0.001054
-0.001786
-0.002244
-0.002737
-0.003165
-0.003217
-0.002996
-0.002808
-0.002649
-0.002479
-0.002706
-0.003502
-0.003963
-0.003297
-0.002474
-0.002843
-0.003582
-0.002879
-0.001079
0.000150
0.001043
0.003010
0.005439
0.006540
0.006672
0.007638
0.009262
0.009615
0.008283
0.006748
0.005662
0.004137
0.001823
-0.000439
-0.002248
-0.004092
-0.006012
-0.007325
-0.007757
-0.007684
-0.007354
-0.006780
-0.006000
-0.004858
-0.003120
-0.001186
0.000103
0.000617
0.001073
0.001749
0.002017
0.001597
0.001112
0.000797
0.000033
-0.001171
-0.001760
-0.001381
-0.000998
-0.001159
-0.001118
-0.000281
0.000888
0.001860
0.002736
0.003665
0.004502
0.005057
0.005201
0.004917
0.004420
0.003873
0.003062
0.001794
0.000470
-0.000352
-0.000864
-0.001670
-0.002634
-0.003041
-0.002816
-0.002548
-0.002401
-0.002018
-0.001401
-0.000996
-0.000904
-0.000815
-0.000622
-0.000504
-0.000641
-0.001061
-0.001524
-0.001760
-0.001933
-0.002313
-0.002631
-0.002484
-0.002061
-0.001727
-0.001296
-0.000467
0.000495
0.001208
0.001809
0.002593
0.003465
0.004132
0.004433
0.004396
0.004160
0.003792
0.003211
0.002402
0.001560
0.000808
-0.000018
-0.001012
-0.001847
-0.002223
-0.002351
-0.002546
-0.002694
-0.002544
-0.002165
-0.001853
-0.002012
-0.002893
-0.003904
-0.003977
-0.003280
-0.003225
-0.004021
-0.004025
-0.002507
-0.000898
-0.000058
0.001262
0.003810
0.006090
0.006857
0.007203
0.008448
0.009696
0.009325
0.007628
0.006068
0.004808
0.002927
0.000453
-0.001736
-0.003480
-0.005180
-0.006697
-0.007551
-0.007611
-0.006998
-0.005967
-0.004991
-0.004200
-0.003046
-0.001265
0.000347
0.000971
0.000997
0.001223
0.001421
0.000923
-0.000006
-0.000661
-0.001169
-0.001996
-0.002720
-0.002600
-0.001915
-0.001433
-0.001011
-0.000001
0.001472
0.002745
0.003696
0.004682
0.005652
0.006067
0.005714
0.005008
0.004335
0.003608
0.002620
0.001354
-0.000035
-0.001197
-0.001800
-0.002038
-0.002370
-0.002696
-0.002584
-0.002168
-0.001852
-0.001493
-0.000839
-0.000254
-0.000165
-0.000363
-0.000470
-0.000551
-0.000852
-0.001439
-0.002184
-0.002816
-0.003100
-0.003087
-0.002949
-0.002667
-0.002154
-0.001489
-0.000766
0.000099
0.001158
0.002165
0.002853
0.003350
0.003868
0.004236
0.004167
0.003756
0.003293
0.002830
0.002209
0.001348
0.000402
-0.000383
-0.000936
-0.001374
-0.001696
-0.001731
-0.001505
-0.001336
-0.001384
-0.001439
-0.001470
-0.002023
-0.003343
-0.004451
-0.004314
-0.003670
-0.003957
-0.004658
-0.003982
-0.002029
-0.000509
0.000533
0.002587
0.005415
0.007149
0.007564
0.008209
0.009318
0.009366
0.007852
0.006047
0.004634
0.002824
0.000319
-0.001943
-0.003535
-0.005067
-0.006554
-0.007163
-0.006829
-0.006299
-0.005615
-0.004327
-0.002829
-0.001797
-0.000914
0.000350
0.001389
0.001339
0.000609
0.000161
-0.000144
-0.001015
-0.002121
-0.002603
-0.002652
-0.002932
-0.003004
-0.002001
-0.000315
0.000994
0.001854
0.002829
0.003905
0.004794
0.005534
0.006015
0.005857
0.005100
0.004157
0.003081
0.001698
0.000285
-0.000727
-0.001439
-0.002132
-0.002565
-0.002362
-0.001768
-0.001285
-0.000922
-0.000466
-0.000038
0.000202
0.000337
0.000309
-0.000127
-0.000884
-0.001614
-0.002261
-0.002922
-0.003440
-0.003641
-0.003576
-0.003282
-0.002710
-0.001926
-0.001093
-0.000287
0.000546
0.001436
0.002284
0.002939
0.003327
0.003477
0.003471
0.003349
0.003044
0.002535
0.001946
0.001366
0.000776
0.000203
-0.000234
-0.000453
-0.000513
-0.000557
-0.000624
-0.000659
-0.000682
-0.000779
-0.000955
-0.001175
-0.001707
-0.003042
-0.004837
-0.005715
-0.005240
-0.004818
-0.005226
-0.004960
-0.002870
-0.000344
0.001209
0.002855
0.005724
0.008319
0.008923
0.008617
0.009132
0.009606
0.008230
0.005569
0.003481
0.001888
-0.000512
-0.003166
-0.004424
-0.004633
-0.005362
-0.006322
-0.005941
-0.004326
-0.003061
-0.002546
-0.001839
-0.000776
-0.000228
-0.000414
-0.000654
-0.000781
-0.001370
-0.002479
-0.003365
-0.003610
-0.003523
-0.003354
-0.002945
-0.002135
-0.000925
0.000586
0.002138
0.003490
0.004621
0.005443
0.005709
0.005533
0.005356
0.005141
0.004382
0.003054
0.001728
0.000701
-0.000238
-0.001075
-0.001385
-0.001146
-0.000899
-0.000828
-0.000552
-0.000001
0.000363
0.000289
-0.000043
-0.000522
-0.001191
-0.001927
-0.002550
-0.003079
-0.003559
-0.003907
-0.004027
-0.003815
-0.003196
-0.002337
-0.001494
-0.000674
0.000213
0.001073
0.001779
0.002319
0.002650
0.002698
0.002527
0.002297
0.002136
0.002099
0.002098
0.001972
0.001699
0.001418
0.001259
0.001220
0.001174
0.000989
0.000664
0.000294
-0.000087
-0.000539
-0.001111
-0.001746
-0.002326
-0.002824
-0.003526
-0.004800
-0.006198
-0.006512
-0.005523
-0.004574
-0.004256
-0.003144
-0.000456
0.002135
0.003332
0.004497
0.006866
0.008834
0.008565
0.007266
0.007032
0.007099
0.005454
0.002779
0.001292
0.000768
-0.000679
-0.002731
-0.003337
-0.002531
-0.002388
-0.003326
-0.003594
-0.002571
-0.001752
-0.002077
-0.002650
-0.002680
-0.002732
-0.003363
-0.004033
-0.004126
-0.003879
-0.003719
-0.003527
-0.002940
-0.001811
-0.000349
0.000955
0.001838
0.002646
0.003670
0.004431
0.004426
0.004062
0.003915
0.003730
0.003094
0.002339
0.002007
0.002015
0.001892
0.001508
0.001245
0.001420
0.001732
0.001635
0.001182
0.000849
0.000525
-0.000340
-0.001569
-0.002387
-0.002727
-0.003302
-0.004291
-0.004927
-0.004679
-0.003998
-0.003487
-0.003078
-0.002414
-0.001511
-0.000718
-0.000230
0.000147
0.000620
0.000970
0.000896
0.000728
0.001058
0.001688
0.001897
0.001764
0.002053
0.002834
0.003397
0.003472
0.003485
0.003572
0.003277
0.002386
0.001344
0.000623
0.000090
-0.000721
-0.001813
-0.002648
-0.002984
-0.003193
-0.003578
-0.004140
-0.004983
-0.005949
-0.006100
-0.004918
-0.003480
-0.002848
-0.002155
-0.000213
0.002074
0.003214
0.003938
0.005754
0.007720
0.007775
0.006442
0.005932
0.006211
0.005276
0.002983
0.001318
0.000891
0.000177
-0.001412
-0.002434
-0.002097
-0.001697
-0.002357
-0.003234
-0.003209
-0.002776
-0.002987
-0.003671
-0.003951
-0.003780
-0.003776
-0.003956
-0.003787
-0.003153
-0.002418
-0.001808
-0.001229
-0.000448
0.000648
0.001701
0.002180
0.002241
0.002593
0.003264
0.003426
0.002836
0.002440
0.002892
0.003400
0.003069
0.002524
0.002809
0.003423
0.003110
0.002072
0.001545
0.001560
0.000996
-0.000335
-0.001394
-0.001770
-0.002241
-0.003216
-0.003991
-0.003975
-0.003572
-0.003403
-0.003391
-0.003088
-0.002423
-0.001751
-0.001411
-0.001343
-0.001078
-0.000365
0.000299
0.000364
0.000221
0.000555
0.001160
0.001429
0.001502
0.001934
0.002630
0.003052
0.003131
0.003177
0.003252
0.003088
0.002514
0.001704
0.000909
0.000171
-0.000569
-0.001293
-0.001829
-0.002013
-0.001991
-0.002114
-0.002542
-0.003286
-0.004399
-0.005617
-0.006057
-0.005090
-0.003418
-0.002224
-0.001361
0.000250
0.002514
0.004134
0.004832
0.005710
0.006979
0.007320
0.006126
0.004611
0.003856
0.003279
0.001973
0.000383
-0.000490
-0.000675
-0.000844
-0.001099
-0.001188
-0.001248
-0.001534
-0.001958
-0.002383
-0.002892
-0.003517
-0.004095
-0.004552
-0.004920
-0.004972
-0.004351
-0.003162
-0.002001
-0.001217
-0.000507
0.000508
0.001641
0.002390
0.002602
0.002531
0.002383
0.002151
0.001838
0.001635
0.001800
0.002343
0.002921
0.003223
0.003345
0.003502
0.003519
0.003011
0.002014
0.000972
0.000161
-0.000562
-0.001448
-0.002371
-0.002896
-0.002897
-0.002661
-0.002437
-0.002256
-0.002080
-0.001911
-0.001779
-0.001736
-0.001817
-0.001942
-0.001950
-0.001798
-0.001568
-0.001208
-0.000552
0.000330
0.001091
0.001543
0.001862
0.002236
0.002547
0.002583
0.002398
0.002180
0.001955
0.001730
0.001566
0.001402
0.001126
0.000758
0.000374
0.000017
-0.000269
-0.000472
-0.000661
-0.000955
-0.001398
-0.001903
-0.002491
-0.003440
-0.004803
-0.005896
-0.005747
-0.004122
-0.001843
0.000036
0.001283
0.002440
0.003837
0.005080
0.005602
0.005314
0.004532
0.003563
0.002637
0.001964
0.001521
0.001027
0.000374
-0.000161
-0.000288
-0.000077
0.000126
0.000029
-0.000423
-0.001117
-0.001855
-0.002511
-0.003122
-0.003691
-0.004023
-0.003922
-0.003366
-0.002471
-0.001427
-0.000487
0.000113
0.000329
0.000341
0.000327
0.000297
0.000213
0.000117
0.000110
0.000316
0.000833
0.001577
0.002270
0.002705
0.002914
0.003005
0.002971
0.002687
0.002026
0.001125
0.000356
-0.000089
-0.000353
-0.000645
-0.000898
-0.000838
-0.000536
-0.000447
-0.000744
-0.001112
-0.001280
-0.001363
-0.001583
-0.001919
-0.002091
-0.001821
-0.001178
-0.000555
-0.000207
-0.000068
0.000008
0.000119
0.000301
0.000439
0.000402
0.000301
0.000332
0.000523
0.000799
0.001063
0.001185
0.001135
0.001055
0.001016
0.000874
0.000557
0.000231
0.000029
-0.000098
-0.000218
-0.000325
-0.000436
-0.000600
-0.000796
-0.000972
-0.001174
-0.001497
-0.001832
-0.001826
-0.001343
-0.000741
-0.000382
-0.000183
0.000093
0.000435
0.000757
0.001118
0.001449
0.001434
0.000965
0.000472
0.000522
0.001130
0.001682
0.001645
0.001203
0.000948
0.001087
0.001286
0.001160
0.000601
-0.000211
-0.000891
-0.001113
-0.000969
-0.000900
-0.001177
-0.001571
-0.001633
-0.001257
-0.000821
-0.000709
-0.000900
-0.001117
-0.001083
-0.000700
-0.000230
-0.000072
-0.000258
-0.000431
-0.000296
0.000145
0.000700
0.001098
0.001152
0.001019
0.001062
0.001313
0.001403
0.001095
0.000585
0.000258
0.000275
0.000430
0.000423
0.000213
-0.000044
-0.000233
-0.000303
-0.000256
-0.000235
-0.000400
-0.000669
-0.000819
-0.000777
-0.000658
-0.000583
-0.000549
-0.000454
-0.000245
-0.000007
0.000117
0.000067
-0.000064
-0.000116
-0.000066
-0.000027
-0.000056
-0.000107
-0.000122
-0.000052
0.000100
0.000256
0.000375
0.000463
0.000429
0.000177
-0.000277
-0.000846
-0.001289
-0.001269
-0.000772
-0.000240
-0.000114
-0.000348
-0.000462
-0.000090
0.000611
0.001150
0.001195
0.000810
0.000356
0.000253
0.000645
0.001188
0.001370
0.001152
0.000983
0.001141
0.001455
0.001596
0.001320
0.000606
-0.000193
-0.000612
-0.000619
-0.000638
-0.001002
-0.001543
-0.001795
-0.001551
-0.001074
-0.000772
-0.000841
-0.001157
-0.001366
-0.001201
-0.000806
-0.000601
-0.000756
-0.000933
-0.000627
0.000212
0.001036
0.001342
0.001212
0.001053
0.001100
0.001289
0.001392
0.001185
0.000688
0.000261
0.000242
0.000508
0.000617
0.000404
0.000127
0.000033
0.000095
0.000101
-0.000149
-0.000617
-0.001030
-0.001130
-0.000932
-0.000719
-0.000699
-0.000761
-0.000668
-0.000383
-0.000077
0.000062
-0.000035
-0.000225
-0.000250
-0.000044
0.000201
0.000330
0.000345
0.000296
0.000280
0.000398
0.000590
0.000659
0.000526
0.000343
0.000295
0.000372
0.000352
0.000061
-0.000441
-0.001034
-0.001637
-0.001981
-0.001684
-0.000786
0.000072
0.000275
-0.000065
-0.000311
-0.000091
0.000433
0.000873
0.000942
0.000641
0.000309
0.000409
0.001034
0.001683
0.001790
0.001413
0.001124
0.001257
0.001519
0.001413
0.000859
0.000140
-0.000486
-0.000877
-0.000986
-0.000986
-0.001152
-0.001497
-0.001707
-0.001540
-0.001187
-0.001050
-0.001224
-0.001439
-0.001449
-0.001249
-0.000966
-0.000726
-0.000522
-0.000184
0.000355
0.000899
0.001225
0.001292
0.001239
0.001243
0.001333
0.001336
0.001090
0.000735
0.000635
0.000923
0.001243
0.001138
0.000642
0.000231
0.000182
0.000265
0.000123
-0.000331
-0.000935
-0.001396
-0.001466
-0.001212
-0.000969
-0.000948
-0.001032
-0.000957
-0.000608
-0.000189
-0.000061
-0.000307
-0.000583
-0.000519
-0.000152
0.000185
0.000290
0.000293
0.000446
0.000749
0.000913
0.000758
0.000430
0.000168
0.000089
0.000173
0.000268
0.000202
-0.000031
-0.000308
-0.000566
-0.000828
-0.001046
-0.001014
-0.000587
0.000007
0.000314
0.000159
-0.000136
-0.000106
0.000340
0.000867
0.001124
0.001016
0.000726
0.000586
0.000795
0.001166
0.001279
0.000992
0.000612
0.000460
0.000511
0.000538
0.000348
-0.000108
-0.000656
-0.000976
-0.000958
-0.000856
-0.000960
-0.001255
-0.001483
-0.001442
-0.001212
-0.001022
-0.000960
-0.000956
-0.000899
-0.000682
-0.000310
0.000052
0.000253
0.000329
0.000411
0.000569
0.000811
0.001066
0.001181
0.001115
0.001075
0.001228
0.001367
0.001172
0.000734
0.000459
0.000509
0.000626
0.000477
0.000052
-0.000373
-0.000588
-0.000633
-0.000651
-0.000744
-0.000916
-0.001046
-0.000997
-0.000811
-0.000666
-0.000623
-0.000562
-0.000386
-0.000147
0.000041
0.000085
-0.000022
-0.000148
-0.000102
0.000122
0.000295
0.000267
0.000155
0.000129
0.000176
0.000201
0.000204
0.000225
0.000205
0.000079
-0.000105
-0.000287
-0.000485
-0.000696
-0.000814
-0.000699
-0.000355
0.000020
0.000209
0.000190
0.000160
0.000318
0.000643
0.000937
0.001016
0.000867
0.000704
0.000763
0.000995
0.001116
0.000975
0.000699
0.000492
0.000440
0.000443
0.000312
-0.000027
-0.000446
-0.000728
-0.000772
-0.000726
-0.000795
-0.000962
-0.001051
-0.001018
-0.001009
-0.001111
-0.001163
-0.000989
-0.000688
-0.000475
-0.000381
-0.000297
-0.000163
0.000013
0.000232
0.000487
0.000703
0.000788
0.000784
0.000849
0.001019
0.001137
0.001113
0.001024
0.000926
0.000813
0.000696
0.000549
0.000308
-0.000016
-0.000308
-0.000466
-0.000505
-0.000530
-0.000598
-0.000666
-0.000686
-0.000670
-0.000654
-0.000673
-0.000723
-0.000760
-0.000768
-0.000741
-0.000647
-0.000540
-0.000503
-0.000448
-0.000232
0.000065
0.000253
0.000334
0.000410
0.000458
0.000404
0.000258
0.000063
-0.000114
-0.000147
0.000024
0.000314
0.000577
0.000665
0.000548
0.000416
0.000448
0.000565
0.000600
0.000534
0.000415
0.000305
0.000307
0.000447
0.000594
0.000617
0.000535
0.000464
0.000451
0.000408
0.000230
-0.000065
-0.000367
-0.000565
-0.000623
-0.000657
-0.000813
-0.001032
-0.001114
-0.000984
-0.000764
-0.000630
-0.000629
-0.000646
-0.000598
-0.000530
-0.000468
-0.000359
-0.000201
-0.000057
0.000082
0.000269
0.000500
0.000714
0.000843
0.000886
0.000912
0.000948
0.000947
0.000892
0.000833
0.000793
0.000702
0.000520
0.000319
0.000141
-0.000044
-0.000230
-0.000348
-0.000337
-0.000277
-0.000343
-0.000542
-0.000692
-0.000723
-0.000732
-0.000736
-0.000665
-0.000590
-0.000640
-0.000749
-0.000763
-0.000682
-0.000566
-0.000396
-0.000168
0.000031
0.000139
0.000199
0.000251
0.000251
0.000169
0.000062
-0.000001
-0.000032
-0.000047
0.000027
0.000210
0.000383
0.000451
0.000469
0.000533
0.000646
0.000750
0.000801
0.000769
0.000656
0.000529
0.000462
0.000484
0.000574
0.000651
0.000624
0.000474
0.000285
0.000132
-0.000058
-0.000364
-0.000701
-0.000932
-0.001005
-0.000943
-0.000807
-0.000697
-0.000666
-0.000657
-0.000593
-0.000476
-0.000364
-0.000281
-0.000212
-0.000160
-0.000113
0.000011
0.000246
0.000459
0.000500
0.000416
0.000373
0.000432
0.000544
0.000663
0.000765
0.000808
0.000768
0.000682
0.000594
0.000471
0.000250
-0.000041
-0.000282
-0.000396
-0.000437
-0.000513
-0.000638
-0.000733
-0.000778
-0.000831
-0.000891
-0.000859
-0.000711
-0.000590
-0.000589
-0.000638
-0.000658
-0.000627
-0.000554
-0.000477
-0.000385
-0.000207
0.000036
0.000233
0.000346
0.000431
0.000524
0.000640
0.000793
0.000912
0.000886
0.000761
0.000725
0.000825
0.000924
0.000922
0.000827
0.000695
0.000579
0.000478
0.000362
0.000240
0.000154
0.000107
0.000068
-0.000001
-0.000153
-0.000407
-0.000661
-0.000774
-0.000692
-0.000510
-0.000431
-0.000544
-0.000701
-0.000732
-0.000653
-0.000548
-0.000455
-0.000394
-0.000354
-0.000256
-0.000076
0.000062
0.000089
0.000117
0.000221
0.000321
0.000354
0.000367
0.000416
0.000486
0.000526
0.000527
0.000527
0.000525
0.000475
0.000380
0.000273
0.000142
-0.000019
-0.000157
-0.000223
-0.000249
-0.000293
-0.000347
-0.000395
-0.000457
-0.000505
-0.000467
-0.000398
-0.000441
-0.000563
-0.000612
-0.000569
-0.000519
-0.000496
-0.000467
-0.000383
-0.000214
-0.000027
0.000035
-0.000017
-0.000005
0.000121
0.000235
0.000283
0.000332
0.000442
0.000591
0.000715
0.000766
0.000746
0.000676
0.000590
0.000564
0.000640
0.000747
0.000760
0.000634
0.000422
0.000223
0.000080
-0.000059
-0.000206
-0.000264
-0.000240
-0.000297
-0.000441
-0.000455
-0.000288
-0.000132
-0.000067
-0.000042
-0.000097
-0.000266
-0.000438
-0.000515
-0.000522
-0.000499
-0.000464
-0.000457
-0.000491
-0.000519
-0.000462
-0.000295
-0.000104
0.000025
0.000107
0.000177
0.000235
0.000323
0.000486
0.000608
0.000517
0.000294
0.000200
0.000270
0.000289
0.000159
0.000005
-0.000051
-0.000036
-0.000038
-0.000060
-0.000048
-0.000034
-0.000110
-0.000295
-0.000506
-0.000628
-0.000596
-0.000466
-0.000363
-0.000333
-0.000305
-0.000230
-0.000140
-0.000090
-0.000080
-0.000057
0.000027
0.000161
0.000293
0.000418
0.000551
0.000647
0.000649
0.000586
0.000548
0.000539
0.000472
0.000343
0.000299
0.000402
0.000489
0.000424
0.000312
0.000266
0.000232
0.000138
-0.000004
-0.000141
-0.000231
-0.000294
-0.000347
-0.000361
-0.000360
-0.000432
-0.000548
-0.000574
-0.000487
-0.000401
-0.000369
-0.000297
-0.000144
-0.000062
-0.000140
-0.000223
-0.000178
-0.000090
-0.000060
-0.000051
-0.000009
0.000031
0.000034
0.000069
0.000169
0.000218
0.000139
0.000080
0.000184
0.000312
0.000284
0.000191
0.000160
0.000127
0.000039
-0.000016
-0.000016
-0.000067
-0.000197
-0.000305
-0.000304
-0.000230
-0.000191
-0.000180
-0.000082
0.000077
0.000131
0.000019
-0.000132
-0.000192
-0.000170
-0.000144
-0.000148
-0.000160
-0.000152
-0.000123
-0.000067
0.000057
0.000248
0.000426
0.000524
0.000540
0.000495
0.000429
0.000405
0.000428
0.000422
0.000373
0.000352
0.000344
0.000258
0.000085
-0.000097
-0.000231
-0.000293
-0.000267
-0.000203
-0.000201
-0.000266
-0.000304
-0.000272
-0.000210
-0.000168
-0.000142
-0.000117
-0.000145
-0.000223
-0.000230
-0.000154
-0.000156
-0.000285
-0.000380
-0.000331
-0.000218
-0.000107
0.000037
0.000171
0.000191
0.000134
0.000121
0.000184
0.000268
0.000338
0.000414
0.000455
0.000359
0.000134
-0.000074
-0.000179
-0.000230
-0.000285
-0.000316
-0.000280
-0.000217
-0.000192
-0.000177
-0.000107
0.000009
0.000087
0.000047
-0.000098
-0.000231
-0.000230
-0.000099
0.000085
0.000265
0.000336
0.000240
0.000139
0.000169
0.000229
0.000246
0.000291
0.000367
0.000370
0.000267
0.000130
0.000027
-0.000020
-0.000042
-0.000076
-0.000114
-0.000136
-0.000139
-0.000129
-0.000108
-0.000111
-0.000169
-0.000229
-0.000192
-0.000070
0.000014
-0.000012
-0.000114
-0.000205
-0.000203
-0.000089
0.000057
0.000135
0.000140
0.000134
0.000138
0.000126
0.000104
0.000099
0.000102
0.000095
0.000081
0.000055
-0.000016
-0.000135
-0.000224
-0.000221
-0.000164
-0.000139
-0.000186
-0.000242
-0.000210
-0.000120
-0.000076
-0.000071
-0.000032
0.000049
0.000133
0.000189
0.000198
0.000153
0.000071
-0.000012
-0.000055
-0.000020
0.000059
0.000067
-0.000036
-0.000167
-0.000237
-0.000189
-0.000024
0.000155
0.000248
0.000237
0.000170
0.000133
0.000151
0.000130
0.000043
0.000002
0.000032
0.000050
0.000045
0.000037
-0.000017
-0.000102
-0.000116
-0.000018
0.000114
0.000180
0.000115
-0.000028
-0.000093
-0.000015
0.000103
0.000159
0.000147
0.000097
0.000036
-0.000013
-0.000061
-0.000134
-0.000193
-0.000202
-0.000208
-0.000240
-0.000249
-0.000211
-0.000165
-0.000137
-0.000117
-0.000088
-0.000040
0.000018
0.000064
0.000078
0.000052
0.000023
0.000073
0.000205
0.000287
0.000256
0.000193
0.000170
0.000156
0.000077
-0.000053
-0.000093
0.000020
0.000113
0.000004
-0.000216
-0.000321
-0.000274
-0.000213
-0.000210
-0.000189
-0.000090
0.000022
0.000052
0.000027
-0.000002
-0.000025
0.000029
0.000209
0.000376
0.000352
0.000163
-0.000004
-0.000026
0.000056
0.000107
0.000067
-0.000001
-0.000022
0.000003
0.000030
0.000030
-0.000007
-0.000097
-0.000222
-0.000286
-0.000250
-0.000201
-0.000167
-0.000092
0.000011
0.000082
0.000107
0.000100
0.000074
0.000063
0.000079
0.000061
0.000001
0.000004
0.000093
0.000161
0.000149
0.000106
0.000094
0.000100
0.000062
-0.000006
-0.000026
-0.000010
-0.000029
-0.000078
-0.000104
-0.000073
0.000015
0.000111
0.000153
0.000110
-0.000039
-0.000230
-0.000317
-0.000272
-0.000179
-0.000076
0.000020
0.000070
0.000073
0.000044
0.000003
-0.000023
-0.000024
0.000004
0.000067
0.000129
0.000114
0.000002
-0.000128
-0.000176
-0.000130
-0.000050
0.000012
0.000035
0.000020
-0.000005
0.000012
0.000081
0.000162
0.000206
0.000171
0.000077
0.000021
0.000058
0.000123
0.000114
0.000021
-0.000073
-0.000106
-0.000089
-0.000060
-0.000028
0.000012
0.000019
-0.000032
-0.000063
-0.000037
-0.000031
-0.000049
-0.000005
0.000071
0.000053
-0.000055
-0.000125
-0.000125
-0.000149
-0.000205
-0.000226
-0.000215
-0.000209
-0.000170
-0.000047
0.000125
0.000269
0.000317
0.000262
0.000173
0.000117
0.000105
0.000133
0.000186
0.000214
0.000164
0.000062
-0.000013
-0.000059
-0.000088
-0.000051
0.000010
-0.000036
-0.000190
-0.000281
-0.000196
-0.000068
-0.000085
-0.000171
-0.000173
-0.000134
-0.000124
-0.000093
0.000002
0.000100
0.000095
0.000014
-0.000010
0.000078
0.000208
0.000309
0.000355
0.000330
0.000224
0.000079
-0.000021
-0.000034
-0.000013
-0.000015
-0.000020
-0.000021
-0.000056
-0.000096
-0.000089
-0.000052
-0.000015
0.000003
-0.000007
-0.000026
-0.000043
-0.000072
-0.000106
-0.000122
-0.000129
-0.000172
-0.000233
-0.000217
-0.000107
-0.000020
-0.000005
0.000037
0.000158
0.000273
0.000308
0.000286
0.000245
0.000192
0.000149
0.000125
0.000064
-0.000056
-0.000166
-0.000217
-0.000211
-0.000169
-0.000121
-0.000100
-0.000135
-0.000225
-0.000319
-0.000333
-0.000234
-0.000092
0.000016
0.000072
0.000092
0.000125
0.000213
0.000318
0.000335
0.000218
0.000061
-0.000005
0.000032
0.000079
0.000106
0.000131
0.000106
0.000024
-0.000008
0.000067
0.000157
0.000134
-0.000004
-0.000092
-0.000044
0.000007
-0.000026
-0.000070
-0.000129
-0.000263
-0.000381
-0.000345
-0.000211
-0.000136
-0.000124
-0.000092
-0.000043
0.000006
0.000058
0.000080
0.000082
0.000158
0.000305
0.000356
0.000256
0.000133
0.000065
0.000008
-0.000067
-0.000107
-0.000057
0.000017
-0.000010
-0.000130
-0.000231
-0.000234
-0.000113
0.000081
0.000196
0.000131
0.000007
0.000019
0.000158
0.000213
0.000105
-0.000016
-0.000073
-0.000130
-0.000161
-0.000095
-0.000013
-0.000016
-0.000046
-0.000016
0.000049
0.000089
0.000112
0.000143
0.000136
0.000039
-0.000115
-0.000207
-0.000172
-0.000077
-0.000015
-0.000010
-0.000043
-0.000078
-0.000096
-0.000116
-0.000106
-0.000008
0.000125
0.000147
0.000023
-0.000107
-0.000054
0.000204
0.000455
0.000488
0.000328
0.000141
0.000036
0.000005
-0.000013
-0.000054
-0.000128
-0.000210
-0.000253
-0.000224
-0.000169
-0.000167
-0.000197
-0.000183
-0.000145
-0.000149
-0.000187
-0.000189
-0.000117
-0.000022
0.000028
0.000034
0.000039
0.000100
0.000242
0.000358
0.000308
0.000132
0.000024
0.000068
0.000134
0.000132
0.000120
0.000103
0.000019
-0.000086
-0.000132
-0.000155
-0.000222
-0.000278
-0.000210
-0.000048
0.000076
0.000106
0.000080
0.000052
0.000045
0.000049
0.000053
0.000072
0.000115
0.000171
0.000204
0.000178
0.000105
0.000046
0.000014
-0.000052
-0.000159
-0.000211
-0.000166
-0.000095
-0.000054
-0.000051
-0.000099
-0.000169
-0.000173
-0.000072
0.000056
0.000102
0.000068
0.000043
0.000062
0.000057
-0.000014
-0.000092
-0.000109
-0.000074
-0.000025
0.000024
0.000066
0.000075
0.000030
-0.000028
-0.000010
0.000078
0.000112
0.000036
-0.000044
-0.000021
0.000048
0.000053
-0.000005
-0.000034
-0.000000
0.000031
0.000032
0.000052
0.000103
0.000099
0.000002
-0.000078
-0.000055
-0.000014
-0.000047
-0.000084
-0.000034
0.000056
0.000082
0.000021
-0.000063
-0.000095
-0.000060
-0.000013
0.000010
0.000026
0.000051
0.000073
0.000043
-0.000046
-0.000113
-0.000127
-0.000116
-0.000073
-0.000029
-0.000038
-0.000056
-0.000038
-0.000019
-0.000010
0.000062
0.000202
0.000302
0.000275
0.000140
-0.000007
-0.000071
-0.000053
-0.000029
-0.000033
-0.000058
-0.000081
-0.000061
-0.000015
-0.000028
-0.000094
-0.000114
-0.000052
0.000041
0.000101
0.000129
0.000162
0.000194
0.000188
0.000125
-0.000037
-0.000277
-0.000423
-0.000371
-0.000246
-0.000175
-0.000130
-0.000061
-0.000009
0.000014
0.000070
0.000170
0.000247
0.000273
0.000275
0.000268
0.000232
0.000150
0.000092
0.000140
0.000221
0.000172
-0.000008
-0.000163
-0.000206
-0.000182
-0.000151
-0.000138
-0.000135
-0.000108
-0.000044
0.000012
0.000023
0.000007
-0.000038
-0.000142
-0.000252
-0.000256
-0.000146
-0.000021
0.000037
0.000020
-0.000037
-0.000066
-0.000012
0.000105
0.000180
0.000157
0.000096
0.000076
0.000086
0.000080
0.000074
0.000087
0.000069
0.000012
-0.000028
-0.000048
-0.000082
-0.000099
-0.000057
0.000009
0.000037
0.000030
0.000019
-0.000021
-0.000104
-0.000172
-0.000188
-0.000159
-0.000088
0.000046
0.000213
0.000304
0.000249
0.000112
-0.000021
-0.000113
-0.000137
-0.000085
0.000003
0.000065
0.000082
0.000059
-0.000025
-0.000139
-0.000154
-0.000004
0.000182
0.000235
0.000133
-0.000024
-0.000136
-0.000150
-0.000078
-0.000019
-0.000070
-0.000164
-0.000132
0.000031
0.000145
0.000109
0.000019
-0.000023
-0.000016
0.000015
0.000063
0.000094
0.000070
0.000017
-0.000026
-0.000055
-0.000040
0.000013
0.000019
-0.000043
-0.000082
-0.000043
0.000034
0.000090
0.000083
0.000018
-0.000022
0.000012
0.000035
-0.000020
-0.000073
-0.000038
0.000058
0.000109
0.000052
-0.000075
-0.000182
-0.000195
-0.000105
0.000017
0.000100
0.000136
0.000132
0.000061
-0.000047
-0.000085
-0.000017
0.000067
0.000082
0.000056
0.000039
0.000013
-0.000017
-0.000025
-0.000036
-0.000044
0.000004
0.000069
0.000049
-0.000059
-0.000144
-0.000113
0.000001
0.000053
0.000009
0.000029
0.000172
0.000278
0.000240
0.000122
-0.000002
-0.000112
-0.000189
-0.000211
-0.000166
-0.000073
-0.000014
-0.000064
-0.000168
-0.000197
-0.000120
-0.000042
-0.000017
0.000022
0.000087
0.000105
0.000072
0.000046
0.000034
0.000008
0.000000
0.000036
0.000044
-0.000027
-0.000101
-0.000099
-0.000047
-0.000007
0.000018
0.000040
0.000052
0.000090
0.000191
0.000280
0.000236
0.000063
-0.000119
-0.000224
-0.000247
-0.000208
-0.000144
-0.000108
-0.000099
-0.000083
-0.000059
-0.000026
0.000044
0.000117
0.000118
0.000099
0.000173
0.000276
0.000250
0.000128
0.000080
0.000122
0.000124
0.000067
0.000026
-0.000015
-0.000097
-0.000139
-0.000092
-0.000050
-0.000063
-0.000069
-0.000067
-0.000075
-0.000043
0.000011
-0.000005
-0.000083
-0.000114
-0.000069
-0.000038
-0.000065
-0.000098
-0.000080
-0.000012
0.000043
0.000013
-0.000081
-0.000131
-0.000076
0.000014
0.000066
0.000096
0.000119
0.000120
0.000115
0.000120
0.000087
-0.000004
-0.000060
-0.000001
0.000119
0.000176
0.000134
0.000099
0.000118
0.000088
-0.000010
-0.000082
-0.000123
-0.000188
-0.000246
-0.000207
-0.000072
0.000024
-0.000008
-0.000070
-0.000039
0.000047
0.000083
0.000061
0.000050
0.000080
0.000098
0.000078
0.000071
0.000084
0.000059
-0.000015
-0.000099
-0.000194
-0.000292
-0.000328
-0.000270
-0.000170
-0.000078
-0.000010
0.000024
0.000074
0.000187
0.000264
0.000221
0.000161
0.000185
0.000208
0.000135
0.000019
-0.000030
0.000019
0.000105
0.000129
0.000074
0.000007
-0.000047
-0.000123
-0.000192
-0.000199
-0.000154
-0.000082
-0.000026
-0.000076
-0.000214
-0.000285
-0.000245
-0.000211
-0.000202
-0.000128
-0.000019
0.000036
0.000096
0.000224
0.000323
0.000315
0.000287
0.000308
0.000302
0.000233
0.000209
0.000254
0.000224
0.000063
-0.000083
-0.000102
-0.000080
-0.000121
-0.000190
-0.000224
-0.000237
-0.000261
-0.000275
-0.000205
-0.000030
0.000107
0.000052
-0.000113
-0.000185
-0.000142
-0.000115
-0.000118
-0.000056
0.000064
0.000164
0.000208
0.000190
0.000157
0.000180
0.000221
0.000195
0.000128
0.000087
0.000043
-0.000043
-0.000117
-0.000123
-0.000095
-0.000077
-0.000063
-0.000066
-0.000122
-0.000183
-0.000139
-0.000015
0.000048
0.000029
0.000034
0.000092
0.000104
0.000007
-0.000108
-0.000138
-0.000110
-0.000071
-0.000001
0.000077
0.000120
0.000145
0.000138
0.000053
-0.000058
-0.000101
-0.000056
0.000034
0.000128
0.000199
0.000208
0.000104
-0.000098
-0.000284
-0.000335
-0.000225
-0.000017
0.000144
0.000141
0.000052
0.000034
0.000082
0.000105
0.000087
0.000048
-0.000005
-0.000037
-0.000021
0.000015
0.000042
0.000034
-0.000058
-0.000206
-0.000267
-0.000188
-0.000067
0.000021
0.000076
0.000087
0.000054
0.000004
-0.000076
-0.000149
-0.000071
0.000153
0.000274
0.000184
0.000042
-0.000014
-0.000001
0.000025
0.000033
-0.000004
-0.000075
-0.000119
-0.000102
-0.000060
-0.000052
-0.000055
0.000020
0.000147
0.000206
0.000191
0.000187
0.000184
0.000115
-0.000001
-0.000085
-0.000100
-0.000081
-0.000075
-0.000094
-0.000115
-0.000123
-0.000132
-0.000132
-0.000091
-0.000041
-0.000029
-0.000030
-0.000018
