6400
-0.000083
-0.000103
-0.000116
-0.000115
-0.000087
-0.000054
0.000005
0.000037
0.000030
0.000015
-0.000011
-0.000031
-0.000019
0.000007
-0.000021
-0.000021
0.000094
0.000150
0.000128
0.000201
0.000345
0.000400
0.000363
0.000375
0.000403
0.000357
0.000278
0.000194
0.000099
0.000044
0.000088
0.000143
0.000104
0.000041
0.000028
0.000071
0.000098
0.000029
-0.000026
0.000011
0.000048
0.000020
-0.000039
-0.000095
-0.000149
-0.000162
-0.000137
-0.000151
-0.000217
-0.000286
-0.000301
-0.000284
-0.000293
-0.000303
-0.000263
-0.000193
-0.000181
-0.000277
-0.000391
-0.000390
-0.000304
-0.000229
-0.000164
-0.000099
-0.000073
-0.000084
-0.000138
-0.000264
-0.000385
-0.000372
-0.000221
-0.000054
0.000045
0.000083
0.000048
-0.000044
-0.000127
-0.000157
-0.000089
0.000035
0.000064
-0.000003
-0.000027
0.000001
0.000021
0.000010
-0.000052
-0.000111
-0.000127
-0.000114
-0.000052
0.000019
0.000043
0.000051
0.000083
0.000080
-0.000065
-0.000255
-0.000315
-0.000271
-0.000207
-0.000166
-0.000185
-0.000245
-0.000266
-0.000214
-0.000148
-0.000075
0.000026
0.000095
0.000141
0.000179
0.000145
0.000062
0.000069
0.000149
0.000173
0.000164
0.000170
0.000160
0.000119
0.000067
-0.000022
-0.000104
-0.000104
-0.000060
-0.000020
-0.000019
-0.000058
-0.000067
-0.000024
0.000010
0.000010
0.000022
0.000066
0.000076
0.000042
0.000044
0.000041
0.000008
0.000002
0.000006
-0.000009
-0.000075
-0.000160
-0.000146
-0.000083
-0.000072
-0.000033
0.000068
0.000152
0.000121
-0.000019
-0.000146
-0.000170
-0.000119
-0.000070
-0.000029
-0.000013
-0.000052
-0.000074
-0.000025
0.000048
0.000069
0.000006
-0.000072
-0.000092
-0.000049
-0.000004
-0.000031
-0.000074
-0.000077
-0.000119
-0.000179
-0.000168
-0.000038
0.000157
0.000197
0.000071
-0.000042
-0.000158
-0.000321
-0.000369
-0.000264
-0.000226
-0.000295
-0.000314
-0.000287
-0.000316
-0.000346
-0.000292
-0.000184
-0.000146
-0.000202
-0.000234
-0.000184
-0.000082
-0.000009
0.000039
0.000106
0.000151
0.000207
0.000290
0.000318
0.000277
0.000191
0.000118
0.000089
0.000088
0.000158
0.000273
0.000347
0.000359
0.000316
0.000237
0.000187
0.000180
0.000173
0.000182
0.000182
0.000214
0.000306
0.000319
0.000222
0.000118
0.000089
0.000118
0.000127
0.000116
0.000096
0.000050
0.000040
0.000107
0.000161
0.000143
0.000109
0.000097
0.000096
0.000125
0.000129
0.000037
-0.000077
-0.000123
-0.000082
0.000009
0.000025
0.000002
0.000044
0.000075
0.000053
0.000036
0.000061
0.000067
0.000051
0.000052
0.000034
0.000007
0.000032
0.000087
0.000089
0.000060
0.000063
0.000123
0.000208
0.000269
0.000252
0.000156
0.000082
0.000018
-0.000063
-0.000045
0.000080
0.000159
0.000164
0.000166
0.000181
0.000179
0.000143
0.000109
0.000098
0.000104
0.000071
-0.000000
-0.000044
-0.000065
-0.000102
-0.000131
-0.000114
-0.000092
-0.000086
-0.000044
0.000033
0.000058
0.000061
0.000097
0.000069
0.000054
0.000117
0.000102
-0.000010
-0.000092
-0.000085
-0.000062
-0.000057
-0.000019
0.000024
0.000044
0.000009
-0.000056
-0.000053
0.000009
0.000057
0.000064
0.000035
-0.000000
-0.000020
-0.000076
-0.000150
-0.000166
-0.000138
-0.000094
-0.000048
-0.000014
-0.000040
-0.000129
-0.000201
-0.000197
-0.000120
-0.000054
-0.000003
0.000029
0.000001
-0.000038
-0.000034
-0.000008
-0.000045
-0.000103
-0.000061
0.000135
0.000378
0.000493
0.000518
0.000569
0.000579
0.000471
0.000325
0.000245
0.000241
0.000210
0.000124
0.000087
0.000115
0.000087
-0.000058
-0.000191
-0.000151
-0.000008
0.000039
-0.000024
-0.000081
-0.000071
-0.000009
0.000025
0.000036
0.000060
0.000030
-0.000024
-0.000043
-0.000075
-0.000119
-0.000181
-0.000271
-0.000312
-0.000339
-0.000395
-0.000410
-0.000365
-0.000277
-0.000204
-0.000179
-0.000155
-0.000143
-0.000216
-0.000313
-0.000294
-0.000197
-0.000147
-0.000117
-0.000054
-0.000039
-0.000097
-0.000136
-0.000136
-0.000151
-0.000171
-0.000170
-0.000142
-0.000080
-0.000015
0.000007
0.000010
0.000002
-0.000038
-0.000032
0.000058
0.000119
0.000074
-0.000021
-0.000050
-0.000009
0.000005
0.000021
0.000095
0.000146
0.000121
0.000040
-0.000145
-0.000340
-0.000358
-0.000304
-0.000264
-0.000172
-0.000079
-0.000007
0.000095
0.000132
0.000038
-0.000032
0.000017
0.000042
-0.000017
-0.000016
0.000030
0.000058
0.000102
0.000100
0.000070
0.000079
0.000056
0.000017
0.000035
0.000034
-0.000009
-0.000043
-0.000058
-0.000029
0.000032
0.000051
-0.000021
-0.000121
-0.000157
-0.000184
-0.000302
-0.000382
-0.000310
-0.000237
-0.000191
-0.000057
0.000040
0.000040
0.000069
0.000116
0.000093
0.000030
0.000003
-0.000034
-0.000112
-0.000205
-0.000246
-0.000190
-0.000152
-0.000143
-0.000102
-0.000078
-0.000065
-0.000007
0.000044
0.000036
-0.000000
-0.000048
-0.000050
0.000016
0.000080
0.000126
0.000132
0.000129
0.000134
0.000062
-0.000057
-0.000122
-0.000105
-0.000030
0.000042
0.000054
0.000068
0.000131
0.000069
-0.000136
-0.000264
-0.000314
-0.000340
-0.000269
-0.000131
-0.000059
-0.000081
-0.000122
-0.000133
-0.000135
-0.000171
-0.000211
-0.000211
-0.000225
-0.000270
-0.000243
-0.000131
-0.000029
0.000017
0.000075
0.000178
0.000215
0.000180
0.000163
0.000158
0.000116
0.000059
0.000039
0.000059
0.000091
0.000105
0.000136
0.000216
0.000263
0.000236
0.000210
0.000230
0.000262
0.000253
0.000235
0.000261
0.000297
0.000289
0.000249
0.000233
0.000255
0.000261
0.000193
0.000092
0.000027
0.000003
0.000041
0.000141
0.000206
0.000222
0.000233
0.000201
0.000150
0.000131
0.000083
-0.000011
-0.000058
-0.000020
0.000077
0.000139
0.000135
0.000123
0.000106
0.000089
0.000066
-0.000006
-0.000050
0.000011
0.000086
0.000071
-0.000009
-0.000045
-0.000039
-0.000115
-0.000199
-0.000138
-0.000016
0.000094
0.000175
0.000161
0.000100
0.000084
0.000103
0.000116
0.000107
0.000078
0.000055
0.000054
0.000016
-0.000102
-0.000181
-0.000156
-0.000131
-0.000132
-0.000123
-0.000090
-0.000017
0.000025
0.000015
0.000028
0.000049
0.000038
0.000000
-0.000091
-0.000208
-0.000309
-0.000357
-0.000323
-0.000310
-0.000435
-0.000566
-0.000759
-0.002269
-0.004578
-0.004490
-0.001710
0.001288
0.004038
0.007041
0.008607
0.007662
0.005761
0.003464
0.000109
-0.003131
-0.004481
-0.004223
-0.003008
-0.000789
0.001368
0.002245
0.002024
0.000875
-0.001511
-0.004159
-0.005472
-0.005288
-0.003906
-0.001514
0.001096
0.002874
0.003438
0.003162
0.002114
0.000381
-0.001314
-0.002240
-0.002202
-0.001332
-0.000043
0.001264
0.002515
0.003216
0.002785
0.001633
0.000605
-0.000404
-0.001288
-0.001049
-0.000095
0.000512
0.000852
0.000976
0.000662
0.000221
-0.000391
-0.001208
-0.001589
-0.001146
-0.000397
0.000031
0.000276
-0.001263
-0.003336
-0.002261
-0.000230
0.000168
0.000741
0.002139
0.002193
0.001309
0.001198
0.000731
-0.000547
-0.001137
-0.000737
-0.000412
-0.000177
0.000820
0.001631
0.000918
-0.000316
-0.000700
-0.001047
-0.001851
-0.001603
-0.000542
-0.000287
-0.000164
0.000805
0.001149
-0.000130
-0.001212
-0.000941
-0.000779
-0.000961
-0.000207
0.000715
0.000698
0.000427
0.000283
-0.000217
-0.000920
-0.001128
-0.000787
-0.000328
0.000253
0.000889
0.000833
0.000172
0.000035
0.000070
-0.000720
-0.001010
0.000030
0.000379
-0.000174
0.000525
0.001716
0.001100
-0.000221
-0.000160
-0.000139
-0.001599
-0.002265
-0.000926
0.000114
0.000069
0.000437
0.001022
0.000635
-0.000171
-0.000399
-0.000390
-0.000535
-0.000414
0.000018
0.000238
0.000281
0.000252
-0.000019
-0.000427
-0.000479
-0.000013
0.000309
0.000186
0.000150
0.000454
0.000638
-0.000134
-0.003357
-0.006356
-0.004669
-0.001470
0.000125
0.003133
0.007063
0.006737
0.003524
0.002924
0.003075
-0.000600
-0.004820
-0.003968
-0.000531
0.002039
0.004282
0.004934
0.002988
-0.000017
-0.003437
-0.006409
-0.006323
-0.003838
-0.002246
-0.000935
0.002097
0.004121
0.002612
-0.000190
-0.003854
-0.007655
-0.007419
-0.004108
-0.000887
0.003477
0.008631
0.009725
0.006470
0.004480
0.003327
-0.000764
-0.004449
-0.003441
-0.000269
0.001774
0.003349
0.004506
0.003892
0.001406
-0.002274
-0.005792
-0.007076
-0.006181
-0.005100
-0.003637
-0.001192
0.000682
0.000616
-0.000602
-0.001195
-0.000996
-0.000829
-0.000525
0.000766
0.002786
0.004127
0.004152
0.003622
0.003128
0.002233
0.000707
-0.000747
-0.001104
-0.000197
0.000612
0.000219
-0.000523
-0.000825
-0.001441
-0.002624
-0.003154
-0.002321
-0.001203
-0.000860
-0.000632
0.000209
0.001052
0.001042
0.000410
0.000115
0.000138
-0.000083
-0.000007
0.000820
0.001684
0.001952
0.001774
0.001510
0.001169
0.000771
0.000422
0.000055
-0.000090
0.000149
0.000205
-0.000137
-0.000208
0.000027
-0.000192
-0.000750
-0.000893
-0.000738
-0.000785
-0.000829
-0.000460
0.000120
0.000395
0.000391
0.000448
0.000529
0.000464
0.000256
0.000081
0.000107
0.000307
0.000401
0.000299
0.000443
0.000894
0.001028
0.000537
-0.000109
-0.000453
-0.000661
-0.000760
-0.000391
0.000218
0.000547
0.000719
0.000855
0.000768
0.000720
0.000660
0.000155
-0.000277
-0.000116
0.000093
-0.000058
-0.000150
-0.000024
-0.000122
-0.000359
-0.000411
-0.000513
-0.000701
-0.000573
-0.000215
-0.000051
0.000059
0.000248
0.000130
-0.000213
-0.000296
-0.000330
-0.000591
-0.000719
-0.000695
-0.000847
-0.000922
-0.000713
-0.000633
-0.000735
-0.000734
-0.000770
-0.000924
-0.000933
-0.000727
-0.000510
-0.000318
-0.000062
0.000203
0.000376
0.000366
0.000214
0.000119
0.000213
0.000396
0.000580
0.000791
0.001012
0.001295
0.001542
0.001512
0.001241
0.000899
0.000578
0.000348
0.000275
0.000298
0.000322
0.000315
0.000248
0.000126
-0.000076
-0.000304
-0.000429
-0.000413
-0.000267
-0.000068
0.000140
0.000347
0.000624
0.001007
0.001273
0.001373
0.001424
0.001384
0.001384
0.001669
0.002155
0.002497
0.002428
0.001900
0.001064
0.000244
-0.000218
-0.000245
0.000032
0.000408
0.000630
0.000659
0.000633
0.000533
0.000275
-0.000149
-0.000655
-0.001059
-0.001200
-0.001157
-0.001105
-0.000990
-0.000794
-0.001243
-0.003511
-0.007821
-0.012742
-0.015513
-0.014196
-0.009701
-0.004660
-0.000694
0.001948
0.002579
0.001288
0.000230
0.001078
0.003116
0.005035
0.006854
0.008811
0.010601
0.011855
0.012152
0.011099
0.008686
0.005160
0.001078
-0.002176
-0.003248
-0.002284
-0.001009
-0.000872
-0.002036
-0.004298
-0.007191
-0.009755
-0.010853
-0.010187
-0.008595
-0.006952
-0.005418
-0.003592
-0.001333
0.000833
0.002239
0.002770
0.002811
0.002819
0.003210
0.004419
0.006444
0.008245
0.008557
0.007128
0.004608
0.001640
-0.001474
-0.004317
-0.006119
-0.006261
-0.004789
-0.002413
-0.000181
0.001034
0.001140
0.000446
-0.000916
-0.002279
-0.002609
-0.001776
-0.000502
0.000888
0.002408
0.003342
0.003152
0.002324
0.001170
-0.000177
-0.001044
-0.001207
-0.000926
0.000154
0.002146
0.003805
0.004116
0.003439
0.002126
0.000353
-0.000932
-0.001001
-0.000227
0.000881
0.001918
0.002281
0.001995
0.001687
0.001327
0.000624
0.000121
0.000274
0.000668
0.001064
0.001820
0.002822
0.003326
0.003158
0.002387
0.000571
-0.002153
-0.005463
-0.010832
-0.019174
-0.025549
-0.023371
-0.014925
-0.007954
-0.003766
0.000729
0.003400
0.001428
-0.000827
0.001119
0.005159
0.008283
0.011002
0.013990
0.017022
0.019879
0.020676
0.017722
0.012718
0.007555
0.001240
-0.005464
-0.008256
-0.006190
-0.003785
-0.004106
-0.005890
-0.008088
-0.011242
-0.014576
-0.015946
-0.014708
-0.012198
-0.009513
-0.006685
-0.003182
0.001322
0.005754
0.007918
0.007539
0.006926
0.007156
0.007289
0.007656
0.009458
0.011181
0.010272
0.007164
0.003421
-0.000926
-0.005258
-0.007847
-0.008521
-0.007935
-0.006035
-0.003577
-0.002019
-0.001164
-0.000277
-0.000343
-0.001662
-0.002301
-0.001351
0.000051
0.001466
0.003274
0.004823
0.005237
0.004644
0.003481
0.002132
0.001079
0.000353
-0.000230
-0.000183
0.000934
0.002447
0.003323
0.003353
0.002588
0.000994
-0.000790
-0.001817
-0.001805
-0.001077
-0.000050
0.000827
0.001370
0.001694
0.001857
0.001974
0.002177
0.002308
0.002205
0.002163
0.002512
0.003046
0.003443
0.003672
0.003632
0.003071
0.001660
-0.001445
-0.007743
-0.018019
-0.028987
-0.033149
-0.027212
-0.017038
-0.008856
-0.002080
0.004056
0.006097
0.004342
0.004102
0.006837
0.009501
0.011322
0.014066
0.018064
0.022619
0.025956
0.025218
0.020064
0.012668
0.003849
-0.005939
-0.013134
-0.014492
-0.012120
-0.010370
-0.010383
-0.010877
-0.011648
-0.013344
-0.015153
-0.015311
-0.013697
-0.011339
-0.008070
-0.002919
0.004027
0.011119
0.015916
0.016772
0.014876
0.012820
0.011085
0.009144
0.007802
0.007255
0.005911
0.003287
0.000882
-0.001078
-0.004349
-0.009517
-0.014558
-0.016837
-0.015900
-0.012973
-0.008633
-0.003293
0.001445
0.004098
0.004945
0.004995
0.005049
0.005382
0.005242
0.004608
0.004925
0.005939
0.005731
0.004572
0.003915
0.002854
0.000330
-0.002077
-0.003006
-0.002796
-0.001731
-0.000393
0.000205
0.000286
0.000390
-0.000280
-0.001538
-0.001617
-0.000732
-0.000402
-0.000003
0.001551
0.003398
0.004518
0.005048
0.005123
0.004708
0.004124
0.003588
0.003304
0.003776
0.004647
0.004539
0.003131
0.001691
0.000590
-0.001450
-0.005611
-0.013270
-0.025403
-0.037411
-0.039642
-0.030107
-0.017815
-0.008524
0.000179
0.007795
0.009957
0.008895
0.010192
0.013323
0.015072
0.015982
0.018073
0.021613
0.025915
0.028360
0.025717
0.018314
0.008665
-0.002512
-0.014102
-0.021598
-0.022330
-0.019605
-0.017759
-0.016839
-0.015115
-0.013380
-0.012999
-0.012895
-0.011594
-0.009456
-0.006684
-0.002209
0.004521
0.012721
0.020318
0.024167
0.022868
0.019210
0.015944
0.012220
0.007723
0.004492
0.002150
-0.001798
-0.006215
-0.008261
-0.008936
-0.010783
-0.014179
-0.018602
-0.022440
-0.022325
-0.017259
-0.010185
-0.002854
0.005000
0.011359
0.014257
0.015397
0.016240
0.015412
0.012573
0.009479
0.006982
0.005191
0.004271
0.003199
0.000948
-0.001639
-0.004027
-0.006853
-0.009098
-0.009042
-0.007479
-0.005832
-0.003837
-0.001599
-0.000130
0.000645
0.001309
0.001550
0.001360
0.001410
0.001796
0.002627
0.004468
0.006812
0.008305
0.008680
0.008345
0.007204
0.005549
0.004264
0.003375
0.002145
0.000624
-0.000530
-0.001210
-0.001522
-0.001858
-0.003473
-0.007759
-0.016117
-0.029068
-0.041449
-0.043232
-0.032543
-0.018740
-0.007599
0.003589
0.014213
0.019008
0.019286
0.020142
0.021322
0.020469
0.018689
0.018539
0.020915
0.024890
0.026798
0.023268
0.015231
0.004767
-0.007842
-0.020950
-0.029734
-0.031492
-0.029047
-0.026132
-0.022575
-0.016853
-0.010704
-0.006790
-0.004765
-0.003139
-0.001700
0.000270
0.004361
0.010823
0.018553
0.025480
0.028457
0.026320
0.021930
0.017287
0.010918
0.002825
-0.004451
-0.010154
-0.014826
-0.017244
-0.016614
-0.014748
-0.013640
-0.014791
-0.018428
-0.020802
-0.017949
-0.011094
-0.003558
0.004465
0.013081
0.019911
0.023698
0.024959
0.023708
0.019786
0.013742
0.006604
0.000338
-0.003054
-0.004214
-0.005051
-0.005649
-0.005828
-0.006690
-0.008406
-0.009523
-0.009217
-0.007898
-0.005948
-0.003686
-0.001176
0.001863
0.004737
0.006256
0.006424
0.006069
0.005365
0.004289
0.003976
0.005361
0.007458
0.008588
0.008450
0.007916
0.007074
0.005488
0.003421
0.001171
-0.001278
-0.003604
-0.005211
-0.005645
-0.005134
-0.004960
-0.006723
-0.012245
-0.023354
-0.037299
-0.043886
-0.036880
-0.023089
-0.010403
0.002060
0.015114
0.023512
0.025856
0.026715
0.027070
0.024758
0.020366
0.016856
0.016180
0.018459
0.021004
0.019608
0.013412
0.004193
-0.007192
-0.019985
-0.030585
-0.034975
-0.033805
-0.030541
-0.025928
-0.018305
-0.008770
-0.000901
0.004018
0.006867
0.007916
0.008054
0.009368
0.012672
0.017575
0.022878
0.025712
0.024007
0.019749
0.015366
0.009277
0.000253
-0.009190
-0.017177
-0.023519
-0.026301
-0.024193
-0.019726
-0.015637
-0.012632
-0.011948
-0.012688
-0.010405
-0.004131
0.002530
0.008539
0.015404
0.021696
0.025515
0.027156
0.025857
0.020750
0.013273
0.004652
-0.004242
-0.010369
-0.012198
-0.012318
-0.012199
-0.010880
-0.009150
-0.008246
-0.007233
-0.005617
-0.004215
-0.002845
-0.000977
0.000982
0.003420
0.006764
0.009260
0.009578
0.008764
0.007625
0.005977
0.004717
0.004986
0.006105
0.006710
0.006410
0.005678
0.005025
0.004270
0.002699
-0.000014
-0.003128
-0.005491
-0.006750
-0.007108
-0.006895
-0.006609
-0.007211
-0.011193
-0.021139
-0.034556
-0.041591
-0.035743
-0.022860
-0.010438
0.002059
0.015675
0.025258
0.028373
0.029223
0.029348
0.026416
0.020373
0.014556
0.011918
0.012773
0.014437
0.013234
0.008435
0.001100
-0.008610
-0.020063
-0.029859
-0.034255
-0.033547
-0.030517
-0.025555
-0.016910
-0.005691
0.004187
0.010705
0.014242
0.015239
0.014615
0.014111
0.014626
0.016370
0.018807
0.019703
0.017425
0.013705
0.010297
0.005089
-0.003536
-0.012869
-0.020042
-0.025666
-0.029916
-0.029438
-0.023228
-0.015784
-0.010682
-0.006528
-0.002297
0.000476
0.002966
0.007399
0.012625
0.017187
0.021344
0.024117
0.024437
0.023175
0.019328
0.011275
0.001731
-0.006210
-0.013025
-0.017926
-0.018562
-0.016317
-0.013657
-0.010254
-0.006605
-0.004273
-0.002340
-0.000265
0.000455
0.000542
0.002235
0.004787
0.006560
0.008191
0.009720
0.009777
0.008370
0.006524
0.004934
0.004228
0.004352
0.004359
0.004037
0.004021
0.003771
0.002393
0.000650
-0.000916
-0.003304
-0.006296
-0.007759
-0.007186
-0.006024
-0.004825
-0.003422
-0.003390
-0.008421
-0.020506
-0.034310
-0.038710
-0.030306
-0.017557
-0.006024
0.006875
0.020228
0.027814
0.029369
0.029361
0.027843
0.022555
0.014583
0.008000
0.006007
0.008160
0.010422
0.009521
0.005627
-0.000821
-0.010186
-0.021010
-0.029185
-0.031885
-0.030659
-0.027762
-0.021820
-0.011002
0.001748
0.011636
0.017171
0.019160
0.018293
0.015807
0.013458
0.012138
0.012083
0.012496
0.011532
0.009108
0.007237
0.005451
0.000438
-0.008025
-0.016264
-0.022033
-0.026388
-0.028804
-0.025727
-0.017557
-0.009404
-0.003388
0.002504
0.007760
0.009925
0.010349
0.011309
0.012785
0.014762
0.016998
0.018199
0.018362
0.017587
0.013590
0.005923
-0.002124
-0.008961
-0.015144
-0.019129
-0.019363
-0.017027
-0.013131
-0.007951
-0.003084
0.000458
0.003252
0.004752
0.004283
0.003588
0.004194
0.005229
0.006009
0.007068
0.008177
0.008457
0.007775
0.006475
0.005134
0.004290
0.003611
0.002554
0.001539
0.001018
0.000388
-0.000627
-0.001296
-0.001664
-0.002520
-0.003645
-0.004190
-0.003861
-0.003015
-0.002480
-0.002700
-0.003832
-0.008372
-0.019726
-0.033570
-0.038041
-0.029731
-0.017503
-0.006609
0.005761
0.018620
0.025964
0.027707
0.028105
0.026986
0.022054
0.014413
0.007924
0.005596
0.007251
0.009345
0.008358
0.004062
-0.002201
-0.010204
-0.019368
-0.026443
-0.028914
-0.028272
-0.026141
-0.020479
-0.009620
0.003129
0.013217
0.019037
0.020804
0.019552
0.017168
0.014706
0.012014
0.009807
0.008567
0.006880
0.004525
0.003431
0.002797
-0.001225
-0.008955
-0.016401
-0.021296
-0.024607
-0.026029
-0.022977
-0.015822
-0.008276
-0.001762
0.005018
0.011523
0.014744
0.013870
0.011834
0.011458
0.012618
0.013498
0.013677
0.013850
0.013067
0.009556
0.003678
-0.002537
-0.008239
-0.013796
-0.018338
-0.019830
-0.017725
-0.013318
-0.007794
-0.002093
0.002514
0.005486
0.007061
0.007083
0.005845
0.004809
0.004537
0.004331
0.004530
0.005899
0.007450
0.007525
0.006211
0.004977
0.004324
0.003457
0.002103
0.000968
0.000258
-0.000586
-0.001498
-0.001644
-0.001201
-0.001444
-0.002457
-0.003036
-0.002647
-0.001670
-0.000644
-0.000123
-0.000256
-0.002029
-0.009243
-0.023829
-0.037682
-0.039008
-0.029028
-0.017739
-0.006802
0.007133
0.019952
0.025975
0.027863
0.028960
0.026970
0.020248
0.011751
0.005956
0.005076
0.007570
0.009191
0.007324
0.002874
-0.003003
-0.010751
-0.019551
-0.026113
-0.028893
-0.029399
-0.027369
-0.019609
-0.006375
0.006874
0.016102
0.021097
0.022545
0.021387
0.018899
0.015218
0.010481
0.006507
0.004011
0.001868
0.000621
0.001385
0.001348
-0.003228
-0.010720
-0.016759
-0.020606
-0.023933
-0.025037
-0.021078
-0.013886
-0.006572
0.001213
0.009993
0.016703
0.018445
0.016354
0.013462
0.011895
0.011379
0.010230
0.008690
0.007980
0.006824
0.003657
-0.000374
-0.004225
-0.008940
-0.014279
-0.017649
-0.017640
-0.014796
-0.009884
-0.004083
0.001077
0.005095
0.008005
0.009202
0.008383
0.006409
0.004196
0.002180
0.001083
0.001498
0.003113
0.004932
0.005928
0.005993
0.005948
0.005952
0.005081
0.003077
0.000817
-0.001195
-0.002896
-0.003673
-0.003025
-0.001788
-0.001135
-0.000801
-0.000100
0.000651
0.001076
0.001122
0.000502
-0.000828
-0.003882
-0.012482
-0.027541
-0.039413
-0.037905
-0.027117
-0.016121
-0.004603
0.009673
0.021199
0.025997
0.028071
0.029368
0.026691
0.019301
0.011029
0.006111
0.005766
0.007592
0.007811
0.005012
0.000370
-0.005416
-0.012889
-0.020973
-0.026597
-0.028869
-0.028979
-0.025432
-0.015663
-0.002027
0.010233
0.018812
0.023635
0.024759
0.023251
0.020188
0.015099
0.008545
0.003115
-0.000355
-0.002908
-0.003806
-0.002580
-0.002662
-0.006971
-0.012963
-0.017159
-0.020145
-0.022254
-0.021021
-0.016122
-0.009730
-0.002011
0.007419
0.016031
0.021188
0.022243
0.019794
0.016180
0.013370
0.010332
0.006275
0.003107
0.001358
-0.000677
-0.002933
-0.004480
-0.006522
-0.010090
-0.013642
-0.015163
-0.013948
-0.010444
-0.005819
-0.001077
0.003422
0.007294
0.009812
0.010575
0.009609
0.007034
0.003631
0.000928
-0.000198
-0.000025
0.001064
0.002575
0.003772
0.004741
0.005978
0.006764
0.005965
0.003767
0.000903
-0.002106
-0.004295
-0.004791
-0.003775
-0.002023
-0.000274
0.000999
0.001802
0.002373
0.002694
0.002316
0.000994
-0.000783
-0.003854
-0.012338
-0.027493
-0.039751
-0.038653
-0.028128
-0.017390
-0.006020
0.008381
0.020298
0.025821
0.028760
0.030742
0.028405
0.020857
0.012026
0.006414
0.005183
0.006030
0.005758
0.003189
-0.000885
-0.006021
-0.012551
-0.019520
-0.024694
-0.027386
-0.027910
-0.024406
-0.014836
-0.001598
0.010673
0.019785
0.025253
0.026975
0.025943
0.022717
0.016378
0.007891
0.000570
-0.004339
-0.007599
-0.008619
-0.007188
-0.006501
-0.009214
-0.013076
-0.015306
-0.016936
-0.018847
-0.018661
-0.014819
-0.008638
-0.000786
0.008736
0.017575
0.022624
0.023451
0.021555
0.018315
0.014368
0.009345
0.003304
-0.001784
-0.004415
-0.005834
-0.007112
-0.007525
-0.007695
-0.009202
-0.010862
-0.010627
-0.009160
-0.007411
-0.004643
-0.000732
0.003346
0.007089
0.010041
0.011303
0.010636
0.008369
0.004978
0.001657
-0.000515
-0.001647
-0.001798
-0.000592
0.001595
0.004124
0.006682
0.008266
0.007521
0.004585
0.000817
-0.002825
-0.005509
-0.006196
-0.004898
-0.002691
-0.000503
0.001389
0.003259
0.004989
0.005463
0.003890
0.001111
-0.001860
-0.007200
-0.019203
-0.035387
-0.043725
-0.037919
-0.026011
-0.014808
-0.001434
0.013834
0.024105
0.028370
0.031114
0.031667
0.026553
0.017172
0.008775
0.004728
0.004364
0.004949
0.004159
0.001474
-0.002520
-0.007730
-0.014386
-0.021208
-0.026028
-0.028273
-0.027684
-0.022092
-0.010722
0.002833
0.014595
0.023239
0.028195
0.029248
0.027200
0.022022
0.013300
0.003465
-0.004012
-0.008703
-0.011437
-0.011518
-0.009515
-0.008864
-0.010903
-0.012896
-0.013629
-0.015087
-0.017088
-0.016479
-0.012262
-0.005797
0.002659
0.012369
0.020516
0.024899
0.025097
0.022152
0.018038
0.013087
0.006073
-0.001627
-0.006722
-0.008988
-0.010084
-0.009876
-0.008423
-0.007536
-0.007824
-0.007788
-0.006641
-0.005360
-0.004419
-0.002918
-0.000293
0.003109
0.006522
0.009068
0.010120
0.009358
0.006897
0.003727
0.001046
-0.000966
-0.002433
-0.002559
-0.000838
0.001902
0.004895
0.007640
0.008745
0.007186
0.003956
0.000673
-0.002103
-0.004247
-0.005230
-0.004710
-0.003054
-0.000853
0.001596
0.003949
0.005469
0.005327
0.003343
0.000618
-0.003037
-0.012030
-0.028538
-0.043015
-0.043401
-0.032512
-0.020509
-0.007972
0.007786
0.021545
0.028814
0.032737
0.034831
0.031690
0.022417
0.011529
0.004187
0.001667
0.001882
0.002049
0.000768
-0.001772
-0.005272
-0.010282
-0.016578
-0.022223
-0.026039
-0.027727
-0.025124
-0.016232
-0.003394
0.009282
0.019957
0.027562
0.030917
0.030354
0.026437
0.018381
0.007182
-0.003006
-0.009705
-0.013811
-0.015451
-0.013891
-0.011332
-0.010755
-0.011162
-0.010312
-0.009588
-0.011121
-0.013138
-0.012334
-0.007925
-0.000848
0.007825
0.016426
0.022706
0.025008
0.023536
0.019937
0.015246
0.008827
0.000537
-0.006946
-0.010920
-0.011941
-0.011463
-0.009526
-0.006843
-0.005179
-0.004615
-0.003993
-0.003282
-0.002889
-0.002662
-0.002110
-0.000361
0.002756
0.006112
0.008538
0.009447
0.008435
0.005928
0.003232
0.000820
-0.001454
-0.002777
-0.002284
-0.000248
0.002731
0.005961
0.008227
0.008341
0.006201
0.003013
-0.000054
-0.002749
-0.004843
-0.005553
-0.004438
-0.002037
0.000873
0.003764
0.006044
0.006933
0.005811
0.003306
0.000616
-0.004831
-0.018485
-0.037290
-0.047391
-0.042266
-0.030461
-0.018570
-0.003688
0.013450
0.025925
0.032677
0.037114
0.037705
0.031241
0.019751
0.009025
0.002882
0.000987
0.000805
0.000126
-0.001444
-0.003472
-0.006627
-0.011801
-0.017967
-0.023288
-0.027078
-0.027990
-0.023237
-0.012742
-0.000030
0.012254
0.022966
0.030219
0.033010
0.032075
0.026847
0.016468
0.003992
-0.006073
-0.012896
-0.017352
-0.018447
-0.016211
-0.013691
-0.012302
-0.010342
-0.007833
-0.007380
-0.009468
-0.011257
-0.010217
-0.005919
0.000904
0.008886
0.016486
0.022203
0.024302
0.022718
0.019542
0.015025
0.007344
-0.002223
-0.009436
-0.013035
-0.014431
-0.013575
-0.010579
-0.007256
-0.004536
-0.002107
-0.000105
0.000962
0.000747
-0.000454
-0.001126
0.000020
0.002280
0.004527
0.006489
0.007493
0.006854
0.005314
0.003774
0.001782
-0.000679
-0.002027
-0.001449
0.000279
0.002694
0.005469
0.007249
0.007107
0.005581
0.003241
0.000338
-0.002538
-0.004813
-0.005866
-0.005015
-0.002594
0.000296
0.003078
0.005389
0.006467
0.005799
0.003779
0.000162
-0.008875
-0.026340
-0.043888
-0.048136
-0.039391
-0.027832
-0.015162
0.002001
0.018947
0.029924
0.036705
0.040539
0.038078
0.028234
0.015517
0.005439
0.000102
-0.001700
-0.002287
-0.002991
-0.003728
-0.004596
-0.007081
-0.011995
-0.017753
-0.022842
-0.026616
-0.026545
-0.020241
-0.009530
0.002437
0.014510
0.025175
0.031996
0.034481
0.032854
0.025725
0.013596
0.000911
-0.008985
-0.016476
-0.021409
-0.021895
-0.018907
-0.015640
-0.012271
-0.007821
-0.004489
-0.004522
-0.006603
-0.008044
-0.007204
-0.003590
0.002130
0.008777
0.015728
0.021700
0.024175
0.022558
0.018688
0.012928
0.004391
-0.004841
-0.011256
-0.014578
-0.015786
-0.014334
-0.010758
-0.006885
-0.003183
0.000157
0.002154
0.002622
0.001937
0.000365
-0.000909
-0.000722
0.000377
0.001861
0.003936
0.005641
0.005942
0.005442
0.004634
0.002995
0.000933
-0.000199
-0.000167
0.000610
0.002251
0.004385
0.005936
0.006272
0.005362
0.003353
0.000736
-0.001795
-0.003975
-0.005347
-0.004918
-0.002758
-0.000103
0.002674
0.005539
0.007112
0.006390
0.004461
0.001406
-0.007697
-0.025863
-0.043412
-0.047463
-0.039596
-0.029314
-0.017066
0.000306
0.017721
0.029772
0.037772
0.042216
0.040000
0.030477
0.017714
0.006790
0.000121
-0.003186
-0.005047
-0.006234
-0.006586
-0.006600
-0.007956
-0.011346
-0.015696
-0.020305
-0.024246
-0.024603
-0.019604
-0.011008
-0.000515
0.011500
0.022832
0.030596
0.034573
0.034599
0.028475
0.016808
0.004209
-0.006533
-0.015754
-0.022499
-0.024502
-0.022408
-0.018715
-0.013821
-0.007798
-0.003116
-0.001695
-0.002504
-0.003738
-0.003965
-0.002013
0.001708
0.006191
0.011745
0.017777
0.021366
0.021313
0.019216
0.015034
0.007564
-0.001256
-0.008129
-0.012746
-0.015682
-0.015865
-0.013402
-0.009778
-0.005473
-0.001054
0.002301
0.004205
0.004493
0.003103
0.001355
0.000435
-0.000102
-0.000095
0.001290
0.003093
0.004082
0.004818
0.005531
0.005171
0.003760
0.002512
0.001831
0.001486
0.001643
0.002420
0.003432
0.004129
0.003984
0.002843
0.001268
-0.000319
-0.002022
-0.003187
-0.002743
-0.001276
0.000076
0.001702
0.003787
0.004930
0.004256
0.002594
-0.001582
-0.013737
-0.032494
-0.044716
-0.042692
-0.034010
-0.024928
-0.011465
0.006387
0.021639
0.032437
0.040639
0.044058
0.039657
0.028895
0.016304
0.005636
-0.001672
-0.006238
-0.009205
-0.010745
-0.010577
-0.009735
-0.010154
-0.012065
-0.014594
-0.017729
-0.020160
-0.019116
-0.014353
-0.007314
0.002153
0.013465
0.023385
0.029958
0.033632
0.033071
0.026124
0.014780
0.003150
-0.007761
-0.018175
-0.025528
-0.027527
-0.025634
-0.021524
-0.015097
-0.007829
-0.002534
0.000179
0.001245
0.001144
0.000973
0.001975
0.003696
0.006129
0.010501
0.015754
0.018668
0.018280
0.016069
0.012114
0.005877
-0.001107
-0.007214
-0.012387
-0.015903
-0.016260
-0.013920
-0.010158
-0.005229
-0.000210
0.003382
0.005590
0.006358
0.005190
0.003276
0.001671
-0.000113
-0.001346
-0.000742
0.000660
0.001769
0.003255
0.004948
0.005672
0.005446
0.004934
0.004187
0.003276
0.002516
0.002052
0.001925
0.001781
0.001029
-0.000062
-0.000696
-0.001139
-0.001870
-0.001928
-0.000726
0.000588
0.001551
0.002888
0.004090
0.003826
0.002360
-0.000451
-0.009417
-0.026716
-0.042021
-0.044279
-0.037034
-0.028621
-0.017645
-0.001287
0.015362
0.028189
0.038036
0.044132
0.043396
0.035230
0.022962
0.010797
0.001322
-0.005155
-0.009680
-0.012676
-0.013517
-0.012436
-0.011420
-0.011714
-0.012910
-0.014927
-0.017184
-0.017470
-0.014792
-0.009898
-0.002334
0.008089
0.018442
0.025967
0.031079
0.033408
0.030075
0.020980
0.009887
-0.001211
-0.012865
-0.023290
-0.028928
-0.029330
-0.026356
-0.020742
-0.013312
-0.006299
-0.000991
0.002741
0.004775
0.005263
0.005151
0.005075
0.005466
0.007376
0.011077
0.014669
0.015606
0.013944
0.011647
0.008587
0.003814
-0.001741
-0.007171
-0.012171
-0.015145
-0.015129
-0.013236
-0.009759
-0.004837
-0.000523
0.002386
0.004777
0.005939
0.005368
0.004173
0.002538
0.000492
-0.000433
0.000150
0.000827
0.001538
0.003076
0.004815
0.005808
0.006104
0.005918
0.005263
0.004395
0.003492
0.002530
0.001597
0.000583
-0.000656
-0.001484
-0.001303
-0.000737
-0.000377
0.000164
0.000993
0.001603
0.002033
0.002585
0.002715
0.001730
-0.003124
-0.016314
-0.033799
-0.043174
-0.040360
-0.032883
-0.024244
-0.010891
0.005727
0.020511
0.032444
0.041468
0.045123
0.041233
0.031062
0.018350
0.006489
-0.002607
-0.008957
-0.013666
-0.016634
-0.016504
-0.013948
-0.011834
-0.011268
-0.011583
-0.012698
-0.013966
-0.013843
-0.011616
-0.006854
0.000960
0.010469
0.018891
0.025564
0.030968
0.032714
0.028187
0.019065
0.008533
-0.003074
-0.015564
-0.025451
-0.029891
-0.029827
-0.026699
-0.020758
-0.013068
-0.005368
0.001300
0.006146
0.008667
0.009558
0.009389
0.007818
0.006379
0.007670
0.010880
0.013154
0.013412
0.011495
0.008119
0.005120
0.002075
-0.002754
-0.008069
-0.011721
-0.013806
-0.014087
-0.011935
-0.008278
-0.004129
-0.000207
0.002634
0.004696
0.006508
0.007005
0.005456
0.002984
0.000904
-0.000332
-0.000728
-0.000416
0.000505
0.001992
0.003880
0.005716
0.006918
0.007424
0.007402
0.006538
0.004771
0.002830
0.001073
-0.000801
-0.002497
-0.003159
-0.002490
-0.001003
0.000449
0.001520
0.002491
0.003180
0.003246
0.002883
0.001683
-0.003670
-0.017080
-0.033972
-0.042878
-0.040402
-0.033451
-0.025095
-0.011903
0.004886
0.020248
0.032828
0.042372
0.046478
0.042976
0.032856
0.019758
0.007346
-0.002477
-0.009764
-0.015127
-0.018253
-0.018134
-0.015340
-0.012282
-0.010407
-0.009700
-0.010123
-0.011073
-0.011422
-0.010408
-0.006917
-0.000206
0.008117
0.015727
0.022610
0.028946
0.031940
0.029006
0.021450
0.011648
-0.000253
-0.013540
-0.024487
-0.030269
-0.031568
-0.029569
-0.024446
-0.016800
-0.008012
0.000350
0.006803
0.010651
0.012438
0.012693
0.011187
0.008772
0.007742
0.008557
0.009543
0.009939
0.009500
0.007148
0.003402
0.000400
-0.002298
-0.006052
-0.009491
-0.011373
-0.012084
-0.011027
-0.007918
-0.004423
-0.001157
0.002188
0.004481
0.005343
0.005804
0.005365
0.003418
0.001419
0.000242
-0.000688
-0.000981
0.000045
0.001653
0.003289
0.005253
0.007152
0.008289
0.008780
0.008518
0.006829
0.003996
0.001098
-0.001527
-0.003654
-0.004510
-0.004062
-0.002861
-0.000942
0.001229
0.002591
0.003163
0.003541
0.003125
-0.001504
-0.014430
-0.031656
-0.041905
-0.041214
-0.035782
-0.028314
-0.015641
0.000873
0.016832
0.030749
0.041682
0.047439
0.045846
0.036807
0.023373
0.009939
-0.001115
-0.010015
-0.017127
-0.021373
-0.021324
-0.017977
-0.014092
-0.010707
-0.007924
-0.006746
-0.007175
-0.008010
-0.008237
-0.006523
-0.002009
0.004121
0.010332
0.017116
0.024658
0.029987
0.029960
0.025052
0.017203
0.006341
-0.007132
-0.019707
-0.028353
-0.032951
-0.033855
-0.030779
-0.023924
-0.014267
-0.003801
0.004965
0.011090
0.015200
0.017170
0.016275
0.013184
0.009891
0.007680
0.006313
0.005574
0.005257
0.004335
0.002872
0.002062
0.001139
-0.001253
-0.004123
-0.006677
-0.009351
-0.010981
-0.010441
-0.008813
-0.006549
-0.003325
-0.000137
0.002516
0.004952
0.006195
0.005609
0.004416
0.003256
0.001806
0.000693
0.000601
0.001223
0.002402
0.004265
0.006407
0.008334
0.009922
0.010454
0.008911
0.005829
0.002619
-0.000346
-0.002905
-0.004380
-0.004888
-0.004834
-0.003781
-0.001889
-0.000181
0.001247
0.000633
-0.007201
-0.021901
-0.033708
-0.036229
-0.033579
-0.029674
-0.021716
-0.008322
0.007065
0.021668
0.034659
0.044190
0.047302
0.042816
0.032353
0.019250
0.006653
-0.004515
-0.014832
-0.023296
-0.027159
-0.025789
-0.021568
-0.016384
-0.010836
-0.006076
-0.003147
-0.001859
-0.001521
-0.001069
0.000651
0.003379
0.006094
0.009581
0.015304
0.021626
0.024897
0.024158
0.020864
0.014805
0.005006
-0.006643
-0.017041
-0.025133
-0.030917
-0.033597
-0.031967
-0.025628
-0.015921
-0.005535
0.003725
0.011874
0.018528
0.021969
0.021452
0.018664
0.015278
0.011123
0.006353
0.002129
-0.000791
-0.002025
-0.001480
-0.000355
0.000127
0.000327
-0.000123
-0.002377
-0.005384
-0.007430
-0.008788
-0.009579
-0.008946
-0.006974
-0.004136
-0.000535
0.002889
0.005071
0.006446
0.007334
0.006987
0.005467
0.003979
0.003128
0.002782
0.003185
0.004570
0.006523
0.008386
0.009350
0.008737
0.006933
0.004696
0.002049
-0.000833
-0.003012
-0.004166
-0.004954
-0.005396
-0.004870
-0.004339
-0.007862
-0.018105
-0.029536
-0.033854
-0.031311
-0.027331
-0.021802
-0.011663
0.001611
0.014911
0.027115
0.037307
0.043547
0.043572
0.036867
0.026026
0.014542
0.003668
-0.007156
-0.017483
-0.024874
-0.027456
-0.026042
-0.022460
-0.017636
-0.012230
-0.007153
-0.003043
-0.000229
0.001729
0.004026
0.006712
0.008602
0.010066
0.013106
0.017610
0.020690
0.020669
0.018558
0.014916
0.008608
-0.000248
-0.009399
-0.017163
-0.023359
-0.027834
-0.029690
-0.027810
-0.022239
-0.014742
-0.007067
0.000676
0.008648
0.015406
0.019357
0.020922
0.020963
0.018039
0.011602
0.005269
0.001642
-0.000275
-0.001061
-0.000540
0.000123
0.000659
0.001476
0.000697
-0.002076
-0.004630
-0.006959
-0.009581
-0.010790
-0.010219
-0.008803
-0.006041
-0.002226
0.001124
0.004366
0.007938
0.009977
0.009800
0.008970
0.008202
0.007102
0.005981
0.005613
0.005868
0.006091
0.006017
0.005549
0.004893
0.004399
0.003535
0.001758
-0.000365
-0.002351
-0.004420
-0.006434
-0.009504
-0.017229
-0.029062
-0.037501
-0.037857
-0.033238
-0.026899
-0.017475
-0.004305
0.009878
0.022928
0.034270
0.042645
0.045775
0.042379
0.033583
0.022098
0.010378
-0.000883
-0.011995
-0.021879
-0.028058
-0.029496
-0.027495
-0.023513
-0.018235
-0.012470
-0.007134
-0.002803
0.000433
0.003225
0.006118
0.008639
0.010376
0.012443
0.016131
0.020129
0.021801
0.020746
0.018122
0.013654
0.006410
-0.002616
-0.011477
-0.019269
-0.025654
-0.029918
-0.031050
-0.028400
-0.022519
-0.014945
-0.006821
0.001677
0.010049
0.016588
0.019990
0.020619
0.019213
0.015815
0.011185
0.007208
0.004884
0.003909
0.003643
0.003339
0.002675
0.001950
0.000526
-0.002761
-0.006902
-0.010089
-0.012422
-0.014092
-0.014093
-0.012048
-0.008322
-0.003267
0.002130
0.006765
0.010511
0.013104
0.013651
0.012331
0.010367
0.008330
0.006007
0.003653
0.001991
0.001394
0.001825
0.002741
0.003513
0.004206
0.004770
0.004201
0.002210
-0.000649
-0.006382
-0.018035
-0.032252
-0.040917
-0.041624
-0.038165
-0.032053
-0.021434
-0.006633
0.009482
0.024644
0.037530
0.046705
0.050205
0.046736
0.037420
0.025344
0.012757
-0.000250
-0.013437
-0.024489
-0.030841
-0.032214
-0.029996
-0.025400
-0.019305
-0.012634
-0.006302
-0.001351
0.001829
0.004261
0.006582
0.007954
0.008302
0.009646
0.013225
0.017178
0.019274
0.019736
0.019321
0.016979
0.011627
0.003990
-0.004551
-0.013169
-0.021415
-0.028390
-0.032460
-0.032331
-0.028480
-0.022430
-0.014749
-0.005476
0.004301
0.012791
0.018670
0.021370
0.021232
0.019555
0.017461
0.014967
0.012142
0.009665
0.007497
0.005176
0.002882
0.000572
-0.002460
-0.006252
-0.010089
-0.013422
-0.015690
-0.016311
-0.015199
-0.012372
-0.007662
-0.001652
0.004510
0.010158
0.014687
0.017250
0.017643
0.016253
0.013330
0.009377
0.005433
0.002256
0.000011
-0.001049
-0.000651
0.000854
0.002656
0.003835
0.003982
0.002519
-0.003247
-0.015292
-0.029336
-0.038347
-0.041206
-0.040763
-0.036610
-0.026724
-0.012171
0.004283
0.020789
0.035902
0.047717
0.053724
0.052184
0.044242
0.032811
0.019523
0.004568
-0.010926
-0.024260
-0.033082
-0.036857
-0.036249
-0.032138
-0.025455
-0.017146
-0.008565
-0.001383
0.003930
0.008107
0.010861
0.011271
0.010347
0.010484
0.012342
0.014261
0.015173
0.015745
0.016175
0.015215
0.011931
0.006736
0.000453
-0.006445
-0.013807
-0.021027
-0.026438
-0.028798
-0.028454
-0.025917
-0.020972
-0.013456
-0.004281
0.004519
0.011542
0.016783
0.020586
0.022938
0.023653
0.022547
0.019900
0.016566
0.012523
0.007509
0.002477
-0.002137
-0.006919
-0.011406
-0.014639
-0.016623
-0.017382
-0.016658
-0.014693
-0.011410
-0.006338
-0.000187
0.005852
0.011289
0.015695
0.018365
0.018764
0.016940
0.013471
0.009180
0.004915
0.001252
-0.001358
-0.002259
-0.001361
0.000377
0.002019
0.002809
0.000622
-0.007190
-0.019084
-0.029264
-0.034806
-0.037462
-0.037668
-0.033145
-0.023304
-0.009909
0.005399
0.021240
0.035701
0.046371
0.051186
0.049667
0.043167
0.033203
0.020124
0.004606
-0.010918
-0.023658
-0.032280
-0.036633
-0.036814
-0.033230
-0.026684
-0.018298
-0.009694
-0.002171
0.004252
0.009491
0.012386
0.012669
0.012211
0.012484
0.012755
0.012299
0.011903
0.012081
0.011976
0.010693
0.008220
0.004827
0.000527
-0.004822
-0.011108
-0.017317
-0.021979
-0.024614
-0.025544
-0.024602
-0.020905
-0.014490
-0.007314
-0.000955
0.005225
0.012248
0.019416
0.024974
0.027606
0.027508
0.025774
0.022202
0.016061
0.008546
0.001243
-0.005943
-0.012841
-0.018128
-0.021082
-0.021762
-0.020455
-0.017687
-0.013554
-0.007693
-0.000636
0.006175
0.011900
0.016438
0.019400
0.020159
0.018564
0.015144
0.010765
0.006180
0.001811
-0.001754
-0.003417
-0.002862
-0.001528
-0.001202
-0.003460
-0.009657
-0.018237
-0.025382
-0.029705
-0.032205
-0.032490
-0.029089
-0.022096
-0.012134
0.000432
0.014354
0.027661
0.038287
0.044669
0.046319
0.043596
0.036739
0.025960
0.012256
-0.002544
-0.016332
-0.027390
-0.034524
-0.037228
-0.035833
-0.031081
-0.023828
-0.015315
-0.006673
0.001437
0.008042
0.012327
0.014569
0.015586
0.015796
0.015149
0.013776
0.012192
0.010727
0.009185
0.007361
0.005272
0.002944
0.000237
-0.003140
-0.007240
-0.011488
-0.015171
-0.018157
-0.020443
-0.021542
-0.020850
-0.018267
-0.013976
-0.008557
-0.002291
0.005456
0.014480
0.022704
0.028289
0.031241
0.031571
0.028697
0.022796
0.014817
0.005724
-0.003550
-0.012126
-0.019204
-0.023791
-0.025304
-0.024203
-0.021139
-0.016149
-0.009387
-0.001541
0.006273
0.012911
0.017721
0.020469
0.021029
0.019264
0.015496
0.010697
0.005793
0.001292
-0.002162
-0.003894
-0.004109
-0.004288
-0.006556
-0.011763
-0.017721
-0.021663
-0.023765
-0.025354
-0.025756
-0.023496
-0.018693
-0.011927
-0.003275
0.006876
0.017458
0.026667
0.033071
0.036540
0.037453
0.035242
0.029026
0.019427
0.008226
-0.003093
-0.013596
-0.022269
-0.028210
-0.030983
-0.030546
-0.027391
-0.022308
-0.015654
-0.007775
-0.000064
0.006198
0.011142
0.015157
0.017714
0.018247
0.017138
0.015151
0.012667
0.009741
0.006649
0.003821
0.001417
-0.000797
-0.003255
-0.005948
-0.008356
-0.010392
-0.012529
-0.014700
-0.016377
-0.017365
-0.017375
-0.016098
-0.013417
-0.008850
-0.002033
0.006190
0.014449
0.021995
0.028026
0.031551
0.031900
0.028687
0.022319
0.013951
0.004368
-0.005768
-0.015043
-0.022013
-0.026190
-0.027583
-0.025938
-0.021208
-0.014007
-0.005460
0.003240
0.011085
0.017312
0.021467
0.023103
0.022013
0.018740
0.014237
0.009179
0.004106
-0.000210
-0.003341
-0.005968
-0.009652
-0.015020
-0.020222
-0.023087
-0.023876
-0.023748
-0.022438
-0.019302
-0.014700
-0.009054
-0.002388
0.005157
0.012915
0.019639
0.024357
0.027186
0.028660
0.028265
0.025112
0.019387
0.012178
0.004392
-0.003597
-0.011254
-0.017743
-0.022357
-0.024791
-0.025203
-0.023897
-0.020686
-0.015539
-0.009545
-0.003726
0.002027
0.007858
0.012960
0.016430
0.018115
0.018308
0.017238
0.014968
0.011712
0.008001
0.004383
0.000876
-0.002768
-0.006290
-0.009092
-0.011067
-0.012650
-0.013963
-0.014964
-0.015555
-0.015243
-0.013880
-0.011853
-0.008885
-0.004150
0.002098
0.008969
0.015817
0.021772
0.025975
0.027917
0.027031
0.023240
0.017383
0.010024
0.001454
-0.007196
-0.014507
-0.019891
-0.023048
-0.023542
-0.021338
-0.016823
-0.010539
-0.003228
0.004086
0.010542
0.015630
0.018834
0.019765
0.018722
0.016319
0.012851
0.008550
0.003908
-0.000579
-0.005079
-0.010617
-0.017263
-0.022870
-0.025568
-0.025763
-0.024472
-0.021500
-0.016727
-0.010886
-0.004534
0.002167
0.009117
0.015530
0.020130
0.022382
0.022981
0.022594
0.020861
0.017362
0.012453
0.006950
0.001452
-0.003705
-0.008337
-0.012179
-0.014868
-0.016367
-0.017031
-0.016964
-0.015538
-0.012710
-0.009513
-0.006451
-0.002918
0.001405
0.005793
0.009421
0.012014
0.013710
0.014462
0.013975
0.012274
0.009903
0.007293
0.004286
0.000789
-0.002715
-0.005754
-0.008438
-0.010816
-0.012829
-0.014562
-0.015773
-0.015831
-0.014600
-0.012546
-0.009434
-0.004798
0.001064
0.007519
0.013899
0.019429
0.023463
0.025436
0.024847
0.021910
0.017163
0.010782
0.003161
-0.004659
-0.011578
-0.016905
-0.020225
-0.021279
-0.020028
-0.016570
-0.011324
-0.005209
0.001055
0.007065
0.012162
0.015609
0.017148
0.017039
0.015657
0.013215
0.009929
0.006087
0.001374
-0.004871
-0.012264
-0.018823
-0.022779
-0.024077
-0.023398
-0.021092
-0.017070
-0.011657
-0.005471
0.001137
0.007873
0.013950
0.018158
0.020032
0.020050
0.018833
0.016368
0.012509
0.007590
0.002342
-0.002322
-0.005800
-0.008141
-0.009589
-0.010014
-0.009507
-0.008532
-0.007291
-0.005702
-0.003949
-0.002646
-0.002082
-0.001792
-0.001110
-0.000028
0.001078
0.002030
0.002913
0.003849
0.004673
0.005224
0.005663
0.006032
0.005824
0.004750
0.003122
0.001221
-0.000967
-0.003380
-0.005721
-0.007781
-0.009500
-0.010892
-0.011756
-0.011482
-0.009876
-0.007558
-0.004754
-0.001093
0.003403
0.008232
0.012735
0.016226
0.018288
0.018871
0.017701
0.014670
0.010470
0.005644
0.000313
-0.004979
-0.009499
-0.012676
-0.014050
-0.013761
-0.012235
-0.009440
-0.005455
-0.000966
0.003331
0.007107
0.010059
0.011828
0.012292
0.011612
0.010184
0.008341
0.006096
0.003149
-0.001080
-0.006629
-0.012159
-0.016279
-0.018800
-0.019835
-0.019058
-0.016536
-0.012820
-0.008256
-0.003074
0.002682
0.008532
0.013277
0.016162
0.017553
0.017852
0.016729
0.014182
0.010689
0.006551
0.002060
-0.002114
-0.005517
-0.008114
-0.009688
-0.010233
-0.010142
-0.009453
-0.007909
-0.005855
-0.003911
-0.002212
-0.000642
0.000851
0.002339
0.003642
0.004317
0.004491
0.004505
0.004151
0.003404
0.002807
0.002488
0.002041
0.001373
0.000651
-0.000120
-0.000959
-0.001836
-0.002854
-0.003900
-0.004676
-0.005371
-0.006341
-0.007246
-0.007374
-0.006745
-0.005659
-0.003853
-0.001082
0.002440
0.006202
0.009586
0.012243
0.014208
0.015102
0.014342
0.012195
0.009198
0.005346
0.000862
-0.003494
-0.007301
-0.010294
-0.011968
-0.012276
-0.011396
-0.009114
-0.005569
-0.001507
0.002437
0.005938
0.008760
0.010663
0.011444
0.011222
0.010377
0.008969
0.006598
0.002606
-0.003050
-0.009037
-0.014014
-0.017682
-0.019942
-0.020328
-0.018776
-0.015718
-0.011513
-0.006459
-0.000532
0.005897
0.011500
0.015382
0.017866
0.019090
0.018589
0.016441
0.013028
0.008547
0.003539
-0.001188
-0.005219
-0.008317
-0.010223
-0.011038
-0.011079
-0.010252
-0.008321
-0.005793
-0.003429
-0.001364
0.000490
0.002115
0.003533
0.004506
0.004834
0.004803
0.004432
0.003482
0.002301
0.001342
0.000463
-0.000445
-0.001119
-0.001526
-0.001779
-0.001838
-0.001854
-0.002029
-0.002277
-0.002486
-0.002694
-0.002930
-0.003066
-0.003077
-0.003195
-0.003363
-0.003194
-0.002464
-0.001266
0.000171
0.001675
0.003296
0.005159
0.006907
0.008126
0.008847
0.008935
0.008121
0.006521
0.004405
0.002033
-0.000353
-0.002769
-0.005186
-0.007075
-0.008000
-0.008070
-0.007309
-0.005675
-0.003454
-0.000894
0.001798
0.004355
0.006693
0.008572
0.009608
0.009770
0.009261
0.008171
0.006342
0.003191
-0.001550
-0.006940
-0.011659
-0.015059
-0.017021
-0.017415
-0.016414
-0.014345
-0.011368
-0.007694
-0.003160
0.002085
0.006940
0.010512
0.012980
0.014626
0.015160
0.014378
0.012320
0.009163
0.005394
0.001678
-0.001757
-0.004785
-0.007006
-0.008396
-0.009242
-0.009367
-0.008408
-0.006627
-0.004552
-0.002491
-0.000616
0.001178
0.002998
0.004459
0.005197
0.005332
0.004936
0.003943
0.002640
0.001502
0.000517
-0.000563
-0.001628
-0.002466
-0.002909
-0.002898
-0.002636
-0.002298
-0.001897
-0.001478
-0.001135
-0.000823
-0.000505
-0.000331
-0.000284
-0.000313
-0.000647
-0.001147
-0.001394
-0.001243
-0.000773
-0.000047
0.000830
0.001715
0.002645
0.003628
0.004608
0.005473
0.005971
0.005781
0.004944
0.003823
0.002511
0.001040
-0.000534
-0.002293
-0.003987
-0.005148
-0.005610
-0.005371
-0.004473
-0.003140
-0.001523
0.000334
0.002310
0.004257
0.005858
0.006904
0.007385
0.007283
0.006609
0.005278
0.002923
-0.000650
-0.004782
-0.008521
-0.011304
-0.012952
-0.013463
-0.012923
-0.011492
-0.009329
-0.006517
-0.003034
0.000862
0.004539
0.007438
0.009571
0.011004
0.011570
0.011315
0.010159
0.007959
0.005129
0.002255
-0.000443
-0.002741
-0.004435
-0.005665
-0.006486
-0.006625
-0.005969
-0.004780
-0.003320
-0.001771
-0.000260
0.001194
0.002493
0.003450
0.003933
0.003918
0.003420
0.002536
0.001521
0.000552
-0.000338
-0.001098
-0.001648
-0.001911
-0.001866
-0.001659
-0.001457
-0.001232
-0.000910
-0.000480
-0.000089
0.000127
0.000247
0.000346
0.000383
0.000296
0.000067
-0.000204
-0.000386
-0.000537
-0.000697
-0.000604
-0.000074
0.000706
0.001560
0.002393
0.002967
0.003120
0.002769
0.001973
0.001096
0.000377
-0.000356
-0.001045
-0.001355
-0.001408
-0.001442
-0.001425
-0.001287
-0.001003
-0.000689
-0.000482
-0.000257
0.000184
0.000793
0.001414
0.002005
0.002491
0.002822
0.003059
0.003151
0.003098
0.003072
0.003043
0.002807
0.002352
0.001799
0.000995
-0.000211
-0.001665
-0.003213
-0.004706
-0.005976
-0.006932
-0.007483
-0.007616
-0.007427
-0.006854
-0.005761
-0.004233
-0.002410
-0.000348
0.001716
0.003495
0.005074
0.006441
0.007254
0.007360
0.006886
0.005970
0.004704
0.003272
0.001798
0.000236
-0.001359
-0.002790
-0.003923
-0.004662
-0.004954
-0.004812
-0.004311
-0.003497
-0.002355
-0.000948
0.000576
0.001953
0.002933
0.003535
0.003802
0.003640
0.003121
0.002456
0.001651
0.000640
-0.000483
-0.001500
-0.002200
-0.002635
-0.002903
-0.002877
-0.002467
-0.001784
-0.001051
-0.000423
0.000133
0.000685
0.001220
0.001667
0.002007
0.002298
0.002425
0.002204
0.001699
0.001168
0.000722
0.000317
-0.000048
-0.000461
-0.000966
-0.001421
-0.001741
-0.001837
-0.001583
-0.001115
-0.000676
-0.000351
-0.000114
0.000108
0.000429
0.000797
0.000974
0.000974
0.000978
0.000969
0.000974
0.001075
0.001163
0.001150
0.001085
0.001072
0.001195
0.001379
0.001511
0.001604
0.001700
0.001789
0.001694
0.001169
0.000128
-0.001357
-0.003012
-0.004467
-0.005514
-0.006209
-0.006641
-0.006710
-0.006301
-0.005359
-0.004050
-0.002579
-0.000966
0.000655
0.002147
0.003501
0.004614
0.005257
0.005329
0.004931
0.004184
0.003178
0.002119
0.001159
0.000254
-0.000637
-0.001483
-0.002172
-0.002601
-0.002745
-0.002588
-0.002134
-0.001468
-0.000695
0.000095
0.000849
0.001522
0.001992
0.002136
0.001955
0.001538
0.000924
0.000163
-0.000596
-0.001213
-0.001663
-0.001960
-0.002055
-0.001949
-0.001698
-0.001350
-0.000960
-0.000513
-0.000002
0.000474
0.000831
0.001068
0.001182
0.001142
0.000990
0.000845
0.000784
0.000748
0.000689
0.000694
0.000772
0.000851
0.000939
0.000992
0.000931
0.000820
0.000684
0.000478
0.000210
-0.000083
-0.000364
-0.000626
-0.000837
-0.001005
-0.001171
-0.001307
-0.001405
-0.001452
-0.001466
-0.001509
-0.001577
-0.001642
-0.001639
-0.001476
-0.001112
-0.000582
0.000038
0.000600
0.001102
0.001642
0.002128
0.002485
0.002750
0.002837
0.002565
0.001992
0.001209
0.000333
-0.000330
-0.000755
-0.001100
-0.001379
-0.001547
-0.001521
-0.001313
-0.001081
-0.000894
-0.000644
-0.000272
0.000088
0.000310
0.000433
0.000526
0.000601
0.000669
0.000708
0.000738
0.000847
0.000990
0.001085
0.001118
0.001107
0.001149
0.001171
0.001022
0.000809
0.000548
0.000050
-0.000673
-0.001534
-0.002437
-0.003189
-0.003677
-0.003836
-0.003628
-0.003112
-0.002393
-0.001594
-0.000751
0.000241
0.001385
0.002385
0.003034
0.003396
0.003521
0.003404
0.003053
0.002454
0.001643
0.000774
0.000016
-0.000619
-0.001231
-0.001779
-0.002077
-0.002123
-0.002067
-0.001871
-0.001436
-0.000851
-0.000209
0.000409
0.000964
0.001450
0.001761
0.001839
0.001775
0.001619
0.001313
0.000862
0.000376
-0.000078
-0.000493
-0.000842
-0.001122
-0.001366
-0.001575
-0.001655
-0.001552
-0.001324
-0.000966
-0.000506
-0.000069
0.000351
0.000848
0.001319
0.001575
0.001673
0.001640
0.001387
0.001050
0.000785
0.000590
0.000433
0.000281
0.000118
-0.000004
-0.000053
-0.000086
-0.000147
-0.000207
-0.000193
-0.000137
-0.000162
-0.000285
-0.000406
-0.000453
-0.000488
-0.000547
-0.000551
-0.000488
-0.000428
-0.000390
-0.000346
-0.000343
-0.000448
-0.000578
-0.000648
-0.000600
-0.000432
-0.000205
0.000097
0.000421
0.000598
0.000645
0.000764
0.000945
0.000940
0.000713
0.000465
0.000310
0.000303
0.000424
0.000550
0.000662
0.000707
0.000602
0.000438
0.000205
-0.000114
-0.000420
-0.000715
-0.001022
-0.001246
-0.001244
-0.001064
-0.000878
-0.000664
-0.000355
0.000016
0.000394
0.000773
0.001088
0.001143
0.000938
0.000684
0.000589
0.000651
0.000680
0.000588
0.000418
0.000283
0.000188
0.000055
0.000021
0.000143
0.000180
0.000067
0.000018
0.000096
0.000125
0.000025
-0.000051
0.000008
0.000115
0.000230
0.000348
0.000392
0.000375
0.000337
0.000258
0.000193
0.000173
0.000103
-0.000092
-0.000350
-0.000615
-0.000891
-0.001088
-0.001167
-0.001195
-0.001207
-0.001204
-0.001163
-0.001034
-0.000828
-0.000598
-0.000358
-0.000136
0.000120
0.000387
0.000558
0.000750
0.000995
0.001087
0.000984
0.000779
0.000480
0.000126
-0.000224
-0.000582
-0.000994
-0.001430
-0.001825
-0.002087
-0.002107
-0.001993
-0.001843
-0.001515
-0.000937
-0.000186
0.000574
0.001183
0.001553
0.001664
0.001669
0.001674
0.001541
0.001238
0.000929
0.000641
0.000305
-0.000080
-0.000443
-0.000728
-0.000969
-0.001223
-0.001419
-0.001406
-0.001193
-0.000876
-0.000535
-0.000219
0.000101
0.000371
0.000558
0.000744
0.000894
0.000933
0.000855
0.000712
0.000615
0.000596
0.000542
0.000328
0.000016
-0.000254
-0.000445
-0.000580
-0.000670
-0.000668
-0.000582
-0.000468
-0.000323
-0.000135
0.000099
0.000313
0.000419
0.000456
0.000538
0.000653
0.000669
0.000611
0.000577
0.000527
0.000423
0.000322
0.000220
0.000067
-0.000136
-0.000360
-0.000549
-0.000702
-0.000823
-0.000858
-0.000803
-0.000695
-0.000598
-0.000510
-0.000390
-0.000284
-0.000155
0.000055
0.000261
0.000337
0.000328
0.000363
0.000451
0.000517
0.000582
0.000673
0.000679
0.000565
0.000410
0.000183
-0.000142
-0.000394
-0.000496
-0.000580
-0.000700
-0.000767
-0.000726
-0.000636
-0.000437
-0.000082
0.000189
0.000258
0.000273
0.000317
0.000321
0.000211
0.000040
-0.000114
-0.000262
-0.000465
-0.000707
-0.000851
-0.000807
-0.000653
-0.000534
-0.000518
-0.000510
-0.000471
-0.000444
-0.000360
-0.000169
0.000043
0.000183
0.000297
0.000444
0.000594
0.000696
0.000764
0.000791
0.000727
0.000620
0.000580
0.000591
0.000494
0.000289
0.000078
-0.000139
-0.000338
-0.000434
-0.000411
-0.000386
-0.000379
-0.000315
-0.000206
-0.000011
0.000328
0.000656
0.000795
0.000712
0.000443
0.000121
-0.000099
-0.000151
-0.000043
0.000160
0.000332
0.000367
0.000365
0.000441
0.000500
0.000449
0.000342
0.000224
0.000032
-0.000143
-0.000173
-0.000122
-0.000072
-0.000039
0.000007
0.000097
0.000207
0.000326
0.000434
0.000427
0.000304
0.000160
0.000027
-0.000099
-0.000218
-0.000299
-0.000285
-0.000162
-0.000008
0.000071
0.000090
0.000100
0.000039
-0.000073
-0.000155
-0.000175
-0.000107
0.000064
0.000325
0.000557
0.000722
0.000862
0.000951
0.000959
0.000804
0.000451
0.000009
-0.000378
-0.000673
-0.000899
-0.001079
-0.001195
-0.001177
-0.001033
-0.000857
-0.000661
-0.000371
-0.000063
0.000156
0.000329
0.000476
0.000592
0.000661
0.000624
0.000513
0.000430
0.000380
0.000295
0.000171
0.000050
-0.000058
-0.000164
-0.000238
-0.000280
-0.000351
-0.000441
-0.000465
-0.000421
-0.000365
-0.000288
-0.000144
0.000062
0.000224
0.000348
0.000516
0.000718
0.000841
0.000786
0.000642
0.000461
0.000265
0.000059
-0.000234
-0.000533
-0.000705
-0.000784
-0.000827
-0.000805
-0.000729
-0.000622
-0.000461
-0.000224
0.000080
0.000299
0.000334
0.000381
0.000528
0.000661
0.000798
0.000912
0.000916
0.000905
0.000953
0.000927
0.000744
0.000530
0.000341
0.000142
0.000059
0.000163
0.000178
-0.000024
-0.000200
-0.000259
-0.000266
-0.000268
-0.000288
-0.000270
-0.000165
-0.000002
0.000134
0.000188
0.000163
0.000085
-0.000051
-0.000227
-0.000359
-0.000450
-0.000545
-0.000585
-0.000567
-0.000537
-0.000500
-0.000457
-0.000449
-0.000507
-0.000530
-0.000442
-0.000369
-0.000306
-0.000148
0.000005
0.000088
0.000152
0.000212
0.000206
0.000069
-0.000106
-0.000215
-0.000278
-0.000269
-0.000228
-0.000231
-0.000221
-0.000179
-0.000108
-0.000002
0.000056
0.000055
0.000083
0.000172
0.000269
0.000292
0.000256
0.000209
0.000151
0.000058
-0.000074
-0.000191
-0.000283
-0.000325
-0.000252
-0.000152
-0.000146
-0.000158
-0.000116
-0.000106
-0.000121
-0.000118
-0.000139
-0.000155
-0.000163
-0.000240
-0.000312
-0.000201
0.000050
0.000215
0.000227
0.000172
0.000063
-0.000054
-0.000101
-0.000129
-0.000183
-0.000200
-0.000159
-0.000120
-0.000096
-0.000069
-0.000034
-0.000006
0.000013
0.000027
0.000001
-0.000095
-0.000165
-0.000107
-0.000069
-0.000120
-0.000125
-0.000051
0.000110
0.000296
0.000322
0.000252
0.000234
0.000198
0.000186
0.000247
0.000215
0.000075
-0.000050
-0.000129
-0.000157
-0.000232
-0.000393
-0.000529
-0.000580
-0.000529
-0.000411
-0.000328
-0.000304
-0.000265
-0.000125
0.000090
0.000268
0.000379
0.000414
0.000410
0.000434
0.000421
0.000331
0.000196
0.000049
-0.000100
-0.000271
-0.000396
-0.000471
-0.000528
-0.000461
-0.000291
-0.000209
-0.000125
0.000048
0.000077
-0.000011
-0.000014
0.000045
0.000101
0.000171
0.000254
0.000297
0.000265
0.000139
-0.000046
-0.000247
-0.000413
-0.000469
-0.000453
-0.000425
-0.000389
-0.000381
-0.000363
-0.000319
-0.000307
-0.000206
-0.000009
0.000113
0.000232
0.000411
0.000534
0.000556
0.000545
0.000555
0.000532
0.000410
0.000242
0.000095
-0.000037
-0.000130
-0.000184
-0.000212
-0.000161
-0.000075
-0.000031
-0.000015
0.000016
0.000067
0.000095
0.000105
0.000176
0.000296
0.000362
0.000401
0.000498
0.000590
0.000614
0.000567
0.000459
0.000348
0.000267
0.000176
0.000057
-0.000023
-0.000050
-0.000090
-0.000092
-0.000045
-0.000074
-0.000168
-0.000204
-0.000131
0.000020
0.000159
0.000205
0.000205
0.000245
0.000276
0.000214
0.000140
0.000158
0.000193
0.000167
0.000108
0.000036
-0.000073
-0.000183
-0.000236
-0.000258
-0.000241
-0.000145
-0.000042
-0.000005
0.000007
0.000067
0.000164
0.000196
0.000160
0.000129
0.000077
0.000030
0.000085
0.000171
0.000148
0.000032
-0.000063
-0.000090
-0.000051
0.000027
0.000078
0.000087
0.000076
0.000018
-0.000072
-0.000154
-0.000165
-0.000065
0.000036
0.000055
0.000077
0.000143
0.000175
0.000158
0.000102
0.000037
-0.000000
-0.000023
-0.000042
-0.000042
-0.000017
0.000024
0.000044
-0.000028
-0.000111
-0.000065
0.000048
0.000145
0.000226
0.000241
0.000179
0.000126
0.000074
-0.000036
-0.000167
-0.000272
-0.000289
-0.000194
-0.000073
0.000005
0.000016
-0.000006
0.000008
0.000057
0.000112
0.000149
0.000102
-0.000018
-0.000108
-0.000169
-0.000209
-0.000188
-0.000132
-0.000104
-0.000147
-0.000125
0.000077
0.000382
0.000646
0.000763
0.000783
0.000749
0.000671
0.000571
0.000476
0.000424
0.000377
0.000303
0.000222
0.000206
0.000223
0.000123
-0.000079
-0.000219
-0.000245
-0.000243
-0.000248
-0.000209
-0.000150
-0.000169
-0.000226
-0.000219
-0.000161
-0.000107
-0.000065
-0.000031
-0.000083
-0.000163
-0.000219
-0.000380
-0.000604
-0.000711
-0.000647
-0.000468
-0.000321
-0.000279
-0.000235
-0.000121
-0.000014
0.000017
0.000031
0.000067
0.000060
0.000015
0.000004
0.000021
0.000016
0.000025
0.000023
-0.000093
-0.000260
-0.000367
-0.000407
-0.000385
-0.000334
-0.000324
-0.000334
-0.000293
-0.000223
-0.000160
-0.000016
0.000176
0.000246
0.000234
0.000292
0.000346
0.000227
0.000034
-0.000076
-0.000117
-0.000135
-0.000165
-0.000180
-0.000157
-0.000130
-0.000111
-0.000108
-0.000159
-0.000201
-0.000140
-0.000070
-0.000060
-0.000016
0.000019
-0.000079
-0.000179
-0.000156
-0.000103
-0.000090
-0.000131
-0.000227
-0.000265
-0.000163
-0.000013
0.000095
0.000100
0.000036
0.000025
0.000042
0.000011
-0.000061
-0.000130
-0.000161
-0.000143
-0.000081
-0.000041
-0.000071
-0.000117
-0.000135
-0.000115
-0.000073
-0.000035
0.000027
0.000098
0.000158
0.000164
0.000077
0.000028
0.000054
0.000046
-0.000039
-0.000112
-0.000080
-0.000035
-0.000053
-0.000082
-0.000126
-0.000225
-0.000331
-0.000371
-0.000310
-0.000199
-0.000111
0.000006
0.000124
0.000180
0.000278
0.000370
0.000335
0.000285
0.000264
0.000227
0.000168
0.000029
-0.000112
-0.000184
-0.000236
-0.000237
-0.000189
-0.000183
-0.000228
-0.000243
-0.000173
-0.000005
0.000096
0.000033
-0.000017
0.000050
0.000110
0.000006
-0.000150
-0.000194
-0.000173
-0.000148
-0.000162
-0.000236
-0.000332
-0.000381
-0.000340
-0.000226
-0.000058
0.000029
-0.000036
-0.000065
-0.000024
-0.000011
0.000034
0.000126
0.000175
0.000190
0.000189
0.000133
0.000067
0.000059
0.000095
0.000149
0.000192
0.000211
0.000237
0.000265
0.000244
0.000174
0.000153
0.000203
0.000232
0.000191
0.000147
0.000162
0.000197
0.000198
0.000182
0.000173
0.000163
0.000153
0.000147
0.000165
0.000180
0.000121
0.000076
0.000127
0.000148
0.000113
0.000103
0.000096
0.000082
0.000089
0.000166
0.000251
0.000233
0.000166
0.000113
0.000086
0.000077
0.000072
0.000062
0.000021
-0.000021
0.000012
0.000119
0.000189
0.000157
0.000069
-0.000025
-0.000056
-0.000017
0.000032
0.000100
0.000110
0.000016
-0.000052
-0.000056
-0.000075
-0.000121
-0.000137
-0.000097
-0.000018
0.000087
0.000203
0.000291
0.000252
0.000085
0.000013
0.000117
0.000172
0.000153
0.000226
0.000303
0.000222
0.000022
-0.000144
-0.000201
-0.000191
-0.000172
-0.000160
-0.000089
0.000028
0.000095
0.000112
0.000087
0.000053
0.000053
0.000094
0.000169
0.000186
0.000134
0.000155
0.000186
0.000044
-0.000154
-0.000184
-0.000081
0.000016
0.000064
0.000091
0.000136
0.000198
0.000249
0.000250
0.000207
0.000103
-0.000059
-0.000153
-0.000176
-0.000196
-0.000135
0.000007
0.000108
0.000116
0.000069
0.000004
-0.000087
-0.000152
-0.000128
-0.000040
0.000034
0.000010
-0.000040
-0.000010
0.000020
-0.000024
-0.000101
-0.000175
-0.000287
-0.000379
-0.000262
-0.000002
0.000239
0.000424
0.000461
0.000402
0.000397
0.000400
0.000433
0.000520
0.000520
0.000454
0.000369
0.000255
0.000129
-0.000012
-0.000066
-0.000069
-0.000127
-0.000124
-0.000026
0.000043
0.000028
-0.000048
-0.000116
-0.000136
-0.000147
-0.000157
-0.000115
-0.000058
-0.000048
-0.000084
-0.000126
-0.000166
-0.000245
-0.000321
-0.000326
-0.000322
-0.000352
-0.000343
-0.000259
-0.000167
-0.000168
-0.000218
-0.000213
-0.000177
-0.000155
-0.000160
-0.000180
-0.000234
-0.000331
-0.000396
-0.000349
-0.000282
-0.000317
-0.000353
-0.000309
-0.000194
-0.000053
-0.000006
0.000014
0.000121
0.000205
0.000212
0.000194
0.000118
-0.000028
-0.000156
-0.000237
-0.000285
-0.000262
-0.000223
-0.000251
-0.000295
-0.000253
-0.000197
-0.000204
-0.000144
0.000014
0.000198
0.000313
0.000270
0.000160
0.000068
-0.000018
-0.000099
-0.000155
-0.000138
-0.000093
-0.000086
-0.000087
-0.000084
-0.000077
-0.000083
-0.000093
-0.000116
-0.000224
-0.000303
-0.000199
-0.000036
0.000019
0.000013
0.000042
0.000084
0.000101
0.000102
0.000073
-0.000004
-0.000106
-0.000165
-0.000119
-0.000045
-0.000017
0.000001
0.000057
0.000147
0.000206
0.000187
0.000102
0.000033
0.000044
0.000057
0.000006
-0.000062
-0.000152
-0.000241
-0.000236
-0.000144
-0.000002
0.000146
0.000192
0.000161
0.000102
0.000013
-0.000017
-0.000019
-0.000070
-0.000066
0.000029
0.000071
0.000033
0.000031
0.000062
0.000022
-0.000082
-0.000136
-0.000089
0.000006
0.000063
0.000048
0.000024
0.000054
0.000067
0.000019
-0.000023
0.000002
-0.000008
-0.000061
0.000012
0.000032
-0.000173
-0.000366
-0.000453
-0.000501
-0.000485
-0.000436
-0.000372
-0.000268
-0.000182
-0.000163
-0.000218
-0.000276
-0.000236
-0.000132
-0.000021
0.000103
0.000243
0.000272
0.000134
0.000023
0.000002
-0.000023
-0.000006
0.000085
0.000180
0.000195
0.000099
-0.000006
-0.000065
-0.000093
-0.000027
0.000096
0.000181
0.000265
0.000352
0.000380
0.000355
0.000331
0.000315
0.000253
0.000166
0.000121
0.000148
0.000222
0.000289
0.000360
0.000385
0.000307
0.000172
0.000023
-0.000080
-0.000125
-0.000118
-0.000017
0.000106
0.000150
0.000191
0.000271
0.000288
0.000208
0.000108
0.000080
0.000111
0.000102
0.000053
0.000045
0.000086
0.000126
0.000119
0.000074
0.000019
-0.000011
0.000016
0.000053
0.000090
0.000120
0.000078
0.000021
0.000031
0.000085
0.000101
0.000080
0.000108
0.000136
0.000128
0.000170
0.000227
0.000210
0.000153
0.000098
0.000045
0.000018
0.000050
0.000096
0.000045
-0.000082
-0.000203
-0.000277
-0.000236
-0.000108
-0.000032
-0.000017
0.000033
0.000113
0.000159
0.000155
0.000144
0.000160
0.000140
0.000073
0.000049
0.000079
0.000089
0.000038
-0.000036
-0.000038
-0.000003
-0.000050
-0.000122
-0.000108
-0.000020
0.000071
0.000137
0.000155
0.000073
0.000019
0.000093
0.000163
0.000155
0.000155
0.000178
0.000123
-0.000010
-0.000105
-0.000110
-0.000083
-0.000070
-0.000065
-0.000043
0.000016
0.000068
0.000010
-0.000076
-0.000041
-0.000014
-0.000045
-0.000008
0.000055
0.000040
-0.000031
-0.000040
0.000024
0.000032
-0.000012
-0.000056
-0.000164
-0.000296
-0.000323
-0.000289
-0.000189
