6240
-0.001232
-0.001816
-0.002306
-0.002712
-0.002888
-0.002737
-0.002370
-0.001867
-0.001195
-0.000362
0.000458
0.001110
0.001574
0.001881
0.002049
0.002078
0.001942
0.001683
0.001420
0.001151
0.000874
0.000698
0.000673
0.000732
0.000806
0.000848
0.000806
0.000689
0.000489
0.000182
-0.000113
-0.000375
-0.000792
-0.001313
-0.001651
-0.001738
-0.001625
-0.001342
-0.000997
-0.000657
-0.000296
0.000028
0.000197
0.000252
0.000244
0.000132
-0.000040
-0.000098
0.000019
0.000186
0.000430
0.000777
0.001095
0.001371
0.001581
0.001581
0.001422
0.001300
0.001102
0.000692
0.000253
-0.000120
-0.000453
-0.000712
-0.000844
-0.000778
-0.000592
-0.000474
-0.000495
-0.000574
-0.000568
-0.000494
-0.000459
-0.000400
-0.000278
-0.000154
-0.000023
0.000144
0.000402
0.000765
0.001036
0.001097
0.001011
0.000863
0.000731
0.000641
0.000626
0.000653
0.000644
0.000660
0.000739
0.000863
0.001048
0.001183
0.001134
0.000974
0.000771
0.000410
-0.000146
-0.000684
-0.001077
-0.001389
-0.001585
-0.001652
-0.001634
-0.001442
-0.001089
-0.000699
-0.000376
-0.000240
-0.000312
-0.000489
-0.000692
-0.000978
-0.001430
-0.002001
-0.002563
-0.003029
-0.003375
-0.003508
-0.003343
-0.002974
-0.002445
-0.001729
-0.000828
0.000181
0.001063
0.001767
0.002398
0.002837
0.002942
0.002807
0.002566
0.002197
0.001722
0.001260
0.000856
0.000495
0.000219
0.000046
-0.000073
-0.000150
-0.000191
-0.000252
-0.000317
-0.000371
-0.000479
-0.000569
-0.000534
-0.000565
-0.000775
-0.000858
-0.000709
-0.000538
-0.000272
0.000145
0.000467
0.000700
0.000987
0.001145
0.001077
0.000994
0.000969
0.000873
0.000713
0.000587
0.000481
0.000442
0.000549
0.000719
0.000891
0.001040
0.001001
0.000733
0.000424
0.000158
-0.000160
-0.000514
-0.000775
-0.000924
-0.000969
-0.000901
-0.000755
-0.000521
-0.000186
0.000142
0.000401
0.000605
0.000745
0.000832
0.000844
0.000814
0.000815
0.000810
0.000866
0.001044
0.001179
0.001126
0.000962
0.000735
0.000472
0.000273
0.000126
-0.000024
-0.000103
-0.000060
0.000020
0.000148
0.000427
0.000786
0.001011
0.001008
0.000877
0.000684
0.000436
0.000104
-0.000303
-0.000619
-0.000825
-0.001018
-0.001142
-0.001156
-0.001141
-0.001226
-0.001396
-0.001556
-0.001668
-0.001694
-0.001765
-0.002130
-0.002684
-0.003152
-0.003549
-0.003896
-0.003965
-0.003667
-0.003150
-0.002441
-0.001334
0.000182
0.001721
0.003113
0.004380
0.005313
0.005812
0.005923
0.005602
0.004877
0.003899
0.002767
0.001535
0.000344
-0.000580
-0.001180
-0.001578
-0.001774
-0.001801
-0.001807
-0.001786
-0.001668
-0.001453
-0.001239
-0.001169
-0.001212
-0.001235
-0.001203
-0.001135
-0.001082
-0.000987
-0.000761
-0.000505
-0.000222
0.000216
0.000746
0.001188
0.001454
0.001654
0.001870
0.001989
0.001953
0.001770
0.001526
0.001256
0.000830
0.000305
-0.000074
-0.000275
-0.000448
-0.000527
-0.000405
-0.000250
-0.000162
-0.000016
0.000202
0.000390
0.000527
0.000576
0.000505
0.000372
0.000261
0.000181
0.000090
-0.000004
-0.000138
-0.000310
-0.000414
-0.000452
-0.000479
-0.000495
-0.000470
-0.000341
-0.000106
0.000192
0.000498
0.000710
0.000751
0.000643
0.000552
0.000589
0.000675
0.000787
0.000959
0.001201
0.001551
0.001926
0.002249
0.002582
0.002842
0.002797
0.002408
0.001888
0.001313
0.000634
-0.000082
-0.000812
-0.001486
-0.001967
-0.002400
-0.002935
-0.003393
-0.003657
-0.003853
-0.004135
-0.004568
-0.005044
-0.005384
-0.005661
-0.006187
-0.006780
-0.006708
-0.005885
-0.004852
-0.003567
-0.001626
0.000624
0.002535
0.004069
0.005300
0.006153
0.006604
0.006386
0.005408
0.004272
0.003292
0.002026
0.000563
-0.000427
-0.000955
-0.001475
-0.001802
-0.001639
-0.001315
-0.001023
-0.000717
-0.000621
-0.000680
-0.000573
-0.000498
-0.000728
-0.000922
-0.000873
-0.000873
-0.000848
-0.000656
-0.000552
-0.000570
-0.000607
-0.000596
-0.000282
0.000445
0.001149
0.001506
0.001811
0.002124
0.002100
0.001812
0.001476
0.000989
0.000386
-0.000217
-0.000835
-0.001271
-0.001328
-0.001216
-0.001045
-0.000602
0.000028
0.000620
0.001201
0.001683
0.001894
0.001943
0.001878
0.001526
0.001012
0.000574
0.000178
-0.000223
-0.000574
-0.000862
-0.001085
-0.001163
-0.001090
-0.000986
-0.000851
-0.000596
-0.000237
0.000244
0.000860
0.001416
0.001855
0.002256
0.002364
0.002025
0.001581
0.001237
0.000932
0.000784
0.000889
0.001149
0.001476
0.001845
0.002177
0.002367
0.002457
0.002404
0.002096
0.001590
0.000862
-0.000043
-0.000833
-0.001482
-0.002108
-0.002645
-0.003188
-0.003906
-0.004556
-0.004901
-0.005093
-0.005282
-0.005502
-0.005800
-0.006236
-0.006785
-0.007045
-0.006409
-0.004842
-0.002902
-0.000696
0.002034
0.004881
0.007258
0.009013
0.010019
0.010174
0.009619
0.008339
0.006305
0.004121
0.002112
-0.000083
-0.002205
-0.003557
-0.004170
-0.004330
-0.003918
-0.003064
-0.002173
-0.001269
-0.000443
-0.000045
0.000079
0.000190
-0.000064
-0.000658
-0.000891
-0.000724
-0.000675
-0.000644
-0.000384
-0.000190
-0.000310
-0.000711
-0.001175
-0.001269
-0.000848
-0.000415
-0.000025
0.000769
0.001615
0.002023
0.002189
0.002293
0.002231
0.001979
0.001497
0.000803
0.000225
-0.000161
-0.000563
-0.000812
-0.000622
-0.000111
0.000484
0.001109
0.001735
0.002251
0.002459
0.002246
0.001712
0.001073
0.000365
-0.000493
-0.001318
-0.001840
-0.002089
-0.002274
-0.002294
-0.001993
-0.001557
-0.001200
-0.000897
-0.000483
0.000105
0.000660
0.001092
0.001698
0.002542
0.003292
0.003680
0.003676
0.003407
0.002950
0.002309
0.001589
0.000948
0.000483
0.000265
0.000290
0.000550
0.001082
0.001744
0.002166
0.002201
0.001978
0.001461
0.000582
-0.000475
-0.001451
-0.002266
-0.002966
-0.003706
-0.004700
-0.005767
-0.006365
-0.006491
-0.006752
-0.007347
-0.008036
-0.008766
-0.009252
-0.008843
-0.007283
-0.004792
-0.001568
0.001966
0.005187
0.008062
0.010662
0.012307
0.012555
0.011715
0.009799
0.006847
0.003737
0.001013
-0.001570
-0.003747
-0.005052
-0.005675
-0.005560
-0.004456
-0.002963
-0.001749
-0.000697
0.000201
0.000579
0.000605
0.000575
0.000293
-0.000222
-0.000567
-0.000630
-0.000542
-0.000245
0.000235
0.000548
0.000495
0.000293
0.000068
-0.000283
-0.000880
-0.002065
-0.003681
-0.004590
-0.004160
-0.003116
-0.001827
0.000145
0.002315
0.003858
0.004890
0.005508
0.005510
0.005087
0.004147
0.002424
0.000739
-0.000205
-0.000987
-0.001680
-0.001586
-0.000998
-0.000534
0.000010
0.000596
0.000812
0.000760
0.000387
-0.000635
-0.001694
-0.002149
-0.002442
-0.002757
-0.002575
-0.001929
-0.001272
-0.000600
0.000113
0.000669
0.001066
0.001303
0.001307
0.001368
0.001791
0.002333
0.002793
0.003430
0.004088
0.004201
0.003727
0.002944
0.002036
0.001121
0.000135
-0.000881
-0.001531
-0.001580
-0.001356
-0.000997
-0.000121
0.001120
0.001976
0.002213
0.002124
0.001801
0.001179
0.000410
-0.000361
-0.001442
-0.003293
-0.005685
-0.007683
-0.008742
-0.009501
-0.011000
-0.012992
-0.013852
-0.012711
-0.010400
-0.007442
-0.003186
0.002182
0.007155
0.010972
0.013954
0.016046
0.016649
0.015324
0.012169
0.008177
0.004416
0.000785
-0.002891
-0.005597
-0.006641
-0.006839
-0.006663
-0.005517
-0.003532
-0.001726
-0.000660
-0.000265
-0.000218
-0.000195
-0.000327
-0.000788
-0.001121
-0.000837
-0.000287
0.000142
0.000851
0.001968
0.002690
0.002473
0.001783
0.001084
0.000231
-0.000873
-0.001993
-0.002811
-0.003308
-0.003823
-0.004336
-0.004319
-0.003697
-0.002813
-0.001345
0.000984
0.003482
0.005598
0.007182
0.007942
0.007981
0.007512
0.006314
0.004613
0.002977
0.001261
-0.000622
-0.002082
-0.003039
-0.003816
-0.004129
-0.003884
-0.003523
-0.003020
-0.002297
-0.001699
-0.001199
-0.000613
-0.000232
-0.000121
0.000101
0.000422
0.000679
0.001019
0.001337
0.001447
0.001558
0.001725
0.001772
0.001775
0.001843
0.001920
0.002106
0.002597
0.003229
0.003601
0.003514
0.002974
0.002142
0.001225
0.000283
-0.000621
-0.001279
-0.001503
-0.001376
-0.000963
-0.000079
0.001061
0.001874
0.002285
0.002564
0.002635
0.002363
0.001924
0.001091
-0.000916
-0.004321
-0.008286
-0.011934
-0.015590
-0.019525
-0.021988
-0.020877
-0.016800
-0.011655
-0.005299
0.002635
0.010439
0.016431
0.020287
0.022213
0.022279
0.020067
0.015329
0.009393
0.004217
-0.000149
-0.004389
-0.007402
-0.008100
-0.007430
-0.006439
-0.005052
-0.003340
-0.001903
-0.001286
-0.001730
-0.002730
-0.003191
-0.003038
-0.002936
-0.002387
-0.000548
0.001977
0.003957
0.005262
0.006252
0.006456
0.005325
0.003166
0.000643
-0.001759
-0.003840
-0.005603
-0.006679
-0.006535
-0.005399
-0.003999
-0.002491
-0.000612
0.001182
0.002167
0.002290
0.001955
0.001308
0.000211
-0.000804
-0.000634
0.000967
0.003222
0.005594
0.007695
0.009102
0.009537
0.008487
0.005825
0.002489
-0.000867
-0.004580
-0.008118
-0.010260
-0.010900
-0.010381
-0.008626
-0.005963
-0.002997
0.000034
0.002518
0.003988
0.004894
0.005284
0.004768
0.003832
0.003197
0.002797
0.002569
0.002630
0.002858
0.003108
0.003157
0.002622
0.001551
0.000445
-0.000552
-0.001425
-0.001933
-0.002104
-0.002117
-0.001884
-0.001382
-0.000656
0.000298
0.001185
0.001742
0.002081
0.002406
0.002643
0.002650
0.002537
0.002458
0.002379
0.002277
0.002240
0.002144
0.001449
-0.001002
-0.006099
-0.013067
-0.020310
-0.026293
-0.029083
-0.027431
-0.022128
-0.014551
-0.005129
0.005371
0.015295
0.023297
0.028429
0.029873
0.027643
0.022575
0.015573
0.007853
0.000806
-0.004974
-0.009248
-0.011353
-0.010995
-0.009038
-0.006584
-0.004255
-0.002728
-0.002491
-0.003323
-0.004656
-0.005982
-0.006697
-0.006233
-0.004463
-0.001393
0.002927
0.007637
0.011330
0.013352
0.013606
0.011776
0.007912
0.002937
-0.002113
-0.006674
-0.010235
-0.012238
-0.012438
-0.010950
-0.008219
-0.004944
-0.001725
0.001081
0.003079
0.003988
0.003973
0.003515
0.003015
0.002744
0.002989
0.003958
0.005448
0.006313
0.005736
0.004621
0.004086
0.003415
0.001473
-0.001289
-0.004151
-0.006835
-0.008901
-0.010007
-0.009747
-0.007671
-0.004717
-0.002218
0.000255
0.002995
0.004667
0.004734
0.004128
0.003280
0.002294
0.001571
0.001172
0.001298
0.002291
0.003547
0.004179
0.004476
0.004749
0.004319
0.003129
0.001784
0.000354
-0.001162
-0.002361
-0.002992
-0.003005
-0.002384
-0.001485
-0.000859
-0.000542
-0.000269
-0.000153
-0.000302
-0.000318
0.000133
0.000899
0.001860
0.003002
0.004053
0.004775
0.005019
0.004554
0.003540
0.002568
0.001695
0.000496
-0.001046
-0.003801
-0.009233
-0.016413
-0.022868
-0.027134
-0.028050
-0.024503
-0.017412
-0.008548
0.001571
0.011837
0.020449
0.026665
0.029856
0.029046
0.024704
0.018488
0.011243
0.003779
-0.002607
-0.007320
-0.010324
-0.011472
-0.010770
-0.008983
-0.007069
-0.005599
-0.004992
-0.005374
-0.006268
-0.006897
-0.006757
-0.005508
-0.002805
0.001256
0.006036
0.010919
0.015139
0.017510
0.017323
0.014652
0.009865
0.003604
-0.002952
-0.008657
-0.012895
-0.015193
-0.015416
-0.013875
-0.010947
-0.007227
-0.003517
-0.000378
0.001778
0.002821
0.003132
0.003110
0.003138
0.003627
0.004814
0.006673
0.008944
0.011082
0.012452
0.012672
0.011483
0.008072
0.001727
-0.005581
-0.010831
-0.014090
-0.016787
-0.017664
-0.015412
-0.011429
-0.006948
-0.002428
0.001626
0.005377
0.008189
0.008457
0.007273
0.006847
0.006131
0.004055
0.002526
0.002504
0.002674
0.002598
0.002597
0.002314
0.001753
0.000832
-0.000957
-0.002803
-0.003450
-0.003439
-0.003446
-0.002591
-0.000472
0.001701
0.003015
0.003815
0.004378
0.004370
0.003311
0.001257
-0.000902
-0.002078
-0.002161
-0.001849
-0.000924
0.001180
0.003571
0.005073
0.005854
0.006108
0.005327
0.003602
0.001413
-0.001002
-0.003065
-0.004458
-0.005813
-0.007830
-0.010894
-0.015114
-0.019710
-0.022806
-0.022548
-0.018533
-0.011986
-0.004260
0.004295
0.012967
0.020128
0.024703
0.026511
0.025430
0.021445
0.015275
0.008153
0.001558
-0.003682
-0.007694
-0.010338
-0.011215
-0.010530
-0.009192
-0.007891
-0.006794
-0.006072
-0.005973
-0.006255
-0.005994
-0.004571
-0.002007
0.001480
0.005640
0.010002
0.013892
0.016448
0.016768
0.014660
0.010520
0.004724
-0.002050
-0.008403
-0.013171
-0.016067
-0.016984
-0.015879
-0.013087
-0.009340
-0.005437
-0.001996
0.000661
0.002493
0.003476
0.003856
0.004234
0.005072
0.006488
0.008342
0.010330
0.012070
0.013059
0.012749
0.010905
0.007625
0.003208
-0.001887
-0.007005
-0.011699
-0.016106
-0.019796
-0.021579
-0.020537
-0.016561
-0.010320
-0.003248
0.003345
0.009087
0.013262
0.015058
0.014857
0.013345
0.010482
0.006880
0.003685
0.001076
-0.000835
-0.001926
-0.002829
-0.003700
-0.003964
-0.003913
-0.004174
-0.004320
-0.003903
-0.003109
-0.002027
-0.000495
0.001430
0.003469
0.005325
0.006668
0.007337
0.007241
0.006273
0.004378
0.001847
-0.000711
-0.002788
-0.004057
-0.004183
-0.003049
-0.001136
0.001071
0.003303
0.004998
0.005425
0.004373
0.002218
-0.000459
-0.002912
-0.004747
-0.006065
-0.006981
-0.008107
-0.010374
-0.013555
-0.016363
-0.017557
-0.016272
-0.012318
-0.006497
0.000157
0.007145
0.013561
0.018234
0.020793
0.021161
0.019124
0.014959
0.009646
0.004165
-0.000749
-0.004722
-0.007589
-0.009181
-0.009640
-0.009305
-0.008535
-0.007615
-0.006725
-0.005970
-0.005383
-0.004607
-0.003021
-0.000589
0.002321
0.005535
0.008935
0.011933
0.013758
0.013991
0.012445
0.009096
0.004211
-0.001417
-0.006719
-0.010915
-0.013685
-0.014772
-0.014062
-0.011935
-0.008886
-0.005548
-0.002592
-0.000279
0.001418
0.002648
0.003550
0.004350
0.005462
0.007071
0.008894
0.010559
0.011775
0.012222
0.011527
0.009405
0.006057
0.001986
-0.002419
-0.006677
-0.010425
-0.013800
-0.016193
-0.017160
-0.017277
-0.015611
-0.010407
-0.003324
0.002103
0.005983
0.009541
0.012047
0.013051
0.012522
0.010543
0.008442
0.006778
0.004035
0.000821
-0.000721
-0.001604
-0.003554
-0.005380
-0.005837
-0.005651
-0.005351
-0.004731
-0.003380
-0.001082
0.001478
0.003400
0.004796
0.006302
0.007446
0.007361
0.006324
0.005311
0.004303
0.002614
0.000611
-0.000847
-0.001613
-0.002034
-0.002159
-0.001754
-0.000566
0.000810
0.001233
0.001060
0.001183
0.000947
-0.000358
-0.001762
-0.002287
-0.002278
-0.002506
-0.003647
-0.006173
-0.009945
-0.014214
-0.017798
-0.018896
-0.016149
-0.010169
-0.002881
0.004577
0.011857
0.017850
0.021079
0.021215
0.018942
0.014661
0.008928
0.002966
-0.002012
-0.005260
-0.006796
-0.007185
-0.006913
-0.006049
-0.005005
-0.004636
-0.005091
-0.005792
-0.006308
-0.006509
-0.005816
-0.003535
0.000175
0.004493
0.008636
0.012121
0.014467
0.015016
0.013224
0.009244
0.003889
-0.001931
-0.007427
-0.011752
-0.014007
-0.013921
-0.012133
-0.009487
-0.006413
-0.003326
-0.000886
0.000507
0.001026
0.001232
0.001574
0.002283
0.003647
0.005798
0.008467
0.011048
0.012819
0.013340
0.012458
0.009977
0.005988
0.001145
-0.003702
-0.007901
-0.011019
-0.012723
-0.012780
-0.012164
-0.012806
-0.014467
-0.014184
-0.010270
-0.004666
0.000669
0.005724
0.010679
0.014655
0.016362
0.015689
0.013760
0.011134
0.006991
0.001792
-0.002310
-0.004577
-0.006305
-0.007961
-0.008412
-0.007313
-0.005570
-0.003875
-0.002032
0.000277
0.002627
0.004210
0.004911
0.005549
0.006364
0.006548
0.005815
0.005036
0.004572
0.003620
0.001833
-0.000096
-0.001510
-0.002632
-0.003740
-0.004404
-0.003897
-0.002295
-0.000510
0.000874
0.001902
0.002529
0.002256
0.001039
-0.000393
-0.001503
-0.002481
-0.003704
-0.005583
-0.008730
-0.012857
-0.016539
-0.018231
-0.016908
-0.012362
-0.005693
0.001406
0.008177
0.013975
0.017778
0.018998
0.017767
0.014546
0.009914
0.004868
0.000470
-0.002544
-0.004183
-0.004906
-0.005044
-0.004888
-0.004800
-0.005158
-0.006013
-0.007009
-0.007600
-0.007509
-0.006536
-0.004204
-0.000458
0.003976
0.008243
0.011773
0.013949
0.014193
0.012360
0.008708
0.003824
-0.001506
-0.006467
-0.010292
-0.012330
-0.012432
-0.011034
-0.008783
-0.006329
-0.004123
-0.002476
-0.001548
-0.001117
-0.000710
0.000049
0.001390
0.003490
0.006212
0.009121
0.011726
0.013423
0.013714
0.012386
0.009488
0.005403
0.000795
-0.003659
-0.007329
-0.009942
-0.011429
-0.011697
-0.010898
-0.010580
-0.012491
-0.013932
-0.010644
-0.004090
0.001192
0.005250
0.009621
0.012797
0.013907
0.013216
0.011028
0.008675
0.006299
0.002021
-0.002470
-0.003844
-0.004146
-0.005934
-0.007057
-0.006069
-0.004669
-0.003613
-0.002475
-0.001058
0.000953
0.002953
0.003923
0.004473
0.005716
0.006721
0.006198
0.005014
0.004373
0.003678
0.001869
-0.000293
-0.001581
-0.002051
-0.002346
-0.002632
-0.002424
-0.001279
0.000247
0.000957
0.001117
0.001730
0.002000
0.000829
-0.000737
-0.001314
-0.001457
-0.002261
-0.004012
-0.006813
-0.010693
-0.015071
-0.018526
-0.019130
-0.015701
-0.009178
-0.001707
0.005612
0.012482
0.017729
0.019822
0.018731
0.015721
0.011539
0.006391
0.001285
-0.002244
-0.003745
-0.004004
-0.003824
-0.003555
-0.003383
-0.003731
-0.005022
-0.006921
-0.008425
-0.008798
-0.007994
-0.005824
-0.001891
0.003314
0.008469
0.012457
0.014870
0.015461
0.013813
0.009947
0.004689
-0.000851
-0.005807
-0.009624
-0.011812
-0.011961
-0.010325
-0.007925
-0.005736
-0.003973
-0.002635
-0.001984
-0.002001
-0.002042
-0.001369
0.000257
0.002748
0.005917
0.009388
0.012539
0.014521
0.014657
0.012894
0.009589
0.005219
0.000386
-0.004139
-0.007572
-0.009498
-0.010113
-0.009668
-0.008523
-0.008467
-0.009826
-0.010223
-0.009783
-0.010361
-0.009316
-0.003270
0.004749
0.011121
0.015985
0.018911
0.019127
0.016877
0.011494
0.004089
-0.001430
-0.005174
-0.009412
-0.011693
-0.009986
-0.007281
-0.005587
-0.003649
-0.001255
0.000688
0.001928
0.002426
0.002776
0.003986
0.005510
0.006071
0.006259
0.007006
0.007271
0.005719
0.003188
0.001058
-0.001031
-0.003471
-0.005410
-0.006055
-0.005317
-0.003417
-0.001170
0.000761
0.002692
0.004210
0.004196
0.002842
0.001342
0.000087
-0.001129
-0.002170
-0.002977
-0.003967
-0.006190
-0.010218
-0.014815
-0.017534
-0.016895
-0.013185
-0.007544
-0.000920
0.006239
0.012439
0.016082
0.017396
0.017036
0.014627
0.010149
0.005042
0.000756
-0.001989
-0.003324
-0.003860
-0.003904
-0.003792
-0.004063
-0.004992
-0.006115
-0.006921
-0.007313
-0.007238
-0.006254
-0.003579
0.000584
0.005032
0.008951
0.012042
0.013682
0.013308
0.010978
0.007073
0.002351
-0.002450
-0.006739
-0.009732
-0.010843
-0.010230
-0.008671
-0.006799
-0.004955
-0.003455
-0.002664
-0.002606
-0.002661
-0.002129
-0.000793
0.001235
0.003957
0.007192
0.010317
0.012535
0.013288
0.012530
0.010288
0.006688
0.002363
-0.001834
-0.005237
-0.007491
-0.008585
-0.008634
-0.007837
-0.006575
-0.005568
-0.005501
-0.006744
-0.010345
-0.015279
-0.016348
-0.010258
-0.000461
0.008709
0.016613
0.022362
0.024146
0.021361
0.014547
0.005884
-0.001622
-0.007699
-0.012735
-0.014037
-0.011015
-0.007401
-0.004992
-0.002517
-0.000039
0.001270
0.001450
0.001191
0.001505
0.003043
0.004878
0.006056
0.007320
0.008889
0.009035
0.006996
0.004130
0.001501
-0.001438
-0.004729
-0.007153
-0.007986
-0.007238
-0.005228
-0.002702
-0.000025
0.003066
0.005588
0.006035
0.004730
0.002808
0.000744
-0.001161
-0.002605
-0.003514
-0.004230
-0.006040
-0.009699
-0.014030
-0.016950
-0.016943
-0.013827
-0.008622
-0.002438
0.004371
0.010724
0.015113
0.017313
0.017518
0.015490
0.011353
0.006295
0.001705
-0.001490
-0.003264
-0.004163
-0.004401
-0.004260
-0.004273
-0.004931
-0.006066
-0.007102
-0.007693
-0.007664
-0.006683
-0.004098
-0.000078
0.004344
0.008343
0.011477
0.013239
0.013123
0.011043
0.007311
0.002722
-0.001900
-0.006030
-0.009092
-0.010482
-0.010146
-0.008723
-0.006978
-0.005319
-0.003891
-0.003025
-0.002778
-0.002566
-0.001863
-0.000538
0.001544
0.004479
0.007801
0.010839
0.012991
0.013563
0.012399
0.009843
0.006217
0.002095
-0.001772
-0.004914
-0.007016
-0.007969
-0.007986
-0.007394
-0.006570
-0.006517
-0.008392
-0.011010
-0.012114
-0.011071
-0.007994
-0.002866
0.003292
0.009030
0.013850
0.016503
0.016089
0.013600
0.009627
0.004074
-0.001288
-0.004647
-0.006558
-0.007235
-0.006431
-0.005037
-0.003665
-0.002193
-0.001086
-0.000660
-0.000132
0.000769
0.001694
0.002850
0.004527
0.006223
0.007182
0.007345
0.006755
0.005295
0.003137
0.000783
-0.001414
-0.003063
-0.003834
-0.003991
-0.003677
-0.002529
-0.000598
0.001147
0.002228
0.002832
0.002908
0.002288
0.001067
-0.000276
-0.001107
-0.000900
-0.000029
0.000494
-0.000221
-0.002861
-0.007371
-0.012865
-0.017756
-0.019868
-0.017630
-0.011687
-0.004064
0.003928
0.011306
0.016678
0.018829
0.017721
0.014268
0.009410
0.004042
-0.000667
-0.003330
-0.003625
-0.002612
-0.001389
-0.000538
-0.000501
-0.001746
-0.004240
-0.007143
-0.009307
-0.009968
-0.008852
-0.005806
-0.001050
0.004583
0.009817
0.013404
0.014738
0.013850
0.010926
0.006248
0.000778
-0.004181
-0.007811
-0.009837
-0.010188
-0.008905
-0.006570
-0.004283
-0.002942
-0.002643
-0.003046
-0.003856
-0.004548
-0.004368
-0.002701
0.000429
0.004400
0.008543
0.012183
0.014565
0.015000
0.013225
0.009709
0.005344
0.000912
-0.002940
-0.005648
-0.006868
-0.006707
-0.005813
-0.004877
-0.004224
-0.004223
-0.005858
-0.009902
-0.014093
-0.014145
-0.009744
-0.004477
0.000684
0.007248
0.013791
0.017401
0.017241
0.014022
0.009513
0.004794
-0.000815
-0.006056
-0.007637
-0.006293
-0.005490
-0.005018
-0.003147
-0.001051
-0.000377
-0.000739
-0.000972
-0.000269
0.001155
0.002436
0.003792
0.006023
0.008255
0.008648
0.007293
0.005674
0.003780
0.000792
-0.002382
-0.004197
-0.004617
-0.004346
-0.003771
-0.002828
-0.001122
0.001029
0.002265
0.002273
0.002247
0.002126
0.000991
-0.000445
-0.001017
-0.000819
-0.000324
0.000186
0.000211
-0.001263
-0.005168
-0.010881
-0.016390
-0.019662
-0.019250
-0.014766
-0.007506
0.000700
0.008600
0.014659
0.017579
0.017413
0.014747
0.010103
0.004692
-0.000009
-0.003033
-0.003842
-0.002898
-0.001340
-0.000095
0.000181
-0.000903
-0.003250
-0.006201
-0.008695
-0.009757
-0.009132
-0.006689
-0.002308
0.003134
0.008287
0.012138
0.013954
0.013356
0.010565
0.006237
0.001303
-0.003242
-0.006695
-0.008661
-0.009079
-0.008151
-0.006313
-0.004390
-0.003255
-0.003158
-0.003769
-0.004654
-0.005232
-0.004769
-0.002934
0.000068
0.003968
0.008237
0.011892
0.014053
0.014292
0.012659
0.009508
0.005414
0.001204
-0.002302
-0.004646
-0.005702
-0.005671
-0.005047
-0.004348
-0.003934
-0.004124
-0.004742
-0.006719
-0.012255
-0.018243
-0.017583
-0.009616
-0.000422
0.007499
0.014924
0.020102
0.021292
0.017768
0.010439
0.003304
-0.001374
-0.006109
-0.010041
-0.008910
-0.004893
-0.002874
-0.002361
-0.001303
-0.000534
-0.000930
-0.002032
-0.002667
-0.001120
0.002246
0.005029
0.006644
0.008488
0.009999
0.008932
0.005665
0.002623
0.000274
-0.002525
-0.005045
-0.005914
-0.005159
-0.003561
-0.002236
-0.001346
0.000278
0.002440
0.003143
0.002459
0.001968
0.001445
0.000179
-0.001072
-0.001203
-0.000111
0.001325
0.001782
0.000389
-0.003049
-0.008199
-0.014183
-0.019334
-0.021185
-0.018014
-0.010878
-0.002542
0.005731
0.013214
0.017916
0.018472
0.015509
0.010637
0.005266
0.000439
-0.003103
-0.004326
-0.002889
-0.000361
0.001428
0.001840
0.000991
-0.001194
-0.004614
-0.008229
-0.010361
-0.010093
-0.007736
-0.003642
0.001753
0.007397
0.011892
0.014138
0.013788
0.011266
0.007333
0.002528
-0.002322
-0.005958
-0.007798
-0.008173
-0.007399
-0.005714
-0.003810
-0.002619
-0.002625
-0.003539
-0.004643
-0.005318
-0.005127
-0.003684
-0.000765
0.003357
0.007789
0.011481
0.013792
0.014395
0.013016
0.009849
0.005708
0.001559
-0.001804
-0.004044
-0.005083
-0.004984
-0.004274
-0.003691
-0.003697
-0.004607
-0.006871
-0.009899
-0.012041
-0.012735
-0.011535
-0.006983
0.000426
0.007367
0.012046
0.014734
0.014952
0.012685
0.008681
0.003517
-0.001067
-0.003226
-0.004129
-0.004875
-0.004052
-0.002148
-0.001435
-0.001809
-0.002015
-0.002114
-0.002088
-0.001420
-0.000085
0.002013
0.004749
0.006990
0.007811
0.007654
0.006932
0.005023
0.002088
-0.000394
-0.001827
-0.002838
-0.003389
-0.003140
-0.002417
-0.001545
-0.000771
-0.000432
-0.000166
0.000533
0.000927
0.000500
0.000043
0.000024
0.000127
0.000301
0.000738
0.001460
0.002279
0.002238
-0.000281
-0.005324
-0.010973
-0.015887
-0.019327
-0.019393
-0.014532
-0.006322
0.002078
0.009029
0.014066
0.016516
0.015633
0.011806
0.006810
0.002493
-0.000416
-0.001975
-0.001846
0.000025
0.002263
0.002980
0.001677
-0.000811
-0.003936
-0.007342
-0.010048
-0.010758
-0.008862
-0.004854
0.000079
0.004960
0.009318
0.012306
0.012890
0.010961
0.007540
0.003693
-0.000180
-0.003648
-0.005883
-0.006427
-0.005832
-0.004937
-0.004093
-0.003464
-0.003374
-0.004036
-0.005102
-0.005825
-0.005590
-0.004154
-0.001604
0.001902
0.005986
0.009664
0.011945
0.012539
0.011627
0.009445
0.006287
0.002794
-0.000231
-0.002281
-0.003307
-0.003665
-0.003754
-0.003964
-0.004846
-0.007048
-0.010464
-0.012878
-0.012075
-0.008732
-0.004683
-0.000188
0.004563
0.008011
0.009350
0.008942
0.007496
0.005762
0.003770
0.001157
-0.000949
-0.001300
-0.001188
-0.001818
-0.002198
-0.001848
-0.001840
-0.002368
-0.002619
-0.002231
-0.001120
0.000451
0.001974
0.003468
0.005064
0.006045
0.005696
0.004556
0.003330
0.001896
0.000208
-0.001016
-0.001292
-0.001016
-0.000713
-0.000737
-0.000928
-0.000722
-0.000369
-0.000487
-0.000697
-0.000511
-0.000333
-0.000307
0.000006
0.000544
0.000943
0.001121
0.001187
0.001303
0.001524
0.001336
-0.000393
-0.004229
-0.009255
-0.014128
-0.017882
-0.018920
-0.015547
-0.008522
-0.000724
0.006049
0.011311
0.014354
0.014496
0.011934
0.007981
0.004325
0.001748
0.000116
-0.000237
0.000954
0.002513
0.002853
0.001506
-0.000905
-0.003853
-0.007045
-0.009566
-0.010293
-0.008835
-0.005571
-0.001136
0.003599
0.007721
0.010550
0.011373
0.010019
0.007348
0.004272
0.001055
-0.002052
-0.004343
-0.005317
-0.005385
-0.005275
-0.005094
-0.004752
-0.004590
-0.004950
-0.005551
-0.005788
-0.005253
-0.003734
-0.001294
0.001841
0.005368
0.008614
0.010804
0.011657
0.011257
0.009656
0.007098
0.004132
0.001431
-0.000456
-0.001664
-0.002559
-0.003128
-0.003459
-0.003958
-0.004761
-0.005802
-0.007000
-0.009045
-0.012106
-0.013637
-0.011570
-0.006942
-0.001320
0.005027
0.010758
0.014322
0.015179
0.012806
0.008382
0.004158
0.000348
-0.003314
-0.004924
-0.004240
-0.003321
-0.002736
-0.002263
-0.002222
-0.002473
-0.002558
-0.002418
-0.001393
0.001083
0.003939
0.006091
0.007618
0.008608
0.008334
0.006560
0.004180
0.001926
-0.000130
-0.001936
-0.003139
-0.003683
-0.003589
-0.003099
-0.002678
-0.002081
-0.000887
0.000275
0.000879
0.001331
0.001540
0.001227
0.000849
0.000736
0.000836
0.001324
0.001995
0.002486
0.002947
0.002747
0.000323
-0.004681
-0.011014
-0.016955
-0.020313
-0.019159
-0.013610
-0.005704
0.002499
0.009512
0.013899
0.014948
0.013060
0.009258
0.004887
0.001184
-0.001018
-0.001301
0.000173
0.002355
0.003841
0.003743
0.002007
-0.000996
-0.004737
-0.008184
-0.010162
-0.009994
-0.007688
-0.003676
0.001225
0.005911
0.009472
0.011184
0.010691
0.008387
0.005152
0.001704
-0.001411
-0.003631
-0.004679
-0.004763
-0.004413
-0.003932
-0.003470
-0.003447
-0.004094
-0.005094
-0.005930
-0.006154
-0.005317
-0.003170
0.000031
0.003795
0.007463
0.010190
0.011447
0.011229
0.009712
0.007156
0.004145
0.001441
-0.000487
-0.001562
-0.001898
-0.001671
-0.001466
-0.001807
-0.002952
-0.005275
-0.008263
-0.010911
-0.012260
-0.010922
-0.006407
-0.000869
0.003626
0.007157
0.009267
0.009112
0.007064
0.003957
0.000884
-0.000604
-0.000750
-0.000910
-0.000479
0.000754
0.001039
0.000000
-0.001130
-0.002033
-0.002720
-0.002722
-0.001902
-0.000263
0.002043
0.004207
0.005403
0.005702
0.005500
0.004598
0.002916
0.001194
0.000163
-0.000331
-0.000521
-0.000323
0.000095
0.000370
0.000154
-0.000623
-0.001364
-0.001383
-0.001150
-0.001195
-0.000894
0.000098
0.001066
0.001479
0.001484
0.001412
0.001453
0.001344
0.001025
0.001021
0.001507
0.001909
0.001577
-0.000315
-0.004415
-0.010046
-0.015841
-0.020030
-0.020338
-0.015932
-0.008779
-0.001150
0.006027
0.011508
0.014138
0.013803
0.011130
0.007381
0.003895
0.001309
-0.000079
0.000151
0.001540
0.002788
0.002821
0.001418
-0.000980
-0.004103
-0.007467
-0.009860
-0.010194
-0.008328
-0.004725
-0.000085
0.004637
0.008589
0.011004
0.011203
0.009295
0.006274
0.002902
-0.000556
-0.003529
-0.005274
-0.005688
-0.005363
-0.004807
-0.004189
-0.003750
-0.003914
-0.004722
-0.005565
-0.005791
-0.004978
-0.003086
-0.000323
0.003140
0.006749
0.009562
0.010946
0.010861
0.009504
0.007203
0.004455
0.001779
-0.000266
-0.001351
-0.001635
-0.001595
-0.001641
-0.001953
-0.002624
-0.003753
-0.005664
-0.008968
-0.012847
-0.014052
-0.010665
-0.004857
0.000781
0.005954
0.010177
0.012212
0.011298
0.007365
0.002601
-0.000272
-0.001824
-0.003151
-0.002703
-0.000446
0.000995
0.000864
0.000149
-0.000829
-0.001736
-0.002262
-0.002520
-0.001642
0.000983
0.003752
0.005306
0.006203
0.006697
0.005951
0.003841
0.001367
-0.000607
-0.001849
-0.002517
-0.002669
-0.002209
-0.001389
-0.000949
-0.001305
-0.001622
-0.001074
-0.000214
0.000244
0.000442
0.000720
0.001149
0.001511
0.001484
0.001301
0.001424
0.001490
0.001184
0.001126
0.001448
0.001569
0.001437
0.000915
-0.000942
-0.004719
-0.010010
-0.015500
-0.018916
-0.018311
-0.013674
-0.006952
0.000094
0.006587
0.011232
0.012911
0.011771
0.008898
0.005513
0.002605
0.000678
-0.000013
0.000771
0.002366
0.003379
0.003022
0.001449
-0.001102
-0.004445
-0.007556
-0.009040
-0.008375
-0.005978
-0.002295
0.002165
0.006401
0.009469
0.010719
0.009883
0.007440
0.004371
0.001193
-0.001818
-0.003944
-0.004763
-0.004667
-0.004266
-0.003740
-0.003207
-0.003082
-0.003589
-0.004457
-0.005064
-0.004931
-0.003831
-0.001763
0.001020
0.004213
0.007200
0.009180
0.009830
0.009318
0.007824
0.005593
0.003131
0.001026
-0.000278
-0.000740
-0.000761
-0.000919
-0.002260
-0.004978
-0.007166
-0.007339
-0.006255
-0.004909
-0.003188
-0.001264
0.000531
0.001674
0.001587
0.001190
0.001471
0.001539
0.000740
0.000327
0.000619
0.000626
0.000338
0.000295
0.000637
0.001095
0.001196
0.000855
0.000635
0.000789
0.000974
0.001063
0.001267
0.001772
0.002269
0.002311
0.002037
0.001825
0.001453
0.000619
-0.000319
-0.000880
-0.000755
-0.000218
0.000109
0.000350
0.000906
0.001308
0.000946
0.000107
-0.000581
-0.000858
-0.000902
-0.000838
-0.000389
0.000531
0.001377
0.001558
0.001083
0.000404
0.000011
-0.000015
0.000031
0.000189
0.000720
0.001425
0.001801
0.001806
0.001525
0.000260
-0.002999
-0.008051
-0.013233
-0.016577
-0.016681
-0.013265
-0.007437
-0.000822
0.005380
0.009817
0.011505
0.010765
0.008423
0.005229
0.002210
0.000355
-0.000122
0.000609
0.001996
0.002971
0.002899
0.001810
-0.000268
-0.003128
-0.005729
-0.006947
-0.006495
-0.004626
-0.001630
0.002081
0.005554
0.007886
0.008704
0.007870
0.005729
0.003054
0.000327
-0.002091
-0.003635
-0.004137
-0.003985
-0.003566
-0.003050
-0.002713
-0.002855
-0.003433
-0.004099
-0.004463
-0.004197
-0.003110
-0.001256
0.001163
0.003854
0.006236
0.007679
0.007985
0.007338
0.005932
0.004017
0.002172
0.000816
-0.000012
-0.000366
-0.000435
-0.000466
-0.000603
-0.001619
-0.004567
-0.008283
-0.009882
-0.008553
-0.006052
-0.003398
-0.000825
0.001356
0.003111
0.003575
0.002287
0.001019
0.000992
0.000868
0.000281
0.000272
0.000648
0.000838
0.000777
0.000394
0.000086
0.000288
0.000325
-0.000058
0.000171
0.001234
0.002217
0.002587
0.002699
0.002929
0.002972
0.002355
0.001206
0.000167
-0.000593
-0.001252
-0.001692
-0.001561
-0.000882
-0.000221
-0.000011
-0.000102
-0.000143
-0.000157
-0.000218
-0.000213
-0.000038
0.000430
0.000950
0.001041
0.000768
0.000487
0.000131
-0.000297
-0.000462
-0.000302
0.000078
0.000496
0.000811
0.001107
0.001557
0.002028
0.002085
0.001288
-0.000553
-0.003185
-0.006416
-0.010161
-0.013327
-0.013961
-0.011462
-0.007095
-0.002265
0.002283
0.005966
0.008047
0.007971
0.006074
0.003788
0.002267
0.001396
0.000976
0.001394
0.002546
0.003432
0.003219
0.001982
0.000201
-0.001900
-0.003973
-0.005240
-0.005164
-0.003640
-0.001044
0.001704
0.004033
0.005848
0.006604
0.005689
0.003690
0.001614
-0.000370
-0.002225
-0.003425
-0.003665
-0.003236
-0.002546
-0.002115
-0.002254
-0.002629
-0.002899
-0.003139
-0.003338
-0.003039
-0.001940
-0.000321
0.001439
0.003282
0.004945
0.005877
0.005868
0.005038
0.003790
0.002703
0.001888
0.001072
0.000439
0.000402
0.000680
0.000622
-0.000672
-0.003331
-0.005750
-0.006749
-0.006937
-0.006753
-0.005438
-0.003187
-0.000467
0.002294
0.003838
0.004173
0.004269
0.003554
0.001602
0.000039
-0.000727
-0.001495
-0.001679
-0.000921
-0.000022
0.000785
0.001340
0.001110
0.000798
0.001181
0.001655
0.001931
0.002357
0.002886
0.003299
0.003448
0.003095
0.002218
0.001026
-0.000186
-0.001166
-0.001832
-0.001890
-0.001386
-0.000826
-0.000331
0.000240
0.000608
0.000608
0.000564
0.000566
0.000636
0.000811
0.000857
0.000774
0.000669
0.000320
-0.000216
-0.000450
-0.000419
-0.000390
-0.000211
0.000090
0.000387
0.000672
0.000949
0.001196
0.001397
0.001253
0.000393
-0.001030
-0.002770
-0.004426
-0.005961
-0.007948
-0.009710
-0.009486
-0.007005
-0.003835
-0.000963
0.001746
0.004063
0.005305
0.005110
0.004115
0.003277
0.002785
0.002290
0.001808
0.001852
0.002285
0.002372
0.001681
0.000493
-0.000678
-0.001747
-0.002585
-0.002849
-0.002229
-0.000821
0.000828
0.002121
0.003011
0.003689
0.003679
0.002718
0.001320
0.000116
-0.000857
-0.001716
-0.002174
-0.002195
-0.002071
-0.002011
-0.002061
-0.002297
-0.002519
-0.002427
-0.002205
-0.001934
-0.001277
-0.000120
0.001154
0.002281
0.003232
0.003878
0.004153
0.003991
0.003355
0.002721
0.002361
0.001943
0.000876
-0.001045
-0.002814
-0.003620
-0.003714
-0.003355
-0.002107
-0.000377
0.001181
0.002371
0.002274
0.000968
-0.000106
-0.000821
-0.001891
-0.002234
-0.001474
-0.000990
-0.000778
-0.000235
0.000014
-0.000215
-0.000449
-0.000779
-0.000728
0.000307
0.001676
0.002826
0.003722
0.004213
0.004206
0.003644
0.002563
0.001351
0.000404
-0.000370
-0.000998
-0.001453
-0.001582
-0.001286
-0.001047
-0.001115
-0.000882
-0.000089
0.000571
0.000771
0.000795
0.000911
0.001109
0.001093
0.000822
0.000546
0.000387
0.000288
0.000020
-0.000534
-0.001004
-0.001031
-0.000879
-0.000767
-0.000621
-0.000471
-0.000278
0.000088
0.000517
0.000866
0.001003
0.000526
-0.000706
-0.002215
-0.003393
-0.003874
-0.003722
-0.003500
-0.003607
-0.003650
-0.003269
-0.003039
-0.003281
-0.002990
-0.001563
-0.000091
0.000725
0.001505
0.002487
0.003231
0.003302
0.002629
0.001714
0.001204
0.000948
0.000418
-0.000124
-0.000188
0.000081
0.000285
0.000328
0.000272
0.000235
0.000238
0.000101
0.000018
0.000409
0.000972
0.001027
0.000789
0.000861
0.000795
0.000063
-0.000730
-0.001071
-0.001314
-0.001614
-0.001727
-0.001714
-0.001595
-0.001246
-0.000838
-0.000564
-0.000302
0.000076
0.000483
0.000880
0.001176
0.001290
0.001278
0.001235
0.001238
0.001232
0.001024
0.000646
0.000608
0.001148
0.001671
0.001404
0.000355
-0.000570
-0.000663
-0.000295
-0.000113
-0.000064
0.000110
0.000203
-0.000045
-0.000677
-0.001587
-0.002294
-0.002436
-0.002225
-0.001886
-0.001304
-0.000510
0.000165
0.000590
0.000939
0.001274
0.001285
0.000914
0.000663
0.000738
0.000889
0.001072
0.001289
0.001349
0.001300
0.001110
0.000571
-0.000103
-0.000486
-0.000619
-0.000719
-0.000622
-0.000212
0.000326
0.000784
0.001031
0.001049
0.000880
0.000579
0.000250
0.000047
0.000138
0.000366
0.000399
0.000305
0.000363
0.000476
0.000337
-0.000092
-0.000655
-0.001186
-0.001482
-0.001498
-0.001356
-0.001030
-0.000432
0.000364
0.000907
0.000874
0.000384
-0.000520
-0.001855
-0.003146
-0.003730
-0.003638
-0.003164
-0.002341
-0.001345
-0.000496
0.000049
0.000157
-0.000139
-0.000508
-0.000735
-0.000674
-0.000203
0.000550
0.001343
0.002049
0.002542
0.002475
0.001810
0.000979
0.000238
-0.000462
-0.000827
-0.000479
0.000203
0.000698
0.001071
0.001554
0.001810
0.001561
0.001041
0.000480
0.000087
-0.000046
-0.000128
-0.000253
-0.000198
0.000006
0.000065
-0.000083
-0.000307
-0.000556
-0.000773
-0.000972
-0.001147
-0.001074
-0.000778
-0.000529
-0.000198
0.000463
0.001096
0.001336
0.001361
0.001333
0.001089
0.000563
0.000008
-0.000144
0.000318
0.001190
0.002139
0.002705
0.002475
0.001675
0.000794
-0.000137
-0.001033
-0.001450
-0.001232
-0.000809
-0.000558
-0.000468
-0.000506
-0.000614
-0.000712
-0.000797
-0.000796
-0.000504
0.000042
0.000458
0.000514
0.000432
0.000406
0.000255
-0.000041
-0.000156
0.000017
0.000121
0.000009
0.000055
0.000443
0.000736
0.000646
0.000541
0.000613
0.000650
0.000619
0.000645
0.000655
0.000498
0.000244
0.000177
0.000253
0.000160
0.000116
0.000403
0.000757
0.000908
0.000871
0.000613
0.000130
-0.000300
-0.000525
-0.000662
-0.000725
-0.000652
-0.000528
-0.000560
-0.000761
-0.000863
-0.000981
-0.001523
-0.002180
-0.002188
-0.001513
-0.000753
-0.000238
0.000071
0.000238
0.000236
0.000090
-0.000294
-0.000870
-0.001252
-0.001155
-0.000730
-0.000358
0.000046
0.000593
0.000932
0.000854
0.000669
0.000678
0.000697
0.000546
0.000333
0.000318
0.000496
0.000544
0.000316
-0.000091
-0.000372
-0.000367
-0.000253
-0.000325
-0.000429
-0.000125
0.000304
0.000352
0.000178
0.000175
0.000161
-0.000121
-0.000330
-0.000190
-0.000046
-0.000266
-0.000546
-0.000506
-0.000265
-0.000089
-0.000056
-0.000100
-0.000112
0.000061
0.000358
0.000533
0.000508
0.000507
0.000704
0.000876
0.000812
0.000621
0.000420
0.000219
0.000155
0.000094
-0.000218
-0.000490
-0.000412
-0.000181
-0.000117
-0.000206
-0.000195
0.000073
0.000437
0.000498
0.000175
-0.000235
-0.000503
-0.000496
-0.000301
-0.000224
-0.000278
-0.000214
-0.000045
0.000091
0.000115
-0.000040
-0.000236
-0.000260
-0.000069
0.000167
0.000217
0.000083
0.000047
0.000179
0.000238
0.000180
0.000113
0.000070
0.000097
0.000169
0.000106
-0.000079
-0.000155
-0.000032
0.000219
0.000400
0.000348
0.000169
0.000096
0.000189
0.000230
0.000054
-0.000199
-0.000380
-0.000513
-0.000574
-0.000493
-0.000476
-0.000701
-0.000749
-0.000307
0.000190
0.000221
0.000013
0.000013
0.000204
0.000238
-0.000178
-0.000852
-0.001212
-0.001125
-0.000995
-0.000993
-0.001101
-0.001108
-0.001016
-0.001030
-0.001148
-0.001223
-0.001163
-0.000882
-0.000316
0.000424
0.000989
0.001164
0.001218
0.001238
0.001113
0.000710
0.000148
-0.000235
-0.000418
-0.000544
-0.000557
-0.000450
-0.000399
-0.000341
-0.000004
0.000378
0.000291
0.000016
0.000043
0.000308
0.000475
0.000437
0.000366
0.000300
0.000258
0.000319
0.000365
0.000153
-0.000232
-0.000420
-0.000406
-0.000418
-0.000418
-0.000371
-0.000374
-0.000242
0.000117
0.000292
0.000158
0.000168
0.000524
0.000844
0.000681
0.000286
0.000216
0.000322
0.000228
0.000119
0.000138
0.000093
0.000088
0.000373
0.000745
0.000796
0.000518
0.000281
0.000270
0.000271
0.000126
-0.000082
-0.000230
-0.000211
-0.000003
0.000161
0.000071
-0.000083
-0.000032
0.000073
-0.000004
-0.000059
0.000113
0.000297
0.000411
0.000686
0.001046
0.001163
0.001016
0.000754
0.000447
0.000125
-0.000139
-0.000255
-0.000222
-0.000021
0.000371
0.000744
0.000816
0.000734
0.000747
0.000755
0.000536
0.000065
-0.000500
-0.000941
-0.001110
-0.001117
-0.001036
-0.000815
-0.000459
0.000009
0.000387
0.000339
0.000012
-0.000105
-0.000119
-0.000316
-0.000354
-0.000168
-0.000203
-0.000404
-0.000489
-0.000507
-0.000612
-0.000875
-0.001124
-0.001107
-0.000904
-0.000671
-0.000378
-0.000118
-0.000026
0.000080
0.000391
0.000646
0.000575
0.000341
0.000247
0.000321
0.000271
0.000015
-0.000188
-0.000238
-0.000197
-0.000152
-0.000229
-0.000400
-0.000414
-0.000116
0.000212
0.000308
0.000333
0.000398
0.000425
0.000465
0.000584
0.000474
0.000000
-0.000266
-0.000036
0.000199
0.000046
-0.000281
-0.000377
-0.000199
0.000009
0.000119
0.000193
0.000239
0.000310
0.000559
0.000790
0.000647
0.000278
0.000151
0.000337
0.000464
0.000352
0.000225
0.000276
0.000379
0.000361
0.000308
0.000235
0.000122
0.000219
0.000418
0.000377
0.000281
0.000392
0.000508
0.000493
0.000456
0.000261
-0.000180
-0.000507
-0.000402
-0.000185
-0.000216
-0.000294
-0.000156
0.000244
0.000658
0.000727
0.000562
0.000454
0.000401
0.000362
0.000394
0.000386
0.000126
-0.000215
-0.000215
0.000162
0.000447
0.000437
0.000491
0.000788
0.000966
0.000736
0.000268
-0.000247
-0.000629
-0.000726
-0.000667
-0.000697
-0.000771
-0.000752
-0.000727
-0.000729
-0.000773
-0.000917
-0.000902
-0.000529
-0.000223
-0.000280
-0.000424
-0.000458
-0.000455
-0.000426
-0.000359
-0.000285
-0.000302
-0.000488
-0.000668
-0.000692
-0.000638
-0.000674
-0.000819
-0.000859
-0.000622
-0.000277
-0.000034
0.000161
0.000284
0.000335
0.000420
0.000344
0.000013
-0.000166
-0.000077
-0.000123
-0.000319
-0.000308
-0.000125
-0.000178
-0.000554
-0.000830
-0.000807
-0.000747
-0.000719
-0.000537
-0.000352
-0.000303
-0.000155
0.000124
0.000283
0.000286
0.000321
0.000438
0.000444
0.000292
0.000208
0.000289
0.000236
0.000008
0.000020
0.000184
0.000116
-0.000085
-0.000141
-0.000062
0.000012
0.000114
0.000263
0.000292
0.000306
0.000583
0.000822
0.000623
0.000353
0.000487
0.000637
0.000330
-0.000018
0.000001
0.000083
0.000017
0.000031
0.000142
0.000072
-0.000119
-0.000079
0.000085
0.000018
-0.000070
0.000160
0.000376
0.000267
0.000229
0.000512
0.000655
0.000412
0.000194
0.000240
0.000212
0.000023
0.000004
0.000033
-0.000117
-0.000176
-0.000002
0.000106
0.000008
-0.000058
-0.000042
-0.000168
-0.000324
-0.000195
-0.000026
-0.000227
-0.000487
-0.000384
-0.000268
-0.000516
-0.000698
-0.000446
-0.000129
-0.000057
-0.000100
-0.000106
-0.000181
-0.000397
-0.000488
-0.000400
-0.000337
-0.000252
-0.000148
-0.000289
-0.000648
-0.000828
-0.000683
-0.000527
-0.000459
-0.000254
-0.000041
-0.000077
-0.000169
-0.000084
0.000002
0.000034
0.000166
0.000258
0.000082
-0.000145
-0.000188
-0.000295
-0.000541
-0.000562
-0.000268
-0.000035
-0.000047
-0.000008
0.000239
0.000431
0.000388
0.000239
0.000159
0.000121
0.000064
0.000169
0.000400
0.000377
0.000200
0.000288
0.000452
0.000278
-0.000081
-0.000222
-0.000156
-0.000062
0.000050
0.000158
0.000242
0.000358
0.000473
0.000475
0.000375
0.000378
0.000481
0.000451
0.000402
0.000485
0.000502
0.000358
0.000247
0.000288
0.000325
0.000231
0.000105
0.000069
0.000026
-0.000053
0.000010
0.000138
0.000132
0.000136
0.000260
0.000267
0.000080
-0.000025
0.000074
0.000141
0.000035
-0.000033
0.000099
0.000160
0.000053
0.000041
0.000160
0.000343
0.000521
0.000525
0.000404
0.000361
0.000346
0.000249
0.000136
0.000078
0.000114
0.000130
-0.000006
-0.000102
0.000073
0.000301
0.000285
0.000243
0.000422
0.000511
0.000229
-0.000147
-0.000252
-0.000174
-0.000192
-0.000328
-0.000436
-0.000392
-0.000247
-0.000106
0.000001
0.000048
-0.000007
-0.000122
-0.000185
-0.000235
-0.000299
-0.000193
0.000064
0.000170
0.000095
0.000002
-0.000139
-0.000422
-0.000705
-0.000721
-0.000502
-0.000304
-0.000165
0.000009
0.000176
0.000301
0.000355
0.000292
0.000121
0.000031
0.000158
0.000244
0.000188
0.000186
0.000171
0.000061
0.000039
0.000100
-0.000017
-0.000380
-0.000708
-0.000713
-0.000492
-0.000275
-0.000047
0.000216
0.000319
0.000276
0.000257
0.000216
0.000068
-0.000107
-0.000073
0.000146
0.000210
0.000116
0.000128
0.000202
0.000172
0.000190
0.000328
0.000315
0.000170
0.000145
0.000201
0.000114
-0.000076
-0.000028
0.000231
0.000311
0.000211
0.000142
0.000027
-0.000167
-0.000227
-0.000129
-0.000127
-0.000203
-0.000121
0.000017
-0.000040
-0.000158
-0.000075
0.000056
0.000035
0.000040
0.000124
0.000071
-0.000084
-0.000163
-0.000157
-0.000099
-0.000044
-0.000120
-0.000296
-0.000389
-0.000349
-0.000235
-0.000147
-0.000155
-0.000111
0.000082
0.000130
-0.000174
-0.000478
-0.000389
-0.000067
0.000136
0.000174
0.000190
0.000190
0.000133
0.000066
-0.000058
-0.000256
-0.000370
-0.000343
-0.000232
-0.000059
0.000124
0.000225
0.000271
0.000359
0.000403
0.000259
0.000037
-0.000042
0.000041
0.000133
0.000138
0.000029
-0.000205
-0.000425
-0.000445
-0.000374
-0.000488
-0.000772
-0.000852
-0.000505
-0.000126
-0.000132
-0.000294
-0.000185
0.000119
0.000274
0.000151
-0.000174
-0.000458
-0.000492
-0.000320
-0.000247
-0.000469
-0.000678
-0.000510
-0.000113
0.000094
0.000005
-0.000100
-0.000029
0.000138
0.000237
0.000159
-0.000047
-0.000140
0.000007
0.000127
0.000012
-0.000149
-0.000213
-0.000173
-0.000052
0.000017
-0.000112
-0.000422
-0.000608
-0.000368
0.000092
0.000283
0.000195
0.000242
0.000465
0.000478
0.000140
-0.000300
-0.000610
-0.000686
-0.000439
-0.000111
-0.000098
-0.000231
-0.000101
0.000264
0.000494
0.000447
0.000338
0.000355
0.000466
0.000489
0.000288
-0.000097
-0.000402
-0.000366
-0.000113
0.000062
0.000091
0.000119
0.000182
0.000205
0.000208
0.000265
0.000348
0.000324
0.000258
0.000262
0.000153
-0.000179
-0.000414
-0.000331
-0.000261
-0.000436
-0.000722
-0.000917
-0.000853
-0.000569
-0.000327
-0.000241
-0.000134
0.000136
0.000451
0.000592
0.000497
0.000289
0.000127
0.000090
0.000160
0.000261
0.000259
0.000119
0.000060
0.000114
0.000068
-0.000016
0.000050
0.000291
0.000582
0.000780
0.000806
0.000583
0.000236
0.000103
0.000185
0.000147
-0.000088
-0.000154
0.000135
0.000353
0.000181
-0.000043
-0.000015
0.000157
0.000331
0.000442
0.000418
0.000253
0.000102
0.000091
0.000078
-0.000025
-0.000062
0.000011
0.000023
-0.000091
-0.000126
-0.000057
-0.000111
-0.000175
-0.000026
0.000115
0.000038
-0.000032
0.000087
0.000231
0.000232
0.000165
0.000109
0.000055
0.000031
0.000030
-0.000011
-0.000123
-0.000190
-0.000103
-0.000008
-0.000072
-0.000174
-0.000067
0.000086
0.000049
-0.000042
-0.000110
-0.000150
-0.000081
0.000079
0.000128
0.000006
-0.000037
0.000075
0.000059
-0.000115
-0.000107
0.000085
0.000166
0.000179
0.000301
0.000383
0.000251
0.000106
0.000072
0.000002
-0.000046
0.000009
0.000051
0.000010
-0.000008
0.000047
0.000027
-0.000049
-0.000032
0.000019
-0.000007
-0.000071
-0.000071
0.000005
0.000039
-0.000000
0.000070
0.000271
0.000340
0.000285
0.000335
0.000356
0.000144
-0.000096
-0.000161
-0.000212
-0.000358
-0.000414
-0.000316
-0.000268
-0.000276
-0.000136
-0.000004
-0.000034
0.000101
0.000377
0.000368
0.000225
0.000338
0.000507
0.000355
0.000065
-0.000021
-0.000034
-0.000178
-0.000302
-0.000274
-0.000284
-0.000362
-0.000289
-0.000097
0.000004
0.000025
0.000170
0.000423
0.000572
0.000618
0.000616
0.000447
0.000208
0.000178
0.000265
0.000144
-0.000095
-0.000081
0.000138
0.000168
-0.000023
-0.000028
0.000162
0.000137
-0.000008
0.000066
0.000147
-0.000013
-0.000098
0.000077
0.000166
-0.000021
-0.000259
-0.000398
-0.000462
-0.000375
-0.000142
-0.000064
-0.000186
-0.000158
0.000028
0.000035
-0.000222
-0.000450
-0.000382
-0.000202
-0.000243
-0.000470
-0.000559
-0.000448
-0.000388
-0.000419
-0.000388
-0.000360
-0.000414
-0.000409
-0.000350
-0.000337
-0.000263
-0.000077
0.000076
0.000199
0.000365
0.000390
0.000162
-0.000058
-0.000073
-0.000071
-0.000196
-0.000235
-0.000082
0.000067
0.000119
0.000134
0.000160
0.000202
0.000202
0.000135
-0.000003
-0.000226
-0.000447
-0.000512
-0.000417
-0.000386
-0.000446
-0.000276
0.000106
0.000263
0.000123
0.000015
-0.000009
-0.000102
-0.000140
-0.000077
-0.000119
-0.000139
0.000083
0.000230
0.000051
-0.000155
-0.000176
-0.000199
-0.000291
-0.000197
0.000049
0.000124
0.000081
0.000214
0.000507
0.000693
0.000628
0.000452
0.000324
0.000151
-0.000130
-0.000370
-0.000494
-0.000478
-0.000267
-0.000010
0.000001
-0.000137
-0.000058
0.000095
0.000016
-0.000108
-0.000094
-0.000091
-0.000132
-0.000038
0.000125
0.000117
0.000058
0.000187
0.000287
0.000043
-0.000260
-0.000232
-0.000142
-0.000228
-0.000142
0.000193
0.000320
0.000163
0.000156
0.000358
0.000305
-0.000065
-0.000254
-0.000138
-0.000090
-0.000236
-0.000311
-0.000187
-0.000058
0.000027
0.000186
0.000212
0.000018
-0.000023
0.000173
0.000235
0.000124
0.000074
-0.000001
-0.000151
-0.000255
-0.000331
-0.000472
-0.000577
-0.000396
-0.000119
-0.000184
-0.000502
-0.000587
-0.000303
-0.000050
0.000014
0.000095
0.000114
-0.000032
-0.000092
0.000003
-0.000090
-0.000337
-0.000334
-0.000054
0.000199
0.000291
0.000375
0.000470
0.000401
0.000199
0.000030
-0.000070
-0.000126
-0.000118
-0.000035
0.000042
0.000041
0.000043
0.000138
0.000235
0.000259
0.000278
0.000270
0.000214
0.000254
0.000417
0.000483
0.000360
0.000267
0.000324
0.000351
0.000216
0.000017
-0.000126
-0.000188
-0.000110
0.000044
0.000004
-0.000144
0.000012
0.000382
0.000505
0.000412
0.000413
0.000490
0.000445
0.000224
0.000005
-0.000099
-0.000210
-0.000334
-0.000304
-0.000137
-0.000067
-0.000128
-0.000094
0.000043
0.000119
0.000129
0.000112
0.000103
0.000148
0.000210
0.000210
0.000139
0.000082
0.000093
0.000016
-0.000239
-0.000399
-0.000304
-0.000095
0.000135
0.000285
0.000262
0.000160
0.000134
0.000183
0.000186
0.000138
0.000120
0.000120
0.000091
0.000007
-0.000116
-0.000162
-0.000072
0.000025
0.000029
0.000032
0.000080
0.000095
0.000112
0.000147
0.000155
0.000154
0.000107
0.000041
0.000046
0.000089
0.000066
-0.000101
-0.000198
-0.000017
0.000178
0.000058
-0.000193
-0.000202
-0.000087
-0.000062
-0.000052
-0.000093
-0.000188
-0.000191
-0.000149
-0.000186
-0.000232
-0.000148
-0.000024
0.000009
0.000035
0.000135
0.000207
0.000148
0.000057
0.000034
0.000008
-0.000068
-0.000113
-0.000108
-0.000120
-0.000142
-0.000121
-0.000049
-0.000002
0.000014
0.000070
0.000119
0.000092
0.000016
-0.000035
-0.000059
-0.000040
0.000108
0.000324
0.000435
0.000407
0.000428
0.000507
0.000483
0.000427
0.000388
0.000319
0.000255
0.000214
0.000162
0.000044
-0.000023
0.000068
0.000116
0.000003
-0.000072
-0.000026
0.000039
0.000075
0.000033
-0.000084
-0.000164
-0.000140
-0.000088
-0.000081
-0.000077
-0.000120
-0.000239
-0.000319
-0.000411
-0.000572
-0.000622
-0.000548
-0.000530
-0.000500
-0.000341
-0.000207
-0.000182
-0.000141
-0.000025
0.000084
0.000126
0.000117
0.000059
0.000009
-0.000027
-0.000139
-0.000294
-0.000324
-0.000236
-0.000246
-0.000386
-0.000449
-0.000379
-0.000313
-0.000260
-0.000158
-0.000029
0.000099
0.000201
0.000288
0.000327
0.000260
0.000149
0.000101
0.000128
0.000111
-0.000013
-0.000162
-0.000235
-0.000222
-0.000228
-0.000282
-0.000263
-0.000153
-0.000116
-0.000152
-0.000176
-0.000178
-0.000077
0.000084
0.000067
-0.000120
-0.000200
-0.000142
-0.000109
-0.000151
-0.000194
-0.000155
-0.000077
-0.000055
-0.000065
-0.000063
-0.000095
-0.000092
0.000034
0.000150
0.000157
0.000049
-0.000081
-0.000098
-0.000089
-0.000116
-0.000097
-0.000023
0.000025
0.000039
0.000085
0.000112
0.000053
-0.000008
0.000013
0.000067
0.000087
0.000102
0.000165
0.000227
0.000218
0.000178
0.000091
-0.000081
-0.000172
-0.000135
-0.000142
-0.000229
-0.000256
-0.000135
-0.000001
0.000017
0.000013
0.000020
0.000037
0.000120
0.000184
0.000100
-0.000062
-0.000078
0.000070
0.000136
0.000052
-0.000031
-0.000073
-0.000117
-0.000183
-0.000262
-0.000293
-0.000229
-0.000102
0.000046
0.000154
0.000184
0.000180
0.000252
0.000411
0.000401
0.000121
-0.000178
-0.000319
-0.000315
-0.000308
-0.000417
-0.000473
-0.000321
-0.000176
-0.000184
-0.000192
-0.000134
-0.000097
-0.000130
-0.000110
0.000008
-0.000002
-0.000144
-0.000151
-0.000036
-0.000016
-0.000055
-0.000022
0.000031
0.000066
0.000070
0.000003
-0.000014
0.000123
0.000296
0.000368
0.000393
0.000407
0.000348
0.000316
0.000367
0.000380
0.000324
0.000266
0.000251
0.000241
0.000202
0.000180
0.000155
0.000097
0.000125
0.000230
0.000234
0.000164
0.000178
0.000270
0.000285
0.000194
0.000169
0.000249
0.000249
0.000143
0.000087
0.000088
0.000076
0.000044
0.000026
-0.000006
-0.000070
-0.000030
0.000101
0.000063
-0.000142
-0.000173
0.000016
0.000103
0.000009
-0.000072
-0.000060
-0.000060
-0.000076
0.000031
0.000129
0.000021
-0.000114
-0.000126
-0.000124
-0.000093
0.000080
0.000219
0.000146
0.000006
-0.000054
-0.000062
-0.000043
0.000076
0.000221
0.000195
0.000062
0.000063
0.000177
0.000157
0.000048
0.000056
0.000084
-0.000020
-0.000052
0.000111
0.000153
-0.000046
-0.000115
0.000115
0.000268
0.000148
0.000074
0.000136
0.000083
-0.000036
-0.000002
0.000062
-0.000040
-0.000170
-0.000147
-0.000091
-0.000076
-0.000043
-0.000123
-0.000274
-0.000212
0.000029
0.000149
0.000134
0.000209
0.000357
0.000365
0.000244
0.000166
0.000107
0.000008
-0.000002
0.000037
-0.000031
-0.000082
0.000021
0.000121
0.000039
-0.000097
-0.000046
0.000158
0.000275
0.000211
0.000096
-0.000006
-0.000136
-0.000190
-0.000120
-0.000111
-0.000188
-0.000164
-0.000053
-0.000025
-0.000072
-0.000128
-0.000217
-0.000211
0.000024
0.000312
0.000436
0.000444
0.000487
0.000539
0.000555
0.000528
0.000406
0.000277
0.000242
0.000232
0.000142
-0.000027
-0.000126
-0.000026
0.000055
-0.000092
-0.000238
-0.000180
-0.000066
-0.000072
-0.000143
-0.000161
-0.000113
-0.000051
-0.000020
-0.000031
-0.000081
-0.000134
-0.000183
-0.000282
-0.000424
-0.000450
-0.000303
-0.000186
-0.000197
-0.000236
-0.000234
-0.000191
-0.000196
-0.000312
-0.000391
-0.000335
-0.000282
-0.000313
-0.000324
-0.000235
-0.000156
-0.000195
-0.000237
-0.000149
-0.000059
-0.000114
-0.000205
-0.000213
-0.000164
-0.000141
-0.000190
-0.000222
-0.000134
0.000008
0.000056
-0.000005
-0.000053
-0.000009
0.000064
0.000095
0.000096
0.000075
0.000066
0.000119
0.000174
0.000146
0.000085
0.000076
0.000107
0.000063
-0.000069
-0.000177
-0.000210
-0.000169
-0.000150
-0.000217
-0.000337
-0.000439
-0.000484
-0.000478
-0.000361
-0.000245
-0.000232
-0.000145
0.000042
0.000180
0.000222
0.000176
0.000110
0.000192
0.000340
0.000243
-0.000006
-0.000038
0.000111
0.000107
-0.000047
-0.000123
-0.000130
-0.000157
-0.000113
0.000004
-0.000007
-0.000073
0.000071
0.000299
0.000314
0.000152
0.000034
0.000031
0.000034
-0.000021
-0.000107
-0.000217
-0.000267
-0.000193
-0.000131
-0.000218
-0.000312
-0.000234
-0.000098
-0.000016
0.000045
0.000043
-0.000006
0.000027
0.000157
0.000296
0.000334
0.000232
0.000123
0.000046
-0.000031
-0.000035
0.000038
0.000110
0.000115
0.000070
0.000017
-0.000046
-0.000068
-0.000009
0.000023
-0.000036
-0.000101
-0.000151
-0.000186
-0.000110
0.000108
0.000250
0.000071
-0.000216
-0.000269
-0.000197
-0.000305
-0.000506
-0.000532
-0.000367
-0.000103
-0.000002
-0.000145
-0.000225
-0.000129
-0.000077
-0.000187
-0.000288
-0.000241
-0.000171
-0.000207
-0.000213
-0.000076
0.000087
0.000174
0.000197
0.000167
0.000150
0.000213
0.000252
0.000201
0.000140
0.000088
0.000033
0.000018
0.000069
0.000134
0.000196
0.000231
0.000163
0.000105
0.000206
0.000306
0.000266
0.000250
0.000313
0.000387
0.000435
0.000402
0.000333
0.000297
0.000296
0.000266
0.000207
0.000205
0.000222
0.000151
0.000033
0.000011
0.000094
0.000162
0.000193
0.000191
0.000147
0.000122
0.000166
0.000255
0.000296
0.000219
0.000066
-0.000019
-0.000008
-0.000036
-0.000115
-0.000161
-0.000189
-0.000220
-0.000142
0.000002
0.000004
-0.000075
-0.000057
0.000029
0.000084
0.000082
0.000048
-0.000003
-0.000030
0.000029
0.000151
0.000171
0.000008
-0.000118
-0.000076
-0.000020
-0.000034
-0.000048
0.000023
0.000151
0.000195
0.000127
0.000092
0.000144
0.000168
0.000137
0.000113
0.000064
0.000020
0.000093
0.000171
0.000094
-0.000011
-0.000007
-0.000007
-0.000063
-0.000058
-0.000026
-0.000081
-0.000112
0.000010
0.000132
0.000080
-0.000034
-0.000073
-0.000042
0.000043
0.000136
0.000111
-0.000001
-0.000046
-0.000032
-0.000011
0.000003
-0.000068
-0.000142
-0.000039
0.000121
0.000095
-0.000056
-0.000092
0.000009
0.000103
0.000122
0.000021
-0.000101
0.000012
0.000224
0.000198
0.000035
-0.000027
-0.000050
-0.000143
-0.000164
-0.000101
-0.000116
-0.000140
-0.000066
0.000006
-0.000001
-0.000002
-0.000030
-0.000121
-0.000026
0.000233
0.000317
0.000256
0.000307
0.000414
0.000391
0.000308
0.000327
0.000379
0.000415
0.000481
0.000429
0.000233
0.000145
0.000206
0.000191
0.000054
-0.000082
-0.000158
-0.000128
-0.000054
-0.000096
-0.000226
-0.000217
-0.000079
-0.000076
-0.000197
-0.000270
-0.000306
-0.000316
-0.000218
-0.000112
-0.000212
-0.000392
-0.000381
-0.000244
-0.000157
-0.000142
-0.000189
-0.000240
-0.000198
-0.000160
-0.000251
-0.000366
-0.000401
-0.000323
-0.000149
-0.000019
-0.000030
-0.000127
-0.000165
-0.000090
-0.000041
-0.000106
-0.000210
-0.000248
-0.000127
0.000035
-0.000042
-0.000237
-0.000220
-0.000064
-0.000007
-0.000104
-0.000231
-0.000270
-0.000191
-0.000015
0.000115
0.000033
-0.000194
-0.000270
-0.000089
0.000078
0.000050
0.000013
0.000054
0.000065
0.000045
-0.000028
-0.000199
-0.000292
-0.000183
-0.000061
-0.000081
-0.000156
-0.000142
-0.000068
-0.000025
-0.000043
-0.000129
-0.000171
-0.000061
0.000166
0.000324
0.000238
0.000037
-0.000058
-0.000005
0.000048
-0.000049
-0.000190
-0.000193
-0.000082
-0.000005
-0.000037
-0.000117
-0.000152
-0.000069
0.000082
0.000143
0.000028
-0.000072
0.000063
0.000218
0.000118
-0.000093
-0.000128
-0.000012
0.000063
0.000098
0.000072
-0.000024
-0.000035
0.000055
0.000081
0.000005
-0.000039
-0.000062
-0.000102
-0.000061
0.000008
-0.000010
-0.000074
-0.000088
0.000000
0.000091
0.000036
-0.000069
-0.000038
0.000071
0.000106
0.000025
-0.000053
-0.000001
0.000083
0.000065
-0.000014
-0.000040
0.000003
0.000064
0.000038
-0.000120
-0.000198
-0.000069
0.000065
0.000110
0.000171
0.000148
-0.000071
-0.000293
-0.000338
-0.000298
-0.000269
-0.000230
-0.000208
-0.000267
-0.000305
-0.000224
-0.000162
-0.000220
-0.000287
-0.000245
-0.000181
-0.000177
-0.000185
-0.000195
-0.000184
-0.000136
-0.000107
-0.000075
0.000064
0.000237
0.000262
0.000157
0.000081
0.000070
0.000083
0.000094
0.000102
0.000175
0.000318
0.000415
0.000378
0.000310
0.000345
0.000375
0.000310
0.000243
0.000206
0.000202
0.000261
0.000332
0.000310
0.000200
0.000172
0.000271
0.000290
0.000172
0.000087
0.000070
0.000099
0.000176
0.000194
0.000104
0.000014
0.000015
0.000057
0.000088
0.000128
0.000162
0.000149
0.000128
0.000136
0.000162
0.000186
0.000112
0.000004
0.000008
0.000053
0.000040
-0.000022
-0.000050
0.000025
0.000093
0.000021
-0.000131
-0.000159
0.000031
0.000221
0.000148
-0.000041
0.000004
0.000233
0.000288
0.000124
-0.000001
-0.000072
-0.000167
-0.000134
-0.000018
0.000014
0.000027
0.000098
0.000173
0.000146
-0.000017
-0.000153
-0.000067
0.000095
0.000110
0.000077
0.000142
0.000234
0.000213
0.000088
-0.000023
-0.000064
-0.000042
0.000001
0.000061
0.000115
0.000090
-0.000022
-0.000095
0.000020
0.000209
0.000151
-0.000125
-0.000201
-0.000018
0.000073
-0.000051
-0.000181
-0.000116
0.000058
0.000106
0.000008
-0.000055
-0.000025
0.000018
0.000086
0.000133
0.000033
-0.000074
-0.000009
0.000049
0.000000
-0.000012
0.000053
0.000103
0.000026
-0.000083
-0.000061
-0.000035
-0.000117
-0.000158
-0.000071
-0.000000
-0.000052
-0.000108
-0.000066
0.000047
0.000121
0.000037
-0.000127
-0.000204
-0.000126
0.000050
0.000150
0.000185
0.000309
0.000426
0.000369
0.000260
0.000278
0.000333
0.000349
0.000362
0.000333
0.000248
0.000173
0.000172
0.000177
0.000103
0.000017
-0.000007
-0.000015
-0.000087
-0.000192
-0.000211
-0.000177
-0.000196
-0.000182
-0.000047
0.000079
0.000076
-0.000032
-0.000138
-0.000141
-0.000095
-0.000149
-0.000298
-0.000347
-0.000194
-0.000070
-0.000187
-0.000350
-0.000339
-0.000242
-0.000200
-0.000219
-0.000242
-0.000230
-0.000178
-0.000175
-0.000243
-0.000197
-0.000024
0.000001
-0.000139
-0.000209
-0.000214
-0.000219
-0.000204
-0.000180
-0.000157
-0.000163
-0.000200
-0.000195
-0.000085
0.000079
0.000158
0.000074
-0.000077
-0.000079
0.000091
0.000180
0.000089
0.000002
-0.000002
0.000020
0.000038
-0.000014
-0.000111
-0.000128
-0.000095
-0.000074
-0.000073
-0.000135
-0.000172
-0.000062
0.000038
-0.000062
-0.000193
-0.000164
-0.000087
-0.000143
-0.000298
-0.000367
-0.000302
-0.000165
-0.000012
0.000063
-0.000004
-0.000094
-0.000027
0.000107
0.000125
0.000062
0.000002
-0.000006
0.000065
0.000110
0.000070
0.000024
-0.000005
0.000006
0.000060
0.000073
-0.000012
-0.000117
-0.000096
0.000009
0.000025
-0.000071
-0.000137
-0.000099
0.000000
0.000070
0.000026
-0.000098
-0.000176
-0.000119
0.000010
0.000026
-0.000056
-0.000034
0.000080
0.000162
0.000145
-0.000011
-0.000193
-0.000227
-0.000103
0.000024
0.000048
-0.000002
-0.000014
0.000038
0.000040
0.000001
0.000026
0.000081
0.000074
0.000002
-0.000064
-0.000083
-0.000061
-0.000044
-0.000088
-0.000139
-0.000124
-0.000062
-0.000003
0.000125
0.000313
0.000254
-0.000091
-0.000358
-0.000365
-0.000336
-0.000479
-0.000571
-0.000389
-0.000187
-0.000205
-0.000218
-0.000083
-0.000011
-0.000086
-0.000166
-0.000201
-0.000225
-0.000146
0.000032
0.000035
-0.000142
-0.000128
0.000147
0.000345
0.000284
0.000127
0.000067
0.000128
0.000210
0.000249
0.000237
0.000153
0.000112
0.000204
0.000250
0.000186
0.000196
0.000282
0.000279
0.000182
0.000155
0.000198
0.000173
0.000140
0.000185
0.000258
0.000248
0.000191
0.000243
0.000338
0.000270
0.000070
-0.000006
0.000137
0.000315
0.000370
0.000287
0.000078
-0.000081
0.000072
0.000359
0.000381
0.000170
0.000009
0.000030
0.000123
0.000091
-0.000046
-0.000152
-0.000128
-0.000001
0.000020
-0.000107
-0.000146
-0.000014
0.000083
-0.000005
-0.000125
-0.000086
0.000046
0.000111
0.000065
0.000018
0.000031
0.000076
0.000172
0.000244
0.000159
-0.000014
-0.000061
0.000011
0.000063
0.000119
0.000146
0.000075
0.000018
0.000096
0.000208
0.000140
-0.000085
-0.000222
-0.000146
0.000002
0.000032
-0.000017
-0.000036
-0.000015
0.000023
0.000059
0.000052
0.000046
0.000105
0.000095
