4960
0.000702
0.000494
0.000109
-0.000621
-0.001906
-0.003416
-0.004810
-0.006165
-0.007226
-0.007455
-0.006696
-0.005248
-0.003535
-0.001672
0.000320
0.002321
0.004155
0.005330
0.005696
0.005703
0.005449
0.004711
0.003640
0.002686
0.001966
0.001285
0.000692
0.000457
0.000702
0.001168
0.001349
0.001029
0.000513
0.000053
-0.000566
-0.001368
-0.001932
-0.002185
-0.002323
-0.002321
-0.002152
-0.001743
-0.001002
-0.000264
0.000084
0.000292
0.000606
0.000729
0.000695
0.000835
0.001133
0.001526
0.001996
0.002426
0.002780
0.003077
0.003081
0.002570
0.001805
0.001020
0.000116
-0.000820
-0.001490
-0.001852
-0.001940
-0.001731
-0.001493
-0.001347
-0.001027
-0.000534
-0.000179
-0.000017
0.000172
0.000424
0.000663
0.000836
0.000863
0.000854
0.000749
0.000197
-0.000729
-0.001612
-0.002485
-0.003797
-0.005748
-0.008049
-0.010068
-0.011335
-0.011754
-0.011146
-0.009245
-0.006276
-0.002918
0.000515
0.004020
0.007353
0.010108
0.011789
0.012055
0.011271
0.010027
0.008313
0.006035
0.003678
0.001731
0.000108
-0.001151
-0.001653
-0.001391
-0.000730
-0.000006
0.000416
0.000362
0.000024
-0.000630
-0.001798
-0.003219
-0.004558
-0.005860
-0.007019
-0.007663
-0.007733
-0.007405
-0.006596
-0.005062
-0.002835
-0.000272
0.002164
0.004197
0.005814
0.007004
0.007503
0.007224
0.006542
0.005619
0.004396
0.003014
0.001750
0.000778
0.000099
-0.000352
-0.000715
-0.000978
-0.000976
-0.000894
-0.001054
-0.001360
-0.001560
-0.001659
-0.001729
-0.001784
-0.001806
-0.001659
-0.001278
-0.000846
-0.000448
0.000003
0.000406
0.000624
0.000768
0.000952
0.001145
0.001371
0.001596
0.001876
0.002371
0.002913
0.003272
0.003370
0.003131
0.002497
0.001505
0.000399
-0.000626
-0.001503
-0.002106
-0.002376
-0.002292
-0.001771
-0.001025
-0.000397
0.000161
0.000803
0.001389
0.001738
0.001959
0.002027
0.001788
0.001430
0.001144
0.000900
0.000458
-0.000479
-0.001919
-0.003461
-0.004965
-0.007189
-0.010350
-0.013310
-0.015028
-0.015412
-0.014618
-0.012374
-0.008650
-0.004021
0.000836
0.005437
0.009666
0.013393
0.015971
0.016575
0.015327
0.013240
0.010744
0.007661
0.004410
0.001721
-0.000142
-0.001237
-0.001689
-0.001540
-0.000849
0.000008
0.000285
-0.000311
-0.001263
-0.002286
-0.003592
-0.005239
-0.006811
-0.007859
-0.008305
-0.008132
-0.007324
-0.005896
-0.003918
-0.001833
-0.000225
0.001017
0.002453
0.003962
0.004963
0.005574
0.006208
0.006644
0.006672
0.006396
0.005986
0.005502
0.004702
0.003281
0.001326
-0.000500
-0.001933
-0.003194
-0.004091
-0.004493
-0.004451
-0.003912
-0.003043
-0.002083
-0.000996
0.000185
0.000915
0.001024
0.001106
0.001235
0.001018
0.000561
0.000139
-0.000116
0.000002
0.000455
0.000944
0.001533
0.002304
0.002877
0.003063
0.003007
0.002753
0.002319
0.001698
0.000917
0.000258
-0.000089
-0.000445
-0.001069
-0.001551
-0.001573
-0.001379
-0.001153
-0.000801
-0.000213
0.000570
0.001283
0.001593
0.001643
0.001815
0.002075
0.002224
0.002271
0.002312
0.002328
0.002313
0.002161
0.001365
-0.000309
-0.002625
-0.005301
-0.008516
-0.012724
-0.016919
-0.019450
-0.019942
-0.018839
-0.016043
-0.011284
-0.005319
0.001188
0.007710
0.013300
0.017557
0.020371
0.021003
0.019102
0.015994
0.012660
0.008821
0.004816
0.001549
-0.000654
-0.001810
-0.002015
-0.001728
-0.001284
-0.000802
-0.000804
-0.001872
-0.003651
-0.005451
-0.007301
-0.009198
-0.010617
-0.011034
-0.010417
-0.008954
-0.006646
-0.003518
0.000015
0.003088
0.005164
0.006385
0.007066
0.007150
0.006303
0.004808
0.003430
0.002479
0.001778
0.001363
0.001545
0.002230
0.002880
0.003042
0.002623
0.001901
0.000947
-0.000598
-0.002620
-0.004279
-0.005078
-0.005291
-0.005062
-0.004175
-0.002635
-0.000722
0.001055
0.002259
0.002993
0.003462
0.003405
0.002662
0.001723
0.001025
0.000570
0.000333
0.000312
0.000545
0.001035
0.001503
0.001556
0.001217
0.000736
0.000012
-0.001053
-0.002102
-0.002739
-0.002857
-0.002427
-0.001433
-0.000105
0.001084
0.001829
0.002117
0.002130
0.002115
0.002118
0.001902
0.001412
0.001130
0.001196
0.001306
0.001461
0.001798
0.002297
0.002809
0.003198
0.003365
0.003339
0.003184
0.002261
-0.000332
-0.004287
-0.008702
-0.013824
-0.019859
-0.024824
-0.026613
-0.025468
-0.022352
-0.017084
-0.009676
-0.001137
0.007714
0.015667
0.021478
0.025199
0.026887
0.025672
0.021709
0.016942
0.012336
0.007506
0.002869
-0.000582
-0.002523
-0.003178
-0.003052
-0.002853
-0.002866
-0.003271
-0.004634
-0.007179
-0.010068
-0.012251
-0.013615
-0.014411
-0.014123
-0.011958
-0.008272
-0.003978
0.000471
0.004705
0.008165
0.010455
0.011458
0.011150
0.009830
0.008025
0.005963
0.003698
0.001711
0.000485
-0.000058
-0.000379
-0.000721
-0.001097
-0.001860
-0.003297
-0.005099
-0.006507
-0.007121
-0.006898
-0.005725
-0.003769
-0.001346
0.001323
0.003912
0.005953
0.007049
0.007042
0.005975
0.004195
0.002297
0.000635
-0.000616
-0.001302
-0.001386
-0.000754
0.000475
0.001808
0.002793
0.003178
0.002833
0.001760
0.000103
-0.002017
-0.004153
-0.005626
-0.006249
-0.006042
-0.004910
-0.003022
-0.000807
0.001437
0.003417
0.004778
0.005454
0.005430
0.004580
0.003263
0.002181
0.001657
0.001614
0.001917
0.002442
0.002922
0.003106
0.002979
0.002641
0.002080
0.001327
0.000486
-0.000363
-0.001034
-0.001259
-0.000868
-0.000511
-0.001617
-0.004916
-0.010371
-0.017500
-0.024292
-0.028099
-0.028014
-0.025162
-0.020056
-0.012425
-0.003253
0.006572
0.016435
0.024938
0.030554
0.032598
0.031067
0.026376
0.020326
0.014468
0.008663
0.002869
-0.002003
-0.005057
-0.006203
-0.005874
-0.004898
-0.004397
-0.005150
-0.007301
-0.010448
-0.013604
-0.015739
-0.016496
-0.016141
-0.014718
-0.011476
-0.006346
-0.000280
0.005765
0.010958
0.014467
0.015618
0.014881
0.013163
0.010842
0.008236
0.005673
0.003248
0.000931
-0.000669
-0.001141
-0.001114
-0.001498
-0.002679
-0.004457
-0.006732
-0.009034
-0.010712
-0.011601
-0.011483
-0.009970
-0.007085
-0.003102
0.001886
0.007079
0.011102
0.013318
0.013700
0.012291
0.009674
0.006565
0.003137
-0.000106
-0.002336
-0.003481
-0.003725
-0.002866
-0.001407
-0.000276
0.000293
0.000167
-0.000732
-0.001962
-0.003192
-0.004383
-0.005104
-0.004972
-0.004242
-0.002856
-0.000638
0.001754
0.003721
0.005186
0.005887
0.005765
0.005390
0.005025
0.004497
0.003932
0.003441
0.002823
0.002259
0.002125
0.002203
0.002061
0.001439
0.000386
-0.000658
-0.001415
-0.002080
-0.002651
-0.002696
-0.002183
-0.001325
-0.000243
0.000888
0.002135
0.003127
0.002039
-0.002961
-0.011817
-0.022192
-0.030090
-0.032696
-0.030273
-0.024562
-0.016198
-0.005626
0.005360
0.015785
0.025090
0.031827
0.034332
0.032018
0.025940
0.018176
0.011442
0.006518
0.002429
-0.000958
-0.003221
-0.004133
-0.003971
-0.003316
-0.003147
-0.004476
-0.007786
-0.012754
-0.017630
-0.020352
-0.020298
-0.018010
-0.014118
-0.008872
-0.002305
0.004846
0.011288
0.016049
0.018451
0.017838
0.014401
0.009966
0.006211
0.003654
0.002194
0.001358
0.000809
0.000615
0.000875
0.000749
-0.000787
-0.003613
-0.007134
-0.011130
-0.015209
-0.017867
-0.017748
-0.015141
-0.010919
-0.005556
0.000384
0.006467
0.012155
0.016198
0.017747
0.017036
0.014377
0.009957
0.005126
0.001312
-0.001321
-0.002915
-0.003682
-0.004046
-0.003924
-0.003080
-0.002464
-0.002779
-0.003358
-0.003968
-0.004761
-0.004993
-0.004149
-0.002612
-0.000729
0.001130
0.002528
0.003657
0.004703
0.005031
0.004389
0.003383
0.002414
0.001705
0.001643
0.002308
0.003512
0.004997
0.005949
0.005450
0.003839
0.001982
0.000030
-0.002089
-0.004026
-0.005269
-0.005585
-0.005029
-0.003775
-0.001841
0.000526
0.002597
0.003921
0.004525
0.004610
0.004429
0.004030
0.002720
-0.001311
-0.009683
-0.021337
-0.031359
-0.034857
-0.031773
-0.024670
-0.015263
-0.004727
0.005228
0.013831
0.021423
0.027222
0.030012
0.028792
0.023608
0.016536
0.010742
0.007849
0.006384
0.004660
0.002448
0.000181
-0.001936
-0.004151
-0.006501
-0.009242
-0.012945
-0.017693
-0.022048
-0.023536
-0.020966
-0.015387
-0.008745
-0.002258
0.003975
0.009724
0.014006
0.016416
0.017024
0.015462
0.011706
0.007217
0.004001
0.002940
0.003671
0.004707
0.004623
0.003221
0.001051
-0.001616
-0.004914
-0.008363
-0.011779
-0.015697
-0.019037
-0.019414
-0.016270
-0.011496
-0.006175
-0.000026
0.005880
0.010446
0.013602
0.015108
0.014749
0.012920
0.009940
0.006001
0.002776
0.001459
0.001005
0.000510
-0.000083
-0.001037
-0.002337
-0.003476
-0.004636
-0.005924
-0.006390
-0.006072
-0.005673
-0.004444
-0.001845
0.001004
0.003101
0.004427
0.004815
0.004389
0.003837
0.003169
0.002481
0.002268
0.002336
0.002463
0.003026
0.004110
0.005109
0.005640
0.005458
0.004120
0.001803
-0.000862
-0.003381
-0.005215
-0.005871
-0.005459
-0.004359
-0.002645
-0.000457
0.001591
0.002920
0.003570
0.003849
0.003845
0.003409
0.002867
0.002763
0.003019
0.002785
-0.000462
-0.009012
-0.021064
-0.030918
-0.034308
-0.031711
-0.025013
-0.015544
-0.004711
0.005537
0.014208
0.021842
0.027902
0.030925
0.029449
0.023797
0.016624
0.010796
0.007594
0.005788
0.003982
0.001741
-0.000911
-0.003756
-0.006662
-0.009380
-0.012204
-0.015568
-0.019312
-0.022201
-0.022178
-0.018199
-0.011315
-0.003710
0.003190
0.009103
0.013612
0.016173
0.016986
0.016193
0.013618
0.009574
0.005376
0.002657
0.002039
0.003026
0.003966
0.003312
0.000944
-0.002393
-0.006075
-0.009836
-0.013013
-0.015110
-0.016386
-0.017023
-0.015821
-0.011332
-0.004531
0.001953
0.006535
0.009643
0.011935
0.013153
0.013008
0.011827
0.010310
0.008624
0.006591
0.004476
0.002858
0.001835
0.000605
-0.001627
-0.004616
-0.007235
-0.008620
-0.008873
-0.008301
-0.006894
-0.004844
-0.002530
-0.000310
0.001597
0.003255
0.004489
0.004677
0.003733
0.002714
0.002470
0.002800
0.003352
0.003894
0.004193
0.004307
0.004292
0.003922
0.003263
0.002620
0.001869
0.000710
-0.000906
-0.002687
-0.003959
-0.004395
-0.004266
-0.003621
-0.002373
-0.000859
0.000409
0.001352
0.002113
0.002669
0.003089
0.003503
0.003940
0.004486
0.005072
0.005435
0.004854
0.000728
-0.009362
-0.023318
-0.034790
-0.038865
-0.035622
-0.026987
-0.015009
-0.002055
0.009399
0.018156
0.024819
0.029084
0.029901
0.026490
0.019712
0.012263
0.006820
0.004739
0.004843
0.005206
0.004372
0.001712
-0.002326
-0.006969
-0.011369
-0.015502
-0.019476
-0.022705
-0.024026
-0.022016
-0.016080
-0.007160
0.002245
0.009743
0.014571
0.016850
0.016973
0.015641
0.013248
0.009986
0.006418
0.003535
0.002129
0.002269
0.003465
0.004153
0.002597
-0.001482
-0.006825
-0.011960
-0.016096
-0.018333
-0.018258
-0.016322
-0.013015
-0.008604
-0.002978
0.003535
0.009585
0.013256
0.013703
0.012011
0.009809
0.008387
0.007831
0.007402
0.006632
0.005266
0.003255
0.000732
-0.001740
-0.004139
-0.006806
-0.009203
-0.010506
-0.010117
-0.007846
-0.004201
-0.000411
0.002431
0.003936
0.004126
0.003616
0.003060
0.002400
0.001587
0.000991
0.000922
0.001478
0.002733
0.004374
0.005564
0.005703
0.004659
0.002858
0.001058
-0.000401
-0.001423
-0.001997
-0.002195
-0.002061
-0.001763
-0.001622
-0.001854
-0.002188
-0.002328
-0.002241
-0.001835
-0.000948
0.000649
0.002670
0.004225
0.005111
0.005815
0.006317
0.006329
0.005998
0.005393
0.004221
0.002548
-0.000961
-0.009246
-0.022032
-0.034057
-0.039363
-0.036600
-0.027876
-0.015574
-0.002147
0.009778
0.018100
0.023367
0.026505
0.027002
0.024424
0.019163
0.013160
0.008546
0.006641
0.006835
0.007277
0.006523
0.003228
-0.002564
-0.009278
-0.015193
-0.019707
-0.022825
-0.024062
-0.023043
-0.019334
-0.012670
-0.003774
0.005491
0.012850
0.016904
0.017741
0.016423
0.014205
0.011779
0.009117
0.006449
0.004439
0.003324
0.002588
0.002020
0.001309
-0.000899
-0.005224
-0.010560
-0.015227
-0.018107
-0.018444
-0.016143
-0.012051
-0.007023
-0.001558
0.003826
0.008163
0.011207
0.013241
0.013707
0.012089
0.009363
0.007352
0.006602
0.006521
0.006149
0.004687
0.002038
-0.001411
-0.005137
-0.008589
-0.011030
-0.012166
-0.011903
-0.009813
-0.005967
-0.001395
0.002735
0.005595
0.006544
0.005685
0.003995
0.002311
0.001062
0.000686
0.001105
0.001877
0.002975
0.004303
0.005221
0.005204
0.004283
0.002634
0.000579
-0.001324
-0.002567
-0.002851
-0.002357
-0.001606
-0.000897
-0.000201
0.000193
-0.000230
-0.001301
-0.002336
-0.002836
-0.002480
-0.000980
0.001484
0.004299
0.006743
0.008063
0.008118
0.007402
0.006154
0.004263
0.002077
0.000259
-0.001129
-0.002308
-0.004680
-0.010815
-0.020831
-0.030868
-0.035795
-0.033663
-0.025585
-0.013633
-0.000569
0.011001
0.019105
0.024034
0.026789
0.027240
0.024973
0.020076
0.014184
0.009093
0.006169
0.005259
0.004789
0.003431
-0.000141
-0.005943
-0.012488
-0.017866
-0.021197
-0.022676
-0.022248
-0.019812
-0.015032
-0.007950
0.000527
0.009034
0.015729
0.019081
0.018893
0.016400
0.013310
0.010414
0.007592
0.004833
0.002482
0.000677
-0.000941
-0.002343
-0.003711
-0.005984
-0.009541
-0.013658
-0.016777
-0.017722
-0.016025
-0.011847
-0.006257
-0.000347
0.005267
0.010228
0.014040
0.015999
0.015542
0.013115
0.010178
0.007446
0.004947
0.003219
0.002184
0.000550
-0.002100
-0.004842
-0.007259
-0.009270
-0.010363
-0.010537
-0.009937
-0.008033
-0.004968
-0.001587
0.001936
0.005155
0.006763
0.006520
0.005356
0.003668
0.001913
0.000869
0.000493
0.000571
0.001365
0.002473
0.003133
0.003446
0.003369
0.002381
0.000705
-0.000907
-0.002105
-0.002769
-0.002788
-0.002302
-0.001516
-0.000685
-0.000093
0.000254
0.000341
-0.000067
-0.000778
-0.001102
-0.000597
0.000755
0.002752
0.004969
0.006800
0.007622
0.006946
0.005040
0.002712
0.000466
-0.001361
-0.002584
-0.003294
-0.003477
-0.003752
-0.006767
-0.014452
-0.024484
-0.031705
-0.032459
-0.026712
-0.016147
-0.003105
0.009651
0.019416
0.025152
0.027806
0.027772
0.024789
0.019020
0.012020
0.005808
0.001674
0.000005
-0.000232
-0.000349
-0.001861
-0.005691
-0.010936
-0.015759
-0.018848
-0.020105
-0.019412
-0.016346
-0.010747
-0.003084
0.005430
0.013356
0.019208
0.021709
0.020490
0.016505
0.011458
0.006650
0.002331
-0.001504
-0.004421
-0.006061
-0.006772
-0.007174
-0.007579
-0.008487
-0.010276
-0.012536
-0.014060
-0.013602
-0.010759
-0.005875
0.000119
0.006202
0.011487
0.015368
0.017596
0.017899
0.016027
0.012042
0.006999
0.002256
-0.001611
-0.004631
-0.006650
-0.007215
-0.007001
-0.007065
-0.007419
-0.007596
-0.007483
-0.007179
-0.006386
-0.004698
-0.001714
0.002086
0.005340
0.007473
0.008590
0.008246
0.006050
0.002998
0.000376
-0.001346
-0.001959
-0.001565
-0.000549
0.000882
0.002198
0.002658
0.002326
0.001650
0.000603
-0.000762
-0.001791
-0.002087
-0.001873
-0.001377
-0.000644
0.000219
0.000977
0.001487
0.001683
0.001564
0.001240
0.000856
0.000761
0.001376
0.002639
0.004022
0.005010
0.005274
0.004613
0.003009
0.000774
-0.001538
-0.003363
-0.004313
-0.004260
-0.003408
-0.002006
-0.000850
-0.002392
-0.008534
-0.017758
-0.025529
-0.027700
-0.023424
-0.014166
-0.002326
0.009569
0.018836
0.023911
0.025495
0.024404
0.020770
0.014704
0.007633
0.001741
-0.001700
-0.002567
-0.001878
-0.000930
-0.001330
-0.004121
-0.008587
-0.013051
-0.016019
-0.016963
-0.015842
-0.012563
-0.007017
0.000372
0.008231
0.015001
0.019496
0.020775
0.018530
0.013651
0.007833
0.002564
-0.001631
-0.004852
-0.007032
-0.007950
-0.007934
-0.007697
-0.007608
-0.007966
-0.008968
-0.010315
-0.011027
-0.009963
-0.006685
-0.001657
0.004032
0.009378
0.013478
0.015821
0.016415
0.015247
0.012514
0.008746
0.004236
-0.001035
-0.005399
-0.006815
-0.006453
-0.006593
-0.006813
-0.006335
-0.006631
-0.007791
-0.008299
-0.007662
-0.005701
-0.002431
0.001121
0.004596
0.008377
0.010631
0.009939
0.007746
0.004918
0.001290
-0.001779
-0.003052
-0.003096
-0.002088
-0.000174
0.001298
0.001959
0.002433
0.002180
0.000892
-0.000267
-0.000698
-0.000837
-0.000744
-0.000136
0.000864
0.001722
0.001880
0.001440
0.001060
0.000914
0.000665
0.000226
-0.000018
0.000140
0.000602
0.001488
0.002795
0.003889
0.004083
0.003442
0.002073
-0.000107
-0.002399
-0.003838
-0.004198
-0.003654
-0.002307
-0.000556
0.001074
0.001149
-0.002774
-0.011034
-0.020485
-0.026345
-0.025712
-0.018786
-0.007790
0.004403
0.015214
0.022097
0.024446
0.023452
0.019980
0.014347
0.007371
0.001073
-0.002884
-0.003856
-0.002688
-0.001034
-0.000179
-0.001390
-0.005011
-0.009869
-0.013930
-0.015964
-0.015705
-0.012959
-0.007839
-0.000808
0.006925
0.013699
0.018134
0.019356
0.017210
0.012397
0.006348
0.000746
-0.003308
-0.005789
-0.007180
-0.007666
-0.007319
-0.006822
-0.006823
-0.007372
-0.008414
-0.009751
-0.010616
-0.009862
-0.006898
-0.002004
0.003805
0.009236
0.013371
0.015671
0.016023
0.014513
0.011514
0.007584
0.002612
-0.002621
-0.005874
-0.006507
-0.006189
-0.005846
-0.005158
-0.004847
-0.005307
-0.005811
-0.005966
-0.005507
-0.004254
-0.002667
-0.000774
0.002243
0.005553
0.007355
0.007513
0.006431
0.004077
0.001196
-0.001050
-0.002211
-0.002058
-0.000766
0.000630
0.001632
0.002504
0.002827
0.002040
0.000637
-0.000556
-0.001325
-0.001772
-0.001686
-0.000879
0.000321
0.001264
0.001625
0.001644
0.001596
0.001490
0.001261
0.000997
0.000852
0.000899
0.001266
0.002070
0.003069
0.003620
0.003388
0.002477
0.000926
-0.001030
-0.002780
-0.003791
-0.003919
-0.003325
-0.002116
-0.000527
0.001077
0.001602
-0.001264
-0.008440
-0.017660
-0.024515
-0.025501
-0.020166
-0.010282
0.001411
0.012237
0.019628
0.022538
0.021855
0.018627
0.013529
0.007309
0.001601
-0.002149
-0.003242
-0.002113
-0.000365
0.000619
-0.000333
-0.003617
-0.008305
-0.012540
-0.014694
-0.014303
-0.011536
-0.006669
-0.000091
0.006939
0.012665
0.016088
0.016823
0.014739
0.010384
0.005054
0.000207
-0.003180
-0.005105
-0.006099
-0.006501
-0.006538
-0.006672
-0.007208
-0.008036
-0.008916
-0.009556
-0.009514
-0.008089
-0.004848
-0.000033
0.005385
0.010136
0.013419
0.014819
0.014355
0.012434
0.009545
0.006221
0.003031
0.000504
-0.001100
-0.001826
-0.002181
-0.004273
-0.009844
-0.015932
-0.017679
-0.014475
-0.008853
-0.002246
0.004031
0.008378
0.010586
0.010733
0.009212
0.007338
0.005259
0.002011
-0.000937
-0.001723
-0.001637
-0.001723
-0.001440
-0.001244
-0.001451
-0.001242
-0.000737
-0.000210
0.001094
0.002713
0.003278
0.003214
0.003356
0.003024
0.001873
0.000668
-0.000091
-0.000548
-0.001026
-0.001419
-0.001157
-0.000182
0.000581
0.000639
0.000677
0.001351
0.002438
0.003443
0.004067
0.003840
0.002546
0.000709
-0.001114
-0.002749
-0.003643
-0.003397
-0.002528
-0.001468
-0.000100
0.001504
0.002738
0.001996
-0.002738
-0.011193
-0.019989
-0.024783
-0.023218
-0.015716
-0.004837
0.006135
0.014724
0.019217
0.019557
0.017100
0.013046
0.007938
0.002663
-0.001052
-0.002159
-0.000858
0.001336
0.002796
0.002630
0.000177
-0.004305
-0.009341
-0.013030
-0.014292
-0.012897
-0.009132
-0.003681
0.002708
0.008803
0.013230
0.015153
0.014379
0.011321
0.006913
0.002408
-0.001067
-0.003073
-0.004039
-0.004588
-0.005024
-0.005461
-0.006107
-0.007051
-0.008080
-0.008835
-0.008938
-0.008006
-0.005649
-0.001745
0.003132
0.007717
0.010986
0.012611
0.012562
0.011096
0.008740
0.006146
0.003388
0.000002
-0.003122
-0.004524
-0.004532
-0.004369
-0.004156
-0.003978
-0.004424
-0.004956
-0.005182
-0.005019
-0.003843
-0.001807
0.000026
0.001766
0.004128
0.005921
0.006201
0.005531
0.004068
0.001945
0.000088
-0.001013
-0.001475
-0.000949
0.000221
0.000899
0.001022
0.001067
0.000730
-0.000090
-0.000766
-0.000932
-0.000664
-0.000167
0.000447
0.001188
0.001881
0.002042
0.001506
0.000782
0.000328
0.000205
0.000401
0.000930
0.001385
0.001277
0.000833
0.000523
0.000495
0.000680
0.000822
0.000420
-0.000585
-0.001559
-0.002137
-0.002278
-0.001886
-0.001061
-0.000159
0.000674
0.001574
0.002476
0.002928
0.001434
-0.003613
-0.011597
-0.019546
-0.023731
-0.022006
-0.014886
-0.004905
0.005101
0.012923
0.016971
0.017221
0.014830
0.011060
0.006753
0.002747
0.000187
-0.000302
0.001037
0.002864
0.003664
0.002666
-0.000440
-0.005223
-0.010150
-0.013328
-0.013824
-0.011713
-0.007551
-0.002078
0.003846
0.008995
0.012245
0.013088
0.011636
0.008463
0.004481
0.000762
-0.001766
-0.002849
-0.003105
-0.003344
-0.003883
-0.004653
-0.005605
-0.006671
-0.007622
-0.008117
-0.007852
-0.006561
-0.004049
-0.000444
0.003761
0.007615
0.010154
0.011045
0.010531
0.009028
0.006997
0.004990
0.003369
0.002069
0.000954
-0.000391
-0.003099
-0.007066
-0.010241
-0.011200
-0.010353
-0.008023
-0.004282
-0.000236
0.003259
0.005544
0.006089
0.005696
0.005218
0.004027
0.002230
0.001143
0.000487
-0.000509
-0.001465
-0.002137
-0.002640
-0.002655
-0.002160
-0.001497
-0.000386
0.001174
0.002406
0.003152
0.003808
0.004112
0.003669
0.002743
0.001764
0.000921
0.000148
-0.000637
-0.001190
-0.001181
-0.000882
-0.000691
-0.000523
-0.000291
-0.000056
0.000193
0.000683
0.001419
0.002097
0.002367
0.001957
0.000993
-0.000203
-0.001361
-0.002190
-0.002230
-0.001490
-0.000527
0.000383
0.001307
0.002128
0.002467
0.001511
-0.002214
-0.009143
-0.017114
-0.022397
-0.022286
-0.016564
-0.007271
0.002708
0.011102
0.016103
0.017091
0.014992
0.011336
0.007351
0.003690
0.001138
0.000370
0.001363
0.003010
0.003861
0.003056
0.000243
-0.004139
-0.008862
-0.012307
-0.013321
-0.011626
-0.007650
-0.002360
0.003339
0.008446
0.011792
0.012683
0.011355
0.008597
0.005131
0.001804
-0.000511
-0.001540
-0.001854
-0.002179
-0.002898
-0.004094
-0.005535
-0.006986
-0.008203
-0.008824
-0.008526
-0.007068
-0.004383
-0.000722
0.003348
0.007023
0.009460
0.010311
0.009806
0.008462
0.006760
0.005071
0.003688
0.002712
0.001547
-0.001338
-0.005620
-0.008196
-0.007388
-0.005202
-0.003496
-0.002095
-0.001130
-0.000678
-0.000554
-0.000724
-0.000484
0.000807
0.002039
0.002341
0.002820
0.003425
0.002780
0.001092
-0.000623
-0.002019
-0.002562
-0.002052
-0.001120
0.000254
0.002031
0.002976
0.002665
0.002152
0.001770
0.000984
0.000130
-0.000005
0.000569
0.001179
0.001279
0.000973
0.000682
0.000356
-0.000224
-0.000676
-0.000466
0.000265
0.000835
0.001068
0.001312
0.001600
0.001660
0.001435
0.001126
0.000797
0.000454
-0.000011
-0.000685
-0.001092
-0.000857
-0.000342
0.000111
0.000590
0.001032
0.001157
0.000970
0.000550
-0.000822
-0.004509
-0.010666
-0.016920
-0.019978
-0.018246
-0.012328
-0.004120
0.004317
0.010972
0.014186
0.013897
0.011569
0.008724
0.005806
0.003114
0.001432
0.001145
0.001933
0.002812
0.002779
0.001352
-0.001421
-0.005098
-0.008675
-0.010708
-0.010410
-0.007957
-0.004042
0.000616
0.005239
0.008810
0.010529
0.010224
0.008397
0.005725
0.002792
0.000197
-0.001515
-0.002228
-0.002488
-0.002956
-0.003862
-0.005074
-0.006309
-0.007298
-0.007828
-0.007547
-0.006281
-0.004234
-0.001584
0.001473
0.004488
0.006856
0.008109
0.008125
0.007287
0.006133
0.004906
0.003745
0.002795
0.002078
0.001298
0.000312
-0.001117
-0.003305
-0.006445
-0.010475
-0.013585
-0.013148
-0.008664
-0.002217
0.004193
0.008883
0.010568
0.009552
0.006585
0.002626
-0.000625
-0.002171
-0.002737
-0.002509
-0.001337
-0.000371
-0.000353
-0.000920
-0.001836
-0.002662
-0.002508
-0.001317
0.000575
0.003170
0.005684
0.006970
0.006880
0.005704
0.003646
0.001179
-0.001158
-0.002837
-0.003391
-0.003024
-0.002286
-0.001401
-0.000546
-0.000113
-0.000126
-0.000102
0.000376
0.001210
0.002028
0.002622
0.002758
0.002299
0.001386
0.000362
-0.000435
-0.000728
-0.000595
-0.000450
-0.000286
-0.000092
-0.000065
-0.000083
-0.000068
-0.000809
-0.003496
-0.008400
-0.014175
-0.017887
-0.017155
-0.012312
-0.005302
0.002207
0.008670
0.012409
0.012935
0.011192
0.008477
0.005710
0.003251
0.001454
0.000911
0.001542
0.002272
0.002243
0.001158
-0.001176
-0.004495
-0.007916
-0.010196
-0.010353
-0.008298
-0.004673
-0.000288
0.004138
0.007799
0.009906
0.010038
0.008471
0.005988
0.003275
0.000840
-0.000852
-0.001623
-0.001952
-0.002492
-0.003355
-0.004413
-0.005590
-0.006593
-0.007106
-0.007018
-0.006117
-0.004344
-0.001983
0.000668
0.003285
0.005447
0.006702
0.006899
0.006411
0.005664
0.004808
0.003964
0.003324
0.002838
0.002253
0.001230
-0.001857
-0.007346
-0.011350
-0.010515
-0.006503
-0.002308
0.001500
0.004170
0.005113
0.004595
0.002403
-0.000161
-0.000767
-0.000224
-0.000524
-0.000220
0.001254
0.001640
0.000739
-0.000334
-0.001661
-0.002504
-0.002056
-0.001153
0.000386
0.003089
0.005070
0.005151
0.004648
0.004128
0.002971
0.001340
-0.000101
-0.000905
-0.000995
-0.000950
-0.001029
-0.000697
0.000027
0.000444
0.000431
0.000340
0.000432
0.000765
0.001275
0.001840
0.002273
0.002389
0.001961
0.001047
0.000024
-0.000672
-0.001177
-0.001778
-0.001950
-0.001282
-0.000237
0.000483
0.000734
0.000738
0.000595
0.000008
-0.001513
-0.003952
-0.007204
-0.011150
-0.014291
-0.014191
-0.010352
-0.004500
0.001651
0.006794
0.009898
0.010618
0.009315
0.006874
0.004518
0.002953
0.001965
0.001438
0.001539
0.001975
0.001836
0.000474
-0.001818
-0.004381
-0.006702
-0.008143
-0.007901
-0.005787
-0.002441
0.001254
0.004470
0.006780
0.008032
0.007924
0.006390
0.004173
0.002143
0.000478
-0.000784
-0.001475
-0.001813
-0.002378
-0.003389
-0.004553
-0.005509
-0.005976
-0.005836
-0.005175
-0.003996
-0.002211
-0.000099
0.001919
0.003640
0.004945
0.005697
0.005815
0.005459
0.004897
0.004313
0.003808
0.003283
0.002636
0.001707
0.000142
-0.002033
-0.004865
-0.007665
-0.008504
-0.006698
-0.003887
-0.001350
0.001020
0.002733
0.003672
0.003800
0.002610
0.001028
0.000359
-0.000026
-0.000735
-0.000681
-0.000028
0.000017
-0.000359
-0.000793
-0.001333
-0.001298
-0.000513
0.000366
0.001597
0.003281
0.004399
0.004663
0.004509
0.003805
0.002437
0.000864
-0.000494
-0.001328
-0.001550
-0.001512
-0.001277
-0.000702
-0.000072
0.000163
-0.000047
-0.000288
-0.000096
0.000539
0.001390
0.002196
0.002585
0.002434
0.001864
0.000874
-0.000409
-0.001467
-0.002145
-0.002456
-0.002203
-0.001525
-0.000770
-0.000149
0.000244
0.000350
0.000137
-0.000822
-0.002758
-0.005244
-0.008056
-0.010951
-0.012583
-0.011175
-0.006902
-0.001625
0.003030
0.006264
0.007899
0.007834
0.006313
0.004218
0.002659
0.001950
0.001621
0.001562
0.001861
0.002027
0.001348
-0.000204
-0.002217
-0.004240
-0.005689
-0.006093
-0.005202
-0.003049
-0.000064
0.002871
0.005001
0.006212
0.006467
0.005550
0.003759
0.001924
0.000400
-0.000869
-0.001715
-0.002049
-0.002227
-0.002653
-0.003325
-0.004072
-0.004682
-0.004919
-0.004693
-0.004024
-0.002815
-0.001068
0.000823
0.002533
0.003968
0.004967
0.005337
0.005119
0.004504
0.003734
0.003140
0.002696
0.002247
0.001462
-0.000105
-0.002773
-0.005787
-0.007288
-0.006689
-0.004672
-0.001769
0.001565
0.004090
0.005204
0.004979
0.003303
0.001077
-0.000726
-0.002057
-0.002793
-0.002478
-0.001779
-0.001409
-0.001092
-0.001047
-0.001288
-0.001071
-0.000388
0.000496
0.001941
0.003619
0.004593
0.004857
0.004620
0.003596
0.001938
0.000246
-0.001151
-0.002042
-0.002348
-0.002237
-0.001744
-0.001002
-0.000286
0.000269
0.000701
0.000980
0.001155
0.001409
0.001826
0.002439
0.002988
0.003077
0.002552
0.001564
0.000215
-0.001378
-0.002834
-0.003674
-0.003667
-0.003110
-0.002215
-0.000998
0.000180
0.000937
0.001193
0.000968
0.000141
-0.001330
-0.003196
-0.004981
-0.006473
-0.007888
-0.008762
-0.008033
-0.005562
-0.002344
0.000664
0.003038
0.004543
0.005121
0.004806
0.004032
0.003538
0.003392
0.003216
0.002886
0.002478
0.001896
0.000995
-0.000257
-0.001667
-0.002701
-0.003216
-0.003265
-0.002632
-0.001260
0.000479
0.002032
0.003155
0.003823
0.003955
0.003428
0.002441
0.001483
0.000812
0.000344
-0.000151
-0.000724
-0.001365
-0.002128
-0.003007
-0.003814
-0.004110
-0.003703
-0.002909
-0.001961
-0.000805
0.000455
0.001523
0.002157
0.002379
0.002465
0.002599
0.002713
0.002753
0.002645
0.002163
0.001350
0.000544
-0.000149
-0.000810
-0.001004
-0.000212
0.001295
0.002454
0.002563
0.001693
0.000283
-0.001043
-0.002261
-0.003192
-0.003159
-0.002314
-0.001516
-0.000979
-0.000576
-0.000499
-0.000566
-0.000477
-0.000248
0.000395
0.001453
0.002224
0.002607
0.002918
0.002784
0.001971
0.000881
-0.000121
-0.000706
-0.000803
-0.000731
-0.000617
-0.000311
-0.000029
-0.000005
-0.000022
0.000167
0.000654
0.001360
0.002020
0.002336
0.002259
0.001880
0.001377
0.001026
0.000873
0.000658
0.000313
-0.000008
-0.000281
-0.000522
-0.000757
-0.000977
-0.001040
-0.000798
-0.000455
-0.000341
-0.000367
-0.000390
-0.000450
-0.000437
-0.000529
-0.001195
-0.002398
-0.003627
-0.004496
-0.005049
-0.005269
-0.004979
-0.004388
-0.003755
-0.002890
-0.001479
0.000372
0.002239
0.003601
0.004230
0.004344
0.003997
0.003164
0.002170
0.001429
0.000751
0.000039
-0.000238
-0.000282
-0.000547
-0.000856
-0.000994
-0.001067
-0.000995
-0.000592
-0.000015
0.000693
0.001548
0.002304
0.002730
0.002859
0.002741
0.002261
0.001500
0.000636
-0.000294
-0.001274
-0.002121
-0.002681
-0.003033
-0.003172
-0.003050
-0.002753
-0.002286
-0.001631
-0.001022
-0.000557
-0.000039
0.000515
0.000947
0.001062
0.000923
0.001100
0.001878
0.002533
0.002612
0.002802
0.003297
0.003416
0.002653
0.001055
-0.000690
-0.001584
-0.001675
-0.001584
-0.001073
-0.000324
-0.000249
-0.000809
-0.001440
-0.002135
-0.002592
-0.002393
-0.001849
-0.000896
0.000509
0.001424
0.001527
0.001392
0.001027
0.000365
-0.000174
-0.000466
-0.000424
0.000044
0.000503
0.000645
0.000685
0.000576
0.000149
-0.000249
-0.000331
-0.000162
0.000214
0.000729
0.001302
0.001917
0.002280
0.002062
0.001373
0.000614
0.000208
0.000226
0.000442
0.000699
0.000896
0.000879
0.000608
0.000166
-0.000461
-0.001164
-0.001688
-0.001891
-0.001819
-0.001619
-0.001372
-0.001018
-0.000512
0.000014
0.000391
0.000287
-0.000576
-0.001881
-0.002949
-0.003551
-0.003858
-0.003787
-0.003271
-0.002487
-0.001723
-0.001187
-0.000820
-0.000429
-0.000023
0.000273
0.000742
0.001538
0.002286
0.002673
0.002668
0.002329
0.001692
0.000900
0.000023
-0.000795
-0.001235
-0.001242
-0.001016
-0.000647
-0.000118
0.000402
0.000767
0.000946
0.001042
0.001148
0.001221
0.001316
0.001424
0.001424
0.001198
0.000712
0.000047
-0.000633
-0.001281
-0.001849
-0.002166
-0.002195
-0.001953
-0.001527
-0.001055
-0.000585
-0.000106
0.000298
0.000504
0.000690
0.000941
0.000961
0.000747
0.000753
0.001294
0.002075
0.002559
0.002545
0.002034
0.001144
0.000175
-0.000654
-0.001195
-0.001297
-0.001204
-0.001092
-0.000759
-0.000312
-0.000104
-0.000130
-0.000254
-0.000414
-0.000451
-0.000422
-0.000425
-0.000198
0.000254
0.000461
0.000307
0.000010
-0.000254
-0.000353
-0.000331
-0.000264
-0.000043
0.000331
0.000632
0.000851
0.001082
0.001172
0.001029
0.000784
0.000631
0.000719
0.000956
0.001173
0.001334
0.001341
0.001130
0.000835
0.000604
0.000520
0.000593
0.000766
0.000939
0.001024
0.001008
0.000795
0.000207
-0.000755
-0.001836
-0.002723
-0.003098
-0.002804
-0.001785
-0.000359
0.000808
0.001449
0.001491
0.001071
0.000495
-0.000214
-0.001103
-0.001714
-0.001773
-0.001575
-0.001342
-0.001337
-0.001590
-0.001822
-0.001988
-0.002156
-0.002096
-0.001535
-0.000704
0.000099
0.000878
0.001593
0.002084
0.002175
0.001875
0.001436
0.001044
0.000608
0.000095
-0.000355
-0.000627
-0.000770
-0.000852
-0.000767
-0.000514
-0.000258
-0.000071
0.000144
0.000410
0.000665
0.000881
0.000986
0.000978
0.000976
0.000952
0.000793
0.000530
0.000218
-0.000056
-0.000240
-0.000391
-0.000500
-0.000495
-0.000425
-0.000388
-0.000329
-0.000240
-0.000155
0.000005
0.000250
0.000493
0.000667
0.000810
0.000933
0.001000
0.001017
0.000980
0.000860
0.000642
0.000431
0.000344
0.000371
0.000482
0.000614
0.000628
0.000535
0.000361
0.000079
-0.000209
-0.000426
-0.000552
-0.000523
-0.000328
-0.000125
-0.000031
0.000026
0.000032
-0.000051
-0.000150
-0.000196
-0.000205
-0.000215
-0.000176
-0.000125
-0.000096
0.000064
0.000396
0.000692
0.000811
0.000761
0.000555
0.000284
0.000197
0.000404
0.000733
0.001017
0.001172
0.001249
0.001279
0.001077
0.000639
0.000199
-0.000200
-0.000565
-0.000796
-0.000915
-0.000981
-0.000963
-0.000884
-0.000777
-0.000561
-0.000328
-0.000286
-0.000391
-0.000509
-0.000659
-0.001011
-0.001641
-0.002437
-0.003171
-0.003599
-0.003506
-0.002718
-0.001473
-0.000307
0.000564
0.001142
0.001382
0.001337
0.001065
0.000654
0.000405
0.000404
0.000380
0.000223
0.000040
-0.000173
-0.000426
-0.000669
-0.000950
-0.001198
-0.001232
-0.001058
-0.000689
-0.000125
0.000503
0.001049
0.001390
0.001486
0.001323
0.000892
0.000295
-0.000242
-0.000510
-0.000578
-0.000678
-0.000821
-0.000861
-0.000774
-0.000604
-0.000389
-0.000139
0.000174
0.000549
0.000882
0.001061
0.001129
0.001114
0.000924
0.000609
0.000318
0.000059
-0.000131
-0.000142
-0.000004
0.000166
0.000264
0.000267
0.000287
0.000396
0.000532
0.000722
0.000956
0.001100
0.001132
0.000925
0.000385
-0.000218
-0.000653
-0.000961
-0.001157
-0.001166
-0.001038
-0.000853
-0.000606
-0.000294
0.000059
0.000345
0.000485
0.000627
0.000863
0.001107
0.001289
0.001345
0.001211
0.000889
0.000400
-0.000168
-0.000611
-0.000792
-0.000760
-0.000562
-0.000246
0.000067
0.000335
0.000481
0.000351
0.000066
-0.000230
-0.000632
-0.000939
-0.000857
-0.000523
-0.000192
0.000005
-0.000009
-0.000136
-0.000195
-0.000237
-0.000232
0.000002
0.000314
0.000380
0.000164
-0.000199
-0.000605
-0.000991
-0.001357
-0.001637
-0.001730
-0.001656
-0.001502
-0.001259
-0.000877
-0.000535
-0.000420
-0.000330
-0.000042
0.000329
0.000618
0.000753
0.000700
0.000532
0.000365
0.000142
-0.000286
-0.000834
-0.001274
-0.001526
-0.001643
-0.001615
-0.001347
-0.000775
-0.000034
0.000557
0.000905
0.001115
0.001126
0.000946
0.000780
0.000685
0.000589
0.000506
0.000487
0.000552
0.000602
0.000510
0.000228
-0.000108
-0.000257
-0.000207
-0.000112
0.000037
0.000297
0.000578
0.000774
0.000880
0.000923
0.000886
0.000733
0.000526
0.000333
0.000118
-0.000083
-0.000152
-0.000024
0.000255
0.000596
0.000923
0.001142
0.001222
0.001179
0.001023
0.000817
0.000602
0.000357
0.000133
-0.000013
-0.000087
-0.000107
-0.000168
-0.000329
-0.000418
-0.000353
-0.000295
-0.000254
-0.000089
0.000182
0.000432
0.000602
0.000688
0.000740
0.000764
0.000714
0.000633
0.000545
0.000394
0.000198
0.000098
0.000176
0.000319
0.000315
-0.000014
-0.000544
-0.000855
-0.000812
-0.000688
-0.000625
-0.000528
-0.000321
0.000001
0.000296
0.000371
0.000280
0.000181
0.000034
-0.000163
-0.000279
-0.000363
-0.000414
-0.000349
-0.000318
-0.000357
-0.000307
-0.000246
-0.000342
-0.000492
-0.000547
-0.000535
-0.000525
-0.000534
-0.000548
-0.000525
-0.000412
-0.000260
-0.000189
-0.000210
-0.000213
-0.000157
-0.000076
0.000033
0.000126
0.000126
0.000024
-0.000180
-0.000486
-0.000768
-0.000881
-0.000822
-0.000662
-0.000502
-0.000413
-0.000271
-0.000010
0.000178
0.000259
0.000337
0.000363
0.000324
0.000303
0.000382
0.000520
0.000546
0.000487
0.000518
0.000601
0.000621
0.000531
0.000373
0.000270
0.000163
-0.000030
-0.000139
-0.000146
-0.000082
0.000192
0.000555
0.000762
0.000825
0.000795
0.000671
0.000538
0.000430
0.000297
0.000162
0.000137
0.000264
0.000404
0.000480
0.000614
0.000770
0.000751
0.000554
0.000324
0.000202
0.000171
0.000146
0.000120
0.000064
-0.000014
-0.000061
-0.000036
0.000039
0.000050
-0.000025
-0.000109
-0.000167
-0.000206
-0.000206
-0.000159
-0.000140
-0.000189
-0.000257
-0.000280
-0.000238
-0.000225
-0.000257
-0.000291
-0.000340
-0.000369
-0.000413
-0.000506
-0.000584
-0.000643
-0.000737
-0.000856
-0.000880
-0.000742
-0.000499
-0.000253
-0.000096
-0.000043
0.000001
0.000074
0.000095
0.000014
-0.000086
-0.000135
-0.000141
-0.000121
-0.000214
-0.000496
-0.000710
-0.000710
-0.000648
-0.000561
-0.000426
-0.000311
-0.000222
-0.000094
0.000074
0.000202
0.000284
0.000328
0.000262
0.000100
-0.000076
-0.000241
-0.000393
-0.000542
-0.000616
-0.000540
-0.000389
-0.000297
-0.000322
-0.000389
-0.000354
-0.000205
-0.000066
0.000056
0.000210
0.000309
0.000313
0.000235
0.000063
-0.000079
-0.000083
-0.000041
-0.000026
0.000061
0.000188
0.000195
0.000111
0.000060
0.000069
0.000110
0.000144
0.000149
0.000136
0.000058
-0.000066
-0.000143
-0.000144
-0.000122
-0.000105
0.000054
0.000276
0.000384
0.000458
0.000466
0.000333
0.000169
0.000081
0.000091
0.000152
0.000208
0.000318
0.000430
0.000347
0.000165
0.000145
0.000220
0.000190
0.000100
0.000076
0.000095
0.000077
0.000026
-0.000070
-0.000174
-0.000100
0.000122
0.000189
0.000128
0.000131
0.000137
0.000153
0.000261
0.000368
0.000379
0.000322
0.000230
0.000130
-0.000018
-0.000323
-0.000649
-0.000745
-0.000635
-0.000481
-0.000354
-0.000304
-0.000403
-0.000616
-0.000720
-0.000609
-0.000462
-0.000321
-0.000092
0.000111
0.000138
0.000019
-0.000087
-0.000069
-0.000004
-0.000036
-0.000129
-0.000134
-0.000116
-0.000169
-0.000177
-0.000128
-0.000101
-0.000133
-0.000204
-0.000171
-0.000052
0.000002
0.000048
0.000113
0.000138
0.000136
0.000161
0.000311
0.000522
0.000671
0.000734
0.000647
0.000454
0.000303
0.000229
0.000187
0.000130
0.000037
-0.000065
-0.000178
-0.000290
-0.000366
-0.000396
-0.000364
-0.000267
-0.000018
0.000351
0.000564
0.000541
0.000528
0.000610
0.000633
0.000524
0.000319
0.000125
-0.000065
-0.000323
-0.000446
-0.000366
-0.000310
-0.000316
-0.000280
-0.000180
-0.000053
0.000037
0.000049
0.000025
0.000044
0.000104
0.000193
0.000334
0.000463
0.000520
0.000511
0.000421
0.000285
0.000171
0.000053
-0.000071
-0.000140
-0.000177
-0.000153
-0.000010
0.000175
0.000318
0.000377
0.000322
0.000179
0.000081
0.000068
0.000015
-0.000046
0.000018
0.000118
0.000134
0.000144
0.000204
0.000260
0.000275
0.000168
-0.000008
-0.000054
0.000037
0.000111
0.000135
0.000195
0.000245
0.000205
0.000127
0.000046
-0.000054
-0.000085
0.000009
0.000060
0.000024
-0.000007
-0.000057
-0.000066
0.000004
0.000037
0.000027
0.000005
-0.000064
-0.000116
-0.000046
0.000124
0.000221
0.000184
0.000116
-0.000000
-0.000175
-0.000297
-0.000314
-0.000266
-0.000200
-0.000056
0.000097
0.000086
-0.000035
-0.000145
-0.000171
-0.000094
-0.000027
-0.000032
-0.000034
-0.000079
-0.000180
-0.000204
-0.000170
-0.000050
0.000209
0.000390
0.000436
0.000515
0.000571
0.000506
0.000409
0.000357
0.000263
0.000050
-0.000170
-0.000242
-0.000185
-0.000130
-0.000122
-0.000122
-0.000059
0.000066
0.000139
0.000141
0.000180
0.000276
0.000300
0.000191
0.000075
0.000052
0.000015
-0.000111
-0.000239
-0.000322
-0.000430
-0.000604
-0.000733
-0.000656
-0.000486
-0.000514
-0.000640
-0.000559
-0.000313
-0.000088
0.000046
0.000087
0.000075
0.000007
-0.000165
-0.000319
-0.000276
-0.000107
0.000011
-0.000017
-0.000111
-0.000122
-0.000096
-0.000118
-0.000179
-0.000226
-0.000236
-0.000238
-0.000198
-0.000112
-0.000065
-0.000055
-0.000021
0.000052
0.000083
-0.000011
-0.000111
-0.000051
0.000076
0.000074
-0.000088
-0.000247
-0.000188
0.000022
0.000137
0.000112
0.000067
0.000052
0.000039
0.000001
-0.000061
-0.000103
-0.000058
-0.000028
-0.000088
-0.000057
0.000068
0.000141
0.000136
0.000053
-0.000072
-0.000096
0.000012
0.000062
0.000029
0.000061
0.000127
0.000135
0.000056
-0.000071
-0.000190
-0.000305
-0.000408
-0.000444
-0.000329
-0.000104
0.000099
0.000210
0.000240
0.000259
0.000267
0.000211
0.000073
-0.000025
-0.000049
-0.000128
-0.000238
-0.000303
-0.000314
-0.000257
-0.000169
-0.000117
-0.000149
-0.000191
-0.000128
0.000013
0.000159
0.000278
0.000313
0.000270
0.000209
0.000144
0.000077
-0.000021
-0.000183
-0.000300
-0.000291
-0.000264
-0.000238
-0.000160
-0.000073
0.000024
0.000168
0.000301
0.000342
0.000304
0.000181
0.000019
-0.000049
-0.000080
-0.000118
-0.000107
-0.000085
-0.000095
-0.000133
-0.000189
-0.000184
-0.000095
-0.000098
-0.000244
-0.000345
-0.000323
-0.000270
-0.000193
-0.000071
-0.000011
-0.000061
-0.000149
-0.000266
-0.000403
-0.000471
-0.000438
-0.000313
-0.000104
0.000089
0.000140
0.000085
0.000044
0.000012
-0.000066
-0.000121
-0.000067
0.000081
0.000253
0.000371
0.000404
0.000336
0.000186
0.000073
0.000047
0.000059
0.000105
0.000241
0.000453
0.000585
0.000519
0.000355
0.000254
0.000250
0.000287
0.000290
0.000216
0.000090
-0.000010
-0.000064
-0.000064
0.000038
0.000203
0.000308
0.000302
0.000268
0.000253
0.000260
0.000296
0.000360
0.000412
0.000411
0.000359
0.000255
0.000118
-0.000036
-0.000175
-0.000245
-0.000201
-0.000092
-0.000098
-0.000255
-0.000330
-0.000247
-0.000125
0.000035
0.000196
0.000286
0.000317
0.000311
0.000283
0.000217
0.000077
-0.000135
-0.000321
-0.000386
-0.000349
-0.000250
-0.000095
0.000109
0.000304
0.000442
0.000527
0.000513
0.000324
0.000040
-0.000170
-0.000287
-0.000356
-0.000338
-0.000234
-0.000092
0.000109
0.000336
0.000462
0.000425
0.000302
0.000187
0.000093
0.000027
-0.000024
-0.000057
-0.000044
-0.000008
-0.000036
-0.000097
-0.000095
-0.000097
-0.000164
-0.000258
-0.000272
-0.000205
-0.000142
-0.000017
0.000116
0.000142
0.000170
0.000260
0.000287
0.000189
0.000052
-0.000029
-0.000060
-0.000171
-0.000295
-0.000275
-0.000227
-0.000240
-0.000237
-0.000167
-0.000044
0.000140
0.000349
0.000497
0.000581
0.000592
0.000482
0.000274
0.000085
-0.000054
-0.000169
-0.000202
-0.000176
-0.000113
-0.000044
-0.000069
-0.000149
-0.000154
-0.000046
0.000053
0.000030
-0.000023
-0.000052
-0.000025
0.000114
0.000239
0.000228
0.000173
0.000230
0.000364
0.000387
0.000344
0.000403
0.000453
0.000400
0.000324
0.000231
0.000146
0.000122
0.000106
0.000027
-0.000100
-0.000222
-0.000265
-0.000241
-0.000203
-0.000190
-0.000243
-0.000289
-0.000241
-0.000117
0.000016
0.000140
0.000224
0.000215
0.000108
-0.000074
-0.000265
-0.000399
-0.000451
-0.000433
-0.000407
-0.000423
-0.000459
-0.000453
-0.000376
-0.000227
-0.000101
-0.000105
-0.000159
-0.000182
-0.000229
-0.000284
-0.000251
-0.000174
-0.000133
-0.000102
-0.000075
-0.000101
-0.000209
-0.000339
-0.000403
-0.000362
-0.000227
-0.000107
-0.000061
0.000007
0.000110
0.000182
0.000219
0.000143
-0.000102
-0.000289
-0.000278
-0.000185
-0.000074
0.000029
0.000116
0.000146
0.000071
-0.000013
-0.000022
-0.000002
0.000025
0.000047
0.000060
0.000088
0.000087
0.000011
-0.000109
-0.000172
-0.000181
-0.000235
-0.000280
-0.000263
-0.000217
-0.000145
-0.000093
-0.000101
-0.000076
-0.000004
0.000030
0.000062
0.000126
0.000122
0.000019
-0.000029
0.000032
0.000081
0.000093
0.000088
0.000034
-0.000063
-0.000143
-0.000121
-0.000003
0.000094
0.000128
0.000144
0.000180
0.000191
0.000096
-0.000003
0.000014
0.000085
0.000128
0.000119
0.000062
-0.000002
-0.000050
-0.000109
-0.000145
-0.000103
-0.000032
0.000004
0.000001
0.000014
0.000061
0.000044
-0.000035
-0.000082
-0.000113
-0.000113
-0.000071
-0.000095
-0.000167
-0.000216
-0.000237
-0.000201
-0.000104
0.000058
0.000203
0.000202
0.000133
0.000058
0.000002
0.000037
0.000090
0.000163
0.000238
0.000180
0.000132
0.000094
-0.000142
-0.000413
-0.000595
-0.000702
-0.000663
-0.000527
-0.000443
-0.000421
-0.000311
-0.000163
-0.000114
-0.000098
-0.000061
0.000015
0.000109
0.000090
-0.000040
-0.000159
-0.000212
-0.000199
-0.000113
0.000020
0.000047
-0.000008
0.000047
0.000130
0.000104
0.000062
0.000066
0.000090
0.000148
0.000223
0.000243
0.000280
0.000402
0.000461
0.000411
0.000359
0.000331
0.000269
0.000188
0.000165
0.000172
0.000178
0.000198
0.000234
0.000280
0.000286
0.000248
0.000204
0.000117
0.000006
-0.000022
0.000023
0.000094
0.000183
0.000233
0.000208
0.000148
0.000091
0.000029
0.000009
0.000073
0.000119
0.000082
-0.000023
-0.000109
-0.000132
-0.000153
-0.000094
0.000051
0.000162
0.000210
0.000171
0.000069
-0.000003
-0.000021
-0.000039
-0.000075
-0.000035
0.000139
0.000310
0.000342
0.000276
0.000219
0.000193
0.000138
0.000073
0.000048
0.000069
0.000139
0.000190
0.000165
0.000103
0.000025
-0.000081
-0.000150
-0.000142
-0.000134
-0.000150
-0.000100
-0.000010
0.000016
0.000011
0.000059
0.000177
0.000286
0.000312
0.000287
0.000234
0.000140
0.000026
-0.000063
-0.000128
-0.000165
-0.000165
-0.000136
-0.000089
-0.000082
-0.000117
-0.000129
-0.000108
-0.000086
-0.000058
0.000025
0.000070
0.000050
0.000096
0.000190
0.000246
0.000228
0.000136
0.000014
-0.000090
-0.000142
-0.000136
-0.000120
-0.000126
-0.000107
-0.000067
-0.000065
-0.000018
0.000154
0.000269
0.000285
0.000274
0.000153
0.000023
0.000002
0.000016
-0.000012
-0.000109
-0.000185
-0.000161
-0.000105
-0.000101
-0.000099
-0.000018
0.000017
-0.000057
-0.000014
0.000192
0.000365
0.000380
0.000252
0.000162
0.000212
0.000265
0.000232
0.000200
0.000160
0.000100
0.000064
0.000019
-0.000014
-0.000014
0.000033
0.000132
0.000205
0.000210
0.000192
0.000129
-0.000013
-0.000142
-0.000232
-0.000271
-0.000260
-0.000215
-0.000154
-0.000156
-0.000182
-0.000193
-0.000208
-0.000228
-0.000268
-0.000310
-0.000302
-0.000268
-0.000237
-0.000164
-0.000089
-0.000050
0.000027
0.000088
0.000019
-0.000083
-0.000136
-0.000173
-0.000185
-0.000149
-0.000107
-0.000121
-0.000178
-0.000230
-0.000250
-0.000236
-0.000203
-0.000164
-0.000088
0.000043
0.000104
0.000017
-0.000077
-0.000045
0.000019
0.000040
0.000073
0.000045
-0.000082
-0.000139
-0.000083
-0.000044
-0.000020
0.000015
0.000008
-0.000005
0.000036
0.000073
0.000007
-0.000134
-0.000239
-0.000225
-0.000144
-0.000171
-0.000222
-0.000133
-0.000024
0.000000
-0.000039
-0.000117
-0.000171
-0.000158
-0.000130
-0.000106
-0.000043
0.000005
-0.000019
-0.000078
-0.000082
-0.000003
0.000036
-0.000015
-0.000085
-0.000149
-0.000150
-0.000087
-0.000060
-0.000054
0.000001
0.000081
0.000147
0.000190
0.000163
0.000065
0.000007
0.000003
-0.000052
-0.000186
-0.000316
-0.000355
-0.000286
-0.000180
-0.000129
-0.000098
-0.000049
0.000003
0.000069
0.000087
0.000060
0.000061
0.000056
0.000030
0.000072
0.000135
0.000058
-0.000060
-0.000097
-0.000132
-0.000145
-0.000095
-0.000020
0.000036
0.000018
-0.000008
-0.000030
-0.000079
-0.000052
0.000080
0.000182
0.000162
0.000145
0.000192
0.000189
0.000139
0.000076
-0.000018
-0.000104
-0.000114
-0.000029
-0.000001
-0.000172
-0.000394
-0.000455
-0.000357
-0.000261
-0.000258
-0.000306
-0.000310
-0.000263
-0.000253
-0.000277
-0.000280
-0.000261
-0.000185
-0.000037
0.000083
0.000144
0.000182
0.000159
0.000103
0.000070
0.000028
-0.000023
-0.000032
0.000035
0.000144
0.000174
0.000122
0.000116
0.000179
0.000246
0.000311
0.000373
0.000425
0.000465
0.000468
0.000381
0.000228
0.000155
0.000158
0.000126
0.000086
0.000057
0.000058
0.000115
0.000169
0.000206
0.000266
0.000327
0.000318
0.000251
0.000239
0.000272
0.000244
0.000160
0.000116
0.000136
0.000160
0.000167
0.000139
0.000083
0.000039
0.000004
-0.000017
-0.000031
-0.000064
-0.000054
-0.000020
-0.000092
-0.000168
-0.000104
0.000004
0.000079
0.000083
-0.000021
-0.000122
-0.000092
-0.000013
-0.000007
-0.000006
0.000051
0.000085
0.000058
0.000024
0.000037
0.000073
0.000063
0.000035
0.000077
0.000139
0.000146
0.000099
0.000062
0.000079
0.000086
0.000105
0.000132
0.000088
-0.000004
-0.000080
-0.000101
-0.000094
-0.000098
-0.000096
-0.000066
-0.000037
-0.000027
0.000046
0.000153
0.000168
0.000097
0.000037
0.000080
0.000127
0.000059
0.000004
0.000050
0.000108
0.000100
0.000029
-0.000051
-0.000062
-0.000036
-0.000029
-0.000033
-0.000075
-0.000106
-0.000044
0.000036
0.000080
0.000116
0.000100
0.000021
-0.000046
-0.000008
0.000097
0.000138
0.000143
0.000155
0.000150
0.000136
0.000114
0.000064
0.000006
-0.000033
-0.000108
-0.000189
-0.000119
0.000037
0.000043
-0.000032
-0.000005
0.000028
-0.000002
-0.000012
-0.000019
-0.000027
-0.000039
-0.000178
-0.000311
-0.000178
0.000108
0.000310
0.000403
0.000405
0.000346
0.000310
0.000290
0.000259
0.000271
0.000296
0.000238
0.000163
0.000222
0.000319
0.000292
0.000215
0.000192
0.000190
0.000128
0.000008
-0.000081
-0.000084
-0.000079
-0.000136
-0.000212
-0.000221
-0.000170
-0.000129
-0.000111
-0.000137
-0.000224
-0.000301
-0.000333
-0.000367
-0.000378
-0.000321
-0.000296
-0.000324
-0.000301
-0.000226
-0.000141
-0.000107
-0.000129
-0.000129
-0.000162
-0.000231
-0.000241
-0.000225
-0.000238
-0.000275
-0.000295
-0.000276
-0.000255
-0.000234
-0.000157
-0.000056
0.000007
0.000039
0.000085
0.000154
0.000154
0.000099
0.000087
0.000097
0.000022
-0.000107
-0.000242
-0.000396
-0.000444
-0.000356
-0.000204
-0.000054
-0.000001
0.000034
0.000097
0.000117
0.000088
0.000019
-0.000043
-0.000059
-0.000005
0.000043
0.000006
-0.000046
-0.000091
-0.000161
-0.000211
-0.000210
-0.000204
-0.000221
-0.000242
-0.000236
-0.000165
-0.000037
0.000079
0.000107
0.000034
-0.000047
-0.000053
-0.000008
0.000041
0.000082
0.000143
0.000201
0.000159
0.000007
-0.000125
-0.000153
-0.000142
-0.000150
-0.000136
-0.000071
0.000007
0.000035
0.000010
0.000000
0.000041
0.000051
0.000007
0.000009
0.000033
0.000014
0.000027
0.000018
-0.000070
-0.000111
-0.000094
-0.000079
-0.000074
-0.000068
-0.000044
-0.000059
-0.000075
-0.000012
0.000025
-0.000031
-0.000123
-0.000188
-0.000125
