4320
-0.000012
-0.000025
-0.000085
-0.000126
-0.000083
-0.000046
-0.000113
-0.000205
-0.000272
-0.000316
-0.000316
-0.000285
-0.000253
-0.000252
-0.000287
-0.000322
-0.000282
-0.000195
-0.000135
-0.000103
-0.000073
-0.000021
0.000016
-0.000014
-0.000085
-0.000142
-0.000170
-0.000189
-0.000191
-0.000155
-0.000112
-0.000095
-0.000075
-0.000037
-0.000027
-0.000068
-0.000098
-0.000040
0.000029
0.000044
0.000066
0.000068
0.000027
0.000022
0.000058
0.000053
-0.000032
-0.000147
-0.000224
-0.000210
-0.000107
-0.000043
-0.000073
-0.000096
-0.000121
-0.000172
-0.000169
-0.000075
0.000015
0.000044
0.000056
0.000057
0.000036
-0.000027
-0.000132
-0.000216
-0.000202
-0.000102
0.000001
0.000077
0.000098
0.000056
0.000010
-0.000021
-0.000049
-0.000076
-0.000087
-0.000067
-0.000107
-0.000196
-0.000183
-0.000116
-0.000063
0.000003
0.000050
0.000057
0.000050
0.000056
0.000054
0.000040
0.000043
0.000068
0.000091
0.000072
0.000034
0.000009
0.000002
0.000040
0.000063
0.000030
0.000015
0.000015
0.000020
0.000036
-0.000034
-0.000170
-0.000213
-0.000206
-0.000201
-0.000125
-0.000025
0.000071
0.000128
0.000074
-0.000006
-0.000027
-0.000000
0.000066
0.000115
0.000081
0.000043
0.000071
0.000026
-0.000132
-0.000217
-0.000161
-0.000043
0.000089
0.000167
0.000092
-0.000085
-0.000193
-0.000246
-0.000330
-0.000400
-0.000398
-0.000336
-0.000287
-0.000293
-0.000317
-0.000314
-0.000254
-0.000166
-0.000107
-0.000045
0.000017
0.000012
-0.000045
-0.000072
-0.000026
0.000035
0.000083
0.000140
0.000159
0.000122
0.000089
0.000072
0.000077
0.000115
0.000159
0.000181
0.000177
0.000174
0.000104
0.000038
0.000116
0.000185
0.000116
0.000028
0.000063
0.000163
0.000195
0.000183
0.000201
0.000247
0.000282
0.000261
0.000199
0.000206
0.000305
0.000379
0.000348
0.000234
0.000140
0.000102
0.000064
0.000038
0.000054
0.000088
0.000112
0.000084
0.000018
0.000002
0.000010
-0.000005
-0.000002
0.000014
0.000031
0.000055
0.000079
0.000077
0.000018
-0.000022
-0.000009
-0.000018
-0.000051
-0.000058
-0.000016
0.000009
-0.000004
0.000006
0.000066
0.000176
0.000234
0.000178
0.000116
0.000114
0.000122
0.000121
0.000118
0.000061
-0.000041
-0.000134
-0.000159
-0.000062
0.000089
0.000190
0.000234
0.000244
0.000218
0.000168
0.000098
0.000035
0.000012
-0.000016
-0.000059
-0.000046
-0.000003
-0.000035
-0.000130
-0.000154
-0.000035
0.000104
0.000144
0.000101
0.000042
0.000017
0.000040
0.000100
0.000143
0.000131
0.000076
0.000050
0.000026
-0.000021
-0.000014
-0.000013
-0.000050
-0.000058
-0.000008
0.000040
0.000027
0.000031
0.000103
0.000216
0.000299
0.000264
0.000166
0.000090
0.000065
0.000104
0.000128
0.000046
-0.000050
-0.000037
0.000005
-0.000016
-0.000066
-0.000056
0.000024
0.000096
0.000146
0.000191
0.000168
0.000049
-0.000050
-0.000073
-0.000139
-0.000238
-0.000196
-0.000067
0.000018
0.000132
0.000239
0.000186
0.000104
0.000158
0.000192
0.000123
0.000057
-0.000005
-0.000023
0.000085
0.000185
0.000141
0.000049
0.000005
0.000000
0.000044
0.000095
0.000057
-0.000031
-0.000071
-0.000090
-0.000114
-0.000131
-0.000136
-0.000054
0.000063
0.000013
-0.000139
-0.000266
-0.000379
-0.000441
-0.000429
-0.000334
-0.000223
-0.000178
-0.000220
-0.000269
-0.000228
-0.000138
-0.000046
-0.000011
-0.000066
-0.000133
-0.000185
-0.000197
-0.000165
-0.000143
-0.000122
-0.000099
-0.000157
-0.000276
-0.000317
-0.000277
-0.000237
-0.000227
-0.000219
-0.000176
-0.000110
-0.000007
0.000092
0.000104
0.000077
0.000064
0.000075
0.000116
0.000141
0.000146
0.000151
0.000123
0.000106
0.000147
0.000176
0.000164
0.000129
0.000059
-0.000005
-0.000008
0.000010
0.000008
-0.000029
-0.000093
-0.000134
-0.000115
-0.000106
-0.000129
-0.000120
-0.000106
-0.000095
-0.000048
-0.000020
-0.000072
-0.000115
-0.000104
-0.000057
-0.000003
0.000011
0.000043
0.000075
-0.000009
-0.000166
-0.000250
-0.000302
-0.000415
-0.000475
-0.000457
-0.000503
-0.000567
-0.000506
-0.000361
-0.000277
-0.000245
-0.000199
-0.000180
-0.000178
-0.000181
-0.000193
-0.000172
-0.000158
-0.000183
-0.000189
-0.000133
-0.000088
-0.000149
-0.000229
-0.000211
-0.000150
-0.000103
-0.000044
0.000015
0.000019
-0.000057
-0.000149
-0.000169
-0.000122
-0.000013
0.000124
0.000177
0.000157
0.000147
0.000149
0.000179
0.000224
0.000215
0.000175
0.000179
0.000214
0.000234
0.000238
0.000231
0.000245
0.000286
0.000311
0.000308
0.000372
0.000489
0.000454
0.000278
0.000092
-0.000021
-0.000035
-0.000039
-0.000027
0.000012
0.000034
0.000036
0.000057
0.000128
0.000199
0.000227
0.000240
0.000281
0.000327
0.000379
0.000437
0.000446
0.000403
0.000362
0.000347
0.000344
0.000374
0.000403
0.000415
0.000418
0.000331
0.000269
0.000339
0.000374
0.000340
0.000297
0.000234
0.000175
0.000097
-0.000041
-0.000161
-0.000188
-0.000155
-0.000096
-0.000063
-0.000079
-0.000089
-0.000061
-0.000026
-0.000070
-0.000155
-0.000216
-0.000272
-0.000283
-0.000288
-0.000374
-0.000570
-0.000771
-0.000809
-0.000773
-0.000840
-0.001002
-0.001172
-0.001246
-0.001231
-0.001222
-0.001205
-0.001165
-0.001131
-0.001117
-0.001050
-0.000935
-0.000846
-0.000767
-0.000691
-0.000608
-0.000503
-0.000363
-0.000212
-0.000072
0.000098
0.000271
0.000435
0.000645
0.000839
0.000973
0.001112
0.001323
0.001538
0.001596
0.001547
0.001520
0.001497
0.001437
0.001357
0.001292
0.001254
0.001228
0.001185
0.001124
0.001021
0.000851
0.000685
0.000591
0.000525
0.000405
0.000299
0.000276
0.000275
0.000301
0.000349
0.000339
0.000224
0.000133
0.000160
0.000212
0.000297
0.000397
0.000457
0.000539
0.000601
0.000548
0.000445
0.000404
0.000467
0.000582
0.000621
0.000569
0.000476
0.000332
0.000230
0.000267
0.000336
0.000322
0.000245
0.000154
0.000088
0.000091
0.000122
0.000087
-0.000028
-0.000141
-0.000154
-0.000094
-0.000053
-0.000051
-0.000077
-0.000176
-0.000436
-0.001045
-0.002189
-0.003605
-0.004364
-0.003751
-0.002357
-0.001498
-0.001877
-0.002859
-0.003427
-0.003292
-0.002696
-0.002136
-0.001874
-0.001919
-0.001981
-0.001646
-0.001135
-0.000917
-0.001070
-0.001085
-0.000471
0.000537
0.001431
0.001851
0.001784
0.001619
0.001694
0.002062
0.002332
0.002031
0.001521
0.001466
0.001901
0.002274
0.002100
0.001629
0.001213
0.000934
0.000871
0.000952
0.000877
0.000539
0.000314
0.000359
0.000346
0.000040
-0.000363
-0.000521
-0.000351
-0.000030
0.000231
0.000302
0.000191
0.000082
0.000159
0.000451
0.000715
0.000716
0.000598
0.000624
0.000786
0.000905
0.000925
0.000878
0.000856
0.000955
0.001147
0.001245
0.001016
0.000571
0.000250
0.000233
0.000413
0.000573
0.000621
0.000582
0.000522
0.000444
0.000382
0.000301
0.000127
-0.000039
-0.000116
-0.000100
-0.000075
-0.000147
-0.000238
-0.000229
-0.000131
0.000014
0.000156
0.000297
0.000441
0.000559
0.000705
0.000814
0.000377
-0.001406
-0.004522
-0.007126
-0.006955
-0.004091
-0.001100
-0.000548
-0.002508
-0.004567
-0.004951
-0.003831
-0.002301
-0.001615
-0.002119
-0.003137
-0.003442
-0.002558
-0.001656
-0.001805
-0.002535
-0.002358
-0.000682
0.001567
0.003139
0.003411
0.002878
0.002424
0.002469
0.002830
0.003002
0.002719
0.002150
0.001824
0.002078
0.002479
0.002371
0.001774
0.001231
0.001037
0.000907
0.000539
0.000022
-0.000371
-0.000493
-0.000499
-0.000647
-0.001013
-0.001346
-0.001296
-0.000846
-0.000352
-0.000190
-0.000327
-0.000392
-0.000142
0.000302
0.000750
0.001061
0.001078
0.001029
0.001266
0.001667
0.001905
0.001839
0.001639
0.001518
0.001451
0.001319
0.001107
0.000920
0.000800
0.000698
0.000747
0.000983
0.001068
0.000901
0.000744
0.000618
0.000331
-0.000107
-0.000501
-0.000641
-0.000490
-0.000291
-0.000255
-0.000333
-0.000353
-0.000201
0.000100
0.000367
0.000476
0.000502
0.000524
0.000538
0.000474
0.000367
0.000307
0.000269
0.000317
0.000534
0.000859
0.000831
-0.000510
-0.003363
-0.006279
-0.007000
-0.004722
-0.001557
-0.000256
-0.001646
-0.004065
-0.005050
-0.004088
-0.002283
-0.001214
-0.001571
-0.002575
-0.003209
-0.002695
-0.001647
-0.001375
-0.002034
-0.002536
-0.001501
0.000784
0.002838
0.003672
0.003377
0.002901
0.002840
0.003149
0.003442
0.003349
0.002902
0.002395
0.002193
0.002274
0.002153
0.001650
0.001033
0.000737
0.000853
0.000939
0.000614
-0.000117
-0.000718
-0.000772
-0.000551
-0.000556
-0.000938
-0.001313
-0.001241
-0.000750
-0.000288
-0.000116
-0.000208
-0.000372
-0.000251
0.000262
0.000888
0.001181
0.001098
0.001100
0.001421
0.001803
0.001959
0.001861
0.001690
0.001573
0.001513
0.001441
0.001171
0.000755
0.000462
0.000444
0.000639
0.000887
0.001087
0.001166
0.001159
0.001162
0.001130
0.000845
0.000248
-0.000408
-0.000812
-0.000776
-0.000458
-0.000228
-0.000180
-0.000098
0.000150
0.000474
0.000735
0.000875
0.000937
0.000961
0.000938
0.000886
0.000812
0.000685
0.000542
0.000440
0.000393
0.000000
-0.001451
-0.003894
-0.006269
-0.006894
-0.005005
-0.002317
-0.001134
-0.002308
-0.004493
-0.005407
-0.004594
-0.002846
-0.001599
-0.001807
-0.002719
-0.003337
-0.002878
-0.001850
-0.001450
-0.001831
-0.002214
-0.001326
0.000757
0.002731
0.003621
0.003425
0.002994
0.002847
0.003098
0.003529
0.003607
0.003230
0.002721
0.002570
0.002779
0.002696
0.002141
0.001483
0.001131
0.001018
0.000730
0.000329
-0.000101
-0.000526
-0.000831
-0.000921
-0.000855
-0.001069
-0.001447
-0.001411
-0.000913
-0.000470
-0.000395
-0.000451
-0.000451
-0.000263
0.000136
0.000610
0.001013
0.001116
0.001054
0.001210
0.001591
0.001823
0.001674
0.001407
0.001277
0.001153
0.000947
0.000716
0.000521
0.000397
0.000367
0.000487
0.000629
0.000624
0.000527
0.000547
0.000742
0.000863
0.000729
0.000381
-0.000045
-0.000443
-0.000654
-0.000504
-0.000175
0.000007
0.000050
0.000183
0.000428
0.000611
0.000680
0.000762
0.000957
0.001086
0.001011
0.000882
0.000759
0.000557
0.000382
0.000281
-0.000384
-0.002269
-0.004961
-0.007002
-0.006724
-0.004277
-0.001922
-0.001555
-0.003325
-0.005296
-0.005611
-0.004393
-0.002634
-0.001879
-0.002567
-0.003589
-0.003845
-0.002844
-0.001648
-0.001340
-0.001826
-0.002039
-0.000820
0.001337
0.003139
0.003725
0.003293
0.002782
0.002743
0.003236
0.003672
0.003528
0.002929
0.002314
0.002277
0.002612
0.002456
0.001641
0.000708
0.000310
0.000332
0.000209
-0.000140
-0.000557
-0.000870
-0.001027
-0.000895
-0.000610
-0.000480
-0.000495
-0.000561
-0.000457
-0.000283
-0.000271
-0.000362
-0.000362
-0.000105
0.000225
0.000505
0.000724
0.000851
0.000978
0.001221
0.001638
0.001922
0.001783
0.001474
0.001260
0.001135
0.000940
0.000653
0.000496
0.000483
0.000561
0.000747
0.000951
0.001088
0.001137
0.001174
0.001243
0.001259
0.001093
0.000695
0.000181
-0.000158
-0.000116
0.000037
0.000038
-0.000031
-0.000121
-0.000152
0.000040
0.000423
0.000705
0.000744
0.000763
0.000835
0.000804
0.000621
0.000411
0.000309
0.000302
0.000130
-0.000941
-0.003280
-0.005951
-0.007226
-0.005883
-0.003026
-0.001206
-0.001789
-0.004063
-0.005604
-0.005176
-0.003593
-0.002104
-0.001966
-0.002852
-0.003548
-0.003274
-0.002056
-0.001149
-0.001219
-0.001768
-0.001513
0.000233
0.002488
0.003960
0.004016
0.003297
0.002876
0.003106
0.003717
0.003996
0.003609
0.002929
0.002485
0.002555
0.002732
0.002465
0.001701
0.000901
0.000664
0.000677
0.000418
-0.000114
-0.000631
-0.000846
-0.000927
-0.000897
-0.000859
-0.000912
-0.000887
-0.000773
-0.000546
-0.000425
-0.000545
-0.000693
-0.000545
-0.000062
0.000394
0.000719
0.000906
0.001019
0.001254
0.001585
0.001925
0.002048
0.001810
0.001506
0.001368
0.001308
0.001117
0.000813
0.000608
0.000517
0.000588
0.000854
0.001104
0.001212
0.001188
0.001190
0.001324
0.001362
0.001119
0.000665
0.000181
-0.000172
-0.000277
-0.000141
0.000157
0.000473
0.000626
0.000746
0.000967
0.001165
0.001262
0.001233
0.001093
0.000918
0.000797
0.000682
0.000521
0.000441
0.000459
-0.000022
-0.001847
-0.004656
-0.006863
-0.006850
-0.004463
-0.001890
-0.001226
-0.002799
-0.005107
-0.005885
-0.004864
-0.003080
-0.002005
-0.002571
-0.003681
-0.004055
-0.003150
-0.001814
-0.001413
-0.001909
-0.002349
-0.001461
0.000748
0.002944
0.003982
0.003600
0.002790
0.002570
0.003121
0.003868
0.003937
0.003321
0.002606
0.002353
0.002674
0.002798
0.002265
0.001267
0.000352
0.000056
0.000153
0.000185
-0.000132
-0.000527
-0.000660
-0.000632
-0.000545
-0.000483
-0.000378
-0.000330
-0.000410
-0.000472
-0.000530
-0.000573
-0.000557
-0.000348
0.000034
0.000356
0.000530
0.000636
0.000908
0.001344
0.001695
0.001915
0.001927
0.001680
0.001329
0.001039
0.000873
0.000611
0.000222
0.000007
0.000072
0.000309
0.000538
0.000705
0.000784
0.000802
0.000925
0.001094
0.001114
0.000886
0.000467
0.000043
-0.000258
-0.000392
-0.000367
-0.000168
0.000178
0.000482
0.000671
0.000878
0.001125
0.001277
0.001299
0.001265
0.001192
0.001037
0.000798
0.000630
0.000579
0.000408
-0.000494
-0.002632
-0.005389
-0.007282
-0.006808
-0.004162
-0.001772
-0.001545
-0.003492
-0.005693
-0.006060
-0.004751
-0.002934
-0.002125
-0.002834
-0.003818
-0.004014
-0.002969
-0.001666
-0.001333
-0.001864
-0.002292
-0.001290
0.000965
0.003043
0.003821
0.003261
0.002478
0.002333
0.002984
0.003786
0.003839
0.003272
0.002654
0.002495
0.002871
0.003052
0.002609
0.001644
0.000725
0.000290
0.000168
0.000158
-0.000167
-0.000725
-0.001112
-0.001225
-0.000997
-0.000693
-0.000486
-0.000500
-0.000665
-0.000709
-0.000747
-0.000784
-0.000691
-0.000458
-0.000152
0.000091
0.000241
0.000335
0.000553
0.001015
0.001541
0.001867
0.001825
0.001613
0.001412
0.001193
0.000969
0.000681
0.000426
0.000245
0.000174
0.000409
0.000775
0.001048
0.001163
0.001129
0.001121
0.001108
0.001021
0.000858
0.000591
0.000300
0.000025
-0.000162
-0.000186
-0.000010
0.000306
0.000599
0.000858
0.001115
0.001336
0.001446
0.001491
0.001564
0.001461
0.001081
0.000649
0.000338
0.000194
0.000227
-0.000034
-0.001537
-0.004272
-0.006833
-0.007486
-0.005533
-0.002673
-0.001406
-0.002652
-0.005248
-0.006559
-0.005683
-0.003727
-0.002188
-0.002354
-0.003554
-0.004354
-0.003782
-0.002131
-0.001068
-0.001220
-0.001941
-0.001774
0.000022
0.002437
0.004113
0.004301
0.003558
0.003005
0.003262
0.004193
0.004743
0.004235
0.003207
0.002574
0.002792
0.003299
0.003304
0.002528
0.001360
0.000730
0.000594
0.000348
-0.000144
-0.000699
-0.000933
-0.000905
-0.000877
-0.000972
-0.001000
-0.000764
-0.000473
-0.000252
-0.000202
-0.000425
-0.000808
-0.000871
-0.000317
0.000372
0.000656
0.000453
0.000198
0.000492
0.001218
0.001801
0.001997
0.001835
0.001475
0.001162
0.001083
0.001025
0.000684
0.000242
0.000031
0.000259
0.000794
0.001264
0.001453
0.001376
0.001280
0.001269
0.001267
0.001223
0.001056
0.000765
0.000454
0.000270
0.000153
-0.000014
-0.000093
0.000018
0.000318
0.000736
0.001092
0.001229
0.001153
0.001092
0.001161
0.001195
0.001023
0.000639
0.000369
0.000506
0.000862
0.000756
-0.000783
-0.003776
-0.006712
-0.007584
-0.005591
-0.002608
-0.001280
-0.002523
-0.005183
-0.006559
-0.005581
-0.003438
-0.001756
-0.001890
-0.003201
-0.004150
-0.003721
-0.002152
-0.001142
-0.001389
-0.002221
-0.002228
-0.000517
0.002017
0.003841
0.004040
0.003142
0.002438
0.002608
0.003576
0.004402
0.004176
0.003167
0.002286
0.002330
0.002958
0.003209
0.002730
0.001658
0.000777
0.000450
0.000377
0.000236
-0.000239
-0.000796
-0.001201
-0.001410
-0.001521
-0.001559
-0.001272
-0.000666
-0.000069
0.000113
-0.000108
-0.000456
-0.000567
-0.000181
0.000405
0.000762
0.000692
0.000459
0.000508
0.000942
0.001570
0.001970
0.001928
0.001630
0.001314
0.001213
0.001265
0.001111
0.000594
-0.000004
-0.000122
0.000289
0.000805
0.001152
0.001162
0.000938
0.000723
0.000630
0.000705
0.000786
0.000658
0.000339
0.000061
-0.000090
-0.000212
-0.000285
-0.000217
0.000056
0.000439
0.000771
0.000967
0.000969
0.000854
0.000742
0.000675
0.000613
0.000474
0.000293
0.000240
0.000416
0.000687
0.000489
-0.001012
-0.003766
-0.006422
-0.007199
-0.005385
-0.002678
-0.001466
-0.002641
-0.005150
-0.006480
-0.005587
-0.003460
-0.001750
-0.001885
-0.003266
-0.004392
-0.004136
-0.002579
-0.001328
-0.001298
-0.002117
-0.002334
-0.000865
0.001562
0.003529
0.003980
0.003119
0.002216
0.002257
0.003332
0.004441
0.004463
0.003468
0.002365
0.002165
0.002809
0.003304
0.002970
0.001827
0.000767
0.000267
0.000121
0.000058
-0.000235
-0.000684
-0.001099
-0.001342
-0.001472
-0.001497
-0.001261
-0.000845
-0.000396
-0.000127
-0.000215
-0.000567
-0.000875
-0.000760
-0.000218
0.000329
0.000518
0.000352
0.000239
0.000526
0.001164
0.001751
0.001883
0.001647
0.001388
0.001419
0.001592
0.001477
0.001002
0.000338
-0.000020
0.000242
0.000812
0.001253
0.001311
0.001090
0.000850
0.000760
0.000854
0.000903
0.000693
0.000328
0.000037
-0.000059
-0.000024
-0.000001
-0.000059
-0.000058
0.000178
0.000555
0.000897
0.001091
0.001088
0.000930
0.000749
0.000669
0.000669
0.000665
0.000647
0.000777
0.000976
0.000948
0.000386
-0.001333
-0.004107
-0.006624
-0.007211
-0.005268
-0.002675
-0.001705
-0.002974
-0.005286
-0.006364
-0.005508
-0.003495
-0.001767
-0.001771
-0.003032
-0.004143
-0.003856
-0.002332
-0.001151
-0.001078
-0.001834
-0.002084
-0.000711
0.001697
0.003752
0.004360
0.003574
0.002497
0.002275
0.003259
0.004456
0.004666
0.003754
0.002581
0.002290
0.002849
0.003435
0.003344
0.002369
0.001250
0.000516
0.000239
0.000298
0.000302
-0.000081
-0.000882
-0.001542
-0.001716
-0.001510
-0.001072
-0.000626
-0.000376
-0.000450
-0.000658
-0.000749
-0.000650
-0.000291
0.000107
0.000243
0.000193
0.000208
0.000475
0.000943
0.001463
0.001802
0.001826
0.001734
0.001614
0.001519
0.001459
0.001290
0.000897
0.000406
0.000222
0.000455
0.000824
0.001012
0.000967
0.000849
0.000726
0.000729
0.000868
0.000868
0.000700
0.000489
0.000282
0.000151
0.000098
0.000085
0.000041
0.000024
0.000215
0.000551
0.000868
0.001082
0.001112
0.000963
0.000747
0.000545
0.000419
0.000406
0.000480
0.000627
0.000812
0.000963
0.000964
0.000271
-0.001590
-0.004120
-0.006091
-0.006107
-0.004263
-0.002385
-0.001916
-0.003368
-0.005467
-0.006095
-0.004823
-0.002562
-0.001117
-0.001502
-0.002905
-0.003979
-0.003540
-0.002043
-0.000924
-0.000946
-0.001754
-0.001863
-0.000470
0.001869
0.003825
0.004229
0.003311
0.002195
0.002015
0.003014
0.004070
0.004168
0.003250
0.002117
0.001799
0.002343
0.003099
0.003180
0.002336
0.001146
0.000214
-0.000002
0.000132
-0.000019
-0.000579
-0.001226
-0.001558
-0.001567
-0.001366
-0.001164
-0.000983
-0.000696
-0.000396
-0.000206
-0.000193
-0.000242
-0.000171
0.000026
0.000224
0.000289
0.000265
0.000357
0.000701
0.001272
0.001771
0.001987
0.001907
0.001630
0.001441
0.001354
0.001208
0.000896
0.000458
0.000231
0.000381
0.000747
0.001070
0.001184
0.001045
0.000733
0.000526
0.000535
0.000540
0.000408
0.000179
-0.000075
-0.000242
-0.000296
-0.000341
-0.000428
-0.000468
-0.000310
0.000071
0.000534
0.000836
0.000815
0.000528
0.000240
0.000184
0.000272
0.000294
0.000255
0.000292
0.000421
0.000605
0.000823
0.000784
-0.000211
-0.002363
-0.004788
-0.006081
-0.005326
-0.003357
-0.001959
-0.002233
-0.004038
-0.005637
-0.005570
-0.003894
-0.001739
-0.000844
-0.001660
-0.003256
-0.004132
-0.003336
-0.001754
-0.000799
-0.001128
-0.001987
-0.001927
-0.000409
0.001991
0.003842
0.004077
0.003003
0.001819
0.001795
0.002940
0.004009
0.003997
0.002874
0.001724
0.001523
0.002311
0.003330
0.003418
0.002417
0.001044
0.000195
0.000268
0.000598
0.000366
-0.000660
-0.001775
-0.002155
-0.001792
-0.001138
-0.000707
-0.000729
-0.000997
-0.001123
-0.000910
-0.000531
-0.000315
-0.000463
-0.000744
-0.000741
-0.000472
-0.000057
0.000432
0.000813
0.001028
0.001172
0.001414
0.001666
0.001699
0.001501
0.001215
0.001035
0.000946
0.000908
0.000908
0.000885
0.000918
0.001008
0.001062
0.001048
0.000958
0.000858
0.000748
0.000568
0.000319
0.000057
-0.000118
-0.000216
-0.000337
-0.000451
-0.000439
-0.000287
-0.000085
0.000175
0.000462
0.000649
0.000650
0.000521
0.000419
0.000378
0.000405
0.000579
0.000733
0.000642
0.000437
0.000381
0.000469
0.000621
0.000464
-0.000334
-0.000276
0.000040
-0.001703
-0.003864
-0.005131
-0.006142
-0.007174
-0.008573
-0.009518
-0.008855
-0.006481
-0.003589
-0.001765
-0.001482
-0.002093
-0.002101
-0.000775
0.000953
0.001720
0.000932
-0.000376
-0.000994
-0.000655
0.000822
0.002667
0.003767
0.004104
0.004356
0.005665
0.008286
0.010637
0.011253
0.010422
0.009032
0.007385
0.005918
0.004615
0.002761
0.000093
-0.003188
-0.006157
-0.007933
-0.008663
-0.009022
-0.009583
-0.009947
-0.009209
-0.007315
-0.004926
-0.002700
-0.000983
-0.000045
0.000419
0.001150
0.002056
0.002633
0.002722
0.002388
0.002022
0.002148
0.002930
0.003965
0.004745
0.005154
0.005482
0.005973
0.006417
0.006563
0.006180
0.005216
0.003952
0.002600
0.001451
0.000714
0.000078
-0.000808
-0.001689
-0.002171
-0.002423
-0.002756
-0.003144
-0.003467
-0.003664
-0.003759
-0.003670
-0.003258
-0.002693
-0.002141
-0.001710
-0.001349
-0.000816
-0.000154
0.000487
0.001109
0.001725
0.002242
0.002692
0.003266
0.003933
0.004535
0.005011
0.005297
0.005315
0.005139
0.004973
0.004810
0.004433
0.003102
0.000046
-0.004862
-0.010752
-0.015771
-0.018319
-0.018269
-0.017071
-0.015694
-0.014416
-0.012883
-0.010031
-0.005602
-0.000075
0.004944
0.007508
0.007656
0.007107
0.007346
0.008084
0.008012
0.006743
0.004886
0.003463
0.003258
0.004538
0.006876
0.008780
0.009053
0.007984
0.006997
0.007163
0.007563
0.006609
0.003953
0.000541
-0.002466
-0.004616
-0.005788
-0.006367
-0.007030
-0.008053
-0.009111
-0.009063
-0.007449
-0.005201
-0.003558
-0.003099
-0.003404
-0.003905
-0.004186
-0.003964
-0.003419
-0.002972
-0.002796
-0.002466
-0.001182
0.001196
0.003988
0.006385
0.008106
0.009296
0.010021
0.010354
0.010286
0.009631
0.008099
0.005831
0.003471
0.001581
0.000374
-0.000406
-0.001102
-0.001729
-0.002014
-0.001736
-0.001107
-0.000570
-0.000418
-0.000672
-0.001262
-0.002204
-0.003296
-0.004198
-0.004896
-0.005571
-0.006106
-0.006045
-0.005212
-0.003904
-0.002419
-0.000814
0.000782
0.002062
0.003017
0.003832
0.004487
0.004824
0.004762
0.004471
0.004253
0.004193
0.004131
0.004036
0.004067
0.004261
0.004400
0.004370
0.004182
0.003783
0.003160
0.002451
0.001532
-0.000507
-0.004577
-0.010655
-0.017054
-0.021618
-0.023363
-0.022777
-0.021018
-0.018640
-0.015796
-0.012248
-0.007739
-0.001925
0.004727
0.009898
0.011791
0.011234
0.010493
0.010693
0.010872
0.009986
0.008463
0.007134
0.006422
0.006703
0.008449
0.011064
0.012655
0.011854
0.009370
0.007293
0.006199
0.004608
0.001498
-0.002595
-0.006498
-0.009530
-0.011413
-0.011798
-0.010943
-0.010015
-0.009919
-0.009943
-0.008679
-0.006159
-0.003736
-0.002687
-0.003090
-0.004004
-0.004732
-0.005050
-0.004717
-0.003520
-0.001855
-0.000305
0.001333
0.003768
0.007056
0.010106
0.011852
0.012341
0.012236
0.011779
0.010616
0.008744
0.006602
0.004265
0.001658
-0.000833
-0.002394
-0.002662
-0.002330
-0.002271
-0.002463
-0.002274
-0.001676
-0.001297
-0.001397
-0.001703
-0.002180
-0.003076
-0.004146
-0.004717
-0.004569
-0.004209
-0.004040
-0.003755
-0.002865
-0.001388
0.000140
0.001473
0.002730
0.003650
0.004033
0.004102
0.004122
0.004195
0.004134
0.003817
0.003433
0.003267
0.003330
0.003295
0.003124
0.003145
0.003465
0.003747
0.003658
0.003205
0.002595
0.001907
0.001038
-0.000004
-0.001537
-0.004622
-0.010272
-0.017154
-0.022183
-0.023824
-0.022956
-0.021078
-0.018474
-0.014843
-0.010458
-0.005988
-0.000930
0.005445
0.011282
0.013659
0.012703
0.011488
0.011786
0.012306
0.011538
0.010200
0.009539
0.009327
0.009004
0.009497
0.011604
0.013535
0.012624
0.008979
0.005438
0.003386
0.001342
-0.001887
-0.005627
-0.008852
-0.011400
-0.013186
-0.013400
-0.011752
-0.009669
-0.008956
-0.009270
-0.008662
-0.006547
-0.004306
-0.003233
-0.003188
-0.003434
-0.003741
-0.003953
-0.003410
-0.001763
0.000456
0.002402
0.004069
0.006225
0.009220
0.012137
0.013588
0.013469
0.012504
0.011123
0.009355
0.007259
0.005028
0.002651
0.000039
-0.002496
-0.004106
-0.004290
-0.003745
-0.003535
-0.003689
-0.003456
-0.002799
-0.002391
-0.002338
-0.002343
-0.002452
-0.002882
-0.003509
-0.003701
-0.003095
-0.002275
-0.001905
-0.001672
-0.000900
0.000350
0.001548
0.002554
0.003491
0.004166
0.004261
0.003992
0.003878
0.003999
0.003954
0.003489
0.002872
0.002509
0.002435
0.002303
0.002003
0.001836
0.001906
0.001994
0.002001
0.002033
0.002077
0.001854
0.001225
0.000499
0.000043
-0.000613
-0.003074
-0.008597
-0.015693
-0.020989
-0.022938
-0.022512
-0.021009
-0.018557
-0.014789
-0.010220
-0.005807
-0.000767
0.006014
0.012321
0.014732
0.013513
0.012098
0.012302
0.012577
0.011429
0.009988
0.009529
0.009246
0.008429
0.008574
0.010888
0.013312
0.012558
0.008627
0.004757
0.002431
-0.000036
-0.003695
-0.007417
-0.010288
-0.012638
-0.014517
-0.014756
-0.012633
-0.009836
-0.008624
-0.008707
-0.008090
-0.006161
-0.004134
-0.003040
-0.002589
-0.002408
-0.002615
-0.002681
-0.001847
-0.000078
0.002021
0.003763
0.005176
0.007071
0.009753
0.012288
0.013686
0.013633
0.012297
0.010207
0.007833
0.005424
0.003124
0.000867
-0.001529
-0.004004
-0.005756
-0.005997
-0.005343
-0.004980
-0.004985
-0.004755
-0.004221
-0.003610
-0.002990
-0.002379
-0.002046
-0.002295
-0.002777
-0.002676
-0.001733
-0.000642
-0.000122
0.000075
0.000580
0.001342
0.002056
0.002801
0.003574
0.003998
0.003993
0.003876
0.003893
0.004014
0.003875
0.003282
0.002490
0.001817
0.001309
0.000866
0.000501
0.000333
0.000361
0.000419
0.000514
0.000764
0.001119
0.001400
0.001403
0.001169
0.001047
0.001038
0.000376
-0.002408
-0.008359
-0.015713
-0.021010
-0.022849
-0.022412
-0.020904
-0.018086
-0.013554
-0.008323
-0.003620
0.001606
0.008350
0.014043
0.015456
0.013481
0.011803
0.011729
0.011318
0.009728
0.008680
0.008888
0.008955
0.008303
0.008634
0.011027
0.013037
0.011471
0.007207
0.003420
0.000574
-0.002807
-0.006685
-0.009815
-0.011975
-0.013897
-0.015214
-0.014425
-0.011495
-0.008537
-0.007325
-0.007283
-0.006715
-0.005315
-0.004106
-0.003403
-0.002749
-0.002337
-0.002269
-0.001875
-0.000441
0.002019
0.004579
0.006449
0.007872
0.009575
0.011568
0.013071
0.013357
0.012469
0.010753
0.008330
0.005598
0.003292
0.001577
-0.000166
-0.002332
-0.004542
-0.006006
-0.006415
-0.006334
-0.006282
-0.006131
-0.005780
-0.005341
-0.004795
-0.003835
-0.002466
-0.001449
-0.001230
-0.001169
-0.000561
0.000439
0.001259
0.001645
0.001818
0.001931
0.001982
0.002209
0.002886
0.003773
0.004338
0.004415
0.004285
0.004266
0.004240
0.003827
0.002918
0.001821
0.000886
0.000138
-0.000487
-0.000772
-0.000569
-0.000225
-0.000048
0.000207
0.000879
0.001745
0.002273
0.002352
0.002259
0.002111
0.001732
0.000734
-0.002028
-0.007846
-0.015255
-0.020578
-0.022171
-0.021429
-0.019878
-0.017148
-0.012476
-0.007057
-0.002471
0.002387
0.008755
0.014113
0.015081
0.012585
0.010574
0.010503
0.010251
0.008897
0.008342
0.009114
0.009419
0.008799
0.009208
0.011547
0.013113
0.010938
0.006283
0.002214
-0.000974
-0.004527
-0.008069
-0.010415
-0.011763
-0.013054
-0.013889
-0.012797
-0.009832
-0.007070
-0.006087
-0.006331
-0.006420
-0.005883
-0.005089
-0.004264
-0.003282
-0.002308
-0.001552
-0.000497
0.001592
0.004384
0.006547
0.007403
0.007778
0.008632
0.009869
0.010757
0.010881
0.010355
0.009156
0.007250
0.005188
0.003715
0.002649
0.001084
-0.001300
-0.003799
-0.005619
-0.006750
-0.007427
-0.007623
-0.007346
-0.006746
-0.005948
-0.004750
-0.002894
-0.000880
0.000409
0.000805
0.000884
0.001047
0.001234
0.001385
0.001508
0.001534
0.001463
0.001479
0.001874
0.002820
0.004034
0.004887
0.005104
0.004971
0.004696
0.004169
0.003311
0.002150
0.000854
-0.000419
-0.001511
-0.002042
-0.001840
-0.001290
-0.000812
-0.000395
0.000110
0.000746
0.001437
0.001933
0.002074
0.001832
0.001359
0.001155
0.001134
0.000222
-0.003365
-0.010127
-0.016970
-0.020499
-0.020745
-0.019593
-0.017614
-0.013992
-0.009021
-0.004517
-0.000634
0.004597
0.010801
0.014273
0.013271
0.010699
0.009780
0.009969
0.009239
0.008324
0.008824
0.009748
0.009516
0.009023
0.010239
0.012342
0.012013
0.008220
0.003488
-0.000290
-0.003670
-0.007053
-0.009524
-0.010756
-0.011735
-0.012922
-0.013106
-0.011342
-0.008686
-0.006856
-0.006513
-0.006968
-0.007151
-0.006706
-0.005785
-0.004449
-0.002792
-0.001266
-0.000164
0.001034
0.003092
0.005743
0.007598
0.007991
0.007807
0.008073
0.008764
0.009235
0.009284
0.009032
0.008211
0.006654
0.004976
0.003838
0.002790
0.000839
-0.002028
-0.004847
-0.006872
-0.008095
-0.008692
-0.008618
-0.007897
-0.006886
-0.005793
-0.004294
-0.002183
-0.000059
0.001273
0.001694
0.001595
0.001324
0.001067
0.000946
0.001058
0.001367
0.001694
0.002018
0.002681
0.003927
0.005285
0.006018
0.005938
0.005431
0.004732
0.003661
0.002301
0.000995
-0.000205
-0.001442
-0.002505
-0.002916
-0.002579
-0.001908
-0.001287
-0.000713
-0.000093
0.000580
0.001196
0.001537
0.001563
0.001340
0.000906
0.000572
0.000693
0.000821
-0.000818
-0.006041
-0.013250
-0.018308
-0.019617
-0.018887
-0.017603
-0.015052
-0.010662
-0.006102
-0.002556
0.001670
0.007723
0.012857
0.013696
0.011285
0.009405
0.009127
0.008601
0.007574
0.007832
0.009126
0.009321
0.008409
0.008714
0.010845
0.012064
0.009967
0.005711
0.001612
-0.002003
-0.005583
-0.008426
-0.009820
-0.010463
-0.011367
-0.012113
-0.011377
-0.009027
-0.006499
-0.005392
-0.005858
-0.006658
-0.006809
-0.006327
-0.005398
-0.003911
-0.001968
-0.000049
0.001514
0.003160
0.005229
0.006984
0.007480
0.006899
0.006280
0.006213
0.006471
0.006813
0.007234
0.007422
0.006972
0.006020
0.005098
0.004349
0.003192
0.000999
-0.001960
-0.004867
-0.007115
-0.008541
-0.009170
-0.008894
-0.007879
-0.006541
-0.004875
-0.002629
-0.000068
0.002020
0.003012
0.002991
0.002542
0.002074
0.001668
0.001442
0.001545
0.001930
0.002383
0.002850
0.003589
0.004616
0.005448
0.005663
0.005273
0.004574
0.003782
0.002776
0.001494
0.000218
-0.000902
-0.001910
-0.002603
-0.002676
-0.002190
-0.001551
-0.001067
-0.000746
-0.000384
0.000087
0.000515
0.000810
0.000979
0.001005
0.000846
0.000663
0.000872
0.001530
0.001708
-0.000486
-0.006149
-0.012924
-0.017146
-0.018161
-0.017628
-0.016228
-0.013185
-0.008758
-0.004758
-0.001440
0.003026
0.008667
0.012295
0.011829
0.009418
0.008018
0.007609
0.006847
0.006392
0.007472
0.008908
0.008988
0.008538
0.009564
0.011611
0.011890
0.009126
0.004827
0.000648
-0.003231
-0.006761
-0.009099
-0.009975
-0.010324
-0.010795
-0.010729
-0.009320
-0.006978
-0.005021
-0.004473
-0.005161
-0.006060
-0.006403
-0.006109
-0.005235
-0.003637
-0.001487
0.000388
0.001696
0.003322
0.005558
0.007449
0.008032
0.007266
0.006111
0.005385
0.005097
0.005206
0.005667
0.006027
0.005845
0.005200
0.004576
0.004168
0.003348
0.001474
-0.001255
-0.004174
-0.006599
-0.008216
-0.008954
-0.008691
-0.007648
-0.006297
-0.004677
-0.002574
-0.000219
0.001759
0.002799
0.002804
0.002242
0.001720
0.001502
0.001619
0.002070
0.002652
0.003084
0.003445
0.004078
0.004989
0.005672
0.005669
0.004974
0.003858
0.002606
0.001365
0.000209
-0.000742
-0.001463
-0.002028
-0.002376
-0.002335
-0.001856
-0.001203
-0.000678
-0.000359
-0.000192
-0.000060
0.000129
0.000308
0.000366
0.000294
0.000115
0.000008
0.000223
0.000765
0.001120
-0.000015
-0.004166
-0.010415
-0.015294
-0.017001
-0.016728
-0.015745
-0.013540
-0.009672
-0.005679
-0.002625
0.000963
0.006007
0.010207
0.010859
0.008894
0.007278
0.006845
0.006388
0.005951
0.006801
0.008428
0.009053
0.008616
0.008880
0.010319
0.010881
0.008922
0.005244
0.001315
-0.002411
-0.005751
-0.007998
-0.008788
-0.008767
-0.008750
-0.008705
-0.007983
-0.006389
-0.004676
-0.003993
-0.004724
-0.006021
-0.006799
-0.006793
-0.006187
-0.004815
-0.002599
-0.000283
0.001324
0.002684
0.004836
0.007074
0.007673
0.006534
0.004882
0.003625
0.002825
0.002515
0.003111
0.004355
0.005163
0.005104
0.004922
0.005109
0.004935
0.003439
0.000747
-0.002214
-0.004853
-0.007014
-0.008299
-0.008258
-0.007185
-0.005912
-0.004616
-0.002806
-0.000475
0.001670
0.002923
0.003112
0.002626
0.001947
0.001344
0.001071
0.001307
0.001915
0.002501
0.002852
0.003245
0.003912
0.004472
0.004375
0.003606
0.002602
0.001561
0.000470
-0.000379
-0.000729
-0.000817
-0.001020
-0.001312
-0.001324
-0.000911
-0.000390
-0.000159
-0.000253
-0.000451
-0.000607
-0.000658
-0.000515
-0.000163
0.000152
0.000237
0.000298
0.000666
0.001375
0.001920
0.001588
-0.000596
-0.005371
-0.011078
-0.014810
-0.015871
-0.015431
-0.014160
-0.011565
-0.007697
-0.004028
-0.001044
0.002494
0.006751
0.009556
0.009267
0.007225
0.005746
0.005234
0.004868
0.005006
0.006296
0.007868
0.008483
0.008340
0.008789
0.009852
0.009712
0.007534
0.004229
0.000757
-0.002501
-0.005187
-0.006685
-0.006935
-0.006680
-0.006544
-0.006462
-0.006006
-0.005008
-0.004001
-0.003857
-0.004696
-0.005807
-0.006524
-0.006612
-0.005958
-0.004340
-0.001948
0.000354
0.002005
0.003351
0.004813
0.006069
0.006336
0.005338
0.003699
0.002145
0.001186
0.001311
0.002497
0.004103
0.005384
0.006073
0.006294
0.006086
0.005403
0.004009
0.001691
-0.001269
-0.004146
-0.006236
-0.007194
-0.006982
-0.005883
-0.004427
-0.002915
-0.001348
0.000265
0.001700
0.002556
0.002566
0.001840
0.000795
-0.000080
-0.000401
-0.000035
0.000821
0.001728
0.002364
0.002809
0.003265
0.003613
0.003543
0.002971
0.002021
0.000939
0.000085
-0.000291
-0.000260
-0.000073
0.000054
-0.000020
-0.000183
-0.000221
-0.000143
-0.000078
-0.000223
-0.000635
-0.001064
-0.001256
-0.001122
-0.000683
-0.000082
0.000397
0.000673
0.000926
0.001181
0.001389
0.001345
0.000490
-0.002022
-0.006322
-0.010699
-0.013098
-0.013191
-0.012083
-0.010382
-0.007726
-0.004482
-0.001685
0.000659
0.003328
0.006113
0.007384
0.006405
0.004567
0.003460
0.003159
0.003186
0.003920
0.005542
0.007094
0.007683
0.007715
0.008116
0.008560
0.007915
0.005820
0.002916
0.000052
-0.002410
-0.004167
-0.004914
-0.004850
-0.004474
-0.004214
-0.004129
-0.003909
-0.003437
-0.003138
-0.003511
-0.004541
-0.005701
-0.006414
-0.006400
-0.005589
-0.003910
-0.001644
0.000384
0.001676
0.002668
0.003881
0.004903
0.004871
0.003753
0.002255
0.000790
-0.000433
-0.000831
0.000112
0.001921
0.003575
0.004726
0.005597
0.006192
0.006100
0.004935
0.002906
0.000530
-0.001870
-0.003973
-0.005224
-0.005266
-0.004360
-0.003169
-0.002069
-0.000814
0.000646
0.001755
0.002138
0.001875
0.001194
0.000207
-0.000942
-0.001714
-0.001662
-0.000954
-0.000099
0.000579
0.001122
0.001539
0.001596
0.001217
0.000620
0.000043
-0.000452
-0.000863
-0.000913
-0.000342
0.000498
0.001008
0.001051
0.000865
0.000581
0.000190
-0.000239
-0.000551
-0.000745
-0.000959
-0.001107
-0.000990
-0.000539
0.000181
0.000876
0.001256
0.001327
0.001280
0.001214
0.001150
0.001054
0.000675
-0.000285
-0.002241
-0.005195
-0.007908
-0.009096
-0.008873
-0.008127
-0.007135
-0.005477
-0.003378
-0.001698
-0.000424
0.001114
0.002704
0.003301
0.002633
0.001686
0.001388
0.001632
0.002032
0.002778
0.004026
0.005296
0.006003
0.006290
0.006661
0.006878
0.006252
0.004616
0.002479
0.000488
-0.001132
-0.002294
-0.002805
-0.002731
-0.002437
-0.002220
-0.002115
-0.002048
-0.001890
-0.001769
-0.002162
-0.003034
-0.003779
-0.004073
-0.003989
-0.003562
-0.002685
-0.001454
-0.000317
0.000425
0.000975
0.001609
0.002124
0.002001
0.001266
0.000471
-0.000132
-0.000595
-0.000738
-0.000305
0.000433
0.001061
0.001663
0.002419
0.003200
0.003689
0.003639
0.002994
0.001912
0.000701
-0.000344
-0.001005
-0.001142
-0.000827
-0.000411
-0.000075
0.000267
0.000652
0.000923
0.000853
0.000472
-0.000111
-0.000824
-0.001456
-0.001787
-0.001766
-0.001442
-0.000976
-0.000627
-0.000398
-0.000158
0.000023
-0.000031
-0.000308
-0.000588
-0.000833
-0.001019
-0.000915
-0.000467
0.000136
0.000678
0.000998
0.001111
0.001131
0.001078
0.000887
0.000540
0.000188
-0.000065
-0.000217
-0.000160
0.000166
0.000652
0.001120
0.001411
0.001446
0.001341
0.001267
0.001103
0.000797
0.000486
0.000161
-0.000186
-0.000496
-0.000750
-0.000942
-0.001235
-0.002039
-0.003314
-0.004314
-0.004570
-0.004360
-0.004066
-0.003568
-0.002696
-0.001828
-0.001256
-0.000638
0.000372
0.001438
0.001929
0.001818
0.001601
0.001569
0.001589
0.001658
0.002029
0.002594
0.002979
0.003090
0.003083
0.003103
0.003025
0.002608
0.001891
0.001095
0.000396
-0.000156
-0.000528
-0.000694
-0.000678
-0.000534
-0.000447
-0.000551
-0.000734
-0.000872
-0.001032
-0.001334
-0.001667
-0.001776
-0.001678
-0.001537
-0.001320
-0.000915
-0.000370
0.000062
0.000264
0.000396
0.000561
0.000647
0.000566
0.000407
0.000231
0.000043
-0.000135
-0.000230
-0.000066
0.000383
0.000909
0.001330
0.001588
0.001687
0.001615
0.001336
0.000912
0.000570
0.000360
0.000086
-0.000235
-0.000439
-0.000498
-0.000408
-0.000227
-0.000133
-0.000084
0.000004
-0.000005
-0.000080
-0.000060
-0.000024
-0.000121
-0.000287
-0.000362
-0.000298
-0.000192
-0.000153
-0.000169
-0.000117
-0.000097
-0.000240
-0.000408
-0.000455
-0.000362
-0.000236
-0.000138
0.000055
0.000375
0.000626
0.000733
0.000775
0.000804
0.000785
0.000652
0.000480
0.000374
0.000292
0.000216
0.000167
0.000154
0.000137
0.000060
0.000022
0.000124
0.000263
0.000299
0.000264
0.000235
0.000282
0.000393
0.000401
0.000249
0.000050
-0.000137
-0.000363
-0.000683
-0.001057
-0.001439
-0.001892
-0.002328
-0.002499
-0.002325
-0.001920
-0.001388
-0.000791
-0.000271
0.000053
0.000240
0.000454
0.000672
0.000672
0.000475
0.000278
0.000115
0.000036
0.000124
0.000422
0.000834
0.001168
0.001315
0.001313
0.001303
0.001227
0.000991
0.000630
0.000141
-0.000379
-0.000726
-0.000804
-0.000694
-0.000546
-0.000440
-0.000396
-0.000446
-0.000581
-0.000685
-0.000669
-0.000633
-0.000653
-0.000643
-0.000563
-0.000424
-0.000196
0.000057
0.000253
0.000378
0.000362
0.000220
0.000099
-0.000045
-0.000294
-0.000470
-0.000445
-0.000292
-0.000032
0.000329
0.000666
0.000853
0.000854
0.000762
0.000622
0.000398
0.000167
-0.000037
-0.000263
-0.000473
-0.000560
-0.000457
-0.000219
0.000017
0.000162
0.000201
0.000233
0.000271
0.000210
0.000091
-0.000014
-0.000160
-0.000342
-0.000447
-0.000424
-0.000349
-0.000330
-0.000324
-0.000217
-0.000032
0.000100
0.000117
0.000111
0.000164
0.000236
0.000279
0.000277
0.000277
0.000310
0.000295
0.000251
0.000247
0.000251
0.000214
0.000084
-0.000152
-0.000327
-0.000279
-0.000170
-0.000157
-0.000127
-0.000021
0.000059
0.000078
0.000107
0.000159
0.000125
-0.000050
-0.000247
-0.000362
-0.000431
-0.000488
-0.000522
-0.000568
-0.000596
-0.000585
-0.000695
-0.000949
-0.001187
-0.001328
-0.001321
-0.001175
-0.000935
-0.000573
-0.000168
0.000098
0.000226
0.000384
0.000580
0.000613
0.000482
0.000363
0.000231
0.000073
0.000059
0.000185
0.000320
0.000405
0.000413
0.000336
0.000214
0.000094
-0.000050
-0.000160
-0.000197
-0.000207
-0.000221
-0.000249
-0.000180
-0.000019
0.000119
0.000191
0.000138
-0.000014
-0.000131
-0.000133
-0.000033
0.000042
-0.000034
-0.000169
-0.000220
-0.000229
-0.000190
-0.000039
0.000126
0.000225
0.000258
0.000193
0.000137
0.000194
0.000327
0.000445
0.000491
0.000533
0.000676
0.000868
0.000932
0.000826
0.000638
0.000445
0.000265
0.000128
0.000101
0.000104
0.000042
-0.000006
0.000045
0.000134
0.000182
0.000241
0.000291
0.000275
0.000318
0.000434
0.000471
0.000396
0.000301
0.000219
0.000153
0.000088
-0.000032
-0.000114
-0.000069
-0.000029
-0.000037
0.000013
0.000108
0.000126
0.000015
-0.000064
-0.000006
0.000093
0.000165
0.000208
0.000254
0.000268
0.000175
0.000053
0.000048
0.000112
0.000113
0.000060
-0.000007
-0.000035
-0.000017
-0.000070
-0.000138
-0.000027
0.000169
0.000201
0.000150
0.000154
0.000106
-0.000001
-0.000080
-0.000136
-0.000196
-0.000244
-0.000296
-0.000346
-0.000367
-0.000363
-0.000389
-0.000544
-0.000763
-0.000892
-0.000860
-0.000714
-0.000609
-0.000549
-0.000405
-0.000202
-0.000062
-0.000017
-0.000011
-0.000008
0.000000
0.000023
0.000047
0.000068
0.000145
0.000342
0.000566
0.000669
0.000681
0.000685
0.000672
0.000602
0.000468
0.000377
0.000366
0.000344
0.000274
0.000161
0.000080
0.000092
0.000117
0.000116
0.000111
0.000027
-0.000148
-0.000263
-0.000219
-0.000080
-0.000025
-0.000126
-0.000245
-0.000289
-0.000225
-0.000130
-0.000104
-0.000044
-0.000016
-0.000135
-0.000332
-0.000384
-0.000119
0.000222
0.000443
0.000552
0.000603
0.000662
0.000667
0.000611
0.000557
0.000518
0.000401
0.000188
0.000087
0.000118
0.000197
0.000266
0.000267
0.000264
0.000210
0.000119
0.000085
0.000084
0.000059
0.000015
-0.000033
-0.000107
-0.000161
-0.000186
-0.000212
-0.000220
-0.000278
-0.000377
-0.000337
-0.000208
-0.000166
-0.000191
-0.000237
-0.000273
-0.000217
-0.000091
-0.000021
0.000027
0.000069
0.000029
-0.000019
-0.000055
-0.000127
-0.000248
-0.000421
-0.000523
-0.000500
-0.000427
-0.000363
-0.000322
-0.000257
-0.000175
-0.000078
0.000026
0.000123
0.000203
0.000224
0.000232
0.000266
0.000249
0.000112
-0.000052
-0.000155
-0.000235
-0.000321
-0.000413
-0.000521
-0.000615
-0.000683
-0.000839
-0.001087
-0.001249
-0.001236
-0.001070
-0.000814
-0.000559
-0.000336
-0.000120
0.000037
0.000083
0.000067
0.000050
0.000039
-0.000007
-0.000054
-0.000037
0.000022
0.000103
0.000248
0.000437
0.000546
0.000527
0.000429
0.000314
0.000225
0.000168
0.000096
-0.000014
-0.000098
-0.000074
0.000021
0.000088
0.000140
0.000190
0.000193
0.000101
-0.000063
-0.000189
-0.000273
-0.000354
-0.000391
-0.000397
-0.000293
-0.000034
0.000132
0.000052
-0.000002
0.000194
0.000387
0.000397
0.000292
0.000145
0.000045
-0.000019
-0.000034
0.000006
-0.000032
-0.000114
-0.000024
0.000197
0.000325
0.000378
0.000394
0.000303
0.000185
0.000097
-0.000002
-0.000082
-0.000040
0.000113
0.000208
0.000214
0.000208
0.000187
0.000191
0.000250
0.000257
0.000183
0.000089
0.000012
0.000018
0.000115
0.000238
0.000342
0.000303
0.000029
-0.000218
-0.000298
-0.000386
-0.000539
-0.000672
-0.000691
-0.000664
-0.000650
-0.000584
-0.000469
-0.000380
-0.000322
-0.000176
0.000081
0.000276
0.000332
0.000345
0.000323
0.000223
0.000113
0.000059
0.000046
0.000023
0.000046
0.000141
0.000149
0.000074
-0.000024
-0.000157
-0.000243
-0.000292
-0.000370
-0.000487
-0.000648
-0.000868
-0.001029
-0.000941
-0.000652
-0.000281
0.000116
0.000419
