2080
-0.000096
-0.000057
-0.000106
-0.000186
-0.000131
-0.000004
0.000054
0.000089
0.000171
0.000199
0.000124
0.000087
0.000115
0.000125
0.000142
0.000152
0.000086
-0.000006
-0.000027
-0.000007
-0.000064
-0.000165
-0.000159
-0.000090
-0.000097
-0.000147
-0.000155
-0.000149
-0.000150
-0.000105
-0.000036
-0.000011
0.000021
0.000067
0.000085
0.000103
0.000139
0.000110
0.000001
-0.000044
0.000048
0.000157
0.000108
0.000021
0.000088
0.000197
0.000283
0.000361
0.000399
0.000391
0.000391
0.000404
0.000345
0.000281
0.000240
0.000158
0.000102
0.000088
0.000074
0.000030
-0.000044
-0.000067
-0.000040
-0.000022
-0.000031
-0.000097
-0.000158
-0.000172
-0.000213
-0.000282
-0.000292
-0.000222
-0.000153
-0.000130
-0.000149
-0.000212
-0.000254
-0.000249
-0.000218
-0.000190
-0.000209
-0.000226
-0.000213
-0.000204
-0.000216
-0.000231
-0.000215
-0.000152
-0.000134
-0.000208
-0.000236
-0.000195
-0.000177
-0.000170
-0.000170
-0.000153
-0.000065
0.000018
0.000044
0.000084
0.000100
0.000045
-0.000003
-0.000026
-0.000047
-0.000065
-0.000119
-0.000181
-0.000163
-0.000095
-0.000026
0.000048
0.000087
0.000071
0.000011
-0.000044
-0.000046
-0.000069
-0.000116
-0.000081
-0.000051
-0.000107
-0.000132
-0.000132
-0.000158
-0.000142
-0.000092
-0.000083
-0.000119
-0.000161
-0.000185
-0.000155
-0.000108
-0.000126
-0.000101
0.000041
0.000123
0.000056
-0.000004
0.000022
0.000022
-0.000028
-0.000036
0.000002
0.000015
0.000005
0.000028
0.000045
0.000027
0.000003
-0.000018
-0.000003
0.000028
-0.000013
-0.000106
-0.000143
-0.000133
-0.000167
-0.000185
-0.000107
-0.000021
0.000000
-0.000008
-0.000014
-0.000011
0.000013
0.000011
-0.000006
0.000042
0.000080
0.000027
-0.000060
-0.000067
0.000005
0.000047
0.000043
0.000039
0.000049
0.000035
-0.000019
-0.000030
0.000011
0.000011
-0.000011
-0.000015
-0.000047
-0.000069
-0.000025
0.000030
0.000001
-0.000076
-0.000108
-0.000089
-0.000052
-0.000022
0.000005
0.000019
0.000005
-0.000013
-0.000007
0.000059
0.000218
0.000321
0.000164
-0.000128
-0.000326
-0.000396
-0.000416
-0.000466
-0.000509
-0.000484
-0.000435
-0.000382
-0.000298
-0.000227
-0.000148
-0.000057
-0.000015
0.000002
-0.000023
-0.000085
-0.000117
-0.000127
-0.000079
0.000006
0.000036
0.000021
0.000028
0.000043
0.000020
0.000010
0.000062
0.000095
0.000074
0.000102
0.000207
0.000292
0.000297
0.000274
0.000320
0.000383
0.000337
0.000256
0.000258
0.000278
0.000253
0.000222
0.000217
0.000244
0.000275
0.000273
0.000268
0.000273
0.000237
0.000221
0.000253
0.000238
0.000188
0.000152
0.000163
0.000204
0.000228
0.000249
0.000243
0.000180
0.000115
0.000086
0.000087
0.000088
0.000036
-0.000048
-0.000081
-0.000025
0.000063
0.000050
-0.000039
-0.000066
-0.000019
0.000045
0.000057
-0.000025
-0.000175
-0.000250
-0.000200
-0.000123
-0.000035
0.000036
0.000070
0.000112
0.000161
0.000168
0.000130
0.000098
0.000107
0.000120
0.000089
0.000084
0.000110
0.000072
0.000042
0.000081
0.000084
0.000058
0.000076
0.000096
0.000128
0.000134
0.000046
0.000007
0.000066
0.000104
0.000064
0.000003
0.000019
0.000015
-0.000042
-0.000049
-0.000029
0.000047
0.000161
0.000221
0.000220
0.000139
0.000037
-0.000001
-0.000025
-0.000066
-0.000121
-0.000155
-0.000146
-0.000182
-0.000229
-0.000161
-0.000078
-0.000090
-0.000087
-0.000004
0.000067
0.000086
0.000121
0.000182
0.000213
0.000175
0.000128
0.000127
0.000106
0.000053
-0.000004
-0.000107
-0.000184
-0.000128
-0.000061
-0.000096
-0.000118
-0.000051
-0.000004
-0.000060
-0.000087
-0.000008
0.000060
0.000123
0.000152
0.000019
-0.000096
-0.000009
0.000188
0.000340
0.000356
0.000336
0.000384
0.000446
0.000448
0.000397
0.000316
0.000218
0.000174
0.000135
0.000047
0.000008
0.000037
0.000049
0.000020
0.000003
-0.000002
0.000009
0.000038
0.000029
-0.000010
-0.000064
-0.000142
-0.000193
-0.000180
-0.000145
-0.000142
-0.000199
-0.000286
-0.000345
-0.000365
-0.000342
-0.000311
-0.000295
-0.000273
-0.000233
-0.000199
-0.000197
-0.000211
-0.000230
-0.000225
-0.000250
-0.000331
-0.000342
-0.000280
-0.000267
-0.000287
-0.000277
-0.000269
-0.000256
-0.000176
-0.000144
-0.000240
-0.000584
-0.002745
-0.004876
-0.003012
-0.000002
0.001457
0.003151
0.004122
0.002677
0.001277
0.001574
0.001712
0.000672
-0.000079
0.000314
0.000243
-0.000268
-0.000104
-0.000398
-0.001260
-0.001193
-0.001044
-0.001355
-0.001106
-0.000629
-0.000220
-0.000366
-0.001269
-0.001690
-0.000956
-0.000030
-0.000560
-0.000904
0.000383
0.000113
-0.002130
-0.002648
-0.001750
-0.002248
-0.002443
-0.000964
0.001622
0.003784
0.004645
0.005243
0.004055
0.002593
0.003318
0.003354
0.002088
0.002293
0.002538
0.000730
-0.001260
-0.002314
-0.003308
-0.004634
-0.004624
-0.003319
-0.003136
-0.002957
-0.001550
-0.000579
-0.000730
-0.001082
-0.000815
-0.000348
0.000382
0.001199
0.001854
0.002827
0.003124
0.002381
0.002005
0.001720
0.000417
-0.000096
0.000648
0.000785
0.000810
0.001316
0.001123
-0.000343
-0.000911
-0.000432
-0.001200
-0.001830
-0.001463
-0.001542
-0.001660
-0.000953
-0.000579
-0.000999
-0.000757
-0.000119
-0.000198
-0.000206
0.000472
0.000635
0.000801
0.001396
0.001233
0.001251
0.001382
0.000566
0.000027
0.000305
0.000160
-0.000366
-0.000557
-0.000826
-0.001133
-0.000970
-0.000535
-0.000344
-0.000336
-0.000425
-0.000639
-0.000574
-0.000456
-0.000506
-0.000400
-0.000244
-0.000225
-0.000082
0.000222
0.000126
-0.000357
-0.000469
-0.000140
-0.000030
-0.000037
0.000150
0.000257
0.000280
0.000304
0.000214
0.000174
0.000293
0.000358
0.000392
0.000520
0.000590
0.000569
0.000643
0.000676
0.000467
0.000352
0.000415
0.000187
-0.000105
0.000110
0.000464
0.000359
0.000138
0.000071
-0.000189
-0.000479
-0.000434
-0.000145
0.000151
0.000374
0.000572
0.000705
0.000595
0.000344
0.000246
0.000250
0.000248
0.000339
0.000593
0.000862
0.000897
0.000611
0.000240
0.000027
-0.000150
-0.000330
-0.000297
-0.000015
0.000277
0.000376
0.000421
0.000443
0.000185
-0.000215
-0.000342
-0.000261
-0.000183
0.000057
0.000356
0.000427
0.000429
0.000474
0.000336
0.000086
-0.000030
-0.000092
-0.000066
0.000103
0.000148
-0.000033
-0.000275
-0.000521
-0.000903
-0.001245
-0.001285
-0.001169
-0.001144
-0.001186
-0.001148
-0.001161
-0.001291
-0.001437
-0.001594
-0.001768
-0.001841
-0.001768
-0.001661
-0.001448
-0.001064
-0.000680
-0.000414
-0.000108
0.000298
0.000725
0.001267
0.001866
0.002313
0.002573
0.002721
0.002780
0.002693
0.002445
0.002184
0.001959
0.001600
0.001175
0.000855
0.000492
-0.000009
-0.000445
-0.000727
-0.000950
-0.001022
-0.000935
-0.000857
-0.000803
-0.000713
-0.000561
-0.000427
-0.000357
-0.000249
-0.000061
0.000130
0.000312
0.000534
0.000814
0.001161
0.001513
0.001907
0.002274
0.002292
0.002017
0.001702
0.001436
0.001300
0.001234
0.001106
0.001048
0.001201
0.001203
0.000774
0.000238
-0.000213
-0.000650
-0.000861
-0.000731
-0.000489
-0.000370
-0.000269
0.000005
0.000214
0.000329
0.000220
-0.000775
-0.003529
-0.008246
-0.012615
-0.013400
-0.010231
-0.006343
-0.004056
-0.002576
-0.001810
-0.002421
-0.003024
-0.001647
0.000440
0.001293
0.002737
0.006578
0.010664
0.012155
0.011458
0.009857
0.007368
0.005033
0.004628
0.005697
0.005838
0.004267
0.002223
0.000569
-0.000958
-0.002806
-0.004821
-0.006602
-0.007691
-0.007799
-0.006892
-0.005542
-0.005267
-0.006906
-0.008914
-0.009082
-0.007789
-0.006470
-0.004663
-0.002168
-0.000427
0.000849
0.003472
0.006352
0.007018
0.006529
0.007152
0.008021
0.008119
0.008257
0.007928
0.005893
0.003416
0.002182
0.001427
0.000505
-0.000311
-0.001396
-0.002506
-0.002740
-0.002655
-0.003272
-0.003936
-0.003940
-0.003883
-0.003697
-0.002594
-0.001513
-0.001634
-0.001891
-0.001160
-0.000077
0.000868
0.002081
0.003248
0.003843
0.004177
0.004223
0.003715
0.003322
0.003527
0.003612
0.003359
0.003482
0.003503
0.002431
0.001028
0.000220
-0.000466
-0.001249
-0.001439
-0.001026
-0.001288
-0.003541
-0.008144
-0.014018
-0.017728
-0.016127
-0.011021
-0.006736
-0.005091
-0.004805
-0.004846
-0.005199
-0.004077
-0.000924
0.001896
0.002992
0.004555
0.008743
0.012899
0.014192
0.013279
0.011515
0.009367
0.007781
0.008151
0.009173
0.008326
0.005656
0.003016
0.001251
-0.000153
-0.001750
-0.003817
-0.006135
-0.007858
-0.008200
-0.007607
-0.007168
-0.007585
-0.009280
-0.011494
-0.012246
-0.010843
-0.009045
-0.007777
-0.005369
-0.001504
0.001809
0.004080
0.006284
0.007989
0.008258
0.008381
0.009560
0.010107
0.008978
0.007497
0.006449
0.005348
0.004113
0.002904
0.001166
-0.000844
-0.001995
-0.002389
-0.002616
-0.002488
-0.002279
-0.002689
-0.003214
-0.003017
-0.002788
-0.003203
-0.003319
-0.002740
-0.002226
-0.001700
-0.000627
0.000500
0.001087
0.001598
0.002266
0.002569
0.002657
0.003113
0.003806
0.004436
0.005049
0.005328
0.004742
0.003735
0.003036
0.002357
0.001360
0.000577
0.000374
0.000317
0.000202
0.000283
0.000279
-0.000827
-0.004316
-0.010995
-0.018037
-0.018990
-0.012417
-0.005002
-0.002799
-0.004145
-0.005353
-0.007090
-0.007856
-0.004081
0.001478
0.002644
0.000477
0.002192
0.007820
0.011737
0.012815
0.012442
0.010141
0.006270
0.004699
0.006827
0.008851
0.008115
0.005788
0.003845
0.002843
0.002277
0.001081
-0.001322
-0.004048
-0.005867
-0.006362
-0.005576
-0.004427
-0.004970
-0.007438
-0.009094
-0.008165
-0.006826
-0.007189
-0.007980
-0.008017
-0.007401
-0.004867
0.000750
0.006087
0.007005
0.005059
0.004033
0.004279
0.004711
0.005992
0.007612
0.007532
0.006408
0.006233
0.006149
0.004479
0.002052
0.000153
-0.001116
-0.001384
-0.000547
-0.000017
-0.000414
-0.000718
-0.000865
-0.001578
-0.002439
-0.003059
-0.004032
-0.004779
-0.003864
-0.001907
-0.000650
-0.000191
0.000118
-0.000044
-0.000500
-0.000097
0.001023
0.001854
0.002519
0.003371
0.003906
0.003796
0.003475
0.003095
0.002409
0.001532
0.000740
0.000070
-0.000300
0.000031
0.000746
0.001012
0.000728
0.000386
-0.000144
-0.001376
-0.003707
-0.007468
-0.010576
-0.009404
-0.004767
-0.001878
-0.002786
-0.003985
-0.004070
-0.005025
-0.005275
-0.002356
0.000542
-0.000751
-0.002767
-0.000191
0.004286
0.006284
0.006768
0.006861
0.004678
0.001183
0.000997
0.004355
0.006765
0.006466
0.005289
0.004111
0.002762
0.002088
0.002355
0.002205
0.000799
-0.001029
-0.002015
-0.001679
-0.000808
-0.000826
-0.002105
-0.003670
-0.005004
-0.006589
-0.007797
-0.007236
-0.005617
-0.004579
-0.003653
-0.001837
-0.000372
-0.000453
-0.000680
0.000058
0.000729
0.001031
0.002055
0.003512
0.004045
0.004026
0.004457
0.004641
0.003782
0.002611
0.001835
0.001187
0.000830
0.001349
0.002198
0.002264
0.001496
0.000460
-0.000649
-0.001639
-0.002151
-0.002219
-0.002317
-0.002464
-0.002188
-0.001638
-0.001273
-0.001057
-0.000948
-0.001157
-0.001507
-0.001451
-0.000832
0.000037
0.000908
0.001593
0.001766
0.001379
0.000854
0.000518
0.000306
0.000157
0.000139
0.000212
0.000265
0.000348
0.000488
0.000435
0.000059
-0.000399
-0.000727
-0.000831
-0.000576
-0.000065
0.000261
0.000127
-0.000308
-0.001061
-0.002223
-0.002853
-0.002063
-0.000838
-0.000669
-0.001186
-0.001206
-0.001008
-0.000964
-0.000496
0.000140
-0.000270
-0.001531
-0.001697
-0.000367
0.000791
0.001174
0.001430
0.001284
0.000262
-0.000366
0.000509
0.001776
0.002076
0.001719
0.001567
0.001541
0.001445
0.001695
0.002081
0.001687
0.000540
-0.000344
-0.000417
-0.000030
0.000289
0.000243
-0.000293
-0.001091
-0.001709
-0.001895
-0.001581
-0.000897
-0.000350
-0.000297
-0.000382
-0.000262
-0.000190
-0.000437
-0.000686
-0.000654
-0.000738
-0.001008
-0.000776
-0.000049
0.000231
0.000003
0.000038
0.000223
0.000012
-0.000196
0.000136
0.000576
0.000623
0.000561
0.000684
0.000680
0.000438
0.000308
0.000370
0.000324
0.000103
0.000024
0.000201
0.000346
0.000324
0.000350
0.000404
0.000226
-0.000068
-0.000106
0.000096
0.000235
0.000292
0.000352
0.000280
0.000030
-0.000158
-0.000107
0.000020
0.000008
-0.000033
0.000040
0.000083
0.000066
0.000120
0.000204
0.000162
0.000073
0.000078
0.000098
0.000115
0.000229
0.000375
0.000359
0.000233
0.000164
0.000104
-0.000014
-0.000038
0.000055
0.000054
-0.000046
-0.000079
-0.000023
0.000019
-0.000005
-0.000086
-0.000210
-0.000304
-0.000277
-0.000169
-0.000106
-0.000082
-0.000042
-0.000074
-0.000186
-0.000266
-0.000289
-0.000298
-0.000257
-0.000073
0.000143
0.000175
0.000090
0.000099
0.000126
0.000040
-0.000008
0.000069
0.000160
0.000238
0.000340
0.000449
0.000486
0.000415
0.000373
0.000369
0.000305
0.000258
0.000260
0.000260
0.000217
0.000141
0.000111
0.000145
0.000178
0.000133
0.000032
-0.000008
0.000037
0.000105
0.000117
0.000088
0.000075
-0.000017
-0.000184
-0.000260
-0.000201
-0.000169
-0.000274
-0.000338
-0.000246
-0.000147
-0.000094
-0.000020
0.000048
0.000048
0.000024
0.000066
0.000149
0.000265
0.000408
0.000423
0.000299
0.000249
0.000285
0.000232
0.000104
0.000089
0.000168
0.000166
0.000123
0.000160
0.000198
0.000145
0.000073
0.000044
-0.000008
-0.000129
-0.000248
-0.000320
-0.000362
-0.000375
-0.000340
-0.000378
-0.000493
-0.000402
-0.000160
-0.000032
0.000052
0.000216
0.000340
0.000282
0.000211
0.000294
0.000380
0.000328
0.000241
0.000265
0.000291
0.000242
0.000220
0.000197
0.000099
-0.000009
-0.000027
0.000003
-0.000051
-0.000151
-0.000174
-0.000180
-0.000253
-0.000258
-0.000163
-0.000201
-0.000393
-0.000536
-0.000643
-0.000742
-0.000702
-0.000530
-0.000356
-0.000262
-0.000190
-0.000021
0.000138
0.000109
0.000039
0.000071
0.000091
0.000067
0.000115
0.000229
0.000248
0.000176
0.000127
0.000090
-0.000010
-0.000131
-0.000120
-0.000043
-0.000042
-0.000076
-0.000139
-0.000242
-0.000295
-0.000300
-0.000358
-0.000438
-0.000448
-0.000446
-0.000449
-0.000348
-0.000169
-0.000065
-0.000079
-0.000095
-0.000031
0.000037
0.000057
0.000085
0.000140
0.000156
0.000093
-0.000012
-0.000074
-0.000032
0.000057
0.000145
0.000224
0.000230
0.000165
0.000091
0.000029
0.000014
0.000070
0.000131
0.000108
0.000046
0.000007
-0.000019
-0.000049
-0.000085
-0.000117
-0.000162
-0.000206
-0.000220
-0.000260
-0.000309
-0.000329
-0.000381
-0.000463
-0.000465
-0.000344
-0.000221
-0.000199
-0.000165
-0.000061
-0.000024
-0.000074
-0.000101
-0.000097
-0.000119
-0.000110
-0.000003
0.000128
0.000199
0.000217
0.000209
0.000180
0.000136
0.000122
0.000155
0.000203
0.000186
0.000097
0.000049
0.000073
0.000104
0.000067
-0.000054
-0.000104
-0.000034
0.000024
0.000042
0.000066
0.000060
-0.000003
-0.000081
-0.000106
-0.000066
-0.000014
0.000060
0.000127
0.000095
0.000004
-0.000003
0.000108
0.000200
0.000171
0.000101
0.000061
0.000090
0.000306
0.000509
0.000342
-0.000067
-0.000437
-0.000660
-0.000744
-0.000761
-0.000734
-0.000694
-0.000661
-0.000559
-0.000410
-0.000331
-0.000301
-0.000245
-0.000150
-0.000036
0.000048
0.000064
0.000071
0.000091
0.000170
0.000307
0.000342
0.000279
0.000261
0.000296
0.000343
0.000398
0.000392
0.000309
0.000271
0.000249
0.000158
0.000077
0.000063
0.000085
0.000069
0.000013
0.000009
0.000026
-0.000027
-0.000071
-0.000014
0.000032
-0.000004
-0.000018
0.000062
0.000165
0.000197
0.000208
0.000267
0.000316
0.000307
0.000245
0.000184
0.000205
0.000264
0.000301
0.000342
0.000377
0.000355
0.000280
0.000223
0.000239
0.000224
0.000099
0.000058
0.000112
0.000014
-0.000161
-0.000181
-0.000118
-0.000149
-0.000191
-0.000164
-0.000175
-0.000237
-0.000264
-0.000259
-0.000261
-0.000199
-0.000004
0.000170
0.000223
0.000300
0.000419
0.000498
0.000566
0.000611
0.000559
0.000435
0.000361
0.000380
0.000372
0.000250
0.000108
0.000015
-0.000061
-0.000129
-0.000191
-0.000259
-0.000271
-0.000230
-0.000229
-0.000247
-0.000237
-0.000212
-0.000209
-0.000239
-0.000250
-0.000218
-0.000188
-0.000173
-0.000119
-0.000000
0.000155
0.000266
0.000273
0.000211
0.000158
0.000182
0.000244
0.000335
0.000457
0.000491
0.000413
0.000301
0.000241
0.000233
0.000171
0.000042
-0.000048
-0.000061
-0.000058
-0.000086
-0.000125
-0.000158
-0.000239
-0.000383
-0.000502
-0.000547
-0.000552
-0.000502
-0.000392
-0.000308
-0.000267
-0.000217
-0.000168
-0.000140
-0.000130
-0.000078
0.000038
0.000131
0.000159
0.000183
0.000263
0.000340
0.000365
0.000375
0.000374
0.000393
0.000467
0.000606
0.000754
0.000762
0.000686
0.000620
0.000450
0.000192
0.000034
-0.000044
-0.000188
-0.000354
-0.000396
-0.000332
-0.000307
-0.000349
-0.000395
-0.000444
-0.000475
-0.000430
-0.000327
-0.000219
-0.000153
-0.000088
0.000030
0.000110
0.000137
0.000186
0.000228
0.000237
0.000223
0.000176
0.000112
0.000047
-0.000015
-0.000068
-0.000111
-0.000125
-0.000098
-0.000096
-0.000107
-0.000094
-0.000118
-0.000190
-0.000242
-0.000230
-0.000220
-0.000273
-0.000316
-0.000328
-0.000349
-0.000334
-0.000236
-0.000098
0.000016
0.000046
-0.000004
-0.000080
-0.000129
-0.000131
-0.000125
-0.000072
0.000070
0.000190
0.000189
0.000102
0.000037
0.000004
-0.000079
-0.000178
-0.000224
-0.000231
-0.000173
-0.000069
-0.000059
-0.000157
-0.000205
-0.000227
-0.000392
-0.000535
-0.000438
-0.000290
-0.000260
-0.000257
-0.000204
-0.000114
-0.000054
-0.000052
-0.000058
-0.000028
0.000001
-0.000034
-0.000081
-0.000081
-0.000077
-0.000019
0.000124
0.000228
0.000238
0.000253
0.000292
0.000281
0.000257
0.000241
0.000186
0.000165
0.000176
0.000145
0.000111
0.000008
-0.000150
-0.000192
-0.000139
-0.000146
-0.000220
-0.000248
-0.000255
-0.000290
-0.000305
-0.000293
-0.000265
-0.000227
-0.000168
-0.000101
-0.000084
-0.000033
0.000071
0.000089
0.000020
-0.000043
-0.000063
-0.000029
0.000033
0.000072
0.000112
0.000142
0.000120
0.000072
0.000024
0.000027
0.000079
0.000052
-0.000039
-0.000056
0.000012
0.000090
0.000122
0.000097
0.000054
0.000005
-0.000030
0.000007
0.000054
0.000076
0.000128
0.000140
0.000154
0.000368
0.000494
0.000185
-0.000181
-0.000275
-0.000245
-0.000245
-0.000311
-0.000357
-0.000339
-0.000320
-0.000318
-0.000332
-0.000313
-0.000298
-0.000346
-0.000323
-0.000220
-0.000142
-0.000138
-0.000221
-0.000314
-0.000297
-0.000198
-0.000145
-0.000128
-0.000061
0.000056
0.000138
0.000166
0.000186
0.000216
0.000268
0.000266
0.000163
0.000089
0.000153
0.000279
0.000344
0.000336
0.000317
0.000336
0.000357
0.000335
0.000312
0.000333
0.000352
0.000322
0.000314
0.000321
0.000294
0.000283
0.000263
0.000174
0.000092
0.000133
0.000195
0.000169
0.000127
0.000089
-0.000005
-0.000098
-0.000059
0.000040
0.000067
0.000036
-0.000005
0.000002
0.000037
0.000028
0.000023
0.000035
0.000014
0.000020
0.000076
0.000123
0.000107
0.000047
0.000013
0.000006
-0.000002
-0.000033
-0.000081
-0.000096
-0.000031
0.000053
0.000072
0.000116
0.000230
0.000303
0.000246
0.000147
0.000099
0.000073
0.000050
0.000049
0.000070
0.000059
-0.000010
-0.000070
-0.000065
-0.000037
-0.000023
0.000005
0.000066
0.000110
0.000087
0.000089
0.000160
0.000182
0.000134
0.000107
0.000104
0.000090
0.000113
0.000168
0.000169
0.000129
0.000061
-0.000025
-0.000057
-0.000047
-0.000070
-0.000133
-0.000187
-0.000197
-0.000148
-0.000062
0.000007
0.000050
0.000044
-0.000030
-0.000040
0.000062
0.000094
0.000005
-0.000027
0.000007
-0.000013
-0.000061
-0.000081
-0.000091
-0.000083
-0.000015
0.000056
0.000052
0.000051
0.000120
0.000154
0.000075
-0.000017
-0.000016
0.000028
0.000034
0.000054
0.000082
0.000040
-0.000011
0.000006
0.000037
-0.000040
-0.000126
-0.000023
0.000169
0.000275
0.000323
0.000381
0.000398
0.000350
0.000311
0.000267
0.000197
0.000162
0.000145
0.000114
0.000081
0.000076
0.000095
0.000059
0.000004
-0.000045
-0.000119
-0.000166
-0.000208
-0.000241
-0.000197
-0.000147
-0.000116
-0.000069
-0.000040
0.000000
0.000035
0.000036
0.000053
0.000064
0.000023
-0.000058
-0.000120
-0.000136
-0.000155
-0.000192
-0.000249
-0.000287
-0.000275
-0.000294
-0.000352
-0.000379
-0.000414
-0.000457
-0.000433
-0.000363
-0.000293
-0.000258
-0.000288
-0.000337
-0.000341
-0.000291
-0.000176
-0.000055
-0.000030
-0.000074
-0.000058
0.000055
0.000162
0.000129
0.000024
0.000019
0.000083
0.000118
0.000137
0.000170
0.000171
0.000106
0.000014
-0.000091
-0.000192
-0.000241
-0.000255
-0.000244
-0.000206
-0.000220
-0.000312
-0.000360
-0.000316
-0.000251
-0.000183
-0.000113
-0.000070
-0.000088
-0.000108
-0.000078
-0.000039
0.000007
0.000039
0.000067
0.000122
0.000163
0.000158
0.000122
0.000108
0.000130
0.000076
-0.000020
-0.000004
0.000082
0.000072
-0.000020
-0.000097
-0.000147
-0.000149
-0.000143
-0.000176
-0.000235
-0.000308
-0.000346
-0.000345
-0.000330
-0.000266
-0.000166
-0.000073
