4160
0.000007
0.000019
0.000089
0.000165
0.000150
0.000101
0.000133
0.000207
0.000206
0.000156
0.000142
0.000125
0.000055
-0.000014
-0.000042
-0.000039
-0.000019
-0.000007
-0.000030
-0.000077
-0.000115
-0.000127
-0.000103
-0.000074
-0.000081
-0.000101
-0.000106
-0.000135
-0.000182
-0.000172
-0.000092
-0.000001
0.000041
-0.000008
-0.000086
-0.000099
-0.000084
-0.000084
-0.000060
-0.000014
0.000050
0.000159
0.000241
0.000203
0.000107
0.000074
0.000089
0.000080
0.000081
0.000140
0.000192
0.000149
0.000055
0.000015
0.000035
0.000014
-0.000064
-0.000104
-0.000067
-0.000009
0.000027
0.000021
-0.000035
-0.000117
-0.000182
-0.000192
-0.000165
-0.000154
-0.000142
-0.000095
-0.000041
0.000013
0.000095
0.000160
0.000149
0.000098
0.000070
0.000048
0.000002
-0.000040
-0.000042
-0.000009
0.000027
0.000026
-0.000010
-0.000018
0.000034
0.000095
0.000111
0.000091
0.000076
0.000050
-0.000068
-0.000229
-0.000277
-0.000236
-0.000192
-0.000090
0.000049
0.000118
0.000144
0.000163
0.000104
-0.000021
-0.000078
-0.000003
0.000116
0.000145
0.000072
0.000027
0.000052
0.000050
-0.000008
-0.000033
0.000010
0.000030
-0.000037
-0.000099
-0.000065
-0.000011
-0.000042
-0.000105
-0.000105
-0.000043
0.000020
0.000067
0.000098
0.000094
0.000044
-0.000004
0.000021
0.000112
0.000161
0.000082
-0.000080
-0.000184
-0.000159
-0.000068
-0.000004
0.000000
-0.000043
-0.000082
-0.000093
-0.000092
-0.000052
0.000049
0.000157
0.000219
0.000213
0.000151
0.000081
0.000040
0.000009
-0.000060
-0.000126
-0.000064
0.000087
0.000156
0.000111
0.000048
-0.000014
-0.000109
-0.000181
-0.000165
-0.000130
-0.000141
-0.000148
-0.000149
-0.000173
-0.000194
-0.000205
-0.000195
-0.000118
-0.000020
0.000024
0.000048
0.000088
0.000142
0.000237
0.000325
0.000290
0.000168
0.000115
0.000137
0.000123
0.000039
-0.000076
-0.000129
-0.000054
0.000057
0.000078
0.000047
0.000051
0.000046
-0.000003
-0.000026
-0.000016
-0.000043
-0.000079
-0.000043
0.000031
0.000051
0.000017
0.000008
0.000033
0.000004
-0.000089
-0.000125
-0.000087
-0.000105
-0.000191
-0.000205
-0.000101
-0.000002
0.000004
-0.000015
0.000010
0.000059
0.000096
0.000097
0.000056
0.000021
0.000052
0.000122
0.000122
0.000030
-0.000038
-0.000011
0.000061
0.000123
0.000133
0.000082
0.000059
0.000090
0.000048
-0.000097
-0.000220
-0.000271
-0.000261
-0.000161
-0.000049
-0.000057
-0.000087
0.000017
0.000146
0.000141
0.000054
0.000021
0.000083
0.000151
0.000100
-0.000021
-0.000043
0.000020
0.000007
-0.000088
-0.000131
-0.000082
-0.000007
0.000047
0.000062
0.000052
0.000078
0.000151
0.000181
0.000094
-0.000035
-0.000047
0.000052
0.000073
-0.000055
-0.000200
-0.000250
-0.000203
-0.000109
-0.000030
0.000012
0.000024
-0.000003
-0.000037
-0.000009
0.000059
0.000067
0.000016
0.000014
0.000088
0.000125
0.000057
-0.000003
0.000019
0.000024
-0.000046
-0.000098
-0.000084
-0.000057
-0.000054
-0.000050
-0.000001
0.000068
0.000059
-0.000060
-0.000159
-0.000089
0.000101
0.000205
0.000147
0.000074
0.000101
0.000145
0.000118
0.000083
0.000074
-0.000014
-0.000209
-0.000375
-0.000395
-0.000324
-0.000269
-0.000200
-0.000062
0.000079
0.000154
0.000181
0.000214
0.000271
0.000307
0.000276
0.000207
0.000171
0.000198
0.000211
0.000146
0.000073
0.000061
0.000072
0.000066
0.000006
-0.000152
-0.000316
-0.000342
-0.000280
-0.000274
-0.000299
-0.000253
-0.000161
-0.000093
-0.000020
0.000094
0.000186
0.000186
0.000102
-0.000004
-0.000079
-0.000107
-0.000079
-0.000025
-0.000018
-0.000082
-0.000153
-0.000163
-0.000094
0.000006
0.000051
0.000027
0.000039
0.000123
0.000201
0.000269
0.000322
0.000275
0.000157
0.000080
0.000047
0.000004
-0.000064
-0.000122
-0.000115
-0.000055
-0.000026
-0.000020
0.000028
0.000072
0.000052
0.000022
0.000016
-0.000016
-0.000071
-0.000095
-0.000101
-0.000132
-0.000162
-0.000122
-0.000009
0.000082
0.000060
-0.000036
-0.000087
-0.000052
0.000010
0.000026
-0.000028
-0.000108
-0.000121
-0.000025
0.000116
0.000177
0.000111
0.000046
0.000100
0.000195
0.000187
0.000100
0.000035
-0.000023
-0.000117
-0.000201
-0.000211
-0.000160
-0.000109
-0.000093
-0.000100
-0.000090
-0.000054
-0.000009
0.000048
0.000108
0.000153
0.000185
0.000179
0.000121
0.000069
0.000066
0.000067
0.000014
-0.000073
-0.000142
-0.000167
-0.000129
-0.000031
0.000081
0.000132
0.000104
0.000065
0.000048
-0.000004
-0.000092
-0.000127
-0.000100
-0.000081
-0.000070
-0.000036
-0.000015
-0.000037
-0.000051
-0.000012
0.000034
0.000011
-0.000047
-0.000041
0.000004
-0.000001
0.000014
0.000130
0.000236
0.000233
0.000190
0.000168
0.000128
0.000051
-0.000022
-0.000053
-0.000065
-0.000098
-0.000111
-0.000030
0.000082
0.000093
0.000011
-0.000028
0.000019
0.000035
-0.000057
-0.000132
-0.000082
-0.000026
-0.000106
-0.000287
-0.000422
-0.000408
-0.000289
-0.000186
-0.000099
0.000030
0.000133
0.000137
0.000119
0.000140
0.000150
0.000153
0.000198
0.000251
0.000221
0.000101
-0.000006
-0.000031
-0.000012
0.000009
0.000020
0.000023
0.000057
0.000131
0.000180
0.000148
0.000075
0.000039
0.000048
0.000052
0.000020
-0.000040
-0.000084
-0.000059
-0.000013
-0.000055
-0.000145
-0.000163
-0.000149
-0.000205
-0.000281
-0.000262
-0.000161
-0.000071
-0.000031
-0.000009
0.000034
0.000083
0.000077
0.000029
0.000011
0.000050
0.000123
0.000194
0.000197
0.000133
0.000101
0.000131
0.000135
0.000083
0.000049
0.000049
0.000023
-0.000046
-0.000126
-0.000160
-0.000107
-0.000010
0.000039
0.000020
-0.000026
-0.000103
-0.000213
-0.000263
-0.000179
-0.000041
0.000041
0.000075
0.000126
0.000199
0.000227
0.000164
0.000040
-0.000057
-0.000061
0.000008
0.000052
-0.000003
-0.000090
-0.000084
-0.000006
0.000008
-0.000262
-0.000938
-0.001059
0.000264
0.001403
0.000883
0.000183
0.000355
0.000428
0.000166
0.000151
0.000165
-0.000091
-0.000283
-0.000284
-0.000354
-0.000470
-0.000407
-0.000265
-0.000260
-0.000241
-0.000066
-0.000044
-0.000288
-0.000347
-0.000140
-0.000123
-0.000252
-0.000113
0.000181
0.000368
0.000676
0.001221
0.001560
0.001402
0.001047
0.000812
0.000507
-0.000145
-0.000887
-0.001378
-0.001734
-0.001894
-0.001539
-0.001016
-0.000892
-0.000865
-0.000408
0.000181
0.000391
0.000414
0.000626
0.000810
0.000756
0.000757
0.000862
0.000698
0.000251
0.000018
0.000359
0.000865
0.000944
0.000723
0.000502
0.000232
0.000040
0.000063
-0.000038
-0.000399
-0.000560
-0.000393
-0.000384
-0.000677
-0.000900
-0.001017
-0.001225
-0.001287
-0.000977
-0.000679
-0.000665
-0.000506
0.000032
0.000456
0.000516
0.000622
0.000904
0.001019
0.000976
0.001055
0.001129
0.000970
0.000774
0.000707
0.000559
0.000264
0.000040
-0.000118
-0.000393
-0.000656
-0.000680
-0.000653
-0.000858
-0.001110
-0.001101
-0.000947
-0.000858
-0.000751
-0.000566
-0.000404
-0.000236
0.000058
0.000387
0.000555
0.000619
0.000779
0.001003
0.001142
0.001200
0.001170
0.000954
0.000684
0.000604
0.000541
0.000165
-0.000354
-0.000638
-0.000725
-0.000876
-0.001064
-0.001124
-0.001087
-0.001014
-0.000831
-0.000528
-0.000244
-0.000060
0.000077
0.000219
0.000377
0.000542
0.000654
0.000674
0.000648
0.000630
0.000580
0.000451
0.000304
0.000190
0.000039
-0.000168
-0.000283
-0.000242
-0.000208
-0.000261
-0.000268
-0.000186
-0.000158
-0.000221
-0.000274
-0.000308
-0.000351
-0.000319
-0.000174
-0.000021
0.000067
0.000153
0.000288
0.000444
0.000584
0.000668
0.000676
0.000566
0.000346
0.000229
0.000205
-0.000086
-0.000611
-0.000840
-0.000598
-0.000243
0.000072
0.000372
0.000082
-0.001432
-0.003994
-0.007257
-0.010015
-0.009336
-0.004340
0.001396
0.005295
0.009234
0.013885
0.016120
0.015010
0.012647
0.008712
0.002452
-0.002774
-0.004320
-0.005113
-0.007766
-0.009788
-0.009456
-0.009069
-0.009417
-0.008784
-0.007734
-0.007780
-0.007071
-0.003502
0.000852
0.003501
0.005478
0.007953
0.009792
0.010354
0.010316
0.009296
0.006583
0.003657
0.002349
0.001894
0.000610
-0.001392
-0.003120
-0.004451
-0.005560
-0.006228
-0.006612
-0.007114
-0.007265
-0.006234
-0.004265
-0.002238
-0.000280
0.001859
0.004047
0.005871
0.006565
0.005710
0.004230
0.003380
0.003128
0.002678
0.001847
0.000727
-0.000815
-0.002176
-0.002389
-0.002038
-0.002451
-0.003189
-0.002944
-0.001839
-0.000774
-0.000111
-0.000054
-0.000614
-0.000992
-0.000525
0.000151
0.000214
0.000149
0.000808
0.001734
0.002010
0.001827
0.001609
0.001311
0.001255
0.001639
0.001695
0.000746
-0.000627
-0.001365
-0.001475
-0.001793
-0.002417
-0.002833
-0.002855
-0.002273
-0.000979
0.000254
0.000643
0.000554
0.000800
0.001422
0.001798
0.001676
0.001465
0.001486
0.001661
0.001799
0.001596
0.000791
-0.000363
-0.001273
-0.001547
-0.001134
-0.000486
-0.000414
-0.000985
-0.001242
-0.000715
-0.000087
-0.001478
-0.008874
-0.021139
-0.025520
-0.012999
0.004580
0.011932
0.014591
0.024134
0.034215
0.034338
0.028112
0.018738
0.001827
-0.016060
-0.020769
-0.016304
-0.018569
-0.025721
-0.023724
-0.014114
-0.008085
-0.005362
-0.001982
-0.002201
-0.005879
-0.003120
0.006910
0.012193
0.009625
0.009280
0.014829
0.019204
0.018587
0.014963
0.008286
-0.000895
-0.006675
-0.006439
-0.006446
-0.011089
-0.015387
-0.013695
-0.008038
-0.003460
-0.001750
-0.002512
-0.004254
-0.003741
0.000408
0.004571
0.004956
0.003596
0.005015
0.009154
0.012079
0.011359
0.007450
0.002194
-0.001923
-0.003367
-0.003871
-0.006352
-0.009792
-0.010170
-0.006643
-0.002582
-0.000638
-0.000458
-0.000817
-0.000681
0.000880
0.003077
0.003517
0.001914
0.001027
0.002346
0.004020
0.004351
0.003681
0.002404
0.000863
0.000303
0.000774
0.000276
-0.001695
-0.002957
-0.002447
-0.001473
-0.000977
-0.000986
-0.001669
-0.002485
-0.002201
-0.001111
-0.000876
-0.001622
-0.001797
-0.000738
0.000825
0.002056
0.002477
0.002084
0.001623
0.001797
0.002177
0.001850
0.000807
-0.000102
-0.000267
0.000065
0.000124
-0.000509
-0.001417
-0.001925
-0.001879
-0.001582
-0.001352
-0.001279
-0.001067
-0.000328
0.000799
0.001672
0.001916
0.001766
0.001542
0.001276
0.000884
0.000296
-0.000467
-0.001156
-0.001440
-0.001282
-0.000928
-0.000523
0.000043
0.000753
0.001291
0.001478
0.001448
0.001248
0.000829
0.000211
-0.000591
-0.001303
-0.001472
-0.001192
-0.001146
-0.001495
-0.001596
-0.002888
-0.009649
-0.020084
-0.022094
-0.009850
0.004879
0.011476
0.016717
0.027818
0.036247
0.034067
0.026437
0.015978
-0.001024
-0.018094
-0.023633
-0.021797
-0.024826
-0.029277
-0.023809
-0.012284
-0.005464
-0.002185
0.002115
0.003832
0.001944
0.003789
0.010276
0.012477
0.009035
0.008814
0.013801
0.016453
0.013580
0.008605
0.002552
-0.004974
-0.010195
-0.010845
-0.011103
-0.013573
-0.013992
-0.009075
-0.002330
0.001810
0.003134
0.002813
0.001685
0.001616
0.003418
0.004626
0.003263
0.001678
0.002887
0.005608
0.006617
0.005108
0.002136
-0.001200
-0.003621
-0.004405
-0.004860
-0.006496
-0.007892
-0.006479
-0.002663
0.000778
0.002368
0.002686
0.002505
0.002215
0.002214
0.002198
0.001076
-0.001026
-0.001906
-0.000102
0.002594
0.003561
0.002854
0.002157
0.001931
0.001588
0.000916
-0.000218
-0.001837
-0.002847
-0.002239
-0.001073
-0.001070
-0.002067
-0.002745
-0.002729
-0.002452
-0.002162
-0.002031
-0.001917
-0.000979
0.001193
0.003508
0.004562
0.004318
0.003672
0.003085
0.002396
0.001347
-0.000085
-0.001523
-0.002337
-0.002222
-0.001653
-0.001468
-0.001826
-0.001971
-0.001389
-0.000556
-0.000055
0.000257
0.000672
0.001136
0.001645
0.002205
0.002319
0.001580
0.000557
0.000015
-0.000200
-0.000622
-0.001244
-0.001719
-0.001870
-0.001637
-0.001008
-0.000217
0.000402
0.000791
0.001181
0.001628
0.001763
0.001441
0.001035
0.000507
-0.000439
-0.001314
-0.001605
-0.001724
-0.001986
-0.001755
-0.000621
0.000741
0.001718
0.001834
-0.001328
-0.010433
-0.020538
-0.019953
-0.006977
0.005521
0.010626
0.016788
0.028403
0.035138
0.030395
0.020465
0.008538
-0.007542
-0.021354
-0.024423
-0.022393
-0.024999
-0.026844
-0.018047
-0.004574
0.002343
0.004409
0.007245
0.008315
0.006005
0.005867
0.008908
0.008430
0.004287
0.004377
0.009335
0.011058
0.006591
0.000632
-0.004269
-0.008862
-0.011469
-0.010674
-0.009309
-0.009019
-0.006589
-0.000216
0.006233
0.008688
0.007688
0.005542
0.003443
0.002113
0.001343
-0.000369
-0.003057
-0.004001
-0.001592
0.001769
0.002978
0.001925
0.000252
-0.001012
-0.001657
-0.002034
-0.002944
-0.004410
-0.004723
-0.002469
0.000971
0.002945
0.002892
0.002310
0.001953
0.001158
-0.000107
-0.001000
-0.001472
-0.001663
-0.000658
0.001768
0.003686
0.003548
0.002447
0.001793
0.001170
0.000080
-0.000932
-0.001574
-0.002049
-0.002075
-0.001364
-0.000618
-0.000702
-0.001428
-0.002029
-0.002102
-0.001789
-0.001412
-0.000952
-0.000080
0.001210
0.002494
0.003415
0.003771
0.003414
0.002527
0.001524
0.000481
-0.000745
-0.001913
-0.002600
-0.002744
-0.002462
-0.001871
-0.001249
-0.000762
-0.000176
0.000578
0.001083
0.001158
0.001207
0.001415
0.001401
0.001074
0.000861
0.000836
0.000611
0.000150
-0.000264
-0.000689
-0.001337
-0.001974
-0.002075
-0.001576
-0.000993
-0.000530
0.000086
0.000652
0.000752
0.000771
0.001086
0.001084
0.000325
-0.000373
-0.000215
0.000288
0.000551
0.000940
0.001508
0.001512
-0.000152
-0.005834
-0.015947
-0.022450
-0.015970
-0.001329
0.008668
0.013862
0.023349
0.033907
0.033219
0.021974
0.010116
-0.001692
-0.015836
-0.025327
-0.025298
-0.023398
-0.024368
-0.019697
-0.005915
0.005376
0.007129
0.006778
0.009361
0.009811
0.006544
0.005243
0.006397
0.005190
0.003260
0.005385
0.008053
0.004717
-0.002396
-0.006901
-0.008951
-0.011632
-0.013240
-0.011073
-0.006609
-0.001824
0.003924
0.010049
0.013178
0.012055
0.009126
0.006120
0.002502
-0.001764
-0.005314
-0.007103
-0.007004
-0.005197
-0.002480
-0.000235
0.000953
0.001498
0.001577
0.000856
-0.000650
-0.002246
-0.003113
-0.002697
-0.000975
0.001142
0.002408
0.002586
0.002609
0.002901
0.002311
0.000093
-0.002265
-0.002986
-0.002361
-0.001558
-0.000565
0.000964
0.002349
0.003003
0.003172
0.002796
0.001448
-0.000328
-0.001221
-0.001009
-0.000756
-0.000912
-0.000842
-0.000363
-0.000264
-0.001002
-0.001940
-0.002340
-0.002269
-0.001974
-0.001267
-0.000096
0.001139
0.002185
0.003010
0.003264
0.002584
0.001335
0.000209
-0.000651
-0.001444
-0.002011
-0.002015
-0.001518
-0.000832
-0.000113
0.000505
0.000804
0.000790
0.000630
0.000337
-0.000027
-0.000191
-0.000010
0.000394
0.000845
0.001179
0.001177
0.000768
0.000173
-0.000373
-0.000826
-0.001251
-0.001694
-0.001881
-0.001375
-0.000489
-0.000078
0.000018
0.000655
0.001495
0.001443
0.000770
0.000640
0.000785
0.000309
-0.000006
0.000594
0.000908
0.000243
-0.000745
-0.004011
-0.012537
-0.020881
-0.018070
-0.004934
0.006191
0.012108
0.021072
0.032350
0.033773
0.023113
0.010927
0.000878
-0.011433
-0.022939
-0.026443
-0.024511
-0.023177
-0.018604
-0.006270
0.005695
0.008466
0.006859
0.008385
0.010042
0.006984
0.002963
0.002516
0.003253
0.003049
0.004221
0.006295
0.004795
-0.000528
-0.004997
-0.007211
-0.009826
-0.012455
-0.011502
-0.006471
-0.000519
0.004395
0.008563
0.011579
0.012065
0.009924
0.006216
0.001642
-0.003157
-0.006739
-0.007737
-0.006398
-0.004146
-0.001814
0.000589
0.002788
0.003859
0.003105
0.000918
-0.001636
-0.003661
-0.004674
-0.004588
-0.003517
-0.001567
0.000984
0.003413
0.004831
0.004826
0.003541
0.001379
-0.000888
-0.002349
-0.002749
-0.002382
-0.001280
0.000547
0.002314
0.003059
0.002912
0.002584
0.002014
0.000860
-0.000346
-0.000899
-0.001064
-0.001408
-0.001742
-0.001702
-0.001588
-0.001796
-0.002090
-0.002044
-0.001717
-0.001392
-0.000941
-0.000046
0.001106
0.001969
0.002418
0.002725
0.002720
0.001915
0.000532
-0.000654
-0.001369
-0.001796
-0.001791
-0.001071
0.000079
0.001057
0.001681
0.002027
0.001901
0.001105
-0.000046
-0.000955
-0.001402
-0.001606
-0.001652
-0.001289
-0.000456
0.000424
0.000888
0.000912
0.000786
0.000622
0.000196
-0.000493
-0.000883
-0.000678
-0.000341
-0.000239
-0.000191
-0.000144
-0.000183
-0.000020
0.000494
0.000918
0.000898
0.000613
0.000567
0.001019
0.001105
-0.001610
-0.008794
-0.016424
-0.016666
-0.008532
0.000492
0.006754
0.014748
0.025107
0.029471
0.023667
0.014056
0.005542
-0.003941
-0.014465
-0.021376
-0.023023
-0.022085
-0.018378
-0.009738
0.000144
0.005153
0.006151
0.007930
0.010100
0.008714
0.004377
0.001520
0.001205
0.001286
0.001498
0.002617
0.003267
0.001871
-0.000636
-0.002877
-0.005297
-0.007984
-0.008954
-0.006854
-0.003093
0.000370
0.003448
0.006673
0.009144
0.009312
0.006927
0.003205
-0.000600
-0.003915
-0.006187
-0.006724
-0.005425
-0.002929
-0.000008
0.002814
0.004893
0.005322
0.003879
0.001396
-0.001277
-0.003889
-0.006117
-0.006989
-0.005808
-0.003241
-0.000486
0.002067
0.004380
0.005723
0.005280
0.003419
0.001226
-0.000774
-0.002371
-0.002942
-0.002093
-0.000460
0.001064
0.002380
0.003563
0.003936
0.002916
0.001084
-0.000554
-0.001767
-0.002788
-0.003407
-0.003177
-0.002230
-0.001173
-0.000319
0.000388
0.000816
0.000685
0.000157
-0.000282
-0.000493
-0.000547
-0.000307
0.000222
0.000679
0.000826
0.000712
0.000430
0.000086
-0.000194
-0.000336
-0.000211
0.000297
0.000968
0.001412
0.001603
0.001716
0.001514
0.000690
-0.000383
-0.001165
-0.001756
-0.002296
-0.002347
-0.001655
-0.000742
-0.000071
0.000550
0.001178
0.001349
0.000867
0.000105
-0.000519
-0.000811
-0.000740
-0.000409
0.000006
0.000450
0.000964
0.001366
0.001376
0.001033
0.000575
0.000155
-0.000187
-0.000452
-0.000575
-0.000500
-0.000823
-0.003092
-0.007852
-0.012182
-0.012044
-0.007333
-0.001098
0.005615
0.013541
0.020435
0.022103
0.018396
0.012869
0.006846
-0.000969
-0.009788
-0.016303
-0.018725
-0.017837
-0.014314
-0.008392
-0.001901
0.002883
0.005978
0.008418
0.009394
0.007442
0.003550
0.000399
-0.001103
-0.001935
-0.002261
-0.001388
0.000212
0.001165
0.001008
0.000156
-0.001182
-0.002756
-0.003756
-0.003734
-0.003151
-0.002200
-0.000311
0.002506
0.005135
0.006514
0.006359
0.004865
0.002517
0.000002
-0.002235
-0.004031
-0.004965
-0.004417
-0.002454
-0.000005
0.002080
0.003512
0.004048
0.003325
0.001454
-0.000940
-0.003351
-0.005357
-0.006288
-0.005735
-0.004030
-0.001739
0.000830
0.003242
0.004650
0.004589
0.003588
0.002356
0.000955
-0.000615
-0.001749
-0.001832
-0.000998
0.000227
0.001546
0.002724
0.003342
0.003206
0.002541
0.001443
-0.000201
-0.002062
-0.003413
-0.003945
-0.003897
-0.003434
-0.002444
-0.000992
0.000479
0.001474
0.001775
0.001495
0.000950
0.000413
-0.000072
-0.000571
-0.001011
-0.001145
-0.000768
0.000009
0.000725
0.001050
0.001172
0.001412
0.001652
0.001576
0.001174
0.000626
0.000031
-0.000448
-0.000601
-0.000531
-0.000577
-0.000763
-0.000793
-0.000586
-0.000346
-0.000240
-0.000302
-0.000488
-0.000685
-0.000779
-0.000772
-0.000739
-0.000584
-0.000080
0.000702
0.001291
0.001329
0.000998
0.000723
0.000597
0.000373
-0.000062
-0.000520
-0.000748
-0.000604
-0.000099
0.000551
0.001066
0.001299
0.001023
-0.000232
-0.002665
-0.005613
-0.007647
-0.007316
-0.004130
0.000888
0.005734
0.008887
0.010169
0.010085
0.008889
0.006366
0.002356
-0.002433
-0.006528
-0.008808
-0.009147
-0.008038
-0.006005
-0.003405
-0.000416
0.002664
0.005058
0.005982
0.005438
0.004045
0.002240
0.000130
-0.001969
-0.003423
-0.003777
-0.003137
-0.002079
-0.001170
-0.000491
0.000192
0.000882
0.001249
0.000990
0.000206
-0.000597
-0.000916
-0.000678
-0.000186
0.000320
0.000876
0.001538
0.002155
0.002469
0.002289
0.001643
0.000794
0.000002
-0.000667
-0.001189
-0.001418
-0.001255
-0.000867
-0.000509
-0.000235
-0.000007
0.000073
-0.000095
-0.000435
-0.000877
-0.001404
-0.001785
-0.001717
-0.001366
-0.001108
-0.000806
-0.000154
0.000623
0.001179
0.001581
0.001892
0.001852
0.001394
0.000894
0.000614
0.000478
0.000462
0.000646
0.000885
0.000903
0.000709
0.000524
0.000303
-0.000191
-0.000904
-0.001553
-0.001980
-0.002137
-0.001961
-0.001477
-0.000876
-0.000250
0.000507
0.001280
0.001638
0.001396
0.000825
0.000202
-0.000457
-0.001107
-0.001499
-0.001469
-0.001046
-0.000256
0.000783
0.001679
0.002128
0.002193
0.001970
0.001320
0.000251
-0.000793
-0.001354
-0.001423
-0.001221
-0.000878
-0.000474
-0.000059
0.000391
0.000803
0.000937
0.000680
0.000230
-0.000160
-0.000477
-0.000844
-0.001217
-0.001365
-0.001164
-0.000715
-0.000166
0.000320
0.000562
0.000603
0.000675
0.000789
0.000775
0.000592
0.000274
-0.000234
-0.001069
-0.002159
-0.002927
-0.002781
-0.001786
-0.000382
0.001247
0.002861
0.003788
0.003808
0.003548
0.003233
0.002356
0.000918
-0.000418
-0.001342
-0.001965
-0.002247
-0.002246
-0.002229
-0.001939
-0.000998
0.000016
0.000445
0.000650
0.000969
0.000945
0.000466
0.000162
0.000102
-0.000267
-0.000766
-0.000878
-0.000905
-0.001181
-0.001269
-0.000909
-0.000557
-0.000440
-0.000133
0.000468
0.000905
0.001129
0.001440
0.001631
0.001375
0.000971
0.000787
0.000623
0.000308
0.000175
0.000343
0.000375
0.000104
-0.000047
0.000078
0.000038
-0.000376
-0.000843
-0.001210
-0.001616
-0.001929
-0.001839
-0.001453
-0.001105
-0.000743
-0.000167
0.000427
0.000738
0.000812
0.000768
0.000494
0.000045
-0.000158
0.000019
0.000158
0.000085
0.000229
0.000748
0.001134
0.001175
0.001250
0.001444
0.001419
0.001113
0.000689
0.000165
-0.000368
-0.000693
-0.000877
-0.001178
-0.001505
-0.001524
-0.001213
-0.000820
-0.000487
-0.000197
0.000053
0.000178
0.000125
-0.000024
-0.000130
-0.000137
-0.000064
0.000068
0.000186
0.000222
0.000298
0.000547
0.000850
0.001019
0.000999
0.000773
0.000366
-0.000052
-0.000326
-0.000475
-0.000561
-0.000559
-0.000420
-0.000146
0.000208
0.000474
0.000485
0.000281
0.000030
-0.000155
-0.000294
-0.000495
-0.000782
-0.001000
-0.000999
-0.000779
-0.000398
0.000039
0.000317
0.000322
0.000256
0.000345
0.000486
0.000422
0.000200
0.000153
0.000378
0.000505
0.000078
-0.000926
-0.001909
-0.002135
-0.001571
-0.000956
-0.000676
-0.000109
0.001133
0.002244
0.002572
0.002597
0.002650
0.002403
0.001887
0.001295
0.000360
-0.000776
-0.001449
-0.001817
-0.002452
-0.002752
-0.001935
-0.000725
-0.000014
0.000583
0.001338
0.001659
0.001488
0.001304
0.000810
-0.000294
-0.001137
-0.001207
-0.001342
-0.001850
-0.001861
-0.001152
-0.000456
-0.000027
0.000360
0.000574
0.000565
0.000694
0.000893
0.000717
0.000361
0.000335
0.000555
0.000724
0.000878
0.001034
0.001051
0.000925
0.000690
0.000246
-0.000342
-0.000783
-0.000993
-0.001176
-0.001395
-0.001512
-0.001474
-0.001310
-0.001054
-0.000752
-0.000375
0.000048
0.000262
0.000170
0.000111
0.000284
0.000469
0.000540
0.000578
0.000547
0.000438
0.000445
0.000590
0.000598
0.000456
0.000443
0.000561
0.000592
0.000562
0.000606
0.000642
0.000587
0.000544
0.000484
0.000171
-0.000383
-0.000869
-0.001156
-0.001367
-0.001522
-0.001499
-0.001264
-0.000874
-0.000399
0.000016
0.000213
0.000279
0.000420
0.000558
0.000495
0.000306
0.000181
0.000152
0.000240
0.000474
0.000683
0.000652
0.000442
0.000282
0.000244
0.000209
0.000060
-0.000185
-0.000343
-0.000232
0.000080
0.000279
0.000184
-0.000039
-0.000186
-0.000309
-0.000483
-0.000583
-0.000547
-0.000514
-0.000533
-0.000513
-0.000425
-0.000260
0.000047
0.000409
0.000557
0.000433
0.000340
0.000466
0.000566
0.000388
0.000115
0.000017
0.000024
-0.000019
-0.000216
-0.000822
-0.001796
-0.002351
-0.001880
-0.000929
-0.000356
0.000017
0.000833
0.001850
0.002390
0.002464
0.002421
0.002227
0.001778
0.001154
0.000260
-0.000819
-0.001447
-0.001436
-0.001413
-0.001527
-0.001225
-0.000518
0.000093
0.000579
0.001023
0.001113
0.000833
0.000571
0.000280
-0.000376
-0.001114
-0.001356
-0.001246
-0.001299
-0.001368
-0.001045
-0.000515
-0.000127
0.000141
0.000379
0.000569
0.000742
0.000883
0.000830
0.000562
0.000310
0.000237
0.000280
0.000351
0.000425
0.000509
0.000595
0.000628
0.000530
0.000298
0.000017
-0.000261
-0.000543
-0.000798
-0.000961
-0.001021
-0.000993
-0.000877
-0.000751
-0.000661
-0.000488
-0.000208
-0.000054
-0.000118
-0.000185
-0.000131
-0.000044
0.000087
0.000414
0.000857
0.001131
0.001186
0.001142
0.000965
0.000666
0.000403
0.000183
-0.000069
-0.000241
-0.000196
0.000026
0.000268
0.000378
0.000319
0.000195
0.000065
-0.000159
-0.000512
-0.000846
-0.001027
-0.001066
-0.001002
-0.000848
-0.000653
-0.000452
-0.000158
0.000236
0.000480
0.000431
0.000298
0.000251
0.000231
0.000218
0.000247
0.000258
0.000227
0.000267
0.000427
0.000530
0.000419
0.000252
0.000237
0.000291
0.000250
0.000143
0.000056
-0.000035
-0.000132
-0.000152
-0.000158
-0.000317
-0.000573
-0.000702
-0.000679
-0.000657
-0.000632
-0.000445
-0.000084
0.000258
0.000407
0.000334
0.000129
-0.000039
-0.000055
0.000006
0.000023
0.000028
0.000085
0.000168
0.000244
0.000325
0.000380
0.000240
-0.000335
-0.001204
-0.001614
-0.001086
-0.000318
-0.000248
-0.000518
-0.000081
0.001013
0.001746
0.001710
0.001403
0.001244
0.001167
0.000983
0.000547
-0.000112
-0.000620
-0.000680
-0.000578
-0.000676
-0.000756
-0.000423
0.000154
0.000470
0.000426
0.000324
0.000319
0.000220
-0.000185
-0.000766
-0.001170
-0.001282
-0.001246
-0.001149
-0.000937
-0.000568
-0.000113
0.000302
0.000594
0.000738
0.000714
0.000572
0.000473
0.000480
0.000498
0.000469
0.000434
0.000394
0.000307
0.000203
0.000176
0.000258
0.000383
0.000494
0.000567
0.000530
0.000278
-0.000150
-0.000549
-0.000782
-0.000868
-0.000852
-0.000793
-0.000802
-0.000885
-0.000872
-0.000726
-0.000656
-0.000738
-0.000767
-0.000554
-0.000110
0.000399
0.000751
0.000873
0.000908
0.000966
0.000959
0.000768
0.000498
0.000387
0.000472
0.000569
0.000530
0.000394
0.000265
0.000142
-0.000014
-0.000154
-0.000250
-0.000343
-0.000415
-0.000425
-0.000446
-0.000516
-0.000521
-0.000435
-0.000429
-0.000528
-0.000497
-0.000226
0.000085
0.000219
0.000192
0.000180
0.000261
0.000303
0.000190
0.000052
0.000088
0.000247
0.000342
0.000363
0.000386
0.000400
0.000367
0.000279
0.000131
-0.000037
-0.000142
-0.000184
-0.000250
-0.000325
-0.000293
-0.000185
-0.000157
-0.000238
-0.000286
-0.000236
-0.000198
-0.000262
-0.000337
-0.000287
-0.000154
-0.000096
-0.000145
-0.000173
-0.000080
0.000090
0.000222
0.000270
0.000311
0.000433
0.000553
0.000509
0.000287
-0.000033
-0.000496
-0.001060
-0.001307
-0.000941
-0.000353
-0.000096
-0.000128
-0.000047
0.000342
0.000935
0.001402
0.001374
0.000961
0.000740
0.000858
0.000785
0.000264
-0.000294
-0.000508
-0.000395
-0.000150
-0.000026
-0.000123
-0.000194
-0.000068
-0.000016
-0.000235
-0.000411
-0.000276
-0.000097
-0.000175
-0.000419
-0.000602
-0.000629
-0.000522
-0.000402
-0.000355
-0.000274
-0.000066
0.000146
0.000271
0.000347
0.000369
0.000356
0.000393
0.000397
0.000251
0.000155
0.000309
0.000500
0.000454
0.000286
0.000192
0.000117
0.000039
0.000077
0.000130
-0.000009
-0.000202
-0.000200
-0.000110
-0.000182
-0.000412
-0.000651
-0.000823
-0.000896
-0.000879
-0.000856
-0.000855
-0.000768
-0.000544
-0.000264
-0.000002
0.000200
0.000318
0.000431
0.000625
0.000829
0.000940
0.000973
0.000943
0.000830
0.000732
0.000694
0.000561
0.000280
0.000051
0.000020
0.000067
0.000035
-0.000023
-0.000035
-0.000121
-0.000385
-0.000687
-0.000839
-0.000829
-0.000727
-0.000566
-0.000415
-0.000319
-0.000192
0.000041
0.000262
0.000316
0.000217
0.000082
-0.000000
0.000009
0.000069
0.000109
0.000138
0.000199
0.000262
0.000295
0.000316
0.000303
0.000213
0.000112
0.000093
0.000085
0.000013
-0.000048
-0.000040
0.000010
0.000088
0.000107
-0.000055
-0.000283
-0.000349
-0.000281
-0.000299
-0.000446
-0.000520
-0.000412
-0.000253
-0.000172
-0.000131
-0.000053
0.000048
0.000080
0.000039
0.000058
0.000176
0.000281
0.000362
0.000465
0.000416
0.000027
-0.000462
-0.000613
-0.000364
-0.000036
0.000101
0.000015
-0.000157
-0.000197
0.000061
0.000500
0.000753
0.000630
0.000386
0.000363
0.000482
0.000434
0.000237
0.000085
-0.000048
-0.000162
-0.000094
0.000077
0.000079
-0.000055
-0.000120
-0.000166
-0.000259
-0.000278
-0.000244
-0.000300
-0.000351
-0.000300
-0.000304
-0.000406
-0.000434
-0.000391
-0.000375
-0.000286
-0.000052
0.000147
0.000196
0.000246
0.000384
0.000462
0.000399
0.000321
0.000314
0.000343
0.000372
0.000348
0.000215
0.000059
0.000026
0.000115
0.000147
-0.000020
-0.000271
-0.000339
-0.000209
-0.000143
-0.000229
-0.000294
-0.000285
-0.000391
-0.000694
-0.000975
-0.000989
-0.000751
-0.000425
-0.000105
0.000194
0.000453
0.000622
0.000637
0.000510
0.000401
0.000448
0.000540
0.000516
0.000442
0.000441
0.000456
0.000407
0.000332
0.000278
0.000255
0.000294
0.000351
0.000285
0.000066
-0.000181
-0.000426
-0.000734
-0.001028
-0.001129
-0.000997
-0.000746
-0.000478
-0.000213
0.000036
0.000206
0.000291
0.000316
0.000209
-0.000005
-0.000104
-0.000027
0.000035
0.000004
0.000015
0.000136
0.000265
0.000322
0.000360
0.000425
0.000454
0.000373
0.000213
0.000077
0.000023
0.000002
-0.000072
-0.000183
-0.000240
-0.000216
-0.000142
-0.000045
0.000023
0.000024
-0.000017
-0.000109
-0.000287
-0.000431
-0.000390
-0.000241
-0.000140
-0.000056
0.000060
0.000111
0.000053
0.000009
0.000048
0.000078
0.000078
0.000143
0.000193
0.000047
-0.000235
-0.000466
-0.000575
-0.000508
-0.000242
0.000030
0.000141
0.000219
0.000329
0.000317
0.000224
0.000263
0.000360
0.000346
0.000346
0.000462
0.000517
0.000452
0.000399
0.000292
0.000017
-0.000247
-0.000302
-0.000237
-0.000162
-0.000072
-0.000038
-0.000108
-0.000144
-0.000084
-0.000073
-0.000159
-0.000231
-0.000289
-0.000437
-0.000598
-0.000579
-0.000386
-0.000168
0.000023
0.000200
0.000316
0.000339
0.000296
0.000210
0.000160
0.000215
0.000281
0.000261
0.000227
0.000253
0.000293
0.000265
0.000117
-0.000097
-0.000191
-0.000078
0.000062
0.000036
-0.000100
-0.000225
-0.000357
-0.000470
-0.000476
-0.000474
-0.000577
-0.000635
-0.000469
-0.000175
0.000067
0.000253
0.000425
0.000496
0.000404
0.000236
0.000123
0.000084
0.000031
-0.000009
0.000094
0.000281
0.000374
0.000384
0.000443
0.000519
0.000476
0.000306
0.000090
-0.000105
-0.000209
-0.000266
-0.000463
-0.000771
-0.000889
-0.000723
-0.000486
-0.000286
-0.000081
0.000070
0.000081
0.000038
0.000072
0.000162
0.000202
0.000158
0.000130
0.000198
0.000279
0.000271
0.000210
0.000185
0.000188
0.000148
0.000087
0.000090
0.000146
0.000154
0.000092
0.000030
0.000018
0.000047
0.000053
-0.000017
-0.000088
-0.000047
0.000031
-0.000022
-0.000186
-0.000306
-0.000317
-0.000279
-0.000259
-0.000257
-0.000288
-0.000346
-0.000317
-0.000148
0.000050
0.000183
0.000244
0.000225
0.000119
0.000024
0.000075
0.000218
0.000246
0.000109
-0.000016
0.000006
0.000132
0.000195
0.000068
-0.000178
-0.000300
-0.000201
-0.000127
-0.000289
-0.000446
-0.000269
0.000094
0.000262
0.000190
0.000129
0.000234
0.000435
0.000546
0.000443
0.000199
-0.000002
-0.000085
-0.000085
-0.000032
0.000026
0.000040
0.000061
0.000164
0.000251
0.000168
-0.000040
-0.000208
-0.000244
-0.000160
-0.000073
-0.000103
-0.000173
-0.000110
0.000038
0.000078
-0.000034
-0.000209
-0.000374
-0.000432
-0.000359
-0.000269
-0.000178
0.000039
0.000327
0.000466
0.000421
0.000338
0.000267
0.000177
0.000117
0.000119
0.000095
-0.000015
-0.000127
-0.000163
-0.000127
-0.000082
-0.000152
-0.000368
-0.000520
-0.000434
-0.000225
-0.000078
-0.000011
0.000051
0.000155
0.000262
0.000256
0.000102
-0.000046
-0.000067
-0.000048
-0.000115
-0.000251
-0.000329
-0.000248
-0.000051
0.000162
0.000387
0.000643
0.000813
0.000760
0.000525
0.000230
-0.000088
-0.000401
-0.000603
-0.000638
-0.000560
-0.000402
-0.000166
0.000089
0.000304
0.000429
0.000400
0.000271
0.000183
0.000147
0.000093
0.000015
-0.000075
-0.000161
-0.000168
-0.000068
0.000047
0.000068
0.000004
-0.000052
-0.000046
-0.000009
-0.000005
-0.000070
-0.000181
-0.000270
-0.000261
-0.000169
-0.000081
0.000001
0.000119
0.000186
0.000131
0.000064
0.000081
0.000102
0.000074
0.000078
0.000127
0.000103
-0.000066
-0.000294
-0.000425
-0.000387
-0.000245
-0.000141
-0.000150
-0.000181
-0.000100
0.000044
0.000098
0.000081
0.000132
0.000243
0.000263
0.000134
-0.000025
-0.000081
-0.000023
0.000100
0.000232
0.000292
0.000234
0.000137
0.000124
0.000174
0.000171
0.000119
0.000070
-0.000052
-0.000278
-0.000419
-0.000342
-0.000214
-0.000212
-0.000230
-0.000135
-0.000031
-0.000040
-0.000071
0.000036
0.000232
0.000303
0.000187
0.000066
0.000074
0.000132
0.000147
0.000120
0.000043
-0.000043
0.000015
0.000202
0.000277
0.000193
0.000140
0.000103
-0.000047
-0.000190
-0.000185
-0.000176
-0.000259
-0.000290
-0.000215
-0.000170
-0.000196
-0.000206
-0.000158
-0.000054
0.000073
0.000120
0.000068
0.000047
0.000113
0.000151
0.000077
-0.000016
0.000018
0.000176
0.000322
0.000349
0.000275
0.000175
0.000053
-0.000135
-0.000342
-0.000424
-0.000323
-0.000164
-0.000089
-0.000065
0.000002
0.000060
0.000048
0.000027
0.000035
0.000023
-0.000028
-0.000055
-0.000039
-0.000070
-0.000176
-0.000250
-0.000226
-0.000142
-0.000023
0.000113
0.000184
0.000151
0.000138
0.000266
0.000414
0.000380
0.000183
-0.000013
-0.000111
-0.000064
0.000123
0.000286
0.000254
0.000120
0.000086
0.000140
0.000096
-0.000091
-0.000282
-0.000378
-0.000404
-0.000433
-0.000485
-0.000484
-0.000364
-0.000173
0.000002
0.000119
0.000155
0.000117
0.000073
0.000088
0.000131
0.000126
0.000067
0.000035
0.000115
0.000268
0.000336
0.000277
0.000186
0.000110
0.000039
0.000004
0.000012
-0.000010
-0.000048
-0.000009
0.000048
-0.000014
-0.000147
-0.000229
-0.000253
-0.000230
-0.000132
0.000006
0.000106
0.000115
0.000011
-0.000126
-0.000177
-0.000121
-0.000020
0.000072
0.000135
0.000141
0.000082
0.000024
0.000025
0.000023
-0.000051
-0.000139
-0.000155
-0.000108
-0.000049
-0.000001
0.000029
0.000047
0.000073
0.000153
0.000306
0.000408
0.000287
-0.000021
-0.000288
-0.000345
-0.000250
-0.000160
-0.000102
-0.000014
0.000083
0.000140
0.000193
0.000272
0.000304
0.000217
0.000079
-0.000034
-0.000134
-0.000204
-0.000176
-0.000079
-0.000050
-0.000146
-0.000236
-0.000154
0.000078
0.000293
0.000367
0.000270
0.000052
-0.000147
-0.000188
-0.000084
-0.000004
-0.000085
-0.000245
-0.000297
-0.000184
0.000029
0.000248
0.000345
0.000265
0.000119
0.000024
-0.000031
-0.000078
-0.000090
-0.000044
-0.000001
-0.000049
-0.000159
-0.000188
-0.000070
0.000078
0.000120
0.000045
-0.000091
-0.000207
-0.000237
-0.000183
-0.000110
-0.000097
-0.000129
-0.000093
0.000030
0.000130
0.000147
0.000108
0.000077
0.000117
0.000223
0.000305
0.000270
0.000153
0.000077
0.000051
-0.000011
-0.000098
-0.000146
-0.000156
-0.000155
-0.000116
-0.000024
0.000047
0.000043
0.000003
-0.000042
-0.000101
-0.000141
-0.000150
-0.000187
-0.000241
-0.000189
0.000027
0.000284
0.000394
0.000336
0.000244
0.000190
0.000157
0.000147
0.000180
0.000218
0.000192
0.000087
-0.000029
-0.000085
-0.000064
-0.000006
-0.000005
-0.000110
-0.000233
-0.000275
-0.000262
-0.000244
-0.000218
-0.000183
-0.000124
-0.000053
-0.000044
-0.000088
-0.000079
-0.000012
0.000020
-0.000006
-0.000065
-0.000115
-0.000057
0.000095
0.000143
0.000053
0.000015
0.000098
0.000179
0.000185
0.000171
0.000174
0.000139
0.000004
-0.000173
-0.000212
-0.000052
0.000112
0.000091
-0.000030
-0.000063
-0.000020
-0.000034
-0.000117
-0.000160
-0.000090
0.000054
0.000161
0.000172
0.000146
0.000152
0.000155
0.000107
0.000041
0.000020
0.000028
-0.000029
-0.000150
-0.000232
-0.000233
-0.000187
-0.000117
-0.000034
0.000034
0.000054
0.000047
0.000080
0.000140
0.000133
0.000039
-0.000029
0.000010
0.000059
0.000012
-0.000052
-0.000015
0.000070
0.000079
0.000017
-0.000009
0.000015
-0.000005
-0.000088
-0.000158
-0.000150
-0.000081
-0.000042
-0.000081
-0.000132
-0.000100
0.000005
0.000089
0.000111
0.000132
0.000169
0.000154
0.000084
0.000036
0.000013
-0.000029
-0.000076
-0.000088
-0.000075
-0.000045
0.000013
0.000045
-0.000036
-0.000153
-0.000165
-0.000123
-0.000102
-0.000018
0.000136
0.000200
0.000118
0.000036
0.000050
0.000077
0.000015
-0.000099
-0.000149
-0.000102
-0.000069
-0.000116
-0.000160
-0.000092
0.000058
0.000146
0.000131
0.000131
0.000204
0.000272
0.000270
0.000208
0.000117
0.000003
-0.000114
-0.000163
-0.000147
-0.000149
-0.000161
-0.000133
-0.000079
0.000002
0.000119
0.000188
0.000173
0.000168
0.000218
0.000230
0.000128
-0.000032
-0.000145
-0.000183
-0.000186
-0.000231
-0.000362
-0.000464
-0.000391
-0.000239
-0.000181
-0.000187
-0.000150
-0.000082
-0.000004
0.000105
0.000195
0.000199
0.000176
0.000236
0.000343
0.000352
0.000281
0.000274
0.000307
0.000239
0.000100
0.000037
0.000057
0.000046
-0.000026
-0.000105
-0.000173
-0.000240
-0.000274
-0.000222
-0.000114
-0.000062
-0.000098
-0.000118
-0.000032
0.000098
0.000116
0.000003
-0.000056
0.000022
0.000066
-0.000050
-0.000196
-0.000191
-0.000065
0.000036
0.000090
0.000140
0.000158
0.000111
0.000004
-0.000137
-0.000203
-0.000091
0.000088
0.000136
0.000057
0.000051
0.000218
0.000400
0.000379
0.000168
-0.000041
-0.000143
-0.000204
-0.000325
-0.000430
-0.000357
-0.000145
0.000028
0.000097
0.000103
0.000110
0.000164
0.000202
0.000122
-0.000042
-0.000163
-0.000169
-0.000100
-0.000040
0.000007
0.000093
0.000180
0.000180
0.000108
0.000070
0.000112
0.000154
0.000099
-0.000048
-0.000192
-0.000240
-0.000190
-0.000146
-0.000167
-0.000162
-0.000064
0.000027
0.000051
0.000077
0.000107
0.000059
-0.000039
-0.000061
0.000017
0.000095
0.000102
0.000039
-0.000030
-0.000010
0.000112
0.000232
0.000241
0.000093
-0.000143
-0.000280
-0.000204
-0.000043
-0.000025
-0.000150
-0.000195
-0.000086
0.000016
0.000014
-0.000014
0.000003
0.000034
0.000057
0.000104
0.000163
0.000144
0.000060
0.000023
0.000018
-0.000018
-0.000019
0.000016
-0.000052
-0.000188
-0.000170
0.000026
0.000197
0.000273
0.000298
0.000187
-0.000086
-0.000310
-0.000323
-0.000210
-0.000084
0.000031
0.000088
0.000027
-0.000086
-0.000159
-0.000168
-0.000089
0.000083
0.000256
0.000355
0.000402
0.000413
0.000352
0.000238
0.000127
0.000027
-0.000068
-0.000130
-0.000182
-0.000257
-0.000294
-0.000267
-0.000286
-0.000389
-0.000428
-0.000292
-0.000087
0.000057
0.000149
0.000211
0.000189
0.000076
-0.000042
-0.000083
-0.000042
0.000019
0.000036
0.000023
0.000027
0.000060
0.000115
0.000176
0.000194
0.000144
0.000062
0.000006
-0.000016
-0.000035
-0.000084
-0.000147
-0.000154
-0.000092
-0.000025
0.000005
0.000039
0.000103
0.000145
0.000127
0.000069
-0.000003
-0.000060
-0.000046
0.000037
0.000105
0.000108
0.000065
0.000025
0.000017
0.000001
-0.000090
-0.000210
-0.000230
-0.000129
-0.000017
0.000038
0.000040
-0.000001
-0.000030
-0.000009
-0.000002
-0.000074
-0.000152
-0.000127
-0.000024
0.000063
0.000139
0.000221
0.000258
0.000230
0.000171
0.000097
-0.000000
-0.000099
-0.000156
-0.000141
-0.000055
0.000011
-0.000032
-0.000129
-0.000181
-0.000188
-0.000180
-0.000144
-0.000071
-0.000006
0.000029
0.000071
0.000120
0.000125
0.000094
0.000104
0.000151
0.000156
0.000108
0.000055
0.000006
-0.000043
-0.000077
-0.000111
-0.000156
-0.000150
-0.000060
0.000034
0.000087
0.000137
0.000160
0.000116
0.000067
0.000073
0.000103
0.000099
0.000038
-0.000044
-0.000064
-0.000023
-0.000017
-0.000054
-0.000075
-0.000097
-0.000168
-0.000227
-0.000192
-0.000128
-0.000131
-0.000147
-0.000069
0.000066
0.000102
0.000001
-0.000034
0.000140
0.000336
0.000323
0.000173
0.000067
0.000033
0.000035
0.000079
0.000145
0.000162
0.000126
0.000111
0.000128
0.000095
-0.000004
-0.000097
-0.000163
-0.000258
-0.000406
-0.000522
-0.000498
-0.000346
-0.000201
-0.000154
-0.000166
-0.000163
-0.000114
-0.000007
0.000108
0.000143
0.000126
0.000180
0.000313
0.000420
0.000433
0.000348
0.000244
0.000229
0.000271
0.000260
0.000174
0.000042
-0.000118
-0.000247
-0.000292
-0.000274
-0.000245
-0.000202
-0.000118
-0.000018
0.000051
0.000086
0.000076
0.000028
0.000033
0.000131
0.000160
-0.000003
-0.000189
-0.000192
-0.000118
-0.000138
-0.000174
-0.000113
-0.000004
0.000066
0.000060
-0.000009
-0.000054
-0.000018
0.000043
0.000067
0.000089
0.000115
0.000071
-0.000017
-0.000014
0.000108
0.000220
0.000227
0.000155
0.000071
-0.000020
-0.000098
-0.000085
-0.000030
-0.000081
-0.000191
-0.000214
-0.000196
-0.000254
-0.000318
-0.000240
-0.000059
0.000079
0.000132
0.000156
0.000173
0.000173
0.000190
0.000246
0.000265
0.000170
0.000028
-0.000050
-0.000080
-0.000133
-0.000184
-0.000156
-0.000032
0.000112
0.000186
0.000167
0.000093
0.000018
-0.000037
-0.000103
-0.000180
-0.000182
-0.000065
0.000066
0.000092
0.000046
0.000036
0.000079
0.000091
0.000007
-0.000140
-0.000256
-0.000266
-0.000183
-0.000091
-0.000051
-0.000039
0.000001
0.000075
0.000156
0.000231
0.000262
0.000218
0.000145
0.000097
0.000021
-0.000120
-0.000203
-0.000110
0.000068
0.000145
0.000081
-0.000030
-0.000120
-0.000150
-0.000093
-0.000018
-0.000019
-0.000056
-0.000055
-0.000061
-0.000139
-0.000204
-0.000135
0.000041
0.000195
0.000199
0.000024
-0.000168
-0.000179
-0.000034
0.000079
0.000086
0.000075
0.000082
0.000061
0.000043
0.000079
0.000119
0.000133
0.000181
