4800
-0.000091
-0.000069
-0.000038
-0.000045
-0.000087
-0.000119
-0.000089
-0.000007
0.000032
-0.000032
-0.000123
-0.000116
-0.000031
0.000010
-0.000002
-0.000023
-0.000039
0.000039
0.000233
0.000360
0.000326
0.000250
0.000211
0.000160
0.000044
-0.000092
-0.000152
-0.000168
-0.000245
-0.000358
-0.000399
-0.000347
-0.000265
-0.000187
-0.000114
-0.000080
-0.000097
-0.000112
-0.000056
0.000073
0.000193
0.000257
0.000305
0.000342
0.000332
0.000280
0.000209
0.000135
0.000075
0.000046
0.000061
0.000078
0.000041
-0.000029
-0.000079
-0.000117
-0.000175
-0.000229
-0.000217
-0.000103
0.000051
0.000127
0.000100
0.000043
0.000010
0.000000
-0.000028
-0.000090
-0.000126
-0.000106
-0.000103
-0.000121
-0.000070
0.000026
0.000033
-0.000047
-0.000056
0.000042
0.000097
0.000030
-0.000053
-0.000043
0.000038
0.000098
0.000119
0.000136
0.000134
0.000086
0.000028
0.000010
0.000030
0.000027
-0.000016
-0.000017
0.000025
-0.000028
-0.000138
-0.000095
0.000063
0.000085
-0.000031
-0.000050
0.000050
0.000045
-0.000125
-0.000241
-0.000166
-0.000035
-0.000002
-0.000024
0.000010
0.000098
0.000148
0.000115
0.000039
-0.000007
0.000011
0.000054
0.000049
-0.000022
-0.000091
-0.000077
-0.000002
0.000052
0.000061
0.000060
0.000072
0.000072
0.000022
-0.000058
-0.000083
-0.000012
0.000068
0.000069
0.000011
-0.000045
-0.000079
-0.000083
-0.000062
-0.000057
-0.000098
-0.000128
-0.000084
-0.000009
0.000012
-0.000027
-0.000060
-0.000015
0.000076
0.000089
-0.000002
-0.000050
0.000043
0.000153
0.000106
-0.000028
-0.000037
0.000091
0.000153
0.000066
0.000003
0.000067
0.000123
0.000085
0.000024
-0.000006
-0.000019
-0.000040
-0.000084
-0.000131
-0.000163
-0.000185
-0.000161
-0.000062
-0.000026
-0.000191
-0.000413
-0.000443
-0.000258
-0.000041
0.000065
0.000090
0.000137
0.000254
0.000397
0.000470
0.000447
0.000416
0.000413
0.000411
0.000389
0.000314
0.000191
0.000092
0.000038
-0.000003
-0.000073
-0.000222
-0.000426
-0.000545
-0.000518
-0.000462
-0.000483
-0.000506
-0.000410
-0.000229
-0.000097
-0.000034
0.000053
0.000199
0.000288
0.000225
0.000103
0.000071
0.000138
0.000203
0.000175
0.000048
-0.000061
0.000001
0.000191
0.000260
0.000107
-0.000090
-0.000175
-0.000159
-0.000104
-0.000070
-0.000068
-0.000054
-0.000015
-0.000000
-0.000021
-0.000020
0.000008
0.000007
-0.000019
-0.000005
0.000065
0.000152
0.000202
0.000187
0.000133
0.000051
-0.000067
-0.000135
-0.000067
0.000080
0.000180
0.000156
0.000018
-0.000124
-0.000132
-0.000023
0.000036
-0.000032
-0.000118
-0.000119
-0.000079
-0.000093
-0.000173
-0.000190
-0.000075
0.000029
-0.000002
-0.000061
-0.000004
0.000116
0.000148
0.000076
0.000016
0.000004
-0.000018
-0.000032
-0.000001
0.000042
0.000077
0.000101
0.000108
0.000108
0.000090
0.000020
-0.000091
-0.000173
-0.000158
-0.000062
0.000002
-0.000034
-0.000070
0.000003
0.000100
0.000098
0.000025
-0.000032
-0.000042
-0.000016
0.000036
0.000103
0.000145
0.000094
-0.000040
-0.000103
-0.000014
0.000086
0.000077
0.000026
-0.000007
-0.000048
-0.000086
-0.000074
-0.000037
-0.000018
-0.000013
-0.000018
-0.000026
-0.000005
0.000030
0.000022
-0.000039
-0.000090
-0.000087
-0.000045
-0.000011
-0.000006
-0.000003
0.000031
0.000077
0.000113
0.000142
0.000145
0.000092
0.000034
0.000037
0.000057
0.000025
-0.000013
0.000041
0.000182
0.000267
0.000193
0.000022
-0.000113
-0.000188
-0.000263
-0.000317
-0.000274
-0.000190
-0.000207
-0.000316
-0.000340
-0.000211
-0.000085
-0.000072
-0.000089
-0.000045
0.000021
0.000067
0.000120
0.000215
0.000334
0.000374
0.000281
0.000178
0.000174
0.000199
0.000173
0.000111
0.000024
-0.000069
-0.000090
-0.000036
-0.000012
-0.000054
-0.000073
0.000006
0.000110
0.000084
-0.000048
-0.000104
-0.000037
0.000011
-0.000065
-0.000191
-0.000220
-0.000133
-0.000037
0.000012
0.000038
0.000059
0.000087
0.000114
0.000113
0.000079
0.000025
-0.000046
-0.000113
-0.000156
-0.000169
-0.000147
-0.000108
-0.000081
-0.000025
0.000073
0.000116
0.000057
0.000001
0.000032
0.000093
0.000094
0.000049
0.000036
0.000044
0.000024
0.000011
0.000036
0.000033
-0.000014
-0.000005
0.000108
0.000208
0.000139
-0.000048
-0.000117
-0.000013
0.000060
-0.000011
-0.000110
-0.000127
-0.000102
-0.000102
-0.000101
-0.000031
0.000097
0.000176
0.000131
0.000025
-0.000045
-0.000085
-0.000131
-0.000147
-0.000115
-0.000073
-0.000042
-0.000006
0.000052
0.000120
0.000147
0.000112
0.000064
0.000043
0.000040
0.000053
0.000059
0.000022
-0.000015
0.000004
0.000047
0.000047
0.000000
-0.000056
-0.000117
-0.000159
-0.000149
-0.000129
-0.000132
-0.000131
-0.000093
-0.000044
-0.000058
-0.000113
-0.000092
0.000013
0.000089
0.000107
0.000136
0.000197
0.000228
0.000202
0.000174
0.000153
0.000085
0.000012
0.000041
0.000111
0.000062
-0.000093
-0.000188
-0.000147
-0.000067
-0.000067
-0.000114
-0.000063
0.000106
0.000169
-0.000045
-0.000358
-0.000481
-0.000400
-0.000270
-0.000139
0.000006
0.000112
0.000127
0.000102
0.000119
0.000178
0.000222
0.000251
0.000301
0.000357
0.000382
0.000364
0.000291
0.000211
0.000200
0.000212
0.000141
0.000012
-0.000096
-0.000192
-0.000279
-0.000327
-0.000381
-0.000472
-0.000509
-0.000435
-0.000334
-0.000291
-0.000274
-0.000176
0.000024
0.000168
0.000154
0.000110
0.000144
0.000159
0.000086
0.000028
0.000078
0.000200
0.000279
0.000226
0.000087
-0.000006
-0.000019
-0.000023
-0.000041
-0.000039
-0.000031
-0.000047
-0.000071
-0.000063
-0.000005
0.000062
0.000073
0.000023
-0.000030
-0.000024
0.000039
0.000079
0.000039
-0.000012
0.000002
0.000031
0.000024
0.000029
0.000035
-0.000014
-0.000045
0.000022
0.000098
0.000066
-0.000006
0.000012
0.000068
0.000033
-0.000076
-0.000141
-0.000114
-0.000056
-0.000054
-0.000130
-0.000214
-0.000213
-0.000090
0.000068
0.000122
0.000073
0.000045
0.000075
0.000091
0.000078
0.000056
0.000039
0.000062
0.000103
0.000054
-0.000087
-0.000181
-0.000141
-0.000059
-0.000035
-0.000225
-0.000963
-0.001397
0.000084
0.002141
0.001924
0.000170
-0.000577
-0.000209
0.000089
0.000124
0.000159
0.000129
-0.000040
-0.000290
-0.000457
-0.000352
-0.000101
0.000048
0.000181
0.000460
0.000719
0.000678
0.000248
-0.000417
-0.001135
-0.001623
-0.000969
0.000459
0.000065
-0.001968
-0.002093
0.000259
0.002292
0.002404
0.001460
0.000787
0.000337
-0.000591
-0.001691
-0.001778
-0.000571
0.000859
0.001644
0.001699
0.001310
0.000726
-0.000024
-0.000659
-0.000818
-0.000710
-0.000643
-0.000561
-0.000390
-0.000132
0.000105
0.000062
-0.000222
-0.000359
-0.000242
-0.000067
0.000131
0.000214
-0.000107
-0.000482
-0.000213
0.000329
0.000262
-0.000158
-0.000185
0.000129
0.000334
0.000401
0.000396
0.000112
-0.000280
-0.000335
-0.000132
-0.000018
-0.000017
0.000091
0.000320
0.000368
0.000172
0.000105
0.000140
-0.000094
-0.000307
-0.000096
0.000124
-0.000024
-0.000187
-0.000096
0.000045
0.000122
0.000222
0.000237
0.000034
-0.000148
-0.000066
0.000123
0.000171
0.000075
-0.000050
-0.000182
-0.000301
-0.000298
-0.000196
-0.000159
-0.000235
-0.000480
-0.000848
-0.000710
0.000232
0.001032
0.000933
0.000480
0.000383
0.000544
0.000532
0.000216
-0.000207
-0.000487
-0.000459
-0.000143
0.000166
0.000208
0.000075
0.000039
0.000154
0.000136
-0.000208
-0.000623
-0.000652
-0.000175
0.000320
0.000276
-0.000215
-0.000594
-0.000546
-0.000271
-0.000095
-0.000084
-0.000194
-0.000334
-0.000193
0.000377
0.000905
0.000911
0.000675
0.000676
0.000796
0.000692
0.000306
-0.000263
-0.000723
-0.000646
-0.000085
0.000349
0.000250
-0.000112
-0.000251
-0.000157
-0.000152
-0.000344
-0.000693
-0.001072
-0.001012
-0.000252
0.000539
0.000537
-0.000084
-0.000473
-0.000228
0.000328
0.000687
0.000567
0.000088
-0.000191
0.000180
0.000804
0.000852
0.000279
-0.000151
-0.000042
0.000248
0.000372
0.000272
-0.000101
-0.000525
-0.000480
-0.000126
-0.000229
-0.000752
-0.000945
-0.000693
-0.000430
-0.000289
-0.000257
-0.000362
-0.000354
0.000024
0.000500
0.000673
0.000575
0.000341
-0.000405
-0.002110
-0.003999
-0.004415
-0.003161
-0.001682
-0.000239
0.002319
0.005638
0.007887
0.008501
0.008145
0.006805
0.004401
0.002047
0.000523
-0.000840
-0.002456
-0.003644
-0.004101
-0.004518
-0.005371
-0.006358
-0.007132
-0.007525
-0.007203
-0.005930
-0.004026
-0.001925
0.000389
0.002890
0.005022
0.006261
0.006684
0.006641
0.006334
0.005858
0.005186
0.004167
0.002791
0.001339
0.000132
-0.000931
-0.002199
-0.003474
-0.004264
-0.004828
-0.005542
-0.005618
-0.004314
-0.002430
-0.001053
-0.000316
0.000037
0.000509
0.001718
0.003173
0.003572
0.002870
0.002404
0.002777
0.003017
0.002073
0.000180
-0.001521
-0.002223
-0.002089
-0.001847
-0.001933
-0.001990
-0.001339
-0.000030
0.000958
0.000931
0.000413
0.000314
0.000781
0.001304
0.001335
0.000714
-0.000070
-0.000281
0.000083
0.000289
0.000071
-0.000090
0.000045
0.000264
0.000462
0.000467
0.000072
-0.000328
-0.000230
-0.000103
-0.001334
-0.005879
-0.014659
-0.023429
-0.023718
-0.013156
0.000101
0.009195
0.017520
0.028803
0.037308
0.036503
0.028695
0.018747
0.007676
-0.002879
-0.009647
-0.013475
-0.017575
-0.020439
-0.018767
-0.015322
-0.015728
-0.019870
-0.022862
-0.022064
-0.018367
-0.012701
-0.005081
0.004085
0.013850
0.023106
0.030267
0.033113
0.030326
0.023546
0.016342
0.010307
0.004187
-0.002278
-0.006854
-0.008465
-0.009080
-0.010640
-0.013026
-0.015802
-0.018733
-0.020354
-0.019152
-0.015769
-0.011448
-0.005588
0.002517
0.010979
0.016962
0.019757
0.020310
0.019046
0.015887
0.011535
0.007100
0.003053
-0.000395
-0.002732
-0.004103
-0.005799
-0.008557
-0.011384
-0.013178
-0.014141
-0.014545
-0.013558
-0.010395
-0.005471
0.000286
0.006109
0.010950
0.013752
0.014549
0.013741
0.010866
0.006465
0.003393
0.002985
0.002717
0.000651
-0.001941
-0.003950
-0.005562
-0.006465
-0.006570
-0.006485
-0.005927
-0.004299
-0.002325
-0.001050
-0.000561
-0.000508
-0.000598
-0.000572
-0.000365
0.000051
0.000884
0.002025
0.002869
0.003104
0.002941
0.002641
0.002499
0.002715
0.002926
0.002677
0.002238
0.001958
0.001450
0.000313
-0.001198
-0.002724
-0.004148
-0.005139
-0.005239
-0.004564
-0.003598
-0.002448
-0.001066
0.000288
0.001398
0.002297
0.002930
0.003225
0.003343
0.003360
0.003079
0.002423
0.001554
0.000628
-0.000156
-0.000593
-0.001005
-0.003267
-0.010426
-0.021388
-0.026893
-0.019122
-0.004027
0.007186
0.014845
0.025094
0.034343
0.035045
0.029140
0.021916
0.011827
-0.002049
-0.013277
-0.017830
-0.019533
-0.020784
-0.019285
-0.015983
-0.015208
-0.016607
-0.016102
-0.013328
-0.010952
-0.008815
-0.004004
0.004606
0.014866
0.023553
0.028749
0.030175
0.027724
0.021380
0.012834
0.004511
-0.003027
-0.009914
-0.014530
-0.015585
-0.014606
-0.013332
-0.011554
-0.009689
-0.009538
-0.010665
-0.010174
-0.007078
-0.002883
0.001800
0.007323
0.012749
0.016649
0.018797
0.019021
0.016247
0.010373
0.003338
-0.002804
-0.007416
-0.010475
-0.011783
-0.011493
-0.010407
-0.009167
-0.007671
-0.005836
-0.004281
-0.003365
-0.002287
-0.000097
0.003084
0.006377
0.008894
0.010153
0.010247
0.009499
0.008237
0.006799
0.005020
0.002432
-0.000653
-0.003467
-0.005736
-0.007402
-0.008388
-0.008820
-0.008616
-0.007368
-0.005139
-0.002701
-0.000654
0.001004
0.002346
0.003334
0.004063
0.004648
0.004942
0.004694
0.003899
0.002818
0.001717
0.000644
-0.000456
-0.001483
-0.002208
-0.002370
-0.001817
-0.000769
0.000285
0.001007
0.001268
0.000961
0.000147
-0.000801
-0.001531
-0.002004
-0.002233
-0.002052
-0.001346
-0.000270
0.000779
0.001357
0.001402
0.001447
0.002000
0.002847
0.003325
0.002962
0.001562
-0.001922
-0.010779
-0.026167
-0.038104
-0.031605
-0.008998
0.010712
0.021040
0.032425
0.045395
0.048466
0.040988
0.030869
0.016562
-0.004962
-0.023391
-0.028852
-0.027249
-0.026771
-0.025361
-0.021249
-0.018743
-0.018444
-0.016292
-0.012776
-0.011362
-0.010506
-0.005486
0.005398
0.019811
0.032899
0.039872
0.039695
0.034529
0.025777
0.014501
0.003123
-0.007584
-0.018543
-0.026942
-0.027726
-0.021790
-0.015376
-0.011658
-0.009655
-0.008850
-0.008577
-0.006389
-0.001896
0.002054
0.004774
0.009061
0.015751
0.021940
0.024821
0.023452
0.017726
0.008778
-0.000639
-0.008234
-0.013667
-0.017379
-0.019162
-0.018326
-0.014724
-0.009462
-0.004507
-0.001316
-0.000069
0.000012
0.000360
0.002290
0.005513
0.008605
0.011235
0.013779
0.015246
0.014331
0.011292
0.006546
-0.000151
-0.007664
-0.013879
-0.018201
-0.019809
-0.016099
-0.007839
-0.000457
0.003949
0.007926
0.011282
0.011551
0.009265
0.005978
0.001830
-0.002082
-0.003966
-0.004275
-0.004692
-0.005379
-0.005707
-0.005686
-0.005037
-0.002952
0.000395
0.003720
0.006214
0.008081
0.009464
0.009733
0.008185
0.005004
0.000887
-0.003594
-0.007476
-0.009573
-0.009935
-0.009631
-0.008833
-0.006800
-0.003570
0.000019
0.003529
0.006646
0.008601
0.009145
0.008943
0.008194
0.006351
0.003563
0.000796
-0.001536
-0.003760
-0.005767
-0.006776
-0.006402
-0.005103
-0.003585
-0.002417
-0.002918
-0.008594
-0.021429
-0.032700
-0.027160
-0.005003
0.015493
0.025600
0.034563
0.045512
0.048994
0.042124
0.030642
0.014821
-0.007054
-0.026925
-0.035116
-0.033651
-0.030093
-0.027090
-0.024319
-0.021099
-0.015742
-0.009187
-0.005670
-0.005719
-0.004883
-0.000410
0.007919
0.020272
0.032934
0.038341
0.034758
0.028348
0.022291
0.013256
0.000281
-0.012711
-0.022980
-0.029469
-0.029837
-0.023474
-0.014670
-0.008368
-0.005354
-0.003597
-0.001383
0.001624
0.004295
0.005397
0.005928
0.008298
0.012943
0.017825
0.020476
0.018962
0.012724
0.003807
-0.004452
-0.010634
-0.015472
-0.019183
-0.020565
-0.018489
-0.013064
-0.005815
0.000779
0.004675
0.005730
0.005423
0.005300
0.006011
0.007237
0.008188
0.008519
0.008707
0.009083
0.008784
0.006389
0.001164
-0.006428
-0.014029
-0.017778
-0.015887
-0.010680
-0.005026
0.000560
0.005964
0.010142
0.012133
0.011227
0.007290
0.001795
-0.002943
-0.005604
-0.006234
-0.005654
-0.005075
-0.005111
-0.004952
-0.003607
-0.001387
0.000864
0.002873
0.004642
0.006127
0.007406
0.008257
0.007799
0.005316
0.001340
-0.002529
-0.005069
-0.006417
-0.007270
-0.007651
-0.007062
-0.005402
-0.003047
-0.000343
0.002332
0.004348
0.005391
0.005906
0.006284
0.006054
0.004581
0.002159
-0.000222
-0.002070
-0.003528
-0.004249
-0.003622
-0.002196
-0.001033
-0.000230
-0.000585
-0.005763
-0.018144
-0.030972
-0.031069
-0.014734
0.006166
0.020522
0.030538
0.040791
0.047150
0.044637
0.035020
0.020502
0.000469
-0.020919
-0.033995
-0.034901
-0.030102
-0.026867
-0.025248
-0.021518
-0.015022
-0.008915
-0.005680
-0.004536
-0.003731
-0.002043
0.003276
0.014794
0.028713
0.036415
0.034983
0.029638
0.023831
0.015134
0.002717
-0.009777
-0.020126
-0.028320
-0.031562
-0.026516
-0.016298
-0.008189
-0.004755
-0.002735
0.000272
0.003196
0.004854
0.005667
0.006277
0.007175
0.009470
0.013819
0.018220
0.018795
0.013855
0.005829
-0.001846
-0.008190
-0.013718
-0.017984
-0.019993
-0.019419
-0.015932
-0.009208
-0.000929
0.005310
0.007574
0.007357
0.006950
0.006957
0.007044
0.007143
0.007167
0.006935
0.006648
0.006338
0.005004
0.001599
-0.003398
-0.008515
-0.012342
-0.013454
-0.011188
-0.006655
-0.001602
0.002976
0.006661
0.009081
0.009619
0.007671
0.003613
-0.001009
-0.004571
-0.006310
-0.006454
-0.005764
-0.004840
-0.003689
-0.002013
0.000115
0.002146
0.003633
0.004586
0.005278
0.005889
0.006166
0.005545
0.003755
0.001068
-0.001920
-0.004476
-0.006083
-0.006764
-0.006725
-0.005866
-0.004068
-0.001656
0.000780
0.002869
0.004419
0.005217
0.005296
0.005001
0.004415
0.003248
0.001375
-0.000835
-0.002674
-0.003545
-0.003430
-0.002764
-0.001881
-0.000886
0.000034
0.000300
-0.002004
-0.010190
-0.023789
-0.033079
-0.026714
-0.006717
0.013409
0.026490
0.036313
0.044563
0.046476
0.040395
0.029399
0.013555
-0.007861
-0.027827
-0.036590
-0.034115
-0.028860
-0.025910
-0.023252
-0.018343
-0.012383
-0.007719
-0.004902
-0.003463
-0.003030
-0.001674
0.004637
0.017142
0.030140
0.036166
0.034372
0.029139
0.022269
0.012441
0.000489
-0.010919
-0.021020
-0.028984
-0.030963
-0.024704
-0.014595
-0.007101
-0.003563
-0.001347
0.000781
0.002266
0.003348
0.004616
0.005559
0.006083
0.007967
0.012508
0.017487
0.018672
0.014447
0.007116
-0.000420
-0.007160
-0.012800
-0.016453
-0.017790
-0.017377
-0.014831
-0.009119
-0.001573
0.004217
0.006309
0.005951
0.005072
0.004475
0.004510
0.005391
0.006373
0.006145
0.004703
0.003772
0.004310
0.004517
0.002230
-0.001720
-0.004956
-0.006583
-0.006641
-0.005138
-0.003066
-0.001901
-0.001592
-0.000839
0.000647
0.001483
0.000516
-0.001586
-0.003210
-0.003499
-0.002614
-0.001018
0.000760
0.002053
0.002666
0.003315
0.004436
0.005141
0.004415
0.002625
0.000932
-0.000120
-0.000717
-0.001095
-0.001417
-0.001872
-0.002367
-0.002540
-0.002320
-0.002039
-0.001977
-0.002046
-0.001777
-0.000732
0.000876
0.002384
0.003446
0.004052
0.004061
0.003329
0.002043
0.000579
-0.000768
-0.001763
-0.002167
-0.001923
-0.001332
-0.000847
-0.000679
-0.000962
-0.002998
-0.009704
-0.021462
-0.030606
-0.026267
-0.008278
0.011260
0.024042
0.033145
0.041259
0.043898
0.038551
0.028766
0.015841
-0.002437
-0.022219
-0.033636
-0.033483
-0.028690
-0.025268
-0.022202
-0.017362
-0.012025
-0.008017
-0.005098
-0.002751
-0.001730
-0.001687
0.000978
0.009427
0.020948
0.028983
0.030639
0.028241
0.023602
0.015904
0.005820
-0.003848
-0.012445
-0.020791
-0.026220
-0.024523
-0.016847
-0.008923
-0.003874
-0.000754
0.001059
0.001101
0.000499
0.000994
0.002014
0.002163
0.002541
0.005414
0.010456
0.014697
0.015667
0.013062
0.007808
0.001040
-0.005700
-0.010649
-0.013221
-0.014258
-0.014068
-0.011596
-0.006578
-0.000914
0.003291
0.005475
0.005750
0.004209
0.001657
-0.000629
-0.001757
-0.000797
0.002868
0.007843
0.011611
0.013083
0.012160
0.008443
0.002354
-0.004467
-0.010556
-0.014799
-0.016037
-0.013887
-0.009245
-0.003597
0.001653
0.005368
0.006920
0.006537
0.004906
0.002546
0.000052
-0.001770
-0.002355
-0.001666
-0.000268
0.001034
0.001849
0.002083
0.001582
0.000565
-0.000202
-0.000277
0.000035
0.000495
0.001233
0.001990
0.002159
0.001657
0.000783
-0.000461
-0.002058
-0.003467
-0.004101
-0.003883
-0.003022
-0.001649
0.000130
0.001991
0.003417
0.004059
0.003958
0.003290
0.002115
0.000506
-0.001206
-0.002480
-0.002933
-0.002598
-0.001902
-0.002280
-0.006358
-0.014660
-0.021866
-0.020429
-0.009376
0.004361
0.014924
0.023006
0.030059
0.033364
0.031001
0.025327
0.017577
0.005606
-0.009567
-0.021466
-0.025761
-0.024936
-0.022799
-0.019436
-0.014199
-0.008900
-0.005325
-0.002985
-0.001191
-0.000788
-0.002193
-0.003234
-0.000939
0.004774
0.010988
0.015475
0.018283
0.019306
0.017286
0.012337
0.006568
0.000984
-0.005312
-0.011594
-0.014628
-0.012986
-0.009001
-0.005150
-0.001775
0.000910
0.001848
0.000972
-0.000425
-0.001643
-0.002993
-0.004141
-0.003833
-0.001436
0.002298
0.005984
0.008530
0.009368
0.008221
0.005216
0.001253
-0.002448
-0.005335
-0.007391
-0.008176
-0.007059
-0.004356
-0.001287
0.001134
0.002559
0.002951
0.002452
0.001739
0.001692
0.002187
0.002334
0.002213
0.002556
0.002881
0.002171
0.000655
-0.000854
-0.002272
-0.003708
-0.004633
-0.004407
-0.003133
-0.001422
0.000318
0.001887
0.002943
0.003121
0.002450
0.001323
-0.000036
-0.001627
-0.003100
-0.003774
-0.003374
-0.002217
-0.000702
0.000908
0.002334
0.003225
0.003411
0.003057
0.002365
0.001349
0.000093
-0.001048
-0.001693
-0.001783
-0.001582
-0.001315
-0.000942
-0.000398
0.000125
0.000448
0.000724
0.001117
0.001379
0.001191
0.000759
0.000573
0.000637
0.000491
-0.000019
-0.000561
-0.000906
-0.001191
-0.001473
-0.001488
-0.001085
-0.000501
0.000040
0.000404
-0.000172
-0.003043
-0.008366
-0.013573
-0.014752
-0.010070
-0.001404
0.007832
0.015775
0.021848
0.024677
0.023118
0.018505
0.012758
0.005437
-0.004250
-0.014002
-0.020100
-0.021556
-0.019946
-0.016142
-0.010284
-0.004095
0.000195
0.002698
0.004740
0.005862
0.004692
0.001966
0.000159
0.000525
0.002315
0.004436
0.006257
0.007081
0.006280
0.004065
0.001276
-0.001669
-0.004901
-0.008021
-0.009658
-0.008749
-0.005711
-0.001747
0.002295
0.005807
0.007991
0.008458
0.007732
0.006318
0.003883
0.000371
-0.002916
-0.004495
-0.004311
-0.003290
-0.002046
-0.000846
-0.000162
-0.000392
-0.001357
-0.002648
-0.004108
-0.005495
-0.006140
-0.005463
-0.003552
-0.000909
0.002004
0.004681
0.006589
0.007584
0.007817
0.007269
0.005822
0.003629
0.001141
-0.001115
-0.002763
-0.003659
-0.003846
-0.003462
-0.002694
-0.001709
-0.000659
0.000251
0.000799
0.000896
0.000569
-0.000068
-0.000756
-0.001263
-0.001587
-0.001780
-0.001752
-0.001452
-0.001029
-0.000625
-0.000194
0.000263
0.000586
0.000740
0.000882
0.001126
0.001435
0.001664
0.001677
0.001483
0.001242
0.001072
0.000851
0.000407
-0.000132
-0.000476
-0.000542
-0.000388
-0.000015
0.000544
0.001031
0.001134
0.000840
0.000347
-0.000348
-0.001348
-0.002397
-0.003064
-0.003270
-0.003160
-0.002704
-0.001800
-0.000533
0.000878
0.002164
0.002969
0.002806
0.001201
-0.001692
-0.004824
-0.007193
-0.008281
-0.007087
-0.002642
0.003891
0.009784
0.013634
0.015662
0.015633
0.012834
0.007915
0.002623
-0.002499
-0.007983
-0.012797
-0.014649
-0.013328
-0.010706
-0.007501
-0.003311
0.000862
0.003420
0.004544
0.005043
0.004422
0.002351
0.000214
-0.000611
-0.000384
0.000131
0.000814
0.001638
0.002227
0.002211
0.001511
0.000343
-0.001051
-0.002583
-0.003882
-0.004135
-0.003037
-0.001334
0.000307
0.002159
0.004320
0.005850
0.006014
0.005227
0.003943
0.001983
-0.000423
-0.002361
-0.003450
-0.004059
-0.004241
-0.003713
-0.002767
-0.002050
-0.001659
-0.001399
-0.001468
-0.002044
-0.002673
-0.002744
-0.002167
-0.001101
0.000528
0.002687
0.004807
0.006188
0.006566
0.006073
0.004845
0.002906
0.000470
-0.001924
-0.003692
-0.004406
-0.003888
-0.002469
-0.000831
0.000657
0.001944
0.002767
0.002832
0.002174
0.000882
-0.000978
-0.002940
-0.004318
-0.004820
-0.004535
-0.003585
-0.002137
-0.000445
0.001292
0.002804
0.003680
0.003707
0.003033
0.001978
0.000872
-0.000076
-0.000778
-0.001126
-0.001063
-0.000704
-0.000214
0.000324
0.000888
0.001427
0.001788
0.001749
0.001225
0.000451
-0.000204
-0.000603
-0.000864
-0.001091
-0.001301
-0.001442
-0.001381
-0.001143
-0.001002
-0.001090
-0.001224
-0.001199
-0.000972
-0.000551
-0.000022
0.000265
-0.000178
-0.001461
-0.003159
-0.004545
-0.004725
-0.003058
0.000167
0.003913
0.007258
0.009605
0.010411
0.009508
0.007531
0.005337
0.002922
-0.000400
-0.004433
-0.007612
-0.008802
-0.008430
-0.007108
-0.004864
-0.002300
-0.000305
0.001419
0.003234
0.003921
0.002528
0.000355
-0.000991
-0.001623
-0.002010
-0.001817
-0.001038
-0.000243
0.000526
0.001440
0.001976
0.001598
0.000644
-0.000232
-0.000779
-0.000931
-0.000626
0.000011
0.000853
0.001880
0.002792
0.003213
0.003223
0.002971
0.002315
0.001284
0.000140
-0.001073
-0.002298
-0.003123
-0.003296
-0.003140
-0.002998
-0.002819
-0.002562
-0.002302
-0.001877
-0.001120
-0.000261
0.000375
0.000713
0.000787
0.000697
0.000789
0.001320
0.001978
0.002250
0.002119
0.001897
0.001698
0.001484
0.001261
0.000952
0.000501
0.000173
0.000230
0.000465
0.000494
0.000196
-0.000302
-0.000753
-0.001019
-0.001263
-0.001634
-0.001979
-0.002151
-0.002226
-0.002212
-0.001938
-0.001362
-0.000635
0.000137
0.000895
0.001480
0.001794
0.001931
0.001923
0.001625
0.000990
0.000231
-0.000334
-0.000529
-0.000427
-0.000220
0.000010
0.000350
0.000813
0.001181
0.001253
0.001068
0.000732
0.000276
-0.000192
-0.000502
-0.000631
-0.000726
-0.000901
-0.001119
-0.001269
-0.001311
-0.001283
-0.001206
-0.001040
-0.000845
-0.000994
-0.001797
-0.002791
-0.003137
-0.002818
-0.002406
-0.001619
0.000443
0.003450
0.005798
0.006627
0.006485
0.006046
0.005487
0.004775
0.003487
0.001149
-0.001604
-0.003410
-0.003959
-0.003979
-0.003828
-0.003411
-0.002709
-0.001596
-0.000150
0.000790
0.000594
-0.000163
-0.000702
-0.001034
-0.001343
-0.001538
-0.001642
-0.001643
-0.001219
-0.000379
0.000337
0.000765
0.001256
0.001786
0.001997
0.001892
0.001624
0.001196
0.000822
0.000779
0.000889
0.000859
0.000828
0.001058
0.001429
0.001585
0.001286
0.000542
-0.000355
-0.001069
-0.001620
-0.002247
-0.002902
-0.003324
-0.003446
-0.003246
-0.002548
-0.001374
-0.000139
0.000775
0.001220
0.001132
0.000734
0.000459
0.000305
0.000019
-0.000195
0.000001
0.000433
0.000785
0.001136
0.001632
0.002148
0.002532
0.002750
0.002717
0.002397
0.001918
0.001331
0.000554
-0.000377
-0.001313
-0.002138
-0.002713
-0.002929
-0.002896
-0.002781
-0.002505
-0.001928
-0.001195
-0.000578
-0.000172
0.000083
0.000304
0.000588
0.000873
0.001011
0.001006
0.000951
0.000860
0.000751
0.000720
0.000806
0.000920
0.000942
0.000818
0.000584
0.000346
0.000191
0.000097
-0.000007
-0.000167
-0.000345
-0.000389
-0.000210
-0.000020
-0.000100
-0.000376
-0.000548
-0.000530
-0.000471
-0.000497
-0.000607
-0.000825
-0.001323
-0.002196
-0.003092
-0.003377
-0.002877
-0.002190
-0.001798
-0.001118
0.000697
0.003218
0.005030
0.005411
0.004957
0.004670
0.004855
0.004810
0.003601
0.001317
-0.000815
-0.001806
-0.001982
-0.002254
-0.002802
-0.003024
-0.002458
-0.001353
-0.000441
-0.000258
-0.000710
-0.001305
-0.001672
-0.001870
-0.002143
-0.002404
-0.002218
-0.001371
-0.000277
0.000418
0.000637
0.000902
0.001450
0.001904
0.001932
0.001669
0.001457
0.001476
0.001634
0.001709
0.001574
0.001333
0.001216
0.001291
0.001338
0.001058
0.000332
-0.000592
-0.001280
-0.001658
-0.002094
-0.002781
-0.003382
-0.003436
-0.002870
-0.001967
-0.001074
-0.000410
0.000053
0.000464
0.000815
0.000973
0.000919
0.000761
0.000644
0.000617
0.000540
0.000312
0.000137
0.000297
0.000743
0.001191
0.001507
0.001747
0.001938
0.002028
0.001950
0.001580
0.000872
0.000069
-0.000530
-0.000923
-0.001299
-0.001708
-0.001950
-0.001877
-0.001679
-0.001590
-0.001544
-0.001371
-0.001097
-0.000851
-0.000606
-0.000226
0.000261
0.000661
0.000857
0.000873
0.000778
0.000653
0.000598
0.000653
0.000774
0.000888
0.000945
0.000959
0.000966
0.000954
0.000865
0.000660
0.000338
-0.000103
-0.000615
-0.001021
-0.001168
-0.001143
-0.001133
-0.001128
-0.000938
-0.000484
0.000008
0.000222
0.000089
-0.000330
-0.000950
-0.001488
-0.001651
-0.001573
-0.001606
-0.001727
-0.001481
-0.000463
0.001249
0.002940
0.003746
0.003603
0.003281
0.003282
0.003279
0.002744
0.001530
0.000015
-0.000989
-0.001120
-0.001058
-0.001371
-0.001630
-0.001368
-0.000824
-0.000362
-0.000172
-0.000423
-0.000968
-0.001320
-0.001442
-0.001766
-0.002215
-0.002229
-0.001720
-0.001030
-0.000387
0.000085
0.000440
0.000948
0.001563
0.001825
0.001598
0.001277
0.001138
0.001116
0.001147
0.001184
0.001166
0.001222
0.001444
0.001515
0.001119
0.000421
-0.000284
-0.000934
-0.001563
-0.002188
-0.002699
-0.002693
-0.001939
-0.000978
-0.000496
-0.000386
-0.000151
0.000245
0.000490
0.000384
-0.000078
-0.000657
-0.000927
-0.000771
-0.000531
-0.000390
-0.000102
0.000493
0.001213
0.001797
0.002093
0.002121
0.002043
0.001867
0.001389
0.000660
0.000038
-0.000312
-0.000471
-0.000502
-0.000446
-0.000349
-0.000201
-0.000045
-0.000062
-0.000349
-0.000744
-0.001045
-0.001252
-0.001428
-0.001516
-0.001432
-0.001150
-0.000675
-0.000160
0.000146
0.000252
0.000377
0.000590
0.000786
0.000918
0.001034
0.001143
0.001143
0.000946
0.000629
0.000383
0.000307
0.000284
0.000112
-0.000238
-0.000571
-0.000678
-0.000543
-0.000379
-0.000456
-0.000816
-0.001150
-0.001085
-0.000626
-0.000114
0.000204
0.000274
0.000090
-0.000270
-0.000624
-0.000807
-0.000781
-0.000676
-0.000578
-0.000362
0.000013
0.000369
0.000750
0.001420
0.002232
0.002651
0.002498
0.002046
0.001503
0.000953
0.000459
-0.000054
-0.000601
-0.000912
-0.000847
-0.000680
-0.000585
-0.000460
-0.000370
-0.000472
-0.000665
-0.000817
-0.000961
-0.001098
-0.001198
-0.001308
-0.001363
-0.001175
-0.000793
-0.000428
-0.000102
0.000216
0.000472
0.000726
0.001055
0.001293
0.001302
0.001187
0.001013
0.000801
0.000709
0.000749
0.000695
0.000520
0.000382
0.000201
-0.000169
-0.000512
-0.000478
-0.000126
0.000087
-0.000114
-0.000534
-0.000834
-0.000929
-0.000980
-0.001103
-0.001192
-0.001071
-0.000749
-0.000463
-0.000390
-0.000423
-0.000335
-0.000068
0.000223
0.000407
0.000565
0.000791
0.000976
0.000962
0.000788
0.000628
0.000606
0.000731
0.000906
0.000961
0.000805
0.000545
0.000338
0.000183
0.000009
-0.000199
-0.000396
-0.000526
-0.000598
-0.000681
-0.000780
-0.000811
-0.000706
-0.000552
-0.000524
-0.000609
-0.000653
-0.000625
-0.000544
-0.000370
-0.000135
0.000099
0.000363
0.000677
0.000923
0.000956
0.000833
0.000768
0.000793
0.000709
0.000427
0.000056
-0.000283
-0.000512
-0.000595
-0.000573
-0.000500
-0.000383
-0.000305
-0.000479
-0.000816
-0.000750
-0.000068
0.000570
0.000615
0.000337
0.000118
-0.000038
-0.000151
-0.000206
-0.000319
-0.000522
-0.000678
-0.000728
-0.000523
0.000191
0.001158
0.001723
0.001692
0.001369
0.000996
0.000682
0.000415
0.000008
-0.000557
-0.000945
-0.000956
-0.000722
-0.000376
-0.000101
-0.000080
-0.000047
0.000330
0.000703
0.000619
0.000307
0.000086
-0.000211
-0.000688
-0.001068
-0.001132
-0.000957
-0.000704
-0.000472
-0.000297
-0.000090
0.000234
0.000543
0.000654
0.000588
0.000482
0.000453
0.000499
0.000480
0.000344
0.000246
0.000289
0.000357
0.000304
0.000118
-0.000105
-0.000258
-0.000298
-0.000308
-0.000412
-0.000563
-0.000567
-0.000355
-0.000075
0.000100
0.000162
0.000208
0.000249
0.000209
0.000032
-0.000276
-0.000607
-0.000782
-0.000679
-0.000411
-0.000228
-0.000139
0.000138
0.000663
0.001048
0.000967
0.000605
0.000366
0.000318
0.000185
-0.000151
-0.000458
-0.000523
-0.000401
-0.000247
-0.000096
0.000097
0.000289
0.000373
0.000349
0.000285
0.000171
-0.000046
-0.000287
-0.000411
-0.000434
-0.000453
-0.000437
-0.000306
-0.000080
0.000124
0.000176
0.000084
0.000002
0.000022
0.000067
0.000043
0.000012
0.000080
0.000209
0.000265
0.000203
0.000128
0.000126
0.000125
0.000059
-0.000009
-0.000047
-0.000109
-0.000175
-0.000124
0.000081
0.000270
0.000272
0.000173
0.000143
0.000123
-0.000079
-0.000503
-0.000919
-0.001024
-0.000803
-0.000506
-0.000266
-0.000026
0.000267
0.000562
0.000754
0.000789
0.000725
0.000631
0.000504
0.000327
0.000152
0.000005
-0.000162
-0.000340
-0.000423
-0.000381
-0.000290
-0.000165
0.000025
0.000183
0.000202
0.000164
0.000174
0.000171
0.000092
-0.000009
-0.000098
-0.000200
-0.000299
-0.000350
-0.000367
-0.000373
-0.000297
-0.000096
0.000120
0.000229
0.000230
0.000168
0.000082
0.000019
0.000020
0.000066
0.000104
0.000114
0.000113
0.000099
0.000055
0.000019
0.000044
0.000065
0.000005
-0.000078
-0.000048
0.000093
0.000141
-0.000034
-0.000240
-0.000173
0.000146
0.000360
0.000269
0.000085
0.000063
0.000130
0.000059
-0.000179
-0.000417
-0.000506
-0.000414
-0.000258
-0.000183
-0.000166
-0.000102
-0.000012
0.000055
0.000129
0.000196
0.000195
0.000125
-0.000003
-0.000185
-0.000308
-0.000223
-0.000015
0.000089
0.000077
0.000110
0.000210
0.000284
0.000310
0.000308
0.000253
0.000139
0.000023
-0.000092
-0.000262
-0.000436
-0.000468
-0.000303
-0.000044
0.000156
0.000228
0.000213
0.000175
0.000128
0.000034
-0.000115
-0.000243
-0.000248
-0.000117
0.000039
0.000104
0.000096
0.000124
0.000218
0.000281
0.000262
0.000230
0.000223
0.000196
0.000107
-0.000044
-0.000209
-0.000316
-0.000377
-0.000486
-0.000554
-0.000350
0.000040
0.000225
0.000112
0.000001
0.000045
0.000088
0.000014
-0.000089
-0.000065
0.000131
0.000322
0.000311
0.000164
0.000107
0.000192
0.000253
0.000136
-0.000119
-0.000305
-0.000283
-0.000145
-0.000042
0.000007
0.000055
0.000110
0.000131
0.000109
0.000097
0.000122
0.000129
0.000086
0.000022
-0.000013
-0.000033
-0.000100
-0.000219
-0.000341
-0.000445
-0.000511
-0.000504
-0.000425
-0.000304
-0.000187
-0.000105
-0.000032
0.000104
0.000313
0.000472
0.000477
0.000396
0.000344
0.000309
0.000255
0.000240
0.000293
0.000311
0.000215
0.000097
0.000064
0.000095
0.000123
0.000089
-0.000067
-0.000292
-0.000420
-0.000396
-0.000312
-0.000236
-0.000167
-0.000117
-0.000100
-0.000091
-0.000075
-0.000054
-0.000015
0.000019
-0.000002
-0.000057
-0.000072
-0.000016
0.000075
0.000167
0.000252
0.000296
0.000300
0.000302
0.000247
0.000073
-0.000121
-0.000244
-0.000307
-0.000297
-0.000210
-0.000122
-0.000047
0.000057
0.000149
0.000120
-0.000013
-0.000101
-0.000143
-0.000288
-0.000444
-0.000344
-0.000043
0.000143
0.000146
0.000172
0.000289
0.000330
0.000215
0.000079
0.000014
-0.000053
-0.000163
-0.000203
-0.000082
0.000080
0.000097
0.000021
0.000082
0.000279
0.000324
0.000139
-0.000006
0.000053
0.000203
0.000267
0.000118
-0.000181
-0.000345
-0.000271
-0.000197
-0.000255
-0.000293
-0.000189
-0.000009
0.000136
0.000180
0.000119
0.000051
0.000066
0.000046
-0.000185
-0.000506
-0.000586
-0.000296
0.000170
0.000491
0.000514
0.000414
0.000407
0.000412
0.000253
0.000004
-0.000132
-0.000157
-0.000216
-0.000270
-0.000192
-0.000060
-0.000009
-0.000024
-0.000042
-0.000070
-0.000116
-0.000125
-0.000034
0.000074
0.000053
-0.000058
-0.000082
0.000006
0.000037
-0.000096
-0.000288
-0.000363
-0.000256
-0.000037
0.000172
0.000269
0.000259
0.000278
0.000385
0.000419
0.000253
-0.000012
-0.000208
-0.000257
-0.000205
-0.000134
-0.000075
-0.000036
-0.000020
0.000009
0.000086
0.000194
0.000246
0.000176
0.000084
0.000085
0.000131
0.000114
0.000039
0.000008
0.000088
0.000195
0.000154
-0.000047
-0.000217
-0.000251
-0.000251
-0.000323
-0.000413
-0.000386
-0.000213
-0.000011
0.000074
0.000016
-0.000050
-0.000011
0.000077
0.000116
0.000090
0.000055
0.000063
0.000093
0.000093
0.000063
0.000053
0.000095
0.000141
0.000109
-0.000001
-0.000139
-0.000273
-0.000314
-0.000196
-0.000057
-0.000075
-0.000177
-0.000162
-0.000007
0.000132
0.000150
0.000095
0.000064
0.000121
0.000238
0.000301
0.000261
0.000197
0.000164
0.000116
0.000010
-0.000125
-0.000225
-0.000238
-0.000146
-0.000028
-0.000035
-0.000166
-0.000220
-0.000097
0.000061
0.000127
0.000122
0.000079
-0.000006
-0.000096
-0.000112
-0.000036
0.000062
0.000116
0.000130
0.000110
0.000029
-0.000097
-0.000181
-0.000169
-0.000121
-0.000101
-0.000052
0.000101
0.000260
0.000261
0.000136
0.000070
0.000094
0.000071
-0.000033
-0.000116
-0.000133
-0.000109
-0.000065
-0.000043
-0.000049
-0.000005
0.000087
0.000122
0.000096
0.000090
0.000072
-0.000050
-0.000212
-0.000248
-0.000129
0.000006
0.000033
-0.000030
-0.000088
-0.000078
-0.000021
0.000005
-0.000032
-0.000085
-0.000098
-0.000008
0.000202
0.000397
0.000403
0.000258
0.000185
0.000260
0.000285
0.000102
-0.000136
-0.000209
-0.000159
-0.000167
-0.000268
-0.000339
-0.000285
-0.000149
-0.000082
-0.000166
-0.000284
-0.000264
-0.000123
-0.000008
0.000054
0.000161
0.000304
0.000344
0.000238
0.000132
0.000191
0.000353
0.000403
0.000282
0.000110
-0.000003
-0.000040
-0.000059
-0.000072
-0.000033
-0.000010
-0.000135
-0.000350
-0.000494
-0.000537
-0.000517
-0.000432
-0.000325
-0.000261
-0.000202
-0.000060
0.000144
0.000288
0.000318
0.000324
0.000387
0.000423
0.000302
0.000088
-0.000014
0.000066
0.000188
0.000224
0.000196
0.000173
0.000145
0.000055
-0.000063
-0.000107
-0.000075
-0.000065
-0.000127
-0.000219
-0.000265
-0.000204
-0.000072
-0.000013
-0.000082
-0.000145
-0.000081
0.000074
0.000210
0.000241
0.000157
0.000022
-0.000121
-0.000257
-0.000304
-0.000199
-0.000033
0.000047
-0.000013
-0.000118
-0.000064
0.000172
0.000341
0.000300
0.000166
0.000086
0.000105
0.000151
0.000095
-0.000072
-0.000207
-0.000221
-0.000175
-0.000095
0.000032
0.000083
-0.000005
-0.000068
-0.000021
-0.000011
-0.000082
-0.000053
0.000124
0.000271
0.000281
0.000220
0.000172
0.000114
-0.000025
-0.000215
-0.000316
-0.000258
-0.000157
-0.000137
-0.000133
-0.000049
0.000044
0.000059
0.000035
0.000009
-0.000028
-0.000020
0.000061
0.000118
0.000090
0.000035
0.000011
0.000015
0.000035
0.000083
0.000171
0.000253
0.000248
0.000109
-0.000092
-0.000215
-0.000229
-0.000239
-0.000308
-0.000371
-0.000332
-0.000157
0.000074
0.000180
0.000068
-0.000075
0.000001
0.000192
0.000183
0.000020
0.000028
0.000214
0.000280
0.000128
-0.000050
-0.000084
-0.000030
-0.000028
-0.000086
-0.000102
-0.000036
0.000073
0.000161
0.000185
0.000129
0.000055
0.000055
0.000074
-0.000010
-0.000168
-0.000266
-0.000243
-0.000121
0.000015
0.000031
-0.000112
-0.000243
-0.000236
-0.000187
-0.000170
-0.000129
-0.000055
0.000041
0.000192
0.000340
0.000374
0.000312
0.000296
0.000379
0.000450
0.000394
0.000222
0.000022
-0.000136
-0.000203
-0.000162
-0.000072
-0.000017
-0.000036
-0.000122
-0.000236
-0.000343
-0.000411
-0.000357
-0.000189
-0.000075
-0.000103
-0.000130
-0.000040
0.000059
0.000043
-0.000018
0.000032
0.000191
0.000276
0.000180
0.000021
-0.000044
-0.000040
-0.000079
-0.000109
-0.000012
0.000139
0.000170
0.000083
0.000005
-0.000002
0.000040
0.000059
0.000024
-0.000002
0.000004
-0.000049
-0.000193
-0.000320
-0.000298
-0.000134
0.000016
0.000063
0.000115
0.000236
0.000321
0.000318
0.000289
0.000245
0.000148
0.000028
-0.000069
-0.000144
-0.000167
-0.000132
-0.000134
-0.000200
-0.000216
-0.000139
-0.000029
0.000080
0.000161
0.000167
0.000110
0.000049
-0.000002
-0.000056
-0.000092
-0.000080
-0.000073
-0.000127
-0.000182
-0.000146
-0.000054
-0.000014
-0.000036
-0.000038
0.000001
0.000044
0.000057
0.000044
0.000068
0.000148
0.000205
0.000191
0.000127
0.000046
-0.000002
-0.000014
-0.000025
0.000004
0.000096
0.000113
-0.000027
-0.000148
-0.000112
-0.000074
-0.000161
-0.000233
-0.000191
-0.000125
-0.000098
-0.000075
-0.000019
0.000058
0.000114
0.000168
0.000264
0.000335
0.000280
0.000127
-0.000037
-0.000142
-0.000125
0.000013
0.000173
0.000238
0.000157
-0.000014
-0.000177
-0.000275
-0.000271
-0.000180
-0.000121
-0.000142
-0.000142
-0.000078
-0.000022
-0.000006
-0.000015
-0.000029
-0.000021
0.000018
0.000070
0.000128
0.000192
0.000234
0.000220
0.000137
0.000050
0.000083
0.000210
0.000264
0.000203
0.000112
0.000028
-0.000066
-0.000167
-0.000246
-0.000278
-0.000271
-0.000251
-0.000239
-0.000246
-0.000252
-0.000224
-0.000156
-0.000088
-0.000083
-0.000133
-0.000138
-0.000058
0.000032
0.000098
0.000158
0.000199
0.000236
0.000308
0.000358
0.000310
0.000208
0.000141
0.000104
0.000031
-0.000044
-0.000018
0.000066
0.000082
0.000040
0.000035
0.000061
0.000063
0.000073
0.000145
0.000206
0.000128
-0.000058
-0.000196
-0.000257
-0.000333
-0.000417
-0.000394
-0.000261
-0.000161
-0.000157
-0.000159
-0.000111
-0.000060
-0.000029
0.000008
0.000061
0.000112
0.000159
0.000215
0.000254
0.000235
0.000186
0.000179
0.000221
0.000230
0.000131
-0.000031
-0.000127
-0.000130
-0.000142
-0.000189
-0.000195
-0.000150
-0.000082
-0.000008
0.000016
-0.000030
-0.000060
0.000008
0.000156
0.000284
0.000265
0.000082
-0.000078
-0.000043
0.000096
0.000123
0.000006
-0.000121
-0.000152
-0.000102
-0.000083
-0.000156
-0.000245
-0.000222
-0.000043
0.000171
0.000251
0.000178
0.000059
-0.000002
0.000008
0.000013
-0.000005
0.000011
0.000039
-0.000000
-0.000073
-0.000095
-0.000065
0.000005
0.000095
0.000110
-0.000005
-0.000149
-0.000165
-0.000038
0.000078
0.000071
-0.000019
-0.000094
-0.000073
0.000063
0.000204
0.000222
0.000143
0.000051
-0.000065
-0.000201
-0.000251
-0.000192
-0.000138
-0.000144
-0.000156
-0.000146
-0.000104
0.000047
0.000307
0.000488
0.000432
0.000224
0.000064
0.000049
0.000092
0.000040
-0.000099
-0.000160
-0.000101
-0.000072
-0.000138
-0.000155
-0.000040
0.000024
-0.000152
-0.000406
-0.000443
-0.000277
-0.000119
0.000000
0.000169
0.000324
0.000304
0.000159
0.000115
0.000205
0.000221
0.000117
0.000104
0.000254
0.000373
0.000320
0.000199
0.000171
0.000202
0.000136
-0.000036
-0.000182
-0.000255
-0.000292
-0.000319
-0.000350
-0.000404
-0.000456
-0.000434
-0.000298
-0.000130
-0.000051
-0.000050
0.000001
0.000129
0.000202
0.000150
0.000079
0.000056
0.000018
-0.000015
0.000053
0.000152
0.000133
0.000057
0.000081
0.000180
0.000214
0.000141
0.000018
-0.000094
-0.000141
-0.000087
-0.000004
-0.000031
-0.000160
-0.000206
-0.000102
0.000007
0.000036
0.000035
0.000048
0.000080
0.000135
0.000195
0.000226
0.000200
0.000102
-0.000042
-0.000160
-0.000198
-0.000152
-0.000076
-0.000021
0.000012
0.000013
-0.000027
-0.000064
-0.000040
0.000032
0.000083
0.000075
0.000063
0.000081
0.000068
-0.000007
-0.000064
-0.000074
-0.000132
-0.000249
-0.000263
-0.000122
0.000002
-0.000002
-0.000064
-0.000079
0.000003
0.000147
0.000251
0.000259
0.000191
0.000103
0.000075
0.000107
0.000077
-0.000050
-0.000119
-0.000056
0.000002
-0.000042
-0.000121
-0.000145
-0.000106
-0.000071
-0.000097
-0.000147
-0.000122
-0.000001
0.000103
0.000109
0.000106
0.000167
0.000190
0.000093
-0.000004
0.000033
0.000118
0.000082
-0.000061
-0.000157
-0.000152
-0.000120
-0.000088
-0.000006
0.000079
0.000064
-0.000003
0.000013
0.000132
0.000224
0.000178
0.000063
0.000010
-0.000003
-0.000056
-0.000125
-0.000166
-0.000194
-0.000196
-0.000145
-0.000077
-0.000031
0.000013
0.000079
0.000135
0.000136
0.000099
0.000061
0.000018
0.000006
0.000081
0.000172
0.000186
0.000136
0.000073
0.000020
-0.000034
-0.000099
-0.000150
-0.000142
-0.000098
-0.000138
-0.000308
-0.000450
-0.000399
-0.000220
-0.000118
-0.000160
-0.000185
-0.000058
0.000120
0.000199
0.000206
0.000251
0.000340
0.000385
0.000330
0.000212
0.000125
0.000095
0.000070
0.000033
0.000018
0.000018
-0.000018
-0.000086
-0.000138
-0.000143
-0.000106
-0.000031
0.000076
0.000173
0.000197
0.000147
0.000080
0.000023
-0.000051
-0.000145
-0.000212
-0.000209
-0.000147
-0.000076
-0.000025
0.000015
0.000051
0.000041
-0.000035
-0.000112
-0.000123
-0.000081
-0.000047
-0.000061
-0.000097
-0.000112
-0.000089
-0.000044
-0.000009
0.000018
0.000056
0.000091
0.000100
0.000100
0.000128
0.000173
0.000193
0.000199
0.000236
0.000261
0.000176
0.000005
-0.000096
-0.000067
-0.000022
-0.000060
-0.000125
-0.000117
-0.000064
-0.000083
-0.000177
-0.000193
-0.000102
-0.000065
-0.000149
-0.000229
-0.000195
-0.000077
0.000025
0.000062
0.000086
0.000155
0.000233
0.000251
0.000223
0.000197
0.000160
0.000081
0.000003
-0.000021
-0.000031
-0.000051
-0.000033
-0.000013
-0.000075
-0.000153
-0.000131
-0.000056
-0.000058
-0.000102
-0.000052
0.000069
0.000108
0.000036
-0.000044
-0.000031
0.000055
0.000058
-0.000078
-0.000177
-0.000116
-0.000012
0.000013
-0.000005
-0.000017
-0.000027
-0.000015
0.000048
0.000121
0.000104
-0.000029
-0.000119
-0.000029
0.000131
0.000161
0.000050
-0.000035
-0.000014
0.000016
0.000004
0.000019
0.000079
0.000122
0.000086
-0.000009
-0.000039
0.000036
0.000084
0.000004
-0.000160
-0.000288
-0.000345
-0.000398
-0.000428
-0.000335
-0.000124
0.000070
0.000148
0.000179
0.000273
0.000383
0.000396
0.000325
0.000294
0.000355
0.000431
0.000431
0.000348
0.000226
0.000096
-0.000034
-0.000144
-0.000216
-0.000276
-0.000370
-0.000479
-0.000514
-0.000415
-0.000257
-0.000174
-0.000160
-0.000111
-0.000032
0.000005
-0.000003
-0.000032
-0.000058
-0.000046
0.000023
0.000128
0.000183
0.000125
0.000028
0.000014
0.000098
0.000174
0.000139
0.000018
-0.000068
-0.000084
-0.000098
-0.000124
-0.000102
0.000019
0.000166
0.000172
0.000037
-0.000013
0.000095
0.000193
0.000196
0.000181
0.000162
0.000087
-0.000024
-0.000088
-0.000078
-0.000058
-0.000082
-0.000117
-0.000124
-0.000120
-0.000118
-0.000107
-0.000076
-0.000026
0.000000
-0.000036
-0.000087
-0.000063
0.000040
0.000110
0.000077
0.000027
0.000038
0.000023
-0.000066
-0.000064
0.000119
0.000266
0.000192
0.000043
0.000003
0.000012
-0.000039
-0.000111
-0.000122
-0.000081
-0.000058
-0.000066
-0.000057
-0.000026
-0.000021
-0.000044
-0.000044
-0.000010
0.000027
0.000071
0.000122
0.000121
0.000043
-0.000045
-0.000081
-0.000067
-0.000047
-0.000057
-0.000074
-0.000063
-0.000027
0.000025
0.000072
0.000077
0.000077
0.000116
0.000134
0.000086
0.000050
0.000084
0.000111
0.000053
-0.000029
-0.000065
-0.000101
-0.000180
-0.000239
-0.000196
-0.000086
-0.000012
0.000018
0.000085
0.000174
0.000198
0.000143
0.000052
-0.000023
-0.000032
-0.000007
-0.000034
-0.000110
-0.000152
-0.000149
-0.000145
-0.000128
-0.000052
0.000056
0.000094
0.000045
0.000063
0.000200
0.000245
0.000130
0.000134
0.000342
0.000419
0.000196
-0.000044
-0.000065
-0.000023
-0.000101
-0.000213
-0.000262
-0.000312
-0.000395
-0.000431
-0.000379
-0.000298
-0.000264
-0.000255
-0.000206
-0.000125
-0.000041
0.000072
0.000195
0.000263
0.000319
0.000408
0.000435
0.000357
0.000284
0.000237
0.000126
-0.000022
-0.000073
0.000004
0.000097
0.000122
0.000107
0.000069
-0.000021
-0.000127
-0.000185
-0.000190
-0.000161
-0.000104
-0.000022
0.000051
0.000043
-0.000058
-0.000142
-0.000132
-0.000070
-0.000015
0.000022
0.000071
0.000143
0.000162
0.000051
-0.000105
-0.000155
-0.000102
-0.000054
-0.000045
-0.000045
-0.000042
-0.000028
0.000022
0.000091
0.000094
-0.000012
-0.000132
-0.000138
-0.000046
0.000023
0.000023
0.000032
0.000096
0.000155
0.000136
0.000089
0.000089
0.000092
0.000044
-0.000002
-0.000002
0.000024
0.000075
0.000131
0.000101
-0.000024
-0.000111
-0.000091
-0.000065
-0.000127
-0.000215
-0.000218
-0.000157
-0.000131
-0.000135
-0.000069
0.000065
0.000169
0.000199
0.000183
0.000153
0.000136
0.000129
0.000093
0.000022
-0.000022
-0.000018
-0.000001
-0.000013
-0.000081
-0.000173
-0.000199
-0.000113
0.000004
0.000054
0.000040
0.000022
0.000015
-0.000002
-0.000027
-0.000043
-0.000039
-0.000003
0.000051
0.000077
0.000057
0.000027
0.000007
-0.000034
-0.000085
-0.000119
-0.000174
-0.000233
-0.000165
0.000034
0.000163
0.000113
0.000022
0.000027
0.000074
0.000083
0.000071
0.000077
0.000106
0.000139
0.000148
0.000124
0.000076
0.000014
-0.000029
-0.000039
-0.000058
-0.000102
-0.000076
0.000033
0.000021
-0.000209
-0.000429
-0.000428
-0.000277
-0.000134
-0.000044
0.000010
0.000065
0.000161
0.000251
0.000259
0.000243
0.000277
0.000307
0.000285
0.000256
0.000258
0.000276
0.000238
0.000119
-0.000023
-0.000121
-0.000141
-0.000098
-0.000068
-0.000139
-0.000310
-0.000435
-0.000403
-0.000315
-0.000292
-0.000268
-0.000169
-0.000051
0.000017
0.000024
0.000018
0.000061
0.000140
0.000165
0.000087
-0.000003
0.000027
0.000136
0.000159
0.000085
0.000062
0.000122
0.000128
0.000015
-0.000124
-0.000163
-0.000094
-0.000016
0.000030
0.000097
0.000172
0.000154
-0.000001
-0.000207
-0.000289
-0.000156
0.000036
0.000091
0.000069
0.000124
0.000218
0.000196
0.000034
-0.000131
-0.000162
-0.000043
0.000096
0.000116
0.000053
0.000033
0.000051
0.000021
-0.000028
-0.000026
-0.000014
-0.000049
-0.000114
-0.000181
-0.000226
-0.000211
-0.000142
-0.000072
-0.000024
0.000045
0.000161
0.000247
0.000199
0.000060
-0.000024
-0.000017
-0.000023
-0.000095
-0.000156
-0.000112
0.000020
0.000138
0.000174
0.000146
0.000117
0.000101
0.000052
-0.000013
-0.000022
-0.000028
-0.000143
-0.000303
-0.000340
-0.000232
-0.000096
-0.000037
-0.000039
0.000015
0.000144
0.000226
0.000205
0.000159
0.000152
0.000175
0.000175
0.000110
0.000031
0.000026
0.000066
0.000029
-0.000082
-0.000132
-0.000073
0.000001
0.000004
-0.000061
-0.000097
-0.000022
0.000079
0.000084
0.000021
-0.000055
-0.000175
-0.000280
-0.000227
-0.000055
0.000031
-0.000022
-0.000067
0.000000
0.000097
0.000111
0.000059
0.000023
0.000017
