3360
-0.000132
0.000059
0.000222
0.000257
0.000197
0.000137
0.000121
0.000111
0.000074
0.000030
0.000016
0.000047
0.000072
0.000032
-0.000028
-0.000037
-0.000022
-0.000023
-0.000045
-0.000081
-0.000109
-0.000118
-0.000153
-0.000213
-0.000199
-0.000088
0.000003
0.000016
0.000034
0.000124
0.000212
0.000194
0.000086
-0.000024
-0.000071
-0.000028
0.000075
0.000123
0.000067
0.000014
0.000041
0.000057
-0.000043
-0.000191
-0.000241
-0.000181
-0.000108
-0.000063
-0.000024
0.000019
0.000061
0.000094
0.000089
0.000042
-0.000018
-0.000058
-0.000034
0.000038
0.000091
0.000119
0.000140
0.000118
0.000063
0.000052
0.000081
0.000055
-0.000064
-0.000186
-0.000211
-0.000131
-0.000017
0.000063
0.000098
0.000072
-0.000044
-0.000169
-0.000165
-0.000060
-0.000023
-0.000068
-0.000034
0.000099
0.000161
0.000093
0.000014
0.000010
0.000037
0.000040
0.000054
0.000141
0.000238
0.000207
0.000052
-0.000043
-0.000020
-0.000035
-0.000147
-0.000194
-0.000095
0.000001
-0.000064
-0.000224
-0.000290
-0.000188
-0.000033
0.000033
0.000003
-0.000021
0.000010
0.000046
0.000064
0.000155
0.000333
0.000415
0.000323
0.000227
0.000217
0.000194
0.000108
0.000008
-0.000073
-0.000187
-0.000375
-0.000552
-0.000579
-0.000454
-0.000324
-0.000296
-0.000285
-0.000169
0.000003
0.000113
0.000173
0.000220
0.000220
0.000203
0.000273
0.000409
0.000436
0.000247
-0.000019
-0.000114
-0.000007
0.000077
0.000017
-0.000051
-0.000026
0.000022
0.000028
0.000023
0.000031
0.000029
0.000002
-0.000029
-0.000031
-0.000001
0.000041
0.000055
-0.000001
-0.000102
-0.000152
-0.000111
-0.000056
-0.000066
-0.000118
-0.000142
-0.000104
-0.000029
0.000003
-0.000039
-0.000074
-0.000035
0.000044
0.000108
0.000119
0.000073
0.000038
0.000065
0.000095
0.000072
0.000038
0.000017
-0.000022
-0.000083
-0.000121
-0.000083
0.000031
0.000121
0.000084
-0.000010
0.000000
0.000093
0.000093
-0.000017
-0.000084
-0.000043
0.000030
0.000064
0.000044
-0.000008
-0.000039
-0.000024
-0.000005
-0.000027
-0.000071
-0.000072
-0.000028
0.000012
0.000007
-0.000021
-0.000016
0.000014
0.000038
0.000036
-0.000019
-0.000078
-0.000053
0.000032
0.000080
0.000093
0.000124
0.000142
0.000090
0.000014
-0.000023
-0.000059
-0.000138
-0.000202
-0.000181
-0.000103
-0.000035
-0.000016
-0.000045
-0.000069
-0.000023
0.000064
0.000082
0.000002
-0.000073
-0.000060
-0.000008
-0.000010
-0.000042
-0.000006
0.000109
0.000255
0.000360
0.000312
0.000120
-0.000027
-0.000035
-0.000030
-0.000113
-0.000210
-0.000215
-0.000167
-0.000157
-0.000157
-0.000087
0.000034
0.000105
0.000090
0.000060
0.000065
0.000076
0.000093
0.000157
0.000249
0.000227
-0.000024
-0.000330
-0.000373
-0.000165
-0.000040
-0.000139
-0.000234
-0.000123
0.000091
0.000218
0.000235
0.000211
0.000185
0.000164
0.000143
0.000124
0.000122
0.000128
0.000099
0.000012
-0.000082
-0.000103
-0.000060
-0.000012
0.000050
0.000107
0.000035
-0.000160
-0.000305
-0.000324
-0.000290
-0.000285
-0.000285
-0.000200
-0.000042
0.000069
0.000110
0.000150
0.000179
0.000161
0.000142
0.000151
0.000135
0.000037
-0.000094
-0.000146
-0.000098
-0.000016
0.000051
0.000073
0.000044
0.000013
0.000004
-0.000016
-0.000074
-0.000129
-0.000121
-0.000039
0.000073
0.000147
0.000161
0.000165
0.000171
0.000121
0.000024
-0.000026
-0.000004
0.000021
0.000018
0.000005
-0.000010
-0.000038
-0.000083
-0.000118
-0.000133
-0.000162
-0.000199
-0.000165
-0.000039
0.000072
0.000073
0.000036
0.000046
0.000050
0.000010
0.000018
0.000110
0.000172
0.000119
-0.000001
-0.000065
-0.000025
0.000034
0.000004
-0.000075
-0.000062
0.000043
0.000084
0.000001
-0.000090
-0.000082
-0.000022
-0.000029
-0.000104
-0.000130
-0.000075
-0.000031
-0.000037
-0.000052
-0.000033
0.000062
0.000221
0.000298
0.000199
0.000054
0.000025
0.000030
-0.000065
-0.000159
-0.000132
-0.000087
-0.000098
-0.000069
0.000021
0.000034
-0.000046
-0.000064
0.000034
0.000140
0.000184
0.000165
0.000089
0.000007
-0.000025
-0.000013
0.000008
-0.000000
-0.000081
-0.000175
-0.000159
-0.000038
0.000073
0.000142
0.000183
0.000150
0.000022
-0.000123
-0.000190
-0.000169
-0.000127
-0.000128
-0.000137
-0.000090
-0.000003
0.000091
0.000167
0.000167
0.000120
0.000139
0.000207
0.000214
0.000154
0.000110
0.000098
0.000068
0.000017
-0.000033
-0.000101
-0.000184
-0.000209
-0.000172
-0.000199
-0.000347
-0.000470
-0.000405
-0.000201
-0.000024
0.000042
0.000023
0.000004
0.000048
0.000127
0.000165
0.000174
0.000211
0.000252
0.000245
0.000226
0.000226
0.000211
0.000145
0.000029
-0.000053
-0.000022
0.000029
-0.000019
-0.000114
-0.000153
-0.000133
-0.000117
-0.000173
-0.000260
-0.000229
-0.000053
0.000099
0.000118
0.000090
0.000119
0.000167
0.000139
0.000068
0.000042
0.000050
0.000034
0.000009
0.000017
0.000042
0.000033
-0.000013
-0.000063
-0.000100
-0.000125
-0.000144
-0.000158
-0.000146
-0.000099
-0.000057
-0.000057
-0.000083
-0.000071
-0.000008
0.000020
-0.000040
-0.000089
-0.000001
0.000189
0.000329
0.000312
0.000177
0.000062
0.000028
0.000039
0.000072
0.000100
0.000103
0.000095
0.000070
-0.000002
-0.000097
-0.000150
-0.000136
-0.000122
-0.000179
-0.000252
-0.000229
-0.000121
-0.000049
-0.000066
-0.000086
-0.000015
0.000112
0.000194
0.000199
0.000157
0.000111
0.000074
-0.000028
-0.000696
-0.001983
-0.001698
0.001254
0.003214
0.001765
-0.000160
-0.000298
0.000201
0.000443
0.000572
0.000440
0.000134
-0.000060
-0.000394
-0.000940
-0.001255
-0.001174
-0.000869
-0.000441
-0.000039
-0.000009
-0.000321
-0.000362
-0.000016
0.000196
0.000186
0.000220
0.000295
0.000235
0.000140
0.000327
0.000580
0.000439
0.000167
0.000203
0.000443
0.000570
0.000437
0.000174
-0.000086
-0.000312
-0.000298
-0.000016
0.000060
-0.000341
-0.000680
-0.000462
-0.000175
-0.000215
-0.000169
-0.000020
-0.000111
-0.000234
-0.000128
-0.000002
-0.000068
-0.000182
-0.000036
0.000298
0.000440
0.000360
0.000240
0.000135
0.000166
0.000361
0.000420
0.000129
-0.000114
0.000074
0.000255
0.000060
-0.000134
-0.000108
-0.000080
-0.000118
-0.000130
-0.000155
-0.000278
-0.000379
-0.000249
-0.000072
-0.000098
-0.000092
0.000018
-0.000070
-0.000228
-0.000107
0.000124
0.000112
-0.000007
0.000074
0.000184
0.000060
-0.000049
0.000060
0.000100
-0.000035
-0.000038
0.000109
0.000102
-0.000028
-0.000004
0.000112
0.000063
-0.000081
-0.000052
0.000105
0.000130
0.000045
0.000022
-0.000015
-0.000115
-0.000096
0.000022
0.000009
-0.000114
-0.000152
-0.000134
-0.000174
-0.000174
-0.000020
0.000218
0.000454
0.000589
0.000533
0.000350
0.000176
0.000081
-0.000049
-0.000438
-0.000974
-0.001113
-0.000613
0.000036
0.000414
0.000704
0.000890
0.000477
-0.000349
-0.000597
-0.000176
-0.000120
-0.000595
-0.000654
-0.000157
0.000163
0.000325
0.000720
0.000806
0.000273
-0.000085
-0.000038
-0.000155
-0.000334
-0.000140
0.000188
0.000371
0.000630
0.000814
0.000419
-0.000328
-0.000752
-0.000746
-0.000657
-0.000578
-0.000482
-0.000587
-0.000735
-0.000327
0.000455
0.000755
0.000473
0.000237
0.000225
0.000220
0.000313
0.000392
-0.000017
-0.000487
-0.000072
0.000835
0.001086
0.000692
0.000366
0.000085
-0.000328
-0.000424
-0.000170
-0.000224
-0.000603
-0.000660
-0.000338
-0.000162
-0.000317
-0.000570
-0.000656
-0.000469
-0.000237
-0.000176
-0.000190
-0.000154
0.000075
0.000566
0.000958
0.000950
0.000864
0.000877
0.000663
0.000347
0.000297
0.000160
-0.000315
-0.000533
-0.000221
-0.000003
-0.000232
-0.000507
-0.000614
-0.000761
-0.000904
-0.000885
-0.000836
-0.000846
-0.000798
-0.000630
-0.000282
0.000354
0.001097
0.001535
0.001650
0.001791
0.001977
0.001906
0.001544
0.001118
0.000720
0.000274
-0.000253
-0.000850
-0.001502
-0.002053
-0.002312
-0.002313
-0.002167
-0.001833
-0.001277
-0.000607
0.000042
0.000580
0.000936
0.001104
0.001124
0.001043
0.000949
0.000929
0.000922
0.000807
0.000599
0.000404
0.000268
0.000160
-0.000008
-0.000265
-0.000483
-0.000534
-0.000473
-0.000421
-0.000406
-0.000387
-0.000281
-0.000091
-0.000015
-0.000115
-0.000140
-0.000044
-0.000073
-0.000187
-0.000187
-0.000245
-0.000474
-0.000474
-0.000056
0.000404
0.000657
0.000780
0.000821
0.000841
0.000977
0.001160
0.001135
0.000827
0.000371
-0.000075
-0.000424
-0.000744
-0.001085
-0.001257
-0.001141
-0.001100
-0.002106
-0.005105
-0.009383
-0.012173
-0.011046
-0.006162
0.000408
0.006725
0.011919
0.015971
0.018719
0.019076
0.016104
0.010543
0.004474
-0.000219
-0.002864
-0.004217
-0.005841
-0.008423
-0.010915
-0.012161
-0.012408
-0.012498
-0.012602
-0.012201
-0.010543
-0.007082
-0.002329
0.002085
0.005104
0.007215
0.009229
0.011010
0.011823
0.011321
0.009868
0.008310
0.007438
0.007155
0.006329
0.003985
0.000504
-0.002905
-0.005584
-0.007692
-0.009533
-0.011059
-0.011785
-0.011097
-0.008908
-0.005996
-0.003400
-0.001485
0.000235
0.002362
0.004753
0.006598
0.007378
0.007410
0.007296
0.007160
0.006659
0.005434
0.003449
0.001136
-0.000871
-0.002301
-0.003399
-0.004752
-0.006849
-0.008788
-0.008226
-0.004781
-0.001457
-0.000205
0.000395
0.001370
0.001958
0.002472
0.003533
0.003846
0.003060
0.003221
0.004535
0.004559
0.002723
0.000723
-0.000990
-0.002648
-0.003315
-0.002912
-0.002901
-0.003345
-0.002818
-0.001450
-0.000681
-0.000678
-0.000653
-0.000406
0.000033
0.000766
0.001366
0.001183
0.000440
0.000028
0.000302
0.000759
0.000783
0.000370
0.000106
0.000480
0.001304
0.001914
0.001816
0.001077
0.000410
0.000523
0.001062
0.000925
-0.000106
-0.001184
-0.001816
-0.002053
-0.001749
-0.001078
-0.001102
-0.003166
-0.008104
-0.015050
-0.019992
-0.017529
-0.007015
0.005456
0.014613
0.021329
0.027003
0.028924
0.025444
0.019059
0.011213
0.001735
-0.006155
-0.008954
-0.009324
-0.011753
-0.015064
-0.016238
-0.016662
-0.017966
-0.017892
-0.015201
-0.011998
-0.008557
-0.002606
0.004955
0.010481
0.013461
0.015730
0.016847
0.015454
0.012735
0.010422
0.008085
0.005526
0.004083
0.003480
0.001498
-0.002252
-0.005865
-0.008573
-0.011142
-0.013275
-0.013890
-0.012956
-0.010839
-0.007393
-0.003089
0.000677
0.003323
0.005424
0.007189
0.008284
0.008722
0.008748
0.008314
0.007353
0.006094
0.004610
0.002652
0.000136
-0.002603
-0.005020
-0.006731
-0.007676
-0.007958
-0.007603
-0.006534
-0.004930
-0.003500
-0.002828
-0.002209
-0.000104
0.003534
0.006869
0.008577
0.008801
0.007830
0.005934
0.003984
0.002482
0.000971
-0.000595
-0.001506
-0.001784
-0.002326
-0.003431
-0.004581
-0.005401
-0.005717
-0.005250
-0.003997
-0.002361
-0.000664
0.000889
0.001920
0.002182
0.001910
0.001563
0.001472
0.001689
0.002044
0.002421
0.002811
0.003026
0.002761
0.001980
0.000941
-0.000131
-0.001138
-0.001928
-0.002371
-0.002537
-0.002555
-0.002414
-0.002069
-0.001598
-0.001114
-0.000566
0.000110
0.000818
0.001530
0.002183
0.002455
0.002379
0.002490
0.002661
0.002066
0.000804
-0.000112
-0.000589
-0.002174
-0.007081
-0.015724
-0.024005
-0.024808
-0.014955
0.000437
0.013808
0.022991
0.029162
0.031352
0.028399
0.022306
0.014830
0.005347
-0.004542
-0.010690
-0.012660
-0.013824
-0.015215
-0.015573
-0.016075
-0.018288
-0.019636
-0.017120
-0.012186
-0.007242
-0.001562
0.005544
0.011804
0.015472
0.017407
0.017900
0.015933
0.012130
0.008379
0.005002
0.001730
-0.000085
0.000317
0.000784
-0.000999
-0.004527
-0.007994
-0.010540
-0.011753
-0.011303
-0.009795
-0.008095
-0.005914
-0.002487
0.001764
0.005393
0.007399
0.007781
0.007128
0.006249
0.005755
0.005646
0.005325
0.004164
0.002201
0.000141
-0.001482
-0.002827
-0.004222
-0.005624
-0.006747
-0.007145
-0.006374
-0.004547
-0.002523
-0.001271
-0.000891
-0.000396
0.001186
0.003657
0.005966
0.007326
0.007557
0.006692
0.004902
0.002671
0.000632
-0.000855
-0.001767
-0.002163
-0.002243
-0.002411
-0.002915
-0.003628
-0.004261
-0.004560
-0.004304
-0.003378
-0.001892
-0.000175
0.001351
0.002377
0.002787
0.002554
0.001832
0.001122
0.000964
0.001399
0.001984
0.002301
0.002229
0.001853
0.001284
0.000504
-0.000606
-0.001969
-0.003056
-0.003226
-0.002427
-0.001247
-0.000270
0.000250
0.000302
0.000178
0.000314
0.000778
0.001167
0.001202
0.001138
0.001367
0.001769
0.001767
0.001112
0.000241
-0.000398
-0.001415
-0.005007
-0.012895
-0.022063
-0.024966
-0.017095
-0.002385
0.011769
0.022060
0.028507
0.030500
0.028055
0.023194
0.016623
0.007061
-0.003899
-0.011484
-0.014096
-0.014569
-0.014826
-0.014728
-0.015218
-0.017160
-0.018260
-0.015945
-0.011293
-0.006426
-0.001094
0.005098
0.010509
0.013981
0.016261
0.017379
0.015999
0.012076
0.007247
0.002847
-0.000252
-0.001105
-0.000182
0.000142
-0.001681
-0.004643
-0.006958
-0.007961
-0.008058
-0.007957
-0.008026
-0.007752
-0.006060
-0.002586
0.001653
0.004944
0.006218
0.005903
0.005346
0.005305
0.005433
0.005173
0.004418
0.003241
0.001814
0.000584
-0.000300
-0.001404
-0.003095
-0.004845
-0.006081
-0.006792
-0.006759
-0.005486
-0.003401
-0.001576
0.000005
0.002098
0.004235
0.005276
0.005257
0.004708
0.003569
0.002234
0.001693
0.001929
0.002044
0.001802
0.001414
0.000635
-0.000708
-0.002215
-0.003504
-0.004552
-0.005265
-0.005288
-0.004418
-0.002983
-0.001560
-0.000476
0.000243
0.000665
0.000992
0.001543
0.002366
0.003134
0.003621
0.003909
0.003940
0.003453
0.002464
0.001197
-0.000305
-0.001853
-0.002903
-0.003195
-0.003020
-0.002653
-0.002114
-0.001497
-0.000904
-0.000227
0.000515
0.001071
0.001408
0.001647
0.001757
0.001739
0.001666
0.001431
0.000961
0.000605
0.000700
0.000514
-0.001960
-0.007960
-0.015536
-0.020526
-0.019405
-0.010957
0.002256
0.014638
0.022436
0.026124
0.026811
0.023957
0.017769
0.009933
0.001385
-0.007151
-0.013323
-0.015108
-0.013695
-0.011983
-0.011280
-0.011494
-0.012403
-0.012704
-0.010651
-0.006664
-0.002684
0.000779
0.004594
0.008651
0.011950
0.014058
0.014399
0.011867
0.006810
0.001650
-0.001480
-0.002419
-0.002052
-0.001306
-0.001055
-0.001476
-0.001914
-0.002092
-0.002560
-0.003654
-0.004884
-0.005544
-0.005118
-0.003310
-0.000542
0.002083
0.003743
0.004309
0.003995
0.003144
0.002178
0.001309
0.000494
-0.000182
-0.000499
-0.000410
-0.000056
0.000297
0.000264
-0.000379
-0.001385
-0.002232
-0.002566
-0.002417
-0.002188
-0.002183
-0.001762
0.000060
0.002701
0.004374
0.004573
0.004077
0.003082
0.001516
-0.000040
-0.001224
-0.002034
-0.001972
-0.000796
0.000619
0.001328
0.001182
0.000367
-0.000911
-0.002308
-0.003402
-0.003836
-0.003474
-0.002533
-0.001313
0.000050
0.001267
0.001835
0.001719
0.001468
0.001416
0.001505
0.001755
0.002102
0.002181
0.001866
0.001404
0.000774
-0.000297
-0.001618
-0.002607
-0.002976
-0.002765
-0.002047
-0.001049
-0.000095
0.000743
0.001461
0.001794
0.001631
0.001310
0.001074
0.000812
0.000489
0.000213
-0.000032
-0.000193
-0.000055
0.000248
-0.000039
-0.001942
-0.005937
-0.010834
-0.014174
-0.013966
-0.009197
-0.000283
0.009868
0.017589
0.021714
0.022942
0.021008
0.015359
0.007319
-0.000996
-0.008448
-0.014059
-0.016435
-0.015464
-0.012839
-0.009856
-0.006611
-0.003570
-0.001516
-0.000244
0.000860
0.001746
0.002436
0.003718
0.005848
0.007692
0.008186
0.007346
0.005341
0.002061
-0.001942
-0.005348
-0.007328
-0.007797
-0.006641
-0.003936
-0.000592
0.002208
0.004027
0.005023
0.005138
0.004149
0.002251
0.000089
-0.001562
-0.002115
-0.001507
-0.000253
0.000885
0.001350
0.001074
0.000387
-0.000446
-0.001451
-0.002582
-0.003454
-0.003630
-0.002947
-0.001587
-0.000016
0.001192
0.001709
0.001636
0.001170
0.000232
-0.001065
-0.001843
-0.001298
0.000178
0.001717
0.003038
0.003912
0.003839
0.002860
0.001552
0.000316
-0.000584
-0.000869
-0.000547
0.000112
0.000771
0.000992
0.000425
-0.000829
-0.002330
-0.003640
-0.004441
-0.004554
-0.003943
-0.002722
-0.001163
0.000372
0.001606
0.002476
0.002969
0.002974
0.002431
0.001562
0.000810
0.000458
0.000354
0.000197
-0.000035
-0.000186
-0.000232
-0.000235
-0.000199
-0.000116
-0.000025
0.000055
0.000208
0.000466
0.000625
0.000475
0.000146
-0.000083
-0.000165
-0.000228
-0.000338
-0.000506
-0.000714
-0.000880
-0.000941
-0.000848
-0.000566
-0.000381
-0.001032
-0.003034
-0.005747
-0.007783
-0.008368
-0.007102
-0.003096
0.003418
0.009918
0.014217
0.016412
0.016859
0.014783
0.010007
0.003884
-0.002198
-0.007647
-0.011784
-0.013692
-0.013256
-0.011114
-0.007831
-0.004127
-0.000991
0.001243
0.002839
0.003613
0.003284
0.002545
0.002391
0.002693
0.002704
0.002497
0.002477
0.002068
0.000535
-0.001539
-0.003079
-0.003953
-0.004417
-0.004163
-0.002862
-0.000836
0.001354
0.003386
0.004973
0.005689
0.005276
0.003889
0.001997
0.000142
-0.001312
-0.002249
-0.002599
-0.002255
-0.001351
-0.000406
0.000096
0.000122
-0.000177
-0.000830
-0.001815
-0.002780
-0.003345
-0.003365
-0.002765
-0.001524
0.000056
0.001350
0.001860
0.001683
0.001443
0.001533
0.001667
0.001487
0.001236
0.001334
0.001704
0.001966
0.001995
0.001944
0.001863
0.001533
0.000790
-0.000135
-0.000893
-0.001517
-0.002195
-0.002765
-0.002917
-0.002631
-0.002095
-0.001470
-0.000881
-0.000479
-0.000392
-0.000507
-0.000468
-0.000118
0.000296
0.000590
0.000891
0.001248
0.001454
0.001412
0.001228
0.000949
0.000594
0.000235
-0.000080
-0.000261
-0.000186
0.000069
0.000271
0.000381
0.000541
0.000727
0.000712
0.000450
0.000161
-0.000069
-0.000334
-0.000543
-0.000566
-0.000535
-0.000615
-0.000749
-0.000822
-0.000825
-0.000793
-0.000739
-0.000740
-0.001120
-0.002184
-0.003600
-0.004582
-0.004819
-0.004323
-0.002545
0.000956
0.005158
0.008405
0.010196
0.010985
0.010671
0.008555
0.004819
0.000787
-0.002683
-0.005835
-0.008556
-0.009743
-0.008825
-0.006668
-0.004302
-0.001862
0.000639
0.002583
0.003447
0.003403
0.002830
0.001870
0.000674
-0.000362
-0.000849
-0.000738
-0.000421
-0.000381
-0.000575
-0.000610
-0.000591
-0.000937
-0.001401
-0.001345
-0.000821
-0.000286
0.000387
0.001565
0.002892
0.003637
0.003678
0.003346
0.002695
0.001587
0.000215
-0.000930
-0.001573
-0.001806
-0.001792
-0.001558
-0.001058
-0.000451
-0.000218
-0.000635
-0.001369
-0.002008
-0.002544
-0.002955
-0.002926
-0.002371
-0.001608
-0.000771
0.000308
0.001544
0.002507
0.002970
0.003093
0.002998
0.002577
0.001841
0.001118
0.000726
0.000724
0.001027
0.001397
0.001417
0.000918
0.000174
-0.000529
-0.001172
-0.001809
-0.002424
-0.002877
-0.002895
-0.002436
-0.001870
-0.001456
-0.001000
-0.000297
0.000460
0.000979
0.001235
0.001332
0.001313
0.001149
0.000781
0.000304
-0.000017
-0.000069
0.000047
0.000225
0.000318
0.000152
-0.000126
-0.000117
0.000196
0.000408
0.000386
0.000361
0.000430
0.000537
0.000673
0.000758
0.000665
0.000441
0.000185
-0.000189
-0.000740
-0.001274
-0.001562
-0.001547
-0.001266
-0.000841
-0.000526
-0.000526
-0.000872
-0.001547
-0.002429
-0.003102
-0.003103
-0.002317
-0.000908
0.000916
0.002895
0.004757
0.006294
0.007161
0.006836
0.005228
0.003146
0.001405
-0.000325
-0.002597
-0.004702
-0.005526
-0.005141
-0.004233
-0.002859
-0.001026
0.000584
0.001516
0.002061
0.002304
0.001782
0.000469
-0.000888
-0.001711
-0.002083
-0.002238
-0.002209
-0.001908
-0.001257
-0.000367
0.000378
0.000738
0.000951
0.001258
0.001485
0.001489
0.001456
0.001471
0.001445
0.001550
0.001914
0.002112
0.001761
0.001178
0.000756
0.000304
-0.000438
-0.001197
-0.001617
-0.001808
-0.001982
-0.002045
-0.001930
-0.001811
-0.001749
-0.001595
-0.001374
-0.001330
-0.001497
-0.001517
-0.001016
-0.000033
0.000978
0.001615
0.001894
0.002078
0.002244
0.002236
0.001988
0.001626
0.001297
0.001090
0.001006
0.000883
0.000563
0.000154
-0.000127
-0.000289
-0.000488
-0.000714
-0.000859
-0.000953
-0.001096
-0.001302
-0.001489
-0.001573
-0.001552
-0.001429
-0.001121
-0.000622
-0.000084
0.000395
0.000811
0.001044
0.000963
0.000693
0.000511
0.000475
0.000397
0.000172
-0.000072
-0.000159
-0.000026
0.000286
0.000637
0.000865
0.000918
0.000853
0.000755
0.000678
0.000576
0.000349
0.000017
-0.000309
-0.000594
-0.000875
-0.001119
-0.001264
-0.001316
-0.001274
-0.001055
-0.000626
-0.000124
0.000204
0.000165
-0.000290
-0.001058
-0.001841
-0.002180
-0.001839
-0.001135
-0.000484
0.000242
0.001444
0.003072
0.004526
0.005132
0.004624
0.003366
0.002089
0.001166
0.000183
-0.001309
-0.002827
-0.003424
-0.002931
-0.002058
-0.001302
-0.000600
0.000027
0.000451
0.000710
0.000713
0.000221
-0.000566
-0.001026
-0.001073
-0.001208
-0.001497
-0.001546
-0.001259
-0.000805
-0.000254
0.000253
0.000484
0.000609
0.001072
0.001740
0.001994
0.001704
0.001312
0.001105
0.001073
0.001111
0.000967
0.000543
0.000214
0.000227
0.000243
-0.000018
-0.000322
-0.000481
-0.000664
-0.000937
-0.001173
-0.001414
-0.001702
-0.001818
-0.001677
-0.001555
-0.001588
-0.001527
-0.001161
-0.000533
0.000191
0.000750
0.000959
0.000950
0.001003
0.001199
0.001423
0.001552
0.001532
0.001435
0.001335
0.001154
0.000861
0.000599
0.000416
0.000256
0.000159
0.000122
-0.000052
-0.000437
-0.000757
-0.000865
-0.001002
-0.001271
-0.001423
-0.001353
-0.001209
-0.001021
-0.000714
-0.000359
-0.000076
0.000162
0.000405
0.000577
0.000595
0.000483
0.000278
0.000049
-0.000066
-0.000021
0.000072
0.000141
0.000262
0.000499
0.000768
0.000913
0.000886
0.000788
0.000731
0.000706
0.000626
0.000422
0.000073
-0.000346
-0.000684
-0.000891
-0.001096
-0.001366
-0.001494
-0.001251
-0.000773
-0.000361
-0.000076
0.000157
0.000290
0.000187
-0.000285
-0.001064
-0.001686
-0.001638
-0.001003
-0.000372
-0.000113
-0.000012
0.000454
0.001573
0.002856
0.003353
0.002890
0.002305
0.002117
0.001900
0.001243
0.000347
-0.000466
-0.000993
-0.001112
-0.001064
-0.001246
-0.001483
-0.001297
-0.000799
-0.000462
-0.000364
-0.000428
-0.000739
-0.001124
-0.001274
-0.001376
-0.001645
-0.001621
-0.000927
-0.000077
0.000360
0.000597
0.000988
0.001401
0.001698
0.001943
0.001967
0.001627
0.001244
0.001043
0.000752
0.000298
0.000048
0.000073
0.000051
-0.000077
-0.000155
-0.000234
-0.000386
-0.000528
-0.000689
-0.000957
-0.001228
-0.001460
-0.001776
-0.002009
-0.001716
-0.000912
-0.000200
0.000078
0.000175
0.000298
0.000344
0.000327
0.000380
0.000445
0.000469
0.000599
0.000818
0.000877
0.000801
0.000851
0.000997
0.001025
0.000950
0.000843
0.000681
0.000495
0.000282
-0.000060
-0.000471
-0.000728
-0.000806
-0.000867
-0.000907
-0.000831
-0.000716
-0.000633
-0.000514
-0.000355
-0.000234
-0.000146
-0.000057
-0.000025
-0.000065
-0.000099
-0.000093
-0.000021
0.000125
0.000211
0.000160
0.000165
0.000348
0.000497
0.000473
0.000461
0.000569
0.000661
0.000658
0.000580
0.000398
0.000165
0.000006
-0.000150
-0.000438
-0.000728
-0.000798
-0.000665
-0.000514
-0.000445
-0.000417
-0.000330
-0.000150
0.000044
0.000165
0.000179
0.000038
-0.000256
-0.000603
-0.000979
-0.001315
-0.001311
-0.000842
-0.000276
0.000056
0.000294
0.000630
0.000971
0.001276
0.001638
0.001943
0.001995
0.001870
0.001672
0.001231
0.000553
0.000008
-0.000326
-0.000747
-0.001191
-0.001262
-0.001034
-0.000930
-0.000942
-0.000826
-0.000661
-0.000547
-0.000370
-0.000191
-0.000188
-0.000209
-0.000073
-0.000009
-0.000168
-0.000248
-0.000078
0.000095
0.000114
0.000095
0.000100
0.000149
0.000353
0.000664
0.000792
0.000664
0.000511
0.000418
0.000287
0.000201
0.000281
0.000388
0.000373
0.000294
0.000190
0.000028
-0.000186
-0.000456
-0.000730
-0.000799
-0.000605
-0.000433
-0.000482
-0.000561
-0.000510
-0.000505
-0.000676
-0.000845
-0.000829
-0.000680
-0.000498
-0.000271
0.000010
0.000318
0.000633
0.000899
0.001032
0.001053
0.001076
0.001130
0.001080
0.000829
0.000480
0.000198
0.000037
-0.000075
-0.000216
-0.000333
-0.000352
-0.000340
-0.000332
-0.000234
-0.000061
0.000022
-0.000057
-0.000219
-0.000386
-0.000507
-0.000541
-0.000535
-0.000567
-0.000519
-0.000248
0.000072
0.000212
0.000258
0.000345
0.000383
0.000297
0.000210
0.000206
0.000201
0.000165
0.000187
0.000225
0.000164
0.000077
0.000115
0.000229
0.000268
0.000190
0.000082
0.000017
-0.000041
-0.000147
-0.000288
-0.000422
-0.000493
-0.000456
-0.000393
-0.000416
-0.000440
-0.000347
-0.000254
-0.000270
-0.000257
-0.000200
-0.000329
-0.000554
-0.000439
0.000027
0.000361
0.000452
0.000622
0.000852
0.000867
0.000751
0.000734
0.000779
0.000771
0.000691
0.000507
0.000257
0.000069
-0.000065
-0.000275
-0.000534
-0.000655
-0.000559
-0.000339
-0.000111
0.000044
0.000064
-0.000036
-0.000139
-0.000150
-0.000113
-0.000130
-0.000203
-0.000295
-0.000417
-0.000517
-0.000488
-0.000382
-0.000327
-0.000296
-0.000218
-0.000132
-0.000017
0.000215
0.000478
0.000600
0.000633
0.000718
0.000768
0.000660
0.000523
0.000463
0.000346
0.000107
-0.000142
-0.000363
-0.000600
-0.000724
-0.000531
-0.000139
0.000042
-0.000091
-0.000200
-0.000127
-0.000117
-0.000284
-0.000417
-0.000401
-0.000364
-0.000391
-0.000412
-0.000352
-0.000169
0.000094
0.000275
0.000346
0.000446
0.000568
0.000559
0.000406
0.000207
0.000041
-0.000022
0.000048
0.000147
0.000160
0.000109
0.000118
0.000245
0.000380
0.000392
0.000314
0.000240
0.000170
0.000052
-0.000133
-0.000319
-0.000406
-0.000377
-0.000333
-0.000368
-0.000448
-0.000466
-0.000387
-0.000291
-0.000246
-0.000196
-0.000050
0.000132
0.000193
0.000135
0.000117
0.000178
0.000212
0.000219
0.000283
0.000378
0.000408
0.000331
0.000178
0.000054
0.000030
0.000025
-0.000076
-0.000256
-0.000402
-0.000428
-0.000361
-0.000306
-0.000282
-0.000228
-0.000131
-0.000022
0.000088
0.000134
0.000060
-0.000031
-0.000012
0.000043
0.000023
-0.000053
-0.000143
-0.000211
-0.000170
-0.000034
0.000053
0.000066
0.000133
0.000281
0.000380
0.000348
0.000211
0.000051
0.000041
0.000279
0.000515
0.000472
0.000304
0.000288
0.000315
0.000176
-0.000024
-0.000165
-0.000321
-0.000425
-0.000331
-0.000213
-0.000287
-0.000364
-0.000222
-0.000041
-0.000015
-0.000057
-0.000126
-0.000248
-0.000260
-0.000091
-0.000009
-0.000156
-0.000242
-0.000068
0.000127
0.000159
0.000135
0.000131
0.000159
0.000266
0.000351
0.000264
0.000110
0.000055
0.000017
-0.000033
0.000092
0.000322
0.000322
0.000103
0.000003
0.000073
0.000099
0.000026
-0.000082
-0.000215
-0.000340
-0.000404
-0.000464
-0.000579
-0.000651
-0.000593
-0.000476
-0.000369
-0.000237
-0.000034
0.000255
0.000549
0.000669
0.000564
0.000422
0.000401
0.000390
0.000256
0.000097
0.000020
-0.000002
0.000020
0.000068
0.000055
0.000008
0.000047
0.000097
-0.000006
-0.000170
-0.000204
-0.000155
-0.000175
-0.000236
-0.000232
-0.000173
-0.000101
0.000024
0.000178
0.000249
0.000234
0.000207
0.000152
0.000053
-0.000036
-0.000089
-0.000166
-0.000309
-0.000439
-0.000412
-0.000232
-0.000068
-0.000006
0.000030
0.000084
0.000108
0.000098
0.000092
0.000086
0.000087
0.000086
0.000033
-0.000004
0.000146
0.000431
0.000572
0.000457
0.000219
0.000005
-0.000135
-0.000215
-0.000301
-0.000414
-0.000468
-0.000418
-0.000315
-0.000212
-0.000135
-0.000081
0.000018
0.000162
0.000215
0.000116
0.000009
0.000026
0.000081
0.000054
0.000027
0.000128
0.000258
0.000264
0.000191
0.000157
0.000173
0.000156
0.000040
-0.000115
-0.000159
-0.000065
0.000050
0.000093
0.000078
0.000040
0.000008
0.000031
0.000079
0.000043
-0.000066
-0.000137
-0.000195
-0.000309
-0.000374
-0.000284
-0.000154
-0.000126
-0.000145
-0.000079
0.000086
0.000256
0.000343
0.000299
0.000158
0.000058
0.000098
0.000219
0.000283
0.000220
0.000085
-0.000011
-0.000006
0.000057
0.000057
-0.000061
-0.000185
-0.000188
-0.000091
-0.000011
-0.000016
-0.000091
-0.000184
-0.000247
-0.000222
-0.000115
-0.000039
-0.000057
-0.000073
-0.000025
-0.000031
-0.000146
-0.000229
-0.000185
-0.000103
-0.000106
-0.000182
-0.000219
-0.000154
-0.000010
0.000172
0.000347
0.000454
0.000446
0.000343
0.000224
0.000155
0.000115
0.000036
-0.000050
-0.000046
0.000040
0.000108
0.000099
0.000022
-0.000058
-0.000081
-0.000054
-0.000061
-0.000154
-0.000250
-0.000225
-0.000100
-0.000013
-0.000034
-0.000110
-0.000138
-0.000053
0.000081
0.000120
0.000055
0.000029
0.000113
0.000219
0.000241
0.000180
0.000077
-0.000057
-0.000191
-0.000239
-0.000149
0.000026
0.000157
0.000166
0.000081
-0.000024
-0.000095
-0.000121
-0.000107
-0.000044
0.000046
0.000115
0.000146
0.000145
0.000116
0.000067
0.000024
0.000001
-0.000024
-0.000076
-0.000123
-0.000127
-0.000103
-0.000082
-0.000088
-0.000115
-0.000098
-0.000031
-0.000012
-0.000056
-0.000080
-0.000057
-0.000012
0.000032
0.000018
-0.000038
-0.000028
0.000027
0.000024
-0.000019
-0.000032
-0.000018
0.000016
0.000069
0.000100
0.000140
0.000249
0.000331
0.000230
0.000025
-0.000070
-0.000031
-0.000030
-0.000147
-0.000268
-0.000233
-0.000053
0.000088
0.000102
0.000106
0.000143
0.000114
0.000073
0.000150
0.000200
0.000070
-0.000012
0.000129
0.000218
0.000067
-0.000084
-0.000094
-0.000163
-0.000334
-0.000382
-0.000258
-0.000116
-0.000021
0.000042
0.000054
0.000016
-0.000035
-0.000075
-0.000091
-0.000100
-0.000111
-0.000061
0.000056
0.000100
0.000007
-0.000056
0.000055
0.000203
0.000186
0.000048
-0.000014
0.000033
0.000050
-0.000048
-0.000168
-0.000174
-0.000069
0.000020
0.000026
-0.000032
-0.000124
-0.000161
-0.000071
0.000060
0.000088
0.000023
0.000003
0.000081
0.000182
0.000217
0.000151
0.000029
-0.000035
-0.000016
0.000003
-0.000021
-0.000067
-0.000098
-0.000080
-0.000002
0.000081
0.000078
0.000002
-0.000002
0.000116
0.000215
0.000184
0.000084
0.000027
0.000016
-0.000001
-0.000035
-0.000089
-0.000159
-0.000217
-0.000254
-0.000248
-0.000174
-0.000085
-0.000026
0.000055
0.000170
0.000211
0.000135
0.000070
0.000117
0.000212
0.000262
0.000230
0.000093
-0.000111
-0.000260
-0.000299
-0.000282
-0.000191
0.000016
0.000193
0.000198
0.000181
0.000280
0.000330
0.000192
-0.000001
-0.000161
-0.000373
-0.000583
-0.000600
-0.000457
-0.000359
-0.000318
-0.000186
0.000051
0.000226
0.000252
0.000241
0.000292
0.000337
0.000282
0.000161
0.000049
-0.000042
-0.000127
-0.000191
-0.000177
-0.000064
0.000071
0.000178
0.000284
0.000323
0.000239
0.000216
0.000388
0.000516
0.000380
0.000133
-0.000023
-0.000135
-0.000262
-0.000338
-0.000346
-0.000343
-0.000339
-0.000308
-0.000238
-0.000119
0.000039
0.000172
0.000190
0.000071
-0.000078
-0.000127
-0.000095
-0.000120
-0.000194
-0.000164
-0.000040
0.000033
0.000035
0.000033
0.000043
0.000091
0.000183
0.000232
0.000182
0.000092
0.000025
-0.000004
0.000019
0.000074
0.000095
0.000055
-0.000020
-0.000081
-0.000087
-0.000063
-0.000100
-0.000191
-0.000207
-0.000123
-0.000057
-0.000053
-0.000039
0.000034
0.000092
0.000048
-0.000041
-0.000026
0.000071
0.000104
0.000045
-0.000031
-0.000080
-0.000077
-0.000021
0.000050
0.000119
0.000170
0.000161
0.000113
0.000104
0.000143
0.000173
0.000122
-0.000024
-0.000160
-0.000191
-0.000159
-0.000098
0.000033
0.000175
0.000163
0.000004
-0.000119
-0.000112
-0.000025
0.000056
0.000068
-0.000014
-0.000135
-0.000199
-0.000195
-0.000182
-0.000176
-0.000146
-0.000100
-0.000073
-0.000031
0.000082
0.000198
0.000235
0.000250
0.000304
0.000343
0.000301
0.000165
-0.000029
-0.000156
-0.000173
-0.000195
-0.000258
-0.000282
-0.000235
-0.000131
-0.000007
0.000058
0.000057
0.000089
0.000193
0.000262
0.000220
0.000130
0.000018
-0.000173
-0.000386
-0.000483
-0.000449
-0.000375
-0.000294
-0.000171
0.000001
0.000182
0.000346
0.000477
0.000543
0.000536
0.000505
0.000470
0.000376
0.000207
0.000055
-0.000006
-0.000023
-0.000097
-0.000240
-0.000345
-0.000346
-0.000296
-0.000262
-0.000240
-0.000184
-0.000080
0.000050
0.000126
0.000066
-0.000076
-0.000135
-0.000068
-0.000003
-0.000037
-0.000106
-0.000084
0.000055
0.000158
0.000076
-0.000084
-0.000114
-0.000036
-0.000016
-0.000040
0.000019
0.000117
0.000131
0.000100
0.000111
0.000126
0.000089
0.000007
-0.000109
-0.000218
-0.000239
-0.000165
-0.000056
0.000063
0.000189
0.000278
0.000261
0.000135
0.000011
0.000003
0.000065
0.000048
-0.000055
-0.000112
-0.000088
-0.000090
-0.000150
-0.000163
-0.000076
0.000038
0.000111
0.000147
0.000142
0.000069
-0.000037
-0.000112
-0.000161
-0.000217
-0.000248
-0.000207
-0.000092
0.000050
0.000122
0.000088
0.000055
0.000087
0.000118
0.000139
0.000193
0.000214
0.000129
-0.000025
-0.000148
-0.000151
-0.000046
0.000050
0.000071
0.000056
0.000038
0.000013
0.000012
0.000044
0.000048
-0.000019
-0.000108
-0.000133
-0.000075
-0.000017
-0.000015
-0.000043
-0.000063
-0.000058
-0.000036
-0.000009
0.000013
-0.000002
-0.000058
-0.000061
0.000063
0.000199
0.000203
0.000111
0.000026
-0.000029
-0.000044
-0.000034
-0.000070
-0.000152
-0.000183
-0.000119
-0.000024
0.000035
0.000064
0.000104
0.000169
0.000215
0.000179
0.000072
-0.000023
-0.000086
-0.000147
-0.000197
-0.000201
-0.000137
-0.000044
-0.000013
-0.000019
0.000020
0.000063
0.000060
0.000089
0.000162
0.000147
0.000031
-0.000007
0.000122
0.000272
0.000304
0.000220
0.000072
-0.000068
-0.000105
-0.000061
-0.000046
-0.000093
-0.000165
-0.000245
-0.000325
-0.000414
-0.000494
-0.000459
-0.000269
-0.000055
0.000056
0.000088
0.000141
0.000255
0.000367
0.000364
0.000214
0.000041
-0.000003
0.000045
0.000033
-0.000041
-0.000072
-0.000014
0.000098
0.000181
0.000161
0.000076
0.000070
0.000179
0.000269
0.000237
0.000107
-0.000036
-0.000130
-0.000173
-0.000190
-0.000181
-0.000160
-0.000152
-0.000157
-0.000154
-0.000151
-0.000172
-0.000174
-0.000084
0.000045
