4640
-0.000129
-0.000235
-0.000205
-0.000034
0.000098
0.000072
0.000015
0.000053
0.000119
0.000111
0.000023
-0.000081
-0.000112
-0.000053
0.000014
0.000021
-0.000025
-0.000076
-0.000114
-0.000141
-0.000141
-0.000123
-0.000100
-0.000027
0.000117
0.000230
0.000208
0.000107
0.000055
0.000059
0.000039
-0.000004
-0.000004
0.000031
-0.000015
-0.000135
-0.000138
-0.000012
0.000020
-0.000059
-0.000055
0.000006
-0.000044
-0.000149
-0.000129
0.000011
0.000150
0.000260
0.000331
0.000285
0.000130
-0.000012
-0.000090
-0.000130
-0.000132
-0.000102
-0.000057
-0.000013
0.000009
0.000028
0.000070
0.000063
-0.000044
-0.000154
-0.000189
-0.000153
-0.000047
0.000085
0.000129
0.000036
-0.000079
-0.000092
-0.000028
0.000032
0.000049
0.000006
-0.000067
-0.000084
-0.000010
0.000061
0.000067
0.000060
0.000062
0.000035
-0.000011
-0.000048
-0.000063
-0.000030
0.000025
0.000032
-0.000004
-0.000010
0.000024
0.000056
0.000080
0.000107
0.000102
0.000040
-0.000024
-0.000035
-0.000030
-0.000039
-0.000040
-0.000038
-0.000062
-0.000062
0.000006
0.000080
0.000080
0.000053
0.000062
0.000048
-0.000033
-0.000065
-0.000003
-0.000026
-0.000207
-0.000350
-0.000326
-0.000224
-0.000140
-0.000079
-0.000008
0.000097
0.000188
0.000224
0.000255
0.000312
0.000332
0.000294
0.000243
0.000187
0.000089
-0.000007
0.000023
0.000149
0.000160
0.000015
-0.000117
-0.000189
-0.000286
-0.000386
-0.000401
-0.000323
-0.000191
-0.000043
0.000054
0.000080
0.000088
0.000112
0.000121
0.000089
0.000033
-0.000019
-0.000073
-0.000115
-0.000094
-0.000017
0.000005
-0.000095
-0.000217
-0.000232
-0.000160
-0.000070
0.000045
0.000174
0.000246
0.000230
0.000167
0.000109
0.000088
0.000108
0.000147
0.000158
0.000097
0.000017
0.000005
0.000028
0.000015
-0.000024
-0.000066
-0.000126
-0.000166
-0.000150
-0.000130
-0.000117
-0.000056
0.000030
0.000055
0.000008
-0.000030
0.000010
0.000092
0.000120
0.000080
0.000038
0.000009
-0.000037
-0.000075
-0.000068
-0.000023
0.000034
0.000072
0.000058
0.000032
0.000051
0.000083
0.000050
-0.000062
-0.000194
-0.000255
-0.000217
-0.000142
-0.000077
-0.000000
0.000071
0.000072
0.000034
0.000043
0.000097
0.000122
0.000077
0.000012
-0.000016
-0.000032
-0.000076
-0.000094
-0.000016
0.000111
0.000157
0.000083
0.000024
0.000085
0.000148
0.000078
-0.000064
-0.000145
-0.000141
-0.000083
-0.000018
-0.000023
-0.000095
-0.000125
-0.000046
0.000099
0.000201
0.000186
0.000104
0.000043
0.000005
-0.000024
-0.000021
0.000004
-0.000005
-0.000055
-0.000085
-0.000038
0.000036
0.000041
-0.000015
-0.000075
-0.000123
-0.000134
-0.000083
0.000002
0.000078
0.000111
0.000086
0.000034
0.000009
0.000010
0.000004
-0.000020
-0.000048
-0.000054
-0.000044
-0.000028
0.000056
0.000229
0.000340
0.000246
0.000049
-0.000032
0.000010
-0.000002
-0.000103
-0.000176
-0.000202
-0.000251
-0.000319
-0.000310
-0.000158
0.000027
0.000065
-0.000041
-0.000124
-0.000085
0.000001
0.000024
-0.000014
-0.000020
0.000080
0.000231
0.000281
0.000202
0.000153
0.000204
0.000220
0.000110
-0.000012
-0.000003
0.000061
0.000014
-0.000105
-0.000126
-0.000063
-0.000055
-0.000088
-0.000071
-0.000031
-0.000014
-0.000006
0.000008
0.000024
0.000030
0.000005
-0.000038
-0.000025
0.000069
0.000143
0.000108
-0.000003
-0.000091
-0.000097
-0.000053
-0.000051
-0.000115
-0.000158
-0.000140
-0.000112
-0.000063
0.000052
0.000158
0.000156
0.000070
-0.000006
-0.000039
-0.000049
-0.000026
0.000053
0.000145
0.000192
0.000174
0.000076
-0.000043
-0.000057
0.000027
0.000076
0.000035
-0.000044
-0.000126
-0.000216
-0.000278
-0.000256
-0.000153
-0.000003
0.000168
0.000290
0.000268
0.000116
-0.000039
-0.000101
-0.000060
0.000026
0.000065
0.000049
0.000062
0.000084
0.000037
-0.000006
0.000012
-0.000009
-0.000105
-0.000180
-0.000191
-0.000140
-0.000024
0.000096
0.000123
0.000062
-0.000009
-0.000040
-0.000025
0.000011
0.000028
-0.000006
-0.000077
-0.000120
-0.000086
0.000009
0.000090
0.000112
0.000122
0.000172
0.000198
0.000104
-0.000069
-0.000175
-0.000161
-0.000103
-0.000063
-0.000017
0.000046
0.000076
0.000044
-0.000014
-0.000051
-0.000046
-0.000001
0.000047
0.000054
0.000032
0.000006
-0.000042
-0.000121
-0.000186
-0.000178
-0.000068
0.000075
0.000147
0.000135
0.000118
0.000179
0.000276
0.000198
-0.000118
-0.000382
-0.000366
-0.000247
-0.000233
-0.000227
-0.000102
0.000065
0.000171
0.000217
0.000254
0.000309
0.000356
0.000356
0.000312
0.000229
0.000087
-0.000076
-0.000164
-0.000153
-0.000101
-0.000047
-0.000007
0.000008
-0.000038
-0.000170
-0.000277
-0.000244
-0.000153
-0.000107
-0.000066
0.000009
0.000059
0.000043
0.000003
0.000000
0.000032
0.000043
0.000018
-0.000015
-0.000046
-0.000061
-0.000045
-0.000054
-0.000114
-0.000132
-0.000064
-0.000027
-0.000068
-0.000043
0.000120
0.000279
0.000283
0.000144
-0.000003
-0.000059
-0.000032
0.000046
0.000137
0.000178
0.000157
0.000104
0.000023
-0.000035
-0.000017
0.000012
-0.000033
-0.000134
-0.000197
-0.000167
-0.000114
-0.000092
-0.000053
-0.000003
-0.000025
-0.000117
-0.000164
-0.000060
0.000121
0.000205
0.000175
0.000138
0.000107
0.000035
-0.000056
-0.000093
-0.000053
0.000003
0.000005
-0.000032
-0.000058
-0.000058
-0.000032
0.000023
0.000085
0.000101
0.000042
-0.000039
-0.000044
0.000025
0.000053
-0.000011
-0.000071
-0.000049
0.000034
0.000102
0.000077
-0.000012
-0.000065
-0.000086
-0.000132
-0.000178
-0.000162
-0.000089
0.000019
0.000121
0.000140
0.000059
-0.000031
-0.000032
0.000034
0.000057
0.000023
0.000005
0.000032
0.000088
0.000151
0.000166
0.000092
-0.000012
-0.000063
-0.000057
-0.000025
0.000040
0.000106
0.000090
-0.000008
-0.000094
-0.000112
-0.000096
-0.000077
-0.000069
-0.000079
-0.000079
-0.000048
-0.000027
-0.000025
-0.000007
0.000020
0.000037
0.000033
0.000001
-0.000001
0.000081
0.000152
0.000114
0.000055
0.000076
0.000094
-0.000003
-0.000139
-0.000123
0.000061
0.000196
0.000159
0.000022
-0.000592
-0.001891
-0.001893
0.000831
0.002827
0.000790
-0.001891
-0.000704
0.002248
0.002726
0.001191
0.000024
-0.000295
-0.000259
-0.000389
-0.000813
-0.001070
-0.000903
-0.000740
-0.000873
-0.000932
-0.000787
-0.000831
-0.001253
-0.001558
-0.000764
0.000759
0.001369
0.001003
0.000744
0.000933
0.001516
0.002015
0.001821
0.001344
0.001427
0.001919
0.001779
0.000585
-0.000848
-0.001530
-0.001405
-0.001260
-0.001561
-0.002005
-0.002320
-0.002394
-0.002016
-0.001431
-0.001270
-0.001293
-0.000492
0.000921
0.001595
0.001396
0.001143
0.000978
0.001024
0.001614
0.002245
0.002186
0.001617
0.001008
0.000330
-0.000313
-0.000445
-0.000161
0.000073
0.000375
0.000780
0.000524
-0.000868
-0.002538
-0.003125
-0.002473
-0.001586
-0.001111
-0.000871
-0.000540
-0.000109
0.000288
0.000579
0.000510
0.000103
0.000090
0.000779
0.001369
0.001274
0.001034
0.001167
0.001297
0.001147
0.001006
0.000759
0.000102
-0.000479
-0.000469
-0.000249
-0.000272
-0.000430
-0.000582
-0.000726
-0.000766
-0.000764
-0.001032
-0.001459
-0.001352
-0.000551
0.000052
0.000043
0.000068
0.000194
0.000007
0.000077
0.000842
0.001159
0.000426
0.000035
0.000600
0.001036
0.000974
0.001036
0.001154
0.000470
-0.000808
-0.001172
-0.000497
-0.000170
-0.000318
-0.000176
0.000032
-0.000142
-0.000579
-0.001040
-0.001202
-0.000893
-0.000303
0.000251
0.000473
0.000447
0.000503
0.000613
0.000590
0.000358
0.000030
-0.000028
0.000203
0.000296
0.000157
0.000033
0.000056
0.000190
0.000262
0.000131
-0.000181
-0.000520
-0.000663
-0.000635
-0.000680
-0.000738
-0.000564
-0.000252
0.000004
0.000259
0.000439
0.000281
0.000010
0.000136
0.000538
0.000674
0.000491
0.000386
0.000454
0.000489
0.000470
0.000427
0.000231
-0.000064
-0.000177
-0.000126
-0.000314
-0.000818
-0.001100
-0.000914
-0.000704
-0.000675
-0.000587
-0.000460
-0.000442
-0.000404
-0.000245
-0.000059
0.000154
0.000529
0.001081
0.001665
0.002111
0.002271
0.002108
0.001750
0.001267
0.000614
-0.000097
-0.000655
-0.001071
-0.001472
-0.001823
-0.002052
-0.002189
-0.002179
-0.001923
-0.001549
-0.001217
-0.000800
-0.000191
0.000451
0.000981
0.001352
0.001486
0.001443
0.001441
0.001527
0.001504
0.001261
0.000882
0.000506
0.000236
0.000080
-0.000084
-0.000363
-0.000700
-0.000959
-0.001106
-0.001203
-0.001267
-0.001245
-0.001035
-0.000589
-0.000053
0.000349
0.000565
0.000628
0.000488
0.000219
0.000068
0.000098
0.000165
0.000294
0.000574
0.000773
0.000628
0.000347
0.000320
0.000554
0.000677
0.000247
-0.001095
-0.003118
-0.004657
-0.004974
-0.004926
-0.005525
-0.005889
-0.003757
0.001381
0.006876
0.010073
0.011320
0.012000
0.011725
0.009940
0.007326
0.003952
-0.000311
-0.003686
-0.004616
-0.004924
-0.007019
-0.009781
-0.010906
-0.010618
-0.010122
-0.009227
-0.007528
-0.005336
-0.002456
0.001335
0.004800
0.006579
0.007095
0.007518
0.008021
0.008182
0.007703
0.006227
0.003966
0.002193
0.001614
0.001231
0.000265
-0.000682
-0.001398
-0.002600
-0.004289
-0.005671
-0.006480
-0.006765
-0.006185
-0.004580
-0.002448
-0.000536
0.000718
0.001355
0.001617
0.001741
0.002024
0.002674
0.003499
0.004071
0.004165
0.003754
0.002826
0.001492
0.000132
-0.000837
-0.001319
-0.001502
-0.001632
-0.001880
-0.002248
-0.002639
-0.002943
-0.003001
-0.002696
-0.002034
-0.001053
0.000099
0.001052
0.001530
0.001667
0.001741
0.001827
0.001973
0.002313
0.002681
0.002687
0.002315
0.001576
-0.000350
-0.003818
-0.006973
-0.007801
-0.007100
-0.007056
-0.007464
-0.005386
0.000658
0.007876
0.012421
0.013977
0.014540
0.014218
0.011915
0.008139
0.003659
-0.001646
-0.006408
-0.008192
-0.007913
-0.009064
-0.011690
-0.012672
-0.011420
-0.009886
-0.008418
-0.006192
-0.003594
-0.000691
0.003421
0.007767
0.009858
0.009682
0.009516
0.009793
0.009036
0.007096
0.004962
0.002745
0.000348
-0.001530
-0.002718
-0.004122
-0.005812
-0.006400
-0.005174
-0.003432
-0.002678
-0.002611
-0.002204
-0.001587
-0.001295
-0.000897
-0.000090
0.000532
0.001111
0.002414
0.003545
0.002958
0.001520
0.001139
0.001450
0.001269
0.001128
0.001582
0.001736
0.001225
0.000792
0.000268
-0.001017
-0.002240
-0.002329
-0.002008
-0.002323
-0.002760
-0.002634
-0.002375
-0.002192
-0.001589
-0.000614
0.000331
0.001452
0.002873
0.003855
0.003806
0.003169
0.002547
0.001871
0.001047
0.000424
0.000116
-0.000254
-0.000846
-0.001807
-0.003822
-0.006712
-0.008622
-0.008352
-0.006961
-0.006111
-0.005395
-0.002152
0.004722
0.011995
0.015771
0.016627
0.017071
0.016153
0.011991
0.006028
0.000233
-0.005451
-0.010090
-0.011561
-0.011261
-0.012539
-0.014319
-0.013162
-0.009957
-0.007886
-0.006413
-0.003514
-0.000013
0.003110
0.006734
0.010265
0.011519
0.010853
0.010397
0.009797
0.007478
0.004206
0.001572
-0.000651
-0.002886
-0.004311
-0.004955
-0.005947
-0.006786
-0.005703
-0.003038
-0.001090
-0.000550
-0.000137
0.000628
0.000987
0.000738
0.000409
0.000076
-0.000396
-0.000589
-0.000218
0.000184
0.000152
0.000221
0.000965
0.001974
0.002614
0.002888
0.002967
0.002695
0.001991
0.001046
-0.000087
-0.001419
-0.002629
-0.003338
-0.003688
-0.004032
-0.004228
-0.003866
-0.002920
-0.001598
-0.000000
0.001653
0.002994
0.003970
0.004705
0.004898
0.004227
0.003063
0.001916
0.000738
-0.000519
-0.001374
-0.001519
-0.001591
-0.002397
-0.003619
-0.004513
-0.005412
-0.006700
-0.007561
-0.008022
-0.009026
-0.008029
-0.000897
0.009628
0.016359
0.018889
0.021718
0.023105
0.018122
0.009290
0.001931
-0.004622
-0.011486
-0.015041
-0.014539
-0.014736
-0.016159
-0.014302
-0.009876
-0.007861
-0.007710
-0.005148
-0.000628
0.003057
0.006566
0.010597
0.012933
0.012913
0.012699
0.012256
0.009252
0.004320
0.000382
-0.002187
-0.004744
-0.006646
-0.006600
-0.005617
-0.005214
-0.004899
-0.003877
-0.003019
-0.002793
-0.001582
0.001154
0.003053
0.002891
0.002610
0.003002
0.002214
0.000210
-0.000883
-0.001084
-0.001774
-0.002022
-0.000563
0.001104
0.001604
0.002112
0.003236
0.003563
0.002722
0.002012
0.001568
0.000393
-0.001302
-0.002647
-0.003786
-0.005038
-0.005760
-0.005358
-0.004221
-0.002844
-0.001065
0.001189
0.003232
0.004437
0.005060
0.005475
0.005343
0.004383
0.003126
0.001937
0.000483
-0.001017
-0.001855
-0.002404
-0.003401
-0.004524
-0.005630
-0.006952
-0.007398
-0.005956
-0.004465
-0.005474
-0.007161
-0.004372
0.003784
0.012014
0.016436
0.018819
0.020851
0.019931
0.014457
0.007115
-0.000242
-0.007999
-0.014252
-0.016331
-0.016045
-0.016383
-0.015673
-0.011791
-0.007547
-0.005754
-0.004254
-0.000678
0.003331
0.006212
0.008855
0.011173
0.011875
0.011453
0.011006
0.009454
0.005650
0.001143
-0.002204
-0.004769
-0.007120
-0.008123
-0.007106
-0.005301
-0.003541
-0.001469
0.000414
0.001102
0.001177
0.001675
0.001865
0.000958
0.000161
0.000424
0.000555
-0.000399
-0.001498
-0.001916
-0.002022
-0.001909
-0.001116
0.000190
0.001432
0.002608
0.003830
0.004523
0.004115
0.002933
0.001664
0.000421
-0.001062
-0.002678
-0.003952
-0.004643
-0.004874
-0.004685
-0.003939
-0.002661
-0.000998
0.000944
0.002807
0.004057
0.004665
0.005015
0.005019
0.004188
0.002600
0.000918
-0.000476
-0.001539
-0.002201
-0.002553
-0.002854
-0.003283
-0.004071
-0.005141
-0.005731
-0.005533
-0.005377
-0.005801
-0.006186
-0.005126
-0.000820
0.006832
0.014543
0.018895
0.020406
0.020781
0.018345
0.011528
0.002959
-0.004671
-0.011537
-0.016952
-0.018696
-0.017501
-0.016065
-0.014029
-0.009994
-0.005736
-0.003095
-0.000461
0.003291
0.006193
0.007625
0.009388
0.011355
0.011648
0.010355
0.008603
0.005893
0.001925
-0.001886
-0.004816
-0.007307
-0.008652
-0.007502
-0.004369
-0.001150
0.001126
0.002449
0.002850
0.002225
0.000676
-0.001045
-0.002093
-0.002534
-0.002485
-0.001360
0.000410
0.001076
0.000466
0.000183
0.000405
0.000143
0.000049
0.001188
0.002558
0.002987
0.003106
0.003226
0.002326
0.000422
-0.001210
-0.002366
-0.003608
-0.004399
-0.004096
-0.003405
-0.002931
-0.002144
-0.000831
0.000417
0.001458
0.002582
0.003544
0.003929
0.003864
0.003591
0.003089
0.002380
0.001520
0.000467
-0.000613
-0.001623
-0.003328
-0.006226
-0.008574
-0.008267
-0.006349
-0.005505
-0.005976
-0.005759
-0.003225
0.002320
0.009902
0.016244
0.018979
0.019347
0.018704
0.015354
0.008307
-0.000020
-0.007522
-0.014043
-0.018451
-0.019070
-0.017049
-0.014727
-0.011894
-0.007650
-0.003254
0.000070
0.003020
0.005874
0.007739
0.008897
0.010321
0.011298
0.010530
0.008377
0.005804
0.002720
-0.001021
-0.004627
-0.007272
-0.008507
-0.007816
-0.005295
-0.002029
0.000941
0.003025
0.003872
0.003575
0.002560
0.000957
-0.001111
-0.002747
-0.003196
-0.002899
-0.002510
-0.002015
-0.001481
-0.001262
-0.001031
-0.000048
0.001550
0.002981
0.003961
0.004648
0.004881
0.004304
0.002936
0.001089
-0.000892
-0.002571
-0.003609
-0.004090
-0.004278
-0.004170
-0.003613
-0.002611
-0.001361
-0.000079
0.001130
0.002216
0.003133
0.003761
0.003870
0.003324
0.002260
0.001113
0.000306
-0.000212
-0.000756
-0.001182
-0.001255
-0.001814
-0.003869
-0.006267
-0.006775
-0.005660
-0.005290
-0.006353
-0.006831
-0.004271
0.002036
0.010213
0.016916
0.020240
0.020790
0.019266
0.015091
0.008192
-0.000199
-0.008761
-0.015983
-0.019857
-0.019849
-0.017741
-0.015062
-0.011596
-0.007242
-0.002955
0.000735
0.003981
0.006514
0.008131
0.009575
0.011237
0.011980
0.010780
0.008101
0.004647
0.000622
-0.003045
-0.005028
-0.005560
-0.005834
-0.005732
-0.004295
-0.001947
-0.000154
0.000589
0.000638
0.000094
-0.000715
-0.000816
0.000050
0.000822
0.000824
0.000605
0.000584
0.000394
-0.000122
-0.000534
-0.000660
-0.000664
-0.000362
0.000433
0.001174
0.001288
0.001097
0.001075
0.001067
0.000825
0.000401
-0.000238
-0.001049
-0.001589
-0.001678
-0.001791
-0.002191
-0.002380
-0.001824
-0.000710
0.000427
0.001361
0.002070
0.002553
0.002943
0.003351
0.003496
0.002823
0.001267
-0.000588
-0.002461
-0.004373
-0.005792
-0.006289
-0.006361
-0.006566
-0.006690
-0.005962
-0.003358
0.001809
0.008506
0.014089
0.017070
0.018143
0.017526
0.014202
0.008252
0.000972
-0.006637
-0.013301
-0.017127
-0.017698
-0.016609
-0.014744
-0.011570
-0.007353
-0.003257
0.000430
0.003811
0.006245
0.007527
0.008537
0.009591
0.009862
0.008792
0.006619
0.003819
0.001192
-0.000422
-0.001451
-0.002994
-0.004417
-0.004154
-0.002681
-0.001807
-0.001868
-0.001991
-0.002005
-0.002056
-0.001550
-0.000388
0.000218
-0.000262
-0.000615
-0.000015
0.000680
0.000641
0.000421
0.000790
0.001601
0.002479
0.003244
0.003350
0.002460
0.001263
0.000395
-0.000530
-0.001840
-0.002975
-0.003402
-0.003282
-0.002861
-0.002191
-0.001539
-0.001128
-0.000629
0.000257
0.001246
0.001945
0.002297
0.002413
0.002392
0.002299
0.002130
0.001800
0.001245
0.000595
-0.000007
-0.000896
-0.002540
-0.004530
-0.005746
-0.005860
-0.005921
-0.006809
-0.007587
-0.006158
-0.001492
0.005284
0.011864
0.016405
0.018429
0.018352
0.016342
0.011982
0.005062
-0.003257
-0.010717
-0.015558
-0.017431
-0.017101
-0.015440
-0.012852
-0.009420
-0.005338
-0.001257
0.002083
0.004428
0.006139
0.007646
0.008801
0.008962
0.007708
0.005690
0.004231
0.003646
0.002987
0.001572
-0.000130
-0.001470
-0.002524
-0.003286
-0.003325
-0.002930
-0.002907
-0.002993
-0.002375
-0.001493
-0.001359
-0.001740
-0.001851
-0.001737
-0.001522
-0.000747
0.000555
0.001690
0.002525
0.003301
0.003695
0.003444
0.002966
0.002516
0.001803
0.000786
-0.000188
-0.001019
-0.001828
-0.002520
-0.002941
-0.003167
-0.003285
-0.003138
-0.002573
-0.001689
-0.000683
0.000318
0.001200
0.001911
0.002537
0.003068
0.003282
0.003077
0.002669
0.002140
0.001029
-0.000965
-0.003194
-0.004922
-0.006003
-0.006402
-0.006441
-0.006728
-0.006480
-0.003534
0.002445
0.008848
0.013469
0.016327
0.017507
0.016247
0.012639
0.007348
0.000463
-0.007029
-0.012809
-0.015701
-0.016514
-0.015927
-0.013719
-0.010313
-0.006642
-0.002912
0.000780
0.003729
0.005669
0.007151
0.008210
0.008249
0.007230
0.005670
0.004054
0.002895
0.002382
0.001915
0.000932
-0.000255
-0.001143
-0.001824
-0.002580
-0.003338
-0.004006
-0.004397
-0.003817
-0.002178
-0.000728
-0.000365
-0.000469
-0.000239
0.000114
0.000190
0.000231
0.000478
0.000827
0.001384
0.002208
0.002784
0.002746
0.002412
0.002062
0.001559
0.000773
-0.000209
-0.001149
-0.001813
-0.002130
-0.002177
-0.002159
-0.002250
-0.002265
-0.001920
-0.001387
-0.000986
-0.000622
0.000087
0.001184
0.002176
0.002647
0.002627
0.002413
0.002130
0.001107
-0.001180
-0.003527
-0.004239
-0.003641
-0.003956
-0.006013
-0.007121
-0.004353
0.001361
0.006800
0.010488
0.013026
0.014590
0.014372
0.012003
0.007478
0.000899
-0.006167
-0.011259
-0.013569
-0.014027
-0.013224
-0.011117
-0.008140
-0.004842
-0.001418
0.001577
0.003375
0.004230
0.004975
0.005313
0.004652
0.003745
0.003360
0.002987
0.002333
0.002116
0.002373
0.001990
0.000665
-0.000563
-0.001066
-0.001262
-0.001526
-0.001775
-0.001942
-0.001984
-0.001902
-0.001992
-0.002374
-0.002578
-0.002299
-0.001765
-0.000983
0.000305
0.001876
0.003155
0.003960
0.004419
0.004426
0.003813
0.002666
0.001167
-0.000463
-0.001907
-0.002929
-0.003479
-0.003570
-0.003293
-0.002800
-0.002124
-0.001251
-0.000345
0.000277
0.000448
0.000425
0.000635
0.001097
0.001458
0.001595
0.001698
0.001849
0.002060
0.002086
0.001056
-0.001174
-0.003168
-0.004008
-0.004417
-0.005158
-0.006010
-0.006183
-0.004489
-0.000098
0.005650
0.010078
0.012499
0.013944
0.014086
0.011834
0.007495
0.001828
-0.004572
-0.010092
-0.013081
-0.013813
-0.013352
-0.011608
-0.008343
-0.004414
-0.000678
0.002553
0.004741
0.005575
0.005701
0.005598
0.004899
0.003530
0.002161
0.001412
0.001268
0.001257
0.000949
0.000228
-0.000663
-0.001393
-0.001835
-0.002018
-0.001972
-0.001558
-0.000638
0.000466
0.001127
0.001126
0.000744
0.000093
-0.000937
-0.002074
-0.002747
-0.002743
-0.002227
-0.001293
-0.000012
0.001324
0.002470
0.003406
0.004033
0.004036
0.003227
0.001866
0.000480
-0.000660
-0.001678
-0.002667
-0.003396
-0.003626
-0.003364
-0.002702
-0.001771
-0.000842
-0.000102
0.000630
0.001569
0.002424
0.002642
0.002187
0.001675
0.001338
0.000449
-0.001200
-0.002469
-0.002704
-0.002908
-0.004227
-0.005980
-0.006010
-0.003293
0.000980
0.005201
0.008819
0.011858
0.013761
0.013606
0.011177
0.006754
0.000737
-0.005596
-0.010390
-0.012952
-0.013915
-0.013536
-0.011334
-0.007437
-0.003022
0.000741
0.003460
0.005167
0.005860
0.005585
0.004645
0.003701
0.003302
0.003184
0.002823
0.002417
0.002249
0.001658
-0.000092
-0.002356
-0.003806
-0.004276
-0.004376
-0.003891
-0.002377
-0.000401
0.001167
0.002089
0.002389
0.001905
0.000693
-0.000652
-0.001526
-0.001817
-0.001708
-0.001256
-0.000266
0.001226
0.002599
0.003278
0.003367
0.003159
0.002525
0.001339
-0.000082
-0.001385
-0.002497
-0.003317
-0.003609
-0.003336
-0.002708
-0.001898
-0.001014
-0.000241
0.000294
0.000749
0.001326
0.001929
0.002256
0.002151
0.001778
0.001221
0.000113
-0.001510
-0.002550
-0.002335
-0.001884
-0.002374
-0.003348
-0.003560
-0.002528
-0.000403
0.002470
0.005291
0.007428
0.009159
0.010463
0.010201
0.007631
0.003333
-0.001625
-0.006207
-0.009510
-0.011288
-0.011811
-0.010961
-0.008399
-0.004658
-0.000930
0.002120
0.004243
0.005083
0.004893
0.004561
0.004280
0.003652
0.002963
0.002812
0.002858
0.002250
0.000848
-0.000905
-0.002590
-0.003837
-0.004474
-0.004422
-0.003340
-0.001270
0.000840
0.002168
0.002824
0.002995
0.002378
0.000935
-0.000783
-0.002263
-0.003201
-0.003307
-0.002583
-0.001365
0.000095
0.001662
0.003087
0.004069
0.004344
0.003771
0.002537
0.001079
-0.000338
-0.001702
-0.002929
-0.003730
-0.003886
-0.003470
-0.002738
-0.001903
-0.001052
-0.000180
0.000700
0.001460
0.001883
0.001883
0.001639
0.001316
0.000718
-0.000394
-0.001475
-0.001481
-0.000669
-0.000573
-0.001655
-0.002646
-0.002278
-0.000612
0.001540
0.003634
0.005383
0.006816
0.007958
0.008137
0.006618
0.003521
-0.000318
-0.004101
-0.007301
-0.009435
-0.010288
-0.009899
-0.008126
-0.005050
-0.001545
0.001281
0.003028
0.004010
0.004689
0.005206
0.005178
0.004334
0.003284
0.002749
0.002414
0.001494
-0.000077
-0.001739
-0.003079
-0.003951
-0.004252
-0.003843
-0.002582
-0.000689
0.001160
0.002496
0.003293
0.003414
0.002553
0.000858
-0.001063
-0.002685
-0.003684
-0.003845
-0.003176
-0.001867
-0.000159
0.001641
0.003203
0.004255
0.004537
0.003900
0.002599
0.001100
-0.000414
-0.001906
-0.003098
-0.003670
-0.003588
-0.003102
-0.002464
-0.001717
-0.000838
0.000085
0.000926
0.001619
0.002116
0.002320
0.002167
0.001709
0.000891
-0.000414
-0.001807
-0.002497
-0.002424
-0.002446
-0.003018
-0.003253
-0.002044
0.000309
0.002719
0.004713
0.006343
0.007615
0.008169
0.007478
0.005429
0.002359
-0.001091
-0.004157
-0.006404
-0.007836
-0.008559
-0.008358
-0.006836
-0.004190
-0.001416
0.000632
0.002047
0.003391
0.004675
0.005301
0.004836
0.003552
0.002146
0.000996
-0.000063
-0.001289
-0.002549
-0.003292
-0.003097
-0.002127
-0.000873
0.000299
0.001276
0.002038
0.002475
0.002353
0.001545
0.000351
-0.000706
-0.001451
-0.002027
-0.002411
-0.002333
-0.001657
-0.000606
0.000479
0.001413
0.002098
0.002452
0.002456
0.002098
0.001365
0.000347
-0.000706
-0.001549
-0.002103
-0.002383
-0.002366
-0.002041
-0.001488
-0.000855
-0.000274
0.000217
0.000610
0.000853
0.000970
0.001082
0.001196
0.001160
0.000752
-0.000101
-0.000944
-0.001172
-0.000970
-0.001178
-0.001925
-0.002129
-0.001076
0.000474
0.001741
0.002972
0.004351
0.005372
0.005569
0.004969
0.003647
0.001601
-0.000774
-0.002891
-0.004556
-0.005795
-0.006459
-0.006200
-0.004846
-0.002840
-0.000979
0.000407
0.001633
0.002932
0.003979
0.004310
0.003851
0.002856
0.001614
0.000303
-0.000968
-0.002098
-0.002910
-0.003162
-0.002760
-0.001854
-0.000692
0.000473
0.001508
0.002369
0.002857
0.002739
0.002052
0.001080
0.000050
-0.001010
-0.001991
-0.002593
-0.002674
-0.002296
-0.001513
-0.000462
0.000623
0.001595
0.002398
0.002879
0.002801
0.002121
0.001130
0.000124
-0.000835
-0.001730
-0.002415
-0.002725
-0.002631
-0.002241
-0.001706
-0.001132
-0.000517
0.000174
0.000823
0.001240
0.001449
0.001586
0.001571
0.001232
0.000645
0.000113
-0.000184
-0.000452
-0.000983
-0.001603
-0.001816
-0.001377
-0.000504
0.000462
0.001462
0.002542
0.003426
0.003711
0.003379
0.002702
0.001748
0.000402
-0.001163
-0.002497
-0.003358
-0.003736
-0.003590
-0.002983
-0.002219
-0.001525
-0.000763
0.000304
0.001497
0.002310
0.002527
0.002378
0.001995
0.001283
0.000339
-0.000512
-0.001075
-0.001387
-0.001502
-0.001346
-0.000816
0.000002
0.000790
0.001268
0.001386
0.001168
0.000659
0.000068
-0.000409
-0.000812
-0.001177
-0.001341
-0.001166
-0.000731
-0.000211
0.000283
0.000710
0.001045
0.001246
0.001233
0.000964
0.000558
0.000214
-0.000052
-0.000409
-0.000865
-0.001179
-0.001190
-0.001029
-0.000921
-0.000905
-0.000823
-0.000523
-0.000058
0.000373
0.000689
0.000897
0.000954
0.000828
0.000528
0.000119
-0.000236
-0.000445
-0.000642
-0.000988
-0.001360
-0.001457
-0.001138
-0.000469
0.000438
0.001418
0.002279
0.002889
0.003095
0.002788
0.002111
0.001316
0.000468
-0.000477
-0.001444
-0.002249
-0.002728
-0.002785
-0.002400
-0.001700
-0.000926
-0.000145
0.000730
0.001576
0.002053
0.002022
0.001648
0.001086
0.000381
-0.000377
-0.001050
-0.001537
-0.001777
-0.001721
-0.001334
-0.000675
0.000054
0.000670
0.001101
0.001321
0.001319
0.001100
0.000695
0.000194
-0.000307
-0.000732
-0.000983
-0.000985
-0.000748
-0.000364
0.000040
0.000417
0.000757
0.000973
0.000996
0.000924
0.000846
0.000654
0.000234
-0.000348
-0.000889
-0.001205
-0.001283
-0.001273
-0.001282
-0.001202
-0.000895
-0.000474
-0.000145
0.000087
0.000289
0.000441
0.000560
0.000694
0.000756
0.000579
0.000219
-0.000064
-0.000228
-0.000507
-0.000902
-0.001072
-0.000819
-0.000309
0.000284
0.000988
0.001748
0.002281
0.002402
0.002234
0.001924
0.001354
0.000453
-0.000461
-0.001080
-0.001512
-0.001886
-0.002042
-0.001870
-0.001512
-0.001099
-0.000555
0.000202
0.000981
0.001448
0.001480
0.001189
0.000696
0.000089
-0.000491
-0.000922
-0.001187
-0.001273
-0.001085
-0.000584
0.000035
0.000434
0.000534
0.000556
0.000630
0.000695
0.000690
0.000586
0.000379
0.000145
-0.000014
-0.000072
-0.000111
-0.000247
-0.000438
-0.000503
-0.000385
-0.000204
-0.000033
0.000162
0.000364
0.000459
0.000391
0.000262
0.000176
0.000069
-0.000176
-0.000509
-0.000756
-0.000881
-0.000993
-0.001068
-0.000978
-0.000734
-0.000429
-0.000112
0.000199
0.000499
0.000745
0.000826
0.000702
0.000494
0.000298
0.000053
-0.000250
-0.000455
-0.000526
-0.000554
-0.000429
0.000040
0.000714
0.001235
0.001450
0.001469
0.001459
0.001477
0.001353
0.000851
0.000096
-0.000533
-0.000974
-0.001411
-0.001777
-0.001811
-0.001477
-0.000946
-0.000327
0.000314
0.000847
0.001154
0.001201
0.001028
0.000698
0.000239
-0.000291
-0.000748
-0.001032
-0.001148
-0.001099
-0.000899
-0.000668
-0.000473
-0.000218
0.000138
0.000478
0.000717
0.000843
0.000846
0.000772
0.000725
0.000686
0.000521
0.000224
-0.000033
-0.000133
-0.000133
-0.000113
-0.000081
-0.000053
-0.000068
-0.000092
-0.000058
-0.000011
-0.000040
-0.000134
-0.000258
-0.000432
-0.000639
-0.000789
-0.000824
-0.000808
-0.000807
-0.000737
-0.000498
-0.000176
0.000084
0.000275
0.000459
0.000583
0.000532
0.000341
0.000131
-0.000057
-0.000242
-0.000418
-0.000544
-0.000535
-0.000299
0.000156
0.000670
0.001043
0.001204
0.001250
0.001277
0.001236
0.001031
0.000678
0.000325
0.000094
-0.000096
-0.000387
-0.000688
-0.000804
-0.000750
-0.000640
-0.000485
-0.000287
-0.000083
0.000112
0.000257
0.000267
0.000119
-0.000107
-0.000319
-0.000471
-0.000523
-0.000505
-0.000506
-0.000483
-0.000327
-0.000089
0.000101
0.000218
0.000320
0.000424
0.000506
0.000551
0.000559
0.000514
0.000389
0.000197
0.000020
-0.000068
-0.000090
-0.000134
-0.000200
-0.000207
-0.000156
-0.000108
-0.000061
-0.000032
-0.000052
-0.000071
-0.000068
-0.000124
-0.000258
-0.000365
-0.000350
-0.000267
-0.000276
-0.000399
-0.000445
-0.000273
-0.000012
0.000133
0.000129
0.000019
-0.000174
-0.000353
-0.000387
-0.000302
-0.000275
-0.000364
-0.000408
-0.000284
-0.000046
0.000239
0.000550
0.000789
0.000839
0.000747
0.000694
0.000755
0.000783
0.000665
0.000548
0.000598
0.000692
0.000595
0.000312
0.000016
-0.000240
-0.000473
-0.000592
-0.000560
-0.000502
-0.000446
-0.000305
-0.000116
-0.000006
-0.000005
-0.000036
-0.000015
0.000067
0.000098
-0.000037
-0.000271
-0.000465
-0.000578
-0.000579
-0.000433
-0.000203
-0.000021
0.000063
0.000102
0.000138
0.000170
0.000207
0.000259
0.000301
0.000315
0.000286
0.000226
0.000205
0.000263
0.000331
0.000327
0.000257
0.000166
0.000063
-0.000044
-0.000137
-0.000238
-0.000399
-0.000620
-0.000792
-0.000802
-0.000716
-0.000675
-0.000631
-0.000455
-0.000209
-0.000042
0.000036
0.000117
0.000219
0.000250
0.000140
-0.000027
-0.000092
-0.000026
0.000013
-0.000112
-0.000321
-0.000390
-0.000204
0.000135
0.000459
0.000727
0.000972
0.001154
0.001228
0.001210
0.001075
0.000795
0.000472
0.000245
0.000105
-0.000019
-0.000143
-0.000279
-0.000407
-0.000414
-0.000288
-0.000185
-0.000190
-0.000262
-0.000394
-0.000556
-0.000641
-0.000637
-0.000609
-0.000529
-0.000399
-0.000324
-0.000294
-0.000196
-0.000041
0.000089
0.000195
0.000290
0.000349
0.000399
0.000462
0.000474
0.000422
0.000401
0.000402
0.000314
0.000145
0.000010
-0.000068
-0.000172
-0.000294
-0.000312
-0.000205
-0.000097
-0.000050
-0.000021
0.000002
-0.000008
-0.000051
-0.000116
-0.000193
-0.000291
-0.000426
-0.000551
-0.000584
-0.000548
-0.000549
-0.000580
-0.000504
-0.000279
-0.000041
0.000083
0.000120
0.000151
0.000224
0.000353
0.000479
0.000488
0.000329
0.000105
0.000015
0.000098
0.000176
0.000174
0.000251
0.000493
0.000770
0.000925
0.000931
0.000832
0.000673
0.000477
0.000235
-0.000033
-0.000228
-0.000284
-0.000299
-0.000381
-0.000478
-0.000498
-0.000470
-0.000442
-0.000390
-0.000276
-0.000086
0.000137
0.000220
0.000085
-0.000065
-0.000107
-0.000209
-0.000471
-0.000702
-0.000708
-0.000518
-0.000267
-0.000050
0.000101
0.000235
0.000411
0.000598
0.000721
0.000772
0.000735
0.000556
0.000281
0.000040
-0.000117
-0.000240
-0.000383
-0.000511
-0.000510
-0.000346
-0.000135
0.000038
0.000164
0.000183
0.000081
-0.000008
-0.000038
-0.000134
-0.000319
-0.000466
-0.000517
-0.000532
-0.000546
-0.000513
-0.000402
-0.000267
-0.000177
-0.000099
0.000035
0.000170
0.000219
0.000235
0.000294
0.000339
0.000275
0.000092
-0.000106
-0.000153
0.000003
0.000219
0.000325
0.000356
0.000458
0.000621
0.000717
0.000724
0.000710
0.000689
0.000574
0.000312
0.000018
-0.000139
-0.000167
-0.000214
-0.000329
-0.000375
-0.000265
-0.000158
-0.000170
-0.000212
-0.000205
-0.000135
-0.000028
0.000019
-0.000032
-0.000133
-0.000263
-0.000420
-0.000516
-0.000453
-0.000309
-0.000239
-0.000238
-0.000228
-0.000183
-0.000041
0.000230
0.000509
0.000635
0.000592
0.000502
0.000446
0.000376
0.000234
0.000117
0.000140
0.000172
0.000019
-0.000222
-0.000311
-0.000274
-0.000306
-0.000401
-0.000418
-0.000363
-0.000354
-0.000423
-0.000491
-0.000471
-0.000375
-0.000289
-0.000242
-0.000195
-0.000115
0.000034
0.000256
0.000438
0.000471
0.000400
0.000300
0.000162
0.000003
-0.000092
-0.000135
-0.000210
-0.000270
-0.000204
-0.000051
0.000067
0.000141
0.000249
0.000390
0.000454
0.000399
0.000352
0.000433
0.000549
0.000551
0.000498
0.000499
0.000457
0.000246
-0.000027
-0.000185
-0.000275
-0.000456
-0.000645
-0.000590
-0.000305
-0.000053
0.000052
0.000083
0.000101
0.000115
0.000096
0.000013
-0.000086
-0.000165
-0.000259
-0.000372
-0.000426
-0.000355
-0.000214
-0.000091
0.000036
0.000202
0.000363
0.000449
0.000399
0.000249
0.000125
0.000032
-0.000126
-0.000310
-0.000387
-0.000332
-0.000202
-0.000041
0.000117
0.000242
0.000298
0.000216
0.000020
-0.000159
-0.000258
-0.000299
-0.000303
-0.000302
-0.000311
-0.000315
-0.000304
-0.000327
-0.000379
-0.000329
-0.000136
0.000055
0.000152
0.000176
0.000160
0.000166
0.000247
0.000321
0.000301
0.000250
0.000238
0.000212
0.000130
0.000076
0.000105
0.000117
0.000032
-0.000041
0.000030
0.000193
0.000299
0.000329
0.000385
0.000515
0.000610
0.000495
0.000168
-0.000113
-0.000170
-0.000178
-0.000311
-0.000382
-0.000219
-0.000051
-0.000121
-0.000283
-0.000291
-0.000195
-0.000162
-0.000190
-0.000198
-0.000165
-0.000110
-0.000025
0.000073
0.000118
0.000090
0.000038
-0.000007
-0.000017
0.000044
0.000133
0.000170
0.000156
0.000104
-0.000005
-0.000112
-0.000120
-0.000051
-0.000026
-0.000069
-0.000096
-0.000066
-0.000009
0.000063
0.000144
0.000162
0.000072
-0.000033
-0.000066
-0.000101
-0.000211
-0.000316
-0.000339
-0.000320
-0.000301
-0.000241
-0.000142
-0.000164
-0.000348
-0.000432
-0.000252
-0.000014
0.000080
0.000097
0.000150
0.000229
0.000264
0.000237
0.000216
0.000275
0.000369
0.000411
0.000416
0.000430
0.000434
0.000410
0.000354
0.000223
0.000030
-0.000090
-0.000099
-0.000122
-0.000199
-0.000228
-0.000158
-0.000047
0.000045
0.000086
0.000078
0.000043
-0.000038
-0.000209
-0.000397
-0.000438
-0.000307
-0.000133
0.000005
0.000123
0.000240
0.000344
0.000385
0.000303
0.000125
-0.000042
-0.000150
-0.000246
-0.000338
-0.000349
-0.000223
-0.000044
0.000059
0.000071
0.000082
0.000144
0.000231
0.000288
0.000266
0.000163
0.000009
-0.000154
-0.000278
-0.000304
-0.000221
-0.000109
-0.000056
-0.000050
-0.000036
0.000001
0.000038
0.000030
-0.000063
-0.000176
-0.000196
-0.000165
-0.000219
-0.000315
-0.000303
-0.000192
-0.000114
-0.000094
-0.000037
0.000104
0.000231
0.000268
0.000284
0.000330
0.000343
0.000274
0.000150
-0.000010
-0.000192
-0.000317
-0.000294
-0.000170
-0.000053
0.000038
0.000134
0.000230
0.000292
0.000318
0.000328
0.000309
0.000234
0.000098
-0.000054
-0.000170
-0.000245
-0.000290
-0.000291
-0.000250
-0.000162
-0.000005
0.000151
0.000206
0.000213
0.000267
0.000304
0.000240
0.000132
0.000061
0.000011
-0.000066
-0.000153
-0.000181
-0.000101
0.000029
0.000080
0.000022
-0.000045
-0.000078
-0.000114
-0.000133
-0.000109
-0.000072
-0.000016
0.000079
0.000159
0.000169
0.000153
0.000162
0.000176
0.000141
0.000019
-0.000172
-0.000335
-0.000405
-0.000406
-0.000356
-0.000269
-0.000214
-0.000207
-0.000182
-0.000104
0.000021
0.000167
0.000297
0.000334
0.000214
0.000042
0.000008
0.000091
0.000132
0.000095
0.000017
-0.000079
-0.000114
-0.000037
0.000057
0.000066
0.000019
-0.000052
-0.000190
-0.000336
-0.000348
-0.000268
-0.000242
-0.000247
-0.000204
-0.000146
-0.000099
-0.000002
0.000181
0.000399
0.000563
0.000617
0.000558
0.000408
0.000229
0.000113
0.000090
0.000054
-0.000076
-0.000186
-0.000156
-0.000049
0.000045
0.000116
0.000155
0.000180
0.000255
0.000336
0.000254
0.000016
-0.000144
-0.000133
-0.000102
-0.000177
-0.000307
-0.000397
-0.000428
-0.000422
-0.000367
-0.000205
0.000046
0.000215
0.000192
0.000117
0.000133
0.000168
0.000152
0.000141
0.000132
0.000066
-0.000025
-0.000062
-0.000035
-0.000010
-0.000074
-0.000212
-0.000259
-0.000119
0.000076
0.000185
0.000223
0.000204
0.000067
-0.000101
-0.000120
-0.000045
-0.000056
-0.000138
-0.000207
-0.000289
-0.000400
-0.000446
-0.000357
-0.000178
-0.000005
0.000123
0.000228
0.000288
0.000264
0.000210
0.000197
0.000207
0.000168
0.000094
0.000068
0.000075
0.000047
-0.000003
-0.000049
-0.000107
-0.000154
-0.000122
0.000018
0.000192
0.000237
0.000080
-0.000104
-0.000080
0.000139
0.000287
0.000207
0.000026
-0.000089
-0.000139
-0.000152
-0.000107
-0.000050
-0.000049
-0.000075
-0.000076
-0.000043
0.000013
0.000044
0.000028
0.000012
0.000006
-0.000038
-0.000076
0.000011
0.000183
0.000205
0.000031
-0.000093
-0.000043
0.000039
0.000038
0.000007
0.000034
0.000144
0.000280
0.000332
0.000233
0.000046
-0.000103
-0.000167
-0.000221
-0.000306
-0.000338
-0.000239
-0.000087
-0.000025
-0.000056
-0.000095
-0.000178
-0.000329
-0.000366
-0.000189
-0.000011
0.000009
0.000027
0.000189
0.000371
0.000405
0.000302
0.000196
0.000203
0.000266
0.000208
0.000015
-0.000124
-0.000127
-0.000098
-0.000092
-0.000060
-0.000024
-0.000045
-0.000078
-0.000056
-0.000042
-0.000111
-0.000211
-0.000230
-0.000155
-0.000092
-0.000102
-0.000117
-0.000058
0.000008
-0.000014
-0.000051
0.000035
0.000220
0.000346
0.000306
0.000163
0.000035
-0.000044
-0.000065
-0.000007
0.000096
0.000164
0.000132
0.000013
-0.000083
-0.000077
-0.000032
-0.000021
0.000012
0.000132
0.000246
0.000207
0.000040
-0.000081
-0.000082
-0.000044
-0.000037
-0.000051
-0.000073
-0.000098
-0.000091
-0.000042
0.000009
0.000014
-0.000009
0.000000
0.000037
0.000035
-0.000015
-0.000057
-0.000055
-0.000029
-0.000016
-0.000027
-0.000050
-0.000068
-0.000071
-0.000049
0.000004
0.000067
0.000102
0.000096
0.000062
0.000022
-0.000044
-0.000161
-0.000247
-0.000211
-0.000130
-0.000114
-0.000121
-0.000069
0.000031
0.000144
0.000234
0.000230
0.000123
0.000011
-0.000031
-0.000045
-0.000063
-0.000071
-0.000104
-0.000156
-0.000151
-0.000091
-0.000047
-0.000008
0.000096
0.000240
0.000304
0.000271
0.000238
0.000242
0.000238
0.000181
0.000049
-0.000103
-0.000182
-0.000187
-0.000179
-0.000165
-0.000115
-0.000029
0.000057
0.000111
0.000099
0.000021
-0.000061
-0.000111
-0.000164
-0.000209
-0.000187
-0.000112
-0.000052
-0.000038
-0.000043
0.000010
0.000183
0.000387
0.000441
0.000302
0.000119
0.000023
0.000009
0.000026
0.000049
0.000040
-0.000027
-0.000113
-0.000172
-0.000194
-0.000168
-0.000117
-0.000127
-0.000167
-0.000084
0.000099
0.000215
0.000243
0.000218
0.000101
-0.000070
-0.000177
-0.000216
-0.000258
-0.000292
-0.000286
-0.000270
-0.000224
-0.000085
0.000098
0.000194
0.000172
0.000110
0.000050
-0.000020
-0.000071
-0.000041
0.000086
0.000221
0.000247
0.000147
0.000026
-0.000002
0.000056
0.000093
0.000073
0.000037
-0.000030
-0.000144
-0.000214
-0.000148
0.000028
0.000220
0.000311
0.000249
0.000123
0.000040
-0.000015
-0.000081
-0.000117
-0.000103
-0.000093
-0.000109
-0.000109
-0.000064
0.000022
0.000112
0.000141
0.000120
0.000128
0.000134
0.000027
-0.000189
-0.000383
-0.000448
-0.000358
-0.000160
0.000055
0.000197
0.000232
0.000211
0.000213
0.000232
0.000200
0.000120
0.000073
0.000055
-0.000006
-0.000099
-0.000170
-0.000218
-0.000215
-0.000080
0.000111
0.000153
0.000073
0.000044
0.000019
-0.000132
-0.000284
-0.000237
-0.000078
-0.000003
0.000023
0.000083
0.000103
0.000039
-0.000009
0.000032
0.000121
0.000161
0.000085
-0.000048
-0.000102
-0.000041
0.000036
0.000062
0.000060
0.000040
-0.000001
-0.000036
-0.000062
-0.000072
-0.000055
-0.000058
-0.000081
-0.000011
0.000133
0.000151
-0.000004
-0.000165
-0.000217
-0.000159
-0.000039
0.000053
0.000077
0.000086
0.000101
0.000069
0.000007
-0.000001
0.000063
0.000125
0.000096
-0.000012
-0.000073
-0.000019
0.000064
0.000070
0.000020
0.000012
0.000061
0.000078
-0.000002
-0.000111
-0.000153
-0.000132
-0.000093
-0.000050
-0.000034
-0.000056
-0.000066
-0.000027
0.000057
0.000158
0.000219
0.000198
0.000131
0.000090
0.000080
0.000007
-0.000210
-0.000462
-0.000513
-0.000333
-0.000119
-0.000004
0.000048
0.000098
0.000132
0.000136
0.000148
0.000191
0.000225
0.000221
0.000230
0.000299
0.000310
0.000150
-0.000035
-0.000060
0.000007
-0.000011
-0.000130
-0.000230
-0.000243
-0.000219
-0.000199
-0.000170
-0.000147
-0.000130
-0.000063
0.000030
0.000065
0.000050
0.000038
0.000011
-0.000044
-0.000054
-0.000009
0.000004
-0.000021
0.000004
0.000098
0.000174
0.000148
0.000050
-0.000022
-0.000024
0.000001
0.000003
-0.000015
-0.000037
-0.000080
-0.000121
-0.000090
0.000008
0.000113
0.000174
0.000139
0.000023
-0.000047
-0.000005
0.000049
0.000036
-0.000002
-0.000036
-0.000062
-0.000043
-0.000000
0.000005
-0.000006
0.000012
0.000024
-0.000028
-0.000104
-0.000105
-0.000023
0.000057
0.000066
0.000015
0.000006
0.000083
0.000127
0.000063
-0.000009
-0.000012
-0.000009
-0.000039
-0.000040
-0.000013
-0.000048
-0.000161
-0.000255
-0.000269
-0.000215
-0.000105
0.000057
0.000188
0.000226
0.000220
0.000220
0.000188
0.000110
0.000035
0.000003
-0.000035
-0.000123
-0.000180
-0.000128
-0.000048
-0.000054
-0.000094
-0.000038
0.000070
0.000118
0.000151
0.000193
0.000126
-0.000035
-0.000103
-0.000033
0.000043
0.000059
0.000052
0.000017
-0.000067
-0.000142
-0.000154
-0.000126
-0.000085
-0.000054
-0.000058
-0.000056
0.000021
0.000155
0.000234
0.000177
0.000072
0.000062
0.000108
0.000091
0.000046
0.000041
0.000030
-0.000028
-0.000106
-0.000154
-0.000152
-0.000125
-0.000078
0.000002
0.000068
0.000088
0.000077
0.000022
-0.000110
-0.000251
-0.000266
-0.000103
0.000112
0.000199
0.000143
0.000088
0.000112
0.000151
0.000173
0.000198
0.000153
-0.000018
-0.000186
-0.000227
-0.000204
-0.000210
-0.000213
-0.000181
-0.000140
-0.000088
-0.000042
-0.000080
-0.000154
-0.000122
-0.000020
0.000007
-0.000020
0.000019
0.000134
0.000240
0.000261
0.000211
0.000164
0.000140
0.000098
0.000044
0.000034
0.000046
-0.000000
-0.000094
-0.000126
-0.000041
0.000097
0.000177
0.000146
0.000051
-0.000014
-0.000021
-0.000005
0.000022
0.000059
0.000089
0.000086
0.000030
-0.000067
-0.000137
-0.000124
-0.000074
-0.000072
-0.000110
-0.000119
-0.000088
-0.000066
-0.000076
-0.000111
-0.000150
-0.000155
-0.000106
-0.000016
0.000090
0.000178
0.000212
0.000207
0.000221
0.000231
0.000165
0.000048
-0.000055
-0.000116
-0.000102
-0.000056
-0.000086
-0.000134
-0.000070
0.000032
0.000040
0.000016
0.000039
0.000030
-0.000082
-0.000214
-0.000239
-0.000120
0.000052
0.000157
0.000155
0.000078
-0.000003
-0.000026
-0.000001
0.000021
0.000030
0.000038
0.000055
0.000072
0.000047
-0.000019
-0.000080
-0.000121
-0.000138
-0.000133
-0.000116
-0.000052
0.000091
0.000223
0.000232
0.000150
0.000099
0.000130
0.000182
0.000157
0.000064
-0.000028
-0.000119
-0.000208
-0.000245
-0.000230
-0.000203
-0.000194
-0.000185
-0.000121
-0.000005
0.000086
0.000083
0.000009
-0.000006
0.000091
0.000172
0.000152
0.000121
0.000142
0.000140
0.000057
-0.000044
-0.000049
0.000043
0.000096
0.000049
-0.000014
-0.000071
-0.000144
-0.000178
-0.000134
-0.000061
-0.000023
-0.000021
0.000018
0.000102
0.000149
0.000168
0.000204
0.000159
-0.000064
-0.000350
-0.000478
-0.000394
-0.000254
-0.000176
-0.000112
0.000004
0.000144
0.000266
0.000337
0.000324
0.000269
0.000257
0.000267
0.000216
0.000102
0.000011
0.000013
0.000071
0.000091
0.000035
-0.000044
-0.000072
-0.000056
-0.000097
-0.000243
-0.000375
-0.000353
-0.000238
-0.000177
-0.000155
-0.000079
0.000008
0.000034
0.000048
0.000106
0.000143
0.000126
0.000151
0.000208
0.000135
-0.000048
-0.000142
-0.000123
-0.000143
-0.000213
-0.000198
-0.000079
0.000023
0.000055
0.000090
0.000173
0.000237
0.000225
0.000145
0.000034
-0.000057
-0.000092
-0.000095
-0.000130
-0.000171
-0.000075
0.000138
0.000234
0.000159
0.000095
0.000114
0.000138
0.000120
0.000096
0.000094
0.000072
-0.000037
-0.000193
-0.000266
-0.000228
-0.000158
-0.000123
-0.000134
-0.000155
-0.000140
-0.000099
-0.000051
0.000000
0.000017
-0.000024
-0.000043
0.000062
0.000230
0.000295
0.000233
0.000155
0.000085
-0.000003
-0.000082
-0.000126
-0.000126
-0.000093
-0.000082
-0.000104
-0.000105
-0.000072
-0.000037
-0.000013
0.000008
0.000034
0.000081
0.000134
0.000139
0.000106
0.000077
0.000018
-0.000082
-0.000114
-0.000019
0.000121
0.000206
0.000195
0.000074
-0.000121
-0.000282
-0.000312
-0.000216
-0.000071
0.000050
0.000107
0.000137
0.000169
0.000171
0.000147
0.000140
0.000142
0.000107
0.000014
-0.000086
-0.000127
-0.000126
-0.000128
-0.000127
-0.000099
-0.000028
0.000080
0.000173
0.000172
0.000044
-0.000131
-0.000214
-0.000169
-0.000074
-0.000004
0.000019
0.000014
-0.000003
-0.000040
-0.000069
-0.000049
-0.000000
0.000048
0.000080
0.000059
0.000031
0.000134
0.000322
0.000367
0.000209
0.000032
-0.000047
-0.000104
-0.000197
-0.000268
-0.000286
-0.000277
-0.000261
-0.000244
-0.000199
-0.000080
0.000064
0.000103
0.000023
-0.000048
-0.000040
-0.000005
0.000015
0.000021
0.000011
0.000012
0.000060
0.000136
0.000204
0.000259
0.000270
0.000204
0.000123
0.000108
0.000104
-0.000003
-0.000176
-0.000218
-0.000056
0.000121
0.000136
0.000041
-0.000029
-0.000056
-0.000096
-0.000128
-0.000070
0.000033
0.000047
-0.000038
-0.000115
-0.000089
0.000036
0.000132
0.000101
0.000036
0.000073
0.000148
0.000109
-0.000021
-0.000096
-0.000100
-0.000129
-0.000178
-0.000156
-0.000079
-0.000047
-0.000070
-0.000068
-0.000016
0.000058
0.000141
0.000200
0.000166
0.000042
-0.000065
-0.000097
-0.000142
-0.000210
-0.000138
0.000075
0.000165
0.000056
-0.000033
-0.000025
-0.000058
-0.000126
-0.000084
0.000042
0.000124
0.000157
0.000191
0.000212
0.000209
0.000173
0.000078
-0.000047
-0.000135
-0.000147
-0.000094
-0.000047
-0.000069
-0.000099
-0.000042
0.000041
0.000017
-0.000088
-0.000127
-0.000076
-0.000054
-0.000114
-0.000152
-0.000054
0.000113
0.000179
0.000123
0.000067
0.000051
0.000053
0.000101
0.000185
0.000186
0.000059
-0.000079
-0.000115
-0.000066
0.000007
0.000055
0.000025
-0.000060
-0.000138
-0.000196
-0.000198
-0.000113
-0.000024
-0.000009
-0.000012
0.000025
0.000067
0.000077
0.000059
0.000001
-0.000098
-0.000158
-0.000091
0.000060
0.000145
0.000102
0.000057
0.000104
0.000155
0.000121
0.000060
0.000067
0.000115
0.000101
0.000081
0.000146
0.000127
-0.000112
-0.000376
-0.000455
-0.000391
-0.000319
-0.000273
-0.000190
-0.000025
0.000141
0.000203
0.000196
0.000231
0.000300
0.000310
0.000239
0.000152
0.000093
0.000068
0.000095
0.000156
0.000170
0.000080
-0.000081
-0.000213
-0.000246
-0.000189
-0.000123
-0.000142
-0.000204
-0.000175
-0.000084
-0.000070
-0.000115
-0.000081
0.000041
0.000110
0.000041
-0.000094
-0.000128
0.000004
0.000166
0.000206
0.000135
0.000025
-0.000053
-0.000026
0.000050
0.000023
-0.000101
-0.000173
-0.000148
-0.000078
0.000005
0.000060
0.000041
-0.000017
-0.000048
