4640
0.000122
0.000219
0.000206
0.000023
-0.000093
-0.000014
0.000022
-0.000156
-0.000323
-0.000244
-0.000052
0.000002
-0.000086
-0.000139
-0.000084
0.000025
0.000139
0.000211
0.000182
0.000066
-0.000050
-0.000088
-0.000053
-0.000001
0.000048
0.000104
0.000133
0.000093
0.000015
-0.000058
-0.000095
-0.000053
0.000024
0.000007
-0.000083
-0.000066
0.000086
0.000192
0.000145
0.000057
0.000050
0.000089
0.000077
-0.000019
-0.000120
-0.000108
-0.000024
-0.000027
-0.000108
-0.000132
-0.000097
-0.000104
-0.000140
-0.000118
-0.000071
-0.000081
-0.000106
-0.000071
0.000015
0.000099
0.000146
0.000138
0.000125
0.000160
0.000165
0.000111
0.000179
0.000418
0.000569
0.000451
0.000187
-0.000002
-0.000070
-0.000159
-0.000320
-0.000436
-0.000448
-0.000411
-0.000390
-0.000433
-0.000551
-0.000637
-0.000529
-0.000240
0.000008
0.000076
0.000094
0.000218
0.000380
0.000443
0.000455
0.000505
0.000512
0.000410
0.000296
0.000242
0.000194
0.000114
0.000025
-0.000048
-0.000066
-0.000042
-0.000080
-0.000180
-0.000215
-0.000161
-0.000107
-0.000094
-0.000097
-0.000090
-0.000088
-0.000108
-0.000113
-0.000063
-0.000023
-0.000049
-0.000063
-0.000040
-0.000069
-0.000102
0.000005
0.000143
0.000094
-0.000003
0.000113
0.000274
0.000198
0.000047
0.000087
0.000174
0.000071
-0.000114
-0.000190
-0.000185
-0.000176
-0.000154
-0.000111
-0.000073
-0.000077
-0.000065
0.000067
0.000196
0.000104
-0.000088
-0.000048
0.000179
0.000246
0.000114
0.000023
0.000049
0.000077
0.000023
-0.000062
-0.000078
-0.000017
0.000042
0.000079
0.000133
0.000135
0.000006
-0.000111
-0.000083
-0.000084
-0.000224
-0.000336
-0.000324
-0.000211
-0.000033
0.000077
0.000045
0.000002
0.000038
0.000071
0.000048
0.000040
0.000101
0.000169
0.000165
0.000132
0.000132
0.000129
0.000107
0.000085
0.000041
0.000001
0.000035
0.000094
0.000085
0.000040
-0.000004
-0.000105
-0.000248
-0.000314
-0.000309
-0.000302
-0.000220
-0.000036
0.000075
0.000027
-0.000027
-0.000004
-0.000025
-0.000118
-0.000129
-0.000000
0.000133
0.000163
0.000147
0.000157
0.000197
0.000225
0.000176
0.000088
0.000079
0.000089
-0.000023
-0.000167
-0.000211
-0.000215
-0.000196
-0.000046
0.000168
0.000215
0.000058
-0.000133
-0.000251
-0.000311
-0.000330
-0.000273
-0.000092
0.000138
0.000247
0.000268
0.000339
0.000388
0.000316
0.000195
0.000103
0.000089
0.000170
0.000194
0.000042
-0.000108
-0.000063
0.000063
0.000074
-0.000032
-0.000168
-0.000271
-0.000304
-0.000277
-0.000226
-0.000176
-0.000117
-0.000051
-0.000011
-0.000009
-0.000020
0.000019
0.000110
0.000148
0.000074
-0.000066
-0.000133
-0.000033
0.000090
0.000063
-0.000034
-0.000063
-0.000096
-0.000179
-0.000132
0.000062
0.000120
-0.000027
-0.000133
-0.000092
-0.000033
-0.000033
-0.000022
0.000062
0.000189
0.000256
0.000196
0.000146
0.000267
0.000394
0.000313
0.000139
0.000018
-0.000093
-0.000181
-0.000171
-0.000118
-0.000123
-0.000192
-0.000240
-0.000179
-0.000081
-0.000093
-0.000138
-0.000058
0.000057
0.000093
0.000135
0.000171
0.000088
-0.000014
0.000006
0.000031
-0.000027
-0.000065
-0.000050
-0.000046
-0.000061
-0.000070
-0.000042
0.000016
0.000036
0.000005
0.000013
0.000093
0.000118
0.000006
-0.000132
-0.000161
-0.000047
0.000078
0.000065
0.000001
0.000015
0.000029
-0.000014
-0.000041
-0.000051
-0.000041
0.000047
0.000078
-0.000005
0.000009
0.000094
0.000095
0.000097
0.000108
0.000042
0.000010
0.000034
-0.000025
-0.000095
-0.000088
-0.000116
-0.000150
-0.000083
-0.000012
-0.000008
0.000005
0.000079
0.000153
0.000125
0.000052
0.000063
0.000105
0.000075
0.000025
0.000020
0.000046
0.000044
-0.000089
-0.000260
-0.000207
-0.000027
-0.000040
-0.000185
-0.000185
-0.000022
0.000084
0.000016
-0.000069
0.000014
0.000132
0.000067
-0.000004
0.000123
0.000163
-0.000035
-0.000074
0.000197
0.000374
0.000233
0.000071
0.000109
0.000158
0.000041
-0.000131
-0.000200
-0.000216
-0.000278
-0.000337
-0.000287
-0.000159
-0.000183
-0.000369
-0.000339
-0.000063
-0.000003
-0.000126
-0.000013
0.000149
0.000102
0.000172
0.000374
0.000337
0.000220
0.000319
0.000368
0.000172
-0.000014
-0.000034
0.000028
0.000060
0.000022
-0.000018
-0.000030
-0.000044
-0.000037
-0.000049
-0.000173
-0.000257
-0.000108
0.000084
0.000094
0.000017
-0.000042
-0.000032
0.000119
0.000182
-0.000027
-0.000160
-0.000052
-0.000046
-0.000176
-0.000106
0.000112
0.000131
-0.000008
-0.000072
-0.000094
-0.000078
0.000008
0.000016
-0.000068
-0.000090
-0.000012
0.000089
0.000089
-0.000049
-0.000105
0.000044
0.000108
-0.000008
-0.000009
0.000088
0.000065
0.000011
0.000005
0.000003
0.000060
0.000120
0.000058
0.000013
0.000115
0.000135
-0.000011
-0.000043
-0.000022
-0.000157
-0.000196
-0.000119
-0.000187
-0.000152
0.000151
0.000315
0.000215
0.000115
-0.000029
-0.000190
-0.000018
0.000179
-0.000131
-0.000371
-0.000012
0.000276
0.000049
-0.000178
-0.000076
0.000048
0.000022
0.000012
-0.000050
-0.000216
-0.000163
0.000113
0.000183
0.000066
0.000094
0.000114
-0.000065
-0.000161
-0.000125
-0.000122
0.000049
0.000303
0.000233
0.000072
0.000169
0.000134
-0.000231
-0.000394
-0.000197
-0.000059
-0.000011
0.000108
0.000090
-0.000025
0.000061
0.000105
-0.000114
-0.000198
0.000018
0.000185
0.000147
0.000049
-0.000029
-0.000047
0.000013
0.000014
-0.000061
-0.000034
0.000052
0.000008
-0.000080
0.000005
0.000135
-0.000033
-0.000460
-0.000551
-0.000106
0.000120
-0.000170
-0.000181
0.000284
0.000395
0.000081
0.000106
0.000411
0.000479
0.000388
0.000242
0.000013
-0.000013
0.000146
0.000059
-0.000170
-0.000164
-0.000079
-0.000115
-0.000073
0.000064
-0.000018
-0.000233
-0.000275
-0.000266
-0.000237
-0.000031
0.000126
0.000118
0.000181
0.000216
-0.000012
-0.000162
-0.000043
-0.000186
-0.000513
-0.000318
0.000164
0.000174
-0.000126
-0.000169
-0.000032
0.000080
0.000090
-0.000153
-0.000279
0.000004
0.000177
0.000051
0.000070
0.000314
0.000420
0.000313
0.000215
0.000127
-0.000006
-0.000053
0.000012
0.000056
0.000077
0.000151
0.000097
-0.000156
-0.000313
-0.000258
-0.000117
0.000015
0.000019
-0.000075
-0.000079
-0.000090
-0.000226
-0.000182
0.000082
0.000068
-0.000062
0.000177
0.000217
-0.000162
-0.000100
0.000228
0.000031
-0.000177
0.000110
0.000205
-0.000054
0.000025
0.000220
0.000030
-0.000035
0.000142
0.000025
-0.000134
-0.000081
-0.000140
-0.000082
0.000136
-0.000123
-0.000466
-0.000123
0.000229
-0.000055
-0.000224
0.000051
0.000113
-0.000008
0.000102
0.000189
0.000103
0.000047
0.000011
0.000080
0.000251
0.000109
-0.000301
-0.000385
-0.000022
0.000228
0.000058
-0.000115
0.000028
0.000202
0.000050
-0.000130
0.000016
0.000049
-0.000134
-0.000151
-0.000133
-0.000109
-0.000038
-0.000085
0.000083
0.000476
0.000381
-0.000033
0.000009
0.000283
0.000254
0.000067
-0.000129
-0.000308
-0.000284
-0.000091
-0.000091
-0.000340
-0.000392
-0.000100
0.000205
0.000137
-0.000237
-0.000162
0.000387
0.000365
-0.000144
-0.000015
0.000444
0.000199
-0.000127
0.000299
0.000578
0.000119
-0.000172
-0.000032
-0.000092
-0.000214
-0.000115
-0.000132
-0.000191
-0.000174
-0.000472
-0.000749
-0.000340
0.000115
-0.000049
-0.000123
0.000122
-0.000027
-0.000382
-0.000235
0.000259
0.000518
0.000471
0.000349
0.000287
0.000405
0.000428
0.000094
-0.000109
-0.000057
-0.000170
-0.000112
0.000218
0.000176
0.000036
0.000085
-0.000202
-0.000392
-0.000019
0.000097
-0.000178
-0.000041
0.000289
0.000216
0.000064
-0.000003
-0.000268
-0.000436
-0.000347
-0.000392
-0.000211
0.000424
0.000480
-0.000129
-0.000245
0.000065
0.000016
-0.000094
0.000134
0.000236
0.000098
0.000065
-0.000015
-0.000115
-0.000077
-0.000099
-0.000008
0.000283
0.000335
0.000090
-0.000075
-0.000073
-0.000005
0.000081
0.000013
-0.000178
-0.000307
-0.000280
0.000026
0.000217
-0.000053
-0.000169
0.000137
0.000238
-0.000009
-0.000106
-0.000011
-0.000123
-0.000331
-0.000180
0.000138
0.000176
0.000073
0.000102
0.000291
0.000340
0.000035
-0.000112
0.000074
0.000143
0.000018
-0.000112
-0.000065
0.000121
0.000153
-0.000160
-0.000505
-0.000379
-0.000073
-0.000053
-0.000150
-0.000125
0.000087
0.000264
0.000090
-0.000130
0.000053
0.000252
0.000134
0.000164
0.000446
0.000431
0.000052
-0.000180
-0.000259
-0.000394
-0.000311
-0.000101
-0.000135
-0.000186
0.000043
0.000303
0.000216
0.000052
0.000037
-0.000153
-0.000170
0.000087
-0.000064
-0.000262
0.000058
0.000293
-0.000027
-0.000335
-0.000261
-0.000285
-0.000297
0.000052
0.000307
0.000443
0.000533
0.000398
0.000493
0.000578
-0.000018
-0.000533
-0.000376
-0.000351
-0.000541
-0.000258
0.000031
-0.000120
-0.000083
0.000130
-0.000035
-0.000072
0.000349
0.000345
0.000072
0.000319
0.000231
-0.000227
0.000065
0.000207
-0.000231
0.000135
0.000655
0.000098
-0.000286
0.000066
-0.000182
-0.000628
-0.000115
0.000218
-0.000184
-0.000131
0.000231
0.000111
-0.000193
-0.000232
-0.000204
-0.000382
-0.000369
0.000088
0.000356
-0.000037
-0.000401
-0.000095
0.000177
-0.000010
-0.000017
0.000246
0.000326
0.000256
0.000168
-0.000007
-0.000069
-0.000059
-0.000224
-0.000282
-0.000099
0.000080
0.000066
0.000017
0.000177
0.000183
-0.000004
0.000094
0.000248
0.000109
-0.000055
-0.000081
-0.000117
-0.000090
0.000127
0.000229
0.000051
-0.000012
0.000186
0.000418
0.000283
-0.000371
-0.000683
-0.000351
-0.000234
-0.000212
0.000152
0.000325
0.000161
-0.000029
-0.000220
-0.000262
-0.000157
-0.000138
-0.000150
-0.000081
0.000028
0.000185
0.000332
0.000162
-0.000057
0.000214
0.000346
-0.000042
-0.000071
0.000310
0.000298
-0.000044
-0.000120
0.000052
0.000072
-0.000049
-0.000148
-0.000145
-0.000055
-0.000058
-0.000131
-0.000189
-0.000216
-0.000218
-0.000328
-0.000416
-0.000134
0.000253
0.000136
-0.000034
0.000169
-0.000052
-0.000311
0.000329
0.000667
0.000199
0.000319
0.000678
0.000026
-0.000556
-0.000013
0.000292
-0.000107
0.000122
0.000605
0.000263
-0.000214
-0.000205
-0.000038
-0.000104
-0.000471
-0.000430
0.000097
0.000025
-0.000508
-0.000532
-0.000349
-0.000385
-0.000235
0.000136
0.000392
0.000304
-0.000199
-0.000377
0.000246
0.000574
0.000050
-0.000179
0.000345
0.000727
0.000607
0.000564
0.000662
0.000376
-0.000015
-0.000087
-0.000126
-0.000383
-0.000616
-0.000478
-0.000386
-0.000615
-0.000477
-0.000019
-0.000108
-0.000528
-0.000448
-0.000255
-0.000520
-0.000586
-0.000051
0.000506
0.000691
0.000597
0.000386
0.000333
0.000530
0.000643
0.000615
0.000505
0.000130
-0.000296
-0.000489
-0.000678
-0.000857
-0.000656
-0.000197
0.000098
0.000229
0.000407
0.000574
0.000445
-0.000037
-0.000456
-0.000456
-0.000190
0.000069
0.000285
0.000450
0.000538
0.000575
0.000513
0.000357
0.000209
0.000099
0.000120
0.000275
0.000321
0.000295
0.000388
0.000270
-0.000226
-0.000566
-0.000568
-0.000649
-0.000888
-0.000984
-0.000837
-0.000580
-0.000435
-0.000638
-0.000978
-0.000827
-0.000239
0.000058
-0.000032
0.000009
0.000238
0.000467
0.000720
0.000824
0.000747
0.000728
0.000634
0.000412
0.000417
0.000612
0.000767
0.000967
0.000905
0.000333
-0.000095
-0.000120
-0.000169
-0.000164
-0.000147
-0.000586
-0.001074
-0.000995
-0.000748
-0.000587
-0.000335
-0.000374
-0.000666
-0.000523
-0.000163
0.000016
0.000203
0.000224
0.000052
0.000180
0.000464
0.000343
0.000045
-0.000029
0.000018
0.000316
0.000810
0.000814
0.000106
-0.001073
-0.002681
-0.004001
-0.003659
-0.001680
0.000197
0.001037
0.001689
0.002665
0.003146
0.002819
0.002484
0.002127
0.000892
-0.000390
0.000137
0.001943
0.002910
0.002730
0.002334
0.001695
0.000609
-0.000372
-0.001062
-0.001883
-0.002825
-0.003319
-0.002864
-0.001700
-0.000940
-0.001340
-0.002285
-0.002891
-0.003201
-0.003333
-0.002861
-0.001990
-0.001589
-0.001417
-0.000443
0.000982
0.001536
0.001182
0.000952
0.001114
0.001379
0.001907
0.002705
0.003214
0.003371
0.003903
0.004815
0.004896
0.003731
0.002547
0.002041
0.001541
0.000805
0.000234
-0.000415
-0.001494
-0.002446
-0.002752
-0.002976
-0.003778
-0.004710
-0.004921
-0.004457
-0.003961
-0.003492
-0.002746
-0.002049
-0.001736
-0.001168
0.000025
0.000892
0.000890
0.000985
0.001764
0.002509
0.002800
0.002982
0.002969
0.002410
0.001852
0.002075
0.002603
0.002533
0.002056
0.001787
0.001642
0.001300
0.000823
0.000237
-0.000696
-0.001701
-0.001976
-0.001608
-0.001743
-0.002656
-0.003111
-0.002507
-0.002046
-0.002490
-0.002734
-0.002278
-0.002915
-0.005768
-0.008052
-0.005858
-0.000356
0.003073
0.003186
0.004083
0.006594
0.007136
0.005833
0.005865
0.005918
0.003200
0.000820
0.002878
0.006474
0.006632
0.004223
0.002626
0.001664
-0.000278
-0.002492
-0.003775
-0.004940
-0.006864
-0.007936
-0.006160
-0.003036
-0.002302
-0.004492
-0.006274
-0.006058
-0.005786
-0.006007
-0.004798
-0.002611
-0.001766
-0.001107
0.001980
0.005498
0.005715
0.003777
0.003177
0.003867
0.004170
0.004732
0.006283
0.007206
0.006401
0.005330
0.005220
0.004805
0.002539
-0.000641
-0.002601
-0.002900
-0.002362
-0.001164
0.000178
0.000024
-0.001655
-0.002684
-0.002666
-0.003619
-0.005691
-0.006703
-0.006051
-0.004966
-0.003773
-0.002358
-0.001763
-0.002478
-0.002866
-0.001591
0.000181
0.000947
0.001414
0.002888
0.004795
0.005853
0.006049
0.005684
0.004467
0.002937
0.002439
0.002825
0.002592
0.001534
0.000868
0.000797
0.000255
-0.000944
-0.001851
-0.002278
-0.002793
-0.003010
-0.002336
-0.001772
-0.002345
-0.002966
-0.002483
-0.001857
-0.002052
-0.002203
-0.001543
-0.000863
-0.000854
-0.000697
0.000255
0.000800
-0.000067
-0.001478
-0.003564
-0.007538
-0.009858
-0.004864
0.003747
0.006849
0.005763
0.008246
0.012411
0.011713
0.008562
0.007621
0.005808
0.001170
-0.000393
0.003882
0.007736
0.006343
0.002545
0.000084
-0.001615
-0.004500
-0.008264
-0.011089
-0.012528
-0.013369
-0.012511
-0.008267
-0.003657
-0.003889
-0.007488
-0.008210
-0.005718
-0.004616
-0.004583
-0.002068
0.001537
0.003501
0.006188
0.011158
0.013915
0.011578
0.008226
0.007740
0.008603
0.008538
0.008001
0.007745
0.007183
0.005735
0.003745
0.001843
-0.000286
-0.003649
-0.007484
-0.009193
-0.008441
-0.007735
-0.007792
-0.007320
-0.006788
-0.007118
-0.007202
-0.006599
-0.006561
-0.006639
-0.004973
-0.001912
0.000713
0.002537
0.004080
0.005190
0.005722
0.006153
0.006830
0.007402
0.007357
0.006995
0.007061
0.007191
0.006204
0.004132
0.002106
0.000502
-0.000973
-0.002166
-0.003012
-0.004037
-0.005266
-0.005971
-0.006075
-0.006317
-0.006755
-0.006633
-0.005743
-0.004544
-0.003213
-0.001700
-0.000352
0.000349
0.000453
0.000937
0.002917
0.005492
0.006465
0.006189
0.006458
0.006355
0.004652
0.002969
0.002201
0.000769
-0.002031
-0.005881
-0.010905
-0.014642
-0.012172
-0.004303
0.001364
0.002201
0.003782
0.008191
0.010678
0.009417
0.007370
0.005140
0.001852
0.000468
0.003652
0.007813
0.007940
0.004673
0.001836
0.000403
-0.001626
-0.005449
-0.009836
-0.012908
-0.013958
-0.012738
-0.009105
-0.005084
-0.004159
-0.006225
-0.007107
-0.005132
-0.003198
-0.002789
-0.001803
0.000828
0.004036
0.007714
0.011886
0.014260
0.013040
0.010292
0.009063
0.009194
0.008558
0.006552
0.004446
0.003266
0.002493
0.000847
-0.001972
-0.004887
-0.006930
-0.008077
-0.008421
-0.008162
-0.008013
-0.007967
-0.007239
-0.006262
-0.006056
-0.006043
-0.005181
-0.003716
-0.002070
-0.000069
0.001972
0.003384
0.004291
0.005252
0.006214
0.006676
0.006601
0.006547
0.006778
0.006790
0.006175
0.005203
0.004022
0.002388
0.000556
-0.000852
-0.001894
-0.003085
-0.004368
-0.005235
-0.005711
-0.006313
-0.006960
-0.007005
-0.006432
-0.005655
-0.004457
-0.002683
-0.001145
-0.000289
0.000787
0.002801
0.005097
0.006477
0.006296
0.005284
0.005259
0.006430
0.006312
0.003704
0.001108
0.000529
0.000578
-0.000026
-0.000446
-0.000659
-0.002637
-0.008070
-0.016211
-0.022621
-0.021594
-0.013307
-0.004590
0.001117
0.007661
0.016471
0.022235
0.021856
0.018172
0.012992
0.006305
0.001895
0.003705
0.008236
0.009165
0.006520
0.004189
0.002313
-0.001825
-0.008662
-0.016144
-0.022140
-0.024888
-0.023113
-0.017528
-0.011384
-0.007927
-0.006920
-0.005351
-0.002243
-0.000084
-0.000189
-0.000163
0.002329
0.006929
0.012662
0.018585
0.022263
0.021818
0.019054
0.016824
0.014634
0.010348
0.004546
-0.000027
-0.002045
-0.002458
-0.003111
-0.005730
-0.010375
-0.014686
-0.016861
-0.017697
-0.017817
-0.016382
-0.013593
-0.010503
-0.006487
-0.000902
0.003767
0.004876
0.004253
0.005427
0.008251
0.010119
0.010298
0.009992
0.009839
0.009633
0.009311
0.008513
0.006274
0.002817
0.000234
-0.000374
-0.000669
-0.002350
-0.004659
-0.006071
-0.006474
-0.006571
-0.006844
-0.007569
-0.008479
-0.008507
-0.007031
-0.005018
-0.003789
-0.003043
-0.001477
0.001043
0.003463
0.005127
0.006052
0.006461
0.006763
0.007263
0.007785
0.007823
0.006974
0.005656
0.004781
0.003874
0.001544
-0.001553
-0.003689
-0.005230
-0.006677
-0.006746
-0.005935
-0.006475
-0.007235
-0.005295
-0.001769
-0.000724
-0.005185
-0.015455
-0.025538
-0.025020
-0.012501
0.001284
0.010044
0.018840
0.030666
0.039737
0.040444
0.032786
0.019451
0.005122
-0.003675
-0.004124
-0.000953
-0.000972
-0.004946
-0.008271
-0.009011
-0.010951
-0.017546
-0.026624
-0.033040
-0.033653
-0.028275
-0.018806
-0.008968
-0.002058
0.002592
0.008112
0.014247
0.017000
0.014984
0.011809
0.011413
0.014566
0.019568
0.023408
0.023400
0.019843
0.015529
0.011613
0.006253
-0.001898
-0.010804
-0.016659
-0.017978
-0.017005
-0.016262
-0.015745
-0.015143
-0.014999
-0.014218
-0.011601
-0.008996
-0.007723
-0.005550
-0.001053
0.004184
0.009116
0.013579
0.015963
0.015470
0.014202
0.013544
0.011986
0.008564
0.005000
0.003165
0.002680
0.001980
0.000387
-0.001954
-0.004881
-0.007613
-0.008989
-0.009286
-0.009798
-0.010263
-0.009087
-0.006305
-0.003816
-0.002627
-0.002000
-0.001162
-0.000049
0.001449
0.003316
0.004714
0.005041
0.005248
0.006301
0.007158
0.006384
0.004567
0.003230
0.002709
0.002328
0.001503
0.000173
-0.001164
-0.001946
-0.002418
-0.003454
-0.004897
-0.005242
-0.004223
-0.003538
-0.003568
-0.002904
-0.001686
-0.000994
-0.000285
0.000271
-0.000995
-0.002165
0.000926
0.005999
0.006685
0.003030
-0.001899
-0.010035
-0.018813
-0.016763
-0.004707
0.001300
0.001505
0.012038
0.027824
0.029436
0.021129
0.018648
0.016507
0.005156
-0.004838
-0.004552
-0.004014
-0.009700
-0.012502
-0.007901
-0.004889
-0.009596
-0.016638
-0.019776
-0.020053
-0.020074
-0.018012
-0.011971
-0.004715
0.000734
0.005987
0.012845
0.017666
0.016636
0.013222
0.012772
0.013773
0.012542
0.010975
0.011487
0.011259
0.008363
0.005369
0.002584
-0.002884
-0.009777
-0.013674
-0.014261
-0.014543
-0.015387
-0.015064
-0.012112
-0.007356
-0.003581
-0.002244
-0.001730
-0.000304
0.002002
0.004728
0.007302
0.009079
0.010335
0.011507
0.011786
0.010125
0.006883
0.003364
0.000342
-0.002058
-0.003639
-0.004405
-0.004869
-0.005148
-0.004830
-0.004269
-0.004425
-0.005034
-0.004812
-0.003554
-0.002102
-0.000843
0.000271
0.001210
0.002030
0.002707
0.002940
0.002663
0.002167
0.001729
0.001657
0.002002
0.002273
0.002182
0.001856
0.001270
0.000561
0.000028
-0.000710
-0.001930
-0.002719
-0.002400
-0.001812
-0.001939
-0.002337
-0.001777
-0.000187
0.000948
0.000707
0.000005
-0.000133
0.000212
0.000752
0.001040
0.000523
0.000185
0.001423
0.002652
0.001337
-0.000544
0.001312
0.004436
-0.000408
-0.015682
-0.030542
-0.032931
-0.021928
-0.005243
0.009734
0.020992
0.030902
0.039930
0.043018
0.035735
0.020867
0.005521
-0.004783
-0.008292
-0.007554
-0.007147
-0.008508
-0.009692
-0.010616
-0.014297
-0.022118
-0.031024
-0.036214
-0.034936
-0.027667
-0.016993
-0.005541
0.005544
0.016175
0.025209
0.029870
0.028499
0.023046
0.017769
0.015636
0.016118
0.016515
0.015285
0.013048
0.010283
0.005961
-0.001095
-0.010675
-0.020673
-0.027681
-0.029439
-0.026925
-0.022795
-0.018288
-0.012968
-0.006710
-0.000740
0.003243
0.004769
0.005210
0.006296
0.008360
0.010840
0.013582
0.015994
0.016663
0.015827
0.015328
0.014604
0.010987
0.004714
-0.001053
-0.005064
-0.008627
-0.012272
-0.015069
-0.016375
-0.016181
-0.014597
-0.012209
-0.010015
-0.008051
-0.004991
-0.000270
0.004523
0.007781
0.009897
0.011688
0.012637
0.012007
0.010063
0.007417
0.004468
0.001724
-0.000378
-0.002123
-0.004037
-0.005680
-0.006147
-0.005739
-0.005445
-0.005154
-0.004177
-0.002661
-0.001156
0.000102
0.000993
0.001505
0.001773
0.001951
0.002162
0.002143
0.001651
0.001496
0.002213
0.002590
0.001998
0.001899
0.002877
0.002869
0.000389
-0.002271
-0.002243
-0.001426
-0.002810
-0.003990
-0.002518
-0.001095
-0.000294
0.002163
0.002545
-0.005485
-0.021088
-0.035883
-0.037827
-0.021161
0.002169
0.016507
0.026480
0.043149
0.056930
0.052745
0.036066
0.019976
0.005558
-0.008445
-0.016211
-0.016414
-0.016446
-0.018629
-0.017532
-0.014236
-0.017256
-0.027082
-0.034813
-0.035961
-0.032710
-0.025631
-0.013674
0.001415
0.016566
0.029364
0.037435
0.039319
0.035508
0.028295
0.021131
0.015815
0.011036
0.006202
0.003249
0.002168
-0.000352
-0.006017
-0.013197
-0.020237
-0.026330
-0.029821
-0.029251
-0.025248
-0.019051
-0.010835
-0.001234
0.007457
0.013197
0.015927
0.016531
0.015665
0.014150
0.012822
0.011549
0.009846
0.008327
0.007467
0.005563
0.000655
-0.006111
-0.011131
-0.012055
-0.010286
-0.009051
-0.008559
-0.006453
-0.003200
-0.001369
-0.001030
-0.000970
-0.001049
-0.000767
0.000665
0.002597
0.003933
0.004707
0.005343
0.005611
0.004999
0.003671
0.002593
0.002159
0.001510
0.000303
-0.000650
-0.001177
-0.001873
-0.002797
-0.003788
-0.004874
-0.005648
-0.005424
-0.004275
-0.003150
-0.002518
-0.001574
0.000292
0.002185
0.003110
0.003462
0.004061
0.004853
0.005287
0.005135
0.004548
0.003764
0.002832
0.001419
-0.000579
-0.002289
-0.002883
-0.002835
-0.003259
-0.004666
-0.005941
-0.004789
-0.001350
0.001136
0.001425
0.000961
-0.000367
-0.002430
-0.001356
0.004716
0.008512
0.000200
-0.018821
-0.034995
-0.035662
-0.020600
-0.001264
0.013043
0.025385
0.040779
0.052673
0.051503
0.039123
0.023068
0.005953
-0.009946
-0.019487
-0.022493
-0.023699
-0.023688
-0.020140
-0.016153
-0.017161
-0.021926
-0.025269
-0.026125
-0.025340
-0.020413
-0.009274
0.005288
0.019210
0.030512
0.037687
0.039404
0.036006
0.028613
0.018182
0.006761
-0.002355
-0.006888
-0.007624
-0.007783
-0.009687
-0.012453
-0.014088
-0.014778
-0.016173
-0.018281
-0.019045
-0.016457
-0.009985
-0.000784
0.008590
0.015570
0.019340
0.020578
0.019682
0.016510
0.011461
0.005635
0.000169
-0.004251
-0.007527
-0.009442
-0.009601
-0.009204
-0.010302
-0.012033
-0.011752
-0.009418
-0.006135
-0.001814
0.002677
0.006700
0.011912
0.017551
0.019235
0.015766
0.010319
0.005041
-0.000168
-0.005317
-0.009439
-0.011271
-0.010701
-0.008852
-0.006543
-0.004419
-0.003351
-0.002806
-0.001323
0.000837
0.002502
0.003834
0.005188
0.005817
0.005166
0.003602
0.001614
-0.000615
-0.002909
-0.004631
-0.004897
-0.003599
-0.001518
0.000626
0.002284
0.003006
0.003243
0.003739
0.003868
0.002818
0.001521
0.000911
0.000301
-0.000717
-0.001565
-0.002449
-0.003835
-0.004872
-0.004683
-0.003608
-0.002391
-0.001630
-0.001019
0.000805
0.003954
0.006601
0.007218
0.005564
0.002479
-0.000133
-0.000264
0.001589
0.000451
-0.009173
-0.025559
-0.037963
-0.034707
-0.015985
0.004279
0.016168
0.026106
0.041207
0.052619
0.048853
0.034327
0.019659
0.005746
-0.009138
-0.019831
-0.023070
-0.023893
-0.025613
-0.024736
-0.020909
-0.019703
-0.022220
-0.023487
-0.021467
-0.017642
-0.010824
0.000990
0.014932
0.025863
0.032491
0.036480
0.037480
0.032884
0.022163
0.008801
-0.002583
-0.009576
-0.012520
-0.013532
-0.014831
-0.016485
-0.016360
-0.013683
-0.011228
-0.011661
-0.013182
-0.011637
-0.005664
0.002641
0.010720
0.017034
0.020727
0.021720
0.020505
0.017006
0.010785
0.002833
-0.004468
-0.009680
-0.013026
-0.014902
-0.015412
-0.014894
-0.013608
-0.011640
-0.009286
-0.006636
-0.003258
0.001467
0.007583
0.013488
0.017337
0.019433
0.020051
0.017519
0.011689
0.004953
-0.001356
-0.007361
-0.012320
-0.014831
-0.014375
-0.011834
-0.008809
-0.006180
-0.003727
-0.001164
0.001556
0.004201
0.005808
0.005832
0.005315
0.005069
0.004212
0.001936
-0.001081
-0.003733
-0.005455
-0.005969
-0.005277
-0.003821
-0.001845
0.000845
0.003958
0.006390
0.007365
0.007311
0.006912
0.005888
0.003698
0.000783
-0.001929
-0.004135
-0.005952
-0.007043
-0.006823
-0.005612
-0.004696
-0.004490
-0.003447
-0.000411
0.002908
0.004547
0.005454
0.006369
0.005486
0.002987
0.002136
0.003313
0.003128
0.000163
-0.003328
-0.004610
-0.003171
-0.002700
-0.009345
-0.023493
-0.035373
-0.033305
-0.015944
0.005743
0.020987
0.031641
0.044626
0.055479
0.052745
0.036303
0.016885
0.000119
-0.015294
-0.027363
-0.032028
-0.031372
-0.029985
-0.027153
-0.021282
-0.016252
-0.015517
-0.016116
-0.014267
-0.010054
-0.003337
0.007335
0.019858
0.029254
0.033857
0.035710
0.034978
0.028605
0.015377
-0.000779
-0.013898
-0.020798
-0.022316
-0.021299
-0.019914
-0.017921
-0.013475
-0.006520
-0.000553
0.001080
-0.000070
0.000555
0.004625
0.009990
0.014401
0.017145
0.018093
0.017232
0.014482
0.009366
0.001764
-0.006966
-0.014530
-0.019380
-0.021283
-0.020433
-0.017195
-0.012781
-0.008535
-0.004337
0.000382
0.004526
0.006511
0.006694
0.007388
0.011110
0.017514
0.022094
0.021156
0.016415
0.010914
0.004265
-0.004468
-0.013351
-0.019270
-0.020507
-0.017594
-0.012610
-0.007464
-0.003121
0.000176
0.002732
0.004543
0.005087
0.004733
0.004505
0.004309
0.003610
0.002837
0.002164
0.000665
-0.002025
-0.004742
-0.005987
-0.005217
-0.003072
-0.000641
0.001649
0.004064
0.006435
0.007763
0.007098
0.004521
0.001417
-0.000596
-0.001453
-0.002434
-0.003938
-0.005071
-0.005333
-0.004932
-0.003961
-0.002421
-0.000439
0.001689
0.003451
0.004516
0.004701
0.003905
0.002994
0.003176
0.003488
0.001257
-0.003769
-0.008100
-0.008706
-0.006460
-0.004112
-0.002699
-0.000972
0.002240
0.005520
0.005212
-0.002184
-0.016648
-0.029648
-0.027236
-0.007523
0.012976
0.022710
0.030833
0.044947
0.052590
0.041976
0.021581
0.003801
-0.012140
-0.028207
-0.037171
-0.035856
-0.031709
-0.028281
-0.020873
-0.010308
-0.004435
-0.004619
-0.004978
-0.003296
-0.000825
0.004418
0.013974
0.023225
0.027280
0.027935
0.028394
0.025943
0.016031
0.000249
-0.014565
-0.023315
-0.025758
-0.024282
-0.021113
-0.016950
-0.010787
-0.002068
0.006355
0.009933
0.008221
0.005870
0.006516
0.009057
0.010991
0.011860
0.012165
0.011608
0.009526
0.005542
-0.000575
-0.008326
-0.015679
-0.020279
-0.021491
-0.020022
-0.016144
-0.010030
-0.003187
0.002463
0.006532
0.009516
0.011053
0.010713
0.009426
0.008361
0.008055
0.009125
0.011011
0.011169
0.008460
0.004396
-0.000363
-0.006564
-0.013287
-0.017527
-0.017110
-0.013073
-0.008161
-0.003520
0.001032
0.004764
0.006589
0.006465
0.004975
0.002973
0.001653
0.001521
0.001810
0.001654
0.001010
0.000093
-0.001323
-0.003290
-0.004784
-0.004570
-0.002820
-0.000720
0.001152
0.002887
0.004203
0.004575
0.003919
0.002346
0.000260
-0.001190
-0.001301
-0.000965
-0.001106
-0.001195
-0.000561
0.000176
0.000166
-0.000192
-0.000060
0.000320
0.000298
0.000293
0.000874
0.001014
-0.000323
-0.001561
-0.000966
-0.000330
-0.001626
-0.003011
-0.002513
-0.001181
-0.000523
-0.000954
-0.001417
0.000021
0.002090
0.001085
-0.003512
-0.010711
-0.019478
-0.022292
-0.010574
0.008680
0.020217
0.024952
0.033977
0.042707
0.037165
0.019826
0.004544
-0.006965
-0.020566
-0.031252
-0.031633
-0.027241
-0.025032
-0.020806
-0.011367
-0.003845
-0.002912
-0.003005
0.000178
0.003869
0.007014
0.012463
0.019105
0.022249
0.021810
0.021135
0.018912
0.010718
-0.002379
-0.013871
-0.020051
-0.022389
-0.022223
-0.019079
-0.013752
-0.007569
-0.000128
0.007680
0.011946
0.011248
0.009457
0.009722
0.010472
0.009713
0.008378
0.007544
0.006270
0.003614
-0.000035
-0.004390
-0.009621
-0.014689
-0.017522
-0.017439
-0.015556
-0.012392
-0.007293
-0.000762
0.005133
0.009100
0.011178
0.011205
0.009129
0.006580
0.005461
0.005319
0.005047
0.005298
0.006013
0.005318
0.002706
-0.000966
-0.005480
-0.009918
-0.012167
-0.011167
-0.007904
-0.004110
-0.000422
0.003341
0.006270
0.006938
0.005533
0.003261
0.000791
-0.001326
-0.002410
-0.002516
-0.002316
-0.002217
-0.002149
-0.001963
-0.001825
-0.001871
-0.001657
-0.000738
0.000646
0.002078
0.003416
0.004374
0.004480
0.003691
0.002463
0.001197
0.000156
-0.000403
-0.000534
-0.000634
-0.000856
-0.000989
-0.001066
-0.001360
-0.001674
-0.001485
-0.000804
-0.000205
0.000042
0.000310
0.000685
0.000376
-0.000810
-0.001513
-0.001009
-0.000559
-0.001085
-0.001959
-0.002394
-0.001675
0.000349
0.001988
0.001933
0.001528
0.001793
0.001450
-0.000831
-0.006399
-0.015498
-0.020988
-0.013044
0.003835
0.014510
0.017767
0.025169
0.034912
0.032884
0.018658
0.005144
-0.004506
-0.016102
-0.026168
-0.027072
-0.022923
-0.020907
-0.017122
-0.007244
0.001490
0.002526
0.000949
0.002323
0.004026
0.004201
0.006405
0.011007
0.013290
0.012595
0.012922
0.013545
0.009036
-0.000923
-0.010325
-0.015472
-0.017672
-0.017892
-0.015290
-0.010464
-0.004727
0.002278
0.009893
0.014378
0.013723
0.011053
0.009722
0.008810
0.006355
0.003212
0.001131
-0.000086
-0.001534
-0.003401
-0.005693
-0.008749
-0.011870
-0.013381
-0.012806
-0.011200
-0.008880
-0.004817
0.000942
0.006405
0.010057
0.011986
0.012289
0.010706
0.007792
0.004582
0.001478
-0.001713
-0.004851
-0.006300
-0.004052
0.000407
0.002824
0.002327
0.001703
0.001695
0.000664
-0.001611
-0.003637
-0.004116
-0.002913
-0.000887
0.000932
0.001660
0.001008
-0.000020
-0.000558
-0.001381
-0.002866
-0.003562
-0.002646
-0.001095
0.000340
0.001655
0.002346
0.001875
0.000873
0.000312
0.000097
-0.000372
-0.000853
-0.000502
0.000784
0.002140
0.002795
0.002675
0.001948
0.000913
0.000233
0.000138
-0.000018
-0.000529
-0.000828
-0.000675
-0.000621
-0.001033
-0.001520
-0.001586
-0.001364
-0.001121
-0.000687
-0.000092
0.000261
0.000232
-0.000178
-0.000692
-0.000550
0.000051
0.000050
-0.000151
0.000314
0.000352
-0.000698
-0.000736
0.001030
0.001438
-0.000754
-0.002090
-0.002864
-0.008713
-0.016755
-0.014501
-0.000878
0.009977
0.013198
0.019117
0.029110
0.030468
0.019793
0.008032
-0.000032
-0.009864
-0.020368
-0.023718
-0.021006
-0.019271
-0.017005
-0.009270
-0.000616
0.001791
0.000629
0.001887
0.004094
0.003923
0.004005
0.007041
0.010009
0.010513
0.011069
0.012329
0.010125
0.002926
-0.004979
-0.010195
-0.013728
-0.016196
-0.015643
-0.011631
-0.006167
-0.000088
0.006603
0.011675
0.012682
0.010882
0.009188
0.007687
0.004772
0.001220
-0.000580
-0.000571
-0.000831
-0.002102
-0.003588
-0.005279
-0.007494
-0.009274
-0.009663
-0.009163
-0.008141
-0.005505
-0.000792
0.004152
0.007445
0.009293
0.010231
0.009579
0.007178
0.004262
0.001466
-0.001650
-0.004448
-0.005356
-0.004600
-0.004006
-0.003934
-0.002843
0.000089
0.003513
0.005533
0.005993
0.005943
0.005541
0.004197
0.001896
-0.000838
-0.003356
-0.004991
-0.005659
-0.005997
-0.006400
-0.006484
-0.005647
-0.003934
-0.001999
-0.000153
0.001836
0.003866
0.005378
0.006031
0.005734
0.004459
0.002616
0.001001
-0.000013
-0.000781
-0.001635
-0.002265
-0.002181
-0.001484
-0.000749
-0.000257
0.000168
0.000644
0.001120
0.001546
0.001704
0.001338
0.000669
0.000149
-0.000229
-0.000784
-0.001517
-0.002037
-0.002031
-0.001669
-0.001353
-0.001105
-0.000733
-0.000383
-0.000197
-0.000052
-0.000082
-0.000190
0.000444
0.001669
0.001971
0.001127
0.000350
-0.000043
-0.000046
0.000747
0.001056
-0.001399
-0.006400
-0.010892
-0.011479
-0.007322
-0.001051
0.005042
0.011717
0.018953
0.023176
0.021260
0.014427
0.006075
-0.002083
-0.009587
-0.015337
-0.018334
-0.018385
-0.015397
-0.009911
-0.004199
-0.000728
0.000535
0.001527
0.003033
0.004090
0.004312
0.004617
0.005556
0.006988
0.008692
0.009535
0.007855
0.003745
-0.000976
-0.005082
-0.008632
-0.011551
-0.012881
-0.011804
-0.008547
-0.003927
0.001100
0.005381
0.008198
0.009761
0.010320
0.009541
0.007436
0.004921
0.002827
0.001138
-0.000495
-0.002195
-0.003871
-0.005224
-0.005974
-0.006412
-0.007077
-0.007782
-0.007647
-0.006101
-0.003386
-0.000229
0.002690
0.005048
0.006797
0.007805
0.007756
0.006499
0.004298
0.001712
-0.000671
-0.002533
-0.003816
-0.004290
-0.003800
-0.002873
-0.002042
-0.001010
0.000661
0.002634
0.004123
0.004881
0.005203
0.004940
0.003627
0.001464
-0.000927
-0.003188
-0.005044
-0.006136
-0.006378
-0.006087
-0.005429
-0.004085
-0.002007
0.000079
0.001606
0.002773
0.003812
0.004571
0.004888
0.004641
0.003699
0.002271
0.000904
-0.000169
-0.001203
-0.002207
-0.002739
-0.002593
-0.002011
-0.001221
-0.000299
0.000623
0.001307
0.001611
0.001665
0.001615
0.001366
0.000820
0.000079
-0.000713
-0.001515
-0.002275
-0.002775
-0.002806
-0.002413
-0.001747
-0.000880
0.000090
0.000933
0.001393
0.001455
0.001354
0.001251
0.001197
0.001272
0.001307
0.001088
0.000716
-0.000187
-0.001698
-0.001815
0.000355
0.001577
-0.000702
-0.004607
-0.007241
-0.007635
-0.006421
-0.004142
-0.000017
0.006246
0.012735
0.016835
0.017135
0.014023
0.008868
0.002692
-0.003731
-0.009354
-0.013328
-0.014990
-0.013692
-0.009988
-0.005863
-0.002846
-0.000774
0.001284
0.003270
0.004184
0.003955
0.003545
0.003643
0.004537
0.005966
0.006697
0.005657
0.003168
0.000326
-0.002386
-0.005319
-0.008354
-0.010240
-0.009919
-0.007539
-0.003866
0.000241
0.003932
0.006747
0.008560
0.009016
0.007806
0.005461
0.003111
0.001354
-0.000076
-0.001396
-0.002349
-0.002872
-0.003211
-0.003469
-0.003761
-0.004279
-0.004891
-0.005089
-0.004357
-0.002701
-0.000746
0.001045
0.002757
0.004365
0.005418
0.005491
0.004549
0.002930
0.001057
-0.000793
-0.002468
-0.003886
-0.004652
-0.004015
-0.002071
0.000026
0.001817
0.003763
0.005662
0.006555
0.005854
0.003924
0.001690
-0.000377
-0.002255
-0.003674
-0.004500
-0.004989
-0.005077
-0.004548
-0.003709
-0.003011
-0.002361
-0.001370
-0.000005
0.001418
0.002752
0.004014
0.004935
0.005141
0.004670
0.003685
0.002072
-0.000029
-0.001890
-0.002955
-0.003354
-0.003336
-0.002751
-0.001522
-0.000122
0.000938
0.001618
0.001933
0.001670
0.000909
0.000149
-0.000295
-0.000472
-0.000489
-0.000500
-0.000747
-0.001250
-0.001632
-0.001601
-0.001397
-0.001326
-0.001159
-0.000568
0.000306
0.001179
0.001906
0.002232
0.001921
0.001289
0.000928
0.000770
0.000274
-0.000360
-0.000430
-0.000243
-0.000570
-0.000833
-0.000202
0.000436
-0.000067
-0.001584
-0.003517
-0.004895
-0.004725
-0.003423
-0.001824
0.000578
0.004335
0.008203
0.010227
0.010036
0.008488
0.005858
0.002105
-0.002037
-0.005532
-0.007799
-0.008492
-0.007488
-0.005422
-0.003445
-0.002081
-0.000835
0.000560
0.001445
0.001473
0.001268
0.001440
0.002029
0.002800
0.003500
0.003828
0.003451
0.002349
0.000835
-0.000999
-0.003165
-0.005167
-0.006285
-0.006211
-0.005089
-0.003251
-0.000969
0.001495
0.003682
0.005167
0.005826
0.005634
0.004675
0.003331
0.001989
0.000754
-0.000365
-0.001260
-0.001809
-0.002063
-0.002208
-0.002402
-0.002737
-0.003136
-0.003259
-0.002859
-0.002157
-0.001441
-0.000537
0.000730
0.001976
0.002731
0.003008
0.002964
0.002440
0.001328
0.000009
-0.001033
-0.001652
-0.001805
-0.001303
-0.000116
0.001311
0.002319
0.002676
0.002612
0.002158
0.001132
-0.000195
-0.001190
-0.001594
-0.001624
-0.001531
-0.001416
-0.001295
-0.001101
-0.000796
-0.000517
-0.000450
-0.000547
-0.000471
-0.000011
0.000528
0.000753
0.000702
0.000608
0.000523
0.000346
0.000031
-0.000320
-0.000570
-0.000628
-0.000455
-0.000146
0.000136
0.000391
0.000696
0.000937
0.000944
0.000770
0.000561
0.000311
0.000003
-0.000216
-0.000228
-0.000140
-0.000174
-0.000420
-0.000712
-0.000818
-0.000773
-0.000797
-0.000824
-0.000583
-0.000097
0.000335
0.000583
0.000722
0.000772
0.000621
0.000233
-0.000194
-0.000437
-0.000532
-0.000589
-0.000538
-0.000320
0.000074
0.000697
0.001173
0.000920
0.000485
0.000901
0.001408
0.000350
-0.001643
-0.002216
-0.001028
-0.000198
-0.000660
-0.000927
-0.000168
0.000558
0.000655
0.000667
0.000766
0.000784
0.001101
0.001851
0.002087
0.001166
0.000054
-0.000177
-0.000122
-0.000821
-0.001888
-0.002213
-0.001664
-0.000959
-0.000399
0.000227
0.000779
0.000943
0.000946
0.001042
0.000853
0.000092
-0.000727
-0.001028
-0.001020
-0.001165
-0.001339
-0.001218
-0.000966
-0.000845
-0.000673
-0.000249
0.000271
0.000781
0.001368
0.001850
0.001854
0.001520
0.001376
0.001424
0.001173
0.000511
-0.000173
-0.000606
-0.000824
-0.000885
-0.000860
-0.000928
-0.001083
-0.001020
-0.000658
-0.000381
-0.000429
-0.000493
-0.000267
-0.000039
-0.000257
-0.000642
-0.000478
0.000211
0.000704
0.000748
0.000712
0.000827
0.000914
0.000724
0.000343
0.000056
-0.000051
0.000004
0.000162
0.000167
-0.000020
-0.000048
0.000165
0.000329
0.000273
0.000084
-0.000018
0.000086
0.000230
0.000158
-0.000193
-0.000635
-0.000893
-0.000930
-0.000894
-0.000766
-0.000498
-0.000177
0.000221
0.000688
0.000915
0.000691
0.000222
-0.000219
-0.000549
-0.000724
-0.000692
-0.000489
-0.000207
0.000084
0.000350
0.000550
0.000647
0.000680
0.000745
0.000874
0.000967
0.000942
0.000831
0.000623
0.000259
-0.000193
-0.000599
-0.000944
-0.001232
-0.001382
-0.001358
-0.001228
-0.001049
-0.000832
-0.000576
-0.000302
-0.000037
0.000261
0.000616
0.000920
0.001080
0.001144
0.001151
0.001070
0.000832
0.000455
0.000132
-0.000072
-0.000394
-0.000950
-0.001439
-0.001486
-0.001090
-0.000587
-0.000170
0.000229
0.000547
0.000650
0.000593
0.000446
0.000348
0.000523
0.000730
0.000472
-0.000165
-0.000683
-0.000866
-0.000833
-0.000681
-0.000275
0.000404
0.000971
0.001152
0.001167
0.001196
0.001050
0.000671
0.000381
0.000317
0.000167
-0.000234
-0.000560
-0.000612
-0.000671
-0.000908
-0.001149
-0.001244
-0.001196
-0.001067
-0.000859
-0.000553
-0.000261
-0.000081
0.000081
0.000305
0.000506
0.000604
0.000651
0.000690
0.000651
0.000482
0.000269
0.000123
0.000067
0.000074
0.000084
0.000068
0.000064
0.000058
-0.000036
-0.000178
-0.000166
0.000061
0.000169
-0.000098
-0.000329
-0.000045
0.000471
0.000656
0.000447
0.000118
-0.000162
-0.000443
-0.000803
-0.001059
-0.000982
-0.000718
-0.000520
-0.000336
-0.000051
0.000222
0.000393
0.000598
0.000850
0.000902
0.000742
0.000662
0.000661
0.000487
0.000168
-0.000069
-0.000137
-0.000105
-0.000098
-0.000151
-0.000188
-0.000176
-0.000134
-0.000049
-0.000004
-0.000131
-0.000385
-0.000560
-0.000549
-0.000459
-0.000390
-0.000280
-0.000118
-0.000024
-0.000015
0.000046
0.000225
0.000408
0.000459
0.000396
0.000324
0.000323
0.000386
0.000409
0.000309
0.000083
-0.000178
-0.000311
-0.000255
-0.000098
0.000039
0.000046
-0.000122
-0.000355
-0.000493
-0.000498
-0.000441
-0.000406
-0.000396
-0.000292
-0.000023
0.000247
0.000302
0.000172
0.000014
-0.000166
-0.000420
-0.000615
-0.000467
0.000084
0.000684
0.000936
0.000824
0.000620
0.000495
0.000398
0.000301
0.000230
0.000115
-0.000089
-0.000256
-0.000255
-0.000100
0.000054
0.000018
-0.000213
-0.000351
-0.000205
-0.000018
-0.000109
-0.000318
-0.000266
-0.000025
0.000086
0.000088
0.000210
0.000438
0.000438
-0.000052
-0.000691
-0.000909
-0.000727
-0.000477
-0.000149
0.000327
0.000746
0.000930
0.000910
0.000807
0.000699
0.000525
0.000253
0.000036
-0.000016
-0.000008
-0.000102
-0.000340
-0.000625
-0.000835
-0.000936
-0.000875
-0.000598
-0.000224
0.000033
0.000097
0.000107
0.000227
0.000380
0.000347
0.000125
-0.000050
-0.000019
0.000115
0.000164
0.000095
-0.000035
-0.000193
-0.000304
-0.000290
-0.000165
0.000000
0.000090
0.000022
-0.000089
-0.000039
0.000194
0.000444
0.000558
0.000489
0.000279
0.000026
-0.000164
-0.000234
-0.000215
-0.000185
-0.000162
-0.000107
-0.000038
-0.000030
-0.000080
-0.000114
-0.000121
-0.000121
-0.000062
0.000092
0.000234
0.000233
0.000133
0.000073
0.000060
-0.000015
-0.000196
-0.000385
-0.000406
-0.000228
-0.000011
0.000149
0.000300
0.000440
0.000497
0.000446
0.000321
0.000176
0.000048
-0.000047
-0.000086
-0.000093
-0.000149
-0.000223
-0.000226
-0.000206
-0.000242
-0.000300
-0.000317
-0.000298
-0.000277
-0.000204
-0.000006
0.000186
0.000178
0.000085
0.000140
0.000258
0.000200
-0.000009
-0.000154
-0.000193
-0.000231
-0.000241
-0.000108
0.000141
0.000389
0.000577
0.000695
0.000704
0.000551
0.000276
0.000051
-0.000019
-0.000001
0.000000
-0.000069
-0.000194
-0.000303
-0.000376
-0.000447
-0.000538
-0.000688
-0.000853
-0.000860
-0.000624
-0.000277
0.000030
0.000291
0.000517
0.000630
0.000605
0.000506
0.000408
0.000343
0.000279
0.000169
0.000042
-0.000033
-0.000070
-0.000123
-0.000162
-0.000124
-0.000063
-0.000091
-0.000190
-0.000197
-0.000082
-0.000032
-0.000101
-0.000099
0.000022
0.000112
0.000140
0.000157
0.000085
-0.000099
-0.000237
-0.000231
-0.000122
0.000067
0.000322
0.000536
0.000606
0.000572
0.000517
0.000418
0.000223
-0.000004
-0.000195
-0.000355
-0.000426
-0.000332
-0.000182
-0.000166
-0.000282
-0.000369
-0.000327
-0.000193
-0.000103
-0.000170
-0.000334
-0.000408
-0.000283
-0.000057
0.000093
0.000120
0.000138
0.000233
0.000339
0.000380
0.000341
0.000189
-0.000031
-0.000161
-0.000190
-0.000234
-0.000294
-0.000273
-0.000105
0.000191
0.000491
0.000641
0.000595
0.000442
0.000282
0.000095
-0.000152
-0.000372
-0.000442
-0.000388
-0.000349
-0.000351
-0.000314
-0.000259
-0.000239
-0.000202
-0.000104
-0.000009
0.000031
0.000087
0.000260
0.000468
0.000543
0.000501
0.000463
0.000431
0.000343
0.000170
-0.000098
-0.000402
-0.000583
-0.000572
-0.000496
-0.000458
-0.000373
-0.000145
0.000168
0.000425
0.000537
0.000500
0.000362
0.000205
0.000107
0.000086
0.000066
-0.000041
-0.000218
-0.000341
-0.000309
-0.000174
-0.000089
-0.000094
-0.000113
-0.000124
-0.000106
0.000018
0.000227
0.000398
0.000443
0.000367
0.000254
0.000143
0.000002
-0.000139
-0.000212
-0.000242
-0.000318
-0.000450
-0.000550
-0.000539
-0.000444
-0.000324
-0.000181
-0.000034
0.000067
0.000161
0.000350
0.000575
0.000641
0.000489
0.000244
0.000050
-0.000051
-0.000106
-0.000146
-0.000148
-0.000083
0.000042
0.000162
0.000229
0.000261
0.000243
0.000124
-0.000061
-0.000202
-0.000249
-0.000226
-0.000155
-0.000079
-0.000073
-0.000176
-0.000360
-0.000527
-0.000516
-0.000222
0.000273
0.000697
0.000804
0.000592
0.000238
-0.000061
-0.000166
-0.000067
0.000114
0.000232
0.000239
0.000261
0.000401
0.000483
0.000262
-0.000187
-0.000531
-0.000561
-0.000393
-0.000271
-0.000275
-0.000316
-0.000287
-0.000183
-0.000115
-0.000096
-0.000007
0.000085
0.000014
-0.000137
-0.000167
-0.000051
0.000062
0.000073
-0.000009
-0.000147
-0.000184
0.000021
0.000330
0.000510
0.000506
0.000389
0.000270
0.000231
0.000266
0.000269
0.000140
-0.000071
-0.000224
-0.000288
-0.000335
-0.000360
-0.000274
-0.000116
-0.000000
0.000102
0.000195
0.000089
-0.000239
-0.000471
-0.000417
-0.000267
-0.000234
-0.000260
-0.000175
-0.000013
0.000054
0.000029
0.000082
0.000243
0.000339
0.000271
0.000142
0.000074
0.000081
0.000120
0.000165
0.000251
0.000405
0.000511
0.000410
0.000153
-0.000012
0.000014
0.000062
0.000003
-0.000113
-0.000205
-0.000242
-0.000205
-0.000112
-0.000073
-0.000178
-0.000355
-0.000430
-0.000338
-0.000198
-0.000134
-0.000103
-0.000039
0.000031
0.000122
0.000256
0.000321
0.000221
0.000056
-0.000075
-0.000271
-0.000563
-0.000694
-0.000484
-0.000107
0.000187
0.000348
0.000402
0.000338
0.000228
0.000208
0.000249
0.000239
0.000196
0.000203
0.000295
0.000424
0.000462
0.000321
0.000077
-0.000065
0.000030
0.000220
0.000244
0.000083
-0.000067
-0.000131
-0.000204
-0.000324
-0.000437
-0.000526
-0.000609
-0.000632
-0.000533
-0.000372
-0.000236
-0.000122
-0.000003
0.000101
0.000167
0.000203
0.000208
0.000152
0.000046
-0.000040
-0.000074
-0.000032
0.000099
0.000219
0.000230
0.000190
0.000184
0.000219
0.000262
0.000238
0.000119
0.000020
0.000039
0.000126
0.000166
0.000105
-0.000024
-0.000172
-0.000280
-0.000293
-0.000242
-0.000193
-0.000113
0.000022
0.000094
-0.000009
-0.000208
-0.000315
-0.000240
-0.000087
0.000005
0.000047
0.000103
0.000109
-0.000004
-0.000144
-0.000199
-0.000163
-0.000079
0.000009
0.000078
0.000141
0.000205
0.000242
0.000240
0.000237
0.000279
0.000321
0.000271
0.000153
0.000060
0.000005
-0.000069
-0.000186
-0.000294
-0.000327
-0.000274
-0.000155
0.000005
0.000146
0.000185
0.000114
0.000031
0.000016
0.000040
0.000009
-0.000100
-0.000221
-0.000298
-0.000328
-0.000303
-0.000224
-0.000128
-0.000014
0.000157
0.000314
0.000328
0.000249
0.000221
0.000210
0.000113
0.000024
0.000053
0.000081
0.000012
-0.000026
0.000067
0.000187
0.000230
0.000202
0.000111
-0.000028
-0.000163
-0.000275
-0.000349
-0.000315
-0.000159
0.000019
0.000098
0.000057
-0.000055
-0.000195
-0.000321
-0.000375
-0.000322
-0.000211
-0.000125
-0.000046
0.000109
0.000298
0.000380
0.000293
0.000139
0.000046
0.000003
-0.000032
0.000016
0.000196
0.000393
0.000498
0.000525
0.000510
0.000432
0.000261
0.000016
-0.000238
-0.000422
-0.000519
-0.000621
-0.000777
-0.000878
-0.000795
-0.000587
-0.000403
-0.000273
-0.000128
0.000060
0.000267
0.000432
0.000480
0.000437
0.000413
0.000474
0.000581
0.000593
0.000417
0.000123
-0.000164
-0.000333
-0.000322
-0.000199
-0.000055
0.000111
0.000267
0.000316
0.000268
0.000187
0.000026
-0.000218
-0.000349
-0.000206
0.000061
0.000151
0.000003
-0.000162
-0.000193
-0.000180
-0.000197
-0.000178
-0.000116
-0.000078
-0.000054
-0.000011
0.000044
0.000112
0.000184
0.000162
0.000008
-0.000118
-0.000079
0.000020
0.000009
-0.000083
-0.000090
-0.000000
0.000009
-0.000106
-0.000155
-0.000043
0.000058
0.000002
-0.000092
-0.000025
0.000173
0.000279
0.000221
0.000160
0.000180
0.000180
0.000100
0.000003
-0.000065
-0.000111
-0.000097
0.000007
0.000110
0.000055
-0.000188
-0.000450
-0.000493
-0.000274
-0.000024
0.000065
0.000122
0.000306
0.000459
0.000374
0.000149
-0.000007
-0.000059
-0.000082
-0.000087
-0.000078
