4480
-0.000372
-0.000175
-0.000024
0.000861
0.001115
0.000336
-0.000322
-0.000836
-0.000833
0.000105
0.000485
0.000288
0.000897
0.000873
-0.000322
-0.000073
0.000763
-0.000274
-0.000852
0.000475
0.000689
-0.000517
-0.000338
0.000642
0.000401
-0.000027
0.000176
-0.000362
-0.001184
-0.000601
0.000118
-0.000084
0.000192
0.000320
-0.000566
-0.000406
0.000370
-0.000573
-0.001074
0.000515
0.001089
0.000290
0.000651
0.000995
-0.000020
-0.000617
-0.000550
-0.000858
-0.000710
0.000124
0.000595
0.000941
0.001127
0.000312
-0.000611
-0.000811
-0.000806
-0.000335
0.000575
0.000516
-0.000367
0.000017
0.001078
0.000485
-0.000433
-0.000320
-0.000716
-0.000839
0.000219
-0.000124
-0.001319
-0.000068
0.001366
0.000215
-0.000100
0.001316
0.000689
-0.000734
0.000018
0.000362
-0.000676
-0.000345
0.000429
0.000106
0.000269
0.000467
-0.000407
-0.000311
0.000791
0.000490
-0.000191
-0.000032
-0.000640
-0.001360
-0.000705
-0.000205
-0.000248
0.000101
-0.000076
-0.000099
0.000849
0.000210
-0.001058
0.000328
0.001204
-0.000200
0.000454
0.001690
-0.000406
-0.001459
0.000699
0.000867
-0.000753
-0.000099
0.000730
-0.000145
-0.000281
-0.000051
-0.000593
-0.000345
0.000243
0.000117
0.000025
-0.000498
-0.000958
0.000085
0.000428
-0.000746
-0.000511
0.000425
-0.000007
-0.000081
0.000543
0.000087
-0.000329
0.000600
0.001146
0.000570
0.000268
0.000210
-0.000218
-0.000276
-0.000141
-0.000643
-0.000799
-0.000075
-0.000025
-0.000515
0.000167
0.000797
-0.000004
-0.000354
0.000493
0.001051
0.000622
-0.000334
-0.000260
0.000869
0.000427
-0.000993
-0.000420
0.000419
-0.000804
-0.001363
0.000238
0.000928
-0.000055
-0.000195
0.000157
-0.000652
-0.001343
-0.000917
-0.000384
0.000257
0.001166
0.001278
0.000913
0.000824
0.000066
-0.000876
-0.000437
0.000146
-0.000160
0.000125
0.000740
0.000306
-0.000275
-0.000296
-0.000274
-0.000064
-0.000067
-0.000781
-0.000918
-0.000289
-0.000268
-0.000197
0.000604
0.000753
0.000346
0.000476
0.000341
-0.000125
0.000006
-0.000107
-0.000403
0.000251
0.000476
-0.000266
-0.000028
0.000512
-0.000216
-0.000504
0.000265
0.000191
-0.000206
0.000325
0.000399
-0.000260
-0.000048
0.000471
-0.000037
-0.000530
-0.000096
0.000111
-0.000519
-0.001003
-0.000518
0.000291
0.000203
-0.000139
0.000320
0.000251
-0.000681
-0.000352
0.000791
0.000565
-0.000216
-0.000149
0.000141
0.000181
0.000015
-0.000273
0.000195
0.001290
0.001107
-0.000345
-0.000877
-0.000421
-0.000482
-0.000469
0.000407
0.000531
-0.000505
-0.000354
0.000836
0.000283
-0.001068
-0.000457
0.000627
0.000308
0.000279
0.000823
0.000073
-0.000998
-0.000493
0.000356
0.000113
-0.000319
-0.000181
-0.000051
-0.000285
-0.000504
-0.000405
-0.000084
0.000329
0.000656
0.000450
-0.000157
-0.000237
0.000220
0.000369
0.000320
0.000312
-0.000046
-0.000134
0.000495
0.000436
-0.000452
-0.000491
-0.000077
-0.000341
-0.000122
0.000606
0.000088
-0.000589
0.000231
0.000699
-0.000360
-0.001027
-0.000512
-0.000104
-0.000148
0.000053
0.000357
0.000166
-0.000010
0.000494
0.000745
0.000000
-0.000554
-0.000304
-0.000121
0.000120
0.000760
0.000687
-0.000193
-0.000463
-0.000245
-0.000408
-0.000338
0.000071
-0.000172
-0.000449
0.000179
0.000500
-0.000120
-0.000379
-0.000026
0.000108
0.000055
0.000030
0.000016
0.000211
0.000444
0.000395
0.000203
-0.000073
-0.000351
-0.000215
0.000092
-0.000029
-0.000251
-0.000201
-0.000094
0.000190
0.000485
0.000206
-0.000024
0.000346
0.000310
-0.000191
-0.000162
-0.000149
-0.000556
-0.000379
0.000118
0.000046
0.000065
0.000485
0.000525
0.000185
-0.000093
-0.000283
-0.000383
-0.000458
-0.000380
0.000045
0.000198
-0.000180
-0.000192
0.000173
0.000079
-0.000151
-0.000010
0.000026
-0.000054
0.000217
0.000408
0.000061
-0.000330
-0.000326
-0.000134
0.000039
0.000267
0.000582
0.000742
0.000503
0.000138
0.000072
0.000030
-0.000354
-0.000619
-0.000403
-0.000151
-0.000116
-0.000039
0.000062
0.000039
0.000045
0.000102
-0.000006
-0.000250
-0.000375
-0.000287
-0.000152
-0.000128
-0.000102
0.000072
0.000214
0.000142
0.000045
0.000128
0.000252
0.000256
0.000301
0.000476
0.000413
-0.000038
-0.000317
-0.000121
0.000027
-0.000134
-0.000126
0.000152
0.000190
-0.000113
-0.000338
-0.000317
-0.000229
-0.000126
0.000012
-0.000029
-0.000321
-0.000465
-0.000287
-0.000145
-0.000058
0.000270
0.000538
0.000413
0.000338
0.000523
0.000439
0.000030
-0.000163
-0.000116
-0.000139
-0.000135
-0.000027
-0.000076
-0.000229
-0.000174
-0.000019
0.000005
0.000003
0.000070
0.000120
0.000073
-0.000106
-0.000350
-0.000439
-0.000254
0.000031
0.000164
0.000057
-0.000158
-0.000178
0.000120
0.000391
0.000354
0.000344
0.000582
0.000602
0.000321
0.000260
0.000266
-0.000069
-0.000210
0.000116
0.000078
-0.000449
-0.000556
-0.000330
-0.000508
-0.000656
-0.000250
-0.000042
-0.000375
-0.000377
0.000043
0.000032
-0.000235
-0.000030
0.000286
0.000231
0.000288
0.000594
0.000523
0.000102
-0.000061
-0.000034
-0.000197
-0.000324
-0.000138
0.000035
-0.000082
-0.000139
0.000135
0.000369
0.000233
0.000085
0.000221
0.000186
-0.000232
-0.000390
-0.000126
-0.000162
-0.000498
-0.000358
0.000124
0.000207
0.000115
0.000394
0.000642
0.000416
0.000206
0.000333
0.000293
-0.000039
-0.000101
0.000050
-0.000182
-0.000501
-0.000286
-0.000045
-0.000365
-0.000591
-0.000261
-0.000059
-0.000206
-0.000030
0.000399
0.000449
0.000361
0.000523
0.000435
-0.000095
-0.000344
-0.000127
-0.000030
-0.000121
-0.000060
0.000006
-0.000148
-0.000296
-0.000267
-0.000242
-0.000241
-0.000038
0.000297
0.000452
0.000421
0.000383
0.000285
0.000025
-0.000300
-0.000538
-0.000585
-0.000420
-0.000221
-0.000188
-0.000229
-0.000163
-0.000014
0.000121
0.000207
0.000264
0.000338
0.000374
0.000285
0.000137
0.000055
0.000037
0.000108
0.000299
0.000407
0.000304
0.000242
0.000290
0.000022
-0.000802
-0.001894
-0.002988
-0.004150
-0.005203
-0.005309
-0.003789
-0.001121
0.001702
0.004463
0.007220
0.009117
0.009341
0.008403
0.007014
0.004957
0.002253
-0.000048
-0.001315
-0.002150
-0.002999
-0.003469
-0.003593
-0.004137
-0.005178
-0.005936
-0.006202
-0.006393
-0.006361
-0.005606
-0.004244
-0.002693
-0.001005
0.000770
0.002265
0.003315
0.004065
0.004512
0.004685
0.004805
0.004840
0.004562
0.004020
0.003374
0.002738
0.002340
0.002114
0.001568
0.000619
-0.000286
-0.001006
-0.001760
-0.002564
-0.003253
-0.003677
-0.003728
-0.003509
-0.003226
-0.002858
-0.002358
-0.001887
-0.001452
-0.000953
-0.000569
-0.000311
0.000209
0.000976
0.001540
0.001884
0.002221
0.002409
0.002362
0.002342
0.002404
0.002257
0.001877
0.001593
0.001384
0.000811
-0.000213
-0.001297
-0.002154
-0.002644
-0.002640
-0.002286
-0.001841
-0.001258
-0.000517
0.000095
0.000423
0.000503
0.000368
0.000277
0.000429
0.000517
0.000417
0.000491
0.000664
0.000629
0.000752
0.001216
0.001035
-0.001229
-0.006081
-0.011661
-0.014344
-0.012671
-0.008696
-0.003686
0.003563
0.012235
0.018595
0.021180
0.021347
0.019008
0.013528
0.007105
0.002216
-0.001746
-0.005534
-0.007316
-0.006270
-0.005127
-0.006140
-0.008214
-0.010032
-0.012002
-0.013936
-0.014712
-0.014408
-0.013581
-0.011234
-0.006300
0.000044
0.005710
0.009934
0.012836
0.014374
0.014524
0.013463
0.011536
0.009446
0.007871
0.006795
0.005800
0.004651
0.003209
0.001413
-0.000601
-0.002920
-0.005919
-0.009336
-0.012045
-0.013312
-0.013302
-0.012195
-0.009960
-0.006994
-0.003835
-0.000533
0.002624
0.004631
0.005204
0.005307
0.005463
0.005466
0.005722
0.006541
0.007007
0.006555
0.005805
0.004726
0.002654
0.000228
-0.001703
-0.003741
-0.005856
-0.006519
-0.005718
-0.005069
-0.004435
-0.002613
-0.000542
0.000296
0.000679
0.001490
0.001763
0.001229
0.001180
0.001692
0.001629
0.001256
0.001440
0.001458
0.000528
-0.000429
-0.000776
-0.001302
-0.002038
-0.001985
-0.001302
-0.000863
-0.000415
0.000485
0.001219
0.001355
0.001359
0.001374
0.001013
0.000395
-0.000032
-0.000307
-0.000603
-0.000704
-0.000492
-0.000279
-0.000284
-0.000318
-0.000185
0.000086
0.000462
0.000887
0.001178
0.001268
0.001230
0.000962
0.000411
-0.000371
-0.002520
-0.007849
-0.014731
-0.017758
-0.014611
-0.008916
-0.003306
0.004526
0.015278
0.024032
0.026908
0.025495
0.021742
0.015127
0.006972
0.000557
-0.004177
-0.009358
-0.013225
-0.012577
-0.009582
-0.008947
-0.010672
-0.011962
-0.012779
-0.014116
-0.014659
-0.013276
-0.011028
-0.007937
-0.002053
0.006217
0.013323
0.017372
0.019657
0.020920
0.019952
0.016318
0.011361
0.006350
0.001878
-0.001312
-0.002935
-0.004032
-0.005645
-0.007270
-0.007904
-0.008031
-0.009073
-0.011063
-0.012453
-0.012104
-0.010101
-0.006902
-0.002900
0.001368
0.005447
0.009140
0.011868
0.012599
0.011159
0.008765
0.006551
0.004499
0.002258
-0.000056
-0.002058
-0.003190
-0.003172
-0.002962
-0.003880
-0.005447
-0.006113
-0.005832
-0.005501
-0.004790
-0.003057
-0.000808
0.001597
0.004342
0.006424
0.006464
0.005219
0.004316
0.003457
0.001726
-0.000085
-0.000963
-0.001326
-0.001516
-0.001182
-0.000873
-0.001460
-0.002246
-0.002235
-0.001983
-0.002149
-0.002161
-0.001619
-0.000912
-0.000058
0.001033
0.001613
0.001226
0.000710
0.000740
0.000824
0.000484
0.000049
0.000004
0.000574
0.001601
0.002365
0.002382
0.002255
0.002504
0.002377
0.001258
-0.000171
-0.001327
-0.002345
-0.003286
-0.005393
-0.011062
-0.018548
-0.020956
-0.015406
-0.007274
-0.000510
0.008340
0.020805
0.030321
0.031839
0.028367
0.023045
0.014744
0.004795
-0.002393
-0.007219
-0.013257
-0.018231
-0.017232
-0.012895
-0.011768
-0.013737
-0.014495
-0.014021
-0.014454
-0.014287
-0.011428
-0.007240
-0.002421
0.005249
0.015141
0.022291
0.024401
0.024187
0.023341
0.019990
0.013307
0.005590
-0.001078
-0.006327
-0.009684
-0.010706
-0.010566
-0.010762
-0.010867
-0.009779
-0.008358
-0.008455
-0.009866
-0.010375
-0.008529
-0.004766
-0.000000
0.005282
0.010400
0.014466
0.017078
0.017787
0.015636
0.010748
0.005213
0.000765
-0.003035
-0.006757
-0.009307
-0.009880
-0.009320
-0.008375
-0.007205
-0.006736
-0.007435
-0.007462
-0.005259
-0.002371
-0.000462
0.001946
0.006436
0.011183
0.013580
0.013723
0.012700
0.010333
0.006730
0.003001
-0.000813
-0.005221
-0.008707
-0.009408
-0.008451
-0.007997
-0.007662
-0.006177
-0.004160
-0.002549
-0.001028
0.000411
0.001180
0.001867
0.003382
0.004767
0.004644
0.003681
0.003140
0.002677
0.001575
0.000256
-0.000733
-0.001371
-0.001353
-0.000445
0.000555
0.000874
0.000986
0.001319
0.001222
0.000485
-0.000071
-0.000347
-0.001135
-0.002166
-0.002305
-0.001732
-0.001567
-0.001773
-0.002290
-0.005395
-0.012404
-0.018381
-0.016702
-0.008992
-0.002004
0.004660
0.016227
0.029268
0.034355
0.030881
0.025352
0.018399
0.007441
-0.003488
-0.009931
-0.015303
-0.021787
-0.023366
-0.017619
-0.012339
-0.012386
-0.012749
-0.010282
-0.009009
-0.010033
-0.008866
-0.004548
-0.000025
0.005597
0.014456
0.022629
0.025064
0.023547
0.021905
0.018675
0.011187
0.001630
-0.006289
-0.011944
-0.015607
-0.016300
-0.014279
-0.011723
-0.009548
-0.006757
-0.003603
-0.002135
-0.002848
-0.003506
-0.002154
0.000831
0.004290
0.007943
0.011588
0.014254
0.015172
0.014341
0.011525
0.006216
-0.000675
-0.006674
-0.010361
-0.012626
-0.014227
-0.014038
-0.011241
-0.007294
-0.004104
-0.002040
-0.000904
-0.000705
-0.000467
0.001294
0.004198
0.006679
0.008936
0.012063
0.014801
0.014599
0.011313
0.006784
0.001887
-0.003217
-0.007542
-0.010344
-0.011896
-0.011898
-0.009570
-0.005959
-0.003313
-0.001987
-0.000699
0.000682
0.001326
0.001413
0.001595
0.001832
0.002184
0.003024
0.003775
0.003363
0.002103
0.001245
0.000935
0.000441
-0.000191
-0.000343
0.000027
0.000648
0.001458
0.002097
0.001958
0.001196
0.000510
-0.000234
-0.001753
-0.003666
-0.004659
-0.004396
-0.003697
-0.002896
-0.001599
0.000083
0.001604
0.002530
0.000903
-0.006093
-0.015572
-0.018546
-0.012155
-0.004190
0.001143
0.010286
0.025196
0.035309
0.033819
0.026987
0.019770
0.009045
-0.003968
-0.012398
-0.016894
-0.022955
-0.026797
-0.021273
-0.011684
-0.008309
-0.009393
-0.007596
-0.004704
-0.005518
-0.006787
-0.004001
0.000536
0.004918
0.012128
0.021179
0.025239
0.022686
0.019000
0.015942
0.009398
-0.001183
-0.010682
-0.016100
-0.018639
-0.018693
-0.015594
-0.010893
-0.006729
-0.002807
0.001379
0.003873
0.003177
0.001501
0.001925
0.004349
0.006797
0.008736
0.010694
0.012103
0.011773
0.009491
0.005469
-0.000460
-0.007460
-0.013029
-0.015569
-0.016106
-0.015723
-0.013316
-0.008047
-0.001915
0.002497
0.004936
0.006175
0.006104
0.005023
0.004532
0.005356
0.006410
0.007213
0.008620
0.010254
0.009977
0.006825
0.002240
-0.002207
-0.006253
-0.009672
-0.011590
-0.011537
-0.009808
-0.006787
-0.003168
-0.000336
0.000930
0.001449
0.002002
0.002063
0.001334
0.000702
0.000790
0.001311
0.002054
0.002845
0.003036
0.002419
0.001742
0.001399
0.000835
-0.000083
-0.000525
-0.000112
0.000515
0.000826
0.000868
0.000683
0.000302
-0.000079
-0.000617
-0.001670
-0.002872
-0.003470
-0.003360
-0.002794
-0.001779
-0.000392
0.001109
0.002543
0.003583
0.003746
0.003013
0.001160
-0.003968
-0.013696
-0.022500
-0.021856
-0.012572
-0.003390
0.004420
0.017394
0.033031
0.039181
0.032996
0.023624
0.014997
0.003417
-0.009030
-0.016250
-0.019953
-0.024050
-0.023954
-0.015972
-0.008015
-0.007291
-0.008397
-0.005395
-0.002805
-0.004558
-0.005429
-0.001359
0.004353
0.009726
0.016479
0.022051
0.021404
0.016367
0.012260
0.007909
-0.000784
-0.011224
-0.017345
-0.018469
-0.017545
-0.014915
-0.009738
-0.003567
0.001727
0.006055
0.008937
0.009008
0.007081
0.006067
0.006859
0.007458
0.006699
0.005801
0.005577
0.004749
0.001940
-0.002516
-0.007460
-0.012035
-0.015281
-0.016212
-0.014983
-0.012450
-0.008466
-0.002563
0.003847
0.008285
0.010167
0.010848
0.010916
0.009602
0.006927
0.004377
0.002894
0.001989
0.001424
0.001580
0.001708
0.000468
-0.001562
-0.002767
-0.003479
-0.004897
-0.006050
-0.005258
-0.003197
-0.001507
-0.000292
0.000715
0.000858
0.000064
-0.000723
-0.001371
-0.002355
-0.002947
-0.002147
-0.000570
0.000687
0.001728
0.002901
0.003716
0.003750
0.003249
0.002457
0.001528
0.000920
0.000894
0.001038
0.000878
0.000462
0.000036
-0.000407
-0.000990
-0.001642
-0.002123
-0.002230
-0.001936
-0.001410
-0.000808
-0.000113
0.000610
0.001049
0.001032
0.000736
0.000310
-0.000184
-0.000504
-0.000640
-0.001046
-0.001728
-0.002576
-0.005758
-0.013704
-0.021732
-0.020227
-0.009100
0.001200
0.008089
0.020143
0.036424
0.042584
0.034296
0.023327
0.015180
0.003419
-0.011290
-0.020113
-0.023503
-0.027589
-0.028202
-0.019528
-0.009865
-0.008713
-0.009763
-0.004775
0.000263
-0.001173
-0.002524
0.002591
0.009499
0.013964
0.018719
0.023008
0.021278
0.014705
0.009412
0.004320
-0.005466
-0.016642
-0.021686
-0.020542
-0.017946
-0.014247
-0.007490
0.000579
0.006894
0.010957
0.012837
0.011795
0.008982
0.007255
0.006959
0.005739
0.003078
0.001190
0.000934
0.000230
-0.002709
-0.007026
-0.010894
-0.013636
-0.015260
-0.015326
-0.013253
-0.009036
-0.003110
0.003803
0.010209
0.014231
0.015340
0.014647
0.012805
0.009240
0.004275
-0.000109
-0.002674
-0.003994
-0.004554
-0.004184
-0.003541
-0.003521
-0.003507
-0.002555
-0.001295
-0.000591
0.000207
0.001846
0.003442
0.003716
0.002729
0.001225
-0.000586
-0.002664
-0.004580
-0.005950
-0.006628
-0.006309
-0.004760
-0.002454
-0.000175
0.001924
0.004078
0.005954
0.006816
0.006542
0.005707
0.004700
0.003475
0.002047
0.000496
-0.001146
-0.002553
-0.003326
-0.003642
-0.003870
-0.003827
-0.003162
-0.002057
-0.000938
0.000037
0.000867
0.001537
0.002054
0.002284
0.001933
0.001081
0.000366
0.000097
-0.000290
-0.001159
-0.001847
-0.001925
-0.001936
-0.001921
-0.001129
0.000082
-0.000680
-0.006380
-0.016057
-0.021622
-0.015972
-0.004306
0.004019
0.012338
0.028425
0.043721
0.042799
0.029142
0.017665
0.008573
-0.006312
-0.021902
-0.028819
-0.030625
-0.032116
-0.027094
-0.014129
-0.005205
-0.005002
-0.002818
0.004806
0.007281
0.002500
0.001692
0.008196
0.013719
0.015679
0.018271
0.019463
0.014665
0.007483
0.002296
-0.004855
-0.016245
-0.024388
-0.023625
-0.018731
-0.014679
-0.008889
0.000646
0.009812
0.014924
0.016617
0.015830
0.012699
0.009127
0.006913
0.004608
0.000700
-0.002630
-0.003047
-0.002399
-0.003946
-0.007558
-0.010600
-0.012023
-0.012840
-0.013278
-0.011989
-0.008069
-0.002191
0.004299
0.010144
0.014065
0.015300
0.014407
0.012210
0.008367
0.002689
-0.002851
-0.005803
-0.006330
-0.006170
-0.005563
-0.003791
-0.001405
0.000446
0.001507
0.001858
0.001579
0.001433
0.002004
0.002444
0.001846
0.000813
0.000108
-0.000842
-0.002761
-0.005082
-0.006636
-0.006884
-0.005974
-0.004300
-0.002209
0.000202
0.002908
0.005433
0.006969
0.007186
0.006498
0.005435
0.004091
0.002313
0.000208
-0.001766
-0.003165
-0.003866
-0.004060
-0.003993
-0.003647
-0.002734
-0.001193
0.000385
0.001333
0.001793
0.002255
0.002563
0.002273
0.001507
0.000674
-0.000100
-0.000794
-0.001320
-0.001779
-0.002317
-0.002653
-0.002459
-0.001982
-0.001518
-0.000717
0.000661
0.001911
0.002381
0.002590
0.002982
0.001509
-0.005381
-0.016293
-0.021893
-0.015578
-0.004140
0.003279
0.011317
0.027182
0.040826
0.037528
0.022807
0.012014
0.004348
-0.009057
-0.022993
-0.027638
-0.026613
-0.025654
-0.019730
-0.007628
-0.000297
-0.001500
-0.000672
0.005420
0.006516
0.000940
0.000192
0.007308
0.012831
0.013387
0.014227
0.015012
0.010878
0.003789
-0.001959
-0.008751
-0.018069
-0.023296
-0.020111
-0.013931
-0.009487
-0.003588
0.005929
0.014197
0.016953
0.015859
0.013619
0.010555
0.007100
0.004254
0.001504
-0.001693
-0.003671
-0.003360
-0.003141
-0.005544
-0.009298
-0.011546
-0.012013
-0.012281
-0.012254
-0.010043
-0.004973
0.001446
0.007406
0.011964
0.014572
0.015065
0.013824
0.010906
0.005986
0.000087
-0.004287
-0.005940
-0.006161
-0.006194
-0.005611
-0.003923
-0.001808
-0.000314
0.000081
-0.000085
0.000399
0.001942
0.003479
0.003975
0.003721
0.003386
0.002720
0.001007
-0.001774
-0.004717
-0.006637
-0.007019
-0.006342
-0.005217
-0.003563
-0.001140
0.001624
0.003824
0.004868
0.004899
0.004510
0.003995
0.003067
0.001619
0.000245
-0.000515
-0.000803
-0.000989
-0.001198
-0.001328
-0.001122
-0.000497
0.000144
0.000399
0.000443
0.000628
0.000893
0.000870
0.000355
-0.000431
-0.001116
-0.001677
-0.002304
-0.002861
-0.002923
-0.002298
-0.001198
0.000035
0.001140
0.001978
0.002548
0.002765
0.002341
0.001377
0.000611
0.000457
0.000480
0.000317
0.000277
0.000307
-0.001564
-0.008044
-0.017349
-0.021617
-0.015975
-0.005903
0.002244
0.012336
0.028233
0.040105
0.036860
0.024372
0.014552
0.005774
-0.008584
-0.023098
-0.028962
-0.028478
-0.026431
-0.019957
-0.008759
-0.000874
0.000958
0.003635
0.008538
0.008432
0.003294
0.002200
0.006993
0.010166
0.009431
0.009596
0.010955
0.008982
0.003540
-0.002285
-0.008811
-0.016446
-0.020951
-0.019370
-0.014916
-0.010479
-0.003850
0.006020
0.014719
0.018358
0.018292
0.017077
0.014556
0.010010
0.004433
-0.000761
-0.004798
-0.006968
-0.007246
-0.007210
-0.008287
-0.009700
-0.009939
-0.009403
-0.009468
-0.009533
-0.007458
-0.002793
0.002625
0.007250
0.011049
0.014013
0.015173
0.013669
0.009653
0.003929
-0.002140
-0.006675
-0.008706
-0.009100
-0.008813
-0.007192
-0.003617
0.000413
0.002913
0.004108
0.005400
0.006667
0.006694
0.005428
0.003840
0.002234
0.000289
-0.001900
-0.004039
-0.006103
-0.007746
-0.008214
-0.007418
-0.006067
-0.004485
-0.002264
0.000654
0.003418
0.005182
0.006014
0.006371
0.006126
0.004875
0.002931
0.001137
-0.000139
-0.001073
-0.001731
-0.002006
-0.001907
-0.001497
-0.000828
-0.000110
0.000378
0.000628
0.000834
0.000984
0.000884
0.000495
-0.000054
-0.000716
-0.001512
-0.002306
-0.002862
-0.003009
-0.002651
-0.001867
-0.000960
-0.000115
0.000829
0.001913
0.002644
0.002680
0.002402
0.002179
0.001802
0.001075
0.000276
-0.000107
0.000040
-0.000508
-0.004342
-0.012096
-0.018881
-0.018279
-0.010971
-0.003032
0.005282
0.018758
0.033463
0.037495
0.028981
0.018691
0.011368
0.000511
-0.015032
-0.026070
-0.028092
-0.025874
-0.021712
-0.013559
-0.004221
0.000914
0.003231
0.006636
0.008397
0.005059
0.001407
0.003036
0.006616
0.006849
0.005968
0.007943
0.010123
0.008014
0.002425
-0.003743
-0.010063
-0.015762
-0.018011
-0.016074
-0.012214
-0.007082
0.000701
0.009740
0.015856
0.017522
0.016928
0.015400
0.011759
0.005706
-0.000520
-0.004801
-0.007068
-0.008047
-0.008125
-0.007727
-0.007238
-0.006507
-0.005603
-0.005455
-0.006317
-0.006574
-0.004717
-0.001448
0.001763
0.004949
0.008663
0.011830
0.012569
0.010499
0.006728
0.002252
-0.002319
-0.006144
-0.008414
-0.008916
-0.007805
-0.005248
-0.001665
0.002029
0.004817
0.006402
0.007249
0.007494
0.006508
0.004166
0.001637
-0.000122
-0.001715
-0.003918
-0.006034
-0.007035
-0.007146
-0.007056
-0.006663
-0.005471
-0.003439
-0.000951
0.001593
0.003845
0.005475
0.006372
0.006597
0.006049
0.004552
0.002451
0.000633
-0.000450
-0.001233
-0.002020
-0.002339
-0.001832
-0.000938
-0.000252
0.000141
0.000448
0.000744
0.000905
0.000729
0.000163
-0.000510
-0.000941
-0.001202
-0.001622
-0.002106
-0.002186
-0.001784
-0.001315
-0.001056
-0.000820
-0.000238
0.000629
0.001158
0.001105
0.001103
0.001451
0.001485
0.000911
0.000533
0.000677
-0.000311
-0.004579
-0.011154
-0.015186
-0.012974
-0.006657
-0.000027
0.008323
0.020489
0.030505
0.030278
0.022114
0.014388
0.007457
-0.004074
-0.017879
-0.025547
-0.025438
-0.022437
-0.017931
-0.010271
-0.001795
0.003477
0.006153
0.008391
0.008537
0.005296
0.002303
0.002538
0.003392
0.002333
0.001922
0.004472
0.006977
0.005771
0.001779
-0.002392
-0.006442
-0.010529
-0.013021
-0.012543
-0.009605
-0.004875
0.001534
0.008339
0.013261
0.015503
0.015846
0.014203
0.009672
0.003186
-0.002573
-0.006268
-0.008646
-0.010179
-0.010197
-0.008553
-0.006273
-0.004226
-0.002672
-0.002022
-0.002393
-0.002819
-0.002423
-0.001461
-0.000098
0.002371
0.005908
0.008864
0.009844
0.009117
0.007389
0.004599
0.000682
-0.003602
-0.007043
-0.008643
-0.008115
-0.006064
-0.003168
0.000384
0.003987
0.006400
0.007198
0.007008
0.006084
0.004134
0.001450
-0.001139
-0.003247
-0.004900
-0.005891
-0.005953
-0.005334
-0.004614
-0.003979
-0.003069
-0.001693
-0.000237
0.001005
0.002210
0.003356
0.004137
0.004560
0.004680
0.004152
0.002889
0.001456
0.000217
-0.000988
-0.002029
-0.002412
-0.002103
-0.001499
-0.000790
0.000021
0.000815
0.001435
0.001742
0.001620
0.001110
0.000302
-0.000785
-0.001910
-0.002616
-0.002812
-0.002788
-0.002558
-0.001885
-0.000907
-0.000023
0.000641
0.001109
0.001246
0.000997
0.000631
0.000462
0.000560
0.000826
0.000860
-0.000463
-0.004069
-0.008612
-0.010817
-0.009119
-0.005036
0.000553
0.008957
0.018774
0.024259
0.022549
0.017544
0.012629
0.005428
-0.005742
-0.016329
-0.021320
-0.021416
-0.019455
-0.015390
-0.008544
-0.001099
0.004220
0.007354
0.009133
0.008926
0.006538
0.003805
0.002012
0.000276
-0.001586
-0.001529
0.001122
0.003511
0.003178
0.001281
-0.000410
-0.002559
-0.005868
-0.008670
-0.009265
-0.007982
-0.005298
-0.000698
0.005294
0.010554
0.013711
0.014856
0.013782
0.010014
0.004574
-0.000660
-0.005045
-0.008814
-0.011396
-0.011819
-0.010184
-0.007420
-0.004295
-0.001541
0.000039
0.000317
-0.000022
-0.000402
-0.000658
-0.000442
0.000680
0.002487
0.004308
0.005835
0.006984
0.007282
0.006187
0.003761
0.000557
-0.002717
-0.005256
-0.006450
-0.006281
-0.005127
-0.003209
-0.000563
0.002420
0.004995
0.006680
0.007304
0.006532
0.004154
0.000835
-0.002244
-0.004489
-0.006006
-0.006850
-0.006733
-0.005471
-0.003433
-0.001365
0.000283
0.001546
0.002399
0.002626
0.002349
0.002069
0.002060
0.002146
0.002128
0.001974
0.001612
0.001055
0.000539
0.000114
-0.000473
-0.001211
-0.001689
-0.001708
-0.001450
-0.000990
-0.000223
0.000666
0.001195
0.001147
0.000755
0.000297
-0.000204
-0.000847
-0.001555
-0.002068
-0.002201
-0.001951
-0.001409
-0.000707
-0.000021
0.000486
0.000761
0.000899
0.000992
0.000988
0.000727
-0.000261
-0.002723
-0.006377
-0.009088
-0.008875
-0.006002
-0.001348
0.005508
0.013806
0.019648
0.020188
0.017310
0.013704
0.008345
-0.000356
-0.009877
-0.016073
-0.018187
-0.017986
-0.015869
-0.011089
-0.004641
0.001012
0.004756
0.007195
0.008467
0.007882
0.005690
0.003052
0.000357
-0.002317
-0.003566
-0.002124
0.000522
0.001829
0.001714
0.001553
0.000985
-0.001164
-0.004082
-0.005992
-0.006626
-0.006345
-0.004446
-0.000459
0.004437
0.008771
0.011942
0.013326
0.012189
0.008950
0.004870
0.000441
-0.004420
-0.008953
-0.011760
-0.012190
-0.010600
-0.007679
-0.004233
-0.001202
0.000809
0.001816
0.002032
0.001590
0.000779
0.000068
-0.000231
-0.000009
0.000863
0.002406
0.004179
0.005420
0.005618
0.004750
0.003079
0.000972
-0.001175
-0.003033
-0.004376
-0.004974
-0.004540
-0.002839
-0.000061
0.002991
0.005402
0.006710
0.006764
0.005384
0.002618
-0.000882
-0.004179
-0.006710
-0.008334
-0.008805
-0.007714
-0.005174
-0.002096
0.000678
0.002979
0.004645
0.005213
0.004715
0.003762
0.002624
0.001239
-0.000061
-0.000815
-0.001010
-0.000758
-0.000045
0.000870
0.001458
0.001496
0.001153
0.000584
-0.000132
-0.000815
-0.001289
-0.001463
-0.001288
-0.000883
-0.000494
-0.000199
0.000066
0.000170
-0.000165
-0.000875
-0.001507
-0.001803
-0.001882
-0.001796
-0.001359
-0.000493
0.000563
0.001372
0.001393
0.000136
-0.002245
-0.004688
-0.006035
-0.005638
-0.003006
0.001880
0.007400
0.011169
0.012652
0.013063
0.012494
0.009550
0.004068
-0.002077
-0.007063
-0.010376
-0.012130
-0.012234
-0.010377
-0.006895
-0.003210
-0.000438
0.001865
0.004233
0.005659
0.005126
0.003286
0.001129
-0.001030
-0.002412
-0.002133
-0.000957
-0.000275
0.000141
0.001059
0.001754
0.001311
0.000345
-0.000423
-0.001420
-0.002672
-0.002981
-0.001684
0.000441
0.002520
0.004297
0.005598
0.006318
0.006609
0.006288
0.004689
0.001754
-0.001597
-0.004564
-0.006926
-0.008342
-0.008427
-0.007425
-0.005892
-0.004027
-0.001886
0.000213
0.001894
0.002911
0.003035
0.002294
0.001297
0.000772
0.000806
0.000951
0.001000
0.001217
0.001784
0.002445
0.002848
0.002851
0.002396
0.001459
0.000199
-0.001108
-0.002218
-0.002846
-0.002707
-0.001845
-0.000620
0.000710
0.002018
0.002984
0.003195
0.002517
0.001139
-0.000652
-0.002572
-0.004237
-0.005229
-0.005367
-0.004685
-0.003289
-0.001406
0.000577
0.002325
0.003670
0.004452
0.004469
0.003718
0.002441
0.000960
-0.000347
-0.001178
-0.001536
-0.001545
-0.001169
-0.000440
0.000365
0.001020
0.001439
0.001495
0.001152
0.000607
0.000010
-0.000644
-0.001223
-0.001529
-0.001660
-0.001814
-0.001820
-0.001444
-0.000931
-0.000610
-0.000366
-0.000032
0.000232
0.000290
0.000201
-0.000195
-0.001175
-0.002329
-0.002685
-0.001879
-0.000309
0.001639
0.003581
0.004917
0.005430
0.005461
0.005005
0.003641
0.001627
-0.000255
-0.001833
-0.003216
-0.003921
-0.003554
-0.002616
-0.001694
-0.000830
-0.000103
0.000347
0.000727
0.000936
0.000305
-0.001135
-0.002318
-0.002712
-0.002738
-0.002444
-0.001521
-0.000315
0.000639
0.001452
0.002263
0.002646
0.002342
0.001651
0.000786
-0.000189
-0.000849
-0.000780
-0.000198
0.000422
0.000941
0.001429
0.001890
0.002286
0.002465
0.002192
0.001498
0.000653
-0.000175
-0.000967
-0.001666
-0.002213
-0.002661
-0.003019
-0.003126
-0.002871
-0.002346
-0.001724
-0.001144
-0.000632
-0.000114
0.000394
0.000737
0.000875
0.000930
0.000923
0.000843
0.000885
0.001164
0.001409
0.001371
0.001255
0.001276
0.001196
0.000769
0.000238
0.000030
0.000175
0.000229
-0.000098
-0.000413
-0.000219
0.000204
0.000273
0.000047
-0.000106
-0.000225
-0.000446
-0.000682
-0.000937
-0.001264
-0.001443
-0.001368
-0.001326
-0.001364
-0.001126
-0.000499
0.000149
0.000462
0.000544
0.000770
0.001184
0.001397
0.001223
0.000928
0.000801
0.000827
0.000788
0.000596
0.000327
0.000106
0.000005
-0.000069
-0.000135
-0.000036
0.000187
0.000276
0.000136
-0.000095
-0.000313
-0.000572
-0.000879
-0.001140
-0.001409
-0.001787
-0.002188
-0.002530
-0.002695
-0.002314
-0.001203
0.000247
0.001473
0.002234
0.002633
0.002868
0.002976
0.002750
0.002096
0.001354
0.000827
0.000378
-0.000064
-0.000217
-0.000022
0.000165
0.000125
-0.000043
-0.000229
-0.000330
-0.000290
-0.000399
-0.001001
-0.001755
-0.001994
-0.001765
-0.001579
-0.001407
-0.000924
-0.000322
0.000008
0.000087
0.000084
-0.000029
-0.000267
-0.000510
-0.000583
-0.000324
0.000245
0.000868
0.001327
0.001627
0.001886
0.002164
0.002415
0.002487
0.002181
0.001502
0.000693
-0.000084
-0.000781
-0.001290
-0.001544
-0.001638
-0.001643
-0.001510
-0.001241
-0.000949
-0.000719
-0.000628
-0.000761
-0.001040
-0.001205
-0.001153
-0.001038
-0.000887
-0.000506
0.000097
0.000632
0.000945
0.001164
0.001361
0.001404
0.001218
0.000892
0.000556
0.000344
0.000323
0.000395
0.000466
0.000650
0.001000
0.001237
0.001113
0.000735
0.000308
-0.000102
-0.000479
-0.000804
-0.001072
-0.001221
-0.001220
-0.001185
-0.001196
-0.001120
-0.000858
-0.000596
-0.000526
-0.000509
-0.000351
-0.000133
0.000037
0.000223
0.000475
0.000761
0.001035
0.001178
0.001061
0.000747
0.000446
0.000256
0.000125
0.000045
0.000074
0.000195
0.000309
0.000333
0.000265
0.000198
0.000187
0.000134
-0.000071
-0.000391
-0.000760
-0.001208
-0.001751
-0.002242
-0.002407
-0.002046
-0.001283
-0.000493
0.000224
0.001079
0.001918
0.002250
0.002106
0.001900
0.001596
0.001028
0.000493
0.000220
0.000069
0.000029
0.000169
0.000205
0.000002
0.000011
0.000395
0.000578
0.000257
-0.000199
-0.000614
-0.001113
-0.001500
-0.001557
-0.001502
-0.001439
-0.001134
-0.000648
-0.000303
-0.000077
0.000156
0.000227
0.000078
0.000001
0.000153
0.000395
0.000648
0.000878
0.000999
0.001073
0.001204
0.001187
0.000805
0.000336
0.000181
0.000257
0.000249
0.000085
-0.000115
-0.000257
-0.000309
-0.000327
-0.000414
-0.000531
-0.000530
-0.000446
-0.000450
-0.000561
-0.000676
-0.000726
-0.000719
-0.000715
-0.000713
-0.000588
-0.000294
-0.000002
0.000130
0.000196
0.000330
0.000418
0.000346
0.000306
0.000464
0.000651
0.000730
0.000844
0.001064
0.001218
0.001171
0.000951
0.000648
0.000333
-0.000003
-0.000389
-0.000764
-0.001030
-0.001162
-0.001207
-0.001182
-0.001041
-0.000786
-0.000530
-0.000346
-0.000207
-0.000105
-0.000005
0.000176
0.000374
0.000418
0.000340
0.000303
0.000331
0.000389
0.000477
0.000510
0.000396
0.000226
0.000151
0.000143
0.000062
-0.000092
-0.000155
-0.000048
0.000108
0.000203
0.000287
0.000350
0.000213
-0.000232
-0.000885
-0.001500
-0.001756
-0.001550
-0.001183
-0.000851
-0.000320
0.000444
0.000999
0.001233
0.001489
0.001700
0.001517
0.001136
0.000912
0.000680
0.000315
0.000095
-0.000009
-0.000290
-0.000476
-0.000187
0.000165
0.000082
-0.000202
-0.000359
-0.000546
-0.000886
-0.001183
-0.001320
-0.001316
-0.001118
-0.000737
-0.000293
0.000158
0.000527
0.000622
0.000450
0.000249
0.000151
0.000159
0.000254
0.000312
0.000270
0.000318
0.000620
0.000995
0.001160
0.001102
0.000944
0.000714
0.000416
0.000100
-0.000195
-0.000435
-0.000613
-0.000782
-0.000921
-0.000890
-0.000690
-0.000549
-0.000591
-0.000685
-0.000713
-0.000723
-0.000768
-0.000768
-0.000591
-0.000249
0.000093
0.000325
0.000501
0.000662
0.000749
0.000730
0.000646
0.000557
0.000508
0.000498
0.000447
0.000329
0.000255
0.000288
0.000354
0.000457
0.000665
0.000826
0.000688
0.000313
-0.000072
-0.000439
-0.000768
-0.000887
-0.000819
-0.000777
-0.000781
-0.000751
-0.000699
-0.000579
-0.000318
-0.000064
-0.000071
-0.000312
-0.000472
-0.000382
-0.000152
0.000073
0.000253
0.000440
0.000658
0.000795
0.000763
0.000648
0.000546
0.000457
0.000342
0.000190
0.000083
0.000112
0.000194
0.000160
0.000039
-0.000003
0.000034
0.000004
-0.000178
-0.000463
-0.000734
-0.000970
-0.001226
-0.001432
-0.001379
-0.000977
-0.000414
0.000042
0.000383
0.000782
0.001187
0.001355
0.001261
0.001098
0.000924
0.000635
0.000249
-0.000026
-0.000067
0.000012
0.000056
0.000040
0.000058
0.000154
0.000218
0.000103
-0.000179
-0.000484
-0.000674
-0.000704
-0.000655
-0.000648
-0.000672
-0.000575
-0.000287
0.000035
0.000189
0.000163
0.000093
0.000058
0.000005
-0.000111
-0.000175
-0.000044
0.000195
0.000333
0.000341
0.000402
0.000627
0.000850
0.000828
0.000592
0.000378
0.000235
0.000035
-0.000205
-0.000338
-0.000359
-0.000399
-0.000496
-0.000554
-0.000513
-0.000433
-0.000400
-0.000418
-0.000425
-0.000401
-0.000351
-0.000220
0.000001
0.000213
0.000324
0.000326
0.000268
0.000242
0.000266
0.000228
0.000096
0.000018
0.000071
0.000172
0.000270
0.000383
0.000443
0.000363
0.000244
0.000230
0.000227
0.000064
-0.000181
-0.000289
-0.000235
-0.000169
-0.000183
-0.000227
-0.000207
-0.000143
-0.000183
-0.000338
-0.000389
-0.000250
-0.000144
-0.000216
-0.000294
-0.000221
-0.000140
-0.000193
-0.000222
-0.000058
0.000143
0.000120
-0.000113
-0.000328
-0.000404
-0.000366
-0.000202
0.000101
0.000405
0.000556
0.000651
0.000871
0.001124
0.001167
0.000985
0.000737
0.000508
0.000341
0.000293
0.000280
0.000127
-0.000103
-0.000201
-0.000184
-0.000177
-0.000173
-0.000245
-0.000572
-0.001064
-0.001403
-0.001485
-0.001441
-0.001296
-0.000963
-0.000490
-0.000036
0.000313
0.000561
0.000687
0.000680
0.000604
0.000542
0.000533
0.000520
0.000460
0.000467
0.000593
0.000671
0.000584
0.000438
0.000342
0.000243
0.000072
-0.000108
-0.000165
-0.000070
0.000026
-0.000059
-0.000304
-0.000516
-0.000595
-0.000644
-0.000766
-0.000908
-0.000966
-0.000924
-0.000826
-0.000704
-0.000524
-0.000225
0.000139
0.000404
0.000507
0.000572
0.000719
0.000854
0.000811
0.000658
0.000584
0.000608
0.000623
0.000592
0.000525
0.000400
0.000204
-0.000005
-0.000157
-0.000239
-0.000289
-0.000355
-0.000434
-0.000469
-0.000430
-0.000341
-0.000242
-0.000169
-0.000150
-0.000219
-0.000368
-0.000496
-0.000488
-0.000359
-0.000224
-0.000132
-0.000012
0.000176
0.000320
0.000306
0.000229
0.000274
0.000396
0.000385
0.000203
0.000051
0.000069
0.000171
0.000239
0.000283
0.000339
0.000361
0.000299
0.000181
0.000082
0.000022
-0.000050
-0.000150
-0.000225
-0.000250
-0.000275
-0.000317
-0.000316
-0.000269
-0.000262
-0.000306
-0.000303
-0.000232
-0.000180
-0.000159
-0.000109
-0.000029
0.000023
0.000041
0.000067
0.000131
0.000213
0.000286
0.000312
0.000251
0.000144
0.000102
0.000143
0.000169
0.000135
0.000110
0.000142
0.000157
0.000059
-0.000101
-0.000186
-0.000194
-0.000214
-0.000204
-0.000078
0.000063
0.000066
-0.000063
-0.000189
-0.000188
-0.000061
0.000043
0.000026
-0.000040
-0.000073
-0.000073
-0.000051
-0.000009
0.000032
0.000041
-0.000001
-0.000056
-0.000086
-0.000096
-0.000052
0.000068
0.000147
0.000086
-0.000026
-0.000032
0.000085
0.000226
0.000307
0.000297
0.000235
0.000180
0.000125
0.000033
-0.000058
-0.000089
-0.000109
-0.000200
-0.000272
-0.000207
-0.000105
-0.000098
-0.000136
-0.000130
-0.000089
-0.000049
-0.000029
-0.000024
0.000003
0.000068
0.000153
0.000245
0.000314
0.000314
0.000260
0.000191
0.000071
-0.000143
-0.000347
-0.000372
-0.000219
-0.000044
0.000056
0.000073
-0.000001
-0.000125
-0.000190
-0.000172
-0.000167
-0.000194
-0.000134
0.000049
0.000231
0.000311
0.000297
0.000226
0.000120
-0.000011
-0.000120
-0.000153
-0.000182
-0.000257
-0.000240
-0.000058
0.000111
0.000161
0.000243
0.000409
0.000463
0.000287
0.000022
-0.000140
-0.000184
-0.000234
-0.000298
-0.000221
0.000032
0.000257
0.000305
0.000237
0.000144
0.000021
-0.000142
-0.000281
-0.000334
-0.000321
-0.000301
-0.000292
-0.000224
-0.000070
0.000060
0.000119
0.000210
0.000342
0.000382
0.000279
0.000139
0.000057
0.000021
-0.000006
-0.000021
-0.000004
0.000040
0.000066
0.000032
-0.000062
-0.000159
-0.000203
-0.000215
-0.000229
-0.000221
-0.000176
-0.000142
-0.000136
-0.000085
0.000037
0.000168
0.000279
0.000366
0.000377
0.000280
0.000099
-0.000100
-0.000232
-0.000270
-0.000247
-0.000192
-0.000113
-0.000019
0.000056
0.000094
0.000121
0.000174
0.000252
0.000274
0.000174
0.000043
-0.000012
-0.000073
-0.000182
-0.000188
-0.000107
-0.000136
-0.000260
-0.000312
-0.000283
-0.000231
-0.000142
-0.000014
0.000100
0.000185
0.000283
0.000384
0.000419
0.000392
0.000382
0.000418
0.000416
0.000255
-0.000039
-0.000260
-0.000285
-0.000163
-0.000016
0.000028
-0.000050
-0.000133
-0.000155
-0.000160
-0.000199
-0.000269
-0.000322
-0.000307
-0.000224
-0.000152
-0.000128
-0.000082
0.000040
0.000162
0.000202
0.000161
0.000089
0.000035
0.000019
0.000006
-0.000046
-0.000156
-0.000305
-0.000391
-0.000299
-0.000065
0.000152
0.000269
0.000342
0.000433
0.000504
0.000495
0.000384
0.000144
-0.000154
-0.000321
-0.000323
-0.000273
-0.000170
0.000034
0.000220
0.000260
0.000189
0.000098
0.000028
-0.000035
-0.000125
-0.000238
-0.000300
-0.000256
-0.000127
0.000034
0.000151
0.000162
0.000096
0.000001
-0.000097
-0.000154
-0.000162
-0.000190
-0.000244
-0.000225
-0.000100
0.000028
0.000094
0.000168
0.000299
0.000428
0.000443
0.000275
0.000028
-0.000105
-0.000093
-0.000067
-0.000102
-0.000144
-0.000115
-0.000011
0.000075
0.000061
-0.000022
-0.000135
-0.000299
-0.000452
-0.000448
-0.000278
-0.000078
0.000082
0.000225
0.000357
0.000427
0.000395
0.000303
0.000234
0.000162
0.000024
-0.000107
-0.000132
-0.000086
-0.000059
-0.000069
-0.000080
-0.000038
0.000076
0.000177
0.000165
0.000039
-0.000121
-0.000246
-0.000312
-0.000291
-0.000187
-0.000087
-0.000025
0.000081
0.000235
0.000294
0.000200
0.000079
-0.000002
-0.000114
-0.000228
-0.000228
-0.000123
-0.000030
0.000013
0.000068
0.000164
0.000239
0.000244
0.000200
0.000160
0.000137
0.000091
-0.000003
-0.000100
-0.000149
-0.000169
-0.000212
-0.000234
-0.000147
0.000007
0.000100
0.000108
0.000068
-0.000007
-0.000095
-0.000147
-0.000128
-0.000063
-0.000032
-0.000053
-0.000049
-0.000008
0.000007
0.000010
0.000021
-0.000036
-0.000148
-0.000164
-0.000056
0.000021
0.000022
0.000125
0.000366
0.000470
0.000277
0.000036
0.000021
0.000113
0.000059
-0.000077
-0.000074
0.000042
0.000104
0.000082
0.000026
-0.000068
-0.000199
-0.000309
-0.000320
-0.000245
-0.000176
-0.000141
-0.000077
0.000026
0.000121
0.000187
0.000202
0.000150
0.000085
0.000070
0.000073
0.000026
-0.000038
-0.000032
0.000029
0.000048
0.000013
-0.000001
0.000002
-0.000062
-0.000176
-0.000215
-0.000125
0.000002
0.000061
0.000080
0.000131
0.000170
0.000136
0.000074
0.000053
0.000075
0.000087
0.000037
-0.000069
-0.000144
-0.000139
-0.000108
-0.000100
-0.000101
-0.000095
-0.000083
-0.000073
-0.000065
-0.000027
0.000050
0.000141
0.000222
0.000255
0.000184
0.000048
-0.000020
-0.000002
-0.000022
-0.000126
-0.000206
-0.000151
0.000012
0.000137
0.000126
0.000047
0.000030
0.000083
0.000102
0.000020
-0.000117
-0.000200
-0.000175
-0.000084
-0.000008
0.000011
-0.000003
0.000021
0.000096
0.000115
0.000007
-0.000112
-0.000084
0.000058
0.000124
0.000047
-0.000008
0.000049
0.000065
-0.000058
-0.000136
-0.000022
0.000104
0.000020
-0.000154
-0.000167
-0.000066
-0.000052
-0.000093
-0.000047
0.000064
0.000118
0.000073
0.000000
-0.000029
-0.000050
-0.000083
-0.000049
0.000070
0.000144
0.000082
-0.000022
-0.000031
0.000042
0.000096
0.000079
0.000052
0.000114
0.000212
0.000167
-0.000044
-0.000252
-0.000344
-0.000350
-0.000306
-0.000204
-0.000069
0.000041
0.000127
0.000227
0.000307
0.000317
0.000273
0.000230
0.000219
0.000215
0.000154
0.000018
-0.000110
-0.000147
-0.000121
-0.000107
-0.000141
-0.000189
-0.000183
-0.000102
-0.000003
0.000040
0.000032
0.000058
0.000120
0.000141
0.000106
0.000047
-0.000037
-0.000128
-0.000190
-0.000247
-0.000318
-0.000335
-0.000266
-0.000201
-0.000195
-0.000174
-0.000090
-0.000008
0.000062
0.000194
0.000367
0.000451
0.000417
0.000328
0.000210
0.000082
-0.000024
-0.000114
-0.000205
-0.000284
-0.000291
-0.000179
0.000002
0.000140
0.000211
0.000289
0.000383
0.000390
0.000259
0.000085
-0.000014
-0.000034
-0.000033
-0.000056
-0.000120
-0.000195
-0.000225
-0.000226
-0.000248
-0.000279
-0.000288
-0.000269
-0.000214
-0.000087
0.000091
0.000211
0.000207
0.000131
0.000077
0.000087
0.000127
0.000118
0.000044
-0.000044
-0.000111
-0.000137
-0.000081
0.000043
0.000135
0.000129
0.000092
0.000125
0.000185
0.000156
0.000060
-0.000011
-0.000058
-0.000079
-0.000040
-0.000010
-0.000078
-0.000195
-0.000257
-0.000233
-0.000182
-0.000154
-0.000106
-0.000007
0.000055
0.000001
-0.000068
-0.000021
0.000091
0.000141
0.000116
0.000126
0.000221
0.000291
0.000255
0.000202
0.000236
0.000283
0.000184
-0.000063
-0.000247
-0.000193
-0.000006
0.000070
-0.000010
-0.000108
-0.000175
-0.000265
-0.000343
-0.000313
-0.000187
-0.000076
-0.000060
-0.000109
-0.000097
0.000030
0.000123
0.000068
-0.000008
0.000026
0.000098
0.000102
0.000065
0.000066
0.000108
0.000146
0.000167
0.000161
0.000138
0.000177
0.000301
0.000390
0.000325
0.000141
-0.000031
-0.000127
-0.000206
-0.000297
-0.000331
-0.000288
-0.000274
-0.000329
-0.000352
-0.000311
-0.000320
-0.000408
-0.000434
-0.000318
-0.000151
-0.000011
0.000155
0.000357
0.000481
0.000480
0.000445
0.000442
0.000419
0.000318
0.000199
0.000132
0.000081
0.000009
-0.000017
0.000034
0.000056
-0.000015
-0.000090
-0.000081
-0.000051
-0.000080
-0.000119
-0.000104
-0.000102
-0.000180
-0.000246
-0.000204
-0.000113
-0.000077
-0.000075
-0.000016
0.000077
0.000106
0.000053
-0.000048
-0.000142
-0.000149
-0.000051
0.000075
0.000160
0.000191
0.000176
0.000127
0.000096
0.000092
0.000023
-0.000131
-0.000234
-0.000194
-0.000078
0.000023
0.000102
0.000151
0.000116
-0.000009
-0.000123
-0.000103
0.000017
0.000068
-0.000004
-0.000069
-0.000024
0.000083
0.000140
0.000104
0.000033
0.000022
0.000078
0.000084
-0.000009
-0.000084
-0.000081
-0.000098
-0.000165
-0.000140
0.000032
0.000171
0.000147
0.000083
0.000101
0.000102
-0.000009
-0.000119
-0.000104
-0.000053
-0.000090
-0.000152
-0.000146
-0.000094
-0.000050
-0.000054
-0.000097
-0.000075
0.000052
0.000128
0.000071
0.000036
0.000130
0.000230
0.000201
0.000079
-0.000026
-0.000039
0.000026
0.000069
0.000039
-0.000051
-0.000157
-0.000160
-0.000018
0.000087
0.000023
-0.000086
-0.000091
-0.000040
-0.000055
-0.000118
-0.000119
-0.000037
0.000049
0.000071
0.000042
0.000028
0.000038
0.000019
-0.000012
0.000008
0.000058
0.000106
0.000156
0.000163
0.000086
-0.000001
-0.000049
-0.000107
-0.000138
-0.000084
-0.000084
-0.000236
-0.000339
-0.000192
0.000068
0.000175
0.000103
0.000041
0.000081
0.000127
0.000085
0.000003
0.000015
0.000156
0.000294
0.000309
0.000258
0.000229
0.000159
-0.000020
-0.000182
-0.000181
-0.000082
-0.000038
-0.000086
-0.000151
-0.000162
-0.000112
-0.000054
-0.000028
-0.000013
0.000013
0.000032
0.000036
0.000032
-0.000037
-0.000161
-0.000210
-0.000165
-0.000143
-0.000165
-0.000156
-0.000085
0.000004
0.000039
0.000011
0.000004
0.000064
0.000104
0.000022
-0.000090
-0.000056
0.000074
0.000118
0.000077
0.000100
0.000194
0.000243
0.000212
0.000142
0.000050
-0.000048
-0.000115
-0.000126
-0.000065
0.000036
0.000094
0.000081
0.000053
0.000068
0.000105
0.000057
-0.000106
-0.000254
-0.000267
-0.000172
-0.000091
-0.000057
0.000021
0.000149
0.000185
0.000101
0.000034
0.000030
-0.000001
-0.000066
-0.000058
0.000021
0.000028
-0.000081
-0.000170
-0.000135
-0.000032
0.000025
-0.000010
-0.000100
-0.000153
-0.000088
0.000063
0.000155
0.000131
0.000104
0.000135
0.000148
0.000110
0.000069
0.000055
0.000057
0.000074
0.000092
0.000046
-0.000104
-0.000253
-0.000256
-0.000137
-0.000058
-0.000086
-0.000124
-0.000070
0.000005
-0.000015
-0.000082
-0.000062
0.000028
0.000044
-0.000051
-0.000106
-0.000001
0.000189
0.000305
0.000278
0.000177
0.000122
0.000149
0.000164
0.000122
0.000119
0.000148
0.000054
-0.000151
-0.000242
-0.000165
-0.000093
-0.000120
-0.000174
-0.000177
-0.000137
-0.000121
-0.000148
-0.000157
-0.000097
-0.000019
-0.000002
-0.000022
-0.000009
0.000048
0.000124
0.000192
0.000184
0.000083
-0.000018
-0.000024
0.000090
0.000240
0.000274
0.000186
0.000134
0.000202
0.000281
0.000230
0.000075
-0.000071
-0.000193
-0.000323
-0.000448
-0.000519
-0.000481
-0.000364
-0.000335
-0.000435
-0.000417
-0.000166
0.000085
0.000161
0.000163
0.000224
0.000324
0.000388
0.000405
0.000384
0.000311
0.000205
0.000132
0.000136
