4800
0.000283
-0.001371
-0.001332
0.000148
-0.000032
-0.000580
0.000844
0.001204
-0.000853
-0.001238
0.000265
0.000006
-0.000703
0.000560
0.001091
-0.000078
-0.000018
0.000684
0.000031
-0.000435
0.000482
0.001259
0.000611
-0.000393
-0.000351
-0.000175
-0.000663
-0.000455
0.000462
0.000135
-0.000658
0.000228
0.000930
-0.000301
-0.000878
-0.000135
-0.000212
-0.000258
0.000696
0.000785
-0.000198
-0.000779
-0.000727
-0.000152
0.000258
-0.000350
-0.000493
0.000835
0.001019
-0.000574
-0.000581
0.000612
-0.000074
-0.000940
0.000298
0.001255
0.000079
-0.000623
0.000912
0.001549
-0.000228
-0.000761
0.000636
0.000362
-0.000972
-0.000489
0.000155
-0.000576
-0.000554
0.000414
0.000249
-0.000674
-0.000595
0.000319
0.000215
-0.000916
-0.000439
0.000950
0.000270
-0.000179
0.001158
0.000285
-0.001672
-0.000099
0.001485
-0.000126
-0.000288
0.001158
0.000135
-0.000675
0.000773
0.000664
-0.000911
-0.000849
-0.000020
0.000084
-0.000173
-0.000287
-0.000225
-0.000823
-0.001138
0.000540
0.001412
-0.000141
-0.000402
0.000430
-0.000854
-0.001553
0.000445
0.001246
0.000245
0.000698
0.001519
0.000549
-0.000527
-0.000462
-0.000370
-0.000602
-0.000109
0.001102
0.001141
-0.000280
-0.000802
-0.000034
-0.000026
-0.000711
-0.000460
0.000108
-0.000148
-0.000267
0.000255
0.000582
0.000479
-0.000058
-0.000422
0.000258
0.000295
-0.001210
-0.001243
0.000405
0.000375
-0.000685
-0.000249
0.000541
0.000248
-0.000048
0.000323
0.000689
0.000597
0.000128
0.000015
0.000445
0.000193
-0.000166
0.000643
0.000694
-0.000385
-0.000319
-0.000217
-0.001145
-0.000979
-0.000231
-0.000470
-0.000135
0.000771
0.000443
0.000044
0.000605
0.000152
-0.001249
-0.001037
0.000148
0.000348
0.000394
0.000529
-0.000048
-0.000062
0.000783
0.000610
-0.000371
-0.000628
-0.000307
-0.000030
0.000029
0.000030
0.000366
0.000342
-0.000336
0.000012
0.000937
0.000084
-0.000856
0.000367
0.000884
-0.000785
-0.001160
0.000360
0.000496
-0.000477
-0.000121
0.000348
-0.000245
-0.000256
0.000011
-0.000323
-0.000196
-0.000327
-0.000892
0.000226
0.001477
0.000536
-0.000110
0.000667
0.000466
-0.000667
-0.000837
-0.000115
0.000456
0.000560
0.000135
-0.000411
-0.000196
0.000371
0.000501
0.000543
-0.000036
-0.001345
-0.001334
-0.000128
0.000128
-0.000087
0.000430
0.000704
0.000144
-0.000286
-0.000418
-0.000836
-0.000811
0.000458
0.001565
0.001122
0.000261
0.000127
-0.000054
-0.000517
-0.000472
-0.000293
-0.000440
-0.000316
0.000193
0.000519
0.000247
-0.000130
0.000323
0.000760
0.000165
-0.000031
0.000414
-0.000365
-0.001197
0.000020
0.001054
0.000055
-0.000530
0.000189
-0.000043
-0.000856
-0.000283
0.000275
-0.000663
-0.000895
0.000657
0.001316
0.000130
-0.000496
-0.000223
-0.000897
-0.001438
0.000083
0.001602
0.001113
0.000668
0.001112
0.000253
-0.001238
-0.000760
0.000331
-0.000133
-0.000433
0.000302
-0.000076
-0.001180
-0.000711
0.000338
0.000118
-0.000284
0.000106
0.000202
-0.000068
0.000360
0.000876
0.000424
-0.000097
0.000232
0.000434
-0.000072
-0.000215
0.000109
-0.000242
-0.000729
0.000020
0.000977
0.000576
-0.000127
-0.000155
-0.000473
-0.000771
-0.000047
0.000468
0.000087
0.000134
0.000312
-0.000666
-0.001576
-0.000885
0.000097
0.000145
0.000493
0.001315
0.000909
-0.000197
-0.000125
0.000400
-0.000081
-0.000726
-0.000472
-0.000009
0.000117
0.000471
0.000805
0.000216
-0.000546
-0.000245
0.000188
-0.000389
-0.000838
-0.000235
0.000355
0.000360
0.000358
0.000174
-0.000470
-0.000658
-0.000057
0.000201
-0.000061
0.000201
0.000660
0.000293
-0.000230
-0.000102
-0.000099
-0.000422
-0.000098
0.000506
0.000310
-0.000056
0.000203
0.000308
-0.000027
0.000178
0.000759
0.000434
-0.000543
-0.000853
-0.000590
-0.000557
-0.000565
-0.000306
-0.000068
0.000170
0.000600
0.000749
0.000279
-0.000142
-0.000031
0.000088
-0.000103
-0.000252
-0.000245
-0.000158
0.000068
0.000283
0.000309
0.000236
0.000157
0.000113
0.000128
0.000058
-0.000175
-0.000387
-0.000421
-0.000283
-0.000090
0.000051
0.000212
0.000432
0.000481
0.000233
-0.000061
-0.000183
-0.000282
-0.000422
-0.000360
-0.000138
-0.000127
-0.000283
-0.000243
-0.000121
-0.000215
-0.000272
-0.000054
0.000082
0.000069
0.000370
0.000809
0.000782
0.000534
0.000496
0.000384
0.000110
-0.000040
-0.000180
-0.000379
-0.000321
-0.000091
-0.000179
-0.000562
-0.000739
-0.000552
-0.000214
0.000118
0.000304
0.000365
0.000519
0.000618
0.000395
0.000087
-0.000086
-0.000217
-0.000190
0.000036
0.000071
-0.000100
-0.000033
0.000095
-0.000128
-0.000314
-0.000161
-0.000189
-0.000439
-0.000223
0.000297
0.000340
0.000114
0.000123
0.000025
-0.000249
-0.000218
-0.000144
-0.000342
-0.000186
0.000398
0.000556
0.000306
0.000243
0.000036
-0.000634
-0.000972
-0.000535
-0.000097
0.000050
0.000622
0.001523
0.001782
0.001435
0.001201
0.000743
-0.000373
-0.001169
-0.000994
-0.000757
-0.000842
-0.000554
-0.000105
-0.000265
-0.000609
-0.000563
-0.000723
-0.001345
-0.001479
-0.000818
-0.000212
0.000114
0.000651
0.001157
0.001098
0.000864
0.000972
0.000968
0.000490
0.000181
0.000335
0.000310
0.000038
0.000071
0.000141
-0.000213
-0.000458
-0.000244
-0.000135
-0.000210
0.000007
0.000184
-0.000115
-0.000318
-0.000092
-0.000013
-0.000180
-0.000077
0.000246
0.000375
0.000341
0.000251
-0.000034
-0.000422
-0.000640
-0.000724
-0.000862
-0.000956
-0.000758
-0.000292
0.000129
0.000277
0.000184
-0.000080
-0.000670
-0.001766
-0.002607
-0.001573
0.001295
0.003629
0.004331
0.004707
0.004910
0.003656
0.001453
-0.000489
-0.002559
-0.004412
-0.004291
-0.002561
-0.001403
-0.001052
-0.000490
-0.000077
-0.000262
-0.000396
-0.000457
-0.000908
-0.000936
0.000265
0.001692
0.002248
0.002208
0.001884
0.001120
0.000258
-0.000200
-0.000491
-0.000987
-0.001305
-0.000984
-0.000384
-0.000124
-0.000174
-0.000167
-0.000082
0.000004
0.000273
0.000657
0.000705
0.000385
0.000232
0.000381
0.000345
-0.000064
-0.000506
-0.000712
-0.000606
-0.000233
-0.000003
-0.000278
-0.000673
-0.000651
-0.000375
-0.000230
-0.000199
-0.000101
0.000163
0.000605
0.000996
0.001051
0.000838
0.000619
0.000438
0.000251
0.000137
0.000131
0.000104
0.000010
0.000018
0.000133
0.000098
-0.000073
-0.000146
-0.000088
-0.000013
-0.000651
-0.003414
-0.007883
-0.010974
-0.010932
-0.008959
-0.005798
-0.001020
0.004653
0.010270
0.015554
0.018731
0.017925
0.014568
0.010955
0.007241
0.003467
0.000259
-0.002664
-0.005040
-0.005727
-0.005640
-0.006761
-0.008796
-0.010736
-0.012623
-0.013616
-0.012663
-0.010854
-0.009195
-0.006578
-0.002582
0.001365
0.004505
0.007011
0.008561
0.009134
0.009505
0.009777
0.009278
0.008068
0.006951
0.006273
0.005752
0.005062
0.003874
0.001918
-0.000461
-0.002513
-0.004185
-0.006062
-0.008040
-0.009311
-0.009574
-0.008919
-0.007285
-0.005145
-0.003394
-0.002065
-0.000629
0.000759
0.001665
0.002085
0.002107
0.002029
0.002458
0.003225
0.003775
0.004674
0.006211
0.007075
0.006880
0.006570
0.005454
0.002576
-0.000391
-0.002128
-0.003851
-0.005666
-0.006027
-0.005481
-0.005503
-0.005347
-0.004317
-0.003568
-0.003382
-0.002625
-0.001166
0.000268
0.001637
0.003117
0.004329
0.004854
0.004786
0.004388
0.003507
0.002025
0.000608
-0.000148
-0.000688
-0.001400
-0.001840
-0.001870
-0.001918
-0.001947
-0.001638
-0.001169
-0.000780
-0.000302
0.000334
0.000810
0.000908
0.000829
0.000799
0.000664
0.000325
0.000261
0.000788
0.001317
0.001362
0.001343
0.001376
0.000482
-0.002892
-0.010135
-0.018986
-0.021895
-0.015622
-0.007678
-0.002636
0.006221
0.020130
0.028603
0.029015
0.028643
0.025314
0.013510
0.002297
0.000046
-0.002177
-0.010264
-0.014296
-0.010517
-0.008570
-0.010593
-0.010189
-0.010042
-0.015743
-0.020871
-0.018766
-0.015386
-0.015264
-0.011982
-0.002701
0.006214
0.012604
0.019592
0.024619
0.023749
0.020838
0.019656
0.016510
0.009252
0.002467
-0.000822
-0.002296
-0.002834
-0.002367
-0.002892
-0.005667
-0.008834
-0.010903
-0.012960
-0.015961
-0.018553
-0.018404
-0.014614
-0.008402
-0.001688
0.004395
0.009469
0.013302
0.015728
0.016457
0.014812
0.010866
0.006636
0.004274
0.003477
0.002648
0.001462
0.000345
-0.000875
-0.002286
-0.003809
-0.006225
-0.009913
-0.013160
-0.014074
-0.012870
-0.010560
-0.007318
-0.003316
0.000872
0.005203
0.009403
0.011582
0.010373
0.007783
0.006743
0.006954
0.006521
0.005709
0.005508
0.005171
0.004114
0.002756
0.000208
-0.004516
-0.009443
-0.011954
-0.012316
-0.011906
-0.010686
-0.008274
-0.005023
-0.001430
0.001931
0.004176
0.004802
0.004474
0.004492
0.005178
0.005595
0.005241
0.004718
0.004382
0.003832
0.002835
0.001394
-0.000649
-0.002871
-0.004074
-0.003815
-0.003063
-0.002698
-0.002403
-0.001500
-0.000203
0.000641
0.000794
0.000616
0.000206
-0.000187
0.000029
0.000483
0.000149
-0.000487
-0.000249
-0.000016
-0.000922
-0.001562
-0.002743
-0.009483
-0.018751
-0.017922
-0.007273
-0.001545
-0.000272
0.010624
0.025945
0.029357
0.026116
0.027406
0.023112
0.007096
-0.003401
-0.002101
-0.006156
-0.017868
-0.019552
-0.011575
-0.010421
-0.014130
-0.011211
-0.008996
-0.016285
-0.020921
-0.014514
-0.009479
-0.010849
-0.005762
0.007845
0.017156
0.020617
0.025904
0.029234
0.024212
0.017408
0.014626
0.009578
-0.000644
-0.008168
-0.009241
-0.008810
-0.008936
-0.007728
-0.007058
-0.009344
-0.011790
-0.011948
-0.012212
-0.013906
-0.013971
-0.010052
-0.003320
0.004037
0.010450
0.015110
0.018159
0.019713
0.019012
0.015489
0.009634
0.002692
-0.003262
-0.006242
-0.006769
-0.007164
-0.007830
-0.007395
-0.006177
-0.005802
-0.006406
-0.007391
-0.008859
-0.009811
-0.008069
-0.003775
0.000612
0.004396
0.008754
0.013215
0.015848
0.015898
0.013572
0.009129
0.003890
-0.000092
-0.002518
-0.004811
-0.007259
-0.008515
-0.008032
-0.006755
-0.005704
-0.005358
-0.005432
-0.004699
-0.002487
0.000124
0.001960
0.003186
0.004295
0.005394
0.006302
0.006149
0.004209
0.001392
-0.000773
-0.001980
-0.002680
-0.003020
-0.003000
-0.002511
-0.001268
0.000443
0.001664
0.001925
0.001644
0.001379
0.001319
0.001272
0.000872
0.000053
-0.000772
-0.001225
-0.001371
-0.001468
-0.001695
-0.002047
-0.002196
-0.001733
-0.000713
0.000358
0.001138
0.001752
0.002347
0.002860
0.003273
0.003330
0.002295
0.000152
-0.001577
-0.001983
-0.003713
-0.010720
-0.020030
-0.021296
-0.012230
-0.003848
-0.000250
0.008349
0.022615
0.029628
0.027862
0.027055
0.024069
0.011069
-0.001767
-0.003531
-0.004679
-0.014252
-0.020316
-0.015219
-0.010924
-0.013520
-0.013535
-0.010207
-0.013203
-0.018548
-0.014869
-0.007407
-0.006191
-0.004287
0.006685
0.018523
0.023248
0.025980
0.028913
0.025719
0.017388
0.011483
0.006628
-0.002765
-0.012533
-0.015647
-0.014312
-0.013431
-0.012169
-0.009713
-0.008736
-0.009067
-0.007778
-0.005855
-0.006086
-0.006647
-0.003867
0.001938
0.008032
0.012958
0.016250
0.017743
0.017793
0.016190
0.011898
0.004997
-0.002725
-0.009250
-0.013193
-0.014270
-0.013687
-0.012608
-0.010499
-0.006794
-0.002999
-0.001005
-0.000635
-0.000655
-0.000436
0.000630
0.003000
0.005734
0.007739
0.009628
0.011957
0.013258
0.012067
0.008901
0.004733
-0.000212
-0.005192
-0.008954
-0.011696
-0.014237
-0.015167
-0.012648
-0.008308
-0.004765
-0.001337
0.003279
0.007557
0.009974
0.011087
0.010928
0.008797
0.005765
0.003338
0.000968
-0.002150
-0.005029
-0.006575
-0.007093
-0.007177
-0.006743
-0.005557
-0.003795
-0.001657
0.000967
0.003848
0.006064
0.007053
0.007234
0.006897
0.005586
0.003174
0.000363
-0.002268
-0.004509
-0.005878
-0.006035
-0.005497
-0.004786
-0.003530
-0.001552
0.000278
0.001450
0.002575
0.003744
0.004117
0.003875
0.003980
0.003720
0.001865
-0.000264
-0.000836
-0.000997
-0.002379
-0.004444
-0.008153
-0.015321
-0.020387
-0.015585
-0.006136
-0.001583
0.003502
0.017001
0.029337
0.030197
0.026982
0.025699
0.018085
0.003699
-0.004613
-0.006474
-0.013640
-0.022960
-0.021757
-0.014425
-0.013555
-0.015549
-0.011929
-0.008747
-0.011441
-0.011340
-0.004833
-0.001119
-0.001036
0.005314
0.017076
0.023736
0.024719
0.026095
0.025411
0.018308
0.009416
0.002783
-0.005323
-0.015359
-0.020707
-0.019564
-0.017238
-0.015597
-0.012122
-0.007493
-0.004136
-0.001337
0.001410
0.002162
0.001330
0.002271
0.005742
0.009289
0.011663
0.013359
0.014230
0.013712
0.011510
0.006888
-0.000215
-0.007748
-0.013540
-0.017172
-0.018574
-0.017370
-0.014158
-0.009793
-0.004122
0.002178
0.006615
0.008053
0.008154
0.008241
0.007871
0.007043
0.006531
0.006212
0.005776
0.005878
0.006377
0.005354
0.001849
-0.002505
-0.006079
-0.009024
-0.011450
-0.012522
-0.011889
-0.009965
-0.007220
-0.004148
-0.001038
0.002122
0.005153
0.008028
0.011019
0.013318
0.013454
0.011617
0.008934
0.005243
0.000289
-0.004860
-0.009276
-0.012587
-0.013908
-0.012818
-0.010265
-0.007023
-0.003045
0.001240
0.004872
0.007444
0.009009
0.009479
0.008810
0.007291
0.005249
0.002797
0.000023
-0.002814
-0.005258
-0.006844
-0.007459
-0.007263
-0.006268
-0.004468
-0.002121
0.000405
0.002721
0.004365
0.005164
0.005451
0.005431
0.004754
0.003143
0.001120
-0.000392
-0.001369
-0.002612
-0.003871
-0.003896
-0.002765
-0.002036
-0.002983
-0.006496
-0.012169
-0.015600
-0.012170
-0.004777
0.000826
0.006835
0.017590
0.027780
0.030001
0.026770
0.022587
0.014559
0.001990
-0.007926
-0.012911
-0.018891
-0.025279
-0.024365
-0.017307
-0.012848
-0.011436
-0.007580
-0.003177
-0.002659
-0.002571
0.000669
0.003175
0.003501
0.007266
0.015370
0.020961
0.021361
0.020281
0.018119
0.012019
0.003446
-0.004355
-0.012029
-0.019704
-0.023387
-0.021224
-0.016611
-0.012033
-0.006459
0.000026
0.005210
0.008227
0.009427
0.008526
0.006217
0.004839
0.005303
0.006151
0.006406
0.006541
0.006617
0.005876
0.003688
-0.000322
-0.005915
-0.011482
-0.015103
-0.016298
-0.015485
-0.012694
-0.007992
-0.001986
0.004575
0.010449
0.013776
0.013832
0.011955
0.009529
0.006542
0.002985
-0.000155
-0.002010
-0.002528
-0.002086
-0.001554
-0.001961
-0.003126
-0.003970
-0.004527
-0.005603
-0.006640
-0.006353
-0.004809
-0.002869
-0.001000
0.000630
0.002610
0.005711
0.008885
0.010439
0.010541
0.009723
0.007280
0.003262
-0.001182
-0.005744
-0.009933
-0.012012
-0.011483
-0.009688
-0.007186
-0.003663
0.000289
0.003653
0.005979
0.007062
0.007062
0.006665
0.006160
0.005161
0.003496
0.001442
-0.000739
-0.002851
-0.004679
-0.006148
-0.007141
-0.007176
-0.005860
-0.003469
-0.000666
0.001935
0.003902
0.005156
0.005705
0.005370
0.004164
0.002491
0.000809
-0.000611
-0.001788
-0.002630
-0.002613
-0.001950
-0.001758
-0.001903
-0.001348
-0.000713
-0.001255
-0.002865
-0.005510
-0.009376
-0.011793
-0.008940
-0.002131
0.004031
0.009773
0.017839
0.024887
0.025242
0.020271
0.014535
0.007242
-0.003202
-0.012469
-0.017090
-0.019980
-0.022217
-0.019648
-0.012422
-0.006708
-0.004345
-0.001336
0.002707
0.004032
0.003095
0.003422
0.004604
0.005062
0.006892
0.011022
0.013693
0.012592
0.010057
0.007335
0.002410
-0.004706
-0.010990
-0.015076
-0.017387
-0.016970
-0.012978
-0.007205
-0.001659
0.003838
0.009284
0.012843
0.013313
0.011517
0.008615
0.005301
0.002333
0.000160
-0.001374
-0.002289
-0.002399
-0.002173
-0.002553
-0.003958
-0.006087
-0.008234
-0.009528
-0.009499
-0.008319
-0.006035
-0.002260
0.002751
0.007712
0.011446
0.013465
0.013440
0.011252
0.007524
0.003143
-0.001402
-0.005461
-0.007927
-0.008376
-0.007582
-0.006217
-0.004131
-0.001535
0.000446
0.001248
0.001522
0.001621
0.000985
-0.000319
-0.001023
-0.000457
0.000684
0.002093
0.004329
0.006746
0.007415
0.005833
0.003153
-0.000273
-0.004637
-0.008604
-0.010440
-0.010130
-0.008309
-0.004996
-0.000691
0.003247
0.005943
0.007385
0.007624
0.006615
0.004739
0.002858
0.001529
0.000512
-0.000506
-0.001369
-0.002043
-0.002875
-0.003927
-0.004727
-0.004926
-0.004591
-0.003691
-0.002062
0.000025
0.002072
0.003840
0.004968
0.004953
0.003982
0.002760
0.001487
0.000018
-0.001361
-0.002164
-0.002273
-0.001934
-0.001429
-0.000955
-0.000655
-0.000354
0.000047
-0.000277
-0.001800
-0.003664
-0.006387
-0.010961
-0.013088
-0.007508
0.001462
0.006623
0.011420
0.020867
0.027360
0.023217
0.015333
0.010699
0.003495
-0.009022
-0.017414
-0.018074
-0.018997
-0.020985
-0.015907
-0.006155
-0.002325
-0.002812
0.001231
0.006518
0.005204
0.001681
0.002845
0.004879
0.004099
0.005522
0.010562
0.012272
0.008866
0.006115
0.004404
-0.001101
-0.008898
-0.013425
-0.014757
-0.015434
-0.013827
-0.008444
-0.002023
0.003449
0.008935
0.013656
0.014965
0.012988
0.009947
0.006472
0.002397
-0.001358
-0.004013
-0.005541
-0.005660
-0.004582
-0.003814
-0.004224
-0.005089
-0.005933
-0.006841
-0.007150
-0.006218
-0.004429
-0.001771
0.002412
0.007162
0.010339
0.011643
0.012028
0.010968
0.007574
0.002887
-0.001617
-0.005705
-0.008846
-0.009756
-0.008599
-0.006837
-0.004661
-0.001419
0.001928
0.003744
0.004193
0.004297
0.003841
0.002272
0.000388
-0.000573
-0.000590
-0.000183
0.000943
0.002843
0.004029
0.003243
0.001277
-0.000821
-0.003451
-0.006575
-0.008516
-0.008189
-0.006215
-0.003201
0.000706
0.004537
0.006983
0.007849
0.007557
0.006068
0.003532
0.000955
-0.000821
-0.001918
-0.002664
-0.002902
-0.002547
-0.002127
-0.002153
-0.002436
-0.002543
-0.002424
-0.002125
-0.001418
-0.000205
0.001146
0.002208
0.002861
0.003158
0.003089
0.002498
0.001347
-0.000016
-0.001107
-0.001625
-0.001529
-0.001135
-0.000713
-0.000066
0.000670
0.000722
-0.000085
-0.001916
-0.006634
-0.013685
-0.016156
-0.010143
-0.002499
0.001995
0.009716
0.022569
0.029621
0.025793
0.020084
0.016235
0.006702
-0.007899
-0.016907
-0.019578
-0.023280
-0.025037
-0.017837
-0.007894
-0.004436
-0.002694
0.004077
0.009448
0.007265
0.003842
0.004249
0.004127
0.002378
0.004329
0.009111
0.010158
0.007855
0.006959
0.005401
-0.000954
-0.008801
-0.013271
-0.015409
-0.016800
-0.015216
-0.009766
-0.002885
0.004154
0.011304
0.016456
0.017579
0.015759
0.012643
0.008159
0.002507
-0.002870
-0.006861
-0.008923
-0.008746
-0.007266
-0.006100
-0.005453
-0.004802
-0.004676
-0.005311
-0.005534
-0.004766
-0.003503
-0.001201
0.002937
0.007451
0.010409
0.012151
0.013077
0.011673
0.007428
0.002231
-0.002639
-0.007197
-0.010402
-0.010962
-0.009611
-0.007532
-0.004399
-0.000281
0.002984
0.004224
0.004570
0.005224
0.005452
0.004369
0.002975
0.002434
0.001848
-0.000097
-0.002596
-0.003970
-0.004198
-0.004237
-0.003988
-0.002790
-0.001042
0.000305
0.001182
0.001995
0.002461
0.002144
0.001519
0.001268
0.001192
0.000894
0.000606
0.000524
0.000266
-0.000360
-0.000879
-0.000989
-0.001065
-0.001265
-0.001080
-0.000424
0.000018
0.000081
0.000294
0.000550
0.000192
-0.000632
-0.001165
-0.001311
-0.001412
-0.001319
-0.000868
-0.000415
0.000000
0.000789
0.001705
0.002002
0.001773
0.001838
0.002229
0.002127
0.001499
0.000998
0.000364
-0.000892
-0.002076
-0.002646
-0.004225
-0.009287
-0.015866
-0.016681
-0.009502
-0.001976
0.002256
0.010381
0.023678
0.030363
0.025601
0.019617
0.016601
0.007878
-0.006841
-0.016202
-0.018566
-0.021892
-0.024215
-0.018110
-0.008918
-0.006017
-0.004643
0.002728
0.009387
0.007708
0.003995
0.004932
0.006107
0.004428
0.004936
0.008592
0.009382
0.006617
0.005003
0.003379
-0.002543
-0.010080
-0.013887
-0.014754
-0.015501
-0.014478
-0.009409
-0.001877
0.005699
0.012379
0.016923
0.018222
0.016965
0.014073
0.009331
0.003018
-0.003289
-0.008025
-0.010364
-0.010412
-0.009453
-0.008589
-0.007401
-0.005652
-0.004608
-0.004689
-0.004380
-0.002999
-0.001367
0.000760
0.004248
0.008001
0.010382
0.011736
0.012417
0.010864
0.006428
0.001120
-0.003423
-0.007494
-0.010851
-0.012160
-0.011168
-0.008572
-0.004492
0.000618
0.005081
0.007786
0.009153
0.009403
0.007948
0.005017
0.001882
-0.000791
-0.003304
-0.005720
-0.007240
-0.007009
-0.005313
-0.003262
-0.001259
0.000884
0.002538
0.002895
0.002413
0.001876
0.001170
0.000230
-0.000229
0.000243
0.001165
0.001834
0.001964
0.001585
0.000798
-0.000253
-0.001218
-0.001709
-0.001734
-0.001480
-0.000871
0.000034
0.000721
0.000930
0.000926
0.000649
-0.000293
-0.001568
-0.002363
-0.002556
-0.002420
-0.001790
-0.000645
0.000449
0.001263
0.002107
0.002825
0.002847
0.002182
0.001378
0.000722
0.000208
-0.000049
-0.000015
0.000036
-0.000104
-0.000444
-0.001159
-0.003459
-0.008921
-0.015098
-0.015559
-0.009407
-0.003114
0.002034
0.011784
0.024096
0.028642
0.024394
0.020050
0.016001
0.005336
-0.008836
-0.017073
-0.020084
-0.023380
-0.023650
-0.016683
-0.008577
-0.004931
-0.000830
0.006788
0.011025
0.008438
0.005443
0.005614
0.005080
0.002972
0.003271
0.005771
0.006491
0.005461
0.004736
0.002538
-0.002919
-0.008818
-0.012327
-0.014347
-0.015594
-0.014183
-0.008945
-0.001302
0.006598
0.013093
0.017160
0.018788
0.018141
0.014728
0.008723
0.001747
-0.004637
-0.009532
-0.012060
-0.012166
-0.011097
-0.009483
-0.006867
-0.003991
-0.002621
-0.002579
-0.002129
-0.001044
-0.000100
0.001277
0.003836
0.006704
0.008916
0.010477
0.010839
0.008952
0.005237
0.001048
-0.003261
-0.007541
-0.010554
-0.011344
-0.010217
-0.007530
-0.003440
0.001067
0.004722
0.007244
0.008806
0.009148
0.008087
0.005931
0.003027
-0.000292
-0.003536
-0.006239
-0.007941
-0.008115
-0.006673
-0.004229
-0.001556
0.000851
0.002680
0.003687
0.003697
0.002781
0.001473
0.000451
-0.000006
0.000091
0.000666
0.001363
0.001717
0.001640
0.001163
0.000120
-0.001275
-0.002247
-0.002333
-0.001797
-0.001068
-0.000294
0.000554
0.001368
0.001752
0.001336
0.000308
-0.000756
-0.001576
-0.002171
-0.002392
-0.002097
-0.001466
-0.000624
0.000524
0.001750
0.002519
0.002695
0.002548
0.002197
0.001524
0.000535
-0.000479
-0.001186
-0.001555
-0.001753
-0.001777
-0.001940
-0.003960
-0.009006
-0.013392
-0.011779
-0.005896
-0.001176
0.004135
0.014203
0.023647
0.024668
0.020605
0.018043
0.013454
0.002054
-0.010098
-0.016124
-0.019040
-0.022064
-0.021070
-0.014551
-0.008259
-0.004432
0.001105
0.008035
0.010512
0.008191
0.006366
0.006088
0.004416
0.002021
0.001978
0.003636
0.004212
0.003552
0.002555
0.000406
-0.003367
-0.007353
-0.010318
-0.012245
-0.012892
-0.011128
-0.006199
0.000879
0.007767
0.012857
0.016232
0.018013
0.017092
0.012847
0.006698
0.000386
-0.005605
-0.010632
-0.013354
-0.013628
-0.012468
-0.010096
-0.006566
-0.003329
-0.001586
-0.000516
0.000762
0.001533
0.001536
0.002096
0.003837
0.005835
0.007432
0.008455
0.008299
0.006741
0.004314
0.001078
-0.003045
-0.006975
-0.009372
-0.009967
-0.008887
-0.006010
-0.001770
0.002696
0.006448
0.008870
0.009398
0.008057
0.005441
0.001737
-0.002660
-0.005942
-0.006672
-0.005673
-0.004028
-0.001455
0.001596
0.003157
0.002432
0.000634
-0.001217
-0.003122
-0.004877
-0.005529
-0.004285
-0.001486
0.001819
0.004901
0.007176
0.007840
0.006794
0.004897
0.002534
-0.000453
-0.003253
-0.004646
-0.004708
-0.004122
-0.002838
-0.000944
0.000624
0.001294
0.001294
0.000747
-0.000237
-0.001099
-0.001481
-0.001592
-0.001554
-0.001127
-0.000164
0.001009
0.001807
0.001972
0.001736
0.001361
0.000886
0.000353
-0.000108
-0.000424
-0.000521
-0.000406
-0.001233
-0.005370
-0.011879
-0.014519
-0.010541
-0.005290
-0.001083
0.007337
0.019420
0.025553
0.023221
0.020246
0.018139
0.009875
-0.003823
-0.013801
-0.017937
-0.021072
-0.022651
-0.018661
-0.011429
-0.005858
-0.000875
0.005877
0.010850
0.010418
0.007418
0.005658
0.004202
0.001402
-0.000780
-0.000062
0.002250
0.003503
0.003218
0.002277
0.000687
-0.002125
-0.005819
-0.009241
-0.011634
-0.012461
-0.010403
-0.004728
0.002553
0.008550
0.012980
0.016791
0.018664
0.016504
0.011107
0.004853
-0.001534
-0.007882
-0.012668
-0.014746
-0.014574
-0.012561
-0.008811
-0.004611
-0.001509
0.000602
0.002280
0.002888
0.002167
0.001431
0.001665
0.002512
0.003692
0.005262
0.006587
0.006830
0.006001
0.004333
0.001572
-0.002062
-0.005358
-0.007389
-0.008181
-0.007728
-0.005674
-0.002226
0.001642
0.005020
0.007397
0.008250
0.007095
0.004304
0.001289
-0.000893
-0.002414
-0.003392
-0.003192
-0.001961
-0.001024
-0.001054
-0.001560
-0.002189
-0.003097
-0.004242
-0.004997
-0.004444
-0.002349
0.000287
0.002550
0.004683
0.006730
0.007746
0.007364
0.006124
0.004023
0.000935
-0.002125
-0.004186
-0.005553
-0.006317
-0.005656
-0.003661
-0.001576
0.000121
0.001824
0.003256
0.003658
0.003014
0.001816
0.000358
-0.001033
-0.001906
-0.002192
-0.002123
-0.001731
-0.001012
-0.000165
0.000712
0.001608
0.002227
0.002221
0.001441
-0.001004
-0.006557
-0.013424
-0.016171
-0.012997
-0.007568
-0.000857
0.009615
0.020859
0.026012
0.025171
0.023264
0.019244
0.009016
-0.004319
-0.013936
-0.018945
-0.022075
-0.022729
-0.018948
-0.012052
-0.004859
0.001737
0.007573
0.011155
0.011203
0.008589
0.005260
0.002094
-0.001050
-0.003303
-0.002893
-0.000228
0.001897
0.002354
0.002579
0.002684
0.000698
-0.003573
-0.007822
-0.010589
-0.011717
-0.010203
-0.005363
0.001053
0.007036
0.012547
0.017248
0.019116
0.017233
0.012917
0.007134
-0.000128
-0.007706
-0.013466
-0.016441
-0.016721
-0.014396
-0.010210
-0.005703
-0.001743
0.001641
0.003919
0.004375
0.003488
0.002408
0.001637
0.001273
0.001565
0.002538
0.003887
0.005241
0.005925
0.005255
0.003479
0.001346
-0.001104
-0.003935
-0.006296
-0.007295
-0.006867
-0.005123
-0.002206
0.001179
0.004239
0.006631
0.007943
0.007619
0.005716
0.002910
-0.000063
-0.002552
-0.004231
-0.005223
-0.005488
-0.004885
-0.003920
-0.003155
-0.002375
-0.001494
-0.000999
-0.000658
0.000262
0.001401
0.002075
0.002734
0.003740
0.004371
0.004276
0.003959
0.003435
0.002280
0.000692
-0.000899
-0.002398
-0.003575
-0.004045
-0.003808
-0.003067
-0.001833
-0.000318
0.000971
0.001861
0.002379
0.002278
0.001558
0.000681
-0.000170
-0.001082
-0.001737
-0.001831
-0.001695
-0.001537
-0.001019
-0.000252
-0.000210
-0.002099
-0.006124
-0.010077
-0.011064
-0.008848
-0.004362
0.002933
0.012045
0.018757
0.021058
0.021294
0.020215
0.015147
0.005799
-0.004116
-0.011684
-0.016701
-0.019503
-0.019923
-0.017439
-0.011948
-0.005170
0.000580
0.005049
0.008763
0.010523
0.009368
0.006752
0.003950
0.000637
-0.002186
-0.002594
-0.001597
-0.001318
-0.000801
0.001117
0.002067
0.000093
-0.002852
-0.004806
-0.006335
-0.007263
-0.006018
-0.002889
0.000585
0.004491
0.009037
0.012541
0.013835
0.013596
0.011849
0.007679
0.001727
-0.004177
-0.009152
-0.012807
-0.014399
-0.013946
-0.012207
-0.009256
-0.005092
-0.000886
0.002196
0.004198
0.005371
0.005501
0.004701
0.003565
0.002515
0.001818
0.001700
0.001970
0.002206
0.002320
0.002336
0.002021
0.001172
-0.000093
-0.001486
-0.002706
-0.003484
-0.003697
-0.003243
-0.001964
-0.000071
0.001789
0.003297
0.004488
0.004974
0.004240
0.002539
0.000412
-0.001924
-0.004007
-0.005150
-0.005464
-0.005411
-0.004666
-0.002947
-0.001017
0.000462
0.001723
0.002760
0.003117
0.003016
0.002913
0.002525
0.001748
0.001251
0.001206
0.001007
0.000615
0.000537
0.000576
0.000191
-0.000499
-0.001107
-0.001558
-0.001778
-0.001640
-0.001364
-0.001142
-0.000703
0.000030
0.000578
0.000698
0.000630
0.000433
-0.000062
-0.000701
-0.001160
-0.001436
-0.001687
-0.002352
-0.004260
-0.007093
-0.008726
-0.007695
-0.004345
0.000784
0.006778
0.011425
0.013610
0.014740
0.015291
0.013315
0.008220
0.002173
-0.002986
-0.007024
-0.010057
-0.012095
-0.012600
-0.010501
-0.006514
-0.003208
-0.001059
0.001653
0.004447
0.005071
0.003755
0.002239
0.000530
-0.001337
-0.001840
-0.001083
-0.000802
-0.000463
0.001401
0.003101
0.002328
0.000310
-0.000926
-0.001950
-0.003463
-0.004351
-0.003892
-0.002486
-0.000168
0.002899
0.005625
0.007558
0.009178
0.009884
0.008405
0.005129
0.001549
-0.001731
-0.004671
-0.006996
-0.008608
-0.009340
-0.008635
-0.006674
-0.004564
-0.002787
-0.001042
0.000491
0.001344
0.001644
0.001702
0.001618
0.001668
0.001986
0.002192
0.002253
0.002671
0.003289
0.003416
0.003029
0.002447
0.001572
0.000512
-0.000315
-0.001125
-0.002213
-0.002866
-0.002492
-0.001701
-0.000975
0.000055
0.001339
0.002249
0.002651
0.002535
0.001537
-0.000032
-0.001410
-0.002778
-0.004416
-0.005404
-0.005021
-0.003914
-0.002642
-0.000967
0.000930
0.002490
0.003636
0.004269
0.004079
0.003409
0.002855
0.002161
0.000940
-0.000207
-0.000661
-0.000768
-0.000936
-0.000948
-0.000592
-0.000064
0.000427
0.000767
0.000759
0.000410
0.000040
-0.000312
-0.000964
-0.001782
-0.002102
-0.001783
-0.001443
-0.001359
-0.001168
-0.000743
-0.000391
-0.000397
-0.001102
-0.002816
-0.005071
-0.006503
-0.005647
-0.002114
0.002500
0.005921
0.007931
0.009946
0.011707
0.011353
0.008692
0.005165
0.001539
-0.001934
-0.004937
-0.007580
-0.009380
-0.008826
-0.006275
-0.004324
-0.003293
-0.000960
0.002325
0.003918
0.003642
0.002962
0.001645
-0.000429
-0.001699
-0.001973
-0.002569
-0.002823
-0.001364
0.000388
0.000517
-0.000012
0.000284
0.000755
0.000577
0.000105
-0.000319
-0.000324
0.000612
0.001902
0.002475
0.002771
0.003777
0.004890
0.004942
0.003987
0.002647
0.001213
-0.000234
-0.001963
-0.004153
-0.005869
-0.006046
-0.005306
-0.004847
-0.004422
-0.003264
-0.001667
-0.000291
0.000672
0.001123
0.001198
0.001472
0.001942
0.001837
0.001178
0.000947
0.001339
0.001533
0.001256
0.000987
0.000962
0.001075
0.001129
0.000854
0.000416
0.000400
0.000756
0.000769
0.000359
0.000194
0.000366
0.000271
-0.000222
-0.000722
-0.001089
-0.001331
-0.001361
-0.001343
-0.001571
-0.001843
-0.001720
-0.001319
-0.001079
-0.001011
-0.000804
-0.000390
0.000033
0.000325
0.000536
0.000891
0.001512
0.002046
0.002048
0.001770
0.001783
0.001919
0.001535
0.000680
0.000052
-0.000126
-0.000243
-0.000471
-0.000602
-0.000538
-0.000332
-0.000052
0.000113
-0.000011
-0.000243
-0.000364
-0.000606
-0.001260
-0.002060
-0.002622
-0.003324
-0.004850
-0.006479
-0.005928
-0.002292
0.001905
0.003858
0.004381
0.005685
0.007152
0.006880
0.005169
0.003334
0.001708
0.000486
-0.000318
-0.001505
-0.002811
-0.002478
-0.000745
-0.000169
-0.001054
-0.001107
0.000033
0.000593
0.000055
-0.000980
-0.002259
-0.003052
-0.002643
-0.001996
-0.002060
-0.001791
-0.000425
0.000733
0.000713
0.000406
0.000582
0.000867
0.000866
0.000462
-0.000158
-0.000141
0.000883
0.001800
0.001701
0.001305
0.001496
0.002004
0.002277
0.002172
0.001736
0.001276
0.000983
0.000381
-0.000766
-0.001630
-0.001600
-0.001404
-0.001840
-0.002543
-0.002805
-0.002494
-0.001930
-0.001631
-0.001789
-0.001779
-0.001005
0.000011
0.000425
0.000437
0.000745
0.001214
0.001256
0.000940
0.000792
0.000981
0.001259
0.001379
0.001289
0.001164
0.001248
0.001520
0.001646
0.001361
0.000787
0.000238
-0.000195
-0.000618
-0.001016
-0.001274
-0.001345
-0.001251
-0.001130
-0.001127
-0.001130
-0.000884
-0.000470
-0.000274
-0.000446
-0.000677
-0.000571
-0.000174
0.000027
-0.000150
-0.000189
0.000246
0.000697
0.000752
0.000732
0.000977
0.001194
0.000966
0.000447
0.000139
0.000206
0.000389
0.000441
0.000384
0.000384
0.000513
0.000646
0.000580
0.000266
-0.000054
-0.000166
-0.000257
-0.000637
-0.001194
-0.001551
-0.001692
-0.001995
-0.002551
-0.002912
-0.002713
-0.002067
-0.001160
0.000027
0.001316
0.002296
0.002868
0.003197
0.003244
0.002937
0.002452
0.001854
0.001063
0.000351
0.000059
-0.000035
-0.000215
-0.000284
-0.000195
-0.000286
-0.000501
-0.000495
-0.000488
-0.000867
-0.001406
-0.001760
-0.001971
-0.002034
-0.001804
-0.001399
-0.000981
-0.000474
0.000048
0.000329
0.000410
0.000447
0.000372
0.000177
0.000067
0.000149
0.000365
0.000711
0.001174
0.001602
0.001895
0.002108
0.002245
0.002183
0.001821
0.001169
0.000343
-0.000425
-0.000945
-0.001275
-0.001529
-0.001652
-0.001590
-0.001450
-0.001336
-0.001231
-0.001114
-0.001009
-0.000885
-0.000753
-0.000730
-0.000770
-0.000582
-0.000151
0.000145
0.000215
0.000414
0.000826
0.001059
0.000986
0.000958
0.001028
0.000867
0.000536
0.000422
0.000564
0.000740
0.000877
0.000979
0.001010
0.000937
0.000728
0.000380
-0.000019
-0.000394
-0.000777
-0.001164
-0.001418
-0.001446
-0.001344
-0.001259
-0.001200
-0.001076
-0.000829
-0.000501
-0.000215
-0.000041
0.000089
0.000228
0.000312
0.000327
0.000355
0.000444
0.000567
0.000679
0.000759
0.000841
0.000989
0.001163
0.001174
0.000900
0.000504
0.000246
0.000099
-0.000115
-0.000342
-0.000423
-0.000436
-0.000540
-0.000666
-0.000669
-0.000567
-0.000449
-0.000390
-0.000441
-0.000559
-0.000598
-0.000553
-0.000625
-0.000817
-0.000830
-0.000558
-0.000218
0.000082
0.000418
0.000747
0.000918
0.000900
0.000800
0.000740
0.000745
0.000717
0.000601
0.000511
0.000579
0.000711
0.000633
0.000272
-0.000099
-0.000291
-0.000424
-0.000591
-0.000711
-0.000768
-0.000838
-0.000893
-0.000852
-0.000747
-0.000635
-0.000469
-0.000238
-0.000050
0.000055
0.000150
0.000256
0.000330
0.000373
0.000371
0.000278
0.000151
0.000138
0.000258
0.000395
0.000518
0.000700
0.000885
0.000877
0.000680
0.000508
0.000379
0.000140
-0.000198
-0.000446
-0.000477
-0.000363
-0.000274
-0.000257
-0.000230
-0.000194
-0.000253
-0.000388
-0.000450
-0.000432
-0.000488
-0.000669
-0.000809
-0.000733
-0.000486
-0.000234
-0.000027
0.000174
0.000342
0.000447
0.000533
0.000614
0.000659
0.000661
0.000609
0.000526
0.000471
0.000410
0.000184
-0.000433
-0.001698
-0.003241
-0.003610
-0.001971
0.000169
0.000953
0.000869
0.001331
0.002216
0.002722
0.002715
0.002128
0.001093
0.000438
0.000277
-0.000284
-0.001044
-0.000879
-0.000143
-0.000133
-0.000724
-0.000832
-0.000265
0.000358
0.000409
-0.000429
-0.001636
-0.002060
-0.001359
-0.000427
-0.000080
-0.000210
-0.000246
0.000104
0.000570
0.000691
0.000443
0.000158
-0.000069
-0.000307
-0.000404
-0.000184
0.000316
0.000887
0.001091
0.000721
0.000458
0.001038
0.001917
0.001974
0.001113
0.000170
-0.000250
-0.000218
-0.000223
-0.000644
-0.001271
-0.001573
-0.001437
-0.001225
-0.001152
-0.001079
-0.000900
-0.000776
-0.000872
-0.000974
-0.000693
-0.000068
0.000425
0.000492
0.000328
0.000330
0.000682
0.001153
0.001293
0.000952
0.000489
0.000329
0.000451
0.000487
0.000290
0.000132
0.000262
0.000522
0.000573
0.000340
0.000073
-0.000038
-0.000120
-0.000376
-0.000714
-0.000794
-0.000480
-0.000108
-0.000079
-0.000301
-0.000373
-0.000197
-0.000036
-0.000066
-0.000258
-0.000492
-0.000536
-0.000266
0.000038
0.000030
-0.000135
-0.000061
0.000263
0.000507
0.000524
0.000486
0.000549
0.000630
0.000529
0.000204
-0.000085
-0.000056
0.000173
0.000240
0.000111
0.000066
0.000141
0.000089
-0.000144
-0.000384
-0.000540
-0.000637
-0.000650
-0.000549
-0.000402
-0.000270
-0.000134
-0.000004
0.000067
0.000056
-0.000016
-0.000087
-0.000121
-0.000106
-0.000006
0.000160
0.000270
0.000273
0.000265
0.000296
0.000317
0.000317
0.000336
0.000329
0.000205
0.000022
-0.000046
0.000007
-0.000008
-0.000126
-0.000136
0.000025
0.000166
0.000154
-0.000009
-0.000244
-0.000369
-0.000330
-0.000331
-0.000438
-0.000428
-0.000219
-0.000003
0.000074
0.000010
-0.000100
-0.000136
-0.000126
-0.000180
-0.000254
-0.000199
-0.000004
0.000210
0.000377
0.000519
0.000604
0.000590
0.000550
0.000538
0.000447
0.000245
0.000076
-0.000011
-0.000119
-0.000244
-0.000322
-0.000370
-0.000360
-0.000248
-0.000123
-0.000066
-0.000037
-0.000012
-0.000051
-0.000150
-0.000208
-0.000148
0.000003
0.000110
0.000080
0.000009
0.000007
0.000011
-0.000074
-0.000195
-0.000255
-0.000257
-0.000218
-0.000103
0.000022
0.000042
0.000064
0.000272
0.000539
0.000603
0.000490
0.000390
0.000342
0.000261
0.000069
-0.000195
-0.000317
-0.000202
-0.000103
-0.000200
-0.000281
-0.000186
-0.000075
-0.000076
-0.000122
-0.000193
-0.000317
-0.000374
-0.000246
-0.000051
0.000056
0.000092
0.000119
0.000123
0.000076
0.000015
-0.000016
-0.000004
0.000067
0.000161
0.000200
0.000197
0.000221
0.000221
0.000112
-0.000039
-0.000130
-0.000179
-0.000221
-0.000239
-0.000222
-0.000139
0.000066
0.000306
0.000385
0.000287
0.000194
0.000196
0.000203
0.000120
-0.000029
-0.000153
-0.000219
-0.000279
-0.000336
-0.000294
-0.000172
-0.000124
-0.000137
-0.000082
-0.000015
-0.000023
0.000036
0.000231
0.000291
0.000069
-0.000069
0.000131
0.000349
0.000296
0.000118
-0.000011
-0.000047
0.000052
0.000213
0.000215
-0.000011
-0.000253
-0.000321
-0.000310
-0.000368
-0.000398
-0.000244
-0.000005
0.000094
0.000051
0.000042
0.000110
0.000124
0.000031
-0.000084
-0.000129
-0.000087
-0.000001
0.000071
0.000088
0.000049
0.000051
0.000156
0.000246
0.000235
0.000205
0.000173
0.000041
-0.000115
-0.000101
0.000036
0.000109
0.000159
0.000246
0.000200
-0.000059
-0.000302
-0.000297
-0.000112
-0.000009
-0.000116
-0.000300
-0.000362
-0.000241
-0.000026
0.000132
0.000152
0.000104
0.000074
0.000052
0.000003
-0.000048
-0.000078
-0.000093
-0.000097
-0.000082
-0.000021
0.000129
0.000346
0.000455
0.000301
0.000031
-0.000061
0.000033
0.000042
-0.000119
-0.000230
-0.000157
0.000004
0.000117
0.000118
0.000040
-0.000018
-0.000018
-0.000069
-0.000276
-0.000535
-0.000608
-0.000444
-0.000249
-0.000177
-0.000129
0.000031
0.000275
0.000518
0.000680
0.000692
0.000577
0.000419
0.000276
0.000122
-0.000147
-0.000560
-0.000857
-0.000633
0.000056
0.000609
0.000648
0.000409
0.000223
0.000156
0.000094
-0.000135
-0.000530
-0.000780
-0.000677
-0.000424
-0.000265
-0.000140
0.000062
0.000270
0.000362
0.000313
0.000185
0.000089
0.000100
0.000083
-0.000159
-0.000450
-0.000380
0.000092
0.000570
0.000700
0.000493
0.000247
0.000185
0.000204
0.000071
-0.000244
-0.000492
-0.000469
-0.000278
-0.000128
-0.000049
0.000032
0.000106
0.000098
-0.000026
-0.000169
-0.000180
-0.000056
0.000021
-0.000091
-0.000263
-0.000197
0.000091
0.000216
0.000026
-0.000207
-0.000265
-0.000199
-0.000130
-0.000114
-0.000122
-0.000060
0.000107
0.000283
0.000343
0.000305
0.000304
0.000355
0.000311
0.000154
0.000080
0.000153
0.000204
0.000152
0.000075
0.000018
-0.000030
-0.000064
-0.000121
-0.000254
-0.000364
-0.000310
-0.000174
-0.000162
-0.000299
-0.000385
-0.000217
0.000125
0.000327
0.000269
0.000146
0.000122
0.000134
0.000079
-0.000018
-0.000081
-0.000073
0.000001
0.000083
0.000088
0.000023
-0.000030
-0.000037
-0.000031
-0.000052
-0.000084
-0.000037
0.000111
0.000194
0.000062
-0.000163
-0.000218
-0.000098
-0.000022
-0.000065
-0.000136
-0.000166
-0.000146
-0.000133
-0.000174
-0.000193
-0.000083
0.000110
0.000268
0.000376
0.000491
0.000552
0.000445
0.000231
0.000058
-0.000038
-0.000101
-0.000159
-0.000236
-0.000298
-0.000264
-0.000160
-0.000092
-0.000074
-0.000069
-0.000082
-0.000085
-0.000002
0.000146
0.000235
0.000213
0.000125
0.000026
-0.000014
0.000020
0.000016
-0.000113
-0.000243
-0.000225
-0.000124
-0.000067
-0.000051
-0.000053
-0.000082
-0.000074
0.000030
0.000160
0.000227
0.000256
0.000311
0.000340
0.000260
0.000110
-0.000057
-0.000217
-0.000267
-0.000178
-0.000083
-0.000033
0.000041
0.000129
0.000132
0.000039
-0.000041
-0.000062
-0.000118
-0.000240
-0.000310
-0.000251
-0.000148
-0.000089
-0.000055
-0.000013
-0.000018
-0.000133
-0.000254
-0.000200
-0.000014
0.000095
0.000086
0.000114
0.000246
0.000378
0.000390
0.000286
0.000162
0.000089
0.000068
0.000072
0.000050
-0.000011
-0.000036
0.000047
0.000195
0.000262
0.000157
-0.000003
-0.000053
-0.000057
-0.000175
-0.000335
-0.000344
-0.000201
-0.000092
-0.000134
-0.000230
-0.000207
-0.000063
0.000069
0.000114
0.000097
0.000092
0.000141
0.000176
0.000105
-0.000026
-0.000101
-0.000104
-0.000101
-0.000115
-0.000107
-0.000046
0.000042
0.000125
0.000178
0.000165
0.000121
0.000148
0.000219
0.000185
0.000031
-0.000082
-0.000076
-0.000047
-0.000079
-0.000152
-0.000190
-0.000154
-0.000086
-0.000045
-0.000042
-0.000056
-0.000043
0.000069
0.000259
0.000329
0.000189
0.000051
0.000065
0.000067
-0.000101
-0.000323
-0.000374
-0.000200
-0.000033
-0.000094
-0.000223
-0.000128
0.000122
0.000265
0.000220
0.000103
0.000052
0.000079
0.000090
0.000057
0.000039
0.000059
0.000077
0.000042
-0.000042
-0.000104
-0.000111
-0.000098
-0.000080
-0.000042
-0.000006
0.000010
-0.000020
-0.000117
-0.000169
-0.000040
0.000162
0.000221
0.000153
0.000118
0.000115
0.000016
-0.000138
-0.000196
-0.000177
-0.000172
-0.000163
-0.000129
-0.000094
-0.000045
0.000014
0.000078
0.000175
0.000273
0.000291
0.000247
0.000207
0.000146
0.000022
-0.000078
-0.000070
-0.000041
-0.000081
-0.000098
0.000001
0.000088
-0.000035
-0.000323
-0.000512
-0.000489
-0.000405
-0.000361
-0.000238
0.000018
0.000253
0.000384
0.000484
0.000552
0.000525
0.000454
0.000438
0.000411
0.000219
-0.000065
-0.000187
-0.000082
0.000020
-0.000095
-0.000331
-0.000426
-0.000323
-0.000212
-0.000212
-0.000216
-0.000115
-0.000004
-0.000001
-0.000013
0.000116
0.000287
0.000243
-0.000012
-0.000178
-0.000096
0.000041
0.000019
-0.000094
-0.000117
-0.000063
-0.000050
-0.000064
-0.000038
0.000027
0.000114
0.000158
0.000064
-0.000085
-0.000110
-0.000032
-0.000013
-0.000049
-0.000019
0.000044
0.000027
-0.000060
-0.000113
-0.000055
0.000068
0.000117
0.000071
0.000106
0.000264
0.000320
0.000189
0.000113
0.000226
0.000302
0.000144
-0.000098
-0.000214
-0.000236
-0.000266
-0.000301
-0.000326
-0.000352
-0.000332
-0.000205
-0.000019
0.000101
0.000114
0.000140
0.000233
0.000254
0.000156
0.000068
-0.000000
-0.000122
-0.000224
-0.000195
-0.000058
0.000093
0.000192
0.000210
0.000156
0.000086
0.000042
0.000017
-0.000001
-0.000015
-0.000038
-0.000072
-0.000080
-0.000060
-0.000046
-0.000015
0.000047
0.000037
-0.000090
-0.000191
-0.000143
-0.000020
0.000047
0.000053
0.000090
0.000129
0.000058
-0.000036
0.000018
0.000169
0.000190
-0.000014
-0.000246
-0.000274
-0.000166
-0.000093
-0.000031
0.000057
0.000085
0.000057
0.000085
0.000183
0.000278
0.000324
0.000271
0.000107
-0.000080
-0.000188
-0.000194
-0.000149
-0.000127
-0.000145
-0.000155
-0.000145
-0.000130
-0.000098
-0.000032
0.000038
0.000013
-0.000104
-0.000122
0.000050
0.000219
0.000228
0.000177
0.000177
0.000156
0.000060
0.000012
0.000101
0.000170
0.000056
-0.000110
-0.000131
-0.000090
-0.000128
-0.000136
0.000009
0.000142
0.000066
-0.000108
-0.000162
-0.000137
-0.000181
-0.000235
-0.000177
-0.000058
-0.000018
-0.000110
-0.000236
-0.000236
-0.000084
0.000097
0.000203
0.000240
0.000256
0.000281
0.000302
0.000269
0.000165
0.000051
0.000018
0.000077
0.000102
-0.000001
-0.000123
-0.000124
-0.000029
0.000043
0.000008
-0.000092
-0.000133
-0.000073
-0.000009
-0.000030
-0.000076
-0.000026
0.000101
0.000137
-0.000002
-0.000166
-0.000169
-0.000040
0.000062
0.000064
0.000030
0.000056
0.000117
0.000086
-0.000055
-0.000169
-0.000190
-0.000204
-0.000253
-0.000261
-0.000192
-0.000081
0.000055
0.000220
0.000382
0.000436
0.000342
0.000222
0.000127
-0.000057
-0.000267
-0.000250
0.000007
0.000205
0.000163
0.000051
0.000086
0.000186
0.000133
-0.000049
-0.000167
-0.000180
-0.000190
-0.000235
-0.000274
-0.000260
-0.000167
-0.000013
0.000119
0.000133
0.000056
0.000037
0.000101
0.000110
0.000036
-0.000005
0.000015
0.000031
0.000030
0.000026
0.000011
0.000016
0.000057
0.000083
0.000071
0.000026
-0.000051
-0.000101
-0.000073
-0.000070
-0.000189
-0.000289
-0.000162
0.000110
0.000217
0.000090
0.000007
0.000118
0.000195
0.000050
-0.000145
-0.000171
-0.000069
0.000022
0.000064
0.000062
0.000016
0.000006
0.000129
0.000291
0.000276
0.000088
-0.000061
-0.000125
-0.000210
-0.000276
-0.000211
-0.000092
-0.000082
-0.000165
-0.000158
-0.000005
0.000106
0.000053
-0.000005
0.000065
0.000150
0.000156
0.000180
0.000280
0.000303
0.000094
-0.000213
-0.000335
-0.000266
-0.000229
-0.000258
-0.000211
-0.000118
-0.000089
-0.000050
0.000097
0.000256
0.000317
0.000336
0.000372
0.000363
0.000253
0.000104
0.000019
0.000011
0.000032
0.000063
0.000090
0.000058
-0.000066
-0.000211
-0.000300
-0.000332
-0.000317
-0.000268
-0.000223
-0.000173
-0.000098
-0.000024
0.000032
0.000066
0.000059
0.000022
0.000000
-0.000007
-0.000043
-0.000073
0.000000
0.000141
0.000187
0.000113
0.000057
0.000057
-0.000009
-0.000157
-0.000208
-0.000065
0.000114
0.000152
0.000090
0.000045
0.000027
0.000015
0.000041
0.000078
0.000053
-0.000013
-0.000028
0.000028
0.000056
-0.000015
-0.000080
-0.000026
0.000073
0.000096
0.000051
0.000019
0.000033
0.000053
0.000026
-0.000028
-0.000054
-0.000073
-0.000130
-0.000175
-0.000153
-0.000107
-0.000076
-0.000012
0.000092
0.000150
0.000104
0.000008
-0.000031
0.000017
0.000046
-0.000020
-0.000087
-0.000052
0.000021
0.000035
-0.000011
-0.000067
-0.000086
-0.000054
0.000013
0.000083
0.000151
0.000214
0.000233
0.000195
0.000104
-0.000068
-0.000266
-0.000316
-0.000188
-0.000074
-0.000080
-0.000087
-0.000021
0.000026
-0.000008
-0.000035
0.000026
0.000113
0.000113
0.000029
-0.000021
0.000010
0.000036
0.000017
0.000041
0.000171
0.000325
0.000350
0.000188
-0.000032
-0.000147
-0.000164
-0.000163
-0.000132
-0.000069
-0.000040
-0.000028
0.000007
0.000004
-0.000045
-0.000048
-0.000029
-0.000116
-0.000279
-0.000321
-0.000199
-0.000085
-0.000082
-0.000098
-0.000023
0.000105
0.000199
0.000272
0.000373
0.000443
0.000410
0.000320
0.000224
0.000096
-0.000046
-0.000112
-0.000071
-0.000003
-0.000002
-0.000076
-0.000159
-0.000202
-0.000214
-0.000229
-0.000266
-0.000285
-0.000253
-0.000213
-0.000208
-0.000216
-0.000190
-0.000097
0.000049
0.000157
0.000147
0.000062
0.000029
0.000100
0.000187
0.000216
0.000239
0.000310
0.000338
0.000228
0.000050
-0.000054
-0.000036
0.000038
0.000071
0.000030
-0.000026
-0.000032
0.000027
0.000100
0.000087
-0.000042
-0.000185
-0.000235
-0.000195
-0.000136
-0.000116
-0.000109
-0.000040
0.000058
0.000085
0.000049
0.000037
0.000079
0.000136
0.000159
0.000117
0.000046
-0.000004
-0.000058
-0.000150
-0.000221
-0.000198
-0.000120
-0.000100
-0.000135
-0.000105
0.000015
0.000108
0.000076
-0.000034
-0.000071
0.000035
0.000163
0.000177
0.000122
0.000124
0.000139
0.000037
-0.000103
-0.000054
0.000158
0.000241
0.000098
-0.000029
0.000033
0.000144
0.000123
0.000025
-0.000016
-0.000031
-0.000109
-0.000205
-0.000251
-0.000265
-0.000261
-0.000220
-0.000158
-0.000100
-0.000022
0.000097
0.000189
0.000173
0.000082
0.000009
-0.000012
0.000006
0.000031
0.000038
0.000037
0.000010
-0.000080
-0.000165
-0.000135
-0.000032
0.000008
-0.000006
0.000059
0.000194
0.000258
0.000233
0.000193
0.000144
0.000084
0.000043
0.000026
0.000001
-0.000033
-0.000042
-0.000029
-0.000040
-0.000088
-0.000127
-0.000152
-0.000185
-0.000187
-0.000135
-0.000084
-0.000091
-0.000156
-0.000189
-0.000112
0.000007
0.000047
0.000019
0.000017
0.000049
0.000026
-0.000035
-0.000017
0.000078
0.000128
0.000108
0.000120
0.000237
0.000391
0.000461
0.000410
0.000249
-0.000006
-0.000245
-0.000326
-0.000252
-0.000154
-0.000113
-0.000113
-0.000120
-0.000099
-0.000035
0.000022
0.000022
0.000003
0.000028
0.000084
0.000101
0.000049
-0.000047
-0.000095
-0.000019
0.000071
0.000020
-0.000071
-0.000026
0.000075
0.000057
-0.000027
-0.000016
0.000073
0.000084
-0.000013
-0.000108
-0.000142
-0.000175
-0.000205
-0.000115
0.000092
0.000224
0.000194
0.000106
0.000050
0.000005
-0.000084
-0.000196
-0.000212
-0.000085
0.000054
0.000068
0.000007
0.000013
0.000090
0.000096
-0.000041
-0.000166
-0.000130
-0.000056
-0.000099
-0.000161
-0.000089
0.000086
0.000207
0.000162
0.000016
-0.000031
0.000105
0.000255
0.000210
0.000048
0.000016
0.000146
0.000248
0.000213
0.000077
-0.000091
-0.000215
-0.000237
-0.000199
-0.000212
-0.000278
-0.000260
-0.000101
0.000080
0.000191
0.000256
0.000269
0.000146
-0.000074
-0.000184
-0.000101
0.000010
0.000019
0.000016
0.000081
0.000112
