4800
-0.000214
0.000361
0.000023
0.000169
0.000424
-0.000641
-0.000907
0.000323
0.000696
0.000534
0.000705
0.000150
-0.000349
0.000112
0.000173
-0.000293
-0.000276
-0.000038
0.000206
0.000615
0.000680
0.000211
-0.000164
-0.000049
-0.000038
-0.000599
-0.000709
-0.000296
-0.000545
-0.000374
0.000639
0.000364
-0.000364
0.000061
-0.000239
-0.000825
0.000265
0.000521
-0.000713
-0.000079
0.001267
0.000626
-0.000095
0.000009
-0.000472
-0.000800
-0.000254
0.000276
0.000367
-0.000084
-0.000589
-0.000098
0.000767
0.000521
-0.000276
-0.000130
0.000235
-0.000255
-0.000078
0.001037
0.000744
-0.000306
0.000140
0.000690
0.000004
-0.000478
-0.000345
-0.000207
-0.000101
-0.000289
-0.000511
-0.000376
-0.000315
-0.000173
0.000164
-0.000025
-0.000343
0.000016
0.000382
0.000325
0.000268
-0.000037
-0.000539
-0.000259
0.000525
0.000458
-0.000162
-0.000135
0.000137
0.000003
0.000133
0.000602
0.000444
-0.000151
-0.000248
-0.000055
-0.000128
-0.000266
-0.000187
-0.000006
0.000045
-0.000043
-0.000112
-0.000130
-0.000144
-0.000080
0.000065
0.000141
0.000154
0.000178
0.000004
-0.000392
-0.000443
-0.000025
0.000100
-0.000064
0.000151
0.000267
-0.000080
-0.000011
0.000404
0.000261
-0.000057
0.000107
0.000337
0.000115
-0.000257
-0.000132
0.000223
0.000043
-0.000217
0.000073
0.000129
-0.000323
-0.000267
0.000200
0.000025
-0.000442
-0.000213
0.000274
0.000180
-0.000060
0.000047
-0.000048
-0.000460
-0.000420
0.000019
0.000093
-0.000060
-0.000030
-0.000120
-0.000227
0.000148
0.000519
0.000353
0.000248
0.000486
0.000510
0.000274
0.000171
0.000206
0.000152
-0.000099
-0.000355
-0.000392
-0.000427
-0.000520
-0.000303
-0.000039
-0.000228
-0.000413
-0.000126
0.000199
0.000169
0.000004
-0.000124
-0.000347
-0.000429
-0.000014
0.000411
0.000289
0.000033
0.000102
0.000174
-0.000057
-0.000055
0.000490
0.000623
0.000115
0.000165
0.000446
-0.000233
-0.000737
0.000000
0.000542
0.000254
0.000257
0.000413
-0.000074
-0.000541
-0.000342
-0.000172
-0.000522
-0.000698
-0.000143
0.000453
0.000346
0.000049
0.000117
0.000038
-0.000332
-0.000266
0.000056
-0.000239
-0.000522
0.000204
0.000845
0.000283
-0.000274
0.000001
-0.000042
-0.000557
-0.000310
0.000352
0.000250
-0.000011
0.000387
0.000508
-0.000184
-0.000542
-0.000094
0.000237
0.000171
0.000269
0.000400
0.000117
-0.000170
-0.000024
0.000071
-0.000152
-0.000068
0.000371
0.000314
-0.000210
-0.000420
-0.000454
-0.000667
-0.000538
0.000009
0.000132
-0.000184
-0.000093
0.000280
0.000217
0.000129
0.000570
0.000718
0.000092
-0.000255
0.000068
0.000065
-0.000409
-0.000432
0.000051
0.000240
0.000013
-0.000125
-0.000186
-0.000406
-0.000295
0.000429
0.000843
0.000464
0.000214
0.000366
0.000053
-0.000592
-0.000651
-0.000341
-0.000305
-0.000280
-0.000080
-0.000151
-0.000372
-0.000175
0.000153
0.000107
0.000079
0.000374
0.000560
0.000527
0.000611
0.000687
0.000404
-0.000073
-0.000298
-0.000221
-0.000198
-0.000359
-0.000416
-0.000370
-0.000548
-0.000689
-0.000376
-0.000127
-0.000345
-0.000355
0.000098
0.000305
0.000216
0.000464
0.000798
0.000558
0.000151
0.000246
0.000403
0.000137
0.000023
0.000311
0.000270
-0.000133
-0.000180
-0.000103
-0.000477
-0.000780
-0.000459
-0.000015
0.000118
0.000225
0.000351
0.000135
-0.000221
-0.000184
0.000012
-0.000115
-0.000239
0.000048
0.000361
0.000319
0.000193
0.000174
0.000036
-0.000210
-0.000241
-0.000040
0.000147
0.000238
0.000225
0.000063
-0.000110
-0.000173
-0.000264
-0.000390
-0.000241
0.000164
0.000285
-0.000045
-0.000344
-0.000429
-0.000533
-0.000525
-0.000257
-0.000083
-0.000090
0.000119
0.000497
0.000553
0.000266
0.000054
0.000086
0.000224
0.000309
0.000280
0.000241
0.000318
0.000413
0.000352
0.000127
-0.000121
-0.000241
-0.000172
-0.000044
-0.000052
-0.000116
-0.000059
-0.000049
-0.000242
-0.000405
-0.000432
-0.000537
-0.000621
-0.000352
0.000085
0.000232
0.000190
0.000307
0.000416
0.000288
0.000176
0.000147
-0.000034
-0.000093
0.000279
0.000569
0.000340
-0.000064
-0.000355
-0.000618
-0.000724
-0.000488
-0.000177
-0.000020
0.000227
0.000593
0.000627
0.000303
0.000121
0.000110
-0.000083
-0.000295
-0.000144
0.000156
0.000191
0.000066
0.000054
-0.000006
-0.000286
-0.000504
-0.000485
-0.000425
-0.000297
0.000111
0.000563
0.000600
0.000285
0.000070
0.000061
-0.000008
-0.000170
-0.000191
-0.000039
0.000123
0.000230
0.000214
-0.000065
-0.000441
-0.000489
-0.000213
-0.000033
-0.000031
0.000045
0.000194
0.000316
0.000487
0.000610
0.000478
0.000232
0.000082
-0.000055
-0.000214
-0.000322
-0.000438
-0.000524
-0.000386
-0.000100
0.000060
0.000042
-0.000084
-0.000243
-0.000219
0.000005
0.000106
0.000056
0.000160
0.000359
0.000435
0.000516
0.000575
0.000282
-0.000171
-0.000292
-0.000279
-0.000487
-0.000554
-0.000232
-0.000010
-0.000151
-0.000389
-0.000625
-0.000794
-0.000610
-0.000140
0.000111
0.000065
0.000227
0.000747
0.001035
0.000686
0.000226
0.000282
0.000400
-0.000123
-0.000770
-0.000793
-0.000610
-0.000561
-0.000222
0.000008
-0.000424
-0.000377
0.000753
0.001283
0.000653
0.000579
0.001238
0.001183
0.000842
0.001325
0.001551
0.000517
-0.000352
0.000024
0.000360
-0.000306
-0.000979
-0.001033
-0.001261
-0.001736
-0.001513
-0.000953
-0.001230
-0.001722
-0.001176
-0.000220
0.000109
0.000212
0.000445
0.000408
0.000357
0.000771
0.001007
0.000459
-0.000120
0.000134
0.000862
0.001255
0.001183
0.000967
0.000702
0.000419
0.000303
0.000190
-0.000285
-0.000833
-0.000912
-0.000667
-0.000501
-0.000445
-0.000536
-0.000853
-0.000985
-0.000563
-0.000065
-0.000055
-0.000243
-0.000062
0.000446
0.000791
0.000714
0.000422
0.000213
0.000167
0.000233
0.000287
0.000202
0.000084
0.000133
0.000303
0.000410
0.000301
-0.000117
-0.000559
-0.000557
-0.000271
-0.000232
-0.000361
-0.000273
-0.000053
0.000128
0.000397
0.000697
0.000660
0.000205
-0.000305
-0.000619
-0.000968
-0.001872
-0.003292
-0.004079
-0.003583
-0.003234
-0.003825
-0.003016
0.000270
0.002959
0.003939
0.006035
0.009045
0.010001
0.009432
0.008777
0.006661
0.003246
0.000819
-0.001040
-0.003802
-0.006470
-0.007939
-0.008448
-0.008231
-0.007838
-0.007655
-0.006780
-0.004915
-0.003245
-0.001916
0.000113
0.002477
0.004021
0.005224
0.006796
0.007473
0.006457
0.005331
0.004658
0.002913
0.000495
-0.000628
-0.001023
-0.002153
-0.003062
-0.002814
-0.002445
-0.002490
-0.002362
-0.002012
-0.001585
-0.000885
-0.000059
0.000663
0.001239
0.001311
0.000872
0.000725
0.000990
0.000792
0.000000
-0.000435
0.000013
0.000695
0.000828
0.000626
0.000622
0.000573
0.000308
0.000314
0.000301
-0.000501
-0.001435
-0.001531
-0.001342
-0.001462
-0.001462
-0.001281
-0.001264
-0.001053
-0.000273
0.000466
0.000450
0.000202
0.000779
0.001850
0.002235
0.002091
0.002146
0.001876
0.000997
0.000529
0.000463
-0.000391
-0.001587
-0.001676
-0.000968
-0.000667
-0.000827
-0.000994
-0.001102
-0.001024
-0.000637
-0.000328
-0.000457
-0.000496
0.000248
0.001177
0.001305
0.000921
0.000500
-0.000168
-0.000514
0.000169
0.000880
0.000703
0.000415
0.000608
0.000962
0.001169
0.000847
-0.000027
-0.000644
-0.000560
-0.000215
-0.000044
-0.000134
-0.000542
-0.001751
-0.004410
-0.008445
-0.013000
-0.015273
-0.010704
-0.000365
0.007319
0.010292
0.015663
0.022574
0.022174
0.015659
0.010228
0.004471
-0.003082
-0.006198
-0.004453
-0.005632
-0.010091
-0.011110
-0.008850
-0.008595
-0.010281
-0.010760
-0.010297
-0.009542
-0.006395
-0.000696
0.003989
0.006186
0.008400
0.011640
0.013351
0.011920
0.008990
0.006287
0.003666
0.001253
-0.000060
-0.001157
-0.003663
-0.006138
-0.006001
-0.004347
-0.003948
-0.004614
-0.004685
-0.004077
-0.003089
-0.001436
0.000255
0.000925
0.001282
0.002874
0.005168
0.006024
0.004896
0.003282
0.002208
0.001347
0.000360
-0.000702
-0.001958
-0.003261
-0.003991
-0.004064
-0.003892
-0.003279
-0.001848
0.000050
0.001947
0.003587
0.004263
0.003481
0.002068
0.000977
0.000005
-0.001101
-0.001819
-0.001842
-0.001524
-0.001152
-0.000727
-0.000392
-0.000358
-0.000480
-0.000365
0.000181
0.000982
0.001572
0.001655
0.001573
0.001687
0.001565
0.000797
-0.000193
-0.001053
-0.001861
-0.002345
-0.002245
-0.001979
-0.001842
-0.001503
-0.000781
0.000033
0.000643
0.001059
0.001519
0.002112
0.002616
0.002835
0.002705
0.002158
0.001244
0.000158
-0.000886
-0.001597
-0.001826
-0.001852
-0.001844
-0.001446
-0.000553
0.000243
0.000559
0.000801
0.001296
0.001681
0.001396
-0.000857
-0.006890
-0.014636
-0.017705
-0.013981
-0.008197
-0.002642
0.005340
0.015182
0.022562
0.026025
0.025830
0.020622
0.011583
0.003695
-0.001086
-0.005499
-0.010551
-0.013880
-0.014486
-0.013685
-0.012485
-0.011496
-0.011389
-0.011460
-0.009926
-0.006344
-0.002086
0.001529
0.004658
0.008268
0.012131
0.014624
0.014851
0.013195
0.010095
0.006299
0.003007
0.000164
-0.003281
-0.006832
-0.008692
-0.008420
-0.007156
-0.005910
-0.005063
-0.004520
-0.003555
-0.001649
0.000434
0.001591
0.002036
0.002866
0.004461
0.006145
0.006927
0.006308
0.004733
0.003049
0.001508
-0.000217
-0.002324
-0.004516
-0.006014
-0.006151
-0.005235
-0.004256
-0.003617
-0.002903
-0.001766
-0.000383
0.000657
0.000707
0.000008
0.000036
0.001785
0.004225
0.005701
0.006018
0.005923
0.005605
0.004695
0.002864
0.000175
-0.002564
-0.004199
-0.004341
-0.003679
-0.003263
-0.003548
-0.003916
-0.003428
-0.002123
-0.000939
-0.000350
0.000138
0.001111
0.002468
0.003496
0.003458
0.002327
0.000890
-0.000102
-0.000613
-0.001049
-0.001654
-0.002144
-0.001915
-0.000791
0.000612
0.001516
0.001742
0.001707
0.001857
0.002050
0.001694
0.000660
-0.000460
-0.001132
-0.001367
-0.001430
-0.001459
-0.001371
-0.000963
-0.000130
0.000898
0.001579
0.001668
0.001551
0.001525
0.001373
0.000877
0.000137
-0.000487
-0.001135
-0.003929
-0.011104
-0.019427
-0.021352
-0.015144
-0.006849
0.000609
0.010511
0.022400
0.030362
0.032220
0.029838
0.022616
0.010778
-0.000071
-0.006367
-0.011461
-0.017396
-0.020598
-0.019177
-0.016022
-0.013444
-0.011404
-0.010090
-0.009332
-0.007318
-0.003135
0.001524
0.005021
0.008050
0.011893
0.015919
0.018069
0.017176
0.013727
0.008752
0.003237
-0.001796
-0.006038
-0.009990
-0.013155
-0.013621
-0.010815
-0.006825
-0.003795
-0.001877
-0.000265
0.001501
0.003312
0.004474
0.004400
0.003731
0.003870
0.005151
0.006357
0.006210
0.004631
0.002458
0.000398
-0.001580
-0.003906
-0.006513
-0.008532
-0.008987
-0.007677
-0.005332
-0.002960
-0.001010
0.000775
0.002638
0.004187
0.004792
0.004300
0.002937
0.001136
0.000144
0.001160
0.002993
0.003367
0.002755
0.003019
0.003413
0.002219
-0.000026
-0.002137
-0.003895
-0.004703
-0.003956
-0.002691
-0.002285
-0.002344
-0.001624
-0.000290
0.000257
-0.000300
-0.000723
-0.000298
0.000585
0.001635
0.002502
0.002504
0.001789
0.001242
0.000946
0.000267
-0.000786
-0.001458
-0.001308
-0.000689
-0.000122
0.000252
0.000388
0.000251
0.000122
0.000217
0.000185
-0.000243
-0.000640
-0.000528
-0.000039
0.000402
0.000574
0.000542
0.000565
0.000898
0.001464
0.001810
0.001620
0.001060
0.000456
-0.000128
-0.000845
-0.001580
-0.001907
-0.001699
-0.001426
-0.002621
-0.007822
-0.016452
-0.021669
-0.017720
-0.008308
0.000158
0.008894
0.021058
0.032275
0.036334
0.033532
0.026278
0.014610
0.000916
-0.009721
-0.016639
-0.022760
-0.026857
-0.025116
-0.018795
-0.012830
-0.009088
-0.006326
-0.003814
-0.001391
0.001438
0.004488
0.006889
0.008865
0.011781
0.015608
0.017901
0.016469
0.011881
0.006157
0.000181
-0.006082
-0.011932
-0.016174
-0.018013
-0.016720
-0.012027
-0.005586
-0.000018
0.003884
0.007066
0.009658
0.010652
0.009720
0.007618
0.005246
0.003425
0.002733
0.002645
0.001848
0.000027
-0.001826
-0.003245
-0.004991
-0.007510
-0.009955
-0.011077
-0.010296
-0.007807
-0.004277
-0.000536
0.002926
0.006060
0.008531
0.009466
0.008446
0.006213
0.003911
0.001998
0.000174
-0.001755
-0.003203
-0.003428
-0.002461
-0.000953
0.000364
0.001042
0.001254
0.001443
0.001540
0.001140
0.000293
-0.000497
-0.000844
-0.000883
-0.001153
-0.001932
-0.002858
-0.003462
-0.003653
-0.003480
-0.002917
-0.001904
-0.000400
0.001500
0.003467
0.005043
0.005769
0.005433
0.004272
0.002681
0.000826
-0.001196
-0.002994
-0.004042
-0.004125
-0.003448
-0.002447
-0.001484
-0.000600
0.000326
0.001199
0.001770
0.002011
0.002106
0.002149
0.002091
0.001809
0.001179
0.000293
-0.000506
-0.001050
-0.001505
-0.001951
-0.002262
-0.002329
-0.001970
-0.001129
-0.000266
0.000338
0.001210
0.002476
0.003085
0.001885
-0.002213
-0.010194
-0.019160
-0.021306
-0.013495
-0.003033
0.004579
0.014190
0.027734
0.036163
0.033995
0.026583
0.017309
0.004141
-0.009774
-0.018430
-0.023272
-0.027584
-0.027501
-0.019971
-0.010740
-0.005711
-0.003231
-0.000194
0.002648
0.004259
0.005387
0.006334
0.007123
0.008907
0.012226
0.015059
0.014539
0.010256
0.004559
-0.000728
-0.006218
-0.012312
-0.016960
-0.018109
-0.016024
-0.011551
-0.005034
0.001963
0.007197
0.010486
0.012806
0.013451
0.011304
0.007533
0.004201
0.001778
-0.000122
-0.001432
-0.002282
-0.003242
-0.004297
-0.005041
-0.005853
-0.007434
-0.009287
-0.009845
-0.008253
-0.005203
-0.001733
0.001949
0.005862
0.009289
0.011258
0.011379
0.009674
0.006416
0.002524
-0.000831
-0.003213
-0.004827
-0.005714
-0.005758
-0.005046
-0.003940
-0.002924
-0.001867
-0.000039
0.002266
0.003894
0.004955
0.006087
0.006431
0.005107
0.002794
0.000177
-0.002679
-0.005195
-0.006643
-0.006988
-0.006479
-0.005238
-0.003306
-0.000904
0.001274
0.002747
0.003841
0.004700
0.004755
0.003814
0.002461
0.001170
-0.000028
-0.001068
-0.001770
-0.002143
-0.002251
-0.001929
-0.001116
-0.000203
0.000457
0.000969
0.001479
0.001803
0.001748
0.001445
0.001076
0.000560
-0.000143
-0.000761
-0.001122
-0.001412
-0.001680
-0.001666
-0.001376
-0.001120
-0.000837
-0.000179
0.000678
0.001172
0.001370
0.001759
0.002096
0.001678
0.000267
-0.002853
-0.009483
-0.018099
-0.020916
-0.013424
-0.002737
0.004485
0.013284
0.026755
0.035276
0.032266
0.024318
0.016258
0.004448
-0.009875
-0.019402
-0.023795
-0.027214
-0.026972
-0.019301
-0.009481
-0.004186
-0.001585
0.002316
0.006017
0.007114
0.006807
0.006754
0.007096
0.008139
0.010254
0.012128
0.011322
0.007154
0.001773
-0.002834
-0.007448
-0.013000
-0.017309
-0.017656
-0.014574
-0.009891
-0.003699
0.003661
0.009873
0.013574
0.015496
0.015491
0.012523
0.007709
0.003463
0.000267
-0.002685
-0.005055
-0.006121
-0.006370
-0.006463
-0.006296
-0.006063
-0.006428
-0.007115
-0.006852
-0.005053
-0.002397
0.000425
0.003539
0.007035
0.009999
0.011196
0.010371
0.008014
0.004467
0.000276
-0.003431
-0.005941
-0.007385
-0.007736
-0.006790
-0.005032
-0.003077
-0.001004
0.001073
0.003103
0.005306
0.007115
0.007461
0.006496
0.005141
0.003440
0.001034
-0.001807
-0.004574
-0.006811
-0.007965
-0.007816
-0.006691
-0.004991
-0.002838
-0.000169
0.002728
0.004929
0.005744
0.005516
0.004790
0.003489
0.001594
-0.000326
-0.001730
-0.002475
-0.002552
-0.002093
-0.001413
-0.000677
0.000157
0.000964
0.001480
0.001637
0.001545
0.001307
0.000989
0.000593
0.000095
-0.000455
-0.000995
-0.001535
-0.002000
-0.002195
-0.002099
-0.001870
-0.001445
-0.000623
0.000386
0.001147
0.001715
0.002390
0.002928
0.002868
0.002357
0.001793
0.001159
0.000194
-0.001643
-0.005922
-0.013644
-0.020621
-0.019276
-0.009663
-0.000392
0.006292
0.016897
0.029960
0.034577
0.028742
0.020704
0.012357
-0.000262
-0.013701
-0.021424
-0.024836
-0.026717
-0.023469
-0.014084
-0.005502
-0.001823
0.000921
0.005345
0.008327
0.007844
0.006063
0.005183
0.005435
0.006624
0.008400
0.009405
0.008046
0.004343
-0.000050
-0.004215
-0.008972
-0.014147
-0.016989
-0.015567
-0.011340
-0.006099
0.000446
0.007908
0.013792
0.016594
0.016852
0.014741
0.010131
0.004520
-0.000214
-0.003970
-0.007142
-0.008937
-0.008734
-0.007333
-0.005801
-0.004566
-0.003918
-0.004005
-0.004275
-0.003861
-0.002447
-0.000351
0.002107
0.004892
0.007722
0.009643
0.009691
0.007821
0.004684
0.000861
-0.003096
-0.006367
-0.008280
-0.008682
-0.007745
-0.005768
-0.003117
-0.000057
0.003262
0.006396
0.008517
0.009153
0.008538
0.006935
0.004399
0.001326
-0.001635
-0.004223
-0.006423
-0.007929
-0.008288
-0.007460
-0.005856
-0.003817
-0.001444
0.000961
0.002840
0.003998
0.004655
0.004795
0.004142
0.002778
0.001241
-0.000010
-0.000909
-0.001530
-0.001805
-0.001617
-0.001012
-0.000165
0.000758
0.001533
0.001924
0.001903
0.001584
0.001035
0.000352
-0.000306
-0.000895
-0.001466
-0.001922
-0.002065
-0.001887
-0.001559
-0.001178
-0.000759
-0.000318
0.000150
0.000596
0.000942
0.001197
0.001370
0.001425
0.001290
0.000847
0.000233
-0.000033
0.000164
-0.000135
-0.002530
-0.008184
-0.015384
-0.018299
-0.013075
-0.004154
0.003006
0.011276
0.023574
0.032711
0.031491
0.024009
0.016231
0.006224
-0.007408
-0.019172
-0.025246
-0.027411
-0.025856
-0.018804
-0.009308
-0.002758
0.000937
0.005126
0.009257
0.010185
0.007882
0.005360
0.004622
0.005219
0.005992
0.006499
0.006413
0.004905
0.001704
-0.002351
-0.006700
-0.011302
-0.014834
-0.015152
-0.012174
-0.007624
-0.001978
0.005187
0.012273
0.016520
0.017235
0.015447
0.011701
0.006438
0.000942
-0.003755
-0.007491
-0.009879
-0.010179
-0.008589
-0.006356
-0.004541
-0.003389
-0.002696
-0.002334
-0.002235
-0.002014
-0.001111
0.000647
0.002998
0.005561
0.007744
0.008719
0.008062
0.006033
0.002930
-0.000991
-0.004838
-0.007530
-0.008930
-0.009268
-0.007906
-0.004243
0.000716
0.005207
0.008494
0.010613
0.011058
0.009094
0.005192
0.000939
-0.002612
-0.005445
-0.007411
-0.007877
-0.006827
-0.005148
-0.003440
-0.001639
-0.000054
0.000665
0.000788
0.001270
0.002162
0.002636
0.002568
0.002584
0.002608
0.001943
0.000655
-0.000528
-0.001374
-0.002033
-0.002209
-0.001532
-0.000291
0.000965
0.002049
0.002851
0.002997
0.002274
0.001071
-0.000044
-0.000972
-0.001886
-0.002608
-0.002748
-0.002323
-0.001679
-0.001023
-0.000419
0.000050
0.000391
0.000680
0.000874
0.000857
0.000675
0.000564
0.000646
0.000662
0.000347
0.000169
0.000701
0.000803
-0.002066
-0.008637
-0.015479
-0.017214
-0.012450
-0.005286
0.001918
0.012078
0.024981
0.033070
0.031691
0.025161
0.017420
0.006256
-0.008539
-0.021233
-0.027970
-0.029766
-0.027004
-0.019207
-0.009466
-0.001992
0.003271
0.008358
0.012107
0.011950
0.008604
0.005371
0.004072
0.003906
0.003776
0.003831
0.004162
0.003629
0.001282
-0.002360
-0.006481
-0.010707
-0.013846
-0.014148
-0.011576
-0.007435
-0.001727
0.006040
0.013807
0.018256
0.018613
0.016332
0.012246
0.006512
0.000110
-0.005561
-0.009733
-0.011979
-0.011928
-0.009913
-0.007079
-0.004459
-0.002456
-0.001191
-0.000791
-0.001111
-0.001503
-0.001218
0.000028
0.002059
0.004475
0.006691
0.008079
0.008219
0.006852
0.003873
-0.000247
-0.004304
-0.007135
-0.008425
-0.008527
-0.007544
-0.004794
0.000079
0.005460
0.009034
0.010586
0.011054
0.009821
0.005991
0.000878
-0.003473
-0.006546
-0.008506
-0.008987
-0.007727
-0.005317
-0.002741
-0.000569
0.001051
0.001842
0.001632
0.001135
0.001253
0.001737
0.001865
0.001783
0.001907
0.001879
0.001226
0.000189
-0.000755
-0.001446
-0.001767
-0.001505
-0.000708
0.000334
0.001442
0.002437
0.002915
0.002560
0.001573
0.000416
-0.000740
-0.001954
-0.003056
-0.003631
-0.003388
-0.002430
-0.001186
-0.000053
0.000782
0.001238
0.001338
0.001263
0.001174
0.000996
0.000619
0.000201
0.000054
0.000173
0.000160
0.000009
0.000310
0.000847
-0.000103
-0.004241
-0.010809
-0.015524
-0.014213
-0.008292
-0.001928
0.005676
0.017143
0.027877
0.030501
0.025915
0.019589
0.011141
-0.001998
-0.015928
-0.024656
-0.027615
-0.026487
-0.020976
-0.012047
-0.003392
0.002998
0.008137
0.012153
0.013158
0.010468
0.006174
0.002961
0.001492
0.000650
0.000053
0.000569
0.001844
0.001885
-0.000044
-0.002791
-0.005798
-0.009143
-0.011548
-0.011477
-0.009204
-0.005286
0.000858
0.008539
0.014776
0.017518
0.017306
0.015051
0.010682
0.004464
-0.002253
-0.007972
-0.011772
-0.013209
-0.012336
-0.009789
-0.006464
-0.003157
-0.000488
0.001075
0.001345
0.000718
0.000061
0.000007
0.000565
0.001601
0.003208
0.005207
0.006767
0.006946
0.005369
0.002344
-0.001297
-0.004589
-0.007018
-0.008392
-0.008179
-0.006028
-0.002582
0.001494
0.005956
0.009609
0.010899
0.010045
0.008093
0.004938
0.000564
-0.003668
-0.006502
-0.007820
-0.007898
-0.006971
-0.005294
-0.003166
-0.001201
-0.000049
0.000416
0.000800
0.001186
0.001389
0.001619
0.002078
0.002480
0.002501
0.002186
0.001671
0.000935
0.000065
-0.000577
-0.000759
-0.000676
-0.000488
-0.000040
0.000602
0.001025
0.001071
0.000910
0.000551
-0.000125
-0.000977
-0.001674
-0.002059
-0.002138
-0.001857
-0.001218
-0.000471
0.000132
0.000567
0.000804
0.000796
0.000696
0.000613
0.000496
0.000401
0.000349
0.000256
0.000278
0.000354
-0.000426
-0.003148
-0.007824
-0.012419
-0.013533
-0.009934
-0.003897
0.003173
0.012462
0.022407
0.027551
0.025847
0.020729
0.013937
0.003653
-0.009117
-0.019488
-0.024558
-0.024985
-0.021696
-0.015329
-0.007628
-0.000531
0.005214
0.009427
0.011583
0.011070
0.008130
0.004433
0.001817
0.000390
-0.000563
-0.000525
0.000920
0.002037
0.001128
-0.000965
-0.003012
-0.005525
-0.008557
-0.010381
-0.009871
-0.007335
-0.002732
0.003884
0.010589
0.014978
0.016520
0.015778
0.012766
0.007516
0.001066
-0.005093
-0.009850
-0.012553
-0.012969
-0.011317
-0.008152
-0.004357
-0.001007
0.001130
0.001903
0.001639
0.000911
0.000252
-0.000089
0.000053
0.000990
0.002721
0.004579
0.005774
0.005851
0.004587
0.002101
-0.000950
-0.003759
-0.005800
-0.006679
-0.006106
-0.004309
-0.001874
0.000874
0.003722
0.006111
0.007499
0.007779
0.006915
0.004922
0.002355
-0.000139
-0.002489
-0.004655
-0.006157
-0.006714
-0.006517
-0.005749
-0.004509
-0.002941
-0.001213
0.000372
0.001496
0.002245
0.002971
0.003593
0.003681
0.003237
0.002645
0.002015
0.001237
0.000388
-0.000381
-0.001058
-0.001559
-0.001661
-0.001301
-0.000668
0.000026
0.000638
0.001041
0.001200
0.001134
0.000802
0.000220
-0.000466
-0.001143
-0.001752
-0.002137
-0.002100
-0.001628
-0.000944
-0.000257
0.000364
0.000889
0.001333
0.001681
0.001753
0.001450
0.000914
0.000035
-0.001985
-0.005871
-0.010445
-0.012523
-0.010445
-0.005923
-0.000206
0.007822
0.017060
0.022775
0.022719
0.019447
0.014594
0.006716
-0.003808
-0.013249
-0.018789
-0.020406
-0.018818
-0.014567
-0.008748
-0.002866
0.001993
0.005578
0.008033
0.008861
0.007343
0.004432
0.002201
0.001035
-0.000002
-0.000436
0.000637
0.001921
0.001646
0.000272
-0.001245
-0.003428
-0.006362
-0.008536
-0.008997
-0.007965
-0.005101
0.000002
0.006039
0.010982
0.014003
0.015063
0.013870
0.010314
0.005066
-0.000734
-0.005980
-0.009850
-0.011886
-0.011846
-0.009763
-0.006338
-0.002775
-0.000016
0.001583
0.002047
0.001648
0.000730
-0.000429
-0.001341
-0.001304
-0.000119
0.001675
0.003474
0.004877
0.005361
0.004544
0.002670
0.000283
-0.002171
-0.004120
-0.004942
-0.004521
-0.003193
-0.001259
0.000928
0.002840
0.004216
0.005119
0.005377
0.004706
0.003407
0.002051
0.000576
-0.001338
-0.003265
-0.004407
-0.004696
-0.004676
-0.004588
-0.004168
-0.003166
-0.001773
-0.000513
0.000316
0.001007
0.001841
0.002564
0.002948
0.003130
0.003122
0.002748
0.002094
0.001357
0.000493
-0.000475
-0.001209
-0.001507
-0.001534
-0.001410
-0.000982
-0.000218
0.000547
0.000985
0.001118
0.001096
0.000857
0.000279
-0.000512
-0.001265
-0.001856
-0.002185
-0.002087
-0.001581
-0.000877
-0.000120
0.000580
0.001072
0.001322
0.001367
0.001143
0.000503
-0.000977
-0.003821
-0.007319
-0.009220
-0.008200
-0.005064
-0.000404
0.005976
0.012451
0.016063
0.016321
0.014922
0.011937
0.006175
-0.001474
-0.008355
-0.012654
-0.014046
-0.013166
-0.010920
-0.007622
-0.003455
0.000459
0.003110
0.004820
0.005745
0.005111
0.003220
0.001565
0.000413
-0.000802
-0.001264
-0.000161
0.001114
0.001129
0.000658
0.000478
-0.000324
-0.002258
-0.004332
-0.005664
-0.005984
-0.004823
-0.001990
0.001781
0.005524
0.008583
0.010410
0.010665
0.009371
0.006692
0.002931
-0.001266
-0.005133
-0.008046
-0.009431
-0.009024
-0.007304
-0.005023
-0.002590
-0.000378
0.001116
0.001832
0.001953
0.001347
0.000150
-0.000829
-0.001038
-0.000618
0.000237
0.001405
0.002501
0.003164
0.003338
0.002912
0.001785
0.000352
-0.000945
-0.002172
-0.003168
-0.003207
-0.002089
-0.000365
0.001665
0.003821
0.005352
0.005692
0.005113
0.003837
0.001658
-0.001202
-0.003964
-0.005991
-0.006934
-0.006657
-0.005418
-0.003648
-0.001616
0.000347
0.001855
0.002843
0.003369
0.003250
0.002438
0.001355
0.000437
-0.000192
-0.000471
-0.000336
0.000069
0.000471
0.000753
0.000965
0.001061
0.000843
0.000279
-0.000345
-0.000730
-0.000813
-0.000620
-0.000179
0.000346
0.000712
0.000822
0.000712
0.000383
-0.000164
-0.000846
-0.001554
-0.002149
-0.002400
-0.002146
-0.001504
-0.000774
-0.000270
-0.000461
-0.001756
-0.003641
-0.004820
-0.004453
-0.002371
0.001215
0.005144
0.007813
0.009118
0.010061
0.010222
0.008179
0.004093
-0.000441
-0.004143
-0.006391
-0.007241
-0.007422
-0.007106
-0.005534
-0.002895
-0.000594
0.001063
0.002747
0.003880
0.003449
0.002019
0.000543
-0.000979
-0.002191
-0.002238
-0.001569
-0.001260
-0.000962
0.000038
0.001012
0.000975
0.000219
-0.000578
-0.001272
-0.001686
-0.001449
-0.000533
0.000851
0.002462
0.003859
0.004703
0.005111
0.005178
0.004611
0.003231
0.001223
-0.001062
-0.003055
-0.004275
-0.004887
-0.005225
-0.005061
-0.004147
-0.002899
-0.001807
-0.000826
0.000130
0.000838
0.001178
0.001206
0.000912
0.000436
0.000143
0.000113
0.000107
0.000138
0.000396
0.000811
0.001186
0.001375
0.001164
0.000591
0.000174
0.000257
0.000546
0.000712
0.000895
0.001303
0.001853
0.002326
0.002446
0.001962
0.001005
-0.000007
-0.001035
-0.002291
-0.003468
-0.004041
-0.004051
-0.003790
-0.003163
-0.002010
-0.000556
0.000827
0.001876
0.002408
0.002444
0.002210
0.001779
0.001018
0.000072
-0.000606
-0.000846
-0.000823
-0.000580
-0.000075
0.000482
0.000858
0.001093
0.001264
0.001306
0.001204
0.001028
0.000746
0.000309
-0.000173
-0.000526
-0.000713
-0.000793
-0.000837
-0.000936
-0.001115
-0.001246
-0.001295
-0.001523
-0.002156
-0.003070
-0.004039
-0.004755
-0.004290
-0.001794
0.001795
0.004362
0.005378
0.006145
0.007093
0.007031
0.005321
0.002718
0.000204
-0.001620
-0.002630
-0.003315
-0.003910
-0.003671
-0.002231
-0.000706
0.000029
0.000643
0.001601
0.002057
0.001466
0.000385
-0.000697
-0.001614
-0.002005
-0.001925
-0.001999
-0.002149
-0.001609
-0.000501
0.000179
0.000106
-0.000161
-0.000267
-0.000323
-0.000395
-0.000314
0.000162
0.001052
0.001993
0.002597
0.002899
0.003172
0.003459
0.003494
0.002896
0.001562
-0.000018
-0.001218
-0.002023
-0.002735
-0.003181
-0.002990
-0.002349
-0.001691
-0.001083
-0.000511
-0.000170
-0.000141
-0.000318
-0.000666
-0.001109
-0.001357
-0.001239
-0.000923
-0.000579
-0.000190
0.000234
0.000658
0.001201
0.001874
0.002260
0.001995
0.001297
0.000605
0.000201
0.000319
0.000821
0.001085
0.000945
0.000982
0.001327
0.001333
0.000760
0.000067
-0.000500
-0.001010
-0.001374
-0.001553
-0.001716
-0.001796
-0.001605
-0.001364
-0.001311
-0.001144
-0.000560
0.000093
0.000299
0.000146
0.000133
0.000417
0.000698
0.000732
0.000638
0.000652
0.000773
0.000827
0.000756
0.000641
0.000554
0.000511
0.000448
0.000297
0.000194
0.000345
0.000586
0.000505
0.000099
-0.000228
-0.000349
-0.000517
-0.000876
-0.001351
-0.001997
-0.003010
-0.004069
-0.004069
-0.002390
-0.000151
0.001054
0.001394
0.002165
0.003379
0.003831
0.003125
0.002011
0.001193
0.000865
0.000797
0.000427
-0.000273
-0.000447
0.000097
0.000302
-0.000241
-0.000596
-0.000267
0.000110
0.000012
-0.000457
-0.001030
-0.001357
-0.001251
-0.001066
-0.001153
-0.001181
-0.000732
-0.000096
0.000136
-0.000146
-0.000581
-0.000793
-0.000699
-0.000510
-0.000315
0.000131
0.000875
0.001455
0.001522
0.001341
0.001306
0.001417
0.001444
0.001253
0.000909
0.000679
0.000708
0.000689
0.000278
-0.000326
-0.000727
-0.000949
-0.001186
-0.001390
-0.001472
-0.001487
-0.001447
-0.001305
-0.001158
-0.001069
-0.000857
-0.000464
-0.000178
-0.000152
-0.000110
0.000219
0.000670
0.000852
0.000693
0.000520
0.000518
0.000499
0.000392
0.000455
0.000837
0.001355
0.001709
0.001718
0.001433
0.001080
0.000767
0.000333
-0.000342
-0.000967
-0.001150
-0.001038
-0.001087
-0.001281
-0.001261
-0.001002
-0.000790
-0.000710
-0.000559
-0.000195
0.000249
0.000528
0.000534
0.000376
0.000249
0.000237
0.000212
0.000033
-0.000175
-0.000160
0.000039
0.000121
0.000019
-0.000011
0.000136
0.000283
0.000381
0.000581
0.000849
0.000965
0.000873
0.000669
0.000364
-0.000086
-0.000613
-0.001172
-0.001996
-0.003192
-0.003974
-0.003267
-0.001361
0.000201
0.000715
0.001121
0.002208
0.003228
0.003151
0.002207
0.001298
0.000816
0.000606
0.000302
-0.000290
-0.000679
-0.000288
0.000356
0.000312
-0.000163
-0.000170
0.000209
0.000241
-0.000192
-0.000715
-0.001065
-0.001103
-0.000900
-0.000758
-0.000686
-0.000376
0.000098
0.000276
0.000028
-0.000333
-0.000541
-0.000637
-0.000787
-0.000949
-0.000854
-0.000335
0.000372
0.000850
0.001054
0.001262
0.001537
0.001685
0.001617
0.001408
0.001173
0.001004
0.000806
0.000342
-0.000351
-0.000922
-0.001195
-0.001324
-0.001466
-0.001574
-0.001514
-0.001229
-0.000865
-0.000674
-0.000637
-0.000459
-0.000143
-0.000001
-0.000026
0.000099
0.000376
0.000478
0.000340
0.000252
0.000416
0.000710
0.000912
0.000935
0.000852
0.000772
0.000675
0.000438
0.000095
-0.000128
-0.000093
0.000086
0.000198
0.000191
0.000186
0.000271
0.000374
0.000319
0.000022
-0.000362
-0.000590
-0.000699
-0.000932
-0.001249
-0.001339
-0.001127
-0.000851
-0.000635
-0.000357
0.000087
0.000563
0.000838
0.000843
0.000741
0.000701
0.000673
0.000498
0.000218
0.000080
0.000161
0.000234
0.000116
-0.000077
-0.000118
0.000015
0.000145
0.000141
0.000014
-0.000228
-0.000588
-0.001036
-0.001573
-0.001981
-0.001726
-0.000742
0.000222
0.000657
0.000927
0.001394
0.001759
0.001679
0.001249
0.000729
0.000294
-0.000036
-0.000395
-0.000738
-0.000698
-0.000206
0.000244
0.000347
0.000351
0.000463
0.000579
0.000573
0.000345
-0.000132
-0.000627
-0.000880
-0.000965
-0.001067
-0.001108
-0.000911
-0.000530
-0.000181
0.000009
0.000069
0.000123
0.000204
0.000198
0.000096
0.000100
0.000297
0.000509
0.000584
0.000572
0.000610
0.000756
0.000929
0.000983
0.000828
0.000530
0.000244
0.000008
-0.000274
-0.000627
-0.000890
-0.000929
-0.000844
-0.000785
-0.000738
-0.000645
-0.000529
-0.000413
-0.000317
-0.000287
-0.000327
-0.000373
-0.000315
-0.000129
0.000042
0.000128
0.000300
0.000617
0.000822
0.000768
0.000623
0.000509
0.000331
0.000066
-0.000101
-0.000031
0.000156
0.000270
0.000285
0.000296
0.000352
0.000397
0.000340
0.000166
0.000002
-0.000029
-0.000023
-0.000154
-0.000367
-0.000494
-0.000550
-0.000629
-0.000697
-0.000663
-0.000487
-0.000207
0.000032
0.000110
0.000114
0.000208
0.000375
0.000446
0.000391
0.000339
0.000330
0.000249
0.000025
-0.000235
-0.000356
-0.000283
-0.000170
-0.000190
-0.000286
-0.000292
-0.000256
-0.000413
-0.000798
-0.001061
-0.000836
-0.000278
0.000120
0.000306
0.000702
0.001332
0.001733
0.001733
0.001503
0.001080
0.000533
0.000050
-0.000400
-0.000860
-0.001054
-0.000861
-0.000631
-0.000552
-0.000385
-0.000069
0.000172
0.000300
0.000376
0.000281
-0.000003
-0.000240
-0.000333
-0.000424
-0.000610
-0.000776
-0.000753
-0.000550
-0.000312
-0.000124
0.000010
0.000089
0.000124
0.000181
0.000337
0.000564
0.000756
0.000896
0.001065
0.001257
0.001340
0.001214
0.000915
0.000554
0.000201
-0.000156
-0.000526
-0.000813
-0.000927
-0.000949
-0.001023
-0.001121
-0.001095
-0.000935
-0.000769
-0.000630
-0.000497
-0.000397
-0.000293
-0.000107
0.000104
0.000236
0.000318
0.000404
0.000418
0.000302
0.000172
0.000131
0.000096
0.000024
0.000057
0.000257
0.000464
0.000588
0.000718
0.000834
0.000815
0.000701
0.000584
0.000415
0.000125
-0.000220
-0.000447
-0.000470
-0.000401
-0.000374
-0.000394
-0.000426
-0.000449
-0.000435
-0.000426
-0.000492
-0.000551
-0.000476
-0.000295
-0.000108
0.000062
0.000212
0.000280
0.000259
0.000279
0.000384
0.000433
0.000367
0.000272
0.000167
0.000008
-0.000224
-0.000540
-0.000870
-0.001064
-0.001015
-0.000697
-0.000206
0.000288
0.000760
0.001214
0.001430
0.001288
0.001065
0.000919
0.000617
0.000113
-0.000289
-0.000471
-0.000554
-0.000549
-0.000438
-0.000328
-0.000260
-0.000140
-0.000008
-0.000000
-0.000094
-0.000186
-0.000258
-0.000330
-0.000401
-0.000425
-0.000364
-0.000268
-0.000193
-0.000105
0.000021
0.000124
0.000143
0.000094
0.000043
0.000040
0.000063
0.000075
0.000126
0.000262
0.000408
0.000480
0.000543
0.000694
0.000860
0.000868
0.000703
0.000502
0.000321
0.000082
-0.000261
-0.000586
-0.000750
-0.000786
-0.000818
-0.000872
-0.000876
-0.000779
-0.000622
-0.000486
-0.000393
-0.000279
-0.000070
0.000185
0.000283
0.000169
0.000059
0.000080
0.000149
0.000206
0.000230
0.000185
0.000160
0.000284
0.000477
0.000592
0.000632
0.000618
0.000557
0.000518
0.000510
0.000455
0.000319
0.000134
-0.000080
-0.000315
-0.000526
-0.000629
-0.000621
-0.000645
-0.000785
-0.000899
-0.000834
-0.000672
-0.000540
-0.000390
-0.000164
0.000060
0.000205
0.000276
0.000296
0.000312
0.000391
0.000488
0.000455
0.000297
0.000227
0.000328
0.000401
0.000339
0.000313
0.000391
0.000391
0.000252
0.000150
0.000141
0.000103
-0.000000
-0.000128
-0.000300
-0.000471
-0.000517
-0.000439
-0.000344
-0.000247
-0.000121
-0.000044
-0.000084
-0.000174
-0.000227
-0.000245
-0.000257
-0.000274
-0.000270
-0.000172
0.000025
0.000193
0.000261
0.000267
0.000241
0.000240
0.000308
0.000339
0.000247
0.000175
0.000235
0.000293
0.000212
0.000100
0.000094
0.000151
0.000164
0.000109
0.000002
-0.000109
-0.000169
-0.000244
-0.000426
-0.000591
-0.000551
-0.000377
-0.000264
-0.000200
-0.000080
0.000043
0.000053
-0.000016
-0.000061
-0.000132
-0.000299
-0.000310
0.000133
0.000704
0.000748
0.000348
0.000252
0.000612
0.000779
0.000445
0.000012
-0.000156
-0.000141
-0.000184
-0.000336
-0.000399
-0.000187
0.000137
0.000208
0.000018
-0.000020
0.000217
0.000308
-0.000033
-0.000524
-0.000746
-0.000644
-0.000461
-0.000385
-0.000371
-0.000283
-0.000105
0.000050
0.000126
0.000143
-0.000007
-0.000411
-0.000641
-0.000121
0.000803
0.001134
0.000713
0.000280
0.000172
0.000133
0.000096
0.000145
0.000137
0.000008
-0.000048
0.000026
0.000150
0.000356
0.000525
0.000337
-0.000122
-0.000319
-0.000074
0.000171
0.000069
-0.000260
-0.000644
-0.000984
-0.001036
-0.000693
-0.000300
-0.000159
-0.000115
0.000037
0.000189
0.000244
0.000333
0.000470
0.000444
0.000245
0.000210
0.000497
0.000774
0.000687
0.000289
-0.000108
-0.000242
-0.000069
0.000182
0.000185
-0.000075
-0.000242
-0.000127
0.000024
-0.000022
-0.000120
-0.000063
0.000034
-0.000031
-0.000180
-0.000234
-0.000193
-0.000200
-0.000336
-0.000511
-0.000531
-0.000370
-0.000291
-0.000456
-0.000617
-0.000498
-0.000189
0.000097
0.000323
0.000500
0.000562
0.000506
0.000427
0.000355
0.000265
0.000179
0.000123
0.000085
0.000089
0.000164
0.000245
0.000245
0.000182
0.000131
0.000115
0.000107
0.000041
-0.000099
-0.000197
-0.000148
-0.000064
-0.000117
-0.000235
-0.000248
-0.000198
-0.000252
-0.000402
-0.000464
-0.000367
-0.000221
-0.000103
0.000019
0.000163
0.000282
0.000331
0.000286
0.000189
0.000177
0.000272
0.000301
0.000171
0.000029
0.000016
0.000057
0.000044
0.000021
0.000033
0.000001
-0.000105
-0.000193
-0.000201
-0.000155
-0.000095
-0.000045
-0.000022
-0.000008
0.000001
-0.000029
-0.000070
-0.000038
0.000028
0.000012
-0.000062
-0.000094
-0.000081
-0.000086
-0.000129
-0.000145
-0.000024
0.000192
0.000299
0.000252
0.000214
0.000208
0.000096
-0.000081
-0.000146
-0.000081
-0.000012
0.000008
0.000006
0.000004
0.000007
0.000031
0.000070
0.000093
0.000085
0.000065
0.000017
-0.000074
-0.000155
-0.000187
-0.000201
-0.000206
-0.000171
-0.000095
-0.000021
0.000012
0.000009
0.000017
0.000051
0.000065
0.000056
0.000085
0.000109
0.000027
-0.000085
-0.000075
0.000035
0.000136
0.000213
0.000242
0.000111
-0.000091
-0.000068
0.000176
0.000308
0.000215
0.000085
0.000042
0.000045
0.000033
0.000001
-0.000057
-0.000175
-0.000344
-0.000471
-0.000490
-0.000461
-0.000467
-0.000457
-0.000330
-0.000153
-0.000058
0.000020
0.000217
0.000471
0.000569
0.000438
0.000258
0.000223
0.000278
0.000280
0.000235
0.000215
0.000172
0.000036
-0.000102
-0.000099
0.000008
0.000066
0.000046
-0.000003
-0.000086
-0.000184
-0.000235
-0.000220
-0.000156
-0.000122
-0.000196
-0.000287
-0.000237
-0.000080
0.000009
-0.000018
-0.000047
-0.000038
-0.000041
-0.000037
0.000034
0.000160
0.000269
0.000307
0.000279
0.000234
0.000224
0.000224
0.000140
-0.000024
-0.000150
-0.000172
-0.000147
-0.000147
-0.000171
-0.000189
-0.000193
-0.000159
-0.000075
0.000000
0.000011
0.000001
0.000055
0.000173
0.000230
0.000148
0.000023
-0.000042
-0.000070
-0.000102
-0.000109
-0.000080
-0.000035
0.000039
0.000124
0.000143
0.000079
0.000015
0.000005
0.000034
0.000071
0.000093
0.000117
0.000174
0.000198
0.000096
-0.000032
-0.000035
-0.000010
-0.000127
-0.000304
-0.000332
-0.000214
-0.000133
-0.000137
-0.000112
-0.000017
0.000072
0.000140
0.000197
0.000194
0.000135
0.000058
-0.000072
-0.000208
-0.000203
-0.000076
0.000002
0.000003
0.000047
0.000153
0.000181
0.000072
-0.000018
0.000021
0.000040
-0.000084
-0.000193
-0.000095
0.000119
0.000190
0.000059
-0.000072
-0.000069
-0.000021
-0.000044
-0.000108
-0.000118
-0.000076
-0.000062
-0.000081
-0.000075
-0.000019
0.000054
0.000092
0.000075
0.000035
0.000033
0.000100
0.000188
0.000203
0.000102
-0.000063
-0.000211
-0.000293
-0.000259
-0.000103
0.000081
0.000190
0.000197
0.000163
0.000164
0.000204
0.000218
0.000186
0.000157
0.000152
0.000126
0.000023
-0.000143
-0.000268
-0.000257
-0.000149
-0.000071
-0.000067
-0.000086
-0.000101
-0.000128
-0.000140
-0.000097
-0.000031
-0.000012
-0.000038
-0.000078
-0.000135
-0.000170
-0.000073
0.000146
0.000310
0.000312
0.000235
0.000170
0.000112
0.000021
-0.000090
-0.000140
-0.000116
-0.000122
-0.000185
-0.000193
-0.000105
-0.000033
-0.000049
-0.000086
-0.000078
-0.000066
-0.000080
-0.000056
0.000043
0.000146
0.000162
0.000099
0.000105
0.000246
0.000359
0.000311
0.000196
0.000140
0.000160
0.000192
0.000139
-0.000021
-0.000184
-0.000264
-0.000277
-0.000265
-0.000279
-0.000353
-0.000390
-0.000272
-0.000086
0.000034
0.000142
0.000312
0.000403
0.000267
0.000021
-0.000109
-0.000104
-0.000122
-0.000197
-0.000212
-0.000124
-0.000005
0.000088
0.000136
0.000152
0.000163
0.000164
0.000103
-0.000015
-0.000062
0.000047
0.000175
0.000142
-0.000012
-0.000114
-0.000107
-0.000071
-0.000055
-0.000030
0.000025
0.000053
-0.000002
-0.000092
-0.000118
-0.000068
-0.000004
0.000023
-0.000013
-0.000082
-0.000100
-0.000049
-0.000005
-0.000000
-0.000000
0.000009
0.000013
0.000020
0.000045
0.000061
0.000049
0.000063
0.000145
0.000202
0.000154
0.000075
0.000061
0.000087
0.000058
-0.000073
-0.000213
-0.000218
-0.000116
-0.000065
-0.000092
-0.000082
0.000029
0.000147
0.000122
-0.000023
-0.000102
-0.000073
-0.000064
-0.000116
-0.000147
-0.000084
0.000037
0.000084
0.000029
0.000020
0.000104
0.000129
0.000069
0.000117
0.000312
0.000429
0.000326
0.000122
-0.000014
-0.000021
0.000045
0.000047
-0.000104
-0.000311
-0.000431
-0.000458
-0.000452
-0.000406
-0.000298
-0.000185
-0.000121
-0.000081
-0.000016
0.000090
0.000209
0.000276
0.000255
0.000194
0.000151
0.000104
0.000012
-0.000057
-0.000021
0.000071
0.000131
0.000146
0.000165
0.000244
0.000357
0.000378
0.000241
0.000033
-0.000123
-0.000197
-0.000255
-0.000319
-0.000309
-0.000216
-0.000159
-0.000159
-0.000123
-0.000049
-0.000004
0.000012
0.000028
0.000021
-0.000036
-0.000076
0.000005
0.000175
0.000273
0.000231
0.000127
0.000042
-0.000022
-0.000066
-0.000079
-0.000091
-0.000101
-0.000052
0.000034
0.000065
0.000044
0.000048
0.000080
0.000061
-0.000032
-0.000129
-0.000166
-0.000129
-0.000058
-0.000015
0.000025
0.000129
0.000252
0.000272
0.000153
-0.000023
-0.000147
-0.000167
-0.000128
-0.000123
-0.000153
-0.000131
-0.000026
0.000066
0.000070
0.000060
0.000126
0.000210
0.000190
0.000065
-0.000068
-0.000134
-0.000113
-0.000021
0.000079
0.000108
0.000034
-0.000102
-0.000189
-0.000137
-0.000026
0.000008
-0.000018
-0.000020
-0.000007
-0.000020
-0.000030
0.000008
0.000055
0.000072
0.000093
0.000154
0.000225
0.000242
0.000151
-0.000023
-0.000143
-0.000141
-0.000126
-0.000184
-0.000237
-0.000195
-0.000104
-0.000041
-0.000012
0.000006
0.000022
0.000023
-0.000011
-0.000059
-0.000069
-0.000054
-0.000049
-0.000015
0.000067
0.000118
0.000124
0.000166
0.000238
0.000243
0.000165
0.000073
0.000014
-0.000030
-0.000078
-0.000087
-0.000017
0.000026
-0.000083
-0.000255
-0.000315
-0.000245
-0.000118
-0.000002
0.000040
0.000015
0.000007
0.000051
0.000125
0.000213
0.000313
0.000391
0.000366
0.000236
0.000134
0.000110
0.000039
-0.000144
-0.000303
-0.000296
-0.000178
-0.000128
-0.000174
-0.000166
-0.000048
0.000043
-0.000001
-0.000093
-0.000109
-0.000063
-0.000029
-0.000012
0.000028
0.000086
0.000090
0.000025
-0.000025
-0.000014
0.000005
-0.000033
-0.000128
-0.000210
-0.000208
-0.000142
-0.000068
-0.000001
0.000061
0.000104
0.000124
0.000124
0.000084
0.000034
0.000065
0.000175
0.000244
0.000209
0.000132
0.000086
0.000025
-0.000092
-0.000141
-0.000041
0.000075
0.000066
-0.000021
-0.000065
-0.000041
-0.000023
-0.000039
-0.000026
0.000020
-0.000013
-0.000120
-0.000135
-0.000027
0.000038
-0.000005
-0.000032
0.000030
0.000110
0.000132
0.000072
-0.000058
-0.000196
-0.000261
-0.000229
-0.000135
-0.000033
0.000048
0.000110
0.000145
0.000137
0.000103
0.000046
-0.000030
-0.000053
0.000003
0.000027
-0.000045
-0.000084
0.000008
0.000112
0.000085
-0.000027
-0.000097
-0.000089
-0.000027
0.000053
0.000070
-0.000004
-0.000035
0.000060
0.000147
0.000101
-0.000006
-0.000029
0.000037
0.000059
-0.000053
-0.000179
-0.000146
-0.000009
0.000033
-0.000019
-0.000005
0.000084
0.000121
0.000052
-0.000078
-0.000175
-0.000161
-0.000042
0.000092
0.000165
0.000177
0.000146
0.000078
0.000028
0.000042
0.000065
0.000027
-0.000055
-0.000105
-0.000107
-0.000103
-0.000110
-0.000105
-0.000067
-0.000004
0.000032
0.000004
-0.000031
0.000011
0.000094
0.000127
0.000113
0.000076
-0.000026
-0.000109
-0.000031
0.000084
0.000043
-0.000017
0.000066
0.000161
0.000117
-0.000022
-0.000106
-0.000057
-0.000004
-0.000110
-0.000266
-0.000260
-0.000139
-0.000080
-0.000103
-0.000134
-0.000138
-0.000103
-0.000023
0.000072
0.000134
0.000158
0.000181
0.000209
0.000222
0.000195
0.000126
0.000057
0.000030
0.000026
0.000015
0.000001
-0.000008
-0.000042
-0.000103
-0.000123
-0.000089
-0.000081
-0.000098
-0.000057
0.000034
0.000094
0.000113
0.000126
0.000144
0.000156
0.000125
0.000013
-0.000117
-0.000153
-0.000115
-0.000122
-0.000183
-0.000164
-0.000011
0.000127
0.000121
0.000026
-0.000043
-0.000049
-0.000030
-0.000040
-0.000076
-0.000068
0.000003
0.000045
-0.000014
-0.000104
-0.000107
0.000006
0.000133
0.000147
0.000080
0.000067
0.000124
0.000141
0.000076
0.000020
0.000071
0.000191
0.000205
0.000022
-0.000198
-0.000249
-0.000167
-0.000134
-0.000184
-0.000180
-0.000071
0.000043
0.000087
0.000056
-0.000001
-0.000028
-0.000024
0.000001
0.000063
0.000140
0.000160
0.000111
0.000052
0.000038
0.000072
0.000111
0.000095
0.000023
-0.000048
-0.000089
-0.000133
-0.000215
-0.000294
-0.000289
-0.000176
-0.000023
0.000083
0.000118
0.000141
0.000184
0.000175
0.000075
0.000006
0.000075
0.000168
0.000130
0.000024
-0.000021
-0.000073
-0.000191
-0.000228
-0.000138
-0.000083
-0.000110
-0.000100
-0.000017
0.000047
0.000027
0.000014
0.000104
0.000169
0.000050
-0.000123
-0.000141
-0.000046
0.000000
-0.000007
0.000022
0.000087
0.000122
0.000116
0.000102
0.000092
0.000068
0.000026
0.000040
0.000163
0.000248
0.000097
-0.000195
-0.000373
-0.000407
-0.000406
-0.000356
-0.000226
-0.000094
-0.000034
-0.000014
0.000079
0.000287
0.000501
0.000587
0.000535
0.000440
0.000350
0.000211
-0.000013
-0.000183
-0.000138
0.000020
0.000033
-0.000109
-0.000207
-0.000225
-0.000286
-0.000408
-0.000450
-0.000313
-0.000095
0.000017
0.000006
0.000004
0.000030
0.000004
-0.000035
0.000021
0.000129
0.000143
0.000050
-0.000035
-0.000069
-0.000099
-0.000126
-0.000079
0.000045
0.000116
0.000048
-0.000046
-0.000011
0.000111
0.000157
0.000112
0.000098
0.000132
0.000098
-0.000020
-0.000092
-0.000058
-0.000006
0.000007
0.000029
0.000080
0.000104
0.000098
0.000129
0.000176
0.000137
0.000030
-0.000052
-0.000103
-0.000161
-0.000204
-0.000202
-0.000163
-0.000099
-0.000032
0.000014
0.000020
-0.000037
-0.000109
-0.000090
0.000022
0.000094
0.000060
0.000032
0.000091
0.000151
0.000116
0.000018
-0.000027
0.000011
0.000020
-0.000052
-0.000100
-0.000057
0.000002
0.000007
-0.000036
-0.000100
-0.000147
-0.000123
-0.000047
0.000007
0.000009
-0.000036
-0.000084
-0.000046
0.000065
0.000117
0.000073
0.000062
0.000144
0.000237
0.000257
0.000199
0.000156
0.000200
0.000205
0.000040
-0.000171
-0.000253
-0.000234
-0.000214
-0.000187
-0.000151
-0.000161
-0.000187
-0.000140
-0.000034
0.000039
0.000058
0.000085
0.000145
0.000164
0.000104
0.000048
0.000054
0.000058
0.000010
-0.000016
0.000050
0.000099
-0.000006
-0.000166
-0.000204
-0.000154
-0.000106
-0.000029
0.000103
0.000196
0.000167
0.000067
-0.000010
-0.000040
-0.000061
-0.000085
-0.000056
0.000041
0.000101
0.000095
0.000092
0.000075
0.000010
-0.000010
0.000083
0.000192
0.000166
0.000005
-0.000123
-0.000126
-0.000125
-0.000196
-0.000246
-0.000249
-0.000280
-0.000293
-0.000208
-0.000103
-0.000064
-0.000035
0.000026
0.000098
0.000169
0.000227
0.000256
0.000245
0.000186
0.000086
0.000001
0.000001
0.000051
0.000067
0.000073
0.000144
0.000197
0.000097
-0.000055
-0.000033
0.000112
0.000117
-0.000042
-0.000136
-0.000091
-0.000060
-0.000101
-0.000096
0.000002
0.000073
0.000032
-0.000037
-0.000060
-0.000104
-0.000192
-0.000213
-0.000122
-0.000034
-0.000050
-0.000120
-0.000125
-0.000027
0.000088
0.000117
0.000072
0.000045
0.000056
0.000079
0.000118
0.000153
0.000147
0.000121
0.000104
0.000078
0.000035
0.000014
0.000029
0.000018
-0.000068
-0.000137
-0.000072
0.000044
0.000088
0.000113
0.000132
0.000019
-0.000204
-0.000334
-0.000302
-0.000226
-0.000196
-0.000168
-0.000083
0.000041
0.000131
0.000155
0.000158
0.000194
0.000216
0.000155
0.000052
0.000014
0.000035
0.000023
-0.000033
-0.000055
-0.000009
0.000033
-0.000002
-0.000062
-0.000039
0.000041
0.000071
0.000058
0.000064
0.000040
-0.000086
-0.000224
-0.000207
-0.000054
0.000053
0.000054
0.000048
0.000060
0.000008
-0.000092
-0.000129
-0.000069
0.000028
0.000087
0.000077
-0.000003
-0.000114
-0.000175
-0.000149
-0.000099
-0.000079
-0.000046
0.000031
0.000090
0.000131
0.000210
0.000253
0.000159
0.000028
0.000023
0.000114
0.000155
0.000108
0.000048
0.000026
0.000016
-0.000041
-0.000141
-0.000205
-0.000185
-0.000106
-0.000015
-0.000004
-0.000133
-0.000279
-0.000304
-0.000240
-0.000176
-0.000133
-0.000074
0.000016
0.000129
0.000245
0.000324
0.000359
0.000401
0.000477
0.000516
0.000436
0.000240
0.000010
-0.000148
-0.000180
