4640
0.000133
0.000147
0.000183
0.000133
-0.000007
-0.000092
-0.000071
-0.000030
-0.000020
-0.000031
-0.000072
-0.000138
-0.000178
-0.000147
-0.000051
0.000021
0.000004
-0.000032
-0.000009
0.000052
0.000097
0.000098
0.000066
0.000039
0.000016
-0.000020
-0.000034
0.000012
0.000110
0.000199
0.000189
0.000073
-0.000010
0.000022
0.000076
0.000054
-0.000008
-0.000018
0.000013
-0.000023
-0.000133
-0.000194
-0.000183
-0.000193
-0.000218
-0.000163
-0.000058
-0.000026
-0.000069
-0.000099
-0.000082
-0.000034
0.000022
0.000069
0.000124
0.000191
0.000222
0.000174
0.000079
0.000026
0.000057
0.000120
0.000152
0.000144
0.000114
0.000072
0.000001
-0.000081
-0.000097
-0.000060
-0.000070
-0.000140
-0.000192
-0.000168
-0.000083
0.000004
0.000032
-0.000043
-0.000185
-0.000274
-0.000221
-0.000064
0.000072
0.000107
0.000074
0.000047
0.000073
0.000149
0.000234
0.000234
0.000058
-0.000195
-0.000299
-0.000199
-0.000048
0.000039
0.000065
0.000078
0.000107
0.000154
0.000226
0.000332
0.000419
0.000390
0.000224
0.000037
-0.000051
-0.000050
-0.000042
-0.000081
-0.000144
-0.000174
-0.000169
-0.000177
-0.000204
-0.000216
-0.000200
-0.000166
-0.000131
-0.000093
-0.000015
0.000094
0.000140
0.000046
-0.000135
-0.000246
-0.000179
-0.000022
0.000052
0.000015
-0.000029
-0.000045
-0.000064
-0.000068
-0.000009
0.000108
0.000203
0.000205
0.000154
0.000143
0.000147
0.000073
-0.000030
-0.000015
0.000109
0.000162
0.000084
-0.000026
-0.000097
-0.000119
-0.000090
-0.000045
-0.000032
-0.000030
-0.000008
-0.000015
-0.000084
-0.000117
-0.000026
0.000127
0.000207
0.000167
0.000061
-0.000042
-0.000106
-0.000089
0.000008
0.000083
0.000078
0.000044
0.000022
0.000022
0.000041
0.000033
-0.000034
-0.000122
-0.000184
-0.000200
-0.000156
-0.000085
-0.000065
-0.000118
-0.000128
-0.000014
0.000101
0.000097
0.000076
0.000113
0.000079
-0.000060
-0.000111
0.000030
0.000200
0.000216
0.000103
0.000003
-0.000037
-0.000059
-0.000052
0.000012
0.000066
0.000068
0.000076
0.000104
0.000087
0.000019
-0.000026
-0.000033
-0.000059
-0.000166
-0.000305
-0.000329
-0.000190
-0.000022
0.000058
0.000088
0.000121
0.000124
0.000090
0.000081
0.000106
0.000113
0.000075
0.000007
-0.000045
-0.000035
0.000012
0.000025
-0.000024
-0.000084
-0.000091
-0.000062
-0.000037
-0.000013
0.000024
0.000084
0.000142
0.000141
0.000087
0.000046
0.000003
-0.000102
-0.000207
-0.000195
-0.000106
-0.000053
-0.000022
0.000046
0.000101
0.000050
-0.000065
-0.000047
0.000164
0.000332
0.000278
0.000153
0.000120
0.000110
0.000047
-0.000017
-0.000065
-0.000151
-0.000271
-0.000351
-0.000320
-0.000196
-0.000120
-0.000169
-0.000221
-0.000177
-0.000114
-0.000085
-0.000053
-0.000020
0.000013
0.000068
0.000131
0.000183
0.000241
0.000308
0.000322
0.000243
0.000157
0.000138
0.000138
0.000097
0.000038
0.000011
0.000029
0.000067
0.000075
0.000010
-0.000081
-0.000118
-0.000107
-0.000081
-0.000051
-0.000060
-0.000119
-0.000165
-0.000159
-0.000129
-0.000104
-0.000076
-0.000055
-0.000080
-0.000113
-0.000059
0.000053
0.000092
0.000045
0.000030
0.000087
0.000127
0.000083
0.000006
0.000000
0.000078
0.000122
0.000061
-0.000015
0.000016
0.000139
0.000196
0.000079
-0.000068
-0.000057
0.000031
0.000021
-0.000063
-0.000125
-0.000143
-0.000117
-0.000064
-0.000038
-0.000036
-0.000010
0.000021
0.000006
-0.000024
-0.000006
0.000050
0.000096
0.000100
0.000044
-0.000051
-0.000118
-0.000125
-0.000109
-0.000098
-0.000066
0.000012
0.000100
0.000140
0.000135
0.000134
0.000158
0.000188
0.000166
0.000059
-0.000083
-0.000188
-0.000243
-0.000251
-0.000189
-0.000062
0.000037
0.000036
0.000005
0.000050
0.000145
0.000184
0.000120
0.000014
-0.000058
-0.000105
-0.000124
-0.000063
0.000068
0.000185
0.000190
0.000076
-0.000023
-0.000028
-0.000042
-0.000120
-0.000173
-0.000153
-0.000115
-0.000100
-0.000093
-0.000066
-0.000024
-0.000009
-0.000021
0.000017
0.000143
0.000248
0.000192
0.000012
-0.000117
-0.000117
-0.000060
-0.000010
0.000041
0.000127
0.000224
0.000245
0.000162
0.000005
-0.000183
-0.000306
-0.000284
-0.000185
-0.000118
-0.000088
-0.000052
0.000011
0.000111
0.000198
0.000221
0.000222
0.000224
0.000187
0.000127
0.000084
0.000050
0.000023
0.000016
-0.000002
-0.000016
0.000026
0.000072
0.000015
-0.000096
-0.000131
-0.000116
-0.000170
-0.000281
-0.000327
-0.000267
-0.000169
-0.000110
-0.000094
-0.000044
0.000059
0.000103
0.000051
0.000016
0.000039
0.000057
0.000086
0.000154
0.000157
0.000045
-0.000042
-0.000008
0.000057
0.000054
0.000003
-0.000033
-0.000022
0.000015
0.000038
0.000042
0.000047
0.000067
0.000083
0.000092
0.000113
0.000104
-0.000012
-0.000169
-0.000207
-0.000122
-0.000075
-0.000139
-0.000181
-0.000046
0.000194
0.000303
0.000206
0.000067
0.000012
-0.000018
-0.000083
-0.000112
-0.000039
0.000062
0.000041
-0.000091
-0.000139
-0.000051
-0.000005
-0.000053
-0.000043
0.000039
0.000053
0.000002
0.000006
0.000057
0.000058
0.000010
0.000009
0.000072
0.000110
0.000069
-0.000022
-0.000109
-0.000152
-0.000156
-0.000159
-0.000156
-0.000135
-0.000112
-0.000081
-0.000016
0.000083
0.000181
0.000219
0.000172
0.000090
0.000060
0.000101
0.000125
0.000066
-0.000008
-0.000018
-0.000005
-0.000023
-0.000063
-0.000093
-0.000069
0.000022
0.000084
0.000038
-0.000045
-0.000061
-0.000027
-0.000023
-0.000055
-0.000054
-0.000005
0.000034
0.000028
-0.000005
-0.000026
-0.000018
0.000019
0.000074
0.000082
0.000019
-0.000027
-0.000012
0.000008
0.000041
0.000108
0.000118
0.000011
-0.000116
-0.000158
-0.000116
-0.000058
-0.000059
-0.000115
-0.000141
-0.000104
-0.000060
-0.000038
-0.000012
0.000046
0.000182
0.000381
0.000499
0.000445
0.000322
0.000217
0.000082
-0.000077
-0.000161
-0.000180
-0.000270
-0.000445
-0.000530
-0.000436
-0.000331
-0.000357
-0.000373
-0.000220
-0.000002
0.000110
0.000134
0.000147
0.000141
0.000133
0.000198
0.000287
0.000277
0.000206
0.000211
0.000289
0.000329
0.000300
0.000268
0.000257
0.000214
0.000088
-0.000102
-0.000280
-0.000387
-0.000398
-0.000316
-0.000208
-0.000167
-0.000167
-0.000119
-0.000033
0.000011
-0.000003
-0.000028
-0.000046
-0.000055
-0.000038
0.000008
0.000069
0.000106
0.000091
0.000068
0.000084
0.000117
0.000125
0.000097
0.000059
0.000054
0.000064
0.000026
-0.000055
-0.000085
-0.000028
0.000008
-0.000049
-0.000114
-0.000101
-0.000028
0.000054
0.000108
0.000103
0.000030
-0.000064
-0.000100
-0.000059
-0.000009
0.000003
-0.000002
-0.000026
-0.000085
-0.000096
-0.000016
0.000035
-0.000019
-0.000071
-0.000006
0.000115
0.000153
0.000107
0.000075
0.000064
0.000045
0.000040
0.000059
0.000090
0.000102
0.000038
-0.000114
-0.000244
-0.000244
-0.000173
-0.000135
-0.000076
0.000080
0.000221
0.000161
-0.000050
-0.000165
-0.000149
-0.000135
-0.000065
-0.000338
-0.001490
-0.001604
0.001113
0.003213
0.001823
0.000341
0.000732
0.000403
-0.000568
-0.000252
-0.000014
-0.000790
-0.000914
-0.000470
-0.000714
-0.001001
-0.000680
-0.000304
-0.000039
0.000157
0.000031
-0.000198
-0.000176
-0.000055
0.000040
0.000173
0.000269
0.000319
0.000372
0.000360
0.000360
0.000477
0.000507
0.000323
0.000228
0.000403
0.000522
0.000448
0.000410
0.000346
0.000196
-0.000027
-0.000583
-0.001131
-0.001012
-0.000746
-0.000955
-0.000996
-0.000557
-0.000324
-0.000334
-0.000109
0.000097
0.000086
0.000414
0.001055
0.001040
0.000474
0.000358
0.000437
0.000217
0.000237
0.000545
0.000442
0.000164
0.000612
0.001160
0.000489
-0.000528
-0.000315
0.000034
-0.001037
-0.002031
-0.001314
-0.000472
-0.000814
-0.000919
-0.000370
-0.000190
-0.000129
0.000122
0.000257
0.000457
0.000620
0.000443
0.000461
0.000569
0.000198
0.000288
0.000938
0.000827
0.000344
-0.000054
-0.000743
-0.000438
0.000751
0.000262
-0.001055
-0.000451
0.000351
-0.000710
-0.000742
0.000815
0.000410
-0.000471
0.000512
0.000149
-0.001469
-0.000248
0.001424
-0.000214
-0.001027
0.000732
0.000347
-0.001161
-0.000197
0.000676
0.000225
0.000552
0.000539
-0.000465
-0.000313
0.000589
0.000787
0.000775
0.000078
-0.001362
-0.001188
0.000429
0.000553
-0.000738
-0.001001
-0.000053
0.000696
0.000490
-0.000652
-0.000853
0.000638
0.000991
0.000037
0.000190
0.000536
-0.000183
-0.000676
-0.000093
0.000452
-0.000245
-0.000919
0.000068
0.000549
-0.000764
-0.000127
0.001616
-0.000500
-0.001835
0.001813
0.001917
-0.002727
-0.001413
0.003076
0.000683
-0.002495
0.000203
0.001422
-0.000901
-0.000241
0.001688
0.000320
-0.001001
-0.000055
0.000424
0.000140
-0.000031
-0.000833
-0.001306
-0.000387
0.000431
0.000578
0.000152
-0.001195
-0.000830
0.001790
0.001325
-0.001574
-0.000349
0.002165
0.000241
-0.001313
0.000813
0.001265
-0.000643
-0.000962
-0.000336
-0.000019
0.000391
0.000110
-0.000385
-0.000055
0.000083
-0.000162
-0.000104
-0.000583
-0.000993
0.000274
0.001202
-0.000098
-0.000662
0.001183
0.001359
-0.000923
-0.000660
0.001227
0.000293
-0.001181
-0.000708
-0.000112
0.000243
0.000281
-0.000906
-0.000678
0.001311
0.000092
-0.001985
0.000384
0.001755
-0.001128
-0.001116
0.001908
0.000705
-0.001876
-0.000135
0.001560
0.000162
-0.000315
0.000924
0.000931
-0.000297
-0.000412
0.000798
0.000656
-0.001147
-0.001162
0.000375
-0.000183
-0.001337
0.000031
0.000762
-0.001031
-0.000623
0.002037
0.001129
-0.001854
-0.000995
0.001606
0.000683
-0.001170
0.000622
0.002096
-0.000765
-0.002412
0.000547
0.001814
-0.000845
-0.001199
0.001171
0.000633
-0.001602
-0.000985
0.000475
-0.000195
-0.000680
0.000628
0.001489
0.000276
-0.001307
-0.000527
0.001259
0.000695
-0.000376
0.000757
0.001044
-0.000691
-0.000374
0.001025
-0.000577
-0.001554
0.001328
0.001951
-0.001842
-0.002911
-0.000439
-0.000181
-0.000936
0.000524
0.001023
-0.000866
-0.000733
0.001943
0.001959
-0.000588
-0.000714
0.001013
0.001344
0.000621
-0.000402
-0.001287
-0.000885
0.000282
0.000657
0.000171
-0.000382
-0.000424
0.000116
0.000123
-0.000579
-0.000540
0.000277
0.000638
-0.000023
-0.001006
-0.000986
0.000397
0.001270
0.000176
-0.000222
0.001465
0.001199
-0.001586
-0.001575
0.001125
0.000991
-0.001512
-0.001288
0.001334
0.001170
-0.002028
-0.002256
0.001412
0.002286
-0.000792
-0.001084
0.002002
0.001630
-0.002001
-0.002076
0.000956
0.001459
-0.000279
-0.000587
0.000493
0.000770
-0.000674
-0.002181
-0.000432
0.003109
0.002114
-0.002394
-0.002407
0.001601
0.001763
-0.001691
-0.001787
0.000826
0.000572
-0.000805
0.000009
0.000153
-0.001242
-0.000340
0.002464
0.002356
-0.000556
-0.001365
0.000130
0.000491
0.000568
0.001477
0.000460
-0.001623
-0.000573
0.001712
0.000901
-0.001112
-0.001390
-0.001011
-0.000713
-0.000001
0.000440
-0.000451
-0.001819
-0.001181
0.001183
0.001470
-0.000808
-0.001176
0.000863
0.000939
0.000092
0.001919
0.002318
-0.001979
-0.003580
0.001244
0.003380
-0.000510
-0.001791
0.000656
0.000450
-0.000577
0.000706
0.000315
-0.001701
-0.000498
0.002157
0.001158
-0.002670
-0.003951
-0.000681
0.002160
0.001291
0.000645
0.000982
-0.001401
-0.002632
0.001596
0.003581
-0.001012
-0.002972
0.001239
0.003134
-0.000122
-0.001997
0.000219
0.001697
-0.000015
-0.000313
0.002004
0.000803
-0.003294
-0.001999
0.002500
0.001121
-0.002580
-0.000660
0.002137
-0.000445
-0.003238
-0.001159
0.001188
-0.000045
-0.000903
0.000994
0.001442
-0.000996
-0.001114
0.002021
0.002104
-0.001408
-0.001594
0.001725
0.001745
-0.001117
-0.000711
0.001721
0.000971
-0.001162
-0.000813
0.000002
-0.000665
-0.000444
0.000789
0.000374
-0.000998
-0.000917
0.000094
0.000288
0.000189
0.000437
-0.000282
-0.001068
0.000367
0.001658
-0.000407
-0.002339
0.000197
0.003037
0.001215
-0.001513
-0.000925
0.000414
-0.000002
-0.000148
0.000921
0.000797
-0.000735
-0.001033
0.000189
0.000624
-0.000649
-0.001559
0.000054
0.002062
0.001325
-0.000424
-0.000884
-0.000877
-0.000458
0.000736
0.000980
-0.000492
-0.001531
-0.000972
-0.000391
-0.000375
0.000081
0.000598
0.000344
0.000068
0.000522
0.000818
-0.000121
-0.001044
0.000294
0.002649
0.002535
0.000222
-0.001030
-0.000661
-0.000404
-0.000245
0.000398
0.000158
-0.001516
-0.002211
-0.000758
0.000278
-0.000397
-0.000699
0.000064
0.000529
0.000641
0.000538
-0.000629
-0.001729
-0.000701
0.001517
0.002667
0.001913
-0.000188
-0.001647
-0.000815
0.001390
0.002503
0.000731
-0.002090
-0.001725
0.000956
0.001061
-0.001051
-0.001443
-0.000686
-0.000740
0.000027
0.001366
0.000426
-0.001551
-0.001601
-0.000139
0.001363
0.001801
0.000516
-0.000698
-0.000089
0.001113
0.001627
0.001031
-0.000675
-0.001137
0.000462
0.000544
-0.001485
-0.001928
-0.000803
-0.000284
0.000570
0.001378
-0.000235
-0.002400
-0.001666
0.001046
0.002565
0.001261
-0.001306
-0.001550
0.000653
0.001361
-0.000115
-0.000380
0.000745
0.000853
0.000575
0.000976
0.000502
-0.001026
-0.001135
0.000728
0.001784
0.000116
-0.002099
-0.001696
0.000118
0.000231
-0.000564
-0.000370
-0.000237
-0.000535
0.000036
0.000468
-0.000511
-0.001027
0.000200
0.001383
0.001043
0.000025
-0.000396
-0.000066
0.000534
0.000712
0.000133
-0.000428
-0.000088
0.000615
0.000429
-0.000451
-0.000653
0.000029
0.000513
0.000247
-0.000106
-0.000136
-0.000375
-0.000447
0.000408
0.000757
-0.000639
-0.001619
-0.000430
0.000780
0.000022
-0.000921
-0.000126
0.000806
0.000267
-0.000158
0.000544
0.000509
-0.000923
-0.001390
0.000253
0.001751
0.001103
-0.000472
-0.000770
0.000071
0.000518
0.000427
0.000477
0.000460
0.000131
-0.000026
0.000123
-0.000015
-0.000523
-0.000459
0.000401
0.000655
-0.000430
-0.001567
-0.001485
-0.000595
-0.000019
-0.000003
-0.000156
-0.000554
-0.000874
-0.000025
0.001143
0.000488
-0.000814
-0.000064
0.001542
0.001442
0.000387
0.000136
0.000396
0.000397
0.000698
0.001561
0.001450
-0.000135
-0.000866
0.000346
0.001040
-0.000299
-0.001673
-0.001392
-0.000459
-0.000531
-0.001561
-0.001817
-0.000694
0.000042
-0.000416
-0.000489
0.000147
-0.000047
-0.000563
0.000296
0.001227
0.000298
-0.000791
0.000026
0.001257
0.001045
0.000381
0.000593
0.000950
0.000444
-0.000203
0.000156
0.000802
0.000404
-0.000243
0.000135
0.000492
-0.000315
-0.000975
-0.000389
0.000092
-0.000453
-0.000719
-0.000069
0.000108
-0.000722
-0.001146
-0.000517
0.000072
0.000001
-0.000121
0.000071
0.000162
-0.000135
-0.000364
0.000013
0.000648
0.000840
0.000656
0.000477
0.000269
0.000113
0.000297
0.000673
0.000779
0.000431
-0.000082
-0.000194
0.000149
0.000207
-0.000230
-0.000355
0.000067
0.000303
0.000043
-0.000366
-0.000656
-0.000716
-0.000544
-0.000283
-0.000125
-0.000300
-0.000687
-0.000641
-0.000100
0.000046
-0.000382
-0.000379
0.000317
0.000669
0.000172
-0.000308
0.000010
0.000582
0.000598
0.000314
0.000156
-0.000182
-0.000561
-0.000227
0.000424
0.000291
-0.000243
-0.000120
0.000329
0.000315
0.000074
0.000112
0.000312
0.000289
0.000058
0.000057
0.000231
-0.000104
-0.000640
-0.000309
0.000384
0.000220
-0.000308
-0.000262
-0.000057
-0.000152
-0.000229
-0.000187
-0.000089
0.000083
-0.000022
-0.000381
-0.000334
-0.000125
-0.000631
-0.001359
-0.001236
-0.000735
-0.000721
-0.000774
-0.000835
-0.001717
-0.002160
0.000136
0.003276
0.003133
0.000783
0.000727
0.002687
0.003163
0.002647
0.003227
0.003381
0.002025
0.001494
0.002021
0.000896
-0.001392
-0.001889
-0.000931
-0.000720
-0.001157
-0.001564
-0.002441
-0.003395
-0.003324
-0.002542
-0.001985
-0.001842
-0.002072
-0.002411
-0.002176
-0.001402
-0.000971
-0.000947
-0.000467
0.000483
0.001015
0.000926
0.000711
0.000671
0.001125
0.002239
0.003214
0.003147
0.002161
0.000814
0.000062
0.001124
0.003102
0.003266
0.001620
0.000929
0.001491
0.001350
0.000679
0.000655
0.000552
-0.000207
-0.000676
-0.000919
-0.002084
-0.003706
-0.004152
-0.003164
-0.001985
-0.001730
-0.002409
-0.002975
-0.002566
-0.001583
-0.000670
0.000251
0.000988
0.000885
0.000268
0.000210
0.000738
0.001108
0.001377
0.001969
0.002490
0.002371
0.001769
0.001159
0.000930
0.001273
0.001782
0.001803
0.001316
0.000679
0.000017
-0.000540
-0.000779
-0.000687
-0.000447
-0.000485
-0.001116
-0.001736
-0.001465
-0.000894
-0.002100
-0.006100
-0.010445
-0.010754
-0.005676
0.000943
0.004242
0.003150
0.000129
-0.001366
0.000779
0.005001
0.007611
0.007934
0.008222
0.008654
0.007513
0.005056
0.002887
0.001580
0.001618
0.003446
0.005040
0.003379
-0.001189
-0.005454
-0.007178
-0.006224
-0.003898
-0.002621
-0.004057
-0.006855
-0.008326
-0.008010
-0.007234
-0.006355
-0.004927
-0.003213
-0.001841
-0.001175
-0.001330
-0.001692
-0.000948
0.001408
0.004331
0.006446
0.007030
0.006194
0.005065
0.004857
0.005501
0.006150
0.006416
0.006170
0.005260
0.003971
0.002710
0.001420
0.000116
-0.000820
-0.001452
-0.002457
-0.003993
-0.005198
-0.005382
-0.005103
-0.005149
-0.005224
-0.004959
-0.004879
-0.004787
-0.003540
-0.001657
-0.000874
-0.000938
-0.000387
0.000697
0.001589
0.002427
0.003211
0.003585
0.003794
0.004076
0.004097
0.003812
0.003566
0.003465
0.003533
0.003556
0.002701
0.000677
-0.001371
-0.002307
-0.002255
-0.001889
-0.001759
-0.002228
-0.003029
-0.003510
-0.003537
-0.003206
-0.002490
-0.001801
-0.001543
-0.001302
-0.000890
-0.000880
-0.001015
-0.000274
0.001047
0.001854
0.002136
0.002149
0.001728
0.001794
0.003073
0.002540
-0.003784
-0.012599
-0.013717
-0.003308
0.008471
0.009980
0.003161
-0.002030
-0.001984
0.000793
0.004983
0.008933
0.009310
0.007020
0.006498
0.007101
0.004177
-0.001384
-0.003614
-0.000632
0.003617
0.005073
0.002395
-0.003491
-0.009344
-0.011093
-0.007656
-0.002576
-0.000795
-0.003712
-0.007854
-0.009124
-0.007555
-0.006069
-0.005509
-0.004018
-0.001101
0.001171
0.001321
0.000061
-0.001064
-0.000622
0.002145
0.006169
0.008941
0.008896
0.006793
0.004739
0.004354
0.005563
0.006833
0.006900
0.005925
0.004622
0.003126
0.001357
-0.000415
-0.001850
-0.002673
-0.002761
-0.002767
-0.003859
-0.006174
-0.008351
-0.008980
-0.007705
-0.005216
-0.003057
-0.002645
-0.003531
-0.003807
-0.002711
-0.001098
0.000449
0.001994
0.003324
0.004125
0.004369
0.004015
0.003311
0.003120
0.003913
0.005099
0.005786
0.005344
0.003653
0.001707
0.000740
0.000475
-0.000022
-0.000563
-0.000916
-0.001856
-0.003395
-0.004271
-0.004178
-0.004123
-0.004209
-0.003451
-0.002190
-0.002127
-0.003271
-0.003540
-0.002079
-0.000343
0.000585
0.001339
0.002358
0.002590
0.001476
0.000888
0.002689
0.005176
0.004260
-0.002393
-0.011886
-0.015282
-0.005695
0.009205
0.013205
0.004409
-0.002919
-0.001862
0.001195
0.003515
0.007629
0.010165
0.007897
0.005997
0.006841
0.004416
-0.002082
-0.004909
-0.001311
0.003546
0.005503
0.003280
-0.003190
-0.010278
-0.012497
-0.008920
-0.003513
-0.000696
-0.002697
-0.007570
-0.010044
-0.008120
-0.005689
-0.005267
-0.004033
-0.000416
0.002345
0.002047
0.000565
-0.000171
0.000251
0.002524
0.006459
0.009609
0.009861
0.007649
0.005003
0.004015
0.005228
0.006774
0.006773
0.005630
0.004294
0.002579
0.000524
-0.001195
-0.002510
-0.003460
-0.003548
-0.003290
-0.004378
-0.007254
-0.010305
-0.011183
-0.008344
-0.003368
-0.000800
-0.002465
-0.004609
-0.003894
-0.001658
0.000285
0.002186
0.003548
0.003606
0.003782
0.004916
0.005179
0.003909
0.003175
0.004155
0.005751
0.006426
0.005246
0.002691
0.000720
0.000432
0.000884
0.000859
-0.000169
-0.002237
-0.004284
-0.004906
-0.004414
-0.004192
-0.004569
-0.004917
-0.004643
-0.003654
-0.002754
-0.002605
-0.002392
-0.001329
-0.000081
0.000968
0.002181
0.002845
0.002184
0.001506
0.002261
0.003753
0.004797
0.004076
-0.001836
-0.012782
-0.017277
-0.004932
0.012946
0.015396
0.003615
-0.003758
-0.002110
0.000083
0.003150
0.009830
0.012426
0.007676
0.004573
0.005667
0.003185
-0.003230
-0.005558
-0.001663
0.003559
0.005587
0.002254
-0.005164
-0.011613
-0.012987
-0.009233
-0.003038
0.000826
-0.001686
-0.008014
-0.010897
-0.008332
-0.005324
-0.004574
-0.003076
0.000505
0.002822
0.002116
0.000687
0.000302
0.000939
0.003274
0.007390
0.010730
0.010802
0.008000
0.004749
0.003593
0.005067
0.006894
0.006969
0.005723
0.003990
0.001626
-0.000772
-0.002223
-0.003123
-0.003971
-0.004179
-0.003980
-0.004995
-0.007803
-0.010821
-0.011711
-0.009366
-0.005188
-0.002057
-0.001467
-0.002479
-0.003227
-0.002310
0.000405
0.003464
0.005269
0.005739
0.005713
0.005545
0.005107
0.004517
0.004320
0.004897
0.005797
0.006034
0.005043
0.003019
0.000756
-0.000629
-0.000677
-0.000397
-0.001110
-0.002808
-0.004639
-0.006036
-0.006508
-0.005799
-0.004751
-0.004431
-0.004509
-0.004066
-0.003144
-0.002190
-0.001205
-0.000272
0.000461
0.001436
0.002851
0.003849
0.003721
0.002904
0.002350
0.002845
0.004393
0.005066
0.001136
-0.008515
-0.016274
-0.010686
0.006068
0.015552
0.008232
-0.002672
-0.004143
-0.000839
0.001486
0.006252
0.011552
0.009972
0.004754
0.003893
0.004095
-0.000531
-0.005071
-0.003263
0.001846
0.004480
0.002793
-0.002685
-0.009329
-0.012680
-0.010587
-0.005065
-0.000271
-0.000236
-0.005283
-0.009976
-0.009293
-0.005605
-0.003814
-0.003064
-0.000216
0.002938
0.003130
0.001672
0.001323
0.001987
0.003263
0.006095
0.009635
0.011055
0.009221
0.005767
0.003316
0.003480
0.005276
0.006152
0.005182
0.003331
0.001118
-0.001285
-0.002967
-0.003636
-0.004198
-0.004820
-0.004872
-0.004983
-0.006616
-0.009599
-0.011691
-0.010511
-0.006025
-0.001421
-0.000075
-0.001536
-0.002724
-0.002069
0.000165
0.003496
0.006566
0.007586
0.006889
0.006187
0.005652
0.004708
0.004049
0.004444
0.005395
0.005885
0.004998
0.002527
-0.000255
-0.001757
-0.001771
-0.001129
-0.000899
-0.002050
-0.004418
-0.006522
-0.007269
-0.006753
-0.005499
-0.004182
-0.003451
-0.003264
-0.003181
-0.003077
-0.002466
-0.000545
0.001923
0.003009
0.002833
0.003395
0.004576
0.004110
0.002267
0.002075
0.004052
0.004774
0.000476
-0.008822
-0.015566
-0.009682
0.005864
0.014226
0.007889
-0.001514
-0.003816
-0.001883
0.001666
0.008094
0.012558
0.009869
0.005112
0.003883
0.002611
-0.001535
-0.003988
-0.001860
0.001581
0.003089
0.001585
-0.003512
-0.010064
-0.013237
-0.010748
-0.004994
-0.000403
-0.000661
-0.005599
-0.009973
-0.009332
-0.005797
-0.003397
-0.001540
0.001470
0.003600
0.003033
0.001739
0.001742
0.002755
0.004671
0.007746
0.010544
0.011047
0.008895
0.005433
0.002976
0.003198
0.005008
0.005746
0.004503
0.002158
-0.000583
-0.003055
-0.004337
-0.004537
-0.004672
-0.005033
-0.005325
-0.005937
-0.007361
-0.008964
-0.009651
-0.009021
-0.006976
-0.003512
0.000009
0.001202
-0.000142
-0.001097
0.000592
0.003880
0.006655
0.008044
0.007915
0.006623
0.005441
0.005292
0.005518
0.005107
0.004215
0.003626
0.003344
0.002414
0.000328
-0.001910
-0.002885
-0.002560
-0.002171
-0.002753
-0.004416
-0.006462
-0.007669
-0.007135
-0.005305
-0.003673
-0.003211
-0.003441
-0.003205
-0.002092
-0.000731
0.000418
0.001837
0.003602
0.004487
0.003983
0.003476
0.003692
0.003578
0.003156
0.003877
0.005113
0.004381
0.000608
-0.006412
-0.014975
-0.016736
-0.004486
0.011885
0.013947
0.001881
-0.007032
-0.005961
-0.001858
0.003123
0.010387
0.013886
0.009629
0.004384
0.002796
0.000749
-0.002770
-0.002778
0.001376
0.004949
0.004784
0.000403
-0.006755
-0.012306
-0.012269
-0.007336
-0.001340
0.001577
-0.001400
-0.008099
-0.011691
-0.009223
-0.005079
-0.002678
-0.000184
0.002866
0.003417
0.001378
0.000266
0.001239
0.002999
0.005591
0.009080
0.011303
0.010354
0.006976
0.003585
0.002448
0.003886
0.005728
0.005826
0.004149
0.001436
-0.001778
-0.004228
-0.004829
-0.004486
-0.004607
-0.005068
-0.005594
-0.006846
-0.008590
-0.009482
-0.009205
-0.008057
-0.005269
-0.001026
0.001773
0.001219
-0.000447
-0.000136
0.002341
0.005396
0.007689
0.008322
0.007342
0.005949
0.005100
0.004708
0.004300
0.003667
0.003183
0.003232
0.002961
0.001160
-0.001486
-0.003124
-0.003245
-0.002585
-0.001910
-0.002228
-0.004155
-0.006475
-0.007309
-0.006355
-0.004650
-0.003221
-0.002554
-0.002365
-0.001959
-0.001147
-0.000236
0.000693
0.001939
0.003651
0.005145
0.005258
0.003860
0.002324
0.001969
0.002778
0.003742
0.003760
0.002606
0.001266
-0.000467
-0.005841
-0.014851
-0.017742
-0.006271
0.009679
0.012534
0.002523
-0.005362
-0.005434
-0.002439
0.003148
0.011280
0.014590
0.009955
0.004831
0.003440
0.001634
-0.001495
-0.001594
0.001682
0.004339
0.004043
0.000458
-0.005665
-0.011232
-0.012554
-0.008704
-0.002382
0.001156
-0.001823
-0.008385
-0.011556
-0.009304
-0.005657
-0.002965
0.000036
0.002825
0.003106
0.001722
0.001432
0.002334
0.003365
0.005431
0.008960
0.011487
0.010699
0.007383
0.004060
0.002641
0.003345
0.004682
0.004887
0.003384
0.000642
-0.002314
-0.004234
-0.004761
-0.004834
-0.005166
-0.005453
-0.005607
-0.006281
-0.007646
-0.008720
-0.008353
-0.006563
-0.004387
-0.002343
-0.000278
0.001162
0.001247
0.001226
0.002827
0.005384
0.007147
0.007822
0.007657
0.006464
0.004942
0.004275
0.004153
0.003533
0.002479
0.001533
0.000654
-0.000348
-0.001440
-0.002451
-0.003021
-0.002999
-0.002732
-0.002573
-0.002791
-0.003751
-0.005067
-0.005412
-0.004269
-0.002729
-0.001896
-0.001754
-0.001803
-0.001581
-0.000650
0.000875
0.002119
0.002713
0.003341
0.004162
0.004213
0.003266
0.002504
0.002478
0.002284
0.001509
0.001101
0.001535
0.001826
0.000519
-0.004141
-0.012436
-0.017935
-0.011172
0.004635
0.012718
0.006042
-0.003427
-0.005563
-0.003039
0.001842
0.009752
0.014705
0.011448
0.006065
0.004618
0.003414
-0.000176
-0.001810
0.000427
0.003145
0.003903
0.001846
-0.003753
-0.010461
-0.013286
-0.010253
-0.004116
0.000243
-0.000943
-0.006553
-0.010709
-0.009814
-0.006345
-0.003192
0.000064
0.003009
0.003442
0.002048
0.001592
0.002200
0.002939
0.004998
0.008748
0.011385
0.010607
0.007296
0.003643
0.001540
0.002021
0.004033
0.005033
0.003667
0.000609
-0.002646
-0.004703
-0.005137
-0.004867
-0.004768
-0.004727
-0.004723
-0.005369
-0.006749
-0.007912
-0.007887
-0.006524
-0.004264
-0.001541
0.001086
0.002493
0.002085
0.001389
0.002441
0.004833
0.006653
0.007231
0.006871
0.005639
0.004018
0.002965
0.002583
0.002202
0.001606
0.001058
0.000532
-0.000343
-0.001681
-0.002846
-0.003001
-0.002310
-0.001722
-0.001666
-0.002053
-0.002956
-0.004129
-0.004635
-0.003847
-0.002259
-0.000963
-0.000619
-0.000988
-0.001341
-0.001111
-0.000066
0.001509
0.002718
0.003040
0.003005
0.003009
0.002611
0.001812
0.001439
0.001742
0.002048
0.001753
0.000818
-0.000155
-0.000348
-0.000680
-0.004225
-0.011085
-0.014276
-0.007317
0.004394
0.008789
0.003793
-0.001784
-0.002648
-0.000405
0.004180
0.010016
0.012119
0.009033
0.005956
0.005153
0.003248
-0.000136
-0.001363
-0.000001
0.001265
0.001226
-0.000588
-0.004959
-0.010118
-0.011936
-0.008788
-0.003631
-0.000945
-0.002656
-0.006448
-0.008352
-0.007165
-0.004636
-0.001901
0.000989
0.002934
0.003064
0.002716
0.003028
0.003302
0.003697
0.005669
0.008557
0.009697
0.008190
0.005426
0.002842
0.001467
0.001924
0.003206
0.003219
0.001260
-0.001414
-0.003399
-0.004373
-0.004669
-0.004589
-0.004368
-0.004327
-0.004647
-0.005141
-0.005720
-0.006580
-0.007018
-0.005172
-0.000719
0.003293
0.003717
0.001514
0.000229
0.001336
0.003634
0.005809
0.006945
0.006143
0.003954
0.002407
0.002126
0.001658
0.000450
-0.000174
0.000379
0.000812
-0.000104
-0.001986
-0.003475
-0.003515
-0.002068
-0.000145
0.000824
0.000088
-0.001561
-0.002542
-0.002348
-0.001742
-0.001146
-0.000393
0.000146
-0.000076
-0.000699
-0.001075
-0.001069
-0.000481
0.000931
0.002388
0.002585
0.001435
0.000083
-0.000555
-0.000403
0.000163
0.000665
0.000801
0.000628
0.000297
-0.000150
-0.000795
-0.002405
-0.005479
-0.007721
-0.005953
-0.001079
0.003076
0.004749
0.004048
0.001514
0.000206
0.003174
0.007704
0.009137
0.008157
0.007191
0.005240
0.002065
0.000004
-0.000884
-0.002180
-0.002878
-0.001995
-0.001916
-0.004372
-0.007366
-0.008574
-0.007717
-0.005360
-0.002694
-0.001606
-0.002677
-0.004246
-0.004521
-0.003163
-0.000858
0.001311
0.002600
0.003285
0.003763
0.003630
0.002946
0.002842
0.003791
0.005028
0.005825
0.005682
0.004068
0.001607
0.000082
0.000180
0.000866
0.001108
0.000595
-0.000673
-0.002170
-0.003068
-0.003223
-0.003025
-0.002687
-0.002357
-0.002169
-0.002087
-0.002402
-0.003631
-0.004798
-0.003572
0.000011
0.002547
0.002106
0.000707
0.000356
0.000765
0.001668
0.003066
0.003701
0.002860
0.001889
0.001635
0.001167
0.000014
-0.000946
-0.000940
-0.000180
0.000412
0.000128
-0.000748
-0.001398
-0.001284
-0.000233
0.001284
0.002074
0.001575
0.000664
0.000213
-0.000093
-0.000779
-0.001511
-0.001600
-0.001051
-0.000632
-0.000940
-0.001783
-0.002519
-0.002484
-0.001367
0.000149
0.000835
0.000526
0.000107
-0.000059
-0.000173
-0.000012
0.000546
0.000929
0.000935
0.001135
0.001586
0.001711
0.001267
-0.000216
-0.002985
-0.004702
-0.002985
-0.000396
-0.000230
-0.000103
0.002224
0.003130
0.001173
0.000997
0.003556
0.004510
0.003963
0.004967
0.005259
0.002173
-0.000771
-0.000851
-0.000861
-0.002053
-0.002012
-0.001054
-0.001934
-0.003989
-0.004615
-0.004054
-0.003701
-0.003066
-0.001628
-0.000541
-0.000737
-0.001534
-0.001798
-0.001213
-0.000287
0.000562
0.001486
0.002245
0.002016
0.001140
0.000986
0.001500
0.001660
0.001760
0.002254
0.002193
0.001227
0.000566
0.000581
0.000413
0.000187
0.000650
0.001275
0.001125
0.000452
-0.000079
-0.000436
-0.000711
-0.000771
-0.000709
-0.000946
-0.001744
-0.002623
-0.002625
-0.001726
-0.001165
-0.001399
-0.001368
-0.000706
-0.000244
-0.000003
0.000583
0.001045
0.000924
0.000863
0.001080
0.000902
0.000407
0.000337
0.000610
0.000657
0.000528
0.000490
0.000448
0.000393
0.000613
0.001136
0.001521
0.001472
0.001208
0.000992
0.000753
0.000438
0.000143
-0.000292
-0.001145
-0.002118
-0.002533
-0.002364
-0.002252
-0.002333
-0.002078
-0.001434
-0.000920
-0.000621
-0.000294
-0.000039
0.000080
0.000340
0.000749
0.000959
0.000883
0.000764
0.000855
0.001217
0.001537
0.001491
0.001362
0.001552
0.001387
-0.000346
-0.002901
-0.003518
-0.001547
-0.000056
-0.000893
-0.001606
-0.000403
0.000655
0.000530
0.001152
0.002504
0.002546
0.002156
0.003143
0.003667
0.002019
0.000478
0.000649
0.000649
-0.000287
-0.000594
-0.000511
-0.001481
-0.002561
-0.002201
-0.001373
-0.001520
-0.002029
-0.001927
-0.001572
-0.001527
-0.001580
-0.001357
-0.000937
-0.000541
-0.000177
0.000137
0.000198
0.000029
0.000075
0.000485
0.000842
0.000971
0.001115
0.001211
0.001049
0.000980
0.001279
0.001468
0.001274
0.001172
0.001324
0.001250
0.000899
0.000678
0.000548
0.000306
0.000059
-0.000344
-0.001158
-0.001750
-0.001349
-0.000602
-0.000588
-0.001120
-0.001556
-0.001781
-0.001524
-0.000568
0.000274
0.000221
-0.000217
-0.000386
-0.000444
-0.000516
-0.000395
-0.000150
0.000078
0.000331
0.000463
0.000310
0.000126
0.000250
0.000751
0.001450
0.001921
0.001848
0.001496
0.001280
0.001203
0.001143
0.001055
0.000794
0.000311
-0.000256
-0.001009
-0.002031
-0.002731
-0.002470
-0.001581
-0.000906
-0.000768
-0.000928
-0.001031
-0.000838
-0.000356
0.000203
0.000626
0.000816
0.000777
0.000569
0.000225
-0.000180
-0.000347
-0.000026
0.000527
0.000893
0.001012
0.000933
0.000588
-0.000079
-0.001133
-0.002102
-0.001820
-0.000366
0.000346
-0.000459
-0.001381
-0.001515
-0.000961
0.000526
0.002312
0.002740
0.002100
0.002110
0.002444
0.001946
0.001420
0.001611
0.001579
0.001077
0.000849
0.000415
-0.000883
-0.001942
-0.001787
-0.001213
-0.000994
-0.000947
-0.001128
-0.001686
-0.002040
-0.001807
-0.001472
-0.001314
-0.001030
-0.000602
-0.000321
-0.000257
-0.000382
-0.000570
-0.000414
0.000242
0.000936
0.001157
0.000880
0.000487
0.000458
0.000920
0.001401
0.001427
0.001151
0.000975
0.000961
0.000967
0.000927
0.000782
0.000532
0.000327
0.000227
0.000011
-0.000484
-0.000941
-0.000910
-0.000578
-0.000526
-0.000738
-0.000829
-0.000958
-0.001240
-0.001100
-0.000484
-0.000232
-0.000413
-0.000341
-0.000240
-0.000609
-0.000843
-0.000439
-0.000005
0.000121
0.000365
0.000640
0.000483
0.000214
0.000422
0.000929
0.001281
0.001426
0.001399
0.001119
0.000719
0.000475
0.000393
0.000344
0.000367
0.000397
0.000059
-0.000724
-0.001405
-0.001505
-0.001194
-0.000862
-0.000614
-0.000488
-0.000602
-0.000767
-0.000586
-0.000173
0.000066
0.000208
0.000485
0.000615
0.000330
-0.000074
-0.000275
-0.000249
0.000021
0.000402
0.000538
0.000398
0.000290
0.000293
0.000232
-0.000051
-0.000632
-0.001188
-0.001127
-0.000591
-0.000334
-0.000378
-0.000327
-0.000480
-0.000794
-0.000270
0.001048
0.001814
0.001802
0.001838
0.001747
0.001092
0.000589
0.000668
0.000713
0.000616
0.000720
0.000586
-0.000117
-0.000689
-0.000725
-0.000707
-0.000746
-0.000567
-0.000407
-0.000535
-0.000698
-0.000747
-0.000864
-0.000994
-0.000898
-0.000563
-0.000184
-0.000023
-0.000200
-0.000489
-0.000550
-0.000342
-0.000034
0.000244
0.000296
0.000076
-0.000047
0.000119
0.000277
0.000316
0.000459
0.000649
0.000702
0.000777
0.000943
0.000908
0.000620
0.000389
0.000234
-0.000020
-0.000160
-0.000050
-0.000056
-0.000262
-0.000260
-0.000128
-0.000268
-0.000411
-0.000223
-0.000122
-0.000361
-0.000532
-0.000561
-0.000758
-0.000902
-0.000700
-0.000515
-0.000583
-0.000521
-0.000194
0.000033
0.000080
0.000182
0.000339
0.000448
0.000597
0.000776
0.000822
0.000778
0.000802
0.000846
0.000805
0.000716
0.000625
0.000520
0.000433
0.000369
0.000190
-0.000222
-0.000704
-0.000946
-0.000888
-0.000734
-0.000637
-0.000580
-0.000520
-0.000483
-0.000433
-0.000288
-0.000145
-0.000121
-0.000083
0.000033
0.000061
0.000010
-0.000004
-0.000082
-0.000205
-0.000107
0.000136
0.000143
0.000001
0.000095
0.000317
0.000361
0.000351
0.000395
0.000205
-0.000249
-0.000514
-0.000437
-0.000339
-0.000277
-0.000025
0.000205
0.000006
-0.000357
-0.000287
0.000149
0.000451
0.000577
0.000735
0.000767
0.000536
0.000372
0.000488
0.000563
0.000451
0.000437
0.000504
0.000360
0.000138
0.000101
0.000018
-0.000289
-0.000433
-0.000247
-0.000184
-0.000419
-0.000611
-0.000679
-0.000786
-0.000821
-0.000662
-0.000474
-0.000378
-0.000293
-0.000234
-0.000287
-0.000327
-0.000201
-0.000005
0.000104
0.000163
0.000236
0.000256
0.000237
0.000339
0.000568
0.000730
0.000730
0.000672
0.000639
0.000589
0.000449
0.000193
-0.000120
-0.000375
-0.000456
-0.000321
-0.000093
-0.000008
-0.000127
-0.000292
-0.000449
-0.000629
-0.000641
-0.000369
-0.000125
-0.000126
-0.000197
-0.000315
-0.000574
-0.000657
-0.000318
0.000069
0.000200
0.000292
0.000448
0.000500
0.000486
0.000500
0.000439
0.000388
0.000582
0.000814
0.000653
0.000192
-0.000144
-0.000261
-0.000272
-0.000130
0.000115
0.000152
-0.000095
-0.000306
-0.000309
-0.000242
-0.000164
-0.000035
0.000080
0.000121
0.000089
-0.000016
-0.000147
-0.000223
-0.000255
-0.000265
-0.000210
-0.000094
-0.000019
-0.000052
-0.000144
-0.000187
-0.000165
-0.000177
-0.000223
-0.000161
0.000024
0.000166
0.000169
0.000108
0.000085
0.000138
0.000227
0.000245
0.000174
0.000184
0.000323
0.000335
0.000074
-0.000216
-0.000298
-0.000273
-0.000310
-0.000362
-0.000313
-0.000191
-0.000105
-0.000067
0.000020
0.000185
0.000302
0.000281
0.000205
0.000189
0.000192
0.000122
0.000046
0.000066
0.000130
0.000174
0.000240
0.000312
0.000276
0.000143
0.000072
0.000117
0.000148
0.000094
0.000060
0.000114
0.000142
0.000018
-0.000202
-0.000372
-0.000432
-0.000425
-0.000433
-0.000464
-0.000473
-0.000464
-0.000425
-0.000289
-0.000099
0.000012
0.000065
0.000179
0.000333
0.000403
0.000343
0.000252
0.000213
0.000175
0.000069
-0.000070
-0.000135
-0.000081
-0.000007
-0.000019
-0.000057
-0.000015
0.000067
0.000081
0.000049
0.000152
0.000404
0.000475
0.000176
-0.000186
-0.000240
-0.000066
0.000011
-0.000089
-0.000212
-0.000302
-0.000362
-0.000358
-0.000316
-0.000292
-0.000251
-0.000152
-0.000037
0.000063
0.000169
0.000275
0.000348
0.000383
0.000390
0.000363
0.000297
0.000195
0.000077
-0.000012
-0.000024
0.000017
0.000037
0.000028
0.000022
-0.000001
-0.000064
-0.000152
-0.000254
-0.000336
-0.000314
-0.000161
0.000019
0.000084
0.000019
-0.000062
-0.000059
0.000025
0.000119
0.000187
0.000227
0.000198
0.000049
-0.000160
-0.000285
-0.000237
-0.000071
0.000036
-0.000032
-0.000195
-0.000309
-0.000350
-0.000351
-0.000256
-0.000013
0.000250
0.000328
0.000202
0.000054
0.000014
0.000005
-0.000028
0.000013
0.000120
0.000166
0.000160
0.000168
0.000177
0.000177
0.000179
0.000161
0.000095
0.000001
-0.000034
-0.000002
-0.000019
-0.000083
-0.000048
0.000064
0.000094
0.000000
-0.000145
-0.000241
-0.000212
-0.000101
-0.000056
-0.000123
-0.000146
-0.000004
0.000171
0.000219
0.000220
0.000271
0.000283
0.000213
0.000161
0.000147
0.000111
0.000063
0.000004
-0.000081
-0.000148
-0.000158
-0.000157
-0.000215
-0.000332
-0.000399
-0.000354
-0.000280
-0.000212
-0.000097
0.000005
-0.000004
-0.000020
0.000076
0.000186
0.000215
0.000231
0.000268
0.000259
0.000190
0.000142
0.000129
0.000075
-0.000030
-0.000096
-0.000049
0.000060
0.000091
-0.000008
-0.000152
-0.000216
-0.000162
-0.000063
-0.000010
-0.000049
-0.000176
-0.000305
-0.000336
-0.000259
-0.000091
0.000124
0.000217
0.000103
-0.000034
-0.000042
0.000001
0.000021
0.000040
0.000053
0.000083
0.000216
0.000389
0.000387
0.000202
0.000045
-0.000016
-0.000064
-0.000102
-0.000109
-0.000139
-0.000179
-0.000131
0.000019
0.000193
0.000303
0.000302
0.000229
0.000156
0.000052
-0.000099
-0.000175
-0.000139
-0.000151
-0.000288
-0.000380
-0.000293
-0.000161
-0.000178
-0.000277
-0.000256
-0.000123
-0.000046
-0.000051
-0.000042
0.000017
0.000068
0.000072
0.000084
0.000152
0.000197
0.000184
0.000210
0.000309
0.000368
0.000319
0.000207
0.000090
-0.000000
-0.000075
-0.000155
-0.000192
-0.000110
0.000019
0.000027
-0.000087
-0.000157
-0.000094
0.000033
0.000098
0.000040
-0.000065
-0.000103
-0.000080
-0.000061
-0.000044
-0.000018
0.000016
0.000080
0.000156
0.000165
0.000078
-0.000032
-0.000098
-0.000126
-0.000114
-0.000023
0.000079
0.000059
-0.000012
0.000060
0.000212
0.000219
0.000115
0.000095
0.000159
0.000190
0.000177
0.000132
0.000036
-0.000078
-0.000149
-0.000166
-0.000188
-0.000255
-0.000307
-0.000292
-0.000256
-0.000223
-0.000134
-0.000015
0.000011
-0.000050
-0.000091
-0.000073
0.000005
0.000129
0.000216
0.000211
0.000187
0.000232
0.000285
0.000230
0.000103
0.000013
-0.000022
-0.000029
-0.000002
0.000016
-0.000046
-0.000150
-0.000196
-0.000178
-0.000166
-0.000162
-0.000118
-0.000057
-0.000058
-0.000111
-0.000123
-0.000074
0.000005
0.000127
0.000254
0.000270
0.000154
0.000013
-0.000078
-0.000096
-0.000060
-0.000051
-0.000058
0.000011
0.000086
0.000013
-0.000122
-0.000112
0.000044
0.000187
0.000216
0.000141
0.000057
0.000070
0.000124
0.000056
-0.000117
-0.000213
-0.000176
-0.000097
-0.000056
-0.000059
-0.000016
0.000117
0.000188
0.000092
-0.000013
0.000015
0.000062
-0.000017
-0.000152
-0.000232
-0.000293
-0.000354
-0.000370
-0.000342
-0.000256
-0.000081
0.000110
0.000231
0.000315
0.000411
0.000479
0.000460
0.000374
0.000310
0.000313
0.000318
0.000237
0.000098
0.000011
0.000015
0.000052
0.000040
-0.000070
-0.000238
-0.000340
-0.000341
-0.000306
-0.000253
-0.000199
-0.000226
-0.000283
-0.000226
-0.000110
-0.000048
-0.000011
0.000025
0.000003
-0.000048
-0.000017
0.000081
0.000118
0.000079
0.000044
0.000023
-0.000021
-0.000081
-0.000119
-0.000079
0.000074
0.000228
0.000237
0.000145
0.000089
0.000106
0.000153
0.000197
0.000215
0.000186
0.000108
0.000016
-0.000036
-0.000045
-0.000073
-0.000138
-0.000179
-0.000151
-0.000102
-0.000078
-0.000042
0.000013
-0.000042
-0.000245
-0.000358
-0.000182
0.000089
0.000141
-0.000008
-0.000070
0.000062
0.000192
0.000171
0.000095
0.000069
0.000038
-0.000043
-0.000091
-0.000058
-0.000004
0.000039
0.000075
0.000047
-0.000044
-0.000071
0.000016
0.000103
0.000065
-0.000052
-0.000094
-0.000016
0.000036
-0.000033
-0.000099
-0.000059
-0.000023
-0.000096
-0.000198
-0.000222
-0.000208
-0.000223
-0.000196
-0.000030
0.000202
0.000343
0.000361
0.000319
0.000204
0.000006
-0.000130
-0.000041
0.000188
0.000297
0.000190
0.000029
-0.000044
-0.000072
-0.000102
-0.000095
-0.000066
-0.000072
-0.000084
-0.000044
0.000022
0.000047
0.000016
-0.000054
-0.000129
-0.000180
-0.000167
-0.000037
0.000164
0.000258
0.000151
-0.000052
-0.000195
-0.000200
-0.000087
0.000050
0.000128
0.000148
0.000129
0.000074
0.000037
0.000053
0.000050
-0.000024
-0.000119
-0.000168
-0.000140
-0.000056
0.000012
0.000003
-0.000042
0.000003
0.000154
0.000236
0.000183
0.000159
0.000216
0.000199
0.000099
0.000054
0.000058
-0.000017
-0.000188
-0.000330
-0.000347
-0.000266
-0.000163
-0.000127
-0.000203
-0.000294
-0.000259
-0.000143
-0.000105
-0.000120
-0.000047
0.000109
0.000241
0.000308
0.000304
0.000246
0.000201
0.000191
0.000153
0.000084
0.000053
0.000069
0.000089
0.000121
0.000163
0.000133
0.000011
-0.000087
-0.000092
-0.000066
-0.000058
-0.000046
-0.000033
-0.000054
-0.000099
-0.000139
-0.000155
-0.000118
-0.000042
0.000003
-0.000046
-0.000152
-0.000214
-0.000194
-0.000162
-0.000160
-0.000114
0.000011
0.000127
0.000192
0.000229
0.000232
0.000210
0.000173
0.000084
-0.000049
-0.000136
-0.000100
0.000019
0.000104
0.000105
0.000068
0.000050
0.000062
0.000076
0.000069
0.000050
0.000028
-0.000002
-0.000025
-0.000047
-0.000094
-0.000135
-0.000142
-0.000139
-0.000091
0.000038
0.000117
0.000041
-0.000035
0.000031
0.000101
0.000043
-0.000039
-0.000071
-0.000124
-0.000217
-0.000261
-0.000174
0.000012
0.000131
0.000085
-0.000022
-0.000042
0.000034
0.000146
0.000232
0.000229
0.000142
0.000068
0.000069
0.000076
0.000017
-0.000059
-0.000082
-0.000075
-0.000088
-0.000102
-0.000074
-0.000002
0.000049
0.000019
-0.000017
0.000049
0.000130
0.000099
0.000017
-0.000042
-0.000107
-0.000151
-0.000068
0.000090
0.000091
-0.000132
-0.000337
-0.000342
-0.000221
-0.000081
0.000071
0.000192
0.000200
0.000139
0.000126
0.000170
0.000189
0.000173
0.000160
0.000128
0.000043
-0.000053
-0.000083
-0.000039
0.000011
0.000017
-0.000086
-0.000319
-0.000502
-0.000465
-0.000286
-0.000105
0.000031
0.000129
0.000237
0.000357
0.000373
0.000256
0.000181
0.000238
0.000276
0.000187
0.000081
0.000074
0.000109
0.000082
0.000005
-0.000054
-0.000085
-0.000130
-0.000217
-0.000303
-0.000325
-0.000297
-0.000254
-0.000200
-0.000144
-0.000106
-0.000095
-0.000067
0.000011
0.000084
0.000130
0.000201
0.000259
0.000205
0.000079
0.000015
0.000037
0.000074
0.000091
0.000083
0.000021
-0.000093
-0.000197
-0.000238
-0.000197
-0.000083
0.000020
-0.000001
-0.000113
-0.000138
-0.000007
0.000132
0.000137
0.000074
0.000072
0.000111
0.000117
0.000115
0.000162
0.000228
0.000246
0.000186
0.000059
-0.000072
-0.000137
-0.000189
-0.000303
-0.000364
-0.000238
-0.000071
-0.000042
-0.000069
-0.000038
0.000003
0.000034
0.000117
0.000232
0.000273
0.000182
0.000039
-0.000031
-0.000006
0.000029
0.000009
-0.000048
-0.000075
-0.000051
-0.000033
-0.000049
-0.000052
-0.000017
0.000005
-0.000041
-0.000109
-0.000100
-0.000000
0.000090
0.000061
-0.000052
-0.000097
-0.000045
-0.000025
-0.000069
-0.000069
0.000006
0.000047
-0.000011
-0.000079
-0.000027
0.000124
0.000204
0.000141
0.000055
0.000046
0.000070
0.000081
0.000108
0.000169
0.000215
0.000162
0.000014
-0.000117
-0.000154
-0.000141
-0.000140
-0.000157
-0.000132
-0.000046
0.000006
-0.000066
-0.000189
-0.000233
-0.000187
-0.000122
-0.000065
0.000019
0.000141
0.000224
0.000207
0.000149
0.000119
0.000086
0.000012
-0.000073
-0.000075
0.000078
0.000254
0.000196
-0.000055
-0.000176
-0.000093
-0.000025
-0.000047
-0.000035
0.000026
0.000032
0.000021
0.000124
0.000263
0.000241
0.000071
-0.000056
-0.000044
0.000017
-0.000005
-0.000126
-0.000219
-0.000176
-0.000110
-0.000192
-0.000357
-0.000427
-0.000361
-0.000229
-0.000104
-0.000043
-0.000030
0.000020
0.000143
0.000261
0.000304
0.000291
0.000258
0.000227
0.000233
0.000267
0.000247
0.000151
0.000083
0.000092
0.000072
-0.000046
-0.000159
-0.000158
-0.000095
-0.000113
-0.000211
-0.000221
-0.000085
0.000038
0.000044
0.000009
-0.000013
-0.000048
-0.000064
-0.000014
0.000046
0.000038
-0.000011
-0.000018
0.000033
0.000073
0.000056
0.000018
0.000002
-0.000021
-0.000070
-0.000096
-0.000070
-0.000016
0.000038
0.000061
0.000056
0.000067
0.000083
0.000048
-0.000036
-0.000108
-0.000132
-0.000110
-0.000053
0.000013
0.000062
0.000116
0.000186
0.000203
0.000129
0.000040
0.000007
0.000001
-0.000029
-0.000060
-0.000033
0.000025
0.000030
-0.000038
-0.000141
-0.000229
-0.000259
-0.000225
-0.000157
-0.000080
-0.000006
0.000059
0.000101
0.000104
0.000075
0.000087
0.000185
0.000270
0.000199
0.000022
-0.000078
-0.000063
-0.000024
-0.000004
0.000010
0.000046
0.000091
0.000069
-0.000031
-0.000103
-0.000090
-0.000049
-0.000033
-0.000017
0.000014
0.000023
-0.000012
-0.000064
-0.000116
-0.000161
-0.000140
-0.000029
0.000062
0.000022
-0.000083
-0.000108
-0.000031
0.000054
0.000095
0.000128
0.000149
0.000118
0.000076
0.000080
0.000096
0.000056
-0.000035
-0.000111
-0.000132
-0.000121
-0.000109
-0.000071
0.000039
0.000182
0.000259
0.000221
0.000105
-0.000016
-0.000074
-0.000072
-0.000066
-0.000104
-0.000185
-0.000262
-0.000264
-0.000202
-0.000153
-0.000117
-0.000027
0.000099
0.000164
0.000136
0.000082
0.000070
0.000103
0.000171
0.000244
0.000275
0.000274
0.000263
0.000201
0.000092
0.000044
0.000066
0.000039
-0.000081
-0.000212
-0.000260
-0.000224
-0.000175
-0.000171
-0.000200
-0.000194
-0.000140
-0.000079
-0.000022
0.000033
0.000054
0.000013
-0.000052
-0.000063
-0.000011
0.000023
-0.000014
-0.000052
-0.000031
-0.000008
-0.000018
-0.000012
0.000016
0.000013
-0.000003
0.000016
0.000044
0.000052
0.000073
0.000112
0.000130
0.000108
0.000072
0.000046
0.000021
0.000010
0.000063
0.000132
0.000110
0.000044
0.000030
0.000019
-0.000032
-0.000038
0.000027
0.000042
-0.000087
-0.000271
-0.000337
-0.000255
-0.000137
