4160
-0.000107
-0.000080
-0.000138
-0.000173
-0.000071
0.000108
0.000212
0.000192
0.000130
0.000102
0.000092
0.000055
-0.000011
-0.000066
-0.000065
-0.000015
0.000012
-0.000027
-0.000053
0.000028
0.000156
0.000219
0.000199
0.000127
0.000021
-0.000068
-0.000128
-0.000256
-0.000444
-0.000527
-0.000447
-0.000306
-0.000173
-0.000038
0.000107
0.000230
0.000304
0.000361
0.000451
0.000541
0.000540
0.000447
0.000366
0.000333
0.000259
0.000078
-0.000161
-0.000317
-0.000292
-0.000176
-0.000135
-0.000179
-0.000213
-0.000235
-0.000316
-0.000411
-0.000406
-0.000311
-0.000201
-0.000079
0.000036
0.000064
0.000038
0.000076
0.000158
0.000139
0.000006
-0.000073
-0.000003
0.000096
0.000124
0.000138
0.000181
0.000179
0.000092
0.000006
-0.000033
-0.000069
-0.000069
0.000018
0.000090
0.000029
-0.000092
-0.000115
-0.000019
0.000084
0.000129
0.000116
0.000035
-0.000089
-0.000139
-0.000037
0.000099
0.000093
-0.000003
-0.000000
0.000102
0.000184
0.000208
0.000162
0.000016
-0.000151
-0.000227
-0.000218
-0.000212
-0.000233
-0.000229
-0.000164
-0.000060
0.000010
0.000014
0.000025
0.000081
0.000097
0.000034
-0.000011
0.000023
0.000102
0.000183
0.000213
0.000150
0.000052
0.000041
0.000124
0.000172
0.000098
-0.000056
-0.000189
-0.000226
-0.000207
-0.000205
-0.000196
-0.000136
-0.000055
0.000007
0.000044
0.000060
0.000055
0.000018
-0.000055
-0.000122
-0.000092
0.000074
0.000268
0.000328
0.000224
0.000087
0.000024
-0.000001
-0.000033
-0.000040
-0.000017
-0.000032
-0.000103
-0.000147
-0.000123
-0.000100
-0.000093
-0.000009
0.000128
0.000152
0.000036
-0.000037
0.000016
0.000067
0.000029
-0.000040
-0.000069
-0.000036
0.000028
0.000074
0.000095
0.000113
0.000100
0.000019
-0.000080
-0.000102
-0.000055
-0.000045
-0.000094
-0.000133
-0.000125
-0.000060
0.000042
0.000093
0.000031
-0.000066
-0.000093
-0.000025
0.000136
0.000332
0.000422
0.000336
0.000172
0.000066
0.000007
-0.000091
-0.000196
-0.000238
-0.000238
-0.000256
-0.000323
-0.000415
-0.000410
-0.000220
0.000018
0.000086
-0.000005
-0.000070
-0.000021
0.000089
0.000181
0.000220
0.000208
0.000166
0.000154
0.000191
0.000173
0.000055
-0.000025
0.000035
0.000132
0.000128
0.000052
0.000029
0.000086
0.000131
0.000073
-0.000098
-0.000276
-0.000301
-0.000152
-0.000020
-0.000046
-0.000120
-0.000068
0.000076
0.000138
0.000072
0.000008
0.000053
0.000137
0.000129
0.000035
-0.000054
-0.000121
-0.000162
-0.000141
-0.000069
0.000000
0.000053
0.000073
0.000020
-0.000065
-0.000116
-0.000141
-0.000145
-0.000111
-0.000055
0.000014
0.000110
0.000194
0.000196
0.000146
0.000124
0.000126
0.000117
0.000095
0.000025
-0.000116
-0.000216
-0.000144
0.000040
0.000151
0.000124
0.000029
-0.000041
-0.000022
0.000043
0.000032
-0.000047
-0.000065
-0.000020
-0.000020
-0.000058
-0.000058
-0.000052
-0.000097
-0.000147
-0.000157
-0.000145
-0.000098
-0.000004
0.000075
0.000093
0.000090
0.000133
0.000201
0.000189
0.000061
-0.000089
-0.000144
-0.000066
0.000081
0.000179
0.000165
0.000104
0.000061
0.000003
-0.000078
-0.000111
-0.000102
-0.000116
-0.000128
-0.000075
0.000008
0.000037
0.000000
-0.000036
-0.000054
-0.000086
-0.000089
-0.000023
0.000023
-0.000020
-0.000069
-0.000044
0.000016
0.000027
-0.000010
-0.000002
0.000100
0.000206
0.000199
0.000117
0.000067
0.000029
-0.000037
-0.000073
-0.000048
0.000008
0.000062
0.000047
-0.000040
-0.000066
0.000021
0.000040
-0.000126
-0.000298
-0.000303
-0.000238
-0.000238
-0.000217
-0.000069
0.000100
0.000175
0.000213
0.000256
0.000264
0.000258
0.000300
0.000383
0.000415
0.000314
0.000127
-0.000008
-0.000047
-0.000052
-0.000049
-0.000066
-0.000151
-0.000257
-0.000299
-0.000308
-0.000336
-0.000341
-0.000256
-0.000099
0.000040
0.000122
0.000161
0.000129
0.000031
-0.000033
-0.000047
-0.000089
-0.000130
-0.000087
0.000012
0.000092
0.000116
0.000069
-0.000005
-0.000030
-0.000007
0.000011
0.000013
0.000009
-0.000010
-0.000007
0.000054
0.000079
0.000006
-0.000024
0.000072
0.000143
0.000085
-0.000018
-0.000041
0.000073
0.000260
0.000342
0.000225
0.000026
-0.000094
-0.000106
-0.000105
-0.000168
-0.000242
-0.000232
-0.000143
-0.000071
-0.000101
-0.000181
-0.000176
-0.000054
0.000108
0.000232
0.000266
0.000228
0.000179
0.000106
-0.000007
-0.000088
-0.000100
-0.000095
-0.000109
-0.000120
-0.000100
-0.000066
-0.000040
-0.000009
0.000026
0.000006
-0.000069
-0.000062
0.000084
0.000212
0.000198
0.000097
-0.000001
-0.000050
-0.000048
-0.000028
-0.000007
-0.000000
-0.000015
-0.000012
0.000024
0.000021
-0.000066
-0.000129
-0.000072
0.000012
0.000031
0.000028
0.000021
-0.000029
-0.000078
-0.000030
0.000116
0.000230
0.000186
0.000036
-0.000043
0.000001
0.000042
0.000008
-0.000039
-0.000037
-0.000008
-0.000013
-0.000069
-0.000103
-0.000059
0.000010
0.000016
-0.000039
-0.000065
-0.000013
0.000052
0.000031
-0.000051
-0.000073
-0.000010
0.000055
0.000038
-0.000045
-0.000094
-0.000067
-0.000022
0.000008
0.000049
0.000092
0.000088
0.000033
-0.000051
-0.000096
0.000031
0.000314
0.000500
0.000435
0.000254
0.000109
-0.000038
-0.000226
-0.000347
-0.000330
-0.000282
-0.000295
-0.000315
-0.000298
-0.000283
-0.000261
-0.000192
-0.000081
0.000032
0.000088
0.000086
0.000091
0.000128
0.000153
0.000157
0.000174
0.000209
0.000226
0.000198
0.000118
0.000042
0.000072
0.000202
0.000267
0.000188
0.000047
-0.000085
-0.000180
-0.000188
-0.000116
-0.000055
-0.000061
-0.000076
-0.000056
-0.000057
-0.000106
-0.000121
-0.000051
0.000043
0.000072
0.000020
-0.000026
0.000010
0.000042
-0.000010
-0.000071
-0.000071
-0.000001
0.000100
0.000134
0.000050
-0.000054
-0.000061
-0.000007
-0.000004
-0.000073
-0.000133
-0.000109
-0.000011
0.000100
0.000168
0.000151
0.000061
-0.000031
-0.000052
0.000043
0.000183
0.000179
-0.000001
-0.000159
-0.000174
-0.000134
-0.000129
-0.000125
-0.000079
-0.000043
-0.000066
-0.000079
-0.000008
0.000091
0.000137
0.000141
0.000146
0.000157
0.000142
0.000086
0.000041
0.000073
0.000086
-0.000047
-0.000192
-0.000138
0.000042
0.000101
0.000001
-0.000075
-0.000027
0.000060
0.000072
-0.000014
-0.000128
-0.000174
-0.000144
-0.000127
-0.000155
-0.000146
-0.000070
-0.000016
0.000001
0.000063
0.000145
0.000142
0.000057
-0.000000
0.000030
0.000082
0.000095
0.000116
0.000156
0.000136
0.000066
0.000042
0.000047
-0.000017
-0.000129
-0.000186
-0.000166
-0.000107
-0.000062
-0.000075
-0.000106
-0.000092
-0.000055
-0.000031
-0.000008
0.000001
-0.000026
-0.000044
-0.000018
0.000020
0.000056
0.000120
0.000208
0.000277
0.000287
0.000225
0.000124
-0.000017
-0.000238
-0.000434
-0.000430
-0.000269
-0.000125
-0.000045
0.000024
0.000111
0.000228
0.000334
0.000344
0.000248
0.000120
0.000035
0.000028
0.000041
-0.000017
-0.000121
-0.000157
-0.000085
0.000018
0.000070
0.000099
0.000144
0.000135
0.000002
-0.000156
-0.000180
-0.000105
-0.000103
-0.000172
-0.000158
-0.000064
0.000006
0.000051
0.000076
0.000017
-0.000096
-0.000126
-0.000050
-0.000006
-0.000067
-0.000144
-0.000143
-0.000100
-0.000087
-0.000059
-0.000278
-0.001244
-0.001646
0.000327
0.002451
0.001731
-0.000020
-0.000227
0.000364
0.000624
0.000675
0.000544
0.000229
0.000041
-0.000102
-0.000510
-0.000883
-0.000823
-0.000592
-0.000433
-0.000209
-0.000070
-0.000243
-0.000422
-0.000219
0.000174
0.000336
0.000308
0.000295
0.000203
0.000138
0.000547
0.001086
0.000526
-0.001149
-0.002175
-0.001462
0.000085
0.001230
0.001727
0.001761
0.001429
0.000761
-0.000164
-0.001015
-0.001532
-0.001663
-0.001291
-0.000549
0.000108
0.000439
0.000541
0.000583
0.000499
0.000190
-0.000121
-0.000348
-0.000620
-0.000642
-0.000080
0.000580
0.000664
0.000471
0.000450
0.000274
-0.000114
-0.000305
-0.000410
-0.000601
-0.000483
0.000083
0.000561
0.000637
0.000565
0.000447
0.000107
-0.000296
-0.000374
-0.000209
-0.000163
-0.000199
-0.000073
0.000163
0.000240
0.000016
-0.000262
-0.000251
-0.000067
-0.000051
-0.000203
-0.000257
-0.000061
0.000250
0.000444
0.000350
-0.000147
-0.000762
-0.000804
-0.000168
0.000465
0.000718
0.000755
0.000643
0.000396
0.000183
0.000006
-0.000256
-0.000383
-0.000189
-0.000025
-0.000135
-0.000276
-0.000386
-0.000578
-0.000565
-0.000133
0.000249
0.000222
0.000184
0.000400
0.000496
0.000301
0.000084
-0.000073
-0.000268
-0.000382
-0.000319
-0.000274
-0.000317
-0.000248
-0.000055
0.000136
0.000354
0.000559
0.000524
0.000257
0.000060
0.000035
-0.000004
-0.000127
-0.000161
-0.000032
0.000027
-0.000139
-0.000326
-0.000342
-0.000226
-0.000052
0.000068
0.000026
-0.000043
0.000068
0.000260
0.000305
0.000251
0.000271
0.000311
0.000255
0.000182
0.000162
0.000082
-0.000068
-0.000097
-0.000012
-0.000088
-0.000347
-0.000485
-0.000403
-0.000310
-0.000285
-0.000211
-0.000096
-0.000050
-0.000008
0.000087
0.000070
-0.000082
-0.000113
0.000054
0.000222
0.000339
0.000522
0.000653
0.000473
0.000045
-0.000341
-0.000505
-0.000368
0.000053
0.000472
0.000519
0.000240
-0.000013
-0.000157
-0.000345
-0.000557
-0.000627
-0.000496
-0.000219
0.000085
0.000234
0.000193
0.000105
-0.000000
-0.000116
-0.000078
0.000123
0.000288
0.000409
0.000614
0.000747
0.000525
0.000008
-0.000519
-0.000999
-0.001589
-0.002208
-0.002501
-0.002319
-0.001777
-0.000924
0.000222
0.001488
0.002663
0.003610
0.004216
0.004368
0.003998
0.003238
0.002384
0.001515
0.000414
-0.000944
-0.002143
-0.002851
-0.003308
-0.003809
-0.004139
-0.004046
-0.003636
-0.002980
-0.002065
-0.001057
-0.000052
0.001027
0.002084
0.002843
0.003137
0.003002
0.002564
0.001964
0.001325
0.000761
0.000336
0.000007
-0.000317
-0.000655
-0.000967
-0.001200
-0.001276
-0.001159
-0.000925
-0.000624
-0.000222
0.000214
0.000527
0.000671
0.000665
0.000496
0.000233
0.000056
-0.000030
-0.000212
-0.000469
-0.000569
-0.000482
-0.000359
-0.000213
-0.000029
0.000107
0.000246
0.000506
0.000699
0.000591
0.000355
0.000222
0.000090
-0.000126
-0.000242
-0.000196
-0.000184
-0.000222
-0.000082
0.000261
0.000580
0.000721
0.000648
0.000339
-0.000060
-0.000269
-0.000263
-0.000257
-0.000288
-0.000238
-0.000109
0.000028
0.000130
-0.000102
-0.001690
-0.005769
-0.011192
-0.013630
-0.009868
-0.002480
0.003592
0.008013
0.013544
0.019242
0.021256
0.018762
0.013508
0.006242
-0.001588
-0.006754
-0.008758
-0.010730
-0.013476
-0.014055
-0.011608
-0.008863
-0.007357
-0.006366
-0.005782
-0.005491
-0.003757
0.000041
0.003663
0.005766
0.008002
0.011288
0.013709
0.013618
0.011426
0.007830
0.003395
-0.000367
-0.002342
-0.003585
-0.005494
-0.007311
-0.007421
-0.006028
-0.004779
-0.004529
-0.004809
-0.004857
-0.004163
-0.002509
-0.000293
0.001581
0.002865
0.004384
0.006562
0.008309
0.008226
0.006321
0.003749
0.001400
-0.000705
-0.002957
-0.005135
-0.006209
-0.005752
-0.004449
-0.002787
-0.000870
0.000650
0.001375
0.001957
0.002513
0.002178
0.001067
0.000275
-0.000045
-0.000463
-0.000847
-0.000967
-0.001229
-0.001477
-0.000897
0.000266
0.001032
0.001522
0.002391
0.003294
0.003609
0.003390
0.002596
0.000942
-0.001065
-0.002602
-0.003788
-0.004915
-0.005442
-0.004984
-0.003909
-0.002481
-0.000735
0.000936
0.002173
0.003172
0.004047
0.004411
0.004085
0.003325
0.002277
0.001053
0.000027
-0.000604
-0.001080
-0.001549
-0.001823
-0.001853
-0.001829
-0.001733
-0.001336
-0.000612
0.000258
0.001093
0.001693
0.001902
0.001809
0.001641
0.001328
0.000017
-0.003916
-0.011207
-0.019002
-0.021159
-0.014250
-0.002430
0.007746
0.015421
0.023120
0.029332
0.029952
0.024757
0.016323
0.005683
-0.005629
-0.013825
-0.017476
-0.019262
-0.020443
-0.018820
-0.014234
-0.010031
-0.007645
-0.005540
-0.003377
-0.001964
-0.000130
0.003678
0.008042
0.010938
0.013130
0.015499
0.016247
0.013814
0.009305
0.004074
-0.001745
-0.006980
-0.009507
-0.009457
-0.008870
-0.008266
-0.006611
-0.004105
-0.002176
-0.001230
-0.000740
-0.000612
-0.000646
0.000095
0.002022
0.004166
0.005588
0.006494
0.007119
0.006866
0.005233
0.002542
-0.000544
-0.003494
-0.005733
-0.006782
-0.006719
-0.005980
-0.004956
-0.003812
-0.002311
-0.000292
0.001632
0.002728
0.003207
0.003578
0.003686
0.003381
0.002961
0.002429
0.001606
0.000808
0.000309
-0.000250
-0.001088
-0.001813
-0.002120
-0.001968
-0.001181
0.000110
0.001219
0.001780
0.002002
0.001775
0.000719
-0.000956
-0.002668
-0.004072
-0.004837
-0.004612
-0.003548
-0.002116
-0.000481
0.001294
0.002848
0.003878
0.004403
0.004412
0.003846
0.002950
0.002041
0.001095
-0.000029
-0.001209
-0.002203
-0.002917
-0.003300
-0.003274
-0.002876
-0.002174
-0.001076
0.000389
0.001866
0.002983
0.003518
0.003312
0.002463
0.001384
0.000368
-0.000631
-0.001624
-0.002287
-0.002207
-0.001432
-0.000574
-0.000051
0.000479
0.001030
-0.000298
-0.005565
-0.013338
-0.019314
-0.019579
-0.012308
0.000472
0.013314
0.022564
0.029119
0.033560
0.032644
0.024493
0.012149
-0.000976
-0.013351
-0.022620
-0.026384
-0.025677
-0.023257
-0.019109
-0.012354
-0.005410
-0.001117
0.001173
0.003142
0.004727
0.005973
0.008151
0.011040
0.012690
0.012857
0.012691
0.011472
0.007360
0.000716
-0.006037
-0.011125
-0.013657
-0.012918
-0.009627
-0.005846
-0.002502
0.001136
0.005009
0.007386
0.007161
0.004985
0.002058
-0.000455
-0.001552
-0.001138
-0.000168
0.000460
0.000806
0.001243
0.001519
0.000982
-0.000619
-0.002726
-0.004379
-0.004885
-0.004189
-0.002828
-0.001402
-0.000241
0.000611
0.001435
0.002381
0.002988
0.002796
0.002133
0.001620
0.001189
0.000429
-0.000438
-0.000769
-0.000357
0.000419
0.001107
0.001451
0.001339
0.000938
0.000579
0.000299
-0.000110
-0.000586
-0.000815
-0.000830
-0.001025
-0.001592
-0.002374
-0.003132
-0.003619
-0.003545
-0.002731
-0.001280
0.000480
0.002208
0.003658
0.004620
0.004862
0.004240
0.002901
0.001242
-0.000363
-0.001677
-0.002556
-0.002934
-0.002834
-0.002327
-0.001557
-0.000726
0.000047
0.000732
0.001263
0.001587
0.001766
0.001884
0.001914
0.001765
0.001331
0.000549
-0.000450
-0.001416
-0.002206
-0.002715
-0.002733
-0.002164
-0.001245
-0.000296
0.000563
0.001302
0.001846
0.001744
-0.000290
-0.004999
-0.010484
-0.013804
-0.013808
-0.009964
-0.001394
0.010135
0.019970
0.025670
0.028262
0.027335
0.020653
0.009267
-0.002666
-0.012784
-0.020826
-0.025472
-0.025177
-0.021084
-0.015507
-0.009215
-0.002742
0.002354
0.005324
0.006998
0.007998
0.008199
0.008115
0.008556
0.009069
0.008736
0.007555
0.005481
0.001776
-0.003379
-0.008172
-0.011144
-0.012199
-0.011261
-0.008085
-0.003428
0.001274
0.005189
0.008002
0.009126
0.008163
0.005635
0.002532
-0.000312
-0.002292
-0.003096
-0.002837
-0.001891
-0.000589
0.000678
0.001385
0.001295
0.000548
-0.000721
-0.002399
-0.003995
-0.004731
-0.004179
-0.002502
-0.000296
0.001590
0.002565
0.002669
0.002107
0.000847
-0.000807
-0.001936
-0.001891
-0.000844
0.000815
0.002783
0.004428
0.005017
0.004471
0.003227
0.001621
-0.000026
-0.001265
-0.001944
-0.002290
-0.002457
-0.002445
-0.002367
-0.002378
-0.002529
-0.002770
-0.002850
-0.002390
-0.001326
0.000056
0.001527
0.002926
0.003907
0.004193
0.003861
0.003056
0.001795
0.000272
-0.001100
-0.002084
-0.002691
-0.002887
-0.002593
-0.001896
-0.000964
0.000094
0.001102
0.001787
0.002025
0.001907
0.001573
0.001139
0.000672
0.000110
-0.000561
-0.001096
-0.001237
-0.001011
-0.000592
-0.000155
0.000117
0.000143
0.000009
-0.000196
-0.000441
-0.000580
-0.000378
-0.000078
-0.000940
-0.004004
-0.007776
-0.009341
-0.008447
-0.007085
-0.004543
0.002034
0.011392
0.018380
0.021074
0.021658
0.020263
0.014344
0.004449
-0.005213
-0.012304
-0.017662
-0.021115
-0.020663
-0.016299
-0.010691
-0.005517
-0.000350
0.004591
0.007615
0.008080
0.007350
0.006636
0.005761
0.004519
0.003508
0.003019
0.002373
0.000868
-0.001342
-0.003583
-0.005380
-0.006549
-0.006798
-0.005707
-0.003260
-0.000069
0.003101
0.005707
0.007276
0.007456
0.006295
0.004069
0.001102
-0.001968
-0.004286
-0.005338
-0.005081
-0.003731
-0.001762
0.000161
0.001603
0.002501
0.002695
0.001806
-0.000072
-0.002030
-0.003087
-0.003060
-0.002433
-0.001596
-0.000597
0.000465
0.001276
0.001603
0.001496
0.001109
0.000549
0.000043
-0.000074
0.000311
0.000960
0.001550
0.002020
0.002400
0.002441
0.001910
0.001000
0.000058
-0.000799
-0.001552
-0.002096
-0.002335
-0.002266
-0.001971
-0.001603
-0.001285
-0.001003
-0.000680
-0.000289
0.000154
0.000635
0.001094
0.001388
0.001471
0.001446
0.001286
0.000807
0.000036
-0.000711
-0.001191
-0.001377
-0.001220
-0.000659
0.000124
0.000775
0.001114
0.001219
0.001233
0.001149
0.000823
0.000225
-0.000418
-0.000852
-0.001059
-0.001127
-0.001044
-0.000761
-0.000358
0.000001
0.000224
0.000285
0.000131
-0.000251
-0.000692
-0.000874
-0.000565
0.000186
0.000921
0.000744
-0.001003
-0.003594
-0.005372
-0.005769
-0.005541
-0.004447
-0.000856
0.005154
0.010791
0.013957
0.015259
0.015315
0.012688
0.006476
-0.001265
-0.007705
-0.012157
-0.015214
-0.016314
-0.014411
-0.010242
-0.005526
-0.000824
0.003829
0.007225
0.008031
0.006927
0.005584
0.004283
0.002473
0.000577
-0.000438
-0.000512
-0.000442
-0.000719
-0.001225
-0.001797
-0.002371
-0.002808
-0.002897
-0.002407
-0.001286
0.000206
0.001729
0.003102
0.004166
0.004574
0.004050
0.002790
0.001236
-0.000412
-0.002095
-0.003402
-0.003785
-0.003243
-0.002210
-0.000964
0.000430
0.001677
0.002265
0.002115
0.001560
0.000619
-0.000864
-0.002526
-0.003614
-0.003699
-0.002949
-0.001794
-0.000527
0.000774
0.001996
0.002773
0.002854
0.002537
0.002218
0.001827
0.001246
0.000792
0.000729
0.000812
0.000693
0.000353
-0.000130
-0.000787
-0.001493
-0.001970
-0.002185
-0.002270
-0.002181
-0.001789
-0.001107
-0.000282
0.000495
0.001049
0.001267
0.001156
0.000849
0.000563
0.000423
0.000313
0.000063
-0.000219
-0.000278
-0.000107
0.000094
0.000259
0.000438
0.000584
0.000614
0.000569
0.000498
0.000362
0.000124
-0.000201
-0.000584
-0.000934
-0.001115
-0.001083
-0.000860
-0.000437
0.000128
0.000616
0.000829
0.000789
0.000631
0.000391
0.000027
-0.000411
-0.000742
-0.000804
-0.000649
-0.000583
-0.000974
-0.001918
-0.003088
-0.004017
-0.004437
-0.004045
-0.002231
0.001169
0.005132
0.008280
0.010278
0.011478
0.011395
0.008939
0.004279
-0.000879
-0.005130
-0.008455
-0.010993
-0.011925
-0.010593
-0.007623
-0.004054
-0.000380
0.002959
0.005141
0.005781
0.005399
0.004461
0.002838
0.000652
-0.001225
-0.002045
-0.001963
-0.001554
-0.001028
-0.000344
0.000350
0.000735
0.000610
0.000099
-0.000393
-0.000599
-0.000633
-0.000604
-0.000293
0.000469
0.001364
0.001989
0.002362
0.002518
0.002140
0.001149
0.000061
-0.000719
-0.001378
-0.002006
-0.002178
-0.001699
-0.001013
-0.000489
-0.000033
0.000338
0.000319
-0.000090
-0.000582
-0.001077
-0.001644
-0.002108
-0.002186
-0.001787
-0.001005
-0.000026
0.000971
0.001907
0.002718
0.003236
0.003311
0.002975
0.002407
0.001751
0.001032
0.000271
-0.000411
-0.000949
-0.001399
-0.001730
-0.001848
-0.001849
-0.001872
-0.001779
-0.001402
-0.000907
-0.000517
-0.000157
0.000309
0.000758
0.000999
0.001049
0.000981
0.000748
0.000354
-0.000060
-0.000379
-0.000555
-0.000546
-0.000382
-0.000166
0.000116
0.000522
0.000908
0.001103
0.001134
0.001044
0.000759
0.000274
-0.000272
-0.000736
-0.001061
-0.001188
-0.001038
-0.000642
-0.000157
0.000268
0.000595
0.000791
0.000735
0.000401
-0.000068
-0.000560
-0.001031
-0.001333
-0.001302
-0.001027
-0.000839
-0.000987
-0.001403
-0.001764
-0.001728
-0.001156
-0.000275
0.000539
0.001349
0.002649
0.004505
0.006092
0.006407
0.005292
0.003474
0.001726
0.000194
-0.001605
-0.003890
-0.005801
-0.006226
-0.005244
-0.003863
-0.002518
-0.000875
0.000976
0.002374
0.002965
0.002819
0.002029
0.000881
-0.000069
-0.000693
-0.001362
-0.001963
-0.001889
-0.001145
-0.000422
-0.000049
0.000269
0.000677
0.000969
0.001048
0.000914
0.000519
0.000090
0.000050
0.000334
0.000457
0.000375
0.000521
0.000949
0.001250
0.001246
0.001103
0.000815
0.000255
-0.000365
-0.000730
-0.000896
-0.001072
-0.001262
-0.001321
-0.001167
-0.000859
-0.000594
-0.000577
-0.000763
-0.000924
-0.001005
-0.001114
-0.001224
-0.001179
-0.000873
-0.000297
0.000450
0.001231
0.002018
0.002770
0.003257
0.003289
0.002908
0.002241
0.001370
0.000372
-0.000662
-0.001592
-0.002212
-0.002399
-0.002260
-0.001952
-0.001489
-0.000876
-0.000263
0.000207
0.000525
0.000652
0.000531
0.000292
0.000079
-0.000144
-0.000366
-0.000442
-0.000338
-0.000172
-0.000015
0.000158
0.000383
0.000638
0.000840
0.000881
0.000724
0.000469
0.000243
0.000033
-0.000245
-0.000516
-0.000570
-0.000371
-0.000082
0.000208
0.000476
0.000659
0.000737
0.000732
0.000597
0.000281
-0.000126
-0.000506
-0.000880
-0.001265
-0.001571
-0.001720
-0.001712
-0.001669
-0.001788
-0.001902
-0.001469
-0.000465
0.000348
0.000614
0.001081
0.002386
0.003855
0.004297
0.003526
0.002401
0.001667
0.001312
0.000788
-0.000300
-0.001512
-0.002037
-0.001799
-0.001436
-0.001293
-0.001057
-0.000481
0.000176
0.000603
0.000654
0.000257
-0.000367
-0.000819
-0.001104
-0.001564
-0.002059
-0.001996
-0.001380
-0.000835
-0.000511
-0.000041
0.000564
0.000942
0.001124
0.001338
0.001385
0.001103
0.000860
0.000867
0.000847
0.000753
0.000849
0.001043
0.000993
0.000717
0.000489
0.000316
0.000057
-0.000187
-0.000352
-0.000623
-0.000999
-0.001218
-0.001250
-0.001265
-0.001221
-0.001048
-0.000905
-0.000848
-0.000747
-0.000662
-0.000702
-0.000692
-0.000492
-0.000293
-0.000155
0.000223
0.000899
0.001449
0.001646
0.001726
0.001840
0.001844
0.001676
0.001387
0.000959
0.000450
-0.000005
-0.000438
-0.000909
-0.001233
-0.001234
-0.001033
-0.000828
-0.000656
-0.000502
-0.000396
-0.000343
-0.000316
-0.000314
-0.000319
-0.000269
-0.000160
-0.000015
0.000128
0.000161
0.000056
-0.000068
-0.000138
-0.000141
-0.000009
0.000255
0.000502
0.000649
0.000753
0.000787
0.000663
0.000445
0.000258
0.000126
0.000034
-0.000045
-0.000189
-0.000366
-0.000402
-0.000236
-0.000007
0.000150
0.000216
0.000187
0.000082
-0.000014
-0.000114
-0.000368
-0.000850
-0.001520
-0.002244
-0.002622
-0.002218
-0.001279
-0.000647
-0.000495
0.000063
0.001525
0.003031
0.003480
0.002944
0.002355
0.002183
0.002044
0.001445
0.000439
-0.000431
-0.000786
-0.000825
-0.000927
-0.001129
-0.001119
-0.000698
-0.000127
0.000182
0.000125
-0.000107
-0.000326
-0.000527
-0.000823
-0.001265
-0.001683
-0.001785
-0.001532
-0.001195
-0.000924
-0.000530
0.000138
0.000871
0.001376
0.001605
0.001580
0.001298
0.000947
0.000701
0.000455
0.000172
0.000070
0.000210
0.000360
0.000374
0.000323
0.000325
0.000434
0.000575
0.000537
0.000231
-0.000117
-0.000326
-0.000510
-0.000716
-0.000808
-0.000858
-0.001046
-0.001215
-0.001166
-0.001096
-0.001161
-0.001166
-0.001031
-0.000881
-0.000611
-0.000076
0.000504
0.000879
0.001143
0.001455
0.001810
0.002139
0.002285
0.002036
0.001461
0.000888
0.000395
-0.000160
-0.000702
-0.001050
-0.001221
-0.001259
-0.001144
-0.000982
-0.000887
-0.000762
-0.000531
-0.000355
-0.000320
-0.000287
-0.000232
-0.000259
-0.000270
-0.000116
0.000110
0.000288
0.000445
0.000575
0.000626
0.000607
0.000547
0.000471
0.000431
0.000408
0.000298
0.000119
0.000022
0.000057
0.000155
0.000273
0.000318
0.000131
-0.000200
-0.000363
-0.000356
-0.000470
-0.000692
-0.000718
-0.000488
-0.000221
-0.000058
0.000054
0.000212
0.000385
0.000390
0.000031
-0.000709
-0.001495
-0.001813
-0.001538
-0.001139
-0.001014
-0.000884
-0.000207
0.001008
0.002182
0.002775
0.002703
0.002317
0.002008
0.001762
0.001278
0.000473
-0.000353
-0.000830
-0.000859
-0.000693
-0.000637
-0.000668
-0.000578
-0.000433
-0.000451
-0.000561
-0.000536
-0.000398
-0.000319
-0.000388
-0.000631
-0.000946
-0.001050
-0.000876
-0.000717
-0.000659
-0.000456
-0.000056
0.000361
0.000718
0.001002
0.001144
0.001160
0.001129
0.001002
0.000737
0.000520
0.000478
0.000396
0.000108
-0.000158
-0.000132
0.000095
0.000218
0.000093
-0.000130
-0.000269
-0.000347
-0.000495
-0.000705
-0.000833
-0.000845
-0.000868
-0.000980
-0.001045
-0.000881
-0.000546
-0.000309
-0.000249
-0.000147
0.000122
0.000423
0.000623
0.000709
0.000722
0.000756
0.000893
0.001103
0.001245
0.001194
0.000947
0.000607
0.000280
-0.000010
-0.000282
-0.000542
-0.000765
-0.000908
-0.000926
-0.000806
-0.000584
-0.000367
-0.000251
-0.000202
-0.000150
-0.000118
-0.000145
-0.000194
-0.000207
-0.000180
-0.000115
-0.000002
0.000161
0.000362
0.000552
0.000614
0.000480
0.000276
0.000174
0.000177
0.000179
0.000129
0.000062
0.000034
0.000065
0.000166
0.000312
0.000345
0.000120
-0.000183
-0.000238
-0.000134
-0.000261
-0.000607
-0.000723
-0.000461
-0.000164
-0.000066
-0.000051
-0.000012
0.000028
0.000076
0.000128
0.000076
-0.000199
-0.000656
-0.001057
-0.001118
-0.000812
-0.000428
-0.000212
-0.000036
0.000356
0.000937
0.001473
0.001774
0.001712
0.001364
0.001025
0.000795
0.000476
0.000041
-0.000228
-0.000224
-0.000163
-0.000190
-0.000278
-0.000392
-0.000447
-0.000362
-0.000275
-0.000380
-0.000578
-0.000627
-0.000536
-0.000495
-0.000561
-0.000659
-0.000698
-0.000599
-0.000379
-0.000164
-0.000007
0.000177
0.000439
0.000667
0.000705
0.000570
0.000438
0.000393
0.000383
0.000363
0.000285
0.000124
0.000026
0.000126
0.000275
0.000291
0.000337
0.000559
0.000664
0.000410
0.000082
-0.000074
-0.000251
-0.000579
-0.000899
-0.001125
-0.001253
-0.001217
-0.001081
-0.000997
-0.000874
-0.000544
-0.000175
-0.000008
0.000077
0.000264
0.000493
0.000686
0.000802
0.000764
0.000699
0.000839
0.001052
0.000995
0.000721
0.000565
0.000542
0.000422
0.000188
-0.000014
-0.000160
-0.000278
-0.000365
-0.000451
-0.000582
-0.000755
-0.000903
-0.000917
-0.000774
-0.000585
-0.000420
-0.000210
0.000036
0.000143
0.000106
0.000153
0.000327
0.000419
0.000369
0.000318
0.000298
0.000249
0.000204
0.000196
0.000185
0.000208
0.000326
0.000434
0.000382
0.000226
0.000095
-0.000037
-0.000179
-0.000214
-0.000158
-0.000207
-0.000370
-0.000439
-0.000342
-0.000220
-0.000188
-0.000243
-0.000276
-0.000172
0.000007
0.000059
-0.000091
-0.000301
-0.000388
-0.000315
-0.000226
-0.000292
-0.000492
-0.000562
-0.000305
0.000098
0.000284
0.000240
0.000325
0.000677
0.000957
0.000909
0.000739
0.000710
0.000752
0.000706
0.000555
0.000326
0.000116
0.000057
0.000033
-0.000178
-0.000457
-0.000533
-0.000482
-0.000509
-0.000533
-0.000468
-0.000414
-0.000356
-0.000203
-0.000087
-0.000120
-0.000167
-0.000136
-0.000138
-0.000176
-0.000109
0.000038
0.000117
0.000115
0.000111
0.000127
0.000145
0.000146
0.000089
-0.000014
-0.000009
0.000190
0.000364
0.000304
0.000200
0.000286
0.000423
0.000415
0.000321
0.000243
0.000160
0.000041
-0.000125
-0.000389
-0.000695
-0.000841
-0.000758
-0.000625
-0.000563
-0.000488
-0.000355
-0.000218
-0.000091
0.000012
0.000047
0.000058
0.000105
0.000199
0.000351
0.000504
0.000533
0.000422
0.000302
0.000262
0.000265
0.000257
0.000238
0.000209
0.000183
0.000201
0.000237
0.000211
0.000117
0.000011
-0.000108
-0.000244
-0.000329
-0.000378
-0.000473
-0.000534
-0.000427
-0.000218
-0.000105
-0.000123
-0.000117
-0.000034
0.000033
0.000074
0.000132
0.000169
0.000143
0.000065
-0.000040
-0.000121
-0.000101
0.000000
0.000079
0.000075
0.000052
0.000166
0.000452
0.000681
0.000622
0.000332
0.000060
-0.000015
0.000010
-0.000095
-0.000272
-0.000265
-0.000175
-0.000323
-0.000583
-0.000563
-0.000328
-0.000253
-0.000378
-0.000481
-0.000515
-0.000496
-0.000332
-0.000041
0.000197
0.000303
0.000360
0.000454
0.000588
0.000671
0.000615
0.000457
0.000288
0.000135
0.000023
0.000024
0.000134
0.000272
0.000367
0.000312
0.000076
-0.000137
-0.000166
-0.000160
-0.000278
-0.000413
-0.000449
-0.000410
-0.000269
-0.000029
0.000067
-0.000079
-0.000123
0.000087
0.000190
0.000039
-0.000011
0.000173
0.000319
0.000326
0.000262
0.000044
-0.000268
-0.000335
-0.000128
-0.000029
-0.000132
-0.000191
-0.000173
-0.000167
-0.000078
0.000096
0.000218
0.000351
0.000516
0.000470
0.000200
0.000000
-0.000097
-0.000251
-0.000399
-0.000457
-0.000479
-0.000407
-0.000168
0.000035
0.000047
0.000045
0.000148
0.000224
0.000267
0.000367
0.000374
0.000171
-0.000073
-0.000217
-0.000278
-0.000245
-0.000165
-0.000172
-0.000227
-0.000186
-0.000119
-0.000132
-0.000088
0.000083
0.000179
0.000144
0.000195
0.000337
0.000313
0.000106
-0.000007
0.000051
0.000078
0.000005
-0.000027
0.000006
-0.000013
-0.000072
-0.000071
-0.000018
0.000008
0.000020
0.000070
0.000114
0.000073
-0.000003
-0.000021
-0.000028
-0.000103
-0.000197
-0.000238
-0.000240
-0.000207
-0.000100
0.000057
0.000169
0.000219
0.000245
0.000215
0.000109
-0.000023
-0.000148
-0.000229
-0.000196
-0.000084
0.000011
0.000101
0.000217
0.000275
0.000211
0.000122
0.000104
0.000083
-0.000028
-0.000151
-0.000152
-0.000086
-0.000149
-0.000360
-0.000485
-0.000366
-0.000094
0.000109
0.000118
0.000027
-0.000020
-0.000029
-0.000041
-0.000007
0.000125
0.000300
0.000398
0.000403
0.000410
0.000409
0.000274
0.000032
-0.000141
-0.000190
-0.000193
-0.000170
-0.000111
-0.000061
-0.000062
-0.000092
-0.000080
0.000005
0.000074
0.000030
-0.000085
-0.000152
-0.000128
-0.000057
0.000015
0.000077
0.000141
0.000180
0.000122
-0.000041
-0.000197
-0.000255
-0.000245
-0.000246
-0.000255
-0.000197
-0.000058
0.000115
0.000277
0.000350
0.000284
0.000151
0.000039
-0.000055
-0.000135
-0.000172
-0.000156
-0.000088
0.000041
0.000192
0.000296
0.000325
0.000277
0.000152
0.000002
-0.000052
-0.000007
-0.000011
-0.000100
-0.000166
-0.000151
-0.000084
-0.000037
-0.000050
-0.000095
-0.000128
-0.000160
-0.000222
-0.000268
-0.000222
-0.000122
-0.000051
0.000019
0.000121
0.000177
0.000159
0.000137
0.000113
0.000055
-0.000040
-0.000162
-0.000235
-0.000197
-0.000105
-0.000019
0.000088
0.000230
0.000348
0.000392
0.000407
0.000411
0.000325
0.000128
-0.000086
-0.000281
-0.000456
-0.000540
-0.000492
-0.000361
-0.000201
-0.000042
0.000097
0.000219
0.000298
0.000303
0.000248
0.000146
0.000007
-0.000086
-0.000059
0.000008
0.000004
-0.000041
-0.000052
-0.000015
0.000066
0.000181
0.000259
0.000209
0.000036
-0.000130
-0.000156
-0.000065
-0.000008
-0.000031
-0.000025
0.000024
0.000001
-0.000099
-0.000131
-0.000043
0.000028
-0.000060
-0.000242
-0.000303
-0.000175
-0.000004
0.000080
0.000091
0.000103
0.000143
0.000167
0.000133
0.000050
-0.000037
-0.000075
-0.000057
-0.000048
-0.000067
0.000023
0.000288
0.000519
0.000524
0.000368
0.000174
-0.000014
-0.000140
-0.000186
-0.000239
-0.000361
-0.000489
-0.000554
-0.000559
-0.000524
-0.000456
-0.000365
-0.000223
-0.000015
0.000164
0.000233
0.000253
0.000319
0.000436
0.000530
0.000531
0.000464
0.000380
0.000243
0.000044
-0.000107
-0.000126
-0.000105
-0.000150
-0.000181
-0.000086
0.000088
0.000251
0.000328
0.000246
0.000082
0.000017
0.000005
-0.000137
-0.000371
-0.000503
-0.000464
-0.000330
-0.000176
-0.000066
-0.000069
-0.000113
-0.000064
0.000013
-0.000020
-0.000085
-0.000020
0.000159
0.000300
0.000291
0.000157
0.000065
0.000127
0.000217
0.000159
-0.000002
-0.000103
-0.000097
-0.000059
-0.000050
-0.000053
-0.000026
0.000007
-0.000004
-0.000043
-0.000049
-0.000002
0.000054
0.000046
-0.000045
-0.000144
-0.000197
-0.000232
-0.000212
-0.000093
0.000044
0.000133
0.000209
0.000264
0.000270
0.000265
0.000237
0.000108
-0.000070
-0.000146
-0.000133
-0.000138
-0.000142
-0.000090
-0.000044
-0.000053
-0.000010
0.000120
0.000193
0.000168
0.000133
0.000104
0.000064
0.000036
-0.000006
-0.000104
-0.000190
-0.000192
-0.000170
-0.000187
-0.000180
-0.000089
-0.000010
-0.000042
-0.000092
-0.000030
0.000093
0.000169
0.000209
0.000252
0.000252
0.000160
0.000028
-0.000061
-0.000099
-0.000150
-0.000221
-0.000198
-0.000059
0.000036
0.000010
-0.000017
0.000052
0.000169
0.000220
0.000154
0.000011
-0.000116
-0.000156
-0.000141
-0.000169
-0.000221
-0.000183
-0.000094
-0.000078
-0.000087
0.000008
0.000173
0.000232
0.000137
0.000059
0.000124
0.000230
0.000207
0.000038
-0.000160
-0.000273
-0.000233
-0.000067
0.000057
0.000005
-0.000108
-0.000104
-0.000007
0.000078
0.000147
0.000240
0.000352
0.000439
0.000427
0.000299
0.000158
0.000097
0.000041
-0.000072
-0.000165
-0.000253
-0.000388
-0.000404
-0.000192
0.000025
0.000043
-0.000051
-0.000131
-0.000179
-0.000163
-0.000089
-0.000068
-0.000121
-0.000146
-0.000132
-0.000127
-0.000043
0.000165
0.000277
0.000131
-0.000081
-0.000126
-0.000026
0.000075
0.000078
-0.000024
-0.000130
-0.000120
-0.000017
0.000051
0.000053
0.000076
0.000130
0.000164
0.000157
0.000097
0.000003
-0.000054
-0.000014
0.000074
0.000102
0.000055
0.000042
0.000131
0.000226
0.000205
0.000090
-0.000015
-0.000061
-0.000079
-0.000144
-0.000232
-0.000246
-0.000186
-0.000127
-0.000082
-0.000056
-0.000077
-0.000113
-0.000086
-0.000002
0.000063
0.000076
0.000079
0.000125
0.000210
0.000272
0.000269
0.000193
0.000061
-0.000058
-0.000109
-0.000116
-0.000134
-0.000190
-0.000246
-0.000240
-0.000176
-0.000101
-0.000018
0.000062
0.000074
0.000023
-0.000031
-0.000082
-0.000118
-0.000058
0.000081
0.000153
0.000143
0.000195
0.000319
0.000352
0.000244
0.000133
0.000099
0.000032
-0.000167
-0.000345
-0.000295
-0.000100
-0.000030
-0.000146
-0.000233
-0.000144
0.000032
0.000145
0.000123
0.000022
-0.000004
0.000070
0.000085
-0.000000
-0.000051
-0.000031
-0.000014
-0.000014
0.000004
0.000034
0.000048
0.000045
0.000042
0.000032
0.000019
0.000021
0.000045
0.000057
0.000008
-0.000094
-0.000152
-0.000092
0.000021
0.000049
-0.000001
-0.000012
0.000031
0.000041
-0.000021
-0.000074
0.000007
0.000186
0.000265
0.000210
0.000185
0.000235
0.000228
0.000080
-0.000102
-0.000194
-0.000234
-0.000305
-0.000359
-0.000337
-0.000315
-0.000383
-0.000479
-0.000478
-0.000361
-0.000195
-0.000042
0.000094
0.000243
0.000405
0.000530
0.000571
0.000544
0.000476
0.000311
0.000084
-0.000014
0.000065
0.000136
0.000078
-0.000028
-0.000072
-0.000059
-0.000044
-0.000015
0.000056
0.000071
-0.000056
-0.000216
-0.000285
-0.000312
-0.000342
-0.000307
-0.000195
-0.000091
-0.000047
-0.000035
0.000007
0.000093
0.000183
0.000249
0.000275
0.000229
0.000127
0.000048
0.000020
-0.000001
-0.000016
-0.000001
-0.000009
-0.000065
-0.000085
-0.000034
0.000011
-0.000014
-0.000080
-0.000099
-0.000040
0.000012
0.000001
-0.000005
0.000048
0.000110
0.000134
0.000123
0.000064
-0.000049
-0.000132
-0.000091
0.000016
0.000039
-0.000027
-0.000048
0.000004
0.000026
-0.000025
-0.000059
-0.000006
0.000052
0.000036
-0.000006
-0.000032
-0.000046
-0.000027
-0.000013
-0.000084
-0.000179
-0.000152
-0.000001
0.000120
0.000113
0.000046
0.000038
0.000109
0.000153
0.000072
-0.000047
-0.000053
0.000008
0.000016
0.000010
0.000030
-0.000027
-0.000191
-0.000271
-0.000103
0.000174
0.000283
0.000212
0.000137
0.000092
-0.000020
-0.000173
-0.000226
-0.000157
-0.000098
-0.000118
-0.000113
0.000006
0.000153
0.000207
0.000179
0.000139
0.000099
0.000055
0.000013
-0.000022
-0.000068
-0.000139
-0.000195
-0.000179
-0.000119
-0.000099
-0.000114
-0.000072
0.000025
0.000079
0.000087
0.000106
0.000117
0.000086
0.000082
0.000140
0.000137
0.000001
-0.000117
-0.000092
-0.000026
-0.000048
-0.000123
-0.000158
-0.000161
-0.000188
-0.000209
-0.000154
-0.000020
0.000170
0.000382
0.000515
0.000496
0.000397
0.000340
0.000316
0.000218
0.000018
-0.000180
-0.000242
-0.000173
-0.000157
-0.000276
-0.000372
-0.000330
-0.000234
-0.000171
-0.000115
-0.000044
0.000004
-0.000000
-0.000037
-0.000053
-0.000023
0.000032
0.000067
0.000053
0.000009
-0.000006
0.000029
0.000080
0.000103
0.000069
0.000005
-0.000020
-0.000020
-0.000066
-0.000108
-0.000051
0.000036
0.000014
-0.000100
-0.000162
-0.000091
0.000031
0.000091
0.000104
0.000140
0.000181
0.000190
0.000187
0.000188
0.000181
0.000145
0.000073
-0.000005
-0.000020
0.000036
0.000047
-0.000060
-0.000189
-0.000246
-0.000283
-0.000334
-0.000298
-0.000123
0.000041
0.000061
0.000028
0.000073
0.000150
0.000157
0.000099
0.000031
-0.000025
-0.000052
-0.000028
0.000037
0.000112
0.000140
0.000071
-0.000060
-0.000164
-0.000207
-0.000206
-0.000150
-0.000044
0.000049
0.000082
0.000081
0.000137
0.000271
0.000345
0.000223
0.000007
-0.000086
-0.000060
-0.000082
-0.000163
-0.000158
-0.000065
-0.000025
-0.000068
-0.000101
-0.000101
-0.000111
-0.000133
-0.000138
-0.000090
0.000001
0.000067
0.000101
0.000154
0.000207
0.000190
0.000115
0.000082
0.000115
0.000135
0.000102
0.000046
0.000001
-0.000015
0.000002
0.000025
0.000007
-0.000082
-0.000195
-0.000231
-0.000150
-0.000045
-0.000004
-0.000000
0.000012
0.000015
0.000013
0.000046
0.000070
-0.000002
-0.000115
-0.000136
-0.000104
-0.000128
-0.000147
-0.000059
0.000088
0.000161
0.000098
0.000032
0.000150
0.000394
0.000520
0.000436
0.000276
0.000156
0.000030
-0.000147
-0.000315
-0.000429
-0.000479
-0.000450
-0.000383
-0.000345
-0.000335
-0.000309
-0.000235
-0.000105
0.000052
0.000174
0.000243
0.000294
0.000320
0.000307
0.000286
0.000230
0.000108
0.000029
0.000043
0.000040
0.000008
0.000028
0.000057
0.000043
0.000045
0.000074
0.000058
0.000031
0.000078
0.000124
0.000047
-0.000126
-0.000271
-0.000303
-0.000234
-0.000150
-0.000121
-0.000095
0.000006
0.000124
0.000145
0.000118
0.000147
0.000157
0.000040
-0.000096
-0.000114
-0.000059
-0.000026
-0.000048
-0.000109
-0.000140
-0.000093
-0.000029
-0.000008
-0.000004
0.000003
0.000010
0.000059
0.000162
0.000232
0.000208
0.000119
0.000024
0.000005
0.000057
0.000028
-0.000109
-0.000160
-0.000049
0.000040
-0.000003
-0.000028
0.000054
0.000095
-0.000006
-0.000122
-0.000118
-0.000074
-0.000123
-0.000198
-0.000157
-0.000036
0.000046
0.000081
0.000131
0.000190
0.000176
0.000086
0.000012
0.000003
0.000040
0.000102
0.000149
0.000138
0.000056
-0.000070
-0.000162
-0.000149
-0.000084
-0.000090
-0.000164
-0.000182
-0.000116
-0.000078
-0.000096
-0.000060
0.000064
0.000152
0.000106
-0.000011
-0.000050
0.000047
0.000139
0.000103
0.000054
0.000102
0.000157
0.000122
0.000020
-0.000090
-0.000154
-0.000139
-0.000062
0.000059
0.000155
0.000126
-0.000016
-0.000142
-0.000173
-0.000133
-0.000106
-0.000136
-0.000136
-0.000020
0.000106
0.000125
0.000100
0.000106
0.000102
0.000043
-0.000033
-0.000058
-0.000013
0.000079
0.000181
0.000197
0.000037
-0.000206
-0.000336
-0.000305
-0.000214
-0.000153
-0.000119
-0.000074
-0.000017
0.000031
0.000103
0.000252
0.000434
0.000529
0.000491
0.000407
0.000335
0.000229
0.000064
-0.000091
-0.000174
-0.000197
-0.000204
-0.000208
-0.000200
-0.000219
-0.000322
-0.000439
-0.000411
-0.000228
-0.000033
0.000044
0.000001
-0.000035
0.000043
0.000159
0.000178
0.000121
0.000099
0.000129
0.000153
0.000119
0.000012
-0.000082
-0.000057
0.000006
-0.000040
-0.000165
-0.000238
-0.000223
-0.000156
-0.000082
-0.000031
0.000011
0.000066
0.000144
0.000244
0.000296
0.000228
0.000098
0.000033
0.000059
0.000088
0.000053
-0.000031
-0.000104
-0.000114
-0.000068
-0.000027
-0.000004
0.000025
0.000042
0.000041
0.000053
0.000061
0.000018
-0.000045
-0.000051
-0.000020
-0.000021
-0.000028
0.000001
0.000026
0.000019
-0.000006
-0.000062
-0.000151
-0.000208
-0.000188
-0.000122
-0.000063
-0.000034
-0.000015
0.000006
0.000004
-0.000007
-0.000000
0.000020
0.000064
0.000137
0.000199
0.000200
0.000138
0.000098
0.000128
0.000157
0.000117
0.000032
-0.000050
-0.000082
-0.000066
-0.000053
-0.000073
-0.000104
-0.000123
-0.000137
-0.000155
-0.000165
-0.000134
-0.000054
-0.000022
-0.000113
-0.000193
-0.000106
0.000103
0.000286
0.000319
0.000190
0.000048
0.000033
0.000105
0.000165
0.000198
0.000213
0.000180
0.000095
-0.000001
-0.000088
-0.000138
-0.000148
-0.000191
-0.000289
-0.000341
-0.000254
-0.000088
0.000016
0.000031
0.000045
0.000069
0.000041
-0.000010
-0.000006
0.000054
0.000093
0.000079
0.000048
0.000003
-0.000042
-0.000001
0.000102
0.000095
-0.000015
0.000008
0.000190
0.000284
0.000217
0.000147
0.000133
0.000071
-0.000071
-0.000187
-0.000207
-0.000220
-0.000299
-0.000363
-0.000330
-0.000264
-0.000227
-0.000170
-0.000057
0.000036
0.000065
0.000079
0.000095
0.000093
0.000109
0.000178
0.000249
0.000254
0.000209
0.000160
0.000098
0.000018
-0.000043
-0.000049
-0.000012
0.000025
0.000045
0.000071
0.000081
0.000051
0.000020
-0.000003
-0.000056
-0.000116
-0.000117
-0.000057
-0.000013
-0.000017
-0.000041
-0.000075
-0.000114
-0.000134
-0.000125
-0.000107
-0.000062
0.000047
0.000171
0.000195
0.000111
0.000059
0.000117
0.000167
0.000093
-0.000050
-0.000147
-0.000160
-0.000166
-0.000231
-0.000252
-0.000108
0.000081
0.000177
0.000225
0.000266
0.000263
0.000215
0.000127
0.000015
-0.000061
-0.000114
-0.000205
-0.000256
-0.000129
0.000087
0.000166
0.000086
0.000007
-0.000027
-0.000105
-0.000215
-0.000221
-0.000094
0.000017
-0.000014
-0.000100
-0.000082
0.000028
0.000098
0.000094
0.000084
0.000120
0.000177
0.000203
0.000162
0.000061
-0.000032
-0.000051
-0.000028
-0.000037
-0.000051
-0.000015
0.000028
0.000017
-0.000025
-0.000061
-0.000098
-0.000111
-0.000072
-0.000051
-0.000127
-0.000222
-0.000181
0.000000
0.000167
0.000219
0.000208
0.000202
0.000166
0.000081
0.000016
-0.000007
-0.000037
-0.000043
0.000034
0.000093
-0.000003
-0.000163
-0.000186
-0.000071
-0.000001
