4800
-0.000055
-0.000124
-0.000060
0.000047
0.000086
0.000034
-0.000030
-0.000030
-0.000013
-0.000040
-0.000060
-0.000005
0.000114
0.000214
0.000188
0.000052
-0.000076
-0.000145
-0.000177
-0.000192
-0.000204
-0.000202
-0.000144
-0.000033
0.000036
0.000013
-0.000022
0.000013
0.000083
0.000085
-0.000007
-0.000096
-0.000092
-0.000031
0.000038
0.000139
0.000250
0.000268
0.000183
0.000110
0.000094
0.000067
-0.000011
-0.000088
-0.000110
-0.000061
0.000026
0.000045
-0.000053
-0.000135
-0.000062
0.000075
0.000112
0.000042
-0.000006
0.000071
-0.000061
-0.000428
-0.000279
0.000108
-0.000004
-0.000181
-0.000088
0.000010
0.000010
0.000020
0.000060
0.000084
0.000132
0.000192
0.000193
0.000142
0.000079
0.000010
-0.000063
-0.000104
-0.000082
-0.000044
-0.000037
-0.000029
-0.000001
0.000045
0.000097
0.000101
0.000026
-0.000072
-0.000120
-0.000100
-0.000059
-0.000035
-0.000045
-0.000086
-0.000078
-0.000030
-0.000025
-0.000019
-0.000009
-0.000043
-0.000073
-0.000079
-0.000078
-0.000019
0.000084
0.000127
0.000099
0.000094
0.000142
0.000172
0.000146
0.000138
0.000168
0.000158
0.000085
0.000025
0.000019
0.000002
-0.000111
-0.000260
-0.000301
-0.000218
-0.000102
-0.000049
-0.000123
-0.000278
-0.000379
-0.000341
-0.000169
0.000022
0.000093
0.000084
0.000157
0.000303
0.000391
0.000424
0.000469
0.000472
0.000393
0.000282
0.000150
-0.000031
-0.000222
-0.000301
-0.000204
-0.000050
0.000004
-0.000052
-0.000134
-0.000195
-0.000226
-0.000206
-0.000142
-0.000068
0.000003
0.000059
0.000030
-0.000121
-0.000283
-0.000327
-0.000244
-0.000080
0.000113
0.000259
0.000289
0.000212
0.000114
0.000073
0.000070
0.000047
0.000014
-0.000008
-0.000077
-0.000186
-0.000224
-0.000160
-0.000076
-0.000004
0.000057
0.000073
0.000045
0.000012
0.000000
0.000024
0.000062
0.000079
0.000068
0.000070
0.000138
0.000221
0.000199
0.000079
0.000000
0.000029
0.000085
0.000057
-0.000049
-0.000143
-0.000195
-0.000245
-0.000265
-0.000159
0.000024
0.000098
0.000012
-0.000086
-0.000068
0.000039
0.000137
0.000179
0.000172
0.000150
0.000121
0.000046
-0.000073
-0.000157
-0.000154
-0.000104
-0.000074
-0.000074
-0.000065
-0.000009
0.000075
0.000091
-0.000024
-0.000151
-0.000128
-0.000021
-0.000012
-0.000075
-0.000048
0.000064
0.000105
0.000048
0.000005
0.000008
0.000006
0.000006
0.000033
0.000046
0.000003
-0.000051
-0.000035
0.000066
0.000174
0.000192
0.000118
0.000058
0.000065
0.000046
-0.000040
-0.000063
0.000024
0.000071
0.000011
-0.000047
-0.000067
-0.000106
-0.000145
-0.000159
-0.000183
-0.000168
-0.000031
0.000137
0.000181
0.000119
0.000085
0.000116
0.000109
0.000017
-0.000056
-0.000051
-0.000040
-0.000081
-0.000143
-0.000169
-0.000148
-0.000102
-0.000060
-0.000027
0.000012
0.000043
0.000067
0.000115
0.000168
0.000199
0.000242
0.000320
0.000377
0.000330
0.000195
0.000066
-0.000026
-0.000135
-0.000281
-0.000400
-0.000422
-0.000372
-0.000348
-0.000368
-0.000338
-0.000243
-0.000181
-0.000173
-0.000144
-0.000070
0.000041
0.000185
0.000310
0.000363
0.000376
0.000368
0.000306
0.000210
0.000134
0.000082
0.000035
0.000026
0.000093
0.000160
0.000129
0.000027
-0.000036
-0.000031
-0.000013
-0.000022
-0.000040
-0.000057
-0.000085
-0.000115
-0.000136
-0.000156
-0.000156
-0.000115
-0.000070
-0.000067
-0.000094
-0.000133
-0.000161
-0.000133
-0.000045
0.000045
0.000101
0.000124
0.000135
0.000153
0.000149
0.000084
0.000004
-0.000010
0.000023
0.000038
0.000006
-0.000041
-0.000029
0.000063
0.000150
0.000154
0.000098
0.000033
-0.000001
0.000020
0.000029
-0.000079
-0.000254
-0.000276
-0.000091
0.000058
-0.000001
-0.000166
-0.000278
-0.000248
-0.000085
0.000075
0.000110
0.000078
0.000132
0.000261
0.000317
0.000257
0.000179
0.000171
0.000199
0.000148
-0.000006
-0.000154
-0.000194
-0.000139
-0.000101
-0.000160
-0.000246
-0.000239
-0.000139
-0.000042
-0.000026
-0.000053
-0.000016
0.000076
0.000124
0.000112
0.000074
0.000008
-0.000060
-0.000091
-0.000075
-0.000020
0.000027
0.000037
0.000057
0.000107
0.000143
0.000143
0.000124
0.000069
-0.000022
-0.000075
-0.000047
-0.000014
-0.000044
-0.000090
-0.000110
-0.000156
-0.000205
-0.000125
0.000078
0.000236
0.000249
0.000154
0.000025
-0.000081
-0.000136
-0.000141
-0.000089
-0.000002
0.000040
-0.000006
-0.000049
0.000008
0.000099
0.000100
0.000038
0.000040
0.000067
-0.000018
-0.000150
-0.000185
-0.000187
-0.000230
-0.000178
-0.000002
0.000061
-0.000036
0.000000
0.000275
0.000489
0.000409
0.000190
0.000108
0.000168
0.000165
0.000056
-0.000044
-0.000100
-0.000101
-0.000005
0.000104
0.000062
-0.000105
-0.000209
-0.000168
-0.000093
-0.000089
-0.000137
-0.000179
-0.000189
-0.000158
-0.000092
-0.000017
0.000036
0.000038
0.000019
0.000046
0.000120
0.000153
0.000077
-0.000018
-0.000030
-0.000034
-0.000123
-0.000224
-0.000251
-0.000217
-0.000150
-0.000091
-0.000077
-0.000059
0.000029
0.000157
0.000269
0.000361
0.000421
0.000399
0.000295
0.000174
0.000087
0.000015
-0.000079
-0.000160
-0.000186
-0.000167
-0.000137
-0.000127
-0.000119
-0.000046
0.000075
0.000125
0.000065
-0.000027
-0.000092
-0.000103
-0.000082
-0.000107
-0.000176
-0.000174
-0.000068
0.000046
0.000090
0.000110
0.000174
0.000218
0.000140
-0.000003
-0.000050
0.000010
0.000052
0.000037
0.000022
-0.000002
-0.000046
-0.000041
0.000021
0.000057
0.000044
-0.000005
-0.000040
-0.000017
-0.000022
-0.000132
-0.000237
-0.000252
-0.000262
-0.000284
-0.000189
0.000002
0.000108
0.000127
0.000175
0.000193
0.000096
0.000028
0.000118
0.000224
0.000194
0.000111
0.000084
0.000076
0.000059
0.000065
0.000074
0.000035
-0.000042
-0.000089
-0.000052
0.000017
-0.000009
-0.000134
-0.000208
-0.000155
-0.000065
-0.000025
-0.000014
-0.000002
-0.000009
-0.000030
-0.000035
-0.000031
-0.000019
0.000031
0.000114
0.000161
0.000114
-0.000022
-0.000177
-0.000217
-0.000075
0.000098
0.000127
0.000089
0.000129
0.000173
0.000094
-0.000031
-0.000072
-0.000057
-0.000039
0.000050
0.000195
0.000249
0.000186
0.000122
0.000110
0.000065
-0.000085
-0.000258
-0.000329
-0.000288
-0.000262
-0.000345
-0.000450
-0.000398
-0.000183
-0.000024
-0.000054
-0.000101
-0.000002
0.000115
0.000132
0.000170
0.000299
0.000397
0.000376
0.000274
0.000167
0.000110
0.000103
0.000088
0.000034
-0.000018
-0.000029
-0.000019
-0.000002
0.000006
-0.000035
-0.000102
-0.000083
0.000033
0.000091
0.000024
-0.000049
-0.000041
0.000015
0.000023
-0.000076
-0.000177
-0.000137
-0.000045
-0.000058
-0.000110
-0.000072
-0.000001
-0.000023
-0.000113
-0.000149
-0.000088
0.000022
0.000126
0.000188
0.000155
0.000020
-0.000078
-0.000023
0.000052
-0.000016
-0.000165
-0.000214
-0.000090
0.000068
0.000092
0.000073
0.000029
-0.000761
-0.002171
-0.001701
0.001397
0.003766
0.003586
0.002608
0.001809
0.000752
-0.000361
-0.001139
-0.001612
-0.001710
-0.001515
-0.001519
-0.001773
-0.001871
-0.001803
-0.001603
-0.001090
-0.000470
-0.000043
0.000285
0.000649
0.000939
0.001109
0.001244
0.001191
0.000894
0.000819
0.001074
0.001134
0.000938
0.000836
0.000746
0.000557
0.000582
0.000777
0.000525
-0.000181
-0.000656
-0.000842
-0.001116
-0.001350
-0.001436
-0.001500
-0.001308
-0.000811
-0.000550
-0.000651
-0.000627
-0.000371
-0.000153
0.000053
0.000258
0.000225
0.000144
0.000443
0.000867
0.000952
0.000850
0.000786
0.000711
0.000725
0.000835
0.000726
0.000555
0.000804
0.000872
-0.000068
-0.001249
-0.001567
-0.001132
-0.000473
0.000216
0.000741
0.000826
0.000500
-0.000058
-0.000767
-0.001352
-0.001548
-0.001535
-0.001429
-0.000941
-0.000071
0.000647
0.000939
0.001005
0.000891
0.000540
0.000193
0.000070
0.000028
-0.000073
0.000010
0.000550
0.001247
0.001539
0.001281
0.000695
0.000056
-0.000494
-0.000945
-0.001210
-0.001130
-0.000693
-0.000120
0.000304
0.000436
0.000249
-0.000124
-0.000442
-0.000666
-0.000836
-0.000820
-0.000541
-0.000054
0.000557
0.001030
0.001029
0.000591
0.000120
-0.000167
-0.000396
-0.000626
-0.000709
-0.000544
-0.000211
0.000129
0.000375
0.000463
0.000373
0.000234
0.000153
0.000074
-0.000031
-0.000136
-0.000204
-0.000120
0.000112
0.000210
-0.000007
-0.000361
-0.000618
-0.000855
-0.001582
-0.003047
-0.003875
-0.002234
0.000767
0.002331
0.002777
0.004230
0.005972
0.005998
0.004709
0.003377
0.001626
-0.000613
-0.001761
-0.001498
-0.001489
-0.002343
-0.002958
-0.002702
-0.002243
-0.002557
-0.003874
-0.005229
-0.005431
-0.004589
-0.003488
-0.002101
-0.000192
0.001701
0.003260
0.004908
0.006233
0.006036
0.004603
0.003561
0.003429
0.003355
0.002874
0.002221
0.001538
0.000837
0.000027
-0.001201
-0.002973
-0.004902
-0.006369
-0.006882
-0.006334
-0.005266
-0.004227
-0.002889
-0.000828
0.001294
0.002495
0.002803
0.002856
0.002951
0.003188
0.003634
0.004032
0.004077
0.003880
0.003612
0.002972
0.001519
-0.000742
-0.003114
-0.004491
-0.004491
-0.003941
-0.003489
-0.002712
-0.001254
0.000270
0.001058
0.000990
0.000404
-0.000208
-0.000312
0.000084
0.000390
0.000413
0.000574
0.001032
0.001382
0.001254
0.000702
0.000095
-0.000169
-0.000046
0.000123
0.000167
0.000277
0.000514
0.000645
0.000477
-0.000013
-0.000685
-0.001218
-0.001350
-0.001222
-0.001187
-0.001255
-0.001119
-0.000627
0.000074
0.000686
0.000981
0.001022
0.001085
0.001227
0.001225
0.001013
0.000678
0.000174
-0.000395
-0.000659
-0.000466
-0.000143
-0.000141
-0.000559
-0.001227
-0.002550
-0.005698
-0.009973
-0.010718
-0.004968
0.002240
0.005246
0.007300
0.012856
0.017704
0.016361
0.011106
0.006402
0.001859
-0.003502
-0.007111
-0.007704
-0.007669
-0.008252
-0.007874
-0.005938
-0.004740
-0.006355
-0.009267
-0.009885
-0.007346
-0.004514
-0.002879
0.000052
0.005791
0.011475
0.014271
0.015002
0.014647
0.011985
0.007201
0.002970
0.000443
-0.001842
-0.004397
-0.005578
-0.004791
-0.004023
-0.005023
-0.006943
-0.008094
-0.008533
-0.009141
-0.009236
-0.007281
-0.003463
0.000717
0.004870
0.009134
0.012173
0.012529
0.010936
0.008982
0.006642
0.003285
-0.000159
-0.002231
-0.003023
-0.003501
-0.003858
-0.003915
-0.004125
-0.004964
-0.006053
-0.006644
-0.006537
-0.005842
-0.004235
-0.001432
0.001931
0.004807
0.006769
0.007884
0.008034
0.007000
0.004837
0.001893
-0.000935
-0.002293
-0.001916
-0.001107
-0.000487
0.000530
0.001450
0.001008
-0.000573
-0.002251
-0.003850
-0.005203
-0.005324
-0.004062
-0.002653
-0.001550
-0.000080
0.001451
0.001888
0.001401
0.001187
0.001488
0.001837
0.002268
0.002875
0.003329
0.003493
0.003378
0.002567
0.000902
-0.000878
-0.002144
-0.003063
-0.003768
-0.003962
-0.003513
-0.002618
-0.001525
-0.000531
0.000169
0.000761
0.001453
0.001956
0.001835
0.001223
0.000669
0.000384
0.000105
-0.000216
-0.000215
-0.000007
-0.000879
-0.004237
-0.008716
-0.009445
-0.004025
0.002462
0.004875
0.006534
0.011689
0.016144
0.014449
0.009065
0.004828
0.001056
-0.004221
-0.008510
-0.009506
-0.009249
-0.009463
-0.008601
-0.005955
-0.003976
-0.004405
-0.005452
-0.004665
-0.002462
-0.001021
-0.000279
0.002266
0.007070
0.011124
0.012302
0.011987
0.011535
0.009461
0.004800
-0.000317
-0.003815
-0.006148
-0.008023
-0.008541
-0.007228
-0.005562
-0.004810
-0.004268
-0.003156
-0.002356
-0.002611
-0.002730
-0.001316
0.001123
0.003326
0.005355
0.007774
0.009712
0.009641
0.007565
0.004810
0.001957
-0.001331
-0.004617
-0.006688
-0.007210
-0.006848
-0.005922
-0.004325
-0.002566
-0.001456
-0.000910
-0.000245
0.000478
0.000721
0.000832
0.001617
0.002874
0.003868
0.004612
0.005303
0.005347
0.004250
0.002466
0.000543
-0.001401
-0.003098
-0.004003
-0.003919
-0.003177
-0.002154
-0.001118
-0.000396
-0.000195
-0.000543
-0.001401
-0.002385
-0.002777
-0.002296
-0.001345
-0.000243
0.001087
0.002508
0.003495
0.003731
0.003409
0.002799
0.001961
0.001107
0.000615
0.000432
0.000104
-0.000476
-0.001024
-0.001515
-0.002129
-0.002666
-0.002755
-0.002442
-0.001995
-0.001416
-0.000557
0.000544
0.001622
0.002333
0.002533
0.002447
0.002247
0.001696
0.000728
-0.000216
-0.000916
-0.001574
-0.002025
-0.001884
-0.001848
-0.003982
-0.008980
-0.012600
-0.009055
-0.000245
0.005748
0.007810
0.012311
0.019098
0.020589
0.015443
0.010039
0.006045
-0.001068
-0.010354
-0.014941
-0.013791
-0.012368
-0.012615
-0.011380
-0.007697
-0.004586
-0.003668
-0.003284
-0.002147
-0.000999
-0.000112
0.002185
0.006927
0.011994
0.014353
0.014199
0.013971
0.013252
0.009089
0.001785
-0.004650
-0.008211
-0.010564
-0.012485
-0.012111
-0.009113
-0.006168
-0.004647
-0.002956
-0.000501
0.000732
0.000010
-0.000426
0.001038
0.003240
0.005003
0.006969
0.009270
0.010183
0.008619
0.005767
0.002917
-0.000481
-0.004901
-0.008649
-0.009887
-0.009141
-0.007806
-0.005854
-0.002906
0.000032
0.001738
0.002500
0.003119
0.003267
0.002471
0.001619
0.001778
0.002571
0.003092
0.003309
0.003436
0.002944
0.001498
-0.000156
-0.001427
-0.002634
-0.003692
-0.003750
-0.002678
-0.001271
0.000010
0.001037
0.001344
0.000656
-0.000572
-0.001806
-0.002907
-0.003623
-0.003517
-0.002547
-0.000965
0.001053
0.003069
0.004355
0.004725
0.004633
0.004176
0.003050
0.001539
0.000345
-0.000485
-0.001378
-0.002282
-0.002875
-0.003231
-0.003436
-0.003209
-0.002472
-0.001615
-0.000844
0.000061
0.001115
0.001953
0.002442
0.002835
0.003155
0.003007
0.002211
0.001141
0.000137
-0.000898
-0.001948
-0.002623
-0.002741
-0.002396
-0.001699
-0.001212
-0.002374
-0.006409
-0.011245
-0.011139
-0.003832
0.004594
0.008519
0.011264
0.016822
0.020924
0.018678
0.012878
0.007467
0.000464
-0.009201
-0.015782
-0.015647
-0.013515
-0.013669
-0.013410
-0.009441
-0.004018
-0.000955
-0.000305
-0.000144
0.000280
0.001146
0.003107
0.006362
0.009764
0.011827
0.012269
0.012038
0.011317
0.008302
0.001912
-0.005503
-0.010386
-0.011946
-0.011964
-0.011269
-0.009100
-0.005748
-0.002515
0.000493
0.003527
0.005139
0.004054
0.002001
0.001705
0.003112
0.004219
0.004450
0.004726
0.005051
0.004493
0.002954
0.000933
-0.001783
-0.005362
-0.008498
-0.009483
-0.008313
-0.006314
-0.004125
-0.001445
0.001590
0.004117
0.005550
0.005858
0.005041
0.003263
0.001519
0.000918
0.001185
0.001250
0.001033
0.001103
0.001147
0.000382
-0.001038
-0.002320
-0.003115
-0.003345
-0.002632
-0.000937
0.000805
0.001669
0.001723
0.001334
0.000371
-0.001282
-0.003096
-0.004322
-0.004585
-0.003764
-0.001959
0.000294
0.002361
0.003996
0.005116
0.005476
0.004999
0.003947
0.002495
0.000676
-0.001213
-0.002691
-0.003632
-0.004258
-0.004525
-0.004011
-0.002640
-0.001026
0.000220
0.001136
0.002024
0.002796
0.003117
0.002935
0.002524
0.002112
0.001624
0.000860
-0.000167
-0.001284
-0.002340
-0.003109
-0.003312
-0.002905
-0.002140
-0.001307
-0.000480
0.000304
0.000464
-0.001154
-0.005013
-0.008962
-0.008661
-0.002513
0.005126
0.009606
0.012215
0.015896
0.018665
0.016761
0.010706
0.003416
-0.004217
-0.011560
-0.015912
-0.016081
-0.014555
-0.013197
-0.010693
-0.006079
-0.001249
0.001565
0.002292
0.002138
0.002232
0.003355
0.005337
0.007028
0.007887
0.008593
0.009351
0.009073
0.006833
0.002749
-0.002522
-0.007708
-0.010789
-0.010743
-0.009004
-0.007366
-0.005424
-0.002033
0.002104
0.005088
0.005952
0.005014
0.003105
0.001396
0.000934
0.001463
0.001739
0.001452
0.001506
0.002163
0.002371
0.001232
-0.001021
-0.003589
-0.005654
-0.006488
-0.005968
-0.004777
-0.003414
-0.001499
0.001231
0.003913
0.005362
0.005328
0.004298
0.002734
0.001060
-0.000323
-0.001269
-0.001732
-0.001558
-0.000674
0.000704
0.002001
0.002478
0.001916
0.000918
0.000132
-0.000414
-0.000914
-0.001291
-0.001344
-0.001093
-0.000855
-0.001007
-0.001638
-0.002478
-0.003109
-0.003166
-0.002525
-0.001348
0.000121
0.001719
0.003253
0.004436
0.004926
0.004462
0.003180
0.001541
-0.000165
-0.001828
-0.003148
-0.003779
-0.003704
-0.003097
-0.002018
-0.000575
0.000795
0.001665
0.002131
0.002492
0.002603
0.002146
0.001313
0.000581
0.000109
-0.000185
-0.000409
-0.000759
-0.001314
-0.001788
-0.001853
-0.001575
-0.001250
-0.001004
-0.000712
-0.000190
0.000564
0.001262
0.001485
0.000720
-0.001778
-0.006063
-0.009738
-0.008930
-0.002970
0.003805
0.007757
0.010736
0.015207
0.018284
0.015712
0.008590
0.001344
-0.004505
-0.009964
-0.014137
-0.015138
-0.013666
-0.011487
-0.008304
-0.003395
0.001377
0.003310
0.002727
0.002324
0.003256
0.004245
0.004172
0.003751
0.004316
0.005872
0.006972
0.006362
0.004015
0.000530
-0.003433
-0.006765
-0.008193
-0.007707
-0.006646
-0.005546
-0.003234
0.000787
0.004567
0.005930
0.005180
0.004001
0.002929
0.001545
0.000071
-0.000841
-0.001156
-0.001014
-0.000138
0.001192
0.001681
0.000572
-0.001231
-0.002483
-0.003160
-0.003833
-0.004347
-0.004029
-0.002591
-0.000373
0.001909
0.003540
0.004186
0.003992
0.003249
0.002099
0.000645
-0.000800
-0.001828
-0.002177
-0.001711
-0.000493
0.000952
0.001994
0.002532
0.002813
0.002744
0.001929
0.000386
-0.001283
-0.002496
-0.003096
-0.003204
-0.003017
-0.002739
-0.002362
-0.001637
-0.000559
0.000395
0.000865
0.001098
0.001480
0.001955
0.002248
0.002268
0.001963
0.001237
0.000288
-0.000462
-0.000909
-0.001296
-0.001678
-0.001789
-0.001500
-0.001008
-0.000409
0.000452
0.001480
0.002183
0.002285
0.002009
0.001555
0.000819
-0.000215
-0.001229
-0.001833
-0.001922
-0.001604
-0.000930
-0.000076
0.000468
0.000426
0.000106
-0.000141
-0.000372
-0.000653
-0.000740
-0.000482
-0.000136
0.000013
-0.000264
-0.001662
-0.004727
-0.007743
-0.007099
-0.002008
0.003522
0.006474
0.009116
0.013627
0.016565
0.013751
0.007133
0.001425
-0.003002
-0.008311
-0.013183
-0.014584
-0.013094
-0.011117
-0.008247
-0.003195
0.001899
0.003786
0.003295
0.003711
0.005211
0.005244
0.003454
0.002261
0.002928
0.004193
0.004630
0.004076
0.002729
0.000453
-0.002471
-0.004941
-0.006163
-0.006497
-0.006520
-0.005749
-0.003247
0.000491
0.003509
0.004737
0.005016
0.005218
0.004787
0.003055
0.000827
-0.000678
-0.001494
-0.002062
-0.001921
-0.000918
-0.000201
-0.000455
-0.000808
-0.000698
-0.001047
-0.002439
-0.003672
-0.003434
-0.002147
-0.000876
0.000359
0.001860
0.003017
0.003213
0.002910
0.002563
0.001799
0.000688
0.000120
0.000277
0.000456
0.000407
0.000422
0.000469
0.000246
-0.000178
-0.000565
-0.001018
-0.001636
-0.002081
-0.001962
-0.001371
-0.000761
-0.000378
0.000002
0.000555
0.000931
0.000744
0.000197
-0.000288
-0.000600
-0.000770
-0.000733
-0.000453
0.000017
0.000636
0.001307
0.001740
0.001686
0.001254
0.000731
0.000212
-0.000374
-0.000978
-0.001344
-0.001215
-0.000600
0.000167
0.000676
0.000786
0.000681
0.000547
0.000332
-0.000005
-0.000277
-0.000330
-0.000302
-0.000372
-0.000480
-0.000549
-0.000666
-0.000825
-0.000845
-0.000642
-0.000358
-0.000166
0.000016
0.000325
0.000177
-0.001642
-0.004962
-0.006936
-0.004945
-0.000477
0.003011
0.005568
0.009571
0.013734
0.013871
0.009519
0.004575
0.001010
-0.003127
-0.008486
-0.012222
-0.012635
-0.011366
-0.009552
-0.006104
-0.001285
0.002139
0.003174
0.004097
0.005938
0.006381
0.004083
0.001478
0.001013
0.001711
0.001696
0.001282
0.001469
0.001606
0.000557
-0.001279
-0.002742
-0.003654
-0.004491
-0.004942
-0.004105
-0.002081
-0.000079
0.001332
0.002777
0.004473
0.005365
0.004603
0.002938
0.001640
0.000743
-0.000447
-0.001705
-0.002212
-0.002029
-0.001805
-0.001512
-0.000897
-0.000547
-0.001079
-0.001913
-0.002142
-0.001959
-0.002005
-0.001996
-0.001257
-0.000014
0.001008
0.001735
0.002537
0.003355
0.003835
0.003865
0.003449
0.002471
0.001031
-0.000316
-0.001099
-0.001468
-0.001771
-0.001927
-0.001679
-0.001151
-0.000716
-0.000503
-0.000386
-0.000311
-0.000367
-0.000564
-0.000692
-0.000604
-0.000440
-0.000334
-0.000183
0.000091
0.000320
0.000352
0.000323
0.000424
0.000559
0.000550
0.000498
0.000558
0.000563
0.000309
-0.000016
-0.000100
-0.000009
-0.000059
-0.000293
-0.000420
-0.000277
-0.000039
0.000111
0.000175
0.000212
0.000289
0.000472
0.000670
0.000682
0.000476
0.000244
0.000082
-0.000171
-0.000677
-0.001306
-0.001732
-0.001817
-0.001670
-0.001361
-0.000844
-0.000138
0.000509
0.000635
-0.000081
-0.001396
-0.002537
-0.002701
-0.001602
0.000410
0.002901
0.005681
0.008097
0.008846
0.007445
0.005021
0.002731
0.000298
-0.002982
-0.006518
-0.008802
-0.009169
-0.008172
-0.006480
-0.004200
-0.001452
0.001164
0.003217
0.004749
0.005527
0.004975
0.003282
0.001617
0.000673
-0.000032
-0.000829
-0.001117
-0.000539
0.000165
0.000202
-0.000193
-0.000429
-0.000575
-0.000989
-0.001546
-0.001871
-0.001888
-0.001653
-0.000973
0.000277
0.001676
0.002583
0.002880
0.002961
0.002986
0.002593
0.001552
0.000228
-0.000927
-0.001846
-0.002543
-0.002840
-0.002685
-0.002349
-0.001997
-0.001478
-0.000805
-0.000355
-0.000297
-0.000320
-0.000127
0.000136
0.000184
0.000165
0.000533
0.001317
0.002072
0.002584
0.002956
0.003015
0.002447
0.001434
0.000445
-0.000366
-0.001050
-0.001564
-0.001862
-0.001910
-0.001650
-0.001148
-0.000598
-0.000152
0.000122
0.000235
0.000298
0.000295
0.000015
-0.000543
-0.000987
-0.001026
-0.000843
-0.000690
-0.000436
0.000066
0.000585
0.000924
0.001205
0.001386
0.001161
0.000533
-0.000081
-0.000384
-0.000516
-0.000695
-0.000781
-0.000496
0.000076
0.000610
0.000973
0.001209
0.001264
0.001009
0.000499
-0.000006
-0.000379
-0.000730
-0.001033
-0.001054
-0.000850
-0.000782
-0.000842
-0.000675
-0.000326
-0.000221
-0.000422
-0.000486
-0.000171
0.000171
0.000065
-0.000600
-0.001634
-0.002584
-0.002677
-0.001377
0.001095
0.004171
0.007093
0.008327
0.006650
0.003341
0.000994
-0.000028
-0.001604
-0.004450
-0.006869
-0.007059
-0.005279
-0.003236
-0.001809
-0.000307
0.001621
0.003027
0.003536
0.003860
0.003705
0.001939
-0.000634
-0.001863
-0.001837
-0.002311
-0.002890
-0.001792
0.000329
0.001177
0.000706
0.000753
0.001543
0.001627
0.000694
-0.000185
-0.000662
-0.001238
-0.001666
-0.001177
-0.000019
0.000828
0.001227
0.001882
0.002819
0.003154
0.002484
0.001392
0.000403
-0.000701
-0.002192
-0.003527
-0.003880
-0.003394
-0.002902
-0.002504
-0.001588
-0.000265
0.000575
0.000778
0.001069
0.001527
0.001403
0.000665
0.000266
0.000524
0.000739
0.000702
0.001046
0.001808
0.002189
0.001953
0.001664
0.001426
0.000750
-0.000305
-0.001104
-0.001570
-0.002158
-0.002753
-0.002712
-0.001959
-0.001040
-0.000241
0.000581
0.001375
0.001755
0.001577
0.001129
0.000632
0.000011
-0.000738
-0.001305
-0.001431
-0.001280
-0.001109
-0.000754
0.000030
0.000898
0.001240
0.001055
0.000797
0.000624
0.000387
0.000089
-0.000139
-0.000298
-0.000377
-0.000162
0.000356
0.000733
0.000701
0.000579
0.000689
0.000806
0.000555
0.000008
-0.000489
-0.000885
-0.001324
-0.001704
-0.001792
-0.001594
-0.001242
-0.000698
0.000096
0.000923
0.001405
0.001426
0.001219
0.000975
0.000605
-0.000048
-0.000970
-0.001888
-0.002347
-0.002022
-0.000929
0.000643
0.002146
0.002967
0.003018
0.002812
0.002623
0.002070
0.000880
-0.000554
-0.001760
-0.002623
-0.003018
-0.002837
-0.002328
-0.001691
-0.000793
0.000320
0.001295
0.001910
0.002119
0.001843
0.001144
0.000311
-0.000444
-0.001048
-0.001383
-0.001404
-0.001229
-0.000906
-0.000413
0.000103
0.000420
0.000547
0.000636
0.000666
0.000471
0.000067
-0.000268
-0.000290
-0.000067
0.000156
0.000317
0.000578
0.001017
0.001472
0.001699
0.001541
0.001012
0.000329
-0.000291
-0.000888
-0.001584
-0.002220
-0.002505
-0.002408
-0.002051
-0.001483
-0.000848
-0.000321
0.000204
0.000902
0.001563
0.001797
0.001582
0.001225
0.000878
0.000466
-0.000023
-0.000443
-0.000566
-0.000266
0.000228
0.000521
0.000597
0.000709
0.000786
0.000589
0.000248
0.000018
-0.000160
-0.000391
-0.000538
-0.000537
-0.000539
-0.000546
-0.000385
-0.000086
0.000108
0.000108
0.000043
-0.000038
-0.000221
-0.000517
-0.000800
-0.000901
-0.000772
-0.000549
-0.000337
-0.000072
0.000291
0.000606
0.000721
0.000693
0.000658
0.000623
0.000535
0.000417
0.000309
0.000173
-0.000026
-0.000181
-0.000187
-0.000150
-0.000181
-0.000137
0.000088
0.000292
0.000269
0.000113
0.000023
-0.000039
-0.000217
-0.000446
-0.000584
-0.000643
-0.000622
-0.000485
-0.000333
-0.000185
0.000100
0.000443
0.000533
0.000236
-0.000314
-0.000855
-0.001113
-0.000915
-0.000287
0.000495
0.001020
0.001126
0.001127
0.001362
0.001592
0.001395
0.000841
0.000203
-0.000420
-0.000829
-0.000862
-0.000805
-0.000926
-0.000933
-0.000500
0.000166
0.000664
0.000879
0.000860
0.000654
0.000388
0.000087
-0.000396
-0.000932
-0.001166
-0.001164
-0.001267
-0.001420
-0.001289
-0.000836
-0.000310
0.000121
0.000474
0.000756
0.000923
0.001047
0.001219
0.001284
0.001048
0.000695
0.000532
0.000504
0.000395
0.000239
0.000156
0.000096
-0.000008
-0.000118
-0.000195
-0.000289
-0.000483
-0.000738
-0.000937
-0.001053
-0.001112
-0.001088
-0.000932
-0.000631
-0.000256
0.000049
0.000239
0.000379
0.000460
0.000409
0.000296
0.000249
0.000207
0.000051
-0.000090
-0.000016
0.000205
0.000373
0.000505
0.000726
0.000955
0.001015
0.000905
0.000723
0.000483
0.000224
0.000100
0.000105
-0.000024
-0.000414
-0.000824
-0.000981
-0.000965
-0.001032
-0.001151
-0.001068
-0.000766
-0.000490
-0.000351
-0.000226
-0.000028
0.000149
0.000190
0.000130
0.000063
0.000009
0.000003
0.000151
0.000479
0.000838
0.001063
0.001159
0.001155
0.000981
0.000657
0.000347
0.000116
-0.000112
-0.000349
-0.000520
-0.000607
-0.000624
-0.000546
-0.000386
-0.000271
-0.000318
-0.000445
-0.000441
-0.000274
-0.000145
-0.000158
-0.000192
-0.000124
0.000038
0.000208
0.000330
0.000366
0.000236
-0.000124
-0.000600
-0.000929
-0.000983
-0.000810
-0.000353
0.000382
0.000945
0.000955
0.000790
0.000978
0.001304
0.001287
0.000978
0.000661
0.000367
0.000087
-0.000095
-0.000240
-0.000438
-0.000556
-0.000460
-0.000275
-0.000195
-0.000205
-0.000206
-0.000249
-0.000411
-0.000664
-0.000982
-0.001220
-0.001126
-0.000759
-0.000462
-0.000310
-0.000110
0.000199
0.000541
0.000870
0.001125
0.001194
0.001066
0.000872
0.000689
0.000469
0.000171
-0.000139
-0.000315
-0.000247
-0.000027
0.000140
0.000222
0.000296
0.000291
0.000128
-0.000088
-0.000248
-0.000404
-0.000613
-0.000804
-0.000898
-0.000915
-0.000877
-0.000715
-0.000462
-0.000290
-0.000199
-0.000051
0.000090
0.000060
-0.000035
0.000041
0.000252
0.000403
0.000506
0.000666
0.000787
0.000747
0.000660
0.000682
0.000736
0.000667
0.000517
0.000421
0.000352
0.000195
-0.000039
-0.000288
-0.000560
-0.000806
-0.000896
-0.000831
-0.000748
-0.000690
-0.000588
-0.000459
-0.000393
-0.000353
-0.000218
0.000003
0.000170
0.000192
0.000135
0.000155
0.000252
0.000238
0.000109
0.000116
0.000324
0.000520
0.000570
0.000533
0.000472
0.000382
0.000282
0.000246
0.000254
0.000172
-0.000037
-0.000233
-0.000307
-0.000307
-0.000319
-0.000350
-0.000348
-0.000263
-0.000111
0.000016
0.000039
-0.000018
-0.000047
-0.000024
-0.000046
-0.000146
-0.000240
-0.000271
-0.000265
-0.000277
-0.000305
-0.000250
-0.000079
0.000043
-0.000057
-0.000303
-0.000462
-0.000447
-0.000284
0.000100
0.000636
0.000935
0.000838
0.000713
0.000806
0.000852
0.000665
0.000447
0.000274
0.000033
-0.000151
-0.000138
-0.000160
-0.000380
-0.000579
-0.000613
-0.000572
-0.000422
-0.000114
0.000110
0.000082
-0.000002
-0.000028
-0.000131
-0.000309
-0.000398
-0.000368
-0.000267
-0.000069
0.000158
0.000222
0.000121
0.000095
0.000236
0.000331
0.000222
0.000052
0.000039
0.000178
0.000275
0.000229
0.000200
0.000342
0.000488
0.000396
0.000168
0.000057
0.000042
-0.000038
-0.000162
-0.000259
-0.000386
-0.000583
-0.000748
-0.000818
-0.000875
-0.000908
-0.000709
-0.000291
0.000014
0.000073
0.000108
0.000225
0.000291
0.000266
0.000269
0.000317
0.000344
0.000388
0.000491
0.000580
0.000596
0.000553
0.000448
0.000304
0.000224
0.000227
0.000177
0.000043
-0.000026
0.000003
-0.000042
-0.000270
-0.000576
-0.000766
-0.000774
-0.000697
-0.000632
-0.000555
-0.000413
-0.000225
-0.000005
0.000232
0.000360
0.000292
0.000209
0.000329
0.000511
0.000474
0.000277
0.000173
0.000190
0.000204
0.000176
0.000114
0.000015
-0.000071
-0.000091
-0.000088
-0.000126
-0.000174
-0.000166
-0.000087
0.000033
0.000110
0.000052
-0.000089
-0.000186
-0.000191
-0.000092
0.000079
0.000185
0.000156
0.000099
0.000106
0.000080
-0.000117
-0.000356
-0.000413
-0.000373
-0.000449
-0.000546
-0.000436
-0.000148
0.000125
0.000306
0.000371
0.000246
-0.000007
-0.000178
-0.000239
-0.000378
-0.000532
-0.000331
0.000289
0.000877
0.001048
0.000922
0.000831
0.000835
0.000719
0.000371
-0.000056
-0.000359
-0.000509
-0.000606
-0.000669
-0.000583
-0.000313
-0.000009
0.000213
0.000374
0.000463
0.000405
0.000213
0.000001
-0.000199
-0.000435
-0.000640
-0.000683
-0.000561
-0.000371
-0.000190
-0.000044
0.000083
0.000208
0.000295
0.000317
0.000333
0.000343
0.000247
0.000061
-0.000081
-0.000154
-0.000165
-0.000043
0.000162
0.000254
0.000206
0.000169
0.000165
0.000121
0.000090
0.000106
0.000033
-0.000178
-0.000377
-0.000486
-0.000573
-0.000641
-0.000603
-0.000416
-0.000143
0.000139
0.000382
0.000496
0.000417
0.000247
0.000113
-0.000004
-0.000120
-0.000146
-0.000054
0.000077
0.000178
0.000265
0.000365
0.000418
0.000338
0.000171
0.000094
0.000128
0.000057
-0.000177
-0.000337
-0.000280
-0.000146
-0.000089
-0.000108
-0.000133
-0.000093
0.000004
0.000036
-0.000046
-0.000112
-0.000080
-0.000020
-0.000014
-0.000073
-0.000152
-0.000175
-0.000110
-0.000018
0.000033
0.000057
0.000095
0.000153
0.000221
0.000287
0.000309
0.000197
-0.000043
-0.000184
-0.000073
0.000073
-0.000015
-0.000218
-0.000223
-0.000016
0.000139
0.000132
0.000073
0.000002
-0.000142
-0.000326
-0.000415
-0.000351
-0.000207
-0.000058
0.000105
0.000289
0.000417
0.000409
0.000297
0.000172
0.000105
0.000068
-0.000079
-0.000333
-0.000466
-0.000394
-0.000269
-0.000164
-0.000070
-0.000056
-0.000125
-0.000103
0.000073
0.000211
0.000183
0.000116
0.000139
0.000256
0.000447
0.000607
0.000590
0.000470
0.000418
0.000364
0.000170
-0.000088
-0.000333
-0.000560
-0.000652
-0.000544
-0.000379
-0.000274
-0.000144
0.000084
0.000291
0.000336
0.000269
0.000204
0.000124
-0.000037
-0.000208
-0.000274
-0.000275
-0.000286
-0.000278
-0.000237
-0.000193
-0.000147
-0.000100
-0.000072
-0.000026
0.000096
0.000212
0.000187
0.000056
-0.000026
0.000006
0.000090
0.000150
0.000172
0.000164
0.000148
0.000175
0.000259
0.000305
0.000234
0.000129
0.000090
0.000026
-0.000142
-0.000276
-0.000284
-0.000280
-0.000322
-0.000315
-0.000228
-0.000131
-0.000058
-0.000041
-0.000110
-0.000187
-0.000203
-0.000206
-0.000191
-0.000078
0.000103
0.000241
0.000331
0.000423
0.000467
0.000401
0.000308
0.000301
0.000328
0.000277
0.000161
0.000027
-0.000145
-0.000328
-0.000408
-0.000355
-0.000277
-0.000275
-0.000293
-0.000209
-0.000031
0.000084
0.000067
0.000053
0.000127
0.000166
0.000111
0.000073
0.000063
-0.000024
-0.000142
-0.000163
-0.000103
-0.000032
0.000047
0.000134
0.000180
0.000157
0.000074
-0.000045
-0.000147
-0.000195
-0.000203
-0.000166
-0.000045
0.000118
0.000229
0.000284
0.000299
0.000228
0.000099
0.000002
-0.000061
-0.000135
-0.000180
-0.000145
-0.000075
-0.000045
-0.000084
-0.000179
-0.000236
-0.000151
0.000018
0.000091
0.000037
0.000015
0.000103
0.000169
0.000110
0.000036
0.000068
0.000136
0.000110
-0.000007
-0.000138
-0.000229
-0.000242
-0.000229
-0.000243
-0.000145
0.000151
0.000411
0.000454
0.000457
0.000559
0.000562
0.000311
-0.000030
-0.000255
-0.000378
-0.000484
-0.000559
-0.000524
-0.000353
-0.000169
-0.000129
-0.000163
-0.000071
0.000107
0.000160
0.000063
-0.000033
-0.000007
0.000167
0.000365
0.000403
0.000269
0.000142
0.000128
0.000127
0.000033
-0.000076
-0.000086
-0.000035
-0.000011
-0.000021
-0.000048
-0.000068
-0.000052
0.000000
0.000050
0.000065
0.000032
-0.000052
-0.000117
-0.000056
0.000076
0.000078
-0.000073
-0.000172
-0.000115
-0.000040
-0.000071
-0.000168
-0.000233
-0.000209
-0.000095
0.000056
0.000159
0.000144
0.000033
-0.000072
-0.000095
-0.000064
-0.000056
-0.000071
-0.000034
0.000056
0.000102
0.000089
0.000084
0.000093
0.000089
0.000105
0.000153
0.000176
0.000188
0.000246
0.000260
0.000122
-0.000056
-0.000154
-0.000229
-0.000302
-0.000261
-0.000109
-0.000002
0.000006
0.000033
0.000141
0.000210
0.000128
-0.000030
-0.000102
-0.000057
-0.000024
-0.000081
-0.000154
-0.000172
-0.000135
-0.000011
0.000174
0.000258
0.000163
0.000040
0.000061
0.000154
0.000105
-0.000096
-0.000255
-0.000266
-0.000180
-0.000067
0.000064
0.000188
0.000203
0.000092
-0.000023
-0.000079
-0.000113
-0.000135
-0.000127
-0.000078
-0.000015
0.000003
-0.000030
-0.000040
0.000009
0.000051
0.000025
-0.000043
-0.000117
-0.000199
-0.000251
-0.000179
0.000024
0.000215
0.000308
0.000366
0.000407
0.000379
0.000288
0.000145
-0.000051
-0.000192
-0.000195
-0.000186
-0.000242
-0.000222
-0.000088
-0.000015
-0.000066
-0.000071
0.000057
0.000181
0.000178
0.000056
-0.000143
-0.000327
-0.000348
-0.000196
-0.000010
0.000103
0.000117
0.000087
0.000134
0.000251
0.000269
0.000165
0.000108
0.000180
0.000297
0.000353
0.000290
0.000130
-0.000006
-0.000013
0.000032
-0.000035
-0.000178
-0.000239
-0.000247
-0.000329
-0.000427
-0.000404
-0.000289
-0.000203
-0.000144
-0.000068
-0.000024
-0.000019
0.000045
0.000136
0.000121
0.000031
0.000007
0.000061
0.000108
0.000119
0.000105
0.000091
0.000109
0.000126
0.000038
-0.000138
-0.000238
-0.000219
-0.000183
-0.000156
-0.000112
-0.000091
-0.000063
0.000091
0.000333
0.000489
0.000478
0.000331
0.000124
-0.000031
-0.000091
-0.000123
-0.000144
-0.000103
-0.000050
-0.000059
-0.000066
-0.000013
0.000030
0.000027
0.000008
-0.000043
-0.000134
-0.000182
-0.000131
-0.000046
-0.000019
-0.000051
-0.000069
-0.000012
0.000083
0.000122
0.000127
0.000177
0.000221
0.000182
0.000105
0.000043
0.000011
0.000017
0.000004
-0.000083
-0.000173
-0.000169
-0.000099
-0.000061
-0.000101
-0.000190
-0.000241
-0.000201
-0.000112
-0.000027
0.000055
0.000146
0.000213
0.000185
0.000057
-0.000038
-0.000012
0.000070
0.000099
0.000027
-0.000106
-0.000195
-0.000167
-0.000053
0.000062
0.000133
0.000157
0.000145
0.000146
0.000187
0.000188
0.000099
-0.000001
-0.000023
0.000022
0.000068
0.000053
-0.000014
-0.000055
-0.000087
-0.000199
-0.000306
-0.000265
-0.000153
-0.000107
-0.000099
-0.000052
0.000034
0.000113
0.000143
0.000102
0.000032
0.000013
0.000025
0.000005
0.000019
0.000121
0.000198
0.000172
0.000124
0.000109
0.000080
-0.000004
-0.000090
-0.000096
-0.000076
-0.000102
-0.000066
0.000086
0.000181
0.000133
0.000064
0.000052
0.000062
0.000054
0.000011
-0.000076
-0.000191
-0.000291
-0.000365
-0.000430
-0.000455
-0.000377
-0.000214
-0.000059
0.000030
0.000075
0.000114
0.000121
0.000081
0.000046
0.000082
0.000198
0.000322
0.000352
0.000290
0.000250
0.000264
0.000241
0.000140
0.000010
-0.000083
-0.000099
-0.000048
0.000017
0.000037
-0.000039
-0.000183
-0.000237
-0.000121
-0.000004
-0.000029
-0.000115
-0.000177
-0.000222
-0.000213
-0.000126
-0.000033
0.000013
0.000062
0.000162
0.000261
0.000258
0.000161
0.000113
0.000175
0.000215
0.000117
-0.000063
-0.000200
-0.000229
-0.000175
-0.000111
-0.000056
-0.000023
-0.000081
-0.000202
-0.000247
-0.000177
-0.000102
-0.000087
-0.000065
0.000009
0.000103
0.000173
0.000209
0.000262
0.000361
0.000412
0.000347
0.000212
0.000039
-0.000146
-0.000250
-0.000248
-0.000222
-0.000195
-0.000121
-0.000013
0.000029
-0.000037
-0.000112
-0.000084
0.000024
0.000111
0.000135
0.000079
-0.000056
-0.000135
-0.000016
0.000172
0.000186
0.000038
-0.000070
-0.000080
-0.000087
-0.000121
-0.000131
-0.000105
-0.000078
-0.000047
0.000019
0.000096
0.000105
0.000076
0.000136
0.000248
0.000222
0.000029
-0.000143
-0.000141
-0.000041
-0.000015
-0.000092
-0.000132
-0.000057
0.000051
0.000092
0.000051
-0.000023
-0.000055
-0.000028
-0.000011
-0.000050
-0.000100
-0.000073
0.000044
0.000147
0.000133
0.000020
-0.000089
-0.000099
-0.000019
0.000034
0.000001
-0.000038
0.000008
0.000103
0.000121
0.000028
-0.000058
-0.000045
0.000034
0.000098
0.000049
-0.000130
-0.000260
-0.000179
-0.000012
0.000009
-0.000093
-0.000129
-0.000057
0.000005
0.000008
0.000027
0.000117
0.000224
0.000276
0.000298
0.000356
0.000403
0.000336
0.000144
-0.000054
-0.000132
-0.000101
-0.000080
-0.000127
-0.000223
-0.000370
-0.000501
-0.000450
-0.000214
0.000013
0.000133
0.000204
0.000247
0.000227
0.000156
0.000088
0.000015
-0.000091
-0.000176
-0.000152
-0.000033
0.000051
0.000001
-0.000117
-0.000183
-0.000217
-0.000273
-0.000279
-0.000163
-0.000020
0.000039
0.000052
0.000090
0.000140
0.000155
0.000150
0.000181
0.000260
0.000320
0.000307
0.000258
0.000219
0.000175
0.000095
-0.000006
-0.000099
-0.000193
-0.000258
-0.000208
-0.000075
-0.000026
-0.000083
-0.000089
-0.000007
0.000036
-0.000020
-0.000095
-0.000130
-0.000138
-0.000129
-0.000096
-0.000044
-0.000007
-0.000009
-0.000006
0.000069
0.000134
0.000038
-0.000118
-0.000132
-0.000035
0.000052
0.000131
0.000199
0.000215
0.000179
0.000109
0.000055
0.000051
0.000054
0.000023
-0.000020
-0.000068
-0.000116
-0.000108
-0.000045
-0.000042
-0.000149
-0.000248
-0.000208
-0.000054
0.000080
0.000100
0.000043
0.000012
0.000032
0.000035
-0.000012
-0.000052
-0.000040
-0.000010
0.000017
0.000051
0.000083
0.000096
0.000091
0.000087
0.000095
0.000100
0.000105
0.000131
0.000133
0.000049
-0.000053
-0.000064
-0.000040
-0.000095
-0.000184
-0.000196
-0.000130
-0.000085
-0.000124
-0.000187
-0.000172
-0.000087
-0.000042
-0.000059
-0.000024
0.000087
0.000150
0.000129
0.000140
0.000220
0.000275
0.000244
0.000163
0.000076
-0.000007
-0.000072
-0.000125
-0.000191
-0.000181
0.000036
0.000335
0.000434
0.000310
0.000188
0.000147
0.000036
-0.000191
-0.000381
-0.000441
-0.000426
-0.000410
-0.000387
-0.000313
-0.000208
-0.000145
-0.000118
-0.000071
-0.000035
-0.000071
-0.000122
-0.000100
-0.000063
-0.000056
0.000074
0.000382
0.000616
0.000617
0.000535
0.000490
0.000434
0.000338
0.000233
0.000125
0.000008
-0.000082
-0.000110
-0.000118
-0.000177
-0.000269
-0.000338
-0.000358
-0.000323
-0.000250
-0.000193
-0.000139
-0.000043
0.000046
0.000044
-0.000010
0.000002
0.000098
0.000151
0.000081
-0.000029
-0.000069
-0.000039
-0.000004
-0.000007
-0.000030
-0.000027
0.000007
0.000017
-0.000005
0.000014
0.000070
0.000099
0.000129
0.000189
0.000210
0.000138
0.000025
-0.000036
-0.000002
0.000068
0.000046
-0.000094
-0.000197
-0.000147
-0.000058
-0.000086
-0.000190
-0.000213
-0.000139
-0.000065
0.000009
0.000119
0.000193
0.000155
0.000055
-0.000020
-0.000053
-0.000063
-0.000055
-0.000018
0.000066
0.000172
0.000224
0.000182
0.000121
0.000127
0.000179
0.000206
0.000160
-0.000010
-0.000272
-0.000428
-0.000359
-0.000218
-0.000197
-0.000263
-0.000235
-0.000036
0.000179
0.000235
0.000167
0.000099
0.000055
-0.000004
-0.000077
-0.000111
-0.000054
0.000075
0.000176
0.000153
0.000007
-0.000114
-0.000067
0.000064
0.000081
-0.000035
-0.000140
-0.000135
-0.000052
0.000019
0.000038
0.000051
0.000099
0.000161
0.000205
0.000212
0.000158
0.000041
-0.000098
-0.000201
-0.000222
-0.000164
-0.000078
-0.000018
0.000002
0.000015
0.000057
0.000098
0.000064
-0.000011
0.000005
0.000054
-0.000074
-0.000324
-0.000441
-0.000371
-0.000206
-0.000012
0.000118
0.000125
0.000112
0.000210
0.000353
0.000390
0.000344
0.000349
0.000396
0.000354
0.000199
0.000063
0.000006
-0.000054
-0.000149
-0.000215
-0.000209
-0.000158
-0.000139
-0.000213
-0.000363
-0.000480
-0.000424
-0.000220
-0.000051
0.000012
0.000045
0.000098
0.000161
0.000198
0.000184
0.000150
0.000131
0.000102
0.000051
0.000009
-0.000041
-0.000135
-0.000224
-0.000233
-0.000169
-0.000112
-0.000101
-0.000086
0.000003
0.000133
0.000193
0.000140
0.000070
0.000100
0.000169
0.000128
0.000024
0.000020
0.000106
0.000126
0.000028
-0.000075
-0.000076
-0.000009
0.000026
0.000015
0.000009
0.000022
0.000015
-0.000027
-0.000045
0.000024
0.000124
0.000131
0.000036
-0.000037
-0.000029
-0.000034
-0.000131
-0.000253
-0.000251
-0.000093
0.000068
0.000064
-0.000068
-0.000123
-0.000050
-0.000017
-0.000071
-0.000076
-0.000017
0.000013
0.000027
0.000095
0.000162
0.000101
-0.000054
-0.000120
-0.000027
0.000094
0.000127
0.000115
0.000157
0.000263
0.000348
0.000292
0.000057
-0.000219
-0.000328
-0.000238
-0.000141
-0.000138
-0.000120
-0.000072
-0.000129
-0.000243
-0.000213
-0.000039
0.000097
0.000111
0.000078
0.000097
0.000143
0.000120
0.000041
-0.000004
0.000002
0.000030
0.000067
0.000065
0.000005
0.000018
0.000177
0.000285
0.000184
0.000021
-0.000044
-0.000054
-0.000069
-0.000071
-0.000060
-0.000043
-0.000036
-0.000062
-0.000089
-0.000088
-0.000113
-0.000186
-0.000230
-0.000206
-0.000167
-0.000114
0.000021
0.000199
0.000260
0.000165
0.000066
0.000056
0.000071
0.000092
0.000180
0.000283
0.000307
0.000277
0.000244
0.000172
0.000018
-0.000154
-0.000253
-0.000306
-0.000392
-0.000494
-0.000522
-0.000437
-0.000293
-0.000172
-0.000107
-0.000078
-0.000035
0.000068
0.000194
0.000227
0.000166
0.000164
0.000270
0.000357
0.000327
0.000229
0.000158
0.000127
0.000098
0.000046
-0.000048
-0.000145
-0.000134
-0.000004
0.000090
0.000038
-0.000074
-0.000105
-0.000064
-0.000020
0.000030
0.000086
0.000082
0.000017
0.000011
0.000084
0.000077
-0.000044
-0.000113
-0.000091
-0.000117
-0.000212
-0.000235
-0.000120
0.000007
0.000015
-0.000033
-0.000009
0.000063
0.000078
-0.000002
-0.000127
-0.000192
-0.000129
0.000008
0.000085
0.000046
-0.000010
0.000022
0.000115
0.000187
0.000203
0.000198
0.000236
0.000282
0.000197
0.000015
-0.000042
0.000044
0.000040
-0.000126
-0.000260
-0.000244
-0.000198
-0.000216
-0.000223
-0.000153
-0.000060
-0.000013
-0.000004
-0.000003
-0.000025
-0.000053
-0.000004
0.000139
0.000254
0.000258
0.000203
0.000180
0.000187
0.000142
0.000037
-0.000047
-0.000085
-0.000117
-0.000153
-0.000151
-0.000113
-0.000109
-0.000149
-0.000167
-0.000153
-0.000131
-0.000077
0.000017
0.000108
0.000138
0.000090
0.000032
0.000058
0.000147
0.000177
0.000129
0.000083
0.000064
0.000048
0.000010
-0.000037
-0.000047
-0.000016
-0.000007
-0.000060
-0.000124
-0.000137
-0.000121
-0.000098
-0.000056
-0.000009
-0.000010
-0.000068
-0.000094
-0.000046
0.000010
0.000066
0.000150
0.000178
0.000112
0.000058
0.000086
0.000150
0.000174
0.000117
0.000008
-0.000053
-0.000037
-0.000066
-0.000224
-0.000392
-0.000434
-0.000344
-0.000170
0.000010
0.000099
0.000085
0.000079
0.000165
0.000238
0.000187
0.000113
0.000149
0.000248
0.000291
0.000255
0.000202
0.000171
0.000140
0.000067
-0.000029
-0.000077
-0.000072
-0.000070
-0.000137
-0.000302
-0.000416
-0.000281
-0.000014
0.000083
-0.000023
-0.000099
-0.000049
-0.000002
-0.000036
-0.000078
-0.000092
-0.000091
-0.000061
-0.000039
-0.000091
-0.000157
-0.000110
0.000018
0.000076
0.000031
-0.000008
0.000032
0.000083
0.000054
-0.000007
0.000017
0.000112
0.000156
0.000116
0.000084
0.000126
0.000182
0.000162
0.000062
-0.000052
-0.000100
-0.000040
0.000079
0.000140
0.000102
0.000028
-0.000032
-0.000075
-0.000068
0.000009
0.000065
-0.000005
-0.000143
-0.000231
-0.000254
-0.000219
-0.000109
0.000000
-0.000001
-0.000075
-0.000070
0.000044
0.000119
0.000054
-0.000044
-0.000048
0.000020
0.000093
0.000177
0.000277
0.000340
0.000305
0.000183
0.000052
-0.000039
-0.000152
-0.000328
-0.000457
-0.000404
-0.000230
-0.000105
-0.000035
0.000076
0.000212
0.000270
0.000204
0.000072
-0.000035
-0.000084
-0.000078
-0.000041
-0.000039
-0.000090
-0.000103
-0.000025
0.000078
0.000149
0.000191
0.000198
0.000161
0.000105
0.000060
0.000015
-0.000069
-0.000188
-0.000245
-0.000181
-0.000081
-0.000052
-0.000048
0.000014
0.000094
0.000108
0.000061
0.000027
0.000041
0.000058
0.000044
0.000010
-0.000060
-0.000150
-0.000163
-0.000043
0.000127
0.000206
0.000162
0.000089
0.000050
0.000012
-0.000046
-0.000101
-0.000115
-0.000074
-0.000024
-0.000026
-0.000046
-0.000006
0.000087
0.000138
0.000137
0.000157
0.000212
0.000245
0.000189
0.000039
-0.000130
-0.000266
-0.000361
-0.000376
-0.000300
-0.000176
-0.000084
-0.000075
-0.000114
-0.000132
-0.000108
-0.000068
-0.000030
0.000016
0.000049
0.000031
0.000012
0.000069
0.000176
0.000244
0.000239
0.000199
0.000143
0.000090
0.000077
0.000100
0.000109
0.000087
0.000046
-0.000024
-0.000079
-0.000042
0.000019
0.000011
0.000008
0.000055
0.000052
-0.000036
-0.000118
-0.000136
-0.000083
-0.000000
0.000010
-0.000060
-0.000098
-0.000083
-0.000072
-0.000055
0.000019
0.000125
0.000150
0.000036
-0.000117
-0.000161
-0.000123
-0.000151
-0.000220
-0.000157
0.000026
0.000142
0.000137
0.000110
0.000138
0.000203
0.000214
0.000123
0.000006
-0.000054
-0.000075
-0.000091
-0.000085
-0.000037
0.000055
0.000136
0.000132
0.000082
0.000031
-0.000071
-0.000172
-0.000156
-0.000100
-0.000109
-0.000112
-0.000053
-0.000028
-0.000043
0.000032
0.000173
0.000220
0.000173
0.000147
0.000140
0.000092
0.000024
-0.000008
-0.000030
-0.000082
-0.000126
-0.000106
-0.000044
-0.000007
0.000006
0.000048
0.000088
0.000040
-0.000110
-0.000247
-0.000234
-0.000132
-0.000112
-0.000131
-0.000042
0.000081
0.000079
-0.000003
-0.000065
-0.000092
-0.000048
0.000093
0.000230
0.000269
0.000230
0.000182
0.000163
0.000134
0.000049
-0.000064
-0.000126
-0.000094
-0.000012
0.000023
-0.000007
-0.000034
-0.000046
-0.000090
-0.000166
-0.000223
-0.000208
-0.000113
-0.000013
-0.000003
-0.000062
-0.000058
0.000065
0.000160
0.000082
-0.000042
-0.000014
0.000108
0.000188
0.000234
0.000220
0.000056
-0.000134
-0.000147
-0.000068
-0.000083
-0.000119
-0.000049
0.000038
0.000047
0.000035
0.000044
0.000044
0.000013
-0.000035
-0.000029
0.000054
0.000123
0.000117
0.000093
0.000113
0.000174
0.000223
0.000207
0.000128
0.000042
-0.000031
-0.000141
-0.000294
-0.000354
-0.000249
-0.000128
-0.000121
-0.000156
-0.000136
-0.000081
-0.000048
-0.000034
0.000013
0.000103
0.000180
0.000172
0.000045
-0.000124
-0.000217
-0.000228
-0.000198
-0.000117
-0.000019
0.000022
0.000037
0.000094
0.000143
0.000111
0.000051
0.000047
0.000097
0.000135
0.000124
0.000084
0.000031
-0.000023
-0.000031
0.000051
0.000198
0.000296
0.000256
0.000112
-0.000023
-0.000062
-0.000029
-0.000011
-0.000037
-0.000072
-0.000118
-0.000191
-0.000231
-0.000192
-0.000145
-0.000138
-0.000098
-0.000018
-0.000019
-0.000084
-0.000028
0.000144
0.000189
0.000056
-0.000032
0.000014
0.000047
-0.000011
-0.000068
-0.000052
-0.000017
-0.000011
0.000004
0.000080
0.000184
0.000203
0.000087
-0.000062
-0.000106
-0.000031
0.000058
0.000071
0.000019
0.000008
0.000076
0.000072
-0.000108
-0.000297
-0.000297
-0.000164
-0.000089
-0.000099
-0.000086
-0.000008
0.000075
0.000114
0.000136
0.000199
0.000280
0.000295
0.000229
0.000143
0.000064
0.000001
-0.000028
-0.000060
-0.000139
-0.000214
-0.000212
-0.000174
-0.000163
-0.000120
0.000005
0.000120
0.000138
0.000086
0.000027
0.000018
0.000054
0.000038
-0.000050
-0.000102
-0.000072
-0.000042
-0.000057
-0.000060
-0.000034
-0.000029
-0.000029
0.000005
0.000054
0.000091
0.000134
0.000178
0.000154
0.000066
0.000010
-0.000011
-0.000024
0.000055
0.000216
0.000283
0.000207
0.000131
0.000093
-0.000029
-0.000234
-0.000388
-0.000467
-0.000525
-0.000531
-0.000433
-0.000279
-0.000133
0.000008
0.000123
0.000146
0.000123
0.000159
0.000239
0.000253
0.000181
0.000115
0.000114
0.000147
0.000180
0.000207
0.000209
0.000157
0.000056
-0.000023
-0.000020
0.000011
-0.000015
-0.000055
-0.000046
-0.000056
-0.000149
-0.000233
-0.000193
-0.000053
0.000078
0.000126
0.000102
