4800
-0.000045
0.000039
0.000029
-0.000051
-0.000104
-0.000106
-0.000079
-0.000051
-0.000034
-0.000006
0.000011
-0.000028
-0.000083
-0.000063
0.000041
0.000134
0.000151
0.000135
0.000146
0.000156
0.000113
0.000084
0.000147
0.000210
0.000147
0.000010
-0.000080
-0.000120
-0.000152
-0.000131
-0.000054
-0.000024
-0.000070
-0.000092
-0.000029
0.000079
0.000169
0.000176
0.000055
-0.000120
-0.000180
-0.000129
-0.000141
-0.000212
-0.000153
0.000055
0.000221
0.000241
0.000178
0.000100
0.000028
-0.000029
-0.000074
-0.000087
-0.000067
-0.000060
-0.000064
-0.000020
0.000077
0.000151
0.000139
0.000059
-0.000021
-0.000072
-0.000094
-0.000086
-0.000081
-0.000095
-0.000075
-0.000011
0.000018
-0.000031
-0.000104
-0.000125
-0.000083
-0.000019
0.000045
0.000104
0.000111
0.000035
-0.000031
0.000025
0.000153
0.000190
0.000107
0.000062
0.000133
0.000173
0.000088
-0.000001
-0.000012
-0.000044
-0.000142
-0.000185
-0.000113
-0.000045
-0.000068
-0.000084
-0.000008
0.000062
0.000017
-0.000030
0.000037
0.000081
0.000018
-0.000007
0.000050
0.000060
0.000008
-0.000011
-0.000010
-0.000074
-0.000180
-0.000185
-0.000023
0.000145
0.000112
-0.000040
-0.000080
-0.000014
0.000003
-0.000041
-0.000063
-0.000023
0.000031
0.000025
0.000029
0.000159
0.000324
0.000345
0.000232
0.000138
0.000133
0.000132
0.000046
-0.000119
-0.000291
-0.000395
-0.000428
-0.000459
-0.000511
-0.000486
-0.000318
-0.000113
-0.000021
-0.000041
-0.000042
0.000046
0.000181
0.000306
0.000386
0.000422
0.000446
0.000475
0.000457
0.000311
0.000058
-0.000116
-0.000088
-0.000012
-0.000073
-0.000188
-0.000181
-0.000071
-0.000012
-0.000032
-0.000033
0.000004
0.000001
-0.000052
-0.000083
-0.000082
-0.000103
-0.000145
-0.000137
-0.000051
0.000023
-0.000008
-0.000075
-0.000013
0.000180
0.000291
0.000184
-0.000015
-0.000114
-0.000061
0.000050
0.000075
-0.000016
-0.000105
-0.000120
-0.000116
-0.000126
-0.000091
0.000002
0.000076
0.000073
0.000027
-0.000015
-0.000049
-0.000046
0.000036
0.000131
0.000108
-0.000029
-0.000107
-0.000011
0.000136
0.000157
0.000085
0.000035
-0.000006
-0.000063
-0.000042
0.000081
0.000154
0.000086
-0.000023
-0.000039
0.000048
0.000108
0.000025
-0.000137
-0.000225
-0.000214
-0.000197
-0.000214
-0.000219
-0.000191
-0.000130
-0.000033
0.000065
0.000137
0.000202
0.000277
0.000333
0.000320
0.000227
0.000133
0.000097
0.000091
0.000047
-0.000048
-0.000137
-0.000169
-0.000177
-0.000209
-0.000246
-0.000253
-0.000207
-0.000078
0.000089
0.000151
0.000081
0.000037
0.000104
0.000176
0.000147
0.000048
-0.000025
-0.000038
-0.000040
-0.000068
-0.000096
-0.000101
-0.000088
-0.000061
-0.000060
-0.000124
-0.000186
-0.000135
0.000036
0.000208
0.000254
0.000191
0.000140
0.000146
0.000144
0.000100
0.000051
0.000015
-0.000008
0.000004
-0.000012
-0.000163
-0.000370
-0.000423
-0.000309
-0.000200
-0.000138
-0.000004
0.000202
0.000301
0.000209
0.000077
0.000085
0.000228
0.000326
0.000286
0.000174
0.000064
0.000037
0.000124
0.000189
0.000145
0.000097
0.000075
-0.000015
-0.000181
-0.000310
-0.000332
-0.000317
-0.000371
-0.000440
-0.000368
-0.000139
0.000095
0.000223
0.000274
0.000280
0.000177
-0.000038
-0.000186
-0.000174
-0.000134
-0.000152
-0.000150
-0.000096
-0.000059
-0.000054
-0.000015
0.000072
0.000146
0.000182
0.000195
0.000165
0.000115
0.000122
0.000190
0.000222
0.000145
0.000003
-0.000092
-0.000113
-0.000130
-0.000159
-0.000127
-0.000030
0.000041
0.000062
0.000087
0.000109
0.000071
-0.000017
-0.000084
-0.000085
-0.000053
-0.000028
0.000001
0.000023
-0.000005
-0.000056
-0.000050
0.000011
0.000054
0.000064
0.000064
0.000020
-0.000079
-0.000136
-0.000089
-0.000013
-0.000008
-0.000075
-0.000114
-0.000059
0.000027
0.000030
-0.000038
-0.000032
0.000118
0.000262
0.000226
0.000062
-0.000058
-0.000087
-0.000095
-0.000105
-0.000067
0.000025
0.000080
0.000012
-0.000124
-0.000172
-0.000096
-0.000013
0.000013
0.000051
0.000126
0.000149
0.000103
0.000095
0.000142
0.000136
0.000050
-0.000025
-0.000051
-0.000093
-0.000159
-0.000148
-0.000043
0.000020
-0.000007
-0.000015
0.000043
0.000086
0.000046
-0.000037
-0.000057
0.000022
0.000084
0.000019
-0.000076
-0.000064
0.000002
0.000019
-0.000006
-0.000031
-0.000025
0.000021
0.000051
-0.000012
-0.000127
-0.000161
-0.000066
0.000050
0.000068
0.000024
0.000014
0.000059
0.000130
0.000176
0.000152
0.000069
-0.000067
-0.000195
-0.000103
0.000240
0.000508
0.000449
0.000192
-0.000034
-0.000194
-0.000332
-0.000374
-0.000277
-0.000198
-0.000279
-0.000423
-0.000450
-0.000347
-0.000210
-0.000059
0.000081
0.000119
0.000084
0.000121
0.000263
0.000372
0.000347
0.000257
0.000219
0.000218
0.000176
0.000112
0.000085
0.000070
0.000017
-0.000073
-0.000149
-0.000160
-0.000096
-0.000021
-0.000011
-0.000062
-0.000086
-0.000012
0.000092
0.000100
-0.000001
-0.000101
-0.000110
-0.000023
0.000077
0.000078
-0.000022
-0.000121
-0.000169
-0.000166
-0.000098
0.000003
0.000081
0.000149
0.000217
0.000232
0.000169
0.000068
-0.000059
-0.000205
-0.000284
-0.000230
-0.000133
-0.000098
-0.000083
-0.000022
0.000046
0.000067
0.000086
0.000153
0.000054
-0.000532
-0.000933
-0.000089
0.001082
0.001006
0.000084
-0.000799
-0.001253
-0.000430
0.001290
0.001991
0.001429
0.000977
0.000879
0.000451
-0.000342
-0.001030
-0.001300
-0.001100
-0.000760
-0.000689
-0.000797
-0.000746
-0.000486
-0.000155
0.000112
0.000193
0.000104
0.000070
0.000205
0.000318
0.000274
0.000162
0.000044
-0.000002
0.000129
0.000248
0.000107
-0.000153
-0.000192
0.000102
0.000500
0.000742
0.000762
0.000535
0.000137
-0.000108
-0.000063
-0.000053
-0.000296
-0.000524
-0.000450
-0.000195
0.000006
0.000079
0.000001
-0.000118
-0.000095
-0.000000
-0.000014
-0.000130
-0.000255
-0.000324
-0.000283
-0.000135
-0.000005
-0.000056
-0.000220
-0.000222
0.000005
0.000222
0.000200
0.000000
-0.000089
0.000060
0.000282
0.000389
0.000374
0.000303
0.000219
0.000185
0.000280
0.000378
0.000186
-0.000219
-0.000407
-0.000267
-0.000090
-0.000061
-0.000070
-0.000049
-0.000064
-0.000037
0.000022
-0.000153
-0.000492
-0.000599
-0.000367
0.000052
0.000407
0.000394
0.000169
0.000341
0.000882
0.001008
0.000470
-0.000265
-0.000957
-0.001256
-0.000614
0.000409
0.000805
0.000756
0.000813
0.000813
0.000452
-0.000241
-0.001080
-0.001675
-0.001489
-0.000621
0.000041
0.000054
-0.000054
0.000191
0.000512
0.000366
-0.000256
-0.000854
-0.001044
-0.000697
0.000051
0.000740
0.000967
0.000879
0.001007
0.001364
0.001289
0.000572
-0.000175
-0.000459
-0.000402
-0.000232
0.000019
0.000146
-0.000072
-0.000330
-0.000292
-0.000266
-0.000671
-0.001342
-0.001705
-0.001472
-0.000963
-0.000580
-0.000446
-0.000677
-0.001422
-0.002239
-0.002131
-0.000935
0.000317
0.001127
0.002197
0.003848
0.005345
0.006049
0.005935
0.005015
0.003461
0.002069
0.001295
0.000424
-0.001084
-0.002473
-0.003008
-0.003142
-0.003490
-0.003969
-0.004446
-0.004970
-0.005243
-0.004943
-0.004386
-0.004022
-0.003606
-0.002578
-0.000885
0.001007
0.002582
0.003633
0.004372
0.005122
0.005868
0.006231
0.005930
0.005147
0.004369
0.003886
0.003428
0.002468
0.000924
-0.000733
-0.002090
-0.003124
-0.004015
-0.004921
-0.005734
-0.006004
-0.005462
-0.004472
-0.003543
-0.002710
-0.001775
-0.000724
0.000362
0.001373
0.002104
0.002491
0.002810
0.003276
0.003653
0.003590
0.003127
0.002601
0.002196
0.001788
0.001198
0.000441
-0.000279
-0.000763
-0.000997
-0.001182
-0.001532
-0.001983
-0.002244
-0.002195
-0.001957
-0.001699
-0.001530
-0.001380
-0.000996
-0.000302
0.000410
0.000773
0.000772
0.000844
0.001307
0.001675
0.000139
-0.006003
-0.015103
-0.017615
-0.008331
0.002588
0.005284
0.006340
0.013684
0.021070
0.021797
0.019073
0.014328
0.005128
-0.003297
-0.003551
-0.000555
-0.003307
-0.009119
-0.010353
-0.007244
-0.004929
-0.006305
-0.011378
-0.017122
-0.018774
-0.015594
-0.011264
-0.007909
-0.004930
-0.001222
0.005080
0.014178
0.020407
0.018426
0.012936
0.012058
0.014594
0.014145
0.010338
0.006680
0.003846
0.002012
0.002096
0.001358
-0.004081
-0.011988
-0.016535
-0.016571
-0.015574
-0.016055
-0.017292
-0.016167
-0.010398
-0.002320
0.003272
0.005314
0.006448
0.008140
0.010392
0.013110
0.014327
0.011901
0.008555
0.008893
0.011435
0.010748
0.006027
0.000849
-0.003030
-0.006078
-0.008407
-0.010701
-0.013986
-0.016556
-0.015291
-0.010640
-0.006408
-0.004559
-0.003463
-0.000999
0.002817
0.006129
0.007361
0.006941
0.006671
0.007803
0.010267
0.012513
0.012089
0.008652
0.005205
0.003563
0.001461
-0.003003
-0.008044
-0.011420
-0.012660
-0.011639
-0.009102
-0.007449
-0.007367
-0.006243
-0.002883
-0.000068
0.000155
-0.000261
0.000917
0.003139
0.005768
0.009398
0.012624
0.012872
0.011301
0.010496
0.008765
0.003699
-0.002349
-0.006321
-0.008685
-0.009997
-0.009378
-0.007886
-0.007439
-0.006898
-0.004476
-0.001826
-0.001155
-0.001383
-0.000589
0.001012
0.002592
0.004048
0.005005
0.004980
0.004503
0.004286
0.003824
0.002318
0.000340
-0.000753
-0.000645
-0.000223
-0.000188
-0.000419
-0.000646
-0.001102
-0.002264
-0.003670
-0.003845
-0.002514
-0.001325
-0.001211
-0.000964
0.000548
0.002297
0.002454
0.001136
0.000318
0.000864
0.001657
0.002005
0.002281
0.002397
0.002084
0.001867
0.001877
0.000891
-0.001588
-0.003857
-0.004331
-0.003697
-0.003262
-0.002819
-0.001601
0.000215
0.001900
0.002907
0.002955
0.002039
0.000626
-0.000386
-0.000485
-0.000227
-0.000422
-0.000765
-0.000244
0.001045
0.001743
0.001134
0.000011
-0.000797
-0.001353
-0.001746
-0.001790
-0.001672
-0.001620
-0.001160
0.000105
0.001432
0.001834
0.001431
0.000972
0.000732
0.000542
0.000269
-0.000112
-0.000400
-0.000240
0.000268
0.000400
-0.000193
-0.000756
-0.000608
-0.000230
-0.000126
0.000075
0.000486
0.000666
0.000817
0.001331
0.001542
0.000853
0.000045
-0.000150
-0.000330
-0.001001
-0.001611
-0.001911
-0.002281
-0.002331
-0.001406
-0.000200
0.000341
0.000714
0.001576
0.002358
0.002439
0.002059
0.001536
0.000986
0.000664
0.000585
0.000267
-0.000493
-0.001255
-0.001657
-0.001778
-0.001780
-0.001751
-0.001617
-0.001118
-0.000290
0.000410
0.000782
0.001007
0.001083
0.000907
0.000680
0.000576
0.000442
0.000248
0.000293
0.000653
0.000993
0.001099
0.001029
0.000758
0.000304
-0.001456
-0.008729
-0.021777
-0.028081
-0.017487
-0.001738
0.004422
0.008868
0.022778
0.036029
0.036650
0.030353
0.023161
0.010938
-0.003774
-0.010223
-0.010033
-0.014600
-0.022267
-0.021904
-0.013969
-0.008604
-0.009717
-0.013994
-0.018010
-0.019011
-0.016000
-0.011135
-0.005760
0.001487
0.011185
0.021901
0.031674
0.036436
0.031959
0.022049
0.015441
0.012111
0.004749
-0.006261
-0.013221
-0.014495
-0.014056
-0.012935
-0.011594
-0.013138
-0.017077
-0.018138
-0.015350
-0.013152
-0.012435
-0.009425
-0.002204
0.007667
0.017355
0.023603
0.025021
0.023974
0.022385
0.018608
0.011605
0.003485
-0.003750
-0.009251
-0.011526
-0.010739
-0.010439
-0.012361
-0.013550
-0.012077
-0.010460
-0.010672
-0.011035
-0.009697
-0.006416
-0.001130
0.005456
0.011203
0.014876
0.017321
0.019084
0.018965
0.015792
0.010215
0.004217
-0.000645
-0.004136
-0.006800
-0.008961
-0.010330
-0.010597
-0.010024
-0.009182
-0.008503
-0.008020
-0.007209
-0.005439
-0.002650
0.000631
0.003721
0.006153
0.007964
0.009309
0.009561
0.007967
0.005294
0.003126
0.001724
0.000432
-0.000540
-0.000700
-0.000541
-0.000690
-0.001009
-0.001423
-0.002354
-0.003740
-0.004811
-0.005140
-0.004950
-0.004376
-0.003208
-0.001397
0.000592
0.002125
0.003034
0.003589
0.003786
0.003426
0.002858
0.002549
0.002237
0.001645
0.001243
0.001326
0.001256
0.000558
-0.000292
-0.000959
-0.002413
-0.007351
-0.017645
-0.027180
-0.024542
-0.010555
0.000994
0.006753
0.016870
0.031208
0.037668
0.034156
0.027964
0.019032
0.004899
-0.007344
-0.011892
-0.015281
-0.022105
-0.024827
-0.018803
-0.011299
-0.009021
-0.010429
-0.012579
-0.014215
-0.013430
-0.009991
-0.005944
-0.001213
0.006304
0.016194
0.025530
0.031793
0.032478
0.026781
0.018911
0.012753
0.005659
-0.005003
-0.014559
-0.018122
-0.017844
-0.016927
-0.015040
-0.012761
-0.012075
-0.011751
-0.009474
-0.006984
-0.006401
-0.005406
-0.001261
0.005208
0.012107
0.018165
0.021634
0.021902
0.020537
0.017787
0.011940
0.003431
-0.004762
-0.010900
-0.015012
-0.016755
-0.016178
-0.014649
-0.012610
-0.009183
-0.005090
-0.002525
-0.001699
-0.000880
0.000738
0.002986
0.005647
0.007852
0.009365
0.011929
0.015484
0.016242
0.012656
0.007776
0.003149
-0.002433
-0.007966
-0.011301
-0.013054
-0.013940
-0.012360
-0.008393
-0.005044
-0.003370
-0.001609
0.000595
0.001965
0.002536
0.003154
0.003842
0.004643
0.005846
0.006829
0.006600
0.005017
0.002573
-0.000083
-0.002343
-0.004084
-0.005302
-0.005185
-0.003129
-0.000302
0.001739
0.002978
0.003672
0.003086
0.001181
-0.000875
-0.002701
-0.004548
-0.005582
-0.004866
-0.003025
-0.001011
0.001220
0.003511
0.004988
0.005418
0.005151
0.004013
0.002167
0.000684
-0.001227
-0.007668
-0.019695
-0.028276
-0.023008
-0.008288
0.002851
0.009580
0.020263
0.032608
0.036766
0.032701
0.026386
0.016912
0.002603
-0.010058
-0.016174
-0.020346
-0.025310
-0.025405
-0.018581
-0.011825
-0.010069
-0.010716
-0.010724
-0.010136
-0.008977
-0.006762
-0.003437
0.001785
0.009868
0.019500
0.027658
0.032049
0.031286
0.025561
0.017819
0.010174
0.001024
-0.010056
-0.018792
-0.021990
-0.021687
-0.020218
-0.017208
-0.013184
-0.010021
-0.007558
-0.004827
-0.002950
-0.002441
-0.000952
0.002989
0.007996
0.012884
0.017540
0.020889
0.021683
0.020151
0.016341
0.009514
0.000702
-0.007417
-0.013643
-0.018162
-0.020272
-0.019321
-0.016306
-0.012311
-0.007592
-0.003090
-0.000090
0.001689
0.003185
0.004255
0.005075
0.006796
0.009158
0.010886
0.012369
0.013929
0.013490
0.009928
0.005171
0.000380
-0.005162
-0.010511
-0.013443
-0.013982
-0.013406
-0.011359
-0.007507
-0.003569
-0.000885
0.001233
0.003168
0.004017
0.003653
0.003264
0.003620
0.004358
0.004810
0.004730
0.004336
0.003682
0.002401
0.000612
-0.000814
-0.001661
-0.002526
-0.003107
-0.002510
-0.001334
-0.000926
-0.001093
-0.001009
-0.001127
-0.001986
-0.002770
-0.002758
-0.002379
-0.001789
-0.000399
0.001658
0.003443
0.004610
0.005356
0.005525
0.004871
0.003477
0.001607
-0.000260
-0.001582
-0.002550
-0.005076
-0.012568
-0.024414
-0.030356
-0.021289
-0.004949
0.005568
0.012942
0.025425
0.036901
0.038022
0.033179
0.028279
0.018383
0.001639
-0.012248
-0.018192
-0.022547
-0.026940
-0.024926
-0.017655
-0.013622
-0.013908
-0.013077
-0.010666
-0.009788
-0.009566
-0.007496
-0.003380
0.003134
0.012715
0.022988
0.030247
0.033341
0.032091
0.026244
0.017901
0.009123
-0.001142
-0.012537
-0.020578
-0.022940
-0.022445
-0.020900
-0.017171
-0.012226
-0.008777
-0.006707
-0.004579
-0.003090
-0.002392
-0.000179
0.004255
0.008975
0.013330
0.017917
0.021393
0.021823
0.019461
0.014837
0.007414
-0.001687
-0.009609
-0.015242
-0.019144
-0.020618
-0.018673
-0.014547
-0.010079
-0.005558
-0.001190
0.001919
0.003541
0.004585
0.005382
0.005933
0.006725
0.007447
0.007463
0.008310
0.010906
0.011796
0.008613
0.004420
0.001086
-0.003578
-0.008946
-0.011468
-0.011620
-0.011912
-0.010872
-0.006786
-0.002452
-0.000297
0.001331
0.003208
0.003229
0.001445
0.000663
0.001596
0.002589
0.003150
0.003974
0.004966
0.005328
0.004668
0.003365
0.001861
-0.000017
-0.002223
-0.003650
-0.003535
-0.002877
-0.002715
-0.002397
-0.001411
-0.000896
-0.001465
-0.001941
-0.001745
-0.001708
-0.001722
-0.000706
0.001060
0.002408
0.003416
0.004654
0.005432
0.004829
0.003340
0.001862
0.000397
-0.001135
-0.003055
-0.008379
-0.019980
-0.031041
-0.028321
-0.011988
0.003252
0.012095
0.022675
0.034927
0.039139
0.035495
0.031582
0.024714
0.008436
-0.010496
-0.020931
-0.024388
-0.026957
-0.026273
-0.020505
-0.015824
-0.015245
-0.013834
-0.009692
-0.007320
-0.008173
-0.008455
-0.005723
0.000244
0.009744
0.020869
0.029302
0.033114
0.032904
0.028372
0.020308
0.011601
0.002535
-0.008533
-0.019103
-0.024434
-0.024500
-0.022241
-0.018050
-0.012226
-0.007991
-0.006755
-0.005654
-0.003051
-0.000733
0.000670
0.002676
0.005837
0.010024
0.015538
0.020868
0.022791
0.020404
0.015381
0.008678
0.000655
-0.007157
-0.013472
-0.018407
-0.021252
-0.020257
-0.015890
-0.010784
-0.006182
-0.001654
0.002225
0.004322
0.005420
0.006911
0.008294
0.008665
0.008627
0.008793
0.008663
0.007845
0.006293
0.003631
-0.000095
-0.003922
-0.007018
-0.009056
-0.009551
-0.008330
-0.006258
-0.004111
-0.001756
0.000634
0.002160
0.002577
0.002409
0.001776
0.000656
-0.000238
-0.000215
0.000371
0.000830
0.001190
0.001808
0.002502
0.002756
0.002492
0.002046
0.001494
0.000596
-0.000499
-0.001175
-0.001341
-0.001660
-0.002335
-0.002782
-0.002814
-0.002882
-0.002887
-0.002162
-0.000738
0.000728
0.002126
0.003692
0.005075
0.005647
0.005270
0.004125
0.002268
-0.000122
-0.002336
-0.003839
-0.006450
-0.014350
-0.026240
-0.030251
-0.018649
-0.001568
0.009139
0.017604
0.029664
0.037857
0.036201
0.031270
0.026143
0.013590
-0.005894
-0.019725
-0.023261
-0.024544
-0.026355
-0.023617
-0.017356
-0.013113
-0.009920
-0.004562
-0.000419
-0.001308
-0.003506
-0.001972
0.002920
0.008997
0.015147
0.019675
0.021671
0.022063
0.019991
0.013506
0.004505
-0.003755
-0.011529
-0.018893
-0.022304
-0.020232
-0.016136
-0.011982
-0.005941
0.001303
0.005869
0.007184
0.007867
0.008115
0.006733
0.005146
0.005163
0.005871
0.006041
0.006257
0.006598
0.005576
0.002408
-0.002256
-0.007473
-0.012073
-0.014805
-0.015438
-0.014333
-0.011181
-0.005943
0.000008
0.005311
0.009663
0.012370
0.012208
0.009863
0.007640
0.005918
0.003328
0.000221
-0.001808
-0.002710
-0.003108
-0.002680
-0.001676
-0.001462
-0.002179
-0.002416
-0.001744
-0.001127
-0.000964
-0.000891
-0.000908
-0.000991
-0.000624
0.000198
0.000717
0.000510
-0.000188
-0.000967
-0.001383
-0.001208
-0.000787
-0.000491
-0.000037
0.001056
0.002613
0.003884
0.004351
0.004071
0.003260
0.001989
0.000393
-0.001157
-0.002411
-0.003458
-0.004181
-0.004047
-0.003009
-0.001824
-0.000892
0.000152
0.001405
0.002391
0.002870
0.003036
0.002918
0.002289
0.001247
0.000269
-0.000516
-0.001426
-0.002335
-0.002621
-0.003120
-0.007391
-0.016955
-0.024526
-0.020386
-0.006923
0.004991
0.012990
0.022295
0.031465
0.034283
0.031529
0.026989
0.017823
0.001714
-0.013785
-0.021005
-0.023279
-0.025942
-0.026149
-0.020737
-0.013578
-0.008362
-0.003650
0.000889
0.002276
0.000770
0.000504
0.002747
0.005450
0.008091
0.011402
0.014794
0.017192
0.017497
0.014112
0.007338
0.000176
-0.005787
-0.011699
-0.017120
-0.019302
-0.017715
-0.014097
-0.008517
-0.000876
0.005678
0.008418
0.009225
0.010471
0.010725
0.008372
0.005131
0.002974
0.001520
0.000508
0.000811
0.001692
0.000882
-0.001995
-0.005107
-0.007279
-0.008962
-0.010633
-0.011691
-0.010982
-0.007942
-0.003229
0.001863
0.006393
0.009753
0.011501
0.011929
0.011535
0.009731
0.005905
0.001360
-0.002022
-0.004030
-0.005223
-0.005426
-0.004628
-0.003557
-0.002425
-0.000869
0.000655
0.001149
0.000560
-0.000404
-0.001301
-0.001843
-0.001733
-0.001131
-0.000461
0.000165
0.000765
0.001032
0.000600
-0.000363
-0.001295
-0.001788
-0.001691
-0.000991
0.000192
0.001699
0.003350
0.004758
0.005376
0.004899
0.003462
0.001434
-0.000845
-0.003045
-0.004702
-0.005431
-0.005157
-0.003970
-0.002040
0.000262
0.002334
0.003620
0.004007
0.003775
0.003040
0.001699
-0.000032
-0.001595
-0.002717
-0.003453
-0.003545
-0.002655
-0.001844
-0.004058
-0.010689
-0.017091
-0.016143
-0.007703
0.001656
0.008705
0.015752
0.023052
0.027133
0.026798
0.023694
0.017463
0.006926
-0.004929
-0.013456
-0.018382
-0.021685
-0.022488
-0.019510
-0.014732
-0.010112
-0.004914
0.000485
0.003145
0.002585
0.001935
0.002510
0.002768
0.002768
0.004332
0.007403
0.010161
0.011454
0.010978
0.008903
0.006020
0.002567
-0.002328
-0.008289
-0.012713
-0.014009
-0.013115
-0.010638
-0.006077
-0.000552
0.003633
0.006371
0.009065
0.011054
0.010413
0.007506
0.004384
0.001798
-0.000404
-0.001703
-0.002042
-0.002499
-0.003405
-0.003878
-0.003868
-0.004491
-0.005976
-0.007257
-0.007706
-0.007429
-0.006183
-0.003683
-0.000387
0.003200
0.006976
0.010373
0.012290
0.012246
0.010600
0.007718
0.003945
0.000081
-0.003056
-0.005239
-0.006411
-0.006316
-0.005074
-0.003354
-0.001718
-0.000414
0.000333
0.000432
0.000099
-0.000458
-0.001233
-0.002020
-0.002233
-0.001623
-0.000716
-0.000051
0.000423
0.000830
0.000988
0.000826
0.000594
0.000532
0.000716
0.001124
0.001648
0.002191
0.002736
0.003128
0.003018
0.002248
0.000978
-0.000589
-0.002257
-0.003694
-0.004560
-0.004642
-0.003840
-0.002288
-0.000386
0.001479
0.003123
0.004323
0.004695
0.004098
0.002789
0.001050
-0.000938
-0.002851
-0.004225
-0.004729
-0.004831
-0.006296
-0.010212
-0.013828
-0.012554
-0.005964
0.001869
0.008148
0.013411
0.017891
0.020005
0.019205
0.016886
0.013433
0.007518
-0.000472
-0.007432
-0.011233
-0.012725
-0.013321
-0.013090
-0.011699
-0.009171
-0.005743
-0.002405
-0.000604
-0.000368
-0.000412
-0.000310
-0.000247
0.000560
0.002576
0.004534
0.005523
0.006409
0.007588
0.007819
0.006501
0.004477
0.001970
-0.001504
-0.005185
-0.007618
-0.008478
-0.008014
-0.006130
-0.003270
-0.000493
0.001987
0.004612
0.006841
0.007622
0.006985
0.005498
0.003252
0.000777
-0.000756
-0.001379
-0.002355
-0.003735
-0.004233
-0.003715
-0.003429
-0.003838
-0.004393
-0.004913
-0.005343
-0.005072
-0.003783
-0.001945
0.000116
0.002557
0.005241
0.007518
0.008845
0.009047
0.008091
0.006189
0.003831
0.001312
-0.001229
-0.003290
-0.004365
-0.004569
-0.004262
-0.003486
-0.002280
-0.000947
0.000260
0.001153
0.001352
0.000694
-0.000338
-0.001254
-0.002055
-0.002652
-0.002744
-0.002393
-0.001835
-0.001002
0.000080
0.001033
0.001683
0.002174
0.002517
0.002555
0.002264
0.001819
0.001414
0.001066
0.000630
0.000094
-0.000309
-0.000478
-0.000658
-0.000974
-0.001171
-0.001110
-0.000907
-0.000429
0.000476
0.001357
0.001703
0.001651
0.001463
0.001098
0.000562
-0.000163
-0.001256
-0.002619
-0.004291
-0.007070
-0.010801
-0.012774
-0.010294
-0.004192
0.002333
0.007445
0.011186
0.013495
0.014187
0.014009
0.013147
0.009866
0.003523
-0.002770
-0.005767
-0.006394
-0.007269
-0.008338
-0.007972
-0.006011
-0.003424
-0.001099
-0.000003
-0.000450
-0.001390
-0.001987
-0.002504
-0.002849
-0.002457
-0.001483
-0.000048
0.002348
0.004907
0.005644
0.004786
0.004555
0.004805
0.003099
-0.000508
-0.003257
-0.004158
-0.004409
-0.004215
-0.003051
-0.001619
-0.000453
0.001463
0.004320
0.006184
0.005817
0.004341
0.003063
0.001955
0.000654
-0.000922
-0.002702
-0.004052
-0.004199
-0.003458
-0.002826
-0.002556
-0.002355
-0.002351
-0.002639
-0.002781
-0.002590
-0.002327
-0.001801
-0.000600
0.000886
0.002068
0.003231
0.004673
0.005770
0.005820
0.004858
0.003391
0.002032
0.001083
0.000225
-0.000819
-0.001585
-0.001577
-0.001058
-0.000522
-0.000135
-0.000027
-0.000328
-0.000835
-0.001356
-0.002023
-0.002837
-0.003468
-0.003672
-0.003374
-0.002519
-0.001251
0.000113
0.001410
0.002549
0.003253
0.003306
0.002826
0.002035
0.001097
0.000247
-0.000308
-0.000614
-0.000742
-0.000537
0.000023
0.000555
0.000725
0.000612
0.000408
0.000124
-0.000245
-0.000535
-0.000579
-0.000390
-0.000098
0.000252
0.000691
0.001106
0.001217
0.000861
-0.000031
-0.001788
-0.004729
-0.008185
-0.010130
-0.008595
-0.003977
0.000958
0.004081
0.005735
0.007142
0.008712
0.010110
0.010086
0.007069
0.002023
-0.001380
-0.001749
-0.001891
-0.003621
-0.004979
-0.004307
-0.002515
-0.000582
0.001044
0.001197
-0.000253
-0.001370
-0.001466
-0.002220
-0.003986
-0.004838
-0.003895
-0.002130
-0.000353
0.001012
0.001613
0.002224
0.003764
0.004918
0.003753
0.001162
-0.000527
-0.001024
-0.001266
-0.001339
-0.001373
-0.001724
-0.001335
0.000894
0.003371
0.003908
0.003254
0.003204
0.003295
0.002342
0.000736
-0.000861
-0.002443
-0.003482
-0.003395
-0.002969
-0.003100
-0.003113
-0.002190
-0.001031
-0.000624
-0.000874
-0.001237
-0.001373
-0.001112
-0.000722
-0.000665
-0.000603
0.000283
0.001863
0.003205
0.003864
0.003940
0.003527
0.002895
0.002358
0.001681
0.000563
-0.000531
-0.000968
-0.000854
-0.000635
-0.000414
-0.000121
0.000108
0.000048
-0.000350
-0.000915
-0.001401
-0.001778
-0.002190
-0.002562
-0.002617
-0.002216
-0.001374
-0.000258
0.000734
0.001299
0.001603
0.001857
0.001857
0.001422
0.000824
0.000329
-0.000140
-0.000571
-0.000700
-0.000502
-0.000234
0.000051
0.000463
0.000859
0.000991
0.000907
0.000813
0.000706
0.000469
0.000124
-0.000179
-0.000324
-0.000280
-0.000120
0.000038
0.000161
0.000199
-0.000098
-0.001104
-0.003184
-0.006146
-0.008271
-0.007121
-0.002752
0.001375
0.002604
0.002335
0.003163
0.005226
0.007008
0.007185
0.005127
0.002049
0.000717
0.001625
0.001927
0.000100
-0.001822
-0.001923
-0.000678
0.000719
0.001197
-0.000008
-0.001814
-0.002207
-0.001758
-0.002768
-0.004871
-0.005581
-0.004388
-0.002687
-0.001309
-0.000570
-0.000435
0.000329
0.002442
0.004046
0.003271
0.001406
0.000726
0.001199
0.001558
0.001322
0.000460
-0.000558
-0.000390
0.001250
0.002518
0.002195
0.001468
0.001520
0.001757
0.001376
0.000428
-0.000854
-0.002055
-0.002523
-0.002420
-0.002606
-0.003003
-0.002708
-0.001776
-0.001139
-0.001004
-0.000857
-0.000539
-0.000272
-0.000237
-0.000563
-0.001004
-0.000870
0.000008
0.000850
0.001056
0.001090
0.001747
0.002965
0.003800
0.003590
0.002722
0.001948
0.001417
0.000866
0.000176
-0.000618
-0.001286
-0.001410
-0.001018
-0.000770
-0.000946
-0.000993
-0.000599
-0.000280
-0.000513
-0.001077
-0.001543
-0.001756
-0.001751
-0.001649
-0.001528
-0.001226
-0.000538
0.000324
0.000891
0.001097
0.001314
0.001706
0.001953
0.001759
0.001269
0.000793
0.000440
0.000193
0.000000
-0.000202
-0.000348
-0.000273
-0.000004
0.000222
0.000340
0.000480
0.000578
0.000467
0.000215
-0.000077
-0.000446
-0.000805
-0.001167
-0.002114
-0.004049
-0.005944
-0.006030
-0.003840
-0.000760
0.001461
0.002253
0.002376
0.003043
0.004554
0.005659
0.005072
0.003269
0.001787
0.001294
0.001244
0.000878
-0.000054
-0.000980
-0.000945
0.000056
0.000803
0.000461
-0.000357
-0.000823
-0.001144
-0.001842
-0.002830
-0.003642
-0.003815
-0.003150
-0.002165
-0.001705
-0.001662
-0.001070
0.000317
0.001589
0.001987
0.001656
0.001115
0.000848
0.001032
0.001222
0.000899
0.000357
0.000338
0.000931
0.001574
0.001893
0.001936
0.001874
0.001828
0.001717
0.001226
0.000274
-0.000706
-0.001385
-0.001939
-0.002480
-0.002745
-0.002586
-0.002119
-0.001483
-0.000949
-0.000838
-0.001055
-0.001135
-0.000913
-0.000683
-0.000619
-0.000499
-0.000083
0.000590
0.001248
0.001620
0.001730
0.001817
0.001924
0.001877
0.001642
0.001333
0.000996
0.000672
0.000441
0.000278
0.000119
0.000045
0.000140
0.000276
0.000225
-0.000054
-0.000406
-0.000711
-0.001028
-0.001415
-0.001756
-0.001906
-0.001889
-0.001764
-0.001455
-0.000911
-0.000248
0.000372
0.000810
0.000951
0.000858
0.000784
0.000845
0.000872
0.000739
0.000540
0.000365
0.000203
0.000104
0.000162
0.000353
0.000582
0.000762
0.000760
0.000500
0.000143
-0.000127
-0.000437
-0.001048
-0.001777
-0.001875
-0.000847
0.000748
0.001732
0.001380
-0.000260
-0.002360
-0.003339
-0.002392
-0.001047
-0.001237
-0.002357
-0.002343
-0.000616
0.001923
0.004096
0.004647
0.003631
0.003103
0.003961
0.004169
0.002372
0.000059
-0.001465
-0.002402
-0.002573
-0.001924
-0.001562
-0.001603
-0.000737
0.000752
0.001201
0.000700
0.000376
-0.000043
-0.001009
-0.001838
-0.002386
-0.003052
-0.003021
-0.001704
-0.000481
-0.000279
0.000010
0.000988
0.001752
0.001990
0.002062
0.001687
0.000867
0.000471
0.000583
0.000395
-0.000001
0.000096
0.000540
0.000921
0.001370
0.001760
0.001609
0.001029
0.000415
-0.000342
-0.001309
-0.002103
-0.002548
-0.002800
-0.002815
-0.002429
-0.001693
-0.000770
0.000074
0.000476
0.000465
0.000539
0.000861
0.000995
0.000701
0.000286
0.000083
0.000129
0.000323
0.000538
0.000691
0.000855
0.001112
0.001311
0.001232
0.000924
0.000617
0.000366
0.000025
-0.000431
-0.000788
-0.000813
-0.000491
-0.000104
0.000014
-0.000113
-0.000196
-0.000204
-0.000410
-0.000865
-0.001236
-0.001277
-0.001081
-0.000777
-0.000366
0.000110
0.000537
0.000802
0.000822
0.000694
0.000657
0.000708
0.000595
0.000304
0.000062
-0.000065
-0.000121
-0.000063
0.000046
0.000043
0.000022
0.000171
0.000320
0.000214
0.000011
-0.000058
-0.000097
-0.000201
-0.000256
-0.000274
-0.000374
-0.000480
-0.000473
-0.000440
-0.000457
-0.000437
-0.000375
-0.000488
-0.000934
-0.001443
-0.001498
-0.001012
-0.000471
-0.000196
0.000057
0.000567
0.001253
0.001915
0.002336
0.002289
0.001904
0.001631
0.001531
0.001192
0.000538
-0.000017
-0.000280
-0.000393
-0.000387
-0.000267
-0.000189
-0.000141
-0.000010
0.000003
-0.000306
-0.000715
-0.001004
-0.001273
-0.001520
-0.001604
-0.001616
-0.001580
-0.001244
-0.000677
-0.000350
-0.000329
-0.000181
0.000250
0.000681
0.000920
0.001034
0.001135
0.001283
0.001428
0.001426
0.001270
0.001103
0.000951
0.000756
0.000576
0.000454
0.000297
0.000017
-0.000366
-0.000785
-0.001151
-0.001382
-0.001463
-0.001437
-0.001355
-0.001204
-0.000882
-0.000402
-0.000041
-0.000022
-0.000156
-0.000130
0.000050
0.000155
0.000127
0.000103
0.000169
0.000260
0.000306
0.000376
0.000569
0.000811
0.000918
0.000832
0.000663
0.000526
0.000452
0.000428
0.000404
0.000308
0.000174
0.000138
0.000207
0.000207
0.000018
-0.000293
-0.000589
-0.000791
-0.000885
-0.000887
-0.000803
-0.000650
-0.000481
-0.000343
-0.000218
-0.000071
0.000031
-0.000009
-0.000140
-0.000204
-0.000151
-0.000056
0.000024
0.000117
0.000262
0.000467
0.000732
0.000984
0.001049
0.000874
0.000653
0.000536
0.000423
0.000208
-0.000031
-0.000201
-0.000320
-0.000448
-0.000636
-0.000833
-0.000869
-0.000733
-0.000635
-0.000680
-0.000765
-0.000838
-0.001026
-0.001333
-0.001389
-0.000927
-0.000255
0.000208
0.000492
0.000806
0.001153
0.001480
0.001756
0.001811
0.001562
0.001278
0.001225
0.001241
0.000989
0.000441
-0.000066
-0.000175
0.000041
0.000125
-0.000097
-0.000269
-0.000179
-0.000138
-0.000414
-0.000847
-0.001186
-0.001321
-0.001253
-0.001141
-0.001189
-0.001307
-0.001241
-0.000974
-0.000681
-0.000427
-0.000145
0.000183
0.000498
0.000755
0.000942
0.001098
0.001286
0.001439
0.001390
0.001134
0.000871
0.000739
0.000656
0.000493
0.000265
0.000035
-0.000174
-0.000326
-0.000460
-0.000667
-0.000853
-0.000877
-0.000822
-0.000794
-0.000700
-0.000504
-0.000360
-0.000345
-0.000382
-0.000423
-0.000455
-0.000411
-0.000294
-0.000233
-0.000240
-0.000156
0.000061
0.000293
0.000484
0.000652
0.000791
0.000889
0.000915
0.000840
0.000723
0.000641
0.000556
0.000426
0.000327
0.000294
0.000226
0.000056
-0.000169
-0.000378
-0.000510
-0.000545
-0.000555
-0.000611
-0.000680
-0.000657
-0.000495
-0.000292
-0.000167
-0.000111
-0.000068
-0.000054
-0.000085
-0.000118
-0.000133
-0.000141
-0.000105
0.000006
0.000125
0.000202
0.000312
0.000486
0.000574
0.000460
0.000271
0.000208
0.000274
0.000290
0.000153
-0.000029
-0.000094
-0.000039
0.000011
-0.000004
-0.000038
-0.000045
-0.000031
-0.000025
-0.000047
-0.000127
-0.000353
-0.000795
-0.001257
-0.001367
-0.001117
-0.000857
-0.000695
-0.000466
-0.000161
0.000145
0.000559
0.001070
0.001329
0.001215
0.001102
0.001195
0.001274
0.001178
0.000969
0.000723
0.000553
0.000513
0.000410
0.000123
-0.000122
-0.000193
-0.000297
-0.000506
-0.000612
-0.000590
-0.000667
-0.000901
-0.001143
-0.001302
-0.001328
-0.001170
-0.000930
-0.000760
-0.000623
-0.000428
-0.000141
0.000299
0.000804
0.001076
0.001024
0.000879
0.000801
0.000740
0.000644
0.000505
0.000328
0.000152
0.000038
0.000052
0.000185
0.000305
0.000249
0.000004
-0.000257
-0.000359
-0.000310
-0.000259
-0.000320
-0.000425
-0.000428
-0.000339
-0.000307
-0.000383
-0.000472
-0.000455
-0.000313
-0.000178
-0.000175
-0.000215
-0.000158
-0.000042
0.000031
0.000064
0.000156
0.000353
0.000564
0.000709
0.000788
0.000766
0.000634
0.000498
0.000411
0.000279
0.000059
-0.000114
-0.000113
-0.000037
-0.000091
-0.000278
-0.000402
-0.000364
-0.000265
-0.000212
-0.000194
-0.000175
-0.000167
-0.000142
-0.000088
-0.000104
-0.000213
-0.000281
-0.000240
-0.000212
-0.000258
-0.000264
-0.000161
-0.000015
0.000108
0.000187
0.000236
0.000297
0.000392
0.000427
0.000298
0.000083
-0.000017
0.000052
0.000169
0.000234
0.000249
0.000227
0.000171
0.000126
0.000146
0.000146
-0.000031
-0.000311
-0.000462
-0.000479
-0.000523
-0.000619
-0.000746
-0.000878
-0.000829
-0.000481
-0.000057
0.000171
0.000198
0.000168
0.000222
0.000430
0.000650
0.000661
0.000568
0.000690
0.000955
0.000975
0.000700
0.000407
0.000203
0.000051
-0.000029
-0.000056
-0.000078
-0.000043
0.000061
0.000055
-0.000165
-0.000462
-0.000697
-0.000777
-0.000618
-0.000407
-0.000418
-0.000525
-0.000455
-0.000241
-0.000033
0.000128
0.000218
0.000271
0.000338
0.000301
0.000066
-0.000182
-0.000259
-0.000243
-0.000233
-0.000199
-0.000123
-0.000033
0.000061
0.000184
0.000343
0.000467
0.000498
0.000514
0.000586
0.000590
0.000384
0.000064
-0.000162
-0.000250
-0.000267
-0.000253
-0.000275
-0.000393
-0.000511
-0.000476
-0.000296
-0.000145
-0.000149
-0.000268
-0.000352
-0.000272
-0.000082
0.000019
-0.000010
0.000045
0.000293
0.000528
0.000585
0.000585
0.000610
0.000548
0.000358
0.000171
0.000077
-0.000007
-0.000155
-0.000273
-0.000289
-0.000282
-0.000317
-0.000335
-0.000246
-0.000058
0.000107
0.000168
0.000162
0.000112
-0.000029
-0.000216
-0.000299
-0.000239
-0.000127
-0.000025
0.000069
0.000131
0.000107
0.000021
-0.000032
-0.000054
-0.000106
-0.000172
-0.000174
-0.000078
0.000067
0.000184
0.000232
0.000236
0.000267
0.000349
0.000410
0.000357
0.000195
0.000004
-0.000167
-0.000276
-0.000271
-0.000184
-0.000137
-0.000202
-0.000284
-0.000252
-0.000191
-0.000299
-0.000541
-0.000667
-0.000545
-0.000288
-0.000081
0.000010
0.000087
0.000251
0.000433
0.000539
0.000601
0.000660
0.000664
0.000594
0.000486
0.000373
0.000297
0.000255
0.000176
0.000048
-0.000063
-0.000106
-0.000088
-0.000050
-0.000055
-0.000127
-0.000240
-0.000363
-0.000444
-0.000414
-0.000320
-0.000294
-0.000302
-0.000227
-0.000159
-0.000228
-0.000301
-0.000209
-0.000058
-0.000021
-0.000040
-0.000007
0.000054
0.000139
0.000288
0.000449
0.000520
0.000482
0.000386
0.000330
0.000377
0.000358
0.000073
-0.000336
-0.000571
-0.000590
-0.000521
-0.000404
-0.000231
-0.000058
0.000058
0.000147
0.000247
0.000290
0.000223
0.000103
0.000011
-0.000029
-0.000057
-0.000097
-0.000068
0.000061
0.000169
0.000163
0.000040
-0.000136
-0.000216
-0.000129
-0.000014
-0.000037
-0.000163
-0.000215
-0.000133
-0.000015
0.000069
0.000146
0.000247
0.000326
0.000331
0.000290
0.000245
0.000158
0.000010
-0.000144
-0.000256
-0.000322
-0.000349
-0.000325
-0.000225
-0.000100
-0.000043
-0.000043
-0.000004
0.000069
0.000077
0.000013
-0.000056
-0.000119
-0.000189
-0.000206
-0.000130
-0.000030
0.000056
0.000176
0.000330
0.000461
0.000542
0.000546
0.000416
0.000173
-0.000052
-0.000174
-0.000227
-0.000285
-0.000376
-0.000460
-0.000453
-0.000324
-0.000151
-0.000037
-0.000011
-0.000009
0.000033
0.000100
0.000129
0.000128
0.000135
0.000087
-0.000075
-0.000213
-0.000155
0.000047
0.000220
0.000319
0.000328
0.000187
0.000009
-0.000018
0.000001
-0.000115
-0.000220
-0.000131
0.000019
0.000110
0.000232
0.000367
0.000333
0.000134
-0.000004
0.000037
0.000129
0.000104
-0.000033
-0.000139
-0.000151
-0.000147
-0.000175
-0.000161
-0.000074
-0.000025
-0.000094
-0.000214
-0.000274
-0.000208
-0.000049
0.000029
-0.000080
-0.000193
-0.000094
0.000134
0.000261
0.000228
0.000140
0.000077
0.000027
-0.000024
-0.000025
0.000052
0.000146
0.000162
0.000076
0.000003
0.000075
0.000215
0.000198
0.000013
-0.000102
-0.000054
-0.000009
-0.000085
-0.000221
-0.000308
-0.000309
-0.000241
-0.000173
-0.000158
-0.000165
-0.000130
-0.000057
-0.000008
-0.000009
-0.000019
0.000002
0.000109
0.000295
0.000425
0.000463
0.000509
0.000532
0.000414
0.000195
-0.000002
-0.000154
-0.000292
-0.000389
-0.000440
-0.000502
-0.000558
-0.000506
-0.000334
-0.000149
-0.000021
0.000058
0.000085
0.000059
0.000057
0.000151
0.000273
0.000310
0.000269
0.000236
0.000234
0.000207
0.000106
-0.000010
-0.000028
0.000064
0.000156
0.000150
0.000044
-0.000085
-0.000157
-0.000154
-0.000129
-0.000111
-0.000088
-0.000087
-0.000140
-0.000174
-0.000121
-0.000019
0.000060
0.000099
0.000116
0.000111
0.000058
-0.000038
-0.000116
-0.000119
-0.000057
-0.000005
0.000021
0.000095
0.000189
0.000148
-0.000037
-0.000195
-0.000232
-0.000216
-0.000239
-0.000279
-0.000237
-0.000102
0.000010
0.000060
0.000136
0.000259
0.000355
0.000408
0.000443
0.000442
0.000352
0.000186
0.000034
-0.000022
0.000019
0.000059
0.000010
-0.000101
-0.000184
-0.000198
-0.000166
-0.000132
-0.000109
-0.000081
-0.000052
-0.000031
-0.000000
0.000021
-0.000005
-0.000040
-0.000044
-0.000051
-0.000034
0.000040
0.000048
-0.000068
-0.000160
-0.000171
-0.000203
-0.000257
-0.000219
-0.000082
0.000033
0.000055
0.000036
0.000077
0.000206
0.000327
0.000325
0.000210
0.000095
0.000048
0.000070
0.000136
0.000178
0.000141
0.000058
-0.000008
-0.000039
-0.000077
-0.000160
-0.000261
-0.000333
-0.000372
-0.000367
-0.000282
-0.000147
-0.000074
-0.000077
-0.000046
0.000052
0.000102
0.000034
-0.000060
-0.000084
-0.000054
0.000020
0.000140
0.000267
0.000352
0.000355
0.000306
0.000280
0.000259
0.000194
0.000108
0.000010
-0.000106
-0.000160
-0.000118
-0.000129
-0.000275
-0.000398
-0.000347
-0.000185
-0.000045
0.000034
0.000075
0.000049
-0.000039
-0.000090
-0.000054
-0.000000
0.000031
0.000110
0.000269
0.000387
0.000350
0.000253
0.000235
0.000243
0.000147
-0.000053
-0.000260
-0.000358
-0.000274
-0.000062
0.000101
0.000081
-0.000063
-0.000161
-0.000117
-0.000004
0.000036
-0.000036
-0.000125
-0.000158
-0.000169
-0.000182
-0.000177
-0.000170
-0.000179
-0.000143
-0.000023
0.000102
0.000144
0.000135
0.000140
0.000136
0.000061
-0.000052
-0.000074
0.000021
0.000092
0.000034
-0.000067
-0.000059
0.000071
0.000212
0.000253
0.000161
0.000034
0.000012
0.000071
0.000076
0.000010
-0.000032
0.000001
0.000085
0.000178
0.000265
0.000335
0.000320
0.000164
-0.000038
-0.000159
-0.000216
-0.000297
-0.000387
-0.000397
-0.000328
-0.000279
-0.000289
-0.000279
-0.000178
-0.000023
0.000099
0.000150
0.000157
0.000142
0.000115
0.000109
0.000131
0.000133
0.000106
0.000096
0.000135
0.000195
0.000199
0.000107
-0.000020
-0.000090
-0.000045
0.000062
0.000056
-0.000102
-0.000203
-0.000131
-0.000065
-0.000153
-0.000252
-0.000184
-0.000036
-0.000006
-0.000085
-0.000109
-0.000038
0.000004
-0.000057
-0.000135
-0.000115
-0.000003
0.000113
0.000175
0.000193
0.000197
0.000182
0.000148
0.000136
0.000161
0.000166
0.000102
0.000011
-0.000026
0.000005
0.000030
-0.000000
-0.000021
0.000039
0.000087
-0.000017
-0.000203
-0.000279
-0.000224
-0.000175
-0.000192
-0.000228
-0.000222
-0.000158
-0.000073
-0.000001
0.000068
0.000141
0.000199
0.000218
0.000189
0.000148
0.000151
0.000188
0.000173
0.000048
-0.000111
-0.000099
0.000128
0.000334
0.000331
0.000200
0.000110
0.000055
-0.000080
-0.000266
-0.000369
-0.000391
-0.000419
-0.000450
-0.000418
-0.000292
-0.000102
0.000052
0.000080
0.000007
-0.000065
-0.000081
-0.000036
0.000078
0.000214
0.000269
0.000232
0.000214
0.000250
0.000240
0.000137
0.000025
-0.000016
0.000017
0.000067
0.000104
0.000154
0.000198
0.000166
0.000058
-0.000045
-0.000079
-0.000038
0.000053
0.000105
0.000034
-0.000089
-0.000136
-0.000133
-0.000139
-0.000123
-0.000106
-0.000166
-0.000266
-0.000266
-0.000140
-0.000029
-0.000020
-0.000046
-0.000029
0.000026
0.000053
0.000011
-0.000031
0.000016
0.000124
0.000181
0.000147
0.000100
0.000100
0.000093
0.000047
0.000033
0.000083
0.000131
0.000144
0.000151
0.000161
0.000125
0.000004
-0.000122
-0.000119
-0.000006
0.000016
-0.000172
-0.000383
-0.000366
-0.000202
-0.000147
-0.000182
-0.000125
0.000008
0.000119
0.000208
0.000235
0.000145
0.000019
-0.000062
-0.000123
-0.000144
-0.000062
0.000081
0.000174
0.000151
0.000055
0.000024
0.000117
0.000213
0.000197
0.000104
0.000024
-0.000035
-0.000115
-0.000197
-0.000198
-0.000097
-0.000007
-0.000056
-0.000197
-0.000251
-0.000160
-0.000041
0.000016
0.000042
0.000088
0.000143
0.000157
0.000121
0.000066
0.000019
-0.000000
-0.000009
-0.000027
-0.000005
0.000089
0.000178
0.000156
0.000033
-0.000078
-0.000121
-0.000139
-0.000165
-0.000180
-0.000160
-0.000121
-0.000070
0.000016
0.000161
0.000317
0.000363
0.000235
0.000040
-0.000072
-0.000098
-0.000113
-0.000115
-0.000040
0.000099
0.000143
0.000000
-0.000189
-0.000272
-0.000247
-0.000145
-0.000026
0.000009
-0.000030
-0.000018
0.000052
0.000052
-0.000012
-0.000002
0.000120
0.000273
0.000380
0.000415
0.000403
0.000358
0.000270
0.000156
0.000039
-0.000106
-0.000295
-0.000452
-0.000490
-0.000426
-0.000320
-0.000211
-0.000134
-0.000079
-0.000011
0.000048
0.000052
0.000021
0.000034
0.000120
0.000195
0.000166
0.000088
0.000067
0.000052
-0.000041
-0.000130
-0.000122
-0.000066
-0.000039
-0.000041
-0.000031
0.000004
0.000027
0.000020
0.000022
0.000047
0.000047
0.000014
0.000004
0.000021
0.000013
-0.000010
-0.000025
-0.000063
-0.000095
-0.000026
0.000118
0.000191
0.000143
0.000064
0.000005
-0.000070
-0.000111
-0.000028
0.000096
0.000133
0.000099
0.000058
0.000009
-0.000054
-0.000100
-0.000115
-0.000114
-0.000085
-0.000032
-0.000007
-0.000032
-0.000077
-0.000096
-0.000051
0.000006
-0.000016
-0.000056
-0.000005
0.000068
0.000058
0.000020
0.000036
0.000078
0.000089
0.000076
0.000045
-0.000030
-0.000093
-0.000034
0.000078
0.000038
-0.000122
-0.000153
-0.000028
0.000026
-0.000052
-0.000068
0.000027
0.000085
0.000086
0.000094
0.000045
-0.000100
-0.000200
-0.000134
0.000016
0.000078
0.000037
0.000038
0.000118
0.000169
0.000138
0.000082
0.000085
0.000130
0.000115
0.000016
-0.000103
-0.000183
-0.000186
-0.000129
-0.000083
-0.000065
-0.000008
0.000066
0.000066
0.000012
-0.000006
0.000012
0.000037
0.000074
0.000085
0.000039
0.000011
0.000058
0.000074
-0.000016
-0.000094
-0.000076
-0.000078
-0.000193
-0.000296
-0.000255
-0.000126
-0.000003
0.000079
0.000105
0.000143
0.000277
0.000443
0.000513
0.000424
0.000216
0.000039
-0.000030
-0.000095
-0.000224
-0.000319
-0.000323
-0.000343
-0.000410
-0.000402
-0.000289
-0.000189
-0.000139
-0.000091
-0.000050
-0.000030
-0.000009
0.000002
0.000036
0.000169
0.000311
0.000297
0.000202
0.000234
0.000364
0.000372
0.000222
0.000093
0.000071
0.000063
0.000020
-0.000006
-0.000008
-0.000023
-0.000042
-0.000060
-0.000106
-0.000144
-0.000099
-0.000023
-0.000026
-0.000066
-0.000050
-0.000004
0.000008
-0.000030
-0.000110
-0.000196
-0.000214
-0.000129
-0.000023
-0.000016
-0.000088
-0.000085
0.000009
0.000031
-0.000059
-0.000114
-0.000072
0.000001
0.000112
0.000276
0.000349
0.000228
0.000040
-0.000084
-0.000159
-0.000169
-0.000043
0.000157
0.000267
0.000207
0.000053
-0.000041
-0.000012
0.000045
0.000020
-0.000057
-0.000101
-0.000102
-0.000093
-0.000064
-0.000012
0.000007
-0.000012
0.000022
0.000095
0.000063
-0.000061
-0.000107
-0.000032
0.000045
0.000022
-0.000070
-0.000139
-0.000129
-0.000028
0.000079
0.000054
-0.000052
-0.000068
0.000008
0.000050
0.000033
0.000045
0.000112
0.000166
0.000186
0.000215
0.000223
0.000159
0.000050
-0.000098
-0.000276
-0.000366
-0.000292
-0.000144
-0.000041
-0.000011
-0.000038
-0.000091
-0.000106
-0.000049
0.000035
0.000098
0.000110
0.000068
0.000050
0.000099
0.000138
0.000106
0.000041
-0.000002
-0.000028
-0.000043
-0.000019
0.000023
0.000011
-0.000062
-0.000133
-0.000143
-0.000077
0.000002
0.000016
-0.000003
0.000007
0.000024
0.000020
0.000032
0.000067
0.000083
0.000108
0.000167
0.000127
-0.000080
-0.000268
-0.000246
-0.000097
-0.000045
-0.000127
-0.000161
-0.000050
0.000092
0.000159
0.000176
0.000182
0.000169
0.000163
0.000212
0.000302
0.000355
0.000275
0.000093
-0.000015
0.000028
0.000079
-0.000027
-0.000267
-0.000431
-0.000395
-0.000309
-0.000321
-0.000320
-0.000180
0.000013
0.000118
0.000104
0.000046
0.000057
0.000122
0.000091
-0.000032
-0.000083
-0.000035
-0.000025
-0.000093
-0.000119
-0.000035
0.000080
0.000150
0.000169
0.000129
0.000032
-0.000066
-0.000116
-0.000131
-0.000142
-0.000138
-0.000089
0.000000
0.000078
0.000121
0.000151
0.000169
0.000174
0.000189
0.000186
0.000136
0.000088
0.000061
0.000007
-0.000074
-0.000099
-0.000054
-0.000027
-0.000055
-0.000058
-0.000007
0.000003
-0.000063
-0.000125
-0.000134
-0.000116
-0.000098
-0.000084
-0.000084
-0.000105
-0.000119
-0.000091
-0.000034
0.000031
0.000097
0.000153
0.000181
0.000177
0.000145
0.000100
0.000059
0.000042
0.000061
0.000076
0.000026
-0.000065
-0.000101
-0.000066
-0.000034
-0.000013
0.000055
0.000099
-0.000006
-0.000183
-0.000252
-0.000193
-0.000115
-0.000086
-0.000083
-0.000045
0.000054
0.000157
0.000158
0.000051
-0.000035
-0.000005
0.000076
0.000087
0.000018
-0.000055
-0.000066
-0.000007
0.000073
0.000131
0.000168
0.000177
0.000119
0.000003
-0.000073
-0.000050
0.000011
0.000032
0.000026
0.000021
-0.000026
-0.000106
-0.000100
0.000016
0.000070
-0.000047
-0.000203
-0.000233
-0.000159
-0.000096
-0.000088
-0.000078
0.000006
0.000124
0.000197
0.000240
0.000292
0.000304
0.000210
0.000025
-0.000159
-0.000257
-0.000278
-0.000237
-0.000101
0.000057
0.000132
0.000179
0.000261
0.000303
0.000255
0.000172
0.000094
-0.000007
-0.000144
-0.000269
-0.000358
-0.000422
-0.000430
-0.000335
-0.000184
-0.000064
-0.000020
-0.000078
-0.000214
-0.000306
-0.000240
-0.000061
0.000093
0.000207
0.000358
0.000511
0.000521
0.000362
0.000225
0.000259
0.000320
0.000203
0.000006
-0.000033
0.000066
0.000106
0.000012
-0.000155
-0.000306
-0.000336
-0.000218
-0.000084
-0.000080
-0.000145
-0.000119
-0.000029
-0.000030
-0.000138
-0.000195
-0.000084
0.000135
0.000284
0.000270
0.000191
0.000156
0.000130
0.000062
-0.000004
-0.000045
-0.000115
-0.000206
-0.000214
-0.000112
-0.000016
-0.000035
-0.000111
-0.000107
-0.000016
0.000048
0.000027
-0.000031
-0.000053
-0.000015
0.000049
0.000077
0.000027
-0.000042
-0.000010
0.000102
0.000139
0.000060
0.000002
0.000051
0.000150
0.000211
0.000193
0.000148
0.000142
0.000153
0.000119
0.000031
-0.000100
-0.000238
-0.000299
-0.000272
-0.000261
-0.000298
-0.000278
-0.000131
0.000068
0.000174
0.000143
0.000087
0.000067
0.000037
0.000006
0.000032
0.000057
-0.000003
-0.000102
-0.000128
-0.000064
0.000015
0.000077
0.000140
0.000144
0.000041
-0.000071
-0.000075
0.000012
0.000117
0.000189
0.000209
0.000185
0.000109
-0.000015
-0.000114
-0.000146
-0.000153
-0.000177
-0.000194
-0.000137
-0.000014
0.000086
0.000114
0.000072
-0.000037
-0.000148
-0.000151
-0.000057
0.000012
0.000027
0.000039
0.000056
0.000065
0.000057
0.000019
-0.000028
-0.000075
-0.000103
-0.000056
0.000050
0.000095
0.000070
0.000079
0.000080
-0.000047
-0.000214
-0.000240
-0.000130
-0.000016
0.000030
0.000033
0.000036
0.000068
0.000132
0.000176
0.000162
0.000143
0.000182
0.000257
0.000282
0.000208
0.000118
0.000085
0.000055
0.000000
-0.000038
-0.000091
-0.000192
-0.000270
-0.000275
-0.000281
-0.000312
-0.000277
-0.000126
0.000038
0.000073
0.000002
-0.000030
0.000005
0.000012
-0.000031
-0.000035
0.000040
0.000100
0.000057
-0.000024
-0.000036
-0.000002
