4640
0.000066
0.000049
0.000060
0.000031
-0.000058
-0.000119
-0.000100
-0.000062
-0.000100
-0.000199
-0.000230
-0.000121
0.000018
0.000030
-0.000076
-0.000107
0.000041
0.000235
0.000310
0.000270
0.000182
0.000069
-0.000039
-0.000094
-0.000092
-0.000082
-0.000082
-0.000053
0.000015
0.000046
-0.000021
-0.000086
-0.000022
0.000049
-0.000049
-0.000167
-0.000037
0.000250
0.000402
0.000388
0.000339
0.000264
0.000120
-0.000054
-0.000212
-0.000346
-0.000467
-0.000559
-0.000574
-0.000501
-0.000371
-0.000196
0.000010
0.000170
0.000228
0.000206
0.000155
0.000127
0.000147
0.000199
0.000254
0.000248
0.000146
0.000025
-0.000025
-0.000010
0.000002
-0.000025
-0.000060
-0.000028
0.000075
0.000147
0.000130
0.000083
0.000060
0.000045
0.000028
0.000029
0.000042
0.000018
-0.000048
-0.000084
-0.000062
-0.000045
-0.000088
-0.000157
-0.000192
-0.000175
-0.000133
-0.000103
-0.000085
-0.000048
0.000043
0.000173
0.000239
0.000173
0.000060
0.000009
0.000008
-0.000011
-0.000056
-0.000099
-0.000124
-0.000114
-0.000030
0.000084
0.000098
0.000012
-0.000011
0.000077
0.000113
0.000020
-0.000047
0.000016
0.000090
0.000072
0.000034
0.000039
0.000031
-0.000029
-0.000094
-0.000118
-0.000101
-0.000050
0.000045
0.000154
0.000166
0.000040
-0.000097
-0.000123
-0.000070
-0.000021
0.000009
0.000025
0.000004
-0.000029
-0.000017
0.000001
-0.000029
-0.000079
-0.000110
-0.000112
-0.000060
0.000027
0.000082
0.000107
0.000168
0.000240
0.000218
0.000110
0.000045
0.000060
0.000054
-0.000065
-0.000244
-0.000327
-0.000248
-0.000112
-0.000042
-0.000059
-0.000086
-0.000035
0.000077
0.000151
0.000144
0.000079
0.000001
-0.000034
-0.000036
-0.000077
-0.000100
0.000017
0.000185
0.000215
0.000127
0.000058
0.000032
-0.000015
-0.000099
-0.000159
-0.000155
-0.000129
-0.000108
-0.000052
0.000055
0.000145
0.000147
0.000084
0.000014
-0.000042
-0.000059
-0.000014
0.000049
0.000031
-0.000082
-0.000173
-0.000177
-0.000148
-0.000128
-0.000114
-0.000109
-0.000066
0.000088
0.000290
0.000375
0.000293
0.000193
0.000226
0.000333
0.000350
0.000222
0.000038
-0.000097
-0.000172
-0.000206
-0.000165
-0.000043
0.000059
0.000037
-0.000066
-0.000156
-0.000212
-0.000228
-0.000215
-0.000221
-0.000237
-0.000200
-0.000088
0.000059
0.000170
0.000160
0.000044
-0.000045
-0.000051
-0.000046
-0.000068
-0.000071
-0.000015
0.000063
0.000085
0.000064
0.000077
0.000108
0.000095
0.000045
0.000008
0.000004
0.000002
-0.000011
-0.000011
-0.000015
-0.000058
-0.000090
-0.000045
0.000028
0.000063
0.000100
0.000172
0.000197
0.000142
0.000107
0.000124
0.000084
-0.000052
-0.000162
-0.000126
-0.000003
0.000029
-0.000061
-0.000105
-0.000050
-0.000039
-0.000117
-0.000175
-0.000150
-0.000072
-0.000025
-0.000055
-0.000096
-0.000079
-0.000034
0.000010
0.000066
0.000133
0.000166
0.000157
0.000152
0.000167
0.000139
0.000044
-0.000035
-0.000051
-0.000069
-0.000119
-0.000101
0.000019
0.000093
0.000018
-0.000092
-0.000117
-0.000097
-0.000091
-0.000093
-0.000109
-0.000095
0.000007
0.000117
0.000148
0.000164
0.000215
0.000222
0.000143
0.000047
-0.000028
-0.000125
-0.000232
-0.000242
-0.000106
0.000052
0.000087
0.000040
0.000034
0.000048
0.000005
-0.000040
-0.000013
0.000046
0.000071
0.000037
-0.000028
-0.000055
-0.000046
-0.000073
-0.000097
-0.000047
0.000002
-0.000024
-0.000055
-0.000023
0.000055
0.000135
0.000149
0.000057
-0.000045
-0.000026
0.000071
0.000087
0.000002
-0.000045
0.000022
0.000099
0.000072
-0.000019
-0.000089
-0.000094
0.000001
0.000117
0.000101
0.000008
0.000009
0.000077
0.000074
0.000007
-0.000037
-0.000044
-0.000021
-0.000025
-0.000156
-0.000360
-0.000444
-0.000372
-0.000283
-0.000220
-0.000107
0.000039
0.000108
0.000083
0.000061
0.000142
0.000296
0.000375
0.000328
0.000264
0.000236
0.000131
-0.000049
-0.000097
0.000053
0.000154
0.000042
-0.000096
-0.000057
0.000058
0.000050
-0.000054
-0.000127
-0.000134
-0.000088
-0.000041
-0.000069
-0.000128
-0.000102
-0.000021
-0.000011
-0.000044
0.000009
0.000122
0.000146
0.000064
-0.000001
0.000013
0.000053
0.000030
-0.000079
-0.000141
-0.000059
0.000044
0.000055
0.000040
0.000025
-0.000056
-0.000147
-0.000110
0.000003
0.000036
-0.000006
-0.000004
0.000072
0.000143
0.000139
0.000080
0.000042
0.000065
0.000094
0.000007
-0.000213
-0.000367
-0.000280
-0.000049
0.000124
0.000184
0.000191
0.000172
0.000112
0.000045
0.000025
0.000050
0.000067
0.000031
-0.000049
-0.000113
-0.000142
-0.000166
-0.000167
-0.000113
-0.000058
-0.000056
-0.000055
-0.000024
-0.000008
-0.000025
-0.000007
0.000104
0.000228
0.000238
0.000178
0.000150
0.000122
0.000047
-0.000012
-0.000008
0.000019
0.000019
-0.000037
-0.000142
-0.000218
-0.000204
-0.000173
-0.000209
-0.000219
-0.000101
0.000035
0.000059
0.000027
0.000040
0.000102
0.000150
0.000141
0.000122
0.000150
0.000163
0.000114
0.000056
0.000011
-0.000046
-0.000128
-0.000223
-0.000279
-0.000231
-0.000118
-0.000036
0.000011
0.000093
0.000188
0.000214
0.000186
0.000140
0.000045
-0.000074
-0.000125
-0.000075
0.000014
0.000008
-0.000137
-0.000245
-0.000169
-0.000035
-0.000028
-0.000115
-0.000128
-0.000022
0.000092
0.000133
0.000138
0.000170
0.000266
0.000396
0.000463
0.000426
0.000332
0.000206
0.000049
-0.000109
-0.000231
-0.000300
-0.000322
-0.000297
-0.000235
-0.000167
-0.000105
-0.000051
-0.000019
0.000003
0.000008
-0.000040
-0.000111
-0.000138
-0.000112
-0.000102
-0.000155
-0.000206
-0.000166
-0.000055
0.000042
0.000093
0.000122
0.000139
0.000159
0.000200
0.000223
0.000157
0.000032
-0.000033
0.000012
0.000084
0.000060
-0.000039
-0.000078
-0.000047
-0.000054
-0.000100
-0.000108
-0.000058
0.000007
0.000049
0.000056
0.000047
0.000065
0.000140
0.000228
0.000240
0.000154
0.000018
-0.000109
-0.000157
-0.000129
-0.000108
-0.000122
-0.000120
-0.000084
-0.000065
-0.000092
-0.000096
0.000001
0.000140
0.000181
0.000099
-0.000011
-0.000080
-0.000103
-0.000061
0.000042
0.000085
-0.000031
-0.000168
-0.000145
-0.000023
0.000054
0.000080
0.000088
0.000060
0.000002
-0.000033
-0.000040
-0.000055
-0.000052
0.000012
0.000081
0.000087
0.000048
-0.000022
-0.000121
-0.000143
0.000003
0.000200
0.000256
0.000174
0.000103
0.000116
0.000134
0.000031
-0.000159
-0.000240
-0.000161
-0.000083
-0.000094
-0.000121
-0.000110
-0.000070
-0.000004
0.000071
0.000123
0.000120
0.000069
0.000027
0.000009
-0.000032
-0.000085
-0.000083
-0.000021
0.000025
0.000019
0.000012
0.000050
0.000118
0.000163
0.000136
0.000052
-0.000001
0.000018
0.000032
-0.000033
-0.000145
-0.000211
-0.000195
-0.000148
-0.000116
-0.000082
-0.000044
-0.000024
-0.000004
0.000025
0.000011
-0.000001
0.000157
0.000437
0.000530
0.000356
0.000156
0.000085
0.000097
0.000097
-0.000001
-0.000185
-0.000321
-0.000354
-0.000367
-0.000394
-0.000399
-0.000400
-0.000380
-0.000258
-0.000074
0.000049
0.000112
0.000182
0.000248
0.000267
0.000249
0.000249
0.000292
0.000336
0.000303
0.000138
-0.000079
-0.000187
-0.000176
-0.000157
-0.000151
-0.000094
0.000032
0.000138
0.000117
0.000022
-0.000007
0.000043
0.000085
0.000082
0.000059
0.000057
0.000081
0.000065
-0.000018
-0.000095
-0.000125
-0.000135
-0.000123
-0.000092
-0.000082
-0.000081
-0.000038
0.000039
0.000080
0.000052
-0.000011
-0.000062
-0.000068
-0.000046
-0.000072
-0.000139
-0.000139
-0.000050
0.000039
0.000065
0.000047
0.000030
0.000057
0.000138
0.000202
0.000178
0.000143
0.000176
0.000150
-0.000016
-0.000171
-0.000170
-0.000035
0.000118
0.000173
0.000093
-0.000050
-0.000142
-0.000141
-0.000122
-0.000167
-0.000225
-0.000177
-0.000028
0.000067
0.000022
-0.000049
0.000015
0.000179
0.000238
0.000108
-0.000039
-0.000037
0.000029
0.000017
-0.000075
-0.000173
-0.000180
-0.000046
0.000121
0.000179
0.000125
0.000056
0.000052
0.000107
0.000154
0.000148
0.000096
0.000023
-0.000047
-0.000096
-0.000112
-0.000065
0.000012
0.000006
-0.000081
-0.000114
-0.000080
-0.000125
-0.000277
-0.000367
-0.000292
-0.000143
-0.000030
0.000032
0.000078
0.000140
0.000236
0.000349
0.000379
0.000237
0.000032
-0.000072
-0.000090
-0.000090
-0.000070
-0.000041
0.000003
0.000078
0.000129
0.000118
0.000106
0.000126
0.000101
-0.000006
-0.000086
-0.000055
-0.000029
-0.000181
-0.000426
-0.000515
-0.000416
-0.000327
-0.000310
-0.000198
0.000067
0.000311
0.000407
0.000418
0.000409
0.000361
0.000294
0.000286
0.000324
0.000311
0.000208
0.000091
0.000041
0.000031
0.000008
-0.000032
-0.000089
-0.000177
-0.000298
-0.000382
-0.000315
-0.000153
-0.000096
-0.000164
-0.000199
-0.000159
-0.000135
-0.000143
-0.000104
-0.000017
0.000015
-0.000034
-0.000073
-0.000049
0.000000
0.000037
0.000056
0.000053
0.000033
0.000027
0.000043
0.000060
0.000065
0.000073
0.000110
0.000143
0.000098
0.000009
-0.000009
0.000081
0.000195
0.000212
0.000098
0.000001
0.000036
0.000064
-0.000011
-0.000064
-0.000046
-0.000034
-0.000041
-0.000029
0.000011
0.000039
0.000031
0.000028
0.000035
-0.000019
-0.000119
-0.000159
-0.000118
-0.000099
-0.000158
-0.000220
-0.000190
-0.000071
0.000037
0.000055
0.000029
0.000038
0.000073
0.000090
0.000066
0.000025
0.000048
0.000153
0.000222
0.000160
0.000041
0.000004
0.000017
-0.000063
-0.000224
-0.000281
-0.000162
-0.000016
0.000029
0.000016
0.000034
0.000085
0.000084
-0.000010
-0.000096
-0.000063
0.000040
0.000100
0.000091
0.000044
-0.000011
-0.000041
-0.000032
-0.000033
-0.000036
0.000032
0.000127
0.000103
-0.000027
-0.000090
-0.000030
0.000044
0.000051
0.000012
-0.000005
0.000018
0.000033
0.000016
-0.000011
-0.000025
-0.000023
0.000014
0.000075
0.000065
-0.000034
-0.000077
0.000001
0.000069
0.000047
0.000002
-0.000040
-0.000103
-0.000134
-0.000098
-0.000073
-0.000112
-0.000143
-0.000076
0.000058
0.000131
0.000089
0.000046
0.000085
0.000119
0.000052
-0.000060
-0.000071
0.000060
0.000206
0.000249
0.000214
0.000159
0.000112
0.000103
0.000104
0.000036
-0.000104
-0.000252
-0.000364
-0.000422
-0.000442
-0.000452
-0.000427
-0.000315
-0.000155
-0.000056
-0.000034
0.000038
0.000221
0.000389
0.000413
0.000351
0.000382
0.000511
0.000480
0.000187
-0.000088
-0.000156
-0.000159
-0.000202
-0.000217
-0.000166
-0.000102
-0.000085
-0.000108
-0.000079
0.000041
0.000136
0.000077
-0.000057
-0.000104
-0.000080
-0.000046
0.000073
0.000258
0.000317
0.000212
0.000095
0.000060
0.000058
0.000005
-0.000103
-0.000210
-0.000254
-0.000206
-0.000125
-0.000080
-0.000032
0.000046
0.000076
0.000018
-0.000086
-0.000162
-0.000153
-0.000146
-0.000229
-0.000222
0.000077
0.000457
0.000544
0.000306
-0.000052
-0.000280
-0.000035
0.000589
0.000682
-0.000223
-0.001148
-0.001017
-0.000048
0.000843
0.001089
0.000697
0.000039
-0.000476
-0.000639
-0.000438
-0.000037
0.000298
0.000396
0.000236
-0.000089
-0.000372
-0.000439
-0.000276
0.000029
0.000293
0.000291
0.000025
-0.000233
-0.000268
-0.000131
-0.000018
-0.000021
-0.000032
0.000053
0.000160
0.000170
0.000075
-0.000022
-0.000037
-0.000004
0.000050
0.000138
0.000181
0.000089
-0.000092
-0.000213
-0.000190
-0.000095
-0.000020
0.000050
0.000110
0.000073
-0.000105
-0.000817
-0.002317
-0.002593
0.000287
0.003404
0.003633
0.002973
0.002753
0.001313
-0.000646
-0.001330
-0.001533
-0.002059
-0.002124
-0.001585
-0.001274
-0.001260
-0.000920
-0.000384
-0.000194
-0.000034
0.000475
0.000666
0.000336
0.000371
0.000750
0.000835
0.000844
0.000816
0.000402
-0.000090
-0.000238
-0.000125
0.000226
0.000806
0.000812
0.000272
0.000186
-0.000498
-0.001623
-0.000580
0.001270
0.001053
-0.000088
-0.000571
-0.000689
-0.000593
-0.000100
0.000517
0.000678
0.000128
-0.000587
-0.000794
-0.000661
-0.000559
-0.000230
0.000334
0.000450
0.000054
-0.000056
0.000231
0.000163
-0.000162
0.000048
0.000473
0.000277
-0.000217
-0.000256
-0.000123
-0.000309
-0.000431
-0.000211
0.000077
0.000308
0.000489
0.000509
0.000271
-0.000076
-0.000209
-0.000097
-0.000085
-0.000258
-0.000293
-0.000172
-0.000120
-0.000033
0.000200
0.000348
0.000277
0.000167
0.000126
0.000079
-0.000018
-0.000074
-0.000026
-0.000000
-0.000018
0.000043
0.000021
-0.000135
-0.000175
-0.000121
-0.000076
-0.000021
-0.000017
0.000060
0.000240
0.000196
0.000012
0.000056
0.000121
-0.000045
-0.000096
0.000148
0.000198
-0.000130
-0.000276
-0.000073
0.000024
0.000030
0.000204
0.000223
-0.000143
-0.000453
-0.000419
-0.000261
-0.000110
-0.000049
-0.000297
-0.000561
-0.000318
0.000185
0.000492
0.000740
0.000998
0.000969
0.000625
0.000205
-0.000228
-0.000562
-0.000517
-0.000151
0.000139
0.000140
-0.000109
-0.000493
-0.000711
-0.000414
0.000144
0.000311
0.000088
-0.000051
-0.000038
0.000017
0.000114
0.000102
-0.000038
-0.000013
0.000218
0.000260
-0.000214
-0.001019
-0.001781
-0.002839
-0.004508
-0.005255
-0.003495
-0.000762
0.000689
0.001877
0.004532
0.007061
0.007474
0.007091
0.007137
0.005815
0.002597
0.000461
0.000505
-0.000035
-0.002032
-0.002959
-0.002333
-0.002466
-0.003588
-0.004006
-0.004307
-0.006012
-0.007743
-0.007476
-0.006165
-0.005346
-0.004187
-0.001827
0.000621
0.002415
0.004277
0.006097
0.006737
0.006438
0.006482
0.006810
0.006431
0.005240
0.003747
0.002427
0.001842
0.001821
0.001172
-0.000488
-0.002167
-0.003374
-0.004472
-0.005368
-0.005896
-0.006503
-0.006933
-0.006032
-0.003950
-0.002225
-0.001332
-0.000543
0.000311
0.001094
0.002149
0.003272
0.003598
0.003291
0.003404
0.004005
0.004227
0.003720
0.002716
0.001465
0.000397
-0.000110
-0.000372
-0.000903
-0.001517
-0.001695
-0.001399
-0.001027
-0.000965
-0.001407
-0.002094
-0.002343
-0.001873
-0.001172
-0.000727
-0.000470
-0.000119
0.000457
0.001202
0.001884
0.002214
0.002116
0.001821
0.001649
0.001579
0.001053
-0.000139
-0.001711
-0.005714
-0.014963
-0.023639
-0.020327
-0.007142
0.001436
0.003730
0.011891
0.025330
0.030690
0.027768
0.026203
0.022078
0.007404
-0.007068
-0.008234
-0.005889
-0.012853
-0.019656
-0.014980
-0.008043
-0.009032
-0.011126
-0.009328
-0.011838
-0.019614
-0.020629
-0.012608
-0.007001
-0.006108
-0.000016
0.012356
0.021821
0.025983
0.028725
0.028513
0.022507
0.015453
0.011893
0.007916
0.000101
-0.007166
-0.009592
-0.009367
-0.009709
-0.010714
-0.012630
-0.015990
-0.018750
-0.018686
-0.016936
-0.015543
-0.013478
-0.008524
-0.000851
0.007708
0.015344
0.020509
0.022533
0.022293
0.020964
0.018349
0.013768
0.007664
0.001547
-0.002950
-0.005207
-0.006251
-0.007815
-0.010277
-0.012392
-0.013393
-0.013718
-0.013772
-0.013462
-0.012649
-0.011025
-0.007837
-0.002604
0.004037
0.010406
0.015062
0.018217
0.020674
0.021514
0.019040
0.013800
0.008003
0.002393
-0.003218
-0.007708
-0.010261
-0.012244
-0.014475
-0.015248
-0.013657
-0.011510
-0.009871
-0.007389
-0.003492
0.000436
0.003730
0.006913
0.009452
0.010080
0.009075
0.007777
0.006462
0.004525
0.002116
0.000182
-0.000715
-0.000765
-0.000434
-0.000082
0.000053
-0.000244
-0.000940
-0.001595
-0.002015
-0.002606
-0.003509
-0.004053
-0.003673
-0.002800
-0.002243
-0.002033
-0.001597
-0.000802
0.000063
0.001041
0.002216
0.003125
0.003520
0.004081
0.004979
0.004801
0.002798
0.000539
-0.001680
-0.007783
-0.018707
-0.024876
-0.017715
-0.004870
0.001838
0.006480
0.018124
0.030135
0.031657
0.027176
0.024070
0.016418
0.000295
-0.012329
-0.013454
-0.013787
-0.020804
-0.024133
-0.016984
-0.009323
-0.008398
-0.007860
-0.004830
-0.006059
-0.011202
-0.010753
-0.003948
0.000154
0.000793
0.006275
0.016937
0.024556
0.026496
0.026344
0.024047
0.017259
0.008719
0.002279
-0.003748
-0.011706
-0.018451
-0.019964
-0.017630
-0.015122
-0.013260
-0.011344
-0.009484
-0.007712
-0.005545
-0.003267
-0.001593
0.000080
0.003093
0.007769
0.013098
0.017310
0.018992
0.018231
0.016217
0.013293
0.008498
0.001795
-0.005128
-0.010751
-0.014573
-0.016137
-0.015254
-0.013213
-0.011616
-0.010249
-0.007825
-0.004335
-0.001000
0.001820
0.004822
0.008138
0.011209
0.013637
0.015004
0.014477
0.011687
0.007497
0.003161
-0.000897
-0.005028
-0.009025
-0.011648
-0.012082
-0.010816
-0.008627
-0.005874
-0.003114
-0.001027
0.000548
0.002208
0.003689
0.004206
0.003897
0.003652
0.003663
0.003316
0.002364
0.001224
0.000179
-0.000819
-0.001594
-0.001719
-0.001109
-0.000209
0.000624
0.001566
0.002673
0.003319
0.002925
0.001710
0.000234
-0.001326
-0.003049
-0.004721
-0.005744
-0.005625
-0.004508
-0.002988
-0.001288
0.000744
0.002735
0.003934
0.004332
0.004455
0.004224
0.003254
0.001948
0.001067
0.000462
-0.000689
-0.003138
-0.008486
-0.017109
-0.022682
-0.017401
-0.005129
0.003193
0.007632
0.016827
0.028699
0.032653
0.028548
0.023865
0.017076
0.003083
-0.011177
-0.016120
-0.016993
-0.022555
-0.027110
-0.021977
-0.012649
-0.008355
-0.006591
-0.002459
-0.000300
-0.003261
-0.004771
-0.000584
0.003410
0.003712
0.006286
0.014066
0.020875
0.022357
0.021264
0.019455
0.014640
0.006889
-0.000465
-0.006791
-0.013698
-0.019847
-0.021955
-0.019868
-0.016197
-0.012357
-0.008320
-0.004198
-0.000343
0.002773
0.004595
0.005204
0.005691
0.006865
0.008489
0.010324
0.012101
0.012736
0.011421
0.008954
0.006260
0.002568
-0.002819
-0.008492
-0.012594
-0.014869
-0.015661
-0.014588
-0.011860
-0.008835
-0.005773
-0.001650
0.003354
0.007741
0.010702
0.012341
0.012763
0.012226
0.010936
0.008504
0.004842
0.000763
-0.002866
-0.005667
-0.007474
-0.008429
-0.008993
-0.008956
-0.007506
-0.004798
-0.001962
0.000424
0.002409
0.003761
0.004291
0.004268
0.003677
0.002280
0.000574
-0.000601
-0.001192
-0.001486
-0.001234
-0.000401
0.000356
0.000799
0.001385
0.002112
0.002347
0.001957
0.001436
0.000926
0.000142
-0.000886
-0.001799
-0.002467
-0.003018
-0.003379
-0.003250
-0.002569
-0.001643
-0.000628
0.000730
0.002388
0.003616
0.003943
0.003834
0.003638
0.002754
0.000976
-0.000700
-0.001663
-0.002303
-0.002542
-0.001732
-0.000309
0.000200
-0.001541
-0.006842
-0.015376
-0.021130
-0.016970
-0.005854
0.002643
0.007963
0.017357
0.029215
0.033975
0.030835
0.026374
0.019662
0.005878
-0.009473
-0.017205
-0.020405
-0.026584
-0.031409
-0.026898
-0.016980
-0.010297
-0.006190
-0.000623
0.003222
0.001977
0.000309
0.002624
0.005254
0.004760
0.005355
0.010659
0.016738
0.019035
0.018611
0.017653
0.014893
0.008998
0.001550
-0.005779
-0.012880
-0.019094
-0.022416
-0.021713
-0.018054
-0.013308
-0.008539
-0.003594
0.001766
0.006287
0.008306
0.008215
0.007928
0.008019
0.007603
0.006964
0.007255
0.007925
0.007464
0.006098
0.004923
0.003051
-0.001008
-0.006117
-0.009894
-0.011908
-0.013014
-0.012959
-0.011158
-0.008705
-0.006683
-0.003560
0.002301
0.008732
0.012168
0.012660
0.012575
0.012121
0.009890
0.006009
0.001801
-0.002150
-0.005521
-0.007317
-0.007175
-0.006286
-0.005735
-0.005150
-0.003739
-0.001682
0.000090
0.000973
0.001254
0.001586
0.002043
0.002241
0.001992
0.001242
0.000063
-0.001061
-0.001593
-0.001596
-0.001415
-0.000916
0.000228
0.001818
0.003232
0.003993
0.003896
0.002975
0.001626
0.000279
-0.001071
-0.002508
-0.003699
-0.004190
-0.003858
-0.002933
-0.001855
-0.000932
0.000013
0.001352
0.002840
0.003674
0.003580
0.003004
0.002197
0.001036
-0.000358
-0.001575
-0.002358
-0.002682
-0.002462
-0.001568
-0.000246
0.001003
0.002229
0.003667
0.003841
-0.000675
-0.010819
-0.020181
-0.020122
-0.011459
-0.002947
0.002997
0.011929
0.023625
0.030148
0.029264
0.025943
0.020408
0.008523
-0.006461
-0.016095
-0.020248
-0.024960
-0.028761
-0.025010
-0.015084
-0.006669
-0.001630
0.003388
0.007565
0.007506
0.004871
0.003859
0.004088
0.002940
0.001966
0.004290
0.008644
0.011178
0.010789
0.009294
0.007583
0.004454
-0.000831
-0.006928
-0.011745
-0.014471
-0.015246
-0.013612
-0.009251
-0.003743
0.000655
0.003998
0.007710
0.010766
0.010608
0.007572
0.004612
0.002864
0.001021
-0.001021
-0.001747
-0.001192
-0.000983
-0.001372
-0.001263
-0.000971
-0.002012
-0.004196
-0.005725
-0.006139
-0.006657
-0.007014
-0.004725
0.000861
0.006542
0.009419
0.010276
0.010507
0.009057
0.005197
0.000837
-0.002370
-0.004929
-0.007028
-0.007302
-0.005312
-0.002634
-0.000643
0.000812
0.002197
0.003172
0.003099
0.002109
0.001066
0.000385
-0.000422
-0.001576
-0.002483
-0.002879
-0.003215
-0.003509
-0.003082
-0.001757
-0.000198
0.001192
0.002714
0.004395
0.005431
0.005159
0.003892
0.002269
0.000459
-0.001515
-0.003227
-0.004213
-0.004532
-0.004352
-0.003387
-0.001501
0.000593
0.002115
0.003164
0.004025
0.004312
0.003660
0.002410
0.000991
-0.000557
-0.002017
-0.002867
-0.003068
-0.003044
-0.002821
-0.002213
-0.001270
0.000182
0.002317
0.004416
0.004905
0.001350
-0.008021
-0.018953
-0.021701
-0.013274
-0.002235
0.004918
0.012256
0.022859
0.030357
0.029590
0.024488
0.018484
0.008272
-0.006559
-0.018629
-0.023733
-0.026011
-0.027576
-0.024177
-0.014677
-0.004861
0.001171
0.005307
0.008994
0.010101
0.008013
0.005480
0.004170
0.003209
0.002563
0.003632
0.006284
0.008315
0.007947
0.005585
0.002814
0.000106
-0.003460
-0.007988
-0.011659
-0.012817
-0.011718
-0.009062
-0.004797
0.000408
0.004609
0.006909
0.008392
0.009479
0.008796
0.005888
0.002599
0.000600
-0.000484
-0.001403
-0.001714
-0.001121
-0.000560
-0.000902
-0.001800
-0.002616
-0.003596
-0.005166
-0.006669
-0.006876
-0.005672
-0.004175
-0.002755
-0.000240
0.003894
0.008002
0.010344
0.010987
0.010262
0.007597
0.003338
-0.000734
-0.003673
-0.005904
-0.007380
-0.007233
-0.005320
-0.002687
-0.000377
0.001374
0.002643
0.003155
0.002627
0.001482
0.000469
-0.000334
-0.001354
-0.002480
-0.003058
-0.002944
-0.002591
-0.002078
-0.000998
0.000658
0.002301
0.003530
0.004427
0.004912
0.004531
0.003104
0.001065
-0.001046
-0.003010
-0.004612
-0.005342
-0.004865
-0.003497
-0.001770
0.000151
0.002147
0.003706
0.004446
0.004529
0.004072
0.002976
0.001480
-0.000212
-0.002342
-0.004269
-0.004268
-0.002232
-0.000309
0.000351
0.000695
0.001250
0.001402
0.000687
-0.001908
-0.008073
-0.016023
-0.019181
-0.013714
-0.003894
0.004780
0.012798
0.021803
0.028425
0.028780
0.024169
0.017361
0.007914
-0.004395
-0.015773
-0.022403
-0.024780
-0.024608
-0.021136
-0.013789
-0.005117
0.001671
0.005895
0.008381
0.009202
0.008039
0.005524
0.002895
0.000952
0.000138
0.000882
0.003023
0.005292
0.006063
0.004789
0.002433
0.000126
-0.002130
-0.004843
-0.007599
-0.009097
-0.008519
-0.006151
-0.002693
0.001168
0.004531
0.006552
0.007109
0.006592
0.005152
0.002807
0.000153
-0.001814
-0.002609
-0.002438
-0.001560
-0.000148
0.001291
0.002029
0.001719
0.000491
-0.001425
-0.003686
-0.005616
-0.006566
-0.006438
-0.005542
-0.004018
-0.001598
0.001836
0.005587
0.008442
0.009540
0.008713
0.006338
0.003141
-0.000108
-0.002851
-0.004653
-0.005226
-0.004597
-0.002997
-0.000780
0.001376
0.002677
0.002862
0.002220
0.001020
-0.000517
-0.001993
-0.003082
-0.003722
-0.003822
-0.003227
-0.002118
-0.000860
0.000455
0.001807
0.002867
0.003325
0.003294
0.002973
0.002328
0.001394
0.000436
-0.000413
-0.001272
-0.002111
-0.002570
-0.002362
-0.001629
-0.000726
0.000175
0.001054
0.001775
0.002175
0.002286
0.002160
0.001672
0.000802
-0.000086
-0.000611
-0.000886
-0.001225
-0.001567
-0.001649
-0.001494
-0.001289
-0.001101
-0.000876
-0.000724
-0.001710
-0.005465
-0.010910
-0.013061
-0.008745
-0.001306
0.004501
0.009116
0.014971
0.020284
0.021351
0.018279
0.013669
0.007751
-0.000572
-0.009421
-0.015279
-0.017579
-0.018055
-0.016825
-0.012713
-0.006529
-0.000851
0.003112
0.005959
0.007692
0.007384
0.005179
0.002505
0.000385
-0.000936
-0.001206
-0.000313
0.001097
0.002067
0.002369
0.002501
0.002633
0.002177
0.000545
-0.002050
-0.004519
-0.005602
-0.004912
-0.003154
-0.001236
0.000467
0.001993
0.003357
0.004350
0.004586
0.003762
0.002070
0.000262
-0.000937
-0.001368
-0.001222
-0.000709
-0.000174
0.000048
0.000049
0.000029
-0.000261
-0.001182
-0.002549
-0.003777
-0.004483
-0.004606
-0.004127
-0.002980
-0.001182
0.001101
0.003484
0.005393
0.006312
0.006002
0.004604
0.002646
0.000727
-0.000772
-0.001673
-0.001917
-0.001480
-0.000403
0.000941
0.001884
0.002029
0.001445
0.000307
-0.001234
-0.002882
-0.004281
-0.005196
-0.005438
-0.004817
-0.003319
-0.001194
0.001150
0.003237
0.004671
0.005265
0.005043
0.004154
0.002736
0.000950
-0.000883
-0.002405
-0.003378
-0.003622
-0.003023
-0.001723
-0.000139
0.001321
0.002433
0.003027
0.002905
0.002070
0.000874
-0.000251
-0.001095
-0.001610
-0.001718
-0.001394
-0.000807
-0.000130
0.000567
0.001107
0.001225
0.000827
0.000056
-0.000829
-0.001758
-0.003143
-0.005398
-0.008029
-0.009611
-0.008793
-0.005296
-0.000071
0.005583
0.010788
0.014716
0.016406
0.015545
0.012656
0.008321
0.002890
-0.003009
-0.008267
-0.011813
-0.013125
-0.012275
-0.009757
-0.006273
-0.002557
0.000837
0.003618
0.005482
0.005902
0.004589
0.002131
-0.000355
-0.002169
-0.003163
-0.003253
-0.002493
-0.001286
-0.000011
0.001274
0.002470
0.003191
0.003135
0.002317
0.000958
-0.000521
-0.001568
-0.001926
-0.001717
-0.001067
-0.000055
0.001016
0.001809
0.002293
0.002496
0.002206
0.001349
0.000273
-0.000647
-0.001265
-0.001508
-0.001385
-0.001140
-0.001010
-0.000885
-0.000597
-0.000406
-0.000656
-0.001221
-0.001809
-0.002341
-0.002655
-0.002418
-0.001543
-0.000275
0.001092
0.002352
0.003309
0.003723
0.003446
0.002571
0.001428
0.000418
-0.000219
-0.000453
-0.000308
0.000135
0.000714
0.001340
0.001851
0.001834
0.001106
-0.000002
-0.001192
-0.002454
-0.003653
-0.004459
-0.004695
-0.004301
-0.003201
-0.001569
0.000180
0.001833
0.003290
0.004208
0.004314
0.003733
0.002604
0.000973
-0.000800
-0.002175
-0.002942
-0.003096
-0.002532
-0.001290
0.000207
0.001463
0.002298
0.002771
0.002825
0.002298
0.001285
0.000252
-0.000423
-0.000836
-0.001154
-0.001232
-0.001007
-0.000705
-0.000380
0.000084
0.000501
0.000569
0.000253
-0.000494
-0.001929
-0.004132
-0.006647
-0.008417
-0.008245
-0.005692
-0.001413
0.003432
0.007745
0.010731
0.012203
0.012383
0.011139
0.008142
0.003778
-0.000958
-0.005214
-0.008227
-0.009326
-0.008726
-0.007320
-0.005348
-0.002504
0.000776
0.003432
0.004860
0.004928
0.003606
0.001376
-0.000821
-0.002508
-0.003739
-0.004346
-0.004009
-0.002872
-0.001343
0.000358
0.001972
0.003098
0.003523
0.003215
0.002171
0.000740
-0.000344
-0.000742
-0.000803
-0.000826
-0.000639
-0.000046
0.000881
0.001903
0.002595
0.002545
0.001861
0.001052
0.000333
-0.000490
-0.001455
-0.002298
-0.002796
-0.002846
-0.002425
-0.001733
-0.001050
-0.000431
0.000104
0.000314
0.000090
-0.000300
-0.000603
-0.000783
-0.000761
-0.000424
0.000128
0.000684
0.001163
0.001552
0.001848
0.002046
0.002037
0.001784
0.001539
0.001453
0.001247
0.000751
0.000308
0.000138
-0.000088
-0.000600
-0.001157
-0.001559
-0.001853
-0.002054
-0.002142
-0.002158
-0.002077
-0.001797
-0.001301
-0.000652
0.000148
0.001004
0.001671
0.002023
0.002084
0.001801
0.001202
0.000545
-0.000002
-0.000520
-0.000961
-0.001065
-0.000771
-0.000266
0.000309
0.000864
0.001281
0.001487
0.001438
0.001079
0.000447
-0.000256
-0.000792
-0.001071
-0.001168
-0.001182
-0.001105
-0.000811
-0.000245
0.000351
0.000660
0.000698
0.000553
-0.000034
-0.001354
-0.003185
-0.004803
-0.005392
-0.004473
-0.002167
0.000884
0.003771
0.005666
0.006514
0.006927
0.006781
0.005248
0.002514
-0.000239
-0.002429
-0.003996
-0.004559
-0.004076
-0.003239
-0.002298
-0.000791
0.001144
0.002571
0.003131
0.003132
0.002451
0.000937
-0.000842
-0.002355
-0.003522
-0.004056
-0.003639
-0.002672
-0.001685
-0.000547
0.000817
0.001860
0.002208
0.002082
0.001625
0.000769
-0.000113
-0.000503
-0.000518
-0.000484
-0.000308
0.000149
0.000745
0.001374
0.001980
0.002247
0.001927
0.001313
0.000798
0.000299
-0.000400
-0.001165
-0.001756
-0.002112
-0.002176
-0.001870
-0.001342
-0.000869
-0.000544
-0.000334
-0.000283
-0.000410
-0.000646
-0.000949
-0.001179
-0.001011
-0.000331
0.000521
0.001181
0.001595
0.001887
0.002141
0.002247
0.001969
0.001366
0.000885
0.000747
0.000704
0.000562
0.000321
-0.000082
-0.000554
-0.000778
-0.000775
-0.000959
-0.001319
-0.001383
-0.001130
-0.000958
-0.000902
-0.000756
-0.000602
-0.000579
-0.000537
-0.000268
0.000131
0.000391
0.000430
0.000405
0.000455
0.000526
0.000510
0.000423
0.000300
0.000096
-0.000103
-0.000048
0.000259
0.000487
0.000528
0.000602
0.000715
0.000624
0.000386
0.000315
0.000399
0.000314
-0.000002
-0.000358
-0.000706
-0.001008
-0.001035
-0.000745
-0.000452
-0.000338
-0.000254
-0.000197
-0.000517
-0.001387
-0.002389
-0.002948
-0.002866
-0.002093
-0.000603
0.001084
0.002150
0.002632
0.003253
0.003993
0.004130
0.003546
0.002658
0.001536
0.000363
-0.000321
-0.000701
-0.001412
-0.002026
-0.001735
-0.000923
-0.000381
0.000038
0.000554
0.000653
0.000168
-0.000412
-0.001045
-0.001929
-0.002601
-0.002615
-0.002354
-0.002156
-0.001671
-0.000784
0.000056
0.000698
0.001288
0.001680
0.001812
0.001978
0.002128
0.001825
0.001162
0.000657
0.000345
0.000021
-0.000096
0.000149
0.000393
0.000418
0.000479
0.000650
0.000678
0.000470
0.000078
-0.000521
-0.001230
-0.001794
-0.002117
-0.002260
-0.002144
-0.001649
-0.000940
-0.000319
0.000101
0.000341
0.000383
0.000261
0.000163
0.000189
0.000204
0.000140
0.000136
0.000272
0.000488
0.000739
0.001016
0.001285
0.001515
0.001717
0.001870
0.001824
0.001487
0.000966
0.000361
-0.000310
-0.000937
-0.001375
-0.001616
-0.001699
-0.001567
-0.001212
-0.000832
-0.000641
-0.000608
-0.000564
-0.000465
-0.000389
-0.000364
-0.000377
-0.000418
-0.000373
-0.000112
0.000233
0.000416
0.000492
0.000706
0.001041
0.001230
0.001161
0.000973
0.000778
0.000532
0.000251
0.000048
-0.000056
-0.000127
-0.000172
-0.000173
-0.000104
0.000055
0.000162
-0.000003
-0.000357
-0.000609
-0.000709
-0.000805
-0.000914
-0.000989
-0.000998
-0.000744
-0.000192
0.000022
-0.000631
-0.001515
-0.001661
-0.001099
-0.000325
0.000544
0.001251
0.001443
0.001603
0.002275
0.002763
0.002385
0.001849
0.001703
0.001285
0.000424
-0.000131
-0.000417
-0.000952
-0.001225
-0.000773
-0.000429
-0.000613
-0.000486
0.000025
-0.000046
-0.000654
-0.000988
-0.001163
-0.001550
-0.001663
-0.001285
-0.001082
-0.001177
-0.000911
-0.000278
0.000171
0.000499
0.000969
0.001275
0.001226
0.001174
0.001211
0.001048
0.000759
0.000607
0.000458
0.000209
0.000137
0.000310
0.000432
0.000456
0.000532
0.000547
0.000367
0.000128
-0.000154
-0.000674
-0.001302
-0.001670
-0.001712
-0.001588
-0.001387
-0.001160
-0.000894
-0.000482
0.000047
0.000451
0.000570
0.000472
0.000260
0.000012
-0.000115
0.000012
0.000315
0.000600
0.000815
0.001056
0.001310
0.001466
0.001495
0.001371
0.001066
0.000702
0.000395
0.000069
-0.000320
-0.000662
-0.000904
-0.001045
-0.001021
-0.000875
-0.000772
-0.000709
-0.000563
-0.000375
-0.000284
-0.000300
-0.000389
-0.000581
-0.000805
-0.000858
-0.000667
-0.000360
-0.000050
0.000263
0.000584
0.000851
0.000991
0.000977
0.000845
0.000683
0.000529
0.000363
0.000216
0.000109
0.000000
-0.000041
0.000120
0.000349
0.000334
0.000089
-0.000036
0.000086
0.000166
-0.000047
-0.000428
-0.000722
-0.000841
-0.000833
-0.000762
-0.000640
-0.000396
-0.000042
0.000175
-0.000047
-0.000691
-0.001336
-0.001528
-0.001352
-0.001228
-0.001030
-0.000246
0.000946
0.001867
0.002431
0.002923
0.003127
0.002803
0.002289
0.001702
0.000727
-0.000314
-0.000775
-0.000948
-0.001397
-0.001687
-0.001288
-0.000694
-0.000395
-0.000106
0.000204
0.000128
-0.000173
-0.000330
-0.000626
-0.001228
-0.001589
-0.001500
-0.001415
-0.001338
-0.000820
-0.000036
0.000496
0.000819
0.001141
0.001295
0.001219
0.001106
0.000940
0.000625
0.000351
0.000283
0.000290
0.000266
0.000342
0.000563
0.000743
0.000752
0.000626
0.000386
0.000019
-0.000410
-0.000797
-0.001090
-0.001251
-0.001293
-0.001295
-0.001214
-0.000910
-0.000461
-0.000122
0.000002
-0.000023
-0.000079
-0.000058
-0.000041
-0.000231
-0.000525
-0.000541
-0.000178
0.000273
0.000625
0.000934
0.001214
0.001435
0.001598
0.001594
0.001342
0.001020
0.000767
0.000423
-0.000108
-0.000571
-0.000692
-0.000569
-0.000484
-0.000532
-0.000630
-0.000662
-0.000589
-0.000544
-0.000669
-0.000835
-0.000834
-0.000746
-0.000716
-0.000635
-0.000399
-0.000136
0.000057
0.000248
0.000458
0.000586
0.000564
0.000475
0.000457
0.000514
0.000512
0.000411
0.000306
0.000245
0.000198
0.000184
0.000277
0.000468
0.000605
0.000548
0.000334
0.000108
-0.000051
-0.000196
-0.000443
-0.000752
-0.000904
-0.000842
-0.000761
-0.000727
-0.000568
-0.000236
0.000072
0.000220
0.000213
-0.000041
-0.000632
-0.001221
-0.001262
-0.000833
-0.000543
-0.000487
-0.000092
0.000817
0.001640
0.001948
0.001974
0.001959
0.001851
0.001676
0.001397
0.000725
-0.000255
-0.000871
-0.000886
-0.000847
-0.000974
-0.000839
-0.000365
0.000041
0.000227
0.000264
0.000117
-0.000201
-0.000543
-0.000864
-0.001199
-0.001437
-0.001426
-0.001219
-0.000916
-0.000485
0.000015
0.000402
0.000696
0.001013
0.001181
0.001031
0.000790
0.000656
0.000483
0.000221
0.000054
0.000013
0.000008
0.000068
0.000233
0.000457
0.000654
0.000716
0.000608
0.000416
0.000223
0.000001
-0.000339
-0.000772
-0.001130
-0.001287
-0.001299
-0.001255
-0.001106
-0.000800
-0.000480
-0.000323
-0.000265
-0.000121
0.000083
0.000154
0.000119
0.000264
0.000621
0.000850
0.000857
0.000908
0.001021
0.000979
0.000833
0.000720
0.000544
0.000306
0.000195
0.000176
-0.000009
-0.000359
-0.000595
-0.000659
-0.000731
-0.000797
-0.000677
-0.000419
-0.000236
-0.000174
-0.000139
-0.000112
-0.000112
-0.000117
-0.000125
-0.000142
-0.000145
-0.000146
-0.000127
0.000017
0.000283
0.000445
0.000349
0.000159
0.000095
0.000105
0.000053
0.000014
0.000073
0.000103
0.000039
0.000076
0.000313
0.000553
0.000624
0.000581
0.000475
0.000257
-0.000021
-0.000192
-0.000247
-0.000365
-0.000567
-0.000653
-0.000564
-0.000421
-0.000266
-0.000098
0.000023
0.000082
0.000125
0.000101
-0.000080
-0.000382
-0.000736
-0.001020
-0.000960
-0.000512
-0.000107
-0.000029
0.000029
0.000400
0.000917
0.001239
0.001276
0.001095
0.000794
0.000536
0.000399
0.000260
0.000024
-0.000235
-0.000433
-0.000476
-0.000288
-0.000045
0.000027
0.000043
0.000134
0.000091
-0.000129
-0.000195
-0.000093
-0.000190
-0.000467
-0.000584
-0.000496
-0.000330
-0.000119
0.000014
-0.000047
-0.000142
-0.000103
-0.000041
-0.000083
-0.000116
-0.000080
-0.000065
-0.000023
0.000123
0.000278
0.000438
0.000697
0.000903
0.000846
0.000670
0.000573
0.000475
0.000302
0.000098
-0.000206
-0.000637
-0.000972
-0.001061
-0.000988
-0.000809
-0.000553
-0.000356
-0.000252
-0.000106
0.000065
0.000136
0.000137
0.000091
-0.000083
-0.000254
-0.000153
0.000109
0.000184
0.000099
0.000127
0.000291
0.000459
0.000600
0.000650
0.000490
0.000188
-0.000010
-0.000005
0.000048
0.000025
-0.000021
-0.000021
0.000033
0.000124
0.000214
0.000266
0.000256
0.000166
0.000010
-0.000189
-0.000442
-0.000680
-0.000745
-0.000621
-0.000454
-0.000332
-0.000214
-0.000074
0.000051
0.000121
0.000130
0.000097
0.000073
0.000086
0.000101
0.000082
0.000062
0.000112
0.000236
0.000352
0.000433
0.000518
0.000562
0.000473
0.000292
0.000110
-0.000108
-0.000368
-0.000511
-0.000455
-0.000343
-0.000282
-0.000163
0.000082
0.000285
0.000238
-0.000029
-0.000261
-0.000266
-0.000147
-0.000125
-0.000216
-0.000297
-0.000355
-0.000437
-0.000495
-0.000451
-0.000354
-0.000263
-0.000100
0.000146
0.000296
0.000300
0.000367
0.000563
0.000664
0.000560
0.000437
0.000457
0.000542
0.000539
0.000413
0.000246
0.000107
0.000033
0.000034
0.000024
-0.000057
-0.000090
-0.000020
-0.000022
-0.000193
-0.000415
-0.000587
-0.000672
-0.000661
-0.000673
-0.000771
-0.000743
-0.000422
-0.000018
0.000191
0.000243
0.000308
0.000434
0.000596
0.000738
0.000759
0.000646
0.000536
0.000484
0.000365
0.000135
-0.000071
-0.000177
-0.000245
-0.000321
-0.000376
-0.000404
-0.000437
-0.000480
-0.000508
-0.000458
-0.000251
0.000060
0.000250
0.000216
0.000132
0.000149
0.000168
0.000052
-0.000187
-0.000456
-0.000597
-0.000437
-0.000068
0.000179
0.000243
0.000353
0.000478
0.000394
0.000167
0.000050
0.000088
0.000141
0.000146
0.000138
0.000132
0.000104
0.000044
-0.000033
-0.000082
-0.000066
-0.000005
0.000026
0.000004
-0.000008
0.000024
0.000051
0.000034
-0.000012
-0.000063
-0.000118
-0.000188
-0.000295
-0.000421
-0.000440
-0.000266
-0.000049
-0.000009
-0.000124
-0.000151
0.000046
0.000320
0.000449
0.000418
0.000355
0.000316
0.000262
0.000160
0.000002
-0.000164
-0.000229
-0.000142
0.000018
0.000135
0.000140
0.000051
-0.000046
-0.000113
-0.000190
-0.000296
-0.000412
-0.000522
-0.000571
-0.000432
-0.000085
0.000284
0.000512
0.000645
0.000751
0.000725
0.000450
0.000058
-0.000201
-0.000301
-0.000413
-0.000559
-0.000585
-0.000487
-0.000419
-0.000371
-0.000239
-0.000076
0.000043
0.000144
0.000237
0.000285
0.000283
0.000262
0.000274
0.000361
0.000474
0.000527
0.000561
0.000626
0.000601
0.000388
0.000084
-0.000174
-0.000356
-0.000475
-0.000526
-0.000483
-0.000348
-0.000200
-0.000120
-0.000103
-0.000093
-0.000077
-0.000061
-0.000054
-0.000087
-0.000144
-0.000110
0.000053
0.000181
0.000131
-0.000016
-0.000107
-0.000113
-0.000088
-0.000048
0.000033
0.000119
0.000126
0.000078
0.000056
0.000055
0.000024
-0.000051
-0.000147
-0.000201
-0.000145
-0.000002
0.000088
0.000053
-0.000006
0.000025
0.000129
0.000199
0.000126
-0.000063
-0.000166
-0.000058
0.000066
0.000009
-0.000054
0.000087
0.000277
0.000295
0.000184
0.000059
-0.000075
-0.000211
-0.000316
-0.000369
-0.000330
-0.000201
-0.000067
0.000031
0.000118
0.000192
0.000254
0.000296
0.000246
0.000084
-0.000085
-0.000189
-0.000261
-0.000306
-0.000251
-0.000102
0.000019
0.000062
0.000114
0.000200
0.000234
0.000202
0.000181
0.000160
0.000054
-0.000127
-0.000255
-0.000236
-0.000125
-0.000013
0.000086
0.000161
0.000190
0.000176
0.000104
-0.000032
-0.000179
-0.000268
-0.000259
-0.000154
-0.000007
0.000109
0.000131
0.000063
-0.000002
-0.000016
-0.000016
0.000028
0.000138
0.000196
0.000138
0.000056
-0.000011
-0.000091
-0.000127
-0.000080
-0.000020
0.000015
0.000065
0.000138
0.000180
0.000128
-0.000005
-0.000125
-0.000175
-0.000179
-0.000157
-0.000101
-0.000055
-0.000094
-0.000210
-0.000312
-0.000301
-0.000152
0.000030
0.000115
0.000132
0.000214
0.000337
0.000340
0.000203
0.000078
0.000015
-0.000062
-0.000077
0.000101
0.000309
0.000343
0.000265
0.000166
0.000053
-0.000016
-0.000037
-0.000095
-0.000182
-0.000227
-0.000248
-0.000284
-0.000285
-0.000210
-0.000145
-0.000159
-0.000158
-0.000083
-0.000031
-0.000049
-0.000040
0.000040
0.000135
0.000196
0.000194
0.000165
0.000222
0.000351
0.000375
0.000240
0.000099
0.000050
0.000025
-0.000060
-0.000195
-0.000319
-0.000349
-0.000206
0.000042
0.000170
0.000096
-0.000018
-0.000077
-0.000161
-0.000244
-0.000165
0.000019
0.000051
-0.000080
-0.000115
0.000039
0.000192
0.000197
0.000145
0.000153
0.000183
0.000153
0.000052
-0.000092
-0.000233
-0.000296
-0.000277
-0.000266
-0.000298
-0.000282
-0.000136
0.000095
0.000247
0.000213
0.000090
0.000067
0.000195
0.000335
0.000358
0.000292
0.000205
0.000090
-0.000047
-0.000142
-0.000183
-0.000227
-0.000273
-0.000229
-0.000084
0.000031
0.000060
0.000109
0.000200
0.000212
0.000139
0.000075
0.000004
-0.000113
-0.000171
-0.000097
-0.000038
-0.000123
-0.000244
-0.000254
-0.000152
-0.000008
0.000120
0.000211
0.000255
0.000228
0.000154
0.000113
0.000111
0.000065
-0.000060
-0.000198
-0.000269
-0.000242
-0.000136
-0.000029
0.000014
0.000072
0.000182
0.000197
0.000102
0.000082
0.000157
0.000158
0.000029
-0.000118
-0.000177
-0.000142
-0.000081
-0.000080
-0.000136
-0.000144
-0.000052
0.000060
0.000071
-0.000061
-0.000226
-0.000247
-0.000113
0.000036
0.000098
0.000077
0.000039
0.000027
0.000021
0.000020
0.000061
0.000156
0.000247
0.000233
0.000108
-0.000022
-0.000070
-0.000020
0.000070
0.000098
-0.000005
-0.000215
-0.000375
-0.000368
-0.000273
-0.000171
-0.000016
0.000155
0.000230
0.000258
0.000362
0.000489
0.000478
0.000309
0.000135
0.000064
0.000067
0.000075
0.000055
-0.000007
-0.000111
-0.000190
-0.000178
-0.000133
-0.000157
-0.000226
-0.000251
-0.000253
-0.000288
-0.000290
-0.000189
-0.000053
0.000019
0.000019
0.000009
0.000037
0.000086
0.000097
0.000063
0.000035
0.000021
0.000006
0.000014
0.000025
-0.000005
-0.000023
0.000030
0.000080
0.000009
-0.000149
-0.000237
-0.000161
0.000030
0.000184
0.000185
0.000083
0.000005
-0.000022
-0.000028
0.000006
0.000079
0.000120
0.000099
0.000089
0.000132
0.000150
0.000091
0.000023
-0.000010
-0.000053
-0.000111
-0.000125
-0.000109
-0.000158
-0.000279
-0.000341
-0.000254
-0.000083
0.000093
0.000269
0.000406
0.000424
0.000338
0.000240
0.000180
0.000154
0.000109
-0.000050
-0.000312
-0.000478
-0.000386
-0.000157
-0.000051
-0.000111
-0.000143
-0.000072
-0.000031
-0.000084
-0.000128
-0.000047
0.000114
0.000154
0.000027
-0.000028
0.000124
0.000281
0.000279
0.000200
0.000148
0.000111
0.000043
-0.000035
-0.000077
-0.000127
-0.000226
-0.000277
-0.000229
-0.000200
-0.000220
-0.000146
0.000079
0.000296
0.000344
0.000279
0.000231
0.000161
0.000007
-0.000121
-0.000122
-0.000082
-0.000110
-0.000194
-0.000231
-0.000134
0.000055
0.000172
0.000137
0.000082
0.000130
0.000185
0.000126
0.000028
-0.000016
-0.000066
-0.000112
-0.000018
0.000148
0.000150
0.000002
-0.000064
-0.000032
-0.000082
-0.000219
-0.000289
-0.000239
-0.000138
-0.000043
0.000012
0.000041
0.000112
0.000208
0.000207
0.000150
0.000199
0.000306
0.000321
0.000249
0.000123
-0.000055
-0.000210
-0.000294
-0.000301
-0.000202
-0.000083
-0.000095
-0.000172
-0.000157
-0.000105
-0.000136
-0.000226
-0.000293
-0.000295
-0.000209
-0.000058
0.000086
0.000171
0.000254
0.000363
0.000386
0.000260
0.000124
0.000117
0.000175
0.000153
0.000036
-0.000088
-0.000151
-0.000131
-0.000061
0.000013
0.000081
0.000145
0.000200
0.000212
0.000116
-0.000067
-0.000214
-0.000267
-0.000260
-0.000207
-0.000109
-0.000029
-0.000003
0.000015
0.000053
0.000081
0.000081
0.000041
-0.000026
-0.000036
0.000023
0.000031
-0.000034
-0.000065
-0.000047
-0.000033
-0.000026
-0.000005
0.000015
-0.000007
-0.000059
-0.000053
0.000036
0.000091
0.000053
0.000030
0.000083
0.000122
0.000098
0.000076
0.000093
0.000113
0.000074
-0.000058
-0.000193
-0.000169
-0.000004
0.000105
0.000057
-0.000062
-0.000130
-0.000133
-0.000115
-0.000074
0.000005
0.000057
0.000030
-0.000014
-0.000016
-0.000010
-0.000028
-0.000044
-0.000029
0.000008
0.000028
0.000018
0.000037
0.000128
0.000221
0.000250
0.000234
0.000158
-0.000005
-0.000144
-0.000160
-0.000148
-0.000230
-0.000342
-0.000310
-0.000120
0.000055
0.000145
0.000225
0.000289
0.000267
0.000176
0.000073
-0.000027
-0.000106
-0.000123
-0.000059
0.000008
-0.000036
-0.000162
-0.000203
-0.000102
0.000025
0.000089
0.000099
0.000066
0.000007
-0.000035
-0.000075
-0.000137
-0.000161
-0.000092
-0.000002
0.000038
0.000078
0.000146
0.000168
0.000116
0.000077
0.000080
0.000033
-0.000081
-0.000136
-0.000074
0.000009
-0.000011
-0.000123
-0.000186
-0.000137
-0.000049
0.000032
0.000113
0.000160
0.000103
-0.000026
-0.000080
-0.000016
0.000040
0.000018
0.000032
0.000155
0.000259
0.000240
0.000181
0.000165
0.000161
0.000139
0.000118
0.000112
0.000101
0.000048
-0.000059
-0.000169
-0.000239
-0.000302
-0.000370
-0.000381
-0.000289
-0.000148
-0.000055
-0.000042
-0.000050
-0.000028
0.000005
-0.000002
-0.000050
-0.000076
-0.000049
-0.000032
-0.000063
-0.000101
-0.000097
-0.000021
0.000104
0.000189
0.000201
0.000210
0.000209
0.000142
0.000078
0.000080
0.000084
0.000035
-0.000033
-0.000078
-0.000089
-0.000069
-0.000002
0.000091
0.000137
0.000112
0.000075
0.000063
0.000047
-0.000013
-0.000083
-0.000099
-0.000087
-0.000126
-0.000186
-0.000171
-0.000086
-0.000013
0.000025
0.000039
0.000022
0.000010
0.000103
0.000282
0.000331
0.000149
-0.000100
-0.000250
-0.000293
-0.000266
-0.000163
0.000010
0.000175
0.000205
0.000086
-0.000025
-0.000018
0.000028
0.000030
0.000016
0.000024
0.000023
-0.000012
-0.000034
-0.000007
0.000015
-0.000027
-0.000084
-0.000081
-0.000054
-0.000044
-0.000014
0.000030
0.000023
-0.000019
-0.000032
0.000015
0.000072
0.000033
-0.000096
-0.000134
-0.000017
0.000072
0.000016
-0.000036
0.000041
0.000131
0.000131
0.000116
0.000141
0.000134
0.000076
0.000045
0.000073
0.000102
0.000105
0.000087
-0.000024
-0.000239
-0.000370
-0.000271
-0.000106
-0.000095
-0.000184
-0.000159
0.000026
0.000182
0.000146
0.000030
0.000021
0.000090
0.000092
-0.000007
-0.000091
-0.000029
0.000121
0.000156
0.000014
-0.000105
-0.000031
0.000085
0.000013
-0.000147
-0.000116
0.000104
0.000256
0.000215
0.000105
0.000069
0.000079
0.000021
-0.000086
-0.000114
-0.000068
-0.000083
-0.000190
-0.000270
-0.000245
-0.000170
-0.000122
-0.000125
-0.000178
-0.000238
-0.000248
-0.000186
-0.000056
0.000105
0.000223
0.000277
0.000329
0.000383
0.000369
0.000269
0.000158
0.000109
0.000091
0.000038
-0.000011
0.000008
0.000046
0.000018
-0.000063
-0.000111
-0.000087
-0.000034
-0.000027
-0.000085
-0.000146
-0.000128
-0.000054
-0.000022
-0.000052
-0.000090
-0.000110
-0.000082
0.000029
0.000133
0.000077
-0.000089
-0.000119
0.000067
0.000228
0.000181
0.000070
0.000054
0.000063
-0.000001
-0.000099
-0.000157
-0.000164
-0.000124
-0.000038
0.000043
0.000051
0.000011
0.000031
0.000104
0.000087
-0.000038
-0.000085
0.000027
0.000130
0.000072
-0.000068
-0.000116
-0.000039
0.000045
0.000041
-0.000023
-0.000079
-0.000069
0.000005
0.000062
0.000038
-0.000031
-0.000079
-0.000056
0.000053
0.000167
0.000161
0.000057
-0.000012
-0.000023
-0.000013
0.000045
0.000113
0.000077
-0.000030
-0.000097
-0.000119
-0.000128
-0.000092
-0.000011
0.000040
0.000004
-0.000071
-0.000104
-0.000114
-0.000158
-0.000183
-0.000125
-0.000022
0.000093
0.000208
0.000270
0.000270
0.000262
0.000236
0.000141
0.000040
0.000032
0.000053
-0.000021
-0.000160
-0.000258
-0.000292
-0.000261
-0.000159
