5120
-0.000050
-0.000125
-0.000090
-0.000103
-0.000193
-0.000194
-0.000076
-0.000008
-0.000054
-0.000083
-0.000000
0.000123
0.000189
0.000194
0.000151
0.000068
-0.000023
-0.000092
-0.000135
-0.000113
0.000014
0.000168
0.000223
0.000171
0.000112
0.000099
0.000053
-0.000088
-0.000228
-0.000249
-0.000199
-0.000177
-0.000150
-0.000073
-0.000020
-0.000028
-0.000038
-0.000011
0.000048
0.000095
0.000089
0.000071
0.000081
0.000064
-0.000011
-0.000049
0.000033
0.000143
0.000128
0.000018
-0.000008
0.000089
0.000152
0.000103
0.000014
-0.000048
-0.000084
-0.000099
-0.000073
-0.000001
0.000034
-0.000037
-0.000144
-0.000187
-0.000191
-0.000215
-0.000220
-0.000157
-0.000063
0.000016
0.000080
0.000135
0.000173
0.000196
0.000224
0.000250
0.000211
0.000118
0.000074
0.000058
-0.000077
-0.000274
-0.000334
-0.000253
-0.000160
-0.000096
-0.000052
-0.000033
-0.000008
0.000093
0.000246
0.000315
0.000277
0.000239
0.000220
0.000189
0.000167
0.000111
-0.000022
-0.000125
-0.000117
-0.000070
-0.000055
-0.000065
-0.000089
-0.000121
-0.000127
-0.000118
-0.000129
-0.000119
-0.000062
-0.000020
-0.000009
0.000010
0.000011
-0.000040
-0.000098
-0.000134
-0.000156
-0.000132
-0.000040
0.000029
0.000010
-0.000032
-0.000045
-0.000047
-0.000017
0.000080
0.000182
0.000206
0.000175
0.000165
0.000187
0.000171
0.000069
-0.000046
-0.000091
-0.000106
-0.000158
-0.000230
-0.000249
-0.000155
0.000031
0.000178
0.000189
0.000129
0.000102
0.000110
0.000111
0.000084
0.000056
0.000075
0.000132
0.000134
0.000030
-0.000118
-0.000229
-0.000290
-0.000315
-0.000277
-0.000159
-0.000053
-0.000069
-0.000124
-0.000057
0.000110
0.000245
0.000288
0.000277
0.000259
0.000235
0.000161
0.000031
-0.000081
-0.000139
-0.000195
-0.000236
-0.000185
-0.000096
-0.000101
-0.000179
-0.000171
-0.000039
0.000092
0.000153
0.000186
0.000208
0.000202
0.000164
0.000094
-0.000010
-0.000135
-0.000209
-0.000163
-0.000083
-0.000095
-0.000146
-0.000111
-0.000027
-0.000003
-0.000017
0.000019
0.000107
0.000203
0.000292
0.000324
0.000231
0.000084
0.000015
0.000018
-0.000007
-0.000103
-0.000200
-0.000193
-0.000093
-0.000013
-0.000008
-0.000050
-0.000102
-0.000122
-0.000079
-0.000022
-0.000013
-0.000019
0.000035
0.000131
0.000168
0.000102
0.000006
-0.000027
0.000003
0.000009
-0.000080
-0.000224
-0.000277
-0.000143
0.000076
0.000206
0.000209
0.000136
0.000045
0.000070
0.000247
0.000353
0.000237
0.000047
-0.000063
-0.000099
-0.000089
-0.000021
0.000048
-0.000014
-0.000204
-0.000363
-0.000413
-0.000407
-0.000372
-0.000273
-0.000106
0.000039
0.000086
0.000081
0.000106
0.000166
0.000225
0.000260
0.000241
0.000155
0.000072
0.000045
0.000009
-0.000050
-0.000057
-0.000020
-0.000018
-0.000031
0.000028
0.000153
0.000218
0.000124
-0.000062
-0.000175
-0.000181
-0.000172
-0.000163
-0.000077
0.000058
0.000139
0.000152
0.000155
0.000216
0.000330
0.000343
0.000156
-0.000078
-0.000177
-0.000194
-0.000258
-0.000315
-0.000293
-0.000303
-0.000371
-0.000304
-0.000043
0.000202
0.000277
0.000257
0.000269
0.000276
0.000153
-0.000042
-0.000111
-0.000031
0.000038
0.000018
-0.000024
-0.000028
-0.000010
-0.000001
-0.000001
0.000022
0.000084
0.000130
0.000115
0.000084
0.000032
-0.000114
-0.000281
-0.000288
-0.000153
-0.000055
-0.000040
0.000013
0.000115
0.000124
0.000019
-0.000060
-0.000039
0.000044
0.000107
0.000082
0.000001
-0.000053
-0.000051
-0.000016
0.000029
0.000071
0.000099
0.000118
0.000118
0.000083
0.000051
0.000060
0.000060
0.000002
-0.000086
-0.000163
-0.000210
-0.000204
-0.000148
-0.000064
0.000023
0.000075
0.000078
0.000068
0.000074
0.000064
-0.000003
-0.000087
-0.000073
0.000029
0.000077
-0.000000
-0.000123
-0.000167
-0.000125
-0.000078
-0.000030
0.000054
0.000140
0.000171
0.000152
0.000094
-0.000007
-0.000098
-0.000090
0.000022
0.000124
0.000112
0.000016
-0.000069
-0.000084
-0.000026
0.000019
-0.000039
-0.000131
-0.000108
0.000045
0.000146
0.000032
-0.000179
-0.000240
-0.000128
-0.000015
0.000011
0.000025
0.000064
0.000075
0.000069
0.000092
0.000127
0.000155
0.000166
0.000154
0.000173
0.000242
0.000250
0.000133
-0.000011
-0.000081
-0.000063
0.000001
0.000007
-0.000111
-0.000238
-0.000203
-0.000051
-0.000005
-0.000130
-0.000248
-0.000206
-0.000074
-0.000016
-0.000067
-0.000124
-0.000099
-0.000002
0.000068
0.000025
-0.000072
-0.000100
-0.000040
0.000031
0.000054
0.000061
0.000104
0.000124
0.000057
-0.000028
-0.000064
-0.000048
-0.000003
0.000026
0.000034
0.000058
0.000092
0.000096
0.000094
0.000136
0.000161
0.000077
-0.000029
-0.000029
0.000010
-0.000002
-0.000017
0.000008
0.000037
0.000043
0.000038
0.000026
-0.000016
-0.000103
-0.000185
-0.000187
-0.000126
-0.000077
-0.000057
-0.000027
0.000026
0.000078
0.000108
0.000103
0.000055
0.000000
0.000014
0.000061
0.000028
-0.000065
-0.000140
-0.000210
-0.000247
-0.000169
-0.000024
0.000063
0.000070
0.000046
0.000024
0.000047
0.000128
0.000198
0.000209
0.000154
0.000029
-0.000071
-0.000006
0.000173
0.000235
0.000105
-0.000066
-0.000150
-0.000178
-0.000185
-0.000148
-0.000105
-0.000118
-0.000143
-0.000124
-0.000073
-0.000014
0.000019
0.000015
0.000033
0.000088
0.000118
0.000100
0.000075
0.000068
0.000054
0.000004
-0.000068
-0.000101
-0.000034
0.000134
0.000301
0.000329
0.000198
0.000044
-0.000035
-0.000052
-0.000068
-0.000127
-0.000200
-0.000222
-0.000183
-0.000103
-0.000048
-0.000086
-0.000126
-0.000038
0.000088
0.000081
-0.000007
-0.000016
0.000021
-0.000029
-0.000103
-0.000030
0.000105
0.000100
0.000057
0.000185
0.000393
0.000457
0.000359
0.000235
0.000156
0.000054
-0.000125
-0.000292
-0.000371
-0.000421
-0.000497
-0.000553
-0.000538
-0.000429
-0.000216
0.000041
0.000229
0.000275
0.000205
0.000128
0.000132
0.000171
0.000138
0.000052
0.000058
0.000169
0.000229
0.000187
0.000158
0.000177
0.000148
0.000045
-0.000064
-0.000130
-0.000165
-0.000200
-0.000207
-0.000153
-0.000098
-0.000069
0.000024
0.000175
0.000244
0.000201
0.000148
0.000122
0.000086
0.000043
-0.000030
-0.000172
-0.000300
-0.000271
-0.000095
0.000085
0.000131
0.000043
-0.000041
-0.000054
-0.000101
-0.000204
-0.000205
-0.000050
0.000120
0.000186
0.000173
0.000178
0.000211
0.000189
0.000088
-0.000027
-0.000098
-0.000103
-0.000048
0.000019
0.000033
-0.000028
-0.000102
-0.000103
-0.000065
-0.000091
-0.000136
-0.000065
0.000039
-0.000034
-0.000200
-0.000171
0.000045
0.000166
0.000112
0.000073
0.000121
0.000133
0.000064
0.000019
0.000079
0.000182
0.000212
0.000138
0.000027
-0.000053
-0.000092
-0.000102
-0.000098
-0.000097
-0.000077
-0.000053
-0.000075
-0.000122
-0.000134
-0.000132
-0.000133
-0.000076
0.000043
0.000121
0.000099
0.000009
-0.000054
-0.000017
0.000057
0.000045
-0.000034
-0.000056
0.000008
0.000063
0.000045
-0.000008
0.000004
0.000113
0.000208
0.000178
0.000104
0.000121
0.000149
0.000066
-0.000028
-0.000025
-0.000026
-0.000119
-0.000202
-0.000211
-0.000255
-0.000359
-0.000362
-0.000160
0.000097
0.000185
0.000106
0.000053
0.000097
0.000148
0.000176
0.000211
0.000201
0.000095
-0.000004
-0.000007
-0.000040
-0.000213
-0.000379
-0.000361
-0.000234
-0.000154
-0.000103
-0.000010
0.000092
0.000166
0.000222
0.000264
0.000298
0.000332
0.000357
0.000354
0.000322
0.000262
0.000177
0.000080
-0.000011
-0.000106
-0.000215
-0.000296
-0.000309
-0.000273
-0.000230
-0.000202
-0.000175
-0.000135
-0.000110
-0.000103
-0.000063
-0.000014
-0.000018
-0.000056
-0.000060
0.000010
0.000092
0.000050
-0.000095
-0.000173
-0.000127
-0.000034
0.000053
0.000119
0.000164
-0.000124
-0.001072
-0.001487
-0.000063
0.001709
0.002053
0.001703
0.001353
0.000445
-0.000496
-0.000327
0.000318
0.000328
0.000053
-0.000022
-0.000266
-0.000776
-0.001315
-0.001861
-0.001812
-0.000716
0.000274
-0.000320
-0.001956
-0.002512
-0.001365
0.000136
0.001106
0.001476
0.001107
0.000654
0.001382
0.002894
0.003222
0.001559
-0.000362
-0.000502
0.000615
0.001181
0.000823
0.000165
-0.000405
-0.000473
0.000056
0.000223
-0.000915
-0.002566
-0.002948
-0.001882
-0.000936
-0.000974
-0.001386
-0.001347
-0.000548
0.000693
0.001430
0.000906
-0.000280
-0.000548
0.000715
0.002241
0.002460
0.001425
0.000454
0.000246
0.000423
0.000728
0.000980
0.000588
-0.000199
-0.000199
0.000506
0.000357
-0.001010
-0.002011
-0.001625
-0.000756
-0.000435
-0.000505
-0.000610
-0.000723
-0.000595
-0.000109
0.000171
-0.000248
-0.000789
-0.000473
0.000510
0.001059
0.000904
0.000637
0.000519
0.000594
0.001060
0.001539
0.001215
0.000311
-0.000050
0.000198
0.000109
-0.000452
-0.000963
-0.001325
-0.001333
-0.000608
0.000204
0.000063
-0.000585
-0.000503
0.000154
0.000271
-0.000394
-0.001233
-0.001501
-0.000707
0.000403
0.000514
-0.000075
-0.000595
-0.002444
-0.006395
-0.008328
-0.004546
0.000626
0.001947
0.003161
0.008588
0.013527
0.013614
0.012046
0.010504
0.006101
0.000276
-0.002267
-0.003163
-0.006798
-0.010518
-0.009845
-0.007200
-0.006263
-0.005960
-0.005446
-0.006138
-0.006902
-0.005494
-0.003568
-0.003348
-0.002791
0.000485
0.004884
0.008244
0.010654
0.011937
0.011361
0.009908
0.008885
0.007485
0.004423
0.000547
-0.002125
-0.003055
-0.003563
-0.004837
-0.006509
-0.007612
-0.008027
-0.008001
-0.007408
-0.006623
-0.006456
-0.005958
-0.003024
0.001520
0.004482
0.005668
0.007517
0.009900
0.010706
0.009772
0.007848
0.004793
0.001424
-0.000596
-0.001683
-0.003525
-0.005754
-0.006656
-0.006150
-0.005489
-0.005145
-0.004735
-0.003906
-0.002358
-0.000119
0.002015
0.003256
0.003753
0.004130
0.004429
0.003995
0.002504
0.000730
-0.000312
-0.000584
-0.000606
-0.000625
-0.000735
-0.000732
-0.000084
0.000716
0.000392
-0.000529
-0.000177
0.001093
0.001067
-0.000359
-0.001011
-0.000282
-0.000091
-0.001463
-0.003080
-0.004040
-0.005808
-0.010551
-0.016664
-0.017332
-0.009368
0.000168
0.005684
0.012550
0.023862
0.031628
0.030854
0.026331
0.020174
0.009350
-0.002959
-0.009901
-0.013455
-0.019048
-0.023035
-0.020145
-0.014692
-0.012274
-0.010939
-0.008562
-0.007505
-0.007626
-0.005747
-0.002787
-0.001504
0.000460
0.006520
0.014108
0.018812
0.020798
0.021586
0.020075
0.015777
0.010493
0.004809
-0.002148
-0.009012
-0.012832
-0.013453
-0.013368
-0.013646
-0.013093
-0.011018
-0.008513
-0.006738
-0.005521
-0.004124
-0.002273
0.000139
0.003506
0.007648
0.011207
0.013242
0.014371
0.015012
0.013952
0.010230
0.005056
0.000241
-0.003920
-0.007700
-0.010457
-0.011595
-0.011543
-0.010687
-0.008835
-0.006396
-0.004675
-0.004264
-0.003931
-0.002234
0.000488
0.003365
0.006643
0.010166
0.012896
0.014872
0.015960
0.014030
0.008507
0.002396
-0.002389
-0.006924
-0.011138
-0.013225
-0.013095
-0.011831
-0.009372
-0.005953
-0.003173
-0.001529
0.000236
0.002431
0.003911
0.004379
0.004668
0.005059
0.005082
0.004456
0.003260
0.001706
0.000089
-0.001204
-0.001799
-0.001723
-0.001369
-0.000684
0.000735
0.002285
0.002667
0.001993
0.001384
0.000606
-0.001009
-0.002412
-0.002727
-0.002998
-0.003469
-0.002628
-0.000874
-0.000835
-0.002533
-0.002898
-0.001724
-0.003481
-0.010054
-0.015139
-0.011505
-0.001880
0.005616
0.010781
0.018894
0.027917
0.031033
0.027823
0.021445
0.011302
-0.001942
-0.012426
-0.017687
-0.022135
-0.026963
-0.026965
-0.020790
-0.013725
-0.008724
-0.004367
-0.000789
0.000925
0.002396
0.004606
0.005432
0.004790
0.006388
0.011296
0.015756
0.017330
0.017238
0.015856
0.011889
0.005982
0.000061
-0.005905
-0.012319
-0.017110
-0.018113
-0.016292
-0.013834
-0.011000
-0.006969
-0.002180
0.001865
0.004284
0.005315
0.005629
0.005794
0.006204
0.007002
0.007845
0.008109
0.007687
0.007074
0.006150
0.003883
0.000014
-0.004135
-0.007376
-0.009779
-0.011339
-0.011343
-0.010009
-0.008447
-0.006218
-0.002221
0.001852
0.003572
0.004374
0.006585
0.008629
0.008706
0.008472
0.008704
0.007538
0.005080
0.003118
0.000801
-0.003248
-0.007024
-0.008332
-0.008248
-0.008068
-0.006898
-0.004274
-0.001449
0.000775
0.002553
0.003575
0.003362
0.002329
0.001244
0.000301
-0.000713
-0.001710
-0.002057
-0.001434
-0.000537
0.000071
0.000898
0.002103
0.002804
0.002786
0.002854
0.002975
0.002360
0.001360
0.000714
-0.000260
-0.001982
-0.003065
-0.002993
-0.003185
-0.003676
-0.002981
-0.001432
0.000042
0.001986
0.003226
0.001230
-0.002469
-0.005535
-0.010369
-0.016117
-0.014933
-0.005944
0.002392
0.008972
0.019727
0.030909
0.033204
0.028245
0.022734
0.014383
-0.000082
-0.013923
-0.021415
-0.026802
-0.031864
-0.030417
-0.021892
-0.013753
-0.007996
-0.000825
0.006159
0.008382
0.007565
0.007638
0.007469
0.005740
0.005746
0.009059
0.011997
0.012553
0.012854
0.012891
0.009929
0.004114
-0.002004
-0.007796
-0.013488
-0.017487
-0.018355
-0.016824
-0.013785
-0.009020
-0.003002
0.002624
0.006764
0.009223
0.009977
0.009430
0.008223
0.006493
0.004513
0.003159
0.002681
0.002317
0.001647
0.000901
-0.000226
-0.002280
-0.004661
-0.006474
-0.008098
-0.009745
-0.009793
-0.007165
-0.003552
-0.000748
0.001719
0.004379
0.006587
0.008206
0.009142
0.008433
0.006390
0.004779
0.003632
0.001494
-0.001440
-0.003798
-0.005262
-0.006051
-0.006015
-0.005385
-0.004621
-0.003403
-0.001291
0.001089
0.002731
0.003428
0.003532
0.003243
0.002440
0.000896
-0.001127
-0.002739
-0.003467
-0.003633
-0.003237
-0.001893
0.000006
0.001701
0.003173
0.004421
0.004801
0.004119
0.003037
0.001886
0.000419
-0.001255
-0.002761
-0.004050
-0.004745
-0.004035
-0.002321
-0.001029
-0.000088
0.001547
0.003143
0.003513
0.003440
0.003339
0.001531
-0.002522
-0.007480
-0.013292
-0.018783
-0.018355
-0.009953
-0.000443
0.006412
0.016089
0.028884
0.035196
0.031739
0.025404
0.018300
0.006023
-0.009230
-0.020031
-0.026266
-0.031586
-0.032541
-0.025322
-0.015445
-0.008725
-0.002456
0.005601
0.010831
0.010741
0.009268
0.008618
0.006887
0.004782
0.005469
0.008011
0.008935
0.008652
0.009125
0.008535
0.004599
-0.000921
-0.005596
-0.009809
-0.013888
-0.016021
-0.015098
-0.012170
-0.008177
-0.003097
0.002403
0.006778
0.009242
0.010099
0.009689
0.008136
0.005773
0.003270
0.001377
0.000328
-0.000272
-0.000696
-0.000827
-0.000882
-0.001568
-0.003110
-0.004920
-0.006288
-0.006538
-0.005384
-0.003770
-0.002686
-0.001377
0.001187
0.004281
0.006477
0.007181
0.006688
0.005708
0.004391
0.002312
-0.000247
-0.002384
-0.003630
-0.003952
-0.003606
-0.003128
-0.002699
-0.001844
-0.000357
0.001019
0.001544
0.001615
0.001943
0.002165
0.001598
0.000480
-0.000717
-0.001982
-0.003077
-0.003504
-0.003317
-0.002827
-0.001780
0.000111
0.002246
0.003690
0.004330
0.004579
0.004289
0.002924
0.000728
-0.001153
-0.002080
-0.002659
-0.003450
-0.003915
-0.003412
-0.002214
-0.000892
0.000556
0.002559
0.004829
0.005884
0.005161
0.004211
0.003507
0.000760
-0.005796
-0.015349
-0.024199
-0.025813
-0.017683
-0.006477
0.002624
0.013939
0.028825
0.038495
0.038199
0.033181
0.025704
0.012102
-0.005457
-0.019156
-0.027772
-0.034763
-0.036974
-0.030095
-0.019262
-0.010936
-0.003114
0.006454
0.013015
0.013405
0.011452
0.009982
0.007293
0.003844
0.003237
0.005484
0.007207
0.008054
0.009404
0.009213
0.005333
-0.000033
-0.004384
-0.008583
-0.013348
-0.016591
-0.016403
-0.013292
-0.008433
-0.002496
0.003410
0.007887
0.010529
0.011602
0.010984
0.008612
0.005155
0.001726
-0.000663
-0.001769
-0.002183
-0.002304
-0.001982
-0.001519
-0.001811
-0.002998
-0.004020
-0.003943
-0.003189
-0.002973
-0.003408
-0.002879
-0.000253
0.003120
0.005160
0.005740
0.005824
0.005256
0.003400
0.000822
-0.001433
-0.003079
-0.003943
-0.003615
-0.002327
-0.000837
0.000619
0.002128
0.003148
0.002933
0.001740
0.000609
-0.000038
-0.000743
-0.001862
-0.002870
-0.003131
-0.002803
-0.002481
-0.002272
-0.001831
-0.001037
-0.000003
0.001278
0.002649
0.003597
0.003928
0.003931
0.003534
0.002281
0.000379
-0.001178
-0.001921
-0.002501
-0.003343
-0.003660
-0.002824
-0.001504
-0.000360
0.000741
0.001707
0.002614
0.004025
0.004901
0.003588
0.001585
0.000975
-0.001223
-0.009599
-0.020910
-0.024695
-0.017021
-0.006594
-0.000074
0.008354
0.022364
0.032997
0.034010
0.030815
0.026355
0.015693
-0.000811
-0.014715
-0.022816
-0.029309
-0.033399
-0.029732
-0.020502
-0.012381
-0.005054
0.004389
0.012141
0.013630
0.011586
0.010109
0.008057
0.004132
0.001491
0.002404
0.004292
0.004973
0.005729
0.006536
0.004998
0.001207
-0.002322
-0.005230
-0.008933
-0.012617
-0.013539
-0.010966
-0.006895
-0.002845
0.001428
0.005828
0.009045
0.010189
0.009573
0.007808
0.005167
0.002055
-0.000568
-0.001971
-0.002462
-0.002656
-0.002598
-0.002286
-0.002179
-0.002374
-0.002344
-0.002089
-0.002276
-0.002934
-0.003173
-0.002442
-0.001063
0.000643
0.002561
0.004120
0.004699
0.004451
0.003733
0.002308
0.000223
-0.001611
-0.002574
-0.002680
-0.001848
-0.000145
0.001700
0.002903
0.003307
0.003072
0.002222
0.000829
-0.000793
-0.002290
-0.003465
-0.004176
-0.004284
-0.003838
-0.003133
-0.002370
-0.001417
-0.000147
0.001153
0.002059
0.002598
0.003079
0.003421
0.003247
0.002513
0.001498
0.000532
-0.000135
-0.000698
-0.001542
-0.002268
-0.002170
-0.001601
-0.001204
-0.000486
0.000887
0.001790
0.001647
0.001650
0.002471
0.002997
0.002411
0.001042
-0.002841
-0.012378
-0.023209
-0.023962
-0.013448
-0.003826
0.001094
0.011055
0.026641
0.035393
0.033820
0.029854
0.024453
0.011470
-0.006122
-0.018301
-0.024566
-0.030805
-0.034177
-0.028668
-0.018077
-0.009154
-0.001023
0.008330
0.014744
0.015052
0.012745
0.010828
0.007298
0.001831
-0.001174
0.000101
0.002146
0.002896
0.003723
0.004495
0.003419
0.000838
-0.001663
-0.004349
-0.008016
-0.011147
-0.011374
-0.008696
-0.004960
-0.001149
0.002819
0.006551
0.009125
0.009942
0.009090
0.007054
0.004105
0.000663
-0.002095
-0.003298
-0.003390
-0.003367
-0.003652
-0.003677
-0.002494
-0.000586
-0.000048
-0.001276
-0.001964
-0.001309
-0.001159
-0.001676
-0.000910
0.000951
0.001860
0.001812
0.002194
0.002579
0.001660
-0.000023
-0.000982
-0.001100
-0.001035
-0.000584
0.000799
0.002686
0.003982
0.004338
0.004282
0.003777
0.002048
-0.000647
-0.002934
-0.004423
-0.005769
-0.006661
-0.006129
-0.004516
-0.002911
-0.001298
0.000760
0.002653
0.003596
0.003826
0.003801
0.003401
0.002502
0.001327
0.000185
-0.000577
-0.000821
-0.000938
-0.001199
-0.001063
-0.000228
0.000462
0.000415
0.000308
0.000610
0.000726
0.000394
0.000088
-0.000055
0.000168
0.001286
0.001448
-0.003987
-0.014779
-0.021139
-0.015997
-0.006682
-0.002228
0.002378
0.014400
0.026954
0.030390
0.027544
0.024232
0.017698
0.005015
-0.008201
-0.016682
-0.023311
-0.029535
-0.029621
-0.021734
-0.012346
-0.005411
0.001774
0.010067
0.015300
0.015411
0.013049
0.009708
0.004341
-0.001417
-0.003731
-0.002682
-0.001529
-0.000977
0.000431
0.002345
0.003179
0.002745
0.001529
-0.001005
-0.004880
-0.007981
-0.008416
-0.006925
-0.005045
-0.002680
0.000796
0.004673
0.007620
0.009070
0.008993
0.007309
0.004427
0.001549
-0.000565
-0.002298
-0.003951
-0.004988
-0.004920
-0.003922
-0.002493
-0.001163
-0.000308
0.000209
0.000731
0.000846
-0.000066
-0.001315
-0.001654
-0.001257
-0.001107
-0.001129
-0.000699
-0.000025
0.000443
0.000920
0.001575
0.001981
0.002032
0.002381
0.003241
0.003843
0.003667
0.003139
0.002594
0.001606
-0.000065
-0.001839
-0.003246
-0.004552
-0.005805
-0.006269
-0.005497
-0.003982
-0.002250
-0.000296
0.001743
0.003327
0.004165
0.004437
0.004184
0.003136
0.001351
-0.000516
-0.001787
-0.002305
-0.002398
-0.002323
-0.001760
-0.000337
0.001461
0.002738
0.003224
0.003100
0.002475
0.001462
0.000196
-0.001034
-0.001556
-0.001175
-0.001768
-0.006210
-0.013239
-0.016306
-0.012123
-0.005717
-0.001296
0.004667
0.014616
0.023045
0.024846
0.022150
0.018606
0.013397
0.004475
-0.006210
-0.015070
-0.021184
-0.024195
-0.022777
-0.017746
-0.011881
-0.005922
0.001411
0.009298
0.014219
0.014466
0.012039
0.008825
0.004656
0.000161
-0.002814
-0.004040
-0.004442
-0.003726
-0.001431
0.001066
0.002131
0.002256
0.002471
0.001869
-0.000625
-0.003755
-0.005576
-0.005913
-0.005494
-0.004261
-0.001927
0.001001
0.003858
0.006441
0.008238
0.008271
0.006505
0.004137
0.001906
-0.000494
-0.003054
-0.005140
-0.006380
-0.006492
-0.005170
-0.003014
-0.001102
0.000542
0.002347
0.003613
0.003345
0.001844
0.000157
-0.001289
-0.002715
-0.004004
-0.004446
-0.003676
-0.002130
-0.000302
0.001602
0.003330
0.004732
0.005843
0.006384
0.005852
0.004375
0.002794
0.001499
-0.000020
-0.001945
-0.003593
-0.004514
-0.004896
-0.004876
-0.004433
-0.003701
-0.002767
-0.001584
-0.000325
0.000694
0.001442
0.002062
0.002528
0.002711
0.002452
0.001678
0.000747
0.000196
-0.000081
-0.000563
-0.001068
-0.001021
-0.000382
0.000527
0.001498
0.002287
0.002606
0.002391
0.001766
0.000931
0.000138
-0.000521
-0.001773
-0.005017
-0.010022
-0.013767
-0.013634
-0.010144
-0.004753
0.002311
0.010107
0.016016
0.018576
0.018846
0.018044
0.015330
0.008987
-0.000275
-0.008906
-0.014211
-0.016631
-0.017576
-0.016919
-0.013786
-0.008268
-0.001299
0.005697
0.010615
0.012131
0.011271
0.009422
0.006121
0.001162
-0.003484
-0.006016
-0.006745
-0.006460
-0.005075
-0.002704
-0.000056
0.002617
0.005103
0.006071
0.004546
0.001836
-0.000239
-0.001867
-0.003897
-0.005610
-0.005763
-0.004384
-0.002106
0.000878
0.004102
0.006494
0.007631
0.007881
0.007072
0.004630
0.001060
-0.002268
-0.004756
-0.006632
-0.007585
-0.006870
-0.004621
-0.001815
0.000755
0.002642
0.003560
0.003624
0.003035
0.001472
-0.001123
-0.003643
-0.004920
-0.004957
-0.004294
-0.003057
-0.001145
0.001245
0.003703
0.005788
0.007048
0.007200
0.006274
0.004509
0.002277
-0.000015
-0.002097
-0.003745
-0.004661
-0.004758
-0.004248
-0.003286
-0.001989
-0.000660
0.000444
0.001197
0.001415
0.001095
0.000617
0.000279
-0.000035
-0.000409
-0.000569
-0.000386
-0.000101
0.000199
0.000613
0.000999
0.001176
0.001203
0.001088
0.000849
0.000732
0.000698
0.000354
-0.000146
-0.000285
-0.000299
-0.000893
-0.002324
-0.004584
-0.007322
-0.008871
-0.007006
-0.001828
0.003533
0.006395
0.007350
0.008303
0.009437
0.009576
0.007701
0.003536
-0.001398
-0.004284
-0.004592
-0.004921
-0.006485
-0.007083
-0.005250
-0.002595
-0.000618
0.001107
0.002741
0.003536
0.003542
0.003089
0.001551
-0.000874
-0.002286
-0.002006
-0.001667
-0.002078
-0.002008
-0.000873
0.000379
0.001311
0.002132
0.002250
0.001191
0.000035
-0.000278
-0.000593
-0.001570
-0.002153
-0.001651
-0.000979
-0.000619
0.000268
0.001821
0.002928
0.003233
0.003410
0.003450
0.002786
0.001616
0.000349
-0.001223
-0.002938
-0.003820
-0.003547
-0.002889
-0.002212
-0.001193
-0.000049
0.000602
0.000814
0.000876
0.000499
-0.000411
-0.001239
-0.001641
-0.001882
-0.001915
-0.001386
-0.000461
0.000452
0.001404
0.002535
0.003567
0.004167
0.004240
0.003704
0.002538
0.001072
-0.000276
-0.001418
-0.002400
-0.003036
-0.003014
-0.002315
-0.001394
-0.000738
-0.000348
-0.000015
0.000166
0.000058
-0.000182
-0.000376
-0.000524
-0.000588
-0.000493
-0.000341
-0.000227
0.000060
0.000695
0.001361
0.001662
0.001678
0.001688
0.001674
0.001415
0.000902
0.000380
-0.000033
-0.000466
-0.001166
-0.002660
-0.005292
-0.007793
-0.007602
-0.003956
0.000474
0.002687
0.003048
0.003922
0.005834
0.007195
0.006775
0.004733
0.002156
0.000493
0.000162
-0.000325
-0.002056
-0.003622
-0.003429
-0.002328
-0.001765
-0.001300
-0.000150
0.000975
0.001286
0.000902
-0.000112
-0.001573
-0.002471
-0.002251
-0.001923
-0.002253
-0.002260
-0.001073
0.000462
0.001307
0.001644
0.001883
0.001871
0.001616
0.001345
0.000855
0.000057
-0.000467
-0.000381
-0.000227
-0.000352
-0.000162
0.000729
0.001641
0.001925
0.001810
0.001641
0.001350
0.000918
0.000364
-0.000625
-0.002059
-0.003096
-0.003054
-0.002366
-0.001789
-0.001336
-0.000589
0.000351
0.000911
0.000930
0.000691
0.000272
-0.000298
-0.000692
-0.000815
-0.000961
-0.001036
-0.000682
-0.000186
0.000007
0.000306
0.001175
0.002062
0.002373
0.002447
0.002599
0.002523
0.002102
0.001536
0.000745
-0.000320
-0.001260
-0.001836
-0.002257
-0.002554
-0.002427
-0.001883
-0.001296
-0.000843
-0.000437
-0.000021
0.000378
0.000592
0.000386
-0.000077
-0.000320
-0.000266
-0.000220
-0.000180
0.000122
0.000650
0.001145
0.001510
0.001760
0.001853
0.001738
0.001398
0.000906
0.000432
-0.000235
-0.001867
-0.004677
-0.007240
-0.007514
-0.005084
-0.001739
0.000498
0.001555
0.002902
0.005140
0.006990
0.006997
0.005341
0.003309
0.001858
0.001084
0.000267
-0.001228
-0.002791
-0.003265
-0.002674
-0.001966
-0.001305
-0.000211
0.001005
0.001545
0.001202
0.000283
-0.000858
-0.001836
-0.002365
-0.002666
-0.003026
-0.002983
-0.002030
-0.000686
0.000267
0.000882
0.001477
0.001845
0.001759
0.001441
0.001111
0.000759
0.000442
0.000182
-0.000198
-0.000564
-0.000344
0.000543
0.001404
0.001762
0.001872
0.002059
0.002209
0.002013
0.001258
-0.000080
-0.001655
-0.002874
-0.003451
-0.003536
-0.003265
-0.002547
-0.001377
-0.000107
0.000810
0.001268
0.001425
0.001253
0.000635
-0.000179
-0.000768
-0.001035
-0.001063
-0.000781
-0.000238
0.000241
0.000582
0.001066
0.001644
0.001979
0.002127
0.002271
0.002145
0.001552
0.000844
0.000269
-0.000345
-0.000990
-0.001414
-0.001556
-0.001476
-0.001218
-0.000988
-0.000969
-0.000990
-0.000805
-0.000485
-0.000247
-0.000160
-0.000154
-0.000099
0.000064
0.000138
-0.000129
-0.000553
-0.000628
-0.000200
0.000445
0.001095
0.001697
0.002123
0.002308
0.002301
0.002008
0.001326
0.000346
-0.001077
-0.003387
-0.006118
-0.007513
-0.006426
-0.003805
-0.001349
0.000401
0.001948
0.003797
0.005845
0.007063
0.006378
0.004349
0.002727
0.002033
0.001127
-0.000531
-0.002065
-0.002756
-0.002687
-0.002081
-0.001166
-0.000303
0.000415
0.001085
0.001242
0.000322
-0.001143
-0.002138
-0.002561
-0.002897
-0.003132
-0.002890
-0.002139
-0.001081
0.000124
0.001149
0.001706
0.001976
0.002168
0.002025
0.001382
0.000676
0.000332
0.000145
-0.000228
-0.000601
-0.000528
0.000033
0.000752
0.001385
0.001883
0.002212
0.002310
0.002122
0.001566
0.000566
-0.000802
-0.002248
-0.003411
-0.004002
-0.003922
-0.003333
-0.002440
-0.001246
0.000134
0.001209
0.001631
0.001604
0.001400
0.001003
0.000439
-0.000107
-0.000529
-0.000758
-0.000670
-0.000310
0.000156
0.000755
0.001550
0.002270
0.002578
0.002481
0.002146
0.001622
0.000886
-0.000057
-0.001062
-0.001821
-0.002161
-0.002220
-0.002069
-0.001550
-0.000742
-0.000039
0.000370
0.000534
0.000456
0.000196
-0.000073
-0.000342
-0.000711
-0.001031
-0.001061
-0.000884
-0.000706
-0.000482
-0.000068
0.000503
0.001088
0.001566
0.001847
0.001936
0.001880
0.001638
0.001212
0.000716
0.000154
-0.000672
-0.002077
-0.004036
-0.005614
-0.005599
-0.004020
-0.002098
-0.000507
0.001046
0.002548
0.003704
0.004747
0.005565
0.005213
0.003641
0.002257
0.001652
0.000875
-0.000346
-0.001286
-0.001873
-0.002309
-0.002119
-0.001176
-0.000301
0.000137
0.000545
0.000628
-0.000223
-0.001398
-0.001999
-0.002304
-0.002768
-0.002916
-0.002368
-0.001551
-0.000699
0.000376
0.001408
0.001906
0.001998
0.001988
0.001697
0.001044
0.000461
0.000170
-0.000117
-0.000503
-0.000649
-0.000322
0.000326
0.001049
0.001629
0.001874
0.001856
0.001829
0.001713
0.001112
-0.000050
-0.001376
-0.002427
-0.002930
-0.002859
-0.002500
-0.002083
-0.001459
-0.000558
0.000206
0.000496
0.000529
0.000567
0.000491
0.000206
-0.000109
-0.000304
-0.000339
-0.000183
0.000054
0.000185
0.000328
0.000727
0.001258
0.001638
0.001861
0.002002
0.001985
0.001737
0.001210
0.000380
-0.000453
-0.000915
-0.001184
-0.001599
-0.001928
-0.001811
-0.001413
-0.001064
-0.000798
-0.000517
-0.000157
0.000307
0.000647
0.000557
0.000211
0.000007
-0.000105
-0.000350
-0.000601
-0.000634
-0.000430
-0.000017
0.000552
0.001067
0.001380
0.001582
0.001687
0.001524
0.001083
0.000543
-0.000014
-0.000730
-0.001965
-0.003791
-0.005260
-0.005136
-0.003610
-0.001985
-0.000640
0.000976
0.002628
0.003584
0.004014
0.004328
0.004178
0.003382
0.002519
0.001813
0.000936
0.000146
-0.000190
-0.000597
-0.001337
-0.001588
-0.000983
-0.000342
-0.000204
-0.000236
-0.000359
-0.000803
-0.001253
-0.001408
-0.001665
-0.002152
-0.002244
-0.001766
-0.001365
-0.001179
-0.000601
0.000357
0.000957
0.001070
0.001193
0.001345
0.001226
0.001028
0.000948
0.000641
0.000038
-0.000236
0.000071
0.000412
0.000537
0.000827
0.001319
0.001615
0.001650
0.001570
0.001223
0.000477
-0.000453
-0.001361
-0.002141
-0.002499
-0.002255
-0.001784
-0.001498
-0.001249
-0.000795
-0.000346
-0.000177
-0.000175
-0.000120
-0.000030
0.000003
-0.000006
0.000027
0.000147
0.000297
0.000453
0.000730
0.001161
0.001550
0.001731
0.001763
0.001710
0.001498
0.001105
0.000625
0.000109
-0.000432
-0.000911
-0.001224
-0.001322
-0.001215
-0.001020
-0.000856
-0.000667
-0.000406
-0.000208
-0.000107
0.000014
0.000064
-0.000108
-0.000315
-0.000348
-0.000365
-0.000506
-0.000556
-0.000366
-0.000143
0.000038
0.000418
0.000983
0.001325
0.001322
0.001315
0.001356
0.001062
0.000477
0.000076
-0.000303
-0.001421
-0.003169
-0.004252
-0.003918
-0.002957
-0.002192
-0.001173
0.000577
0.002327
0.003316
0.003780
0.003929
0.003507
0.002826
0.002500
0.002093
0.000908
-0.000354
-0.000743
-0.000821
-0.001374
-0.001833
-0.001542
-0.000972
-0.000575
-0.000155
0.000078
-0.000280
-0.000782
-0.000917
-0.001001
-0.001228
-0.001196
-0.000925
-0.000842
-0.000743
-0.000251
0.000214
0.000271
0.000334
0.000597
0.000634
0.000463
0.000552
0.000767
0.000640
0.000336
0.000276
0.000344
0.000329
0.000453
0.000855
0.001218
0.001288
0.001179
0.000995
0.000662
0.000196
-0.000340
-0.001012
-0.001670
-0.001827
-0.001395
-0.000974
-0.000984
-0.001098
-0.000941
-0.000685
-0.000626
-0.000723
-0.000769
-0.000608
-0.000248
0.000069
0.000152
0.000198
0.000486
0.000888
0.001083
0.001101
0.001245
0.001570
0.001788
0.001637
0.001172
0.000671
0.000329
0.000076
-0.000266
-0.000687
-0.000929
-0.000798
-0.000464
-0.000286
-0.000372
-0.000487
-0.000452
-0.000410
-0.000488
-0.000528
-0.000400
-0.000267
-0.000331
-0.000482
-0.000467
-0.000261
-0.000025
0.000091
0.000046
0.000006
0.000173
0.000425
0.000522
0.000514
0.000572
0.000692
0.000798
0.000830
0.000672
0.000138
-0.000912
-0.002260
-0.003178
-0.003111
-0.002487
-0.001998
-0.001328
0.000117
0.001733
0.002628
0.003058
0.003440
0.003379
0.002797
0.002304
0.001862
0.000938
-0.000101
-0.000562
-0.000752
-0.001142
-0.001310
-0.000943
-0.000531
-0.000285
0.000072
0.000234
-0.000263
-0.000948
-0.001231
-0.001408
-0.001702
-0.001691
-0.001372
-0.001230
-0.001121
-0.000613
-0.000031
0.000186
0.000349
0.000706
0.000871
0.000749
0.000772
0.000916
0.000783
0.000569
0.000734
0.001103
0.001211
0.001058
0.000921
0.000856
0.000754
0.000582
0.000352
0.000087
-0.000170
-0.000463
-0.000878
-0.001350
-0.001604
-0.001399
-0.000868
-0.000502
-0.000623
-0.000917
-0.000865
-0.000538
-0.000395
-0.000471
-0.000503
-0.000464
-0.000326
0.000047
0.000422
0.000458
0.000406
0.000639
0.000923
0.000959
0.000973
0.001196
0.001425
0.001433
0.001203
0.000735
0.000171
-0.000181
-0.000359
-0.000683
-0.001054
-0.001089
-0.000808
-0.000505
-0.000243
-0.000007
0.000086
0.000056
0.000034
-0.000045
-0.000240
-0.000415
-0.000527
-0.000658
-0.000714
-0.000512
-0.000096
0.000311
0.000564
0.000621
0.000539
0.000486
0.000551
0.000568
0.000362
0.000057
-0.000036
0.000178
0.000398
0.000135
-0.000845
-0.002103
-0.002715
-0.002308
-0.001605
-0.001357
-0.001211
-0.000408
0.000923
0.002025
0.002570
0.002715
0.002664
0.002618
0.002611
0.002268
0.001326
0.000272
-0.000299
-0.000562
-0.000916
-0.001175
-0.001061
-0.000768
-0.000491
-0.000219
-0.000144
-0.000425
-0.000745
-0.000839
-0.000939
-0.001215
-0.001457
-0.001537
-0.001461
-0.001099
-0.000502
-0.000045
0.000193
0.000550
0.001031
0.001232
0.001064
0.000820
0.000626
0.000413
0.000222
0.000124
0.000087
0.000144
0.000376
0.000711
0.000937
0.000978
0.000978
0.001004
0.000876
0.000496
0.000059
-0.000301
-0.000719
-0.001210
-0.001463
-0.001370
-0.001268
-0.001321
-0.001264
-0.000971
-0.000653
-0.000472
-0.000406
-0.000394
-0.000305
-0.000016
0.000326
0.000458
0.000430
0.000492
0.000659
0.000756
0.000774
0.000857
0.001021
0.001167
0.001225
0.001126
0.000862
0.000604
0.000451
0.000205
-0.000275
-0.000773
-0.001021
-0.001026
-0.000945
-0.000856
-0.000712
-0.000496
-0.000365
-0.000428
-0.000510
-0.000407
-0.000195
-0.000085
-0.000124
-0.000197
-0.000173
0.000002
0.000260
0.000464
0.000584
0.000723
0.000883
0.000902
0.000699
0.000426
0.000238
0.000097
-0.000026
-0.000026
0.000008
-0.000320
-0.001193
-0.002090
-0.002212
-0.001514
-0.000841
-0.000748
-0.000757
-0.000210
0.000760
0.001549
0.001822
0.001699
0.001573
0.001728
0.001938
0.001689
0.000929
0.000167
-0.000216
-0.000322
-0.000454
-0.000745
-0.001017
-0.000935
-0.000426
0.000093
0.000179
-0.000043
-0.000186
-0.000252
-0.000468
-0.000816
-0.001157
-0.001412
-0.001413
-0.001036
-0.000513
-0.000194
-0.000034
0.000231
0.000587
0.000824
0.000877
0.000806
0.000667
0.000508
0.000385
0.000323
0.000309
0.000345
0.000442
0.000563
0.000638
0.000641
0.000582
0.000477
0.000354
0.000201
-0.000062
-0.000444
-0.000849
-0.001180
-0.001260
-0.000943
-0.000518
-0.000438
-0.000637
-0.000715
-0.000607
-0.000492
-0.000406
-0.000363
-0.000396
-0.000322
0.000015
0.000370
0.000462
0.000471
0.000657
0.000885
0.000954
0.000930
0.000901
0.000864
0.000815
0.000660
0.000318
-0.000013
-0.000096
-0.000077
-0.000218
-0.000448
-0.000549
-0.000509
-0.000427
-0.000348
-0.000332
-0.000399
-0.000438
-0.000374
-0.000275
-0.000174
-0.000010
0.000161
0.000186
0.000089
0.000037
0.000089
0.000181
0.000236
0.000245
0.000250
0.000235
0.000122
-0.000071
-0.000204
-0.000216
-0.000168
-0.000098
-0.000020
0.000009
-0.000004
-0.000052
-0.000353
-0.000954
-0.001292
-0.000932
-0.000371
-0.000237
-0.000322
-0.000154
0.000206
0.000504
0.000748
0.001008
0.001297
0.001643
0.001868
0.001625
0.000994
0.000447
0.000103
-0.000223
-0.000469
-0.000551
-0.000593
-0.000511
-0.000156
0.000139
0.000040
-0.000218
-0.000388
-0.000598
-0.000863
-0.000991
-0.001016
-0.001076
-0.001052
-0.000855
-0.000667
-0.000514
-0.000174
0.000311
0.000670
0.000823
0.000798
0.000591
0.000361
0.000299
0.000282
0.000151
0.000099
0.000293
0.000525
0.000656
0.000834
0.001060
0.001130
0.001010
0.000791
0.000500
0.000163
-0.000216
-0.000689
-0.001184
-0.001442
-0.001331
-0.001067
-0.000907
-0.000832
-0.000737
-0.000601
-0.000400
-0.000191
-0.000137
-0.000225
-0.000242
-0.000118
0.000011
0.000067
0.000113
0.000217
0.000376
0.000533
0.000667
0.000812
0.000957
0.001008
0.000908
0.000757
0.000662
0.000551
0.000351
0.000151
0.000006
-0.000189
-0.000416
-0.000483
-0.000396
-0.000388
-0.000526
-0.000710
-0.000882
-0.000937
-0.000719
-0.000309
0.000021
0.000147
0.000162
0.000182
0.000236
0.000299
0.000317
0.000212
0.000037
-0.000042
-0.000024
-0.000046
-0.000088
-0.000054
0.000022
0.000078
0.000142
0.000250
0.000384
0.000482
0.000490
0.000324
-0.000187
-0.000978
-0.001447
-0.001158
-0.000615
-0.000480
-0.000514
-0.000211
0.000248
0.000505
0.000649
0.000726
0.000557
0.000369
0.000566
0.000869
0.000757
0.000427
0.000325
0.000318
0.000196
0.000165
0.000273
0.000261
0.000204
0.000355
0.000452
0.000134
-0.000321
-0.000527
-0.000641
-0.000855
-0.000980
-0.000931
-0.000857
-0.000737
-0.000512
-0.000370
-0.000400
-0.000411
-0.000302
-0.000130
0.000111
0.000350
0.000373
0.000245
0.000238
0.000290
0.000264
0.000335
0.000529
0.000604
0.000628
0.000838
0.001009
0.000831
0.000538
0.000379
0.000141
-0.000220
-0.000364
-0.000277
-0.000260
-0.000303
-0.000268
-0.000281
-0.000400
-0.000464
-0.000454
-0.000483
-0.000556
-0.000647
-0.000755
-0.000798
-0.000725
-0.000648
-0.000606
-0.000446
-0.000131
0.000200
0.000489
0.000738
0.000898
0.000987
0.001064
0.001033
0.000824
0.000593
0.000477
0.000371
0.000183
-0.000003
-0.000112
-0.000189
-0.000281
-0.000331
-0.000253
-0.000104
-0.000048
-0.000131
-0.000233
-0.000290
-0.000354
-0.000444
-0.000508
-0.000518
-0.000499
-0.000455
-0.000334
-0.000117
0.000095
0.000210
0.000267
0.000321
0.000312
0.000203
0.000105
0.000131
0.000223
0.000264
0.000254
0.000287
0.000422
0.000574
0.000576
0.000348
-0.000091
-0.000639
-0.001043
-0.001060
-0.000796
-0.000599
-0.000535
-0.000385
-0.000145
-0.000006
0.000062
0.000229
0.000418
0.000460
0.000492
0.000663
0.000752
0.000618
0.000485
0.000422
0.000240
0.000022
0.000007
0.000101
0.000110
0.000124
0.000194
0.000145
-0.000014
-0.000092
-0.000131
-0.000271
-0.000412
-0.000441
-0.000445
-0.000450
-0.000394
-0.000376
-0.000473
-0.000508
-0.000382
-0.000273
-0.000284
-0.000277
-0.000143
0.000126
0.000447
0.000598
0.000520
0.000483
0.000595
0.000618
0.000513
0.000463
0.000439
0.000351
0.000291
0.000230
-0.000020
-0.000352
-0.000443
-0.000319
-0.000227
-0.000112
0.000112
0.000171
-0.000082
-0.000361
-0.000486
-0.000593
-0.000729
-0.000763
-0.000663
-0.000544
-0.000482
-0.000458
-0.000406
-0.000246
0.000027
0.000331
0.000592
0.000738
0.000767
0.000806
0.000885
0.000848
0.000665
0.000506
0.000431
0.000321
0.000155
0.000024
-0.000076
-0.000185
-0.000256
-0.000303
-0.000405
-0.000486
-0.000414
-0.000298
-0.000340
-0.000502
-0.000585
-0.000540
-0.000445
-0.000294
-0.000066
0.000154
0.000294
0.000366
0.000354
0.000231
0.000061
-0.000010
0.000095
0.000223
0.000171
0.000037
0.000080
0.000292
0.000436
0.000404
0.000269
0.000158
0.000165
0.000214
0.000091
-0.000213
-0.000438
-0.000467
-0.000478
-0.000644
-0.000861
-0.000836
-0.000477
-0.000057
0.000153
0.000214
0.000299
0.000403
0.000446
0.000405
0.000235
-0.000049
-0.000224
-0.000132
0.000038
0.000091
0.000119
0.000215
0.000338
0.000467
0.000548
0.000533
0.000535
0.000571
0.000442
0.000161
0.000004
-0.000017
-0.000199
-0.000511
-0.000569
-0.000352
-0.000235
-0.000300
-0.000320
-0.000283
-0.000338
-0.000432
-0.000446
-0.000423
-0.000417
-0.000354
-0.000194
-0.000041
0.000029
0.000084
0.000209
0.000405
0.000641
0.000819
0.000789
0.000592
0.000433
0.000349
0.000213
-0.000019
-0.000272
-0.000380
-0.000225
0.000040
0.000102
-0.000094
-0.000292
-0.000320
-0.000249
-0.000198
-0.000231
-0.000337
-0.000396
-0.000336
-0.000296
-0.000364
-0.000370
-0.000218
-0.000060
0.000034
0.000151
0.000267
0.000286
0.000225
0.000165
0.000145
0.000159
0.000219
0.000288
0.000300
0.000285
0.000315
0.000371
0.000373
0.000255
0.000032
-0.000143
-0.000164
-0.000163
-0.000264
-0.000354
-0.000297
-0.000133
0.000053
0.000205
0.000247
0.000171
0.000065
-0.000038
-0.000168
-0.000283
-0.000359
-0.000464
-0.000564
-0.000553
-0.000462
-0.000348
-0.000168
0.000073
0.000261
0.000335
0.000377
0.000496
0.000679
0.000795
0.000745
0.000545
0.000298
0.000091
-0.000054
-0.000130
-0.000149
-0.000160
-0.000168
-0.000151
-0.000166
-0.000281
-0.000441
-0.000523
-0.000478
-0.000382
-0.000336
-0.000347
-0.000325
-0.000182
0.000053
0.000237
0.000298
0.000262
0.000170
0.000112
0.000188
0.000325
0.000314
0.000096
-0.000109
-0.000062
0.000171
0.000298
0.000216
0.000168
0.000343
0.000530
0.000435
0.000113
-0.000175
-0.000282
-0.000226
-0.000146
-0.000203
-0.000351
-0.000355
-0.000163
0.000002
0.000012
-0.000029
-0.000058
-0.000108
-0.000132
-0.000067
-0.000029
-0.000159
-0.000336
-0.000354
-0.000231
-0.000113
-0.000038
0.000059
0.000247
0.000481
0.000623
0.000622
0.000541
0.000419
0.000272
0.000121
-0.000019
-0.000100
-0.000062
0.000022
-0.000025
-0.000202
-0.000284
-0.000237
-0.000292
-0.000452
-0.000481
-0.000366
-0.000271
-0.000256
-0.000299
-0.000361
-0.000329
-0.000158
-0.000024
-0.000034
-0.000028
0.000124
0.000291
0.000322
0.000281
0.000277
0.000301
0.000318
0.000338
0.000342
0.000325
0.000339
0.000371
0.000341
0.000249
0.000172
0.000086
-0.000106
-0.000322
-0.000369
-0.000303
-0.000338
-0.000430
-0.000377
-0.000177
-0.000008
0.000020
-0.000052
-0.000089
-0.000046
-0.000023
-0.000045
-0.000029
-0.000028
-0.000134
-0.000227
-0.000125
0.000104
0.000247
0.000258
0.000231
0.000185
0.000115
0.000097
0.000137
0.000106
-0.000061
-0.000206
-0.000167
-0.000012
0.000081
0.000041
-0.000024
0.000027
0.000128
0.000111
-0.000008
-0.000069
-0.000007
0.000114
0.000193
0.000148
0.000007
-0.000080
-0.000074
-0.000118
-0.000271
-0.000399
-0.000410
-0.000335
-0.000202
-0.000059
-0.000020
-0.000097
-0.000156
-0.000114
-0.000019
0.000092
0.000234
0.000337
0.000330
0.000338
0.000465
0.000540
0.000431
0.000299
0.000260
0.000171
-0.000013
-0.000140
-0.000197
-0.000293
-0.000339
-0.000246
-0.000203
-0.000323
-0.000355
-0.000144
0.000057
0.000065
0.000063
0.000155
0.000158
0.000035
0.000031
0.000190
0.000230
0.000062
-0.000066
-0.000050
-0.000007
0.000024
0.000042
-0.000049
-0.000202
-0.000190
-0.000008
0.000089
0.000041
0.000023
0.000030
-0.000071
-0.000183
-0.000142
-0.000021
0.000016
-0.000040
-0.000134
-0.000252
-0.000283
-0.000087
0.000200
0.000298
0.000191
0.000063
-0.000002
0.000001
0.000052
0.000026
-0.000128
-0.000206
-0.000063
0.000106
0.000077
-0.000028
0.000001
0.000073
0.000038
0.000004
0.000077
0.000164
0.000211
0.000253
0.000223
0.000055
-0.000108
-0.000114
-0.000058
-0.000082
-0.000134
-0.000154
-0.000200
-0.000244
-0.000160
0.000030
0.000179
0.000208
0.000143
0.000040
-0.000052
-0.000074
-0.000001
0.000055
-0.000058
-0.000229
-0.000183
0.000067
0.000218
0.000132
-0.000011
-0.000014
0.000128
0.000256
0.000194
-0.000013
-0.000109
-0.000013
0.000039
-0.000095
-0.000252
-0.000310
-0.000283
-0.000114
0.000156
0.000230
-0.000005
-0.000255
-0.000277
-0.000164
-0.000027
0.000143
0.000289
0.000303
0.000235
0.000218
0.000226
0.000122
-0.000016
0.000006
0.000087
0.000015
-0.000111
-0.000081
0.000028
-0.000018
-0.000267
-0.000511
-0.000530
-0.000380
-0.000259
-0.000201
-0.000123
-0.000024
0.000072
0.000213
0.000397
0.000535
0.000616
0.000649
0.000569
0.000401
0.000282
0.000241
0.000157
-0.000018
-0.000178
-0.000236
-0.000223
-0.000208
-0.000260
-0.000362
-0.000397
-0.000294
-0.000139
-0.000082
-0.000138
-0.000170
-0.000093
0.000055
0.000186
0.000196
0.000061
-0.000066
-0.000025
0.000082
0.000025
-0.000194
-0.000368
-0.000354
-0.000195
-0.000035
0.000032
0.000035
0.000054
0.000129
0.000219
0.000235
0.000166
0.000091
0.000060
0.000057
0.000056
0.000036
-0.000034
-0.000109
-0.000069
0.000045
0.000045
-0.000026
0.000059
0.000243
0.000268
0.000124
0.000019
0.000037
0.000058
-0.000039
-0.000246
-0.000453
-0.000484
-0.000244
0.000066
0.000165
0.000081
0.000017
0.000033
0.000089
0.000161
0.000219
0.000216
0.000149
0.000076
0.000035
-0.000015
-0.000100
-0.000166
-0.000178
-0.000192
-0.000222
-0.000191
-0.000081
-0.000004
-0.000006
-0.000007
0.000031
0.000079
0.000111
0.000105
0.000057
0.000009
0.000007
0.000028
0.000010
-0.000035
-0.000035
-0.000002
-0.000020
-0.000082
-0.000090
-0.000004
0.000084
0.000061
-0.000046
-0.000079
0.000032
0.000164
0.000200
0.000174
0.000145
0.000121
0.000106
0.000097
0.000066
-0.000001
-0.000079
-0.000130
-0.000171
-0.000221
-0.000193
-0.000012
0.000187
0.000179
-0.000047
-0.000239
-0.000218
-0.000096
-0.000045
-0.000046
-0.000015
0.000036
0.000088
0.000162
0.000204
0.000163
0.000123
0.000127
0.000060
-0.000110
-0.000220
-0.000174
-0.000091
-0.000086
-0.000121
-0.000144
-0.000142
-0.000083
0.000095
0.000360
0.000517
0.000424
0.000191
0.000032
0.000005
0.000002
-0.000063
-0.000144
-0.000184
-0.000228
-0.000295
-0.000296
-0.000189
-0.000058
-0.000022
-0.000106
-0.000182
-0.000140
-0.000072
-0.000089
-0.000122
-0.000070
0.000032
0.000112
0.000171
0.000235
0.000272
0.000242
0.000164
0.000069
-0.000012
-0.000030
0.000038
0.000169
0.000268
0.000212
0.000032
-0.000097
-0.000077
0.000032
0.000106
0.000079
0.000011
0.000013
0.000081
0.000090
-0.000025
-0.000185
-0.000276
-0.000232
-0.000087
0.000017
-0.000006
-0.000061
-0.000070
-0.000094
-0.000153
-0.000188
-0.000183
-0.000161
-0.000142
-0.000124
-0.000095
-0.000072
-0.000036
0.000093
0.000290
0.000372
0.000289
0.000214
0.000241
0.000274
0.000233
0.000117
-0.000048
-0.000189
-0.000229
-0.000193
-0.000157
-0.000124
-0.000043
0.000072
0.000107
0.000009
-0.000112
-0.000130
-0.000038
0.000078
0.000126
0.000095
0.000053
0.000038
0.000009
-0.000041
-0.000042
0.000015
0.000029
-0.000033
-0.000078
-0.000074
-0.000061
-0.000037
0.000009
0.000028
-0.000022
-0.000083
-0.000039
0.000066
0.000081
0.000045
0.000085
0.000108
0.000013
-0.000059
-0.000012
0.000027
0.000013
0.000067
0.000172
0.000166
0.000046
-0.000035
-0.000057
-0.000098
-0.000127
-0.000104
-0.000109
-0.000154
-0.000158
-0.000146
-0.000162
-0.000103
0.000053
0.000125
0.000045
0.000000
0.000093
0.000199
0.000217
0.000153
0.000036
-0.000081
-0.000134
-0.000140
-0.000160
-0.000176
-0.000120
0.000021
0.000199
0.000324
0.000320
0.000214
0.000107
0.000065
0.000084
0.000060
-0.000147
-0.000480
-0.000670
-0.000564
-0.000302
-0.000101
0.000009
0.000082
0.000128
0.000205
0.000363
0.000497
0.000486
0.000385
0.000303
0.000243
0.000171
0.000069
-0.000051
-0.000142
-0.000148
-0.000068
0.000004
-0.000011
-0.000058
-0.000093
-0.000185
-0.000347
-0.000426
-0.000352
-0.000253
-0.000178
-0.000006
0.000210
0.000231
0.000084
0.000009
0.000032
0.000036
-0.000004
-0.000075
-0.000150
-0.000155
-0.000048
0.000081
0.000108
0.000043
0.000001
0.000041
0.000101
0.000051
-0.000106
-0.000181
-0.000068
0.000070
0.000060
-0.000044
-0.000084
-0.000040
-0.000003
0.000040
0.000152
0.000276
0.000301
0.000211
0.000079
0.000026
0.000099
0.000163
0.000090
-0.000030
-0.000060
-0.000033
-0.000049
-0.000111
-0.000147
-0.000131
-0.000128
-0.000163
-0.000164
-0.000078
0.000025
0.000035
-0.000031
-0.000051
-0.000013
0.000011
0.000022
0.000050
0.000061
0.000016
-0.000055
-0.000069
-0.000009
0.000021
-0.000023
-0.000008
0.000164
0.000348
0.000329
0.000107
-0.000129
-0.000266
-0.000344
-0.000359
-0.000218
0.000019
0.000124
0.000040
-0.000044
-0.000011
0.000032
-0.000006
-0.000066
-0.000065
0.000024
0.000183
0.000311
0.000288
0.000153
0.000056
0.000034
0.000014
-0.000024
-0.000054
-0.000085
-0.000142
-0.000184
-0.000135
-0.000019
0.000075
0.000096
0.000077
0.000100
0.000181
0.000203
0.000073
-0.000118
-0.000168
-0.000053
0.000015
-0.000080
-0.000209
-0.000245
-0.000198
-0.000100
0.000019
0.000105
0.000102
0.000027
0.000008
0.000091
0.000155
0.000155
0.000177
0.000208
0.000128
-0.000054
-0.000181
-0.000185
-0.000153
-0.000114
-0.000022
0.000068
0.000088
0.000098
0.000131
0.000124
0.000049
-0.000074
-0.000190
-0.000218
-0.000162
-0.000135
-0.000183
-0.000216
-0.000154
-0.000033
0.000075
0.000168
0.000223
0.000158
-0.000004
-0.000137
-0.000191
-0.000189
-0.000111
0.000044
0.000170
0.000189
0.000143
0.000073
0.000004
-0.000008
0.000017
0.000025
0.000085
0.000229
0.000316
0.000260
0.000144
0.000043
-0.000043
-0.000073
-0.000020
0.000030
0.000004
-0.000051
-0.000077
-0.000075
-0.000065
-0.000088
-0.000180
-0.000271
-0.000221
-0.000033
0.000100
0.000047
-0.000081
-0.000129
-0.000078
0.000026
0.000137
0.000188
0.000133
0.000023
-0.000048
-0.000063
-0.000079
-0.000105
-0.000077
0.000026
0.000135
0.000144
0.000065
0.000049
0.000139
0.000180
0.000067
-0.000095
-0.000137
-0.000057
-0.000015
-0.000068
-0.000119
-0.000123
-0.000096
-0.000042
0.000028
0.000088
0.000138
0.000172
0.000151
0.000065
-0.000045
-0.000126
-0.000131
-0.000059
0.000020
0.000035
-0.000019
-0.000082
-0.000097
-0.000049
0.000052
0.000153
0.000184
0.000134
0.000056
0.000004
-0.000009
-0.000023
-0.000080
-0.000120
-0.000063
0.000010
-0.000017
-0.000075
-0.000057
-0.000016
-0.000022
-0.000025
-0.000009
-0.000051
-0.000149
-0.000188
-0.000142
-0.000074
0.000016
0.000141
0.000252
0.000280
0.000196
0.000062
-0.000004
0.000038
0.000112
0.000127
0.000046
-0.000085
-0.000180
-0.000223
-0.000235
-0.000191
-0.000087
0.000027
0.000112
0.000150
0.000121
0.000038
-0.000021
0.000013
0.000081
0.000085
0.000053
0.000056
0.000090
0.000101
-0.000018
-0.000286
-0.000495
-0.000466
-0.000300
-0.000158
-0.000058
0.000011
0.000067
0.000171
0.000300
0.000356
0.000368
0.000396
0.000367
0.000260
0.000191
0.000179
0.000115
0.000023
0.000009
0.000036
0.000024
-0.000028
-0.000130
-0.000249
-0.000275
-0.000227
-0.000263
-0.000381
-0.000413
-0.000294
-0.000128
-0.000014
0.000059
0.000123
0.000140
0.000078
0.000010
0.000034
0.000123
0.000145
0.000037
-0.000073
-0.000047
0.000017
-0.000029
-0.000113
-0.000103
-0.000043
-0.000026
-0.000005
0.000086
0.000179
0.000174
0.000071
-0.000056
-0.000141
-0.000138
-0.000019
0.000135
0.000174
0.000112
0.000103
0.000156
0.000171
0.000147
0.000087
-0.000065
-0.000203
-0.000143
0.000031
0.000076
-0.000021
-0.000098
-0.000117
-0.000152
-0.000190
-0.000155
-0.000069
0.000019
0.000123
0.000204
0.000171
0.000043
-0.000063
-0.000079
-0.000011
0.000068
0.000065
0.000017
0.000021
0.000052
0.000010
-0.000117
-0.000224
-0.000190
-0.000047
0.000047
0.000049
0.000029
-0.000010
-0.000087
-0.000146
-0.000118
-0.000030
0.000023
0.000009
-0.000006
0.000031
0.000092
0.000134
0.000153
0.000145
0.000063
-0.000043
-0.000030
0.000076
0.000121
0.000101
0.000094
0.000068
0.000017
0.000018
0.000063
0.000052
-0.000023
-0.000091
-0.000137
-0.000157
-0.000148
-0.000154
-0.000169
-0.000127
-0.000029
0.000044
0.000042
0.000013
0.000042
0.000087
0.000052
-0.000020
-0.000045
-0.000032
0.000003
0.000062
0.000106
0.000106
0.000108
0.000149
0.000187
0.000154
0.000051
-0.000058
-0.000093
-0.000014
0.000077
0.000009
-0.000193
-0.000312
-0.000294
-0.000292
-0.000296
-0.000129
0.000164
0.000340
0.000344
0.000309
0.000304
0.000264
0.000130
-0.000047
-0.000162
-0.000179
-0.000170
-0.000228
-0.000326
-0.000350
-0.000302
-0.000259
-0.000189
-0.000053
0.000070
0.000111
0.000119
0.000158
0.000208
0.000216
0.000192
0.000195
0.000242
0.000240
0.000110
-0.000054
-0.000079
0.000014
0.000043
-0.000031
-0.000085
-0.000063
-0.000036
-0.000038
-0.000018
0.000030
0.000048
0.000035
0.000033
0.000039
0.000024
-0.000023
-0.000074
-0.000092
-0.000090
-0.000108
-0.000122
-0.000057
0.000053
0.000084
0.000022
-0.000016
0.000029
0.000089
0.000094
0.000036
-0.000056
-0.000121
-0.000128
-0.000134
-0.000172
-0.000181
-0.000124
-0.000016
0.000122
0.000211
0.000200
0.000138
0.000055
-0.000018
0.000027
0.000184
0.000261
0.000145
-0.000037
-0.000137
-0.000132
-0.000052
0.000039
0.000057
0.000010
-0.000026
-0.000010
0.000041
0.000069
0.000039
-0.000032
-0.000113
