6400
0.000065
0.000053
0.000024
0.000021
0.000007
-0.000060
-0.000100
-0.000022
0.000105
0.000109
-0.000037
-0.000136
-0.000068
0.000031
0.000042
0.000057
0.000137
0.000178
0.000135
0.000130
0.000230
0.000306
0.000225
0.000053
-0.000040
-0.000031
-0.000038
-0.000091
-0.000094
-0.000013
0.000047
0.000017
-0.000054
-0.000110
-0.000156
-0.000206
-0.000254
-0.000288
-0.000271
-0.000186
-0.000079
0.000006
0.000062
0.000076
0.000051
0.000017
-0.000000
0.000049
0.000177
0.000282
0.000267
0.000179
0.000109
0.000063
0.000011
-0.000062
-0.000131
-0.000168
-0.000159
-0.000078
0.000045
0.000074
-0.000019
-0.000078
-0.000025
0.000029
-0.000016
-0.000086
-0.000053
0.000047
0.000090
0.000086
0.000120
0.000143
0.000064
-0.000029
-0.000013
0.000035
-0.000016
-0.000117
-0.000169
-0.000209
-0.000232
-0.000115
0.000129
0.000307
0.000306
0.000179
0.000034
-0.000053
-0.000062
-0.000043
-0.000065
-0.000112
-0.000102
-0.000019
0.000037
0.000015
-0.000006
0.000035
0.000078
0.000052
-0.000015
-0.000046
-0.000029
-0.000017
-0.000044
-0.000087
-0.000107
-0.000099
-0.000062
0.000043
0.000196
0.000276
0.000240
0.000152
0.000054
-0.000047
-0.000104
-0.000048
0.000092
0.000161
0.000068
-0.000042
-0.000011
0.000040
-0.000056
-0.000238
-0.000385
-0.000468
-0.000473
-0.000367
-0.000163
0.000032
0.000123
0.000125
0.000087
0.000063
0.000073
0.000071
0.000046
0.000034
0.000055
0.000123
0.000228
0.000304
0.000318
0.000250
0.000094
-0.000029
0.000016
0.000126
0.000114
-0.000004
-0.000088
-0.000093
-0.000068
-0.000047
-0.000034
-0.000026
-0.000021
-0.000023
-0.000065
-0.000138
-0.000143
-0.000058
-0.000018
-0.000092
-0.000167
-0.000135
-0.000039
0.000025
0.000058
0.000104
0.000122
0.000068
0.000028
0.000086
0.000152
0.000097
-0.000009
-0.000030
-0.000002
-0.000010
-0.000032
-0.000046
-0.000072
-0.000119
-0.000178
-0.000210
-0.000162
-0.000042
0.000069
0.000123
0.000150
0.000147
0.000088
0.000052
0.000127
0.000221
0.000185
0.000055
-0.000008
0.000033
0.000072
0.000016
-0.000101
-0.000153
-0.000105
-0.000050
-0.000034
-0.000006
0.000023
-0.000025
-0.000130
-0.000179
-0.000143
-0.000105
-0.000103
-0.000069
0.000030
0.000117
0.000126
0.000098
0.000083
0.000069
0.000016
-0.000094
-0.000188
-0.000135
0.000079
0.000263
0.000246
0.000121
0.000084
0.000124
0.000091
-0.000034
-0.000109
-0.000079
-0.000072
-0.000173
-0.000242
-0.000150
-0.000018
0.000012
0.000010
0.000063
0.000110
0.000073
-0.000009
-0.000056
-0.000082
-0.000143
-0.000185
-0.000130
-0.000030
0.000026
0.000038
0.000052
0.000100
0.000135
0.000118
0.000110
0.000142
0.000149
0.000109
0.000048
-0.000011
-0.000035
-0.000031
-0.000034
-0.000045
-0.000042
0.000002
0.000025
-0.000095
-0.000291
-0.000344
-0.000223
-0.000095
-0.000061
-0.000082
-0.000089
-0.000062
-0.000008
0.000087
0.000203
0.000293
0.000381
0.000484
0.000505
0.000385
0.000255
0.000240
0.000238
0.000126
-0.000021
-0.000100
-0.000155
-0.000231
-0.000280
-0.000274
-0.000275
-0.000344
-0.000421
-0.000392
-0.000248
-0.000107
-0.000069
-0.000101
-0.000098
-0.000020
0.000076
0.000114
0.000066
-0.000011
-0.000032
0.000012
0.000073
0.000124
0.000159
0.000131
0.000030
-0.000057
-0.000046
0.000063
0.000202
0.000277
0.000240
0.000123
0.000021
0.000005
0.000042
0.000047
-0.000014
-0.000106
-0.000163
-0.000145
-0.000073
0.000005
0.000039
0.000001
-0.000063
-0.000100
-0.000108
-0.000067
0.000018
0.000052
-0.000010
-0.000066
-0.000032
0.000056
0.000114
0.000093
0.000002
-0.000099
-0.000151
-0.000123
-0.000012
0.000134
0.000235
0.000225
0.000088
-0.000082
-0.000135
-0.000071
-0.000024
-0.000030
-0.000030
0.000006
0.000061
0.000077
-0.000006
-0.000151
-0.000245
-0.000209
-0.000081
0.000001
-0.000042
-0.000115
-0.000088
0.000023
0.000119
0.000175
0.000237
0.000296
0.000265
0.000099
-0.000097
-0.000172
-0.000109
-0.000045
-0.000072
-0.000107
-0.000049
0.000047
0.000080
0.000066
0.000063
0.000053
0.000003
-0.000038
-0.000003
0.000089
0.000146
0.000102
0.000002
-0.000020
0.000058
0.000084
0.000008
-0.000033
0.000011
0.000026
-0.000049
-0.000141
-0.000167
-0.000137
-0.000116
-0.000121
-0.000119
-0.000089
-0.000054
-0.000032
0.000016
0.000106
0.000162
0.000133
0.000079
0.000060
0.000071
0.000099
0.000130
0.000116
0.000013
-0.000136
-0.000177
-0.000007
0.000225
0.000280
0.000176
0.000095
0.000040
-0.000062
-0.000120
-0.000094
-0.000146
-0.000314
-0.000406
-0.000317
-0.000165
-0.000108
-0.000164
-0.000216
-0.000181
-0.000112
-0.000072
-0.000005
0.000124
0.000232
0.000280
0.000297
0.000294
0.000321
0.000353
0.000287
0.000150
0.000054
0.000003
-0.000040
-0.000068
-0.000097
-0.000143
-0.000147
-0.000106
-0.000118
-0.000172
-0.000150
-0.000080
-0.000077
-0.000059
0.000078
0.000172
0.000107
0.000039
0.000072
0.000122
0.000054
-0.000102
-0.000123
-0.000003
0.000070
0.000073
0.000034
-0.000074
-0.000179
-0.000169
-0.000126
-0.000127
-0.000037
0.000101
0.000093
-0.000012
-0.000067
-0.000025
0.000061
0.000101
0.000078
0.000046
0.000055
0.000110
0.000159
0.000162
0.000104
0.000007
-0.000032
0.000004
0.000016
-0.000038
-0.000073
-0.000053
-0.000049
-0.000069
-0.000046
-0.000014
-0.000080
-0.000188
-0.000167
-0.000038
0.000056
0.000084
0.000052
-0.000031
-0.000090
-0.000066
0.000020
0.000105
0.000156
0.000187
0.000212
0.000195
0.000131
0.000094
0.000087
0.000010
-0.000135
-0.000192
-0.000100
0.000030
0.000118
0.000125
0.000030
-0.000076
-0.000109
-0.000106
-0.000108
-0.000120
-0.000194
-0.000307
-0.000319
-0.000252
-0.000192
-0.000049
0.000161
0.000242
0.000179
0.000073
0.000016
0.000095
0.000213
0.000203
0.000159
0.000182
0.000163
0.000085
0.000061
0.000080
0.000072
-0.000024
-0.000209
-0.000299
-0.000197
-0.000115
-0.000133
-0.000081
0.000050
0.000102
0.000052
0.000003
-0.000020
-0.000082
-0.000128
-0.000053
-0.000000
-0.000127
-0.000251
-0.000189
-0.000070
-0.000063
-0.000113
-0.000119
-0.000122
-0.000119
0.000020
0.000320
0.000577
0.000615
0.000515
0.000427
0.000395
0.000306
0.000118
0.000033
0.000023
-0.000080
-0.000126
-0.000043
-0.000070
-0.000246
-0.000346
-0.000348
-0.000384
-0.000438
-0.000460
-0.000413
-0.000275
-0.000136
-0.000018
0.000075
0.000062
0.000056
0.000172
0.000246
0.000169
0.000078
0.000067
0.000076
0.000075
0.000094
0.000126
0.000143
0.000100
0.000001
-0.000054
-0.000010
0.000060
0.000078
0.000079
0.000092
0.000033
-0.000113
-0.000213
-0.000166
-0.000037
0.000015
0.000005
0.000098
0.000257
0.000301
0.000230
0.000133
0.000001
-0.000153
-0.000243
-0.000218
-0.000104
0.000036
0.000160
0.000251
0.000268
0.000153
-0.000046
-0.000157
-0.000091
0.000009
-0.000058
-0.000278
-0.000387
-0.000207
0.000055
0.000129
0.000023
-0.000133
-0.000220
-0.000212
-0.000124
0.000096
0.000282
0.000140
-0.000182
-0.000352
-0.000312
-0.000124
0.000095
0.000206
0.000255
0.000306
0.000239
0.000086
0.000022
-0.000029
-0.000072
0.000037
0.000157
0.000167
0.000123
0.000001
-0.000154
-0.000203
-0.000111
-0.000016
-0.000007
0.000042
0.000108
0.000006
-0.000161
-0.000145
-0.000014
0.000024
0.000081
0.000126
-0.000083
-0.000234
-0.000144
-0.000127
-0.000109
0.000032
0.000170
0.000361
0.000416
0.000138
-0.000013
0.000064
-0.000037
-0.000123
-0.000053
-0.000084
-0.000081
0.000012
-0.000004
-0.000083
-0.000190
-0.000321
-0.000346
-0.000234
-0.000018
0.000219
0.000313
0.000278
0.000247
0.000153
0.000003
0.000033
0.000186
0.000157
-0.000042
-0.000103
0.000069
0.000221
0.000191
0.000088
0.000035
0.000032
-0.000020
-0.000172
-0.000305
-0.000331
-0.000412
-0.000570
-0.000585
-0.000453
-0.000275
-0.000031
0.000179
0.000218
0.000141
0.000112
0.000215
0.000366
0.000446
0.000447
0.000405
0.000356
0.000338
0.000320
0.000250
0.000149
0.000038
-0.000045
-0.000059
-0.000095
-0.000206
-0.000310
-0.000358
-0.000322
-0.000205
-0.000097
-0.000096
-0.000174
-0.000114
0.000114
0.000207
0.000076
-0.000118
-0.000242
-0.000143
0.000021
-0.000026
-0.000088
-0.000076
-0.000155
-0.000197
-0.000102
0.000042
0.000249
0.000414
0.000401
0.000314
0.000186
0.000027
-0.000065
-0.000144
-0.000208
-0.000197
-0.000202
-0.000296
-0.000339
-0.000166
0.000091
0.000238
0.000252
0.000211
0.000218
0.000136
-0.000077
-0.000041
0.000181
0.000102
-0.000092
-0.000043
0.000049
0.000029
-0.000040
-0.000095
-0.000081
-0.000039
-0.000033
-0.000020
0.000040
0.000029
-0.000047
0.000004
0.000103
0.000061
-0.000078
-0.000157
-0.000040
0.000118
0.000102
0.000045
0.000016
0.000004
-0.000002
-0.000126
-0.000127
0.000080
0.000097
0.000010
0.000021
-0.000081
-0.000153
-0.000015
0.000039
-0.000019
-0.000002
0.000067
0.000165
0.000141
-0.000083
-0.000273
-0.000296
-0.000176
0.000023
0.000140
0.000079
-0.000078
-0.000149
-0.000062
-0.000004
-0.000053
0.000026
0.000194
0.000165
0.000072
0.000134
0.000237
0.000240
0.000061
-0.000151
-0.000128
0.000037
0.000130
0.000110
0.000020
-0.000008
0.000041
0.000028
0.000034
0.000158
0.000161
-0.000019
-0.000087
-0.000028
-0.000104
-0.000330
-0.000480
-0.000369
-0.000144
-0.000151
-0.000271
-0.000173
0.000027
0.000162
0.000221
0.000203
0.000158
0.000210
0.000424
0.000504
0.000299
0.000178
0.000279
0.000395
0.000348
0.000106
-0.000168
-0.000364
-0.000496
-0.000476
-0.000292
-0.000146
-0.000133
-0.000246
-0.000441
-0.000490
-0.000223
0.000025
-0.000037
-0.000008
0.000160
0.000044
-0.000075
-0.000032
-0.000119
-0.000024
0.000258
0.000214
0.000196
0.000360
0.000218
0.000124
0.000261
0.000185
0.000109
0.000098
-0.000049
-0.000122
-0.000189
-0.000309
-0.000296
-0.000234
-0.000173
0.000029
0.000209
0.000121
-0.000008
0.000030
0.000128
0.000101
-0.000059
-0.000099
0.000054
0.000280
0.000306
0.000055
-0.000046
0.000091
0.000191
0.000138
-0.000017
-0.000164
-0.000289
-0.000255
-0.000016
0.000104
-0.000031
-0.000236
-0.000245
-0.000100
-0.000148
-0.000278
-0.000224
-0.000121
-0.000001
0.000189
0.000262
0.000199
0.000170
0.000174
0.000248
0.000318
0.000131
-0.000187
-0.000292
-0.000152
-0.000025
-0.000049
-0.000070
0.000021
0.000128
0.000122
-0.000042
-0.000266
-0.000312
-0.000067
0.000188
0.000246
0.000271
0.000202
-0.000072
-0.000207
-0.000085
-0.000001
-0.000009
0.000077
0.000229
0.000268
0.000223
0.000113
-0.000138
-0.000309
-0.000258
-0.000130
0.000070
0.000181
0.000121
0.000137
0.000127
0.000013
0.000005
0.000039
0.000014
-0.000064
-0.000253
-0.000415
-0.000304
-0.000101
-0.000108
-0.000150
-0.000119
-0.000068
0.000111
0.000221
0.000184
0.000274
0.000243
-0.000154
-0.000370
-0.000149
0.000098
0.000230
0.000146
-0.000049
-0.000013
-0.000090
-0.000190
0.000251
0.000670
0.000573
0.000331
0.000020
-0.000289
-0.000248
-0.000075
-0.000020
0.000012
-0.000151
-0.000345
-0.000335
-0.000439
-0.000607
-0.000546
-0.000293
0.000085
0.000266
0.000014
-0.000062
0.000227
0.000243
0.000069
0.000107
0.000300
0.000509
0.000389
0.000139
0.000211
0.000024
-0.000369
-0.000231
0.000012
0.000168
0.000433
0.000279
0.000000
0.000091
-0.000085
-0.000323
-0.000093
-0.000072
-0.000268
-0.000086
0.000068
-0.000096
-0.000256
-0.000257
0.000035
0.000393
0.000402
0.000296
0.000076
-0.000426
-0.000655
-0.000472
-0.000299
-0.000086
0.000184
0.000204
0.000116
0.000183
0.000106
-0.000016
0.000089
0.000072
0.000138
0.000397
0.000226
-0.000100
-0.000067
0.000022
0.000069
0.000201
0.000217
0.000102
-0.000007
-0.000166
-0.000190
-0.000078
-0.000175
-0.000293
-0.000215
-0.000150
-0.000209
-0.000312
-0.000173
0.000215
0.000509
0.000624
0.000436
-0.000004
-0.000212
-0.000160
-0.000059
0.000072
0.000071
0.000011
0.000102
0.000037
-0.000358
-0.000613
-0.000495
-0.000220
0.000149
0.000537
0.000684
0.000418
-0.000105
-0.000471
-0.000483
-0.000242
0.000116
0.000436
0.000608
0.000497
0.000028
-0.000393
-0.000409
-0.000272
-0.000111
-0.000008
-0.000213
-0.000454
-0.000367
0.000033
0.000354
0.000294
0.000165
0.000061
-0.000045
0.000038
0.000214
0.000337
0.000211
-0.000118
-0.000135
0.000187
0.000242
-0.000097
-0.000302
-0.000306
-0.000270
0.000105
0.000435
0.000080
-0.000398
-0.000492
-0.000374
-0.000026
0.000330
0.000285
0.000093
-0.000005
-0.000302
-0.000451
-0.000139
-0.000092
-0.000152
0.000257
0.000675
0.000938
0.000860
0.000189
-0.000374
-0.000463
-0.000423
-0.000309
0.000009
0.000343
0.000455
0.000469
0.000304
-0.000085
-0.000122
0.000066
-0.000193
-0.000351
-0.000132
-0.000281
-0.000533
-0.000498
-0.000552
-0.000436
-0.000000
0.000187
0.000293
0.000556
0.000469
0.000232
0.000241
0.000188
0.000066
0.000015
-0.000158
-0.000376
-0.000311
-0.000116
-0.000121
-0.000169
-0.000005
0.000199
0.000122
-0.000093
-0.000132
-0.000188
-0.000358
-0.000276
-0.000023
0.000170
0.000403
0.000394
0.000094
0.000079
0.000201
0.000026
-0.000073
0.000045
0.000152
0.000287
0.000267
0.000136
0.000196
0.000101
-0.000154
-0.000089
-0.000063
-0.000202
0.000008
0.000177
-0.000050
-0.000069
0.000026
-0.000296
-0.000513
-0.000383
-0.000394
-0.000251
0.000112
0.000143
0.000035
0.000126
0.000232
0.000144
0.000009
0.000006
-0.000032
-0.000081
0.000130
0.000297
0.000014
-0.000278
-0.000219
-0.000049
0.000068
0.000062
-0.000061
-0.000095
0.000098
0.000148
-0.000009
0.000101
0.000139
-0.000023
0.000266
0.000531
0.000236
0.000112
0.000232
0.000036
-0.000340
-0.000702
-0.000596
0.000257
0.000587
-0.000054
-0.000181
0.000056
-0.000546
-0.001137
-0.000770
0.000086
0.000724
0.000555
-0.000099
-0.000186
0.000256
0.000495
0.000554
0.000440
-0.000024
-0.000239
0.000062
0.000149
-0.000263
-0.000576
-0.000378
0.000185
0.000721
0.000614
0.000047
-0.000235
-0.000402
-0.000336
0.000157
0.000160
-0.000299
-0.000358
-0.000029
0.000270
0.000223
-0.000081
-0.000296
-0.000320
-0.000347
-0.000450
-0.000215
0.000308
0.000498
0.000300
0.000068
0.000036
0.000185
0.000393
0.000742
0.001046
0.000738
-0.000064
-0.000557
-0.000578
-0.000551
-0.000540
-0.000678
-0.001092
-0.001217
-0.000727
0.000067
0.000688
0.000733
0.000413
0.000152
0.000012
0.000032
0.000180
0.000230
0.000182
0.000313
0.000548
0.000591
0.000433
0.000011
-0.000391
-0.000142
0.000248
-0.000085
-0.000527
-0.000302
0.000114
0.000221
0.000121
-0.000110
-0.000253
-0.000073
0.000182
0.000315
0.000367
0.000172
-0.000301
-0.000630
-0.000572
-0.000285
-0.000030
-0.000009
-0.000131
-0.000368
-0.000743
-0.000594
0.000334
0.000921
0.000665
0.000368
0.000396
0.000716
0.001014
0.000533
-0.000375
-0.000738
-0.000632
-0.000573
-0.000375
0.000112
0.000349
0.000266
-0.000047
-0.000559
-0.000726
-0.000399
0.000023
0.000108
-0.000046
-0.000047
-0.000018
0.000016
0.000135
0.000289
0.000441
0.000437
0.000444
0.000397
0.000169
0.000290
0.000516
0.000227
-0.000157
-0.000297
-0.000483
-0.000797
-0.000924
-0.000562
0.000028
0.000243
0.000193
0.000151
-0.000155
-0.000454
-0.000325
0.000028
0.000440
0.000532
-0.000015
-0.000310
0.000138
0.000141
-0.000353
-0.000128
0.000404
0.000513
0.000465
0.000306
0.000036
-0.000022
0.000129
0.000193
0.000246
0.000240
-0.000124
-0.000523
-0.000540
-0.000378
-0.000259
-0.000093
0.000024
-0.000227
-0.000545
-0.000423
-0.000148
-0.000099
-0.000142
-0.000076
0.000093
0.000238
0.000356
0.000499
0.000633
0.000792
0.000728
0.000183
-0.000325
-0.000468
-0.000563
-0.000465
0.000093
0.000609
0.000534
0.000107
-0.000168
-0.000259
-0.000543
-0.000919
-0.000622
0.000088
0.000286
0.000365
0.000694
0.000709
0.000482
0.000198
-0.000433
-0.000770
-0.000292
0.000037
0.000122
0.000710
0.000923
0.000188
-0.000387
-0.000437
-0.000446
-0.000389
-0.000240
-0.000147
-0.000019
0.000025
0.000032
0.000232
0.000107
-0.000319
-0.000285
-0.000009
0.000002
-0.000093
-0.000094
-0.000052
0.000014
-0.000203
-0.000658
-0.000308
0.000530
0.000796
0.000866
0.000529
-0.000315
-0.000341
0.000197
0.000088
-0.000306
-0.000476
-0.000392
-0.000185
-0.000213
-0.000079
0.000130
-0.000325
-0.000571
0.000086
0.000553
0.000646
0.001067
0.001215
0.000881
0.000662
0.000066
-0.000913
-0.001183
-0.000629
-0.000042
0.000194
0.000182
-0.000022
-0.000450
-0.000964
-0.001037
-0.000585
-0.000401
-0.000450
-0.000116
0.000219
0.000446
0.000929
0.000994
0.000402
0.000130
0.000125
-0.000225
-0.000515
-0.000348
0.000278
0.001080
0.001222
0.000575
0.000015
-0.000251
-0.000440
-0.000327
-0.000143
-0.000242
-0.000395
-0.000505
-0.000553
-0.000416
-0.000414
-0.000673
-0.000603
-0.000241
-0.000150
-0.000091
0.000007
-0.000227
-0.000305
0.000129
0.000558
0.000866
0.001076
0.000976
0.000933
0.001132
0.001035
0.000613
0.000333
0.000211
0.000128
0.000096
-0.000002
-0.000174
-0.000285
-0.000267
-0.000084
0.000110
-0.000057
-0.000535
-0.000735
-0.000542
-0.000401
-0.000457
-0.000585
-0.000745
-0.000965
-0.001078
-0.000871
-0.000631
-0.000607
-0.000497
-0.000245
-0.000104
-0.000068
-0.000014
0.000219
0.000747
0.001345
0.001482
0.001004
0.000498
0.000343
0.000266
0.000303
0.000683
0.001044
0.001053
0.000724
0.000196
-0.000137
-0.000184
-0.000473
-0.001015
-0.000886
-0.000043
0.000567
0.000732
0.000507
-0.000182
-0.000914
-0.001332
-0.001603
-0.001618
-0.001141
-0.000767
-0.000768
-0.000692
-0.000523
-0.000160
0.000398
0.000651
0.000854
0.001280
0.001255
0.000720
0.000391
0.000477
0.000805
0.001042
0.000756
0.000303
0.000227
0.000185
0.000137
0.000387
0.000422
0.000003
-0.000242
-0.000126
-0.000045
-0.000226
-0.000685
-0.001113
-0.001172
-0.001464
-0.002515
-0.003161
-0.001976
0.000183
0.000840
-0.000362
-0.000920
0.000224
0.001252
0.001237
0.001162
0.001294
0.001071
0.000870
0.001420
0.002281
0.002346
0.001446
0.000800
0.001327
0.001995
0.001479
0.000439
-0.000032
-0.000291
-0.000638
-0.000541
-0.000309
-0.000850
-0.001841
-0.002240
-0.001982
-0.001818
-0.002071
-0.002329
-0.002134
-0.001545
-0.000954
-0.000561
-0.000487
-0.000926
-0.001505
-0.001373
-0.000610
-0.000278
-0.000382
0.000306
0.001821
0.002867
0.003088
0.003080
0.002956
0.002727
0.002741
0.002800
0.002249
0.001241
0.000642
0.000645
0.000614
0.000168
-0.000430
-0.000848
-0.001133
-0.001484
-0.001886
-0.002297
-0.002704
-0.002777
-0.002334
-0.001957
-0.002120
-0.002271
-0.001801
-0.001151
-0.000837
-0.000579
-0.000246
-0.000098
0.000205
0.001301
0.002663
0.003113
0.002698
0.002239
0.001946
0.001677
0.001445
0.001280
0.001121
0.001062
0.001298
0.001486
0.000997
-0.000109
-0.001209
-0.001909
-0.002188
-0.002101
-0.001801
-0.001456
-0.001008
-0.000636
-0.000796
-0.001274
-0.001476
-0.001296
-0.000863
-0.000414
-0.000239
-0.000047
0.000552
0.001222
0.001541
0.001440
0.000726
-0.000691
-0.002196
-0.002962
-0.003057
-0.003066
-0.002454
-0.000305
0.002366
0.003795
0.004198
0.004616
0.004704
0.003866
0.002609
0.001636
0.001102
0.000906
0.001068
0.001856
0.002988
0.003294
0.002387
0.001202
-0.000059
-0.002051
-0.004189
-0.005237
-0.005363
-0.005207
-0.004480
-0.003197
-0.002358
-0.002438
-0.002882
-0.003254
-0.003583
-0.003774
-0.003557
-0.002756
-0.001440
0.000120
0.001707
0.003139
0.004006
0.004062
0.003761
0.003563
0.003176
0.002503
0.002527
0.003912
0.005586
0.006220
0.005975
0.005453
0.004471
0.002852
0.000921
-0.001090
-0.002961
-0.004096
-0.004173
-0.003812
-0.003919
-0.004599
-0.005244
-0.005579
-0.005882
-0.006135
-0.005868
-0.004931
-0.003521
-0.001661
0.000392
0.001890
0.002525
0.002796
0.003056
0.003142
0.003148
0.003468
0.004075
0.004644
0.005023
0.005030
0.004441
0.003437
0.002455
0.001479
0.000157
-0.001345
-0.002338
-0.002528
-0.002309
-0.002122
-0.002010
-0.002027
-0.002479
-0.003256
-0.003713
-0.003629
-0.003373
-0.002984
-0.002175
-0.001111
-0.000229
0.000399
0.000954
0.001452
0.001803
0.002058
0.002399
0.002780
0.002415
0.000420
-0.002524
-0.004737
-0.005725
-0.005572
-0.003814
-0.001367
0.000430
0.003744
0.010173
0.014728
0.012875
0.008301
0.005710
0.003878
0.001061
-0.001186
-0.001922
-0.001942
-0.001170
0.000814
0.002575
0.001481
-0.003051
-0.007820
-0.009624
-0.009774
-0.010836
-0.011410
-0.009294
-0.005884
-0.002967
-0.000226
0.001515
0.000527
-0.001667
-0.002015
-0.000653
0.000581
0.001733
0.003785
0.006609
0.009265
0.010802
0.010615
0.008772
0.006072
0.003916
0.003289
0.003273
0.002272
0.000666
-0.000114
0.000099
0.000648
0.000622
-0.001116
-0.003990
-0.005608
-0.005428
-0.005551
-0.006972
-0.008267
-0.008204
-0.007059
-0.005634
-0.004576
-0.004117
-0.003751
-0.002597
-0.000446
0.001711
0.002862
0.003592
0.005200
0.007333
0.008432
0.008203
0.007564
0.006849
0.005981
0.005240
0.004426
0.002881
0.001077
0.000129
-0.000303
-0.001533
-0.003579
-0.005218
-0.005970
-0.006359
-0.006551
-0.006329
-0.005817
-0.005042
-0.003786
-0.002409
-0.001540
-0.001097
-0.000634
0.000013
0.001012
0.002363
0.003297
0.003246
0.003069
0.003693
0.004401
0.004185
0.003634
0.003679
0.003331
0.000727
-0.003789
-0.007794
-0.009610
-0.008878
-0.005673
-0.001124
0.002862
0.005809
0.008662
0.011052
0.010947
0.007666
0.003160
-0.000164
-0.001358
-0.000721
0.000887
0.002334
0.002918
0.002861
0.002246
0.000129
-0.004083
-0.009086
-0.012598
-0.013399
-0.011917
-0.009241
-0.006286
-0.003610
-0.001369
0.000320
0.000928
0.000079
-0.001460
-0.002125
-0.000946
0.001837
0.005153
0.007909
0.009790
0.011014
0.011368
0.010293
0.007840
0.004904
0.002473
0.000973
0.000379
0.000388
0.000380
-0.000245
-0.001796
-0.004113
-0.006178
-0.007135
-0.007468
-0.007562
-0.006700
-0.004831
-0.003117
-0.002152
-0.001679
-0.001793
-0.002533
-0.003052
-0.002640
-0.001505
0.000030
0.001946
0.004060
0.005762
0.006486
0.006363
0.005882
0.005190
0.004395
0.003863
0.003612
0.003253
0.002733
0.002232
0.001421
-0.000182
-0.002245
-0.004030
-0.005391
-0.006402
-0.006664
-0.006012
-0.005149
-0.004618
-0.004045
-0.003054
-0.001843
-0.000680
0.000291
0.001063
0.001879
0.002818
0.003527
0.003772
0.003793
0.003826
0.003670
0.003114
0.002536
0.002397
0.002345
0.001840
0.001096
-0.000290
-0.004053
-0.010052
-0.014516
-0.014029
-0.009454
-0.004221
0.000206
0.005137
0.010932
0.015358
0.016362
0.013928
0.009210
0.004028
0.000768
0.000557
0.001754
0.002153
0.001849
0.002010
0.002032
-0.000095
-0.004993
-0.010931
-0.015562
-0.017532
-0.016651
-0.013699
-0.010052
-0.006612
-0.003183
0.000351
0.002788
0.002933
0.001618
0.001025
0.002337
0.004972
0.007866
0.010487
0.012584
0.013961
0.014479
0.013651
0.010781
0.006227
0.001785
-0.001056
-0.002555
-0.003744
-0.004932
-0.005851
-0.006540
-0.007406
-0.008749
-0.010680
-0.012741
-0.013330
-0.011129
-0.007129
-0.003237
0.000252
0.003784
0.006628
0.007724
0.007208
0.005860
0.004286
0.003249
0.003429
0.004410
0.005066
0.005080
0.004946
0.004556
0.003166
0.000876
-0.001221
-0.002440
-0.002898
-0.002761
-0.002246
-0.001961
-0.002218
-0.002613
-0.002951
-0.003602
-0.004595
-0.005275
-0.005110
-0.004199
-0.002943
-0.001619
-0.000293
0.001096
0.002504
0.003587
0.004066
0.004346
0.004887
0.005111
0.004393
0.003481
0.003105
0.002590
0.001359
0.000055
-0.000810
-0.001641
-0.002557
-0.002750
-0.001928
-0.001720
-0.004377
-0.009765
-0.014933
-0.016776
-0.013950
-0.007481
-0.000326
0.005766
0.012063
0.019284
0.024408
0.023799
0.018014
0.010934
0.005475
0.002328
0.001017
0.000401
-0.000476
-0.001351
-0.001639
-0.002531
-0.006466
-0.013545
-0.020310
-0.023337
-0.022505
-0.019638
-0.015671
-0.010590
-0.004738
0.001104
0.005945
0.008558
0.008572
0.007682
0.008212
0.010407
0.012647
0.014056
0.015144
0.016165
0.016410
0.014945
0.011228
0.005545
-0.000674
-0.005682
-0.008953
-0.011236
-0.012989
-0.013631
-0.012681
-0.010985
-0.010067
-0.010535
-0.011818
-0.012650
-0.011251
-0.006961
-0.001723
0.002648
0.007173
0.012876
0.017748
0.019118
0.016948
0.013201
0.009454
0.006191
0.003320
0.000566
-0.001965
-0.003532
-0.003798
-0.003881
-0.005260
-0.007591
-0.008982
-0.008564
-0.007241
-0.005885
-0.004408
-0.002567
-0.000513
0.001327
0.002300
0.002008
0.001113
0.000818
0.001285
0.001561
0.001331
0.001455
0.002322
0.003178
0.003510
0.003630
0.003711
0.003476
0.002901
0.002207
0.001207
-0.000266
-0.001539
-0.002052
-0.002496
-0.003527
-0.004437
-0.004398
-0.003840
-0.003489
-0.002980
-0.001672
-0.000401
-0.001246
-0.005359
-0.011027
-0.014229
-0.012047
-0.005412
0.002213
0.008998
0.016043
0.023536
0.028395
0.027509
0.021175
0.012384
0.004243
-0.001364
-0.004221
-0.005784
-0.007415
-0.008589
-0.008400
-0.008275
-0.010873
-0.016182
-0.021101
-0.023086
-0.021955
-0.018440
-0.013147
-0.006734
0.000246
0.007366
0.013453
0.016673
0.016587
0.015057
0.014143
0.014002
0.013609
0.012666
0.011787
0.011184
0.010173
0.007847
0.003617
-0.002293
-0.008411
-0.012950
-0.015469
-0.016737
-0.017044
-0.015809
-0.012946
-0.009473
-0.006484
-0.004366
-0.003077
-0.002413
-0.001683
0.000243
0.003755
0.007950
0.011920
0.015419
0.017987
0.018650
0.016609
0.012010
0.006119
0.000502
-0.004024
-0.007376
-0.009524
-0.010368
-0.010039
-0.009031
-0.008074
-0.007581
-0.007225
-0.006406
-0.004852
-0.002674
-0.000216
0.002169
0.004316
0.006049
0.006914
0.006512
0.005128
0.003561
0.002322
0.001363
0.000548
0.000006
-0.000066
0.000241
0.000527
0.000486
0.000204
-0.000163
-0.000532
-0.000744
-0.000991
-0.001753
-0.002790
-0.003311
-0.003179
-0.002802
-0.002462
-0.002345
-0.002159
-0.001214
0.000307
0.001521
0.002353
0.003305
0.003706
0.001515
-0.003908
-0.009901
-0.013056
-0.011943
-0.006640
0.001423
0.009510
0.015978
0.021062
0.024144
0.023043
0.016992
0.008356
0.000672
-0.004299
-0.007111
-0.008661
-0.009060
-0.008558
-0.008105
-0.008602
-0.010431
-0.013619
-0.017296
-0.019191
-0.017570
-0.013356
-0.008323
-0.002548
0.004292
0.010940
0.015699
0.017973
0.017876
0.015908
0.013273
0.011154
0.009571
0.007842
0.005965
0.004526
0.003374
0.001411
-0.002022
-0.006291
-0.010255
-0.013255
-0.015031
-0.015355
-0.014189
-0.011740
-0.008225
-0.004134
-0.000573
0.001609
0.002781
0.003644
0.004099
0.003998
0.004118
0.005877
0.009932
0.014348
0.015811
0.013777
0.010442
0.006606
0.001317
-0.005084
-0.010559
-0.013380
-0.013239
-0.011148
-0.008629
-0.006568
-0.004908
-0.003327
-0.001945
-0.001215
-0.000943
0.000001
0.002362
0.005360
0.007401
0.007762
0.006998
0.005796
0.004312
0.002411
0.000164
-0.001724
-0.002391
-0.001888
-0.001182
-0.001039
-0.001370
-0.001611
-0.001406
-0.001095
-0.001344
-0.002004
-0.002147
-0.001546
-0.001004
-0.001069
-0.001275
-0.000947
-0.000311
0.000095
0.000605
0.001481
0.001979
0.001894
0.002204
0.003243
0.003785
0.001923
-0.003227
-0.009670
-0.013942
-0.014572
-0.011609
-0.005074
0.003614
0.011967
0.018750
0.023334
0.024156
0.020249
0.013142
0.005539
-0.000980
-0.005961
-0.008959
-0.009701
-0.008830
-0.007681
-0.007611
-0.009276
-0.012076
-0.014826
-0.016513
-0.016331
-0.014195
-0.010528
-0.005165
0.001969
0.009407
0.014995
0.017858
0.018428
0.017239
0.014756
0.011699
0.008682
0.005914
0.003610
0.002024
0.000804
-0.000850
-0.003286
-0.006234
-0.009191
-0.011712
-0.013446
-0.013968
-0.012894
-0.010291
-0.006734
-0.002882
0.000755
0.003654
0.005484
0.006485
0.006760
0.005906
0.004598
0.004548
0.005798
0.007118
0.008448
0.009532
0.008689
0.005488
0.001519
-0.002391
-0.006596
-0.010406
-0.012224
-0.011655
-0.009700
-0.007253
-0.004592
-0.002078
-0.000273
0.000707
0.001331
0.002083
0.003091
0.004320
0.005604
0.006332
0.006005
0.005020
0.003920
0.002542
0.000746
-0.000961
-0.002051
-0.002457
-0.002340
-0.002010
-0.001887
-0.002128
-0.002479
-0.002634
-0.002514
-0.002149
-0.001544
-0.000771
-0.000050
0.000294
0.000212
0.000253
0.000705
0.000860
0.000500
0.000854
0.002417
0.003636
0.003266
0.002256
0.001967
0.002056
0.001404
-0.000652
-0.004503
-0.009233
-0.012807
-0.014725
-0.014695
-0.010189
-0.000650
0.009359
0.015789
0.019782
0.023292
0.024298
0.020077
0.012034
0.004080
-0.001769
-0.005789
-0.008319
-0.009345
-0.009560
-0.010241
-0.011627
-0.012824
-0.013946
-0.015770
-0.017032
-0.015573
-0.011689
-0.006952
-0.001224
0.005888
0.012604
0.016895
0.018762
0.018862
0.017157
0.013986
0.010467
0.007179
0.004029
0.001350
-0.000298
-0.001304
-0.002906
-0.005667
-0.008670
-0.010819
-0.012107
-0.012784
-0.012346
-0.010279
-0.006977
-0.003211
0.000582
0.003917
0.006006
0.006607
0.006304
0.005279
0.003484
0.002615
0.004566
0.007424
0.007768
0.006428
0.006170
0.005763
0.002464
-0.002626
-0.006663
-0.009039
-0.010220
-0.009956
-0.008289
-0.006043
-0.003709
-0.001355
0.000484
0.001236
0.001422
0.002084
0.003221
0.003910
0.003959
0.004203
0.004815
0.004727
0.003339
0.001380
-0.000250
-0.001264
-0.001747
-0.001946
-0.002038
-0.001853
-0.001238
-0.000645
-0.000743
-0.001438
-0.002038
-0.002220
-0.002026
-0.001534
-0.001078
-0.000728
0.000198
0.001734
0.002627
0.002277
0.001597
0.001329
0.001278
0.001215
0.000943
0.000322
0.000066
0.000775
0.001526
0.001251
0.000238
-0.001321
-0.004480
-0.009197
-0.012890
-0.013789
-0.012771
-0.009651
-0.002347
0.007996
0.016578
0.021179
0.023615
0.024566
0.021889
0.014946
0.006763
0.000259
-0.004730
-0.009098
-0.012042
-0.012837
-0.012900
-0.013939
-0.015428
-0.016032
-0.015987
-0.015808
-0.014427
-0.010838
-0.005681
0.000259
0.006872
0.013314
0.017896
0.019842
0.019825
0.018526
0.015795
0.011632
0.006970
0.002947
-0.000023
-0.002257
-0.004210
-0.006170
-0.008264
-0.010229
-0.011473
-0.011800
-0.011559
-0.010735
-0.008742
-0.005512
-0.001893
0.001355
0.004104
0.006214
0.007376
0.007577
0.006992
0.005667
0.003853
0.002634
0.003330
0.005312
0.005922
0.004092
0.001704
0.000158
-0.001363
-0.003559
-0.005720
-0.006936
-0.006923
-0.005851
-0.004169
-0.002552
-0.001567
-0.001252
-0.001217
-0.001049
-0.000489
0.000483
0.001590
0.002518
0.003315
0.004205
0.004854
0.004438
0.002810
0.000928
-0.000239
-0.000630
-0.000758
-0.000974
-0.001157
-0.000930
-0.000255
0.000237
-0.000199
-0.001447
-0.002543
-0.002811
-0.002530
-0.002220
-0.001821
-0.000987
0.000299
0.001591
0.002370
0.002608
0.002525
0.001987
0.001181
0.000939
0.001195
0.000941
0.000112
-0.000478
-0.000478
-0.000142
0.000122
0.000003
-0.001017
-0.003724
-0.007724
-0.010753
-0.011136
-0.009985
-0.008635
-0.005020
0.003286
0.013374
0.019987
0.022551
0.023335
0.021932
0.016948
0.009734
0.002573
-0.004114
-0.010248
-0.014262
-0.015212
-0.014705
-0.014723
-0.015193
-0.014974
-0.013868
-0.012530
-0.010898
-0.008041
-0.003830
0.000950
0.006243
0.012123
0.017024
0.019130
0.018734
0.017231
0.014855
0.011088
0.006344
0.001747
-0.002003
-0.004627
-0.006179
-0.007402
-0.008940
-0.010386
-0.011040
-0.010884
-0.010212
-0.009027
-0.007091
-0.004307
-0.000913
0.002615
0.005697
0.007847
0.008885
0.008907
0.008070
0.006413
0.003978
0.001714
0.001303
0.002650
0.003387
0.002152
0.000007
-0.001699
-0.003049
-0.004733
-0.006355
-0.006869
-0.006224
-0.004943
-0.003111
-0.001121
-0.000003
-0.000081
-0.000428
-0.000103
0.000781
0.001619
0.002296
0.002985
0.003693
0.004359
0.004653
0.003999
0.002373
0.000603
-0.000444
-0.000758
-0.000961
-0.001377
-0.001764
-0.001878
-0.001836
-0.001913
-0.002291
-0.002843
-0.003109
-0.002735
-0.001862
-0.000905
-0.000096
0.000650
0.001494
0.002465
0.003356
0.003796
0.003545
0.002752
0.001950
0.001437
0.000802
-0.000216
-0.001124
-0.001538
-0.001724
-0.001976
-0.002089
-0.001635
-0.000841
-0.000660
-0.001671
-0.003970
-0.007248
-0.009669
-0.009312
-0.007045
-0.004560
-0.000706
0.006378
0.014757
0.020358
0.022138
0.021681
0.019101
0.013419
0.005734
-0.001508
-0.007375
-0.012189
-0.015618
-0.016700
-0.015641
-0.014221
-0.013564
-0.012958
-0.011593
-0.009708
-0.007486
-0.004437
-0.000378
0.004270
0.009224
0.014034
0.017427
0.018322
0.017039
0.014537
0.011154
0.006913
0.002313
-0.001786
-0.004820
-0.006796
-0.007993
-0.008677
-0.009046
-0.009198
-0.009074
-0.008449
-0.007159
-0.005362
-0.003313
-0.000910
0.001962
0.004728
0.006643
0.007785
0.008505
0.008322
0.006553
0.003791
0.001490
0.000170
-0.000638
-0.000939
-0.000496
-0.000181
-0.000893
-0.001897
-0.002537
-0.003607
-0.005153
-0.005679
-0.004538
-0.002719
-0.001063
0.000408
0.001512
0.001799
0.001434
0.001063
0.000845
0.000632
0.000818
0.001866
0.003226
0.003832
0.003478
0.002657
0.001496
0.000011
-0.001302
-0.002137
-0.002677
-0.002830
-0.002317
-0.001447
-0.000852
-0.000695
-0.000776
-0.000984
-0.001237
-0.001323
-0.001045
-0.000396
0.000521
0.001554
0.002433
0.002981
0.003253
0.003147
0.002426
0.001312
0.000326
-0.000444
-0.001326
-0.002332
-0.002917
-0.002704
-0.001964
-0.001147
-0.000570
-0.000506
-0.000859
-0.000882
-0.000193
-0.000003
-0.001899
-0.005110
-0.006904
-0.006228
-0.004616
-0.003000
-0.000030
0.005486
0.011983
0.016620
0.018356
0.017679
0.014795
0.009978
0.004328
-0.001202
-0.006490
-0.011107
-0.013750
-0.013836
-0.012653
-0.011806
-0.011373
-0.010585
-0.009244
-0.007597
-0.005630
-0.003029
0.000345
0.004267
0.008382
0.012097
0.014432
0.014691
0.013157
0.010593
0.007402
0.003776
0.000183
-0.002790
-0.004849
-0.006023
-0.006469
-0.006460
-0.006315
-0.006191
-0.005983
-0.005370
-0.004176
-0.002648
-0.001067
0.000710
0.002856
0.004943
0.006267
0.006600
0.006123
0.004937
0.003059
0.000885
-0.000727
-0.001554
-0.002456
-0.003442
-0.003025
-0.001149
0.000064
-0.000161
-0.000457
-0.000478
-0.001153
-0.002141
-0.002288
-0.001743
-0.001194
-0.000355
0.001044
0.002162
0.002181
0.001485
0.000892
0.000551
0.000285
0.000231
0.000480
0.000814
0.001162
0.001555
0.001571
0.000751
-0.000520
-0.001493
-0.002039
-0.002343
-0.002259
-0.001796
-0.001347
-0.000921
-0.000166
0.000699
0.001092
0.001012
0.000917
0.000950
0.000937
0.000901
0.000929
0.000849
0.000616
0.000513
0.000554
0.000327
-0.000203
-0.000643
-0.000964
-0.001240
-0.001130
-0.000606
-0.000273
-0.000520
-0.001055
-0.001386
-0.001326
-0.000992
-0.000706
-0.000462
0.000313
0.001219
0.000417
-0.002633
-0.005788
-0.007252
-0.007934
-0.007947
-0.003729
0.006484
0.017495
0.022937
0.023082
0.021585
0.018148
0.010284
-0.000718
-0.010816
-0.017917
-0.021625
-0.021149
-0.017065
-0.012405
-0.009331
-0.006923
-0.003838
-0.001128
-0.000476
-0.001077
-0.000486
0.002332
0.006534
0.010930
0.014423
0.015937
0.015258
0.013132
0.009837
0.004844
-0.001423
-0.006934
-0.009991
-0.010642
-0.009929
-0.008781
-0.007592
-0.006218
-0.004489
-0.002738
-0.001462
-0.000673
0.000063
0.001256
0.003184
0.005451
0.007004
0.007154
0.006346
0.005298
0.003835
0.001483
-0.001222
-0.003164
-0.004065
-0.004267
-0.003721
-0.002450
-0.001254
-0.000738
-0.000385
0.000233
0.000456
-0.000049
-0.000368
0.000206
0.001135
0.001597
0.001532
0.001206
0.000541
-0.000474
-0.001374
-0.001827
-0.002007
-0.001912
-0.001171
0.000130
0.001272
0.001808
0.001903
0.001719
0.001247
0.000671
0.000208
-0.000232
-0.000708
-0.000962
-0.000873
-0.000786
-0.000958
-0.001128
-0.000994
-0.000586
-0.000053
0.000494
0.000934
0.001207
0.001327
0.001253
0.000896
0.000291
-0.000310
-0.000563
-0.000337
0.000136
0.000498
0.000537
0.000236
-0.000235
-0.000694
-0.001193
-0.001773
-0.002077
-0.001720
-0.000841
0.000098
0.000827
0.001300
0.001408
0.001058
0.000466
0.000020
-0.000448
-0.001854
-0.004310
-0.006063
-0.005548
-0.003597
-0.002017
-0.000724
0.002018
0.006691
0.011333
0.013693
0.013540
0.012123
0.010100
0.007036
0.002557
-0.002930
-0.008347
-0.012229
-0.013574
-0.012873
-0.011582
-0.010454
-0.009038
-0.006771
-0.003908
-0.001288
0.000495
0.001725
0.003306
0.005707
0.008334
0.010126
0.010533
0.009740
0.008229
0.006283
0.003827
0.000758
-0.002523
-0.005137
-0.006454
-0.006629
-0.006281
-0.005784
-0.005051
-0.003913
-0.002467
-0.001041
0.000046
0.000764
0.001431
0.002350
0.003420
0.004185
0.004287
0.003845
0.003202
0.002414
0.001172
-0.000807
-0.003047
-0.004168
-0.003357
-0.001531
-0.000190
0.000028
-0.000491
-0.000694
-0.000059
0.000567
0.000328
-0.000301
-0.000213
0.000900
0.002076
0.002144
0.001011
-0.000463
-0.001407
-0.001545
-0.001218
-0.000912
-0.000804
-0.000577
0.000188
0.001144
0.001417
0.000844
0.000060
-0.000377
-0.000343
-0.000127
-0.000163
-0.000482
-0.000715
-0.000608
-0.000296
-0.000139
-0.000283
-0.000394
-0.000060
0.000629
0.001209
0.001347
0.001076
0.000692
0.000450
0.000319
0.000101
-0.000212
-0.000328
-0.000050
0.000368
0.000487
0.000154
-0.000431
-0.000923
-0.001112
-0.001078
-0.001021
-0.001063
-0.001069
-0.000764
-0.000200
0.000304
0.000610
0.000679
0.000449
0.000197
0.000274
0.000069
-0.001525
-0.003940
-0.005037
-0.004185
-0.002934
-0.002216
-0.000983
0.002212
0.007084
0.011310
0.012962
0.012434
0.010860
0.008287
0.004600
0.000611
-0.003024
-0.006607
-0.009935
-0.011652
-0.011310
-0.010309
-0.009788
-0.009216
-0.007628
-0.005045
-0.002246
0.000282
0.002581
0.004727
0.006716
0.008521
0.009805
0.009923
0.008626
0.006565
0.004559
0.002591
0.000280
-0.002120
-0.003985
-0.005070
-0.005453
-0.005299
-0.004897
-0.004473
-0.003918
-0.002990
-0.001724
-0.000419
0.000693
0.001620
0.002526
0.003463
0.004106
0.003991
0.003123
0.002038
0.001158
0.000391
-0.000466
-0.001302
-0.002015
-0.002758
-0.003208
-0.002480
-0.000719
0.000572
0.000607
0.000328
0.000901
0.001992
0.002219
0.001154
-0.000260
-0.001044
-0.000991
-0.000570
-0.000481
-0.000997
-0.001572
-0.001377
-0.000413
0.000424
0.000598
0.000521
0.000740
0.001314
0.001865
0.001849
0.001156
0.000326
-0.000111
-0.000243
-0.000575
-0.001277
-0.001855
-0.001801
-0.001266
-0.000797
-0.000638
-0.000565
-0.000243
0.000403
0.001103
0.001464
0.001301
0.000866
0.000625
0.000685
0.000728
0.000486
0.000040
-0.000282
-0.000239
0.000042
0.000115
-0.000367
-0.001185
-0.001729
-0.001680
-0.001201
-0.000597
-0.000035
0.000505
0.000992
0.001242
0.001271
0.001226
0.000867
0.000040
-0.000670
-0.000916
-0.001570
-0.003299
-0.004807
-0.004501
-0.003042
-0.001875
-0.000878
0.000609
0.002820
0.005993
0.009430
0.011141
0.010211
0.008042
0.006088
0.003907
0.000619
-0.003306
-0.006782
-0.009111
-0.009955
-0.009558
-0.008674
-0.007780
-0.006679
-0.004808
-0.002105
0.000505
0.002162
0.003202
0.004429
0.005848
0.006826
0.006988
0.006334
0.004987
0.003340
0.001805
0.000237
-0.001624
-0.003372
-0.004379
-0.004556
-0.004187
-0.003528
-0.002754
-0.001877
-0.000738
0.000653
0.001898
0.002544
0.002573
0.002385
0.002298
0.002183
0.001711
0.000886
0.000042
-0.000651
-0.001267
-0.001795
-0.002197
-0.002485
-0.002522
-0.002144
-0.001575
-0.001239
-0.000870
0.000389
0.002266
0.003227
0.002843
0.002219
0.001813
0.001150
0.000362
-0.000041
-0.000254
-0.000569
-0.000606
-0.000156
0.000122
-0.000269
-0.000815
-0.000909
-0.000743
-0.000691
-0.000620
-0.000350
-0.000077
0.000065
0.000157
0.000028
-0.000492
-0.000957
-0.000908
-0.000624
-0.000466
-0.000210
0.000340
0.000860
0.001096
0.001278
0.001515
0.001496
0.001191
0.000997
0.000904
0.000434
-0.000399
-0.001032
-0.001312
-0.001534
-0.001667
-0.001462
-0.000994
-0.000462
0.000106
0.000627
0.000856
0.000748
0.000563
0.000397
0.000116
-0.000206
-0.000472
-0.000695
-0.000605
-0.000111
0.000261
0.000169
-0.000115
-0.000129
0.000225
0.000407
-0.000179
-0.001516
-0.002996
-0.003634
-0.002861
-0.001414
-0.000409
0.000246
0.001663
0.004379
0.007248
0.008485
0.007820
0.006455
0.005078
0.003255
0.000524
-0.002791
-0.005800
-0.007667
-0.008050
-0.007404
-0.006665
-0.006074
-0.004950
-0.002960
-0.000705
0.001027
0.002040
0.002759
0.003665
0.004739
0.005467
0.005319
0.004284
0.002915
0.001707
0.000567
-0.000852
-0.002456
-0.003666
-0.004035
-0.003628
-0.002761
-0.001729
-0.000738
0.000172
0.001047
0.001787
0.002203
0.002240
0.002008
0.001677
0.001386
0.001123
0.000714
0.000085
-0.000571
-0.001042
-0.001416
-0.001868
-0.002301
-0.002495
-0.002447
-0.002290
-0.001858
-0.000775
0.000755
0.002049
0.002813
0.003027
0.002680
0.002012
0.001247
0.000392
-0.000473
-0.001143
-0.001369
-0.001050
-0.000466
-0.000038
0.000094
0.000117
0.000273
0.000545
0.000691
0.000555
0.000243
0.000028
-0.000024
-0.000236
-0.000814
-0.001441
-0.001703
-0.001531
-0.001130
-0.000751
-0.000471
-0.000129
0.000378
0.000894
0.001203
0.001282
0.001264
0.001230
0.001132
0.000930
0.000663
0.000310
-0.000207
-0.000759
-0.001081
-0.001189
-0.001264
-0.001188
-0.000723
0.000045
0.000782
0.001187
0.001200
0.001042
0.000860
0.000514
-0.000049
-0.000668
-0.001203
-0.001461
-0.001307
-0.001000
-0.000855
-0.000747
-0.000458
-0.000162
-0.000084
0.000015
0.000437
0.000954
0.001000
0.000224
-0.001082
-0.002080
-0.002276
-0.001979
-0.001504
-0.000621
0.000725
0.002221
0.004101
0.006483
0.008025
0.007493
0.005674
0.003891
0.002019
-0.000673
-0.003806
-0.006243
-0.007470
-0.007652
-0.007033
-0.005932
-0.004697
-0.003400
-0.001869
-0.000092
0.001471
0.002355
0.002865
0.003624
0.004567
0.005100
0.004864
0.003914
0.002514
0.001045
-0.000209
-0.001398
-0.002739
-0.003797
-0.003922
-0.003195
-0.002202
-0.001308
-0.000541
0.000219
0.001016
0.001660
0.001929
0.001874
0.001708
0.001544
0.001343
0.001009
0.000490
-0.000101
-0.000566
-0.000928
-0.001374
-0.001858
-0.002142
-0.002141
-0.001872
-0.001379
-0.000795
-0.000273
0.000107
0.000456
0.001095
0.002019
0.002636
0.002497
0.001763
0.000813
0.000022
-0.000326
-0.000387
-0.000470
-0.000423
0.000036
0.000666
0.000879
0.000369
-0.000543
-0.001242
-0.001452
-0.001330
-0.001063
-0.000692
-0.000204
0.000375
0.000841
0.000845
0.000334
-0.000271
-0.000565
-0.000542
-0.000393
-0.000251
-0.000123
0.000051
0.000236
0.000301
0.000179
-0.000072
-0.000240
-0.000091
0.000338
0.000726
0.000878
0.000907
0.000930
0.000840
0.000533
0.000108
-0.000252
-0.000476
-0.000600
-0.000665
-0.000646
-0.000514
-0.000360
-0.000322
-0.000381
-0.000436
-0.000475
-0.000505
-0.000535
-0.000560
-0.000452
-0.000242
-0.000121
0.000034
0.000278
0.000288
0.000133
0.000237
0.000599
0.000885
0.000667
-0.000368
-0.001683
-0.002146
-0.001526
-0.000737
-0.000307
0.000317
0.001584
0.003132
0.004585
0.005657
0.005743
0.004743
0.003377
0.001994
0.000096
-0.002588
-0.005211
-0.006636
-0.006758
-0.006266
-0.005509
-0.004372
-0.002900
-0.001301
0.000354
0.001896
0.002848
0.003063
0.003148
0.003558
0.003842
0.003489
0.002723
0.001883
0.000887
-0.000286
-0.001384
-0.002266
-0.002929
-0.003193
-0.002826
-0.001977
-0.001099
-0.000385
0.000344
0.001183
0.001874
0.002097
0.001881
0.001540
0.001235
0.000881
0.000455
0.000030
-0.000402
-0.000849
-0.001187
-0.001304
-0.001270
-0.001272
-0.001362
-0.001338
-0.000997
-0.000509
-0.000253
-0.000229
0.000037
0.000832
0.001757
0.002250
0.002243
0.001932
0.001418
0.000788
0.000109
-0.000633
-0.001277
-0.001410
-0.000941
-0.000368
-0.000160
-0.000207
-0.000142
0.000088
0.000234
0.000172
0.000047
0.000044
0.000199
0.000403
0.000385
-0.000067
-0.000747
-0.001220
-0.001366
-0.001386
-0.001335
-0.001034
-0.000395
0.000412
0.001094
0.001440
0.001430
0.001231
0.001022
0.000806
0.000502
0.000194
0.000052
0.000041
0.000011
-0.000073
-0.000207
-0.000395
-0.000547
-0.000527
-0.000327
-0.000104
0.000050
0.000209
0.000374
0.000399
0.000212
-0.000119
-0.000517
-0.000884
-0.001054
-0.000968
-0.000762
-0.000554
-0.000342
-0.000082
0.000201
0.000373
0.000345
0.000290
0.000502
0.000931
0.001164
0.000987
0.000457
-0.000516
-0.001801
-0.002583
-0.002406
-0.001908
-0.001454
-0.000398
0.001398
0.003016
0.004068
0.004982
0.005559
0.005088
0.003692
0.002080
0.000392
-0.001601
-0.003610
-0.004988
-0.005506
-0.005445
-0.005038
-0.004207
-0.002982
-0.001702
-0.000532
0.000664
0.001755
0.002425
0.002788
0.003128
0.003277
0.002938
0.002238
0.001503
0.000810
0.000041
-0.000798
-0.001554
-0.002061
-0.002171
-0.001880
-0.001399
-0.000911
-0.000360
0.000351
0.001132
0.001722
0.001869
0.001583
0.001182
0.000911
0.000661
0.000226
-0.000326
-0.000745
-0.000997
-0.001239
-0.001492
-0.001565
-0.001324
-0.000940
-0.000658
-0.000414
-0.000091
0.000128
0.000088
0.000066
0.000444
0.001166
0.001832
0.002155
0.002049
0.001569
0.000838
-0.000083
-0.001056
-0.001770
-0.001986
-0.001683
-0.000990
-0.000146
0.000600
0.001096
0.001265
0.001058
0.000564
0.000032
-0.000378
-0.000686
-0.000877
-0.000868
-0.000724
-0.000612
-0.000563
-0.000493
-0.000381
-0.000313
-0.000315
-0.000231
0.000088
0.000533
0.000877
0.001057
0.001097
0.000967
0.000691
0.000381
0.000118
-0.000044
-0.000089
-0.000085
-0.000061
0.000048
0.000191
0.000165
-0.000080
-0.000332
-0.000404
-0.000330
-0.000271
-0.000304
-0.000319
-0.000230
-0.000136
-0.000125
-0.000147
-0.000143
-0.000121
-0.000102
-0.000069
-0.000012
0.000014
-0.000127
-0.000481
-0.000765
-0.000728
-0.000555
-0.000417
-0.000143
0.000384
0.000944
0.001200
0.001120
0.000865
0.000293
-0.000657
-0.001372
-0.001389
-0.001130
-0.000916
-0.000287
0.001021
0.002310
0.002745
0.002488
0.002265
0.002193
0.001841
0.001031
0.000059
-0.000716
-0.001214
-0.001581
-0.001987
-0.002448
-0.002766
-0.002731
-0.002392
-0.001947
-0.001416
-0.000675
0.000244
0.001115
0.001750
0.002136
0.002276
0.002112
0.001705
0.001222
0.000706
0.000116
-0.000462
-0.000869
-0.001056
-0.001109
-0.001155
-0.001178
-0.000997
-0.000586
-0.000134
0.000243
0.000592
0.000938
0.001183
0.001243
0.001184
0.001068
0.000805
0.000360
-0.000115
-0.000486
-0.000763
-0.000977
-0.001076
-0.001034
-0.000960
-0.000991
-0.001089
-0.001022
-0.000655
-0.000222
0.000040
0.000317
0.000875
0.001571
0.001975
0.001860
0.001407
0.000836
0.000139
-0.000693
-0.001487
-0.001892
-0.001598
-0.000740
0.000150
0.000721
0.001055
0.001269
0.001210
0.000759
0.000101
-0.000499
-0.000867
-0.000919
-0.000731
-0.000511
-0.000407
-0.000424
-0.000457
-0.000415
-0.000323
-0.000212
-0.000036
0.000248
0.000620
0.000968
0.001135
0.001080
0.000865
0.000525
0.000128
-0.000213
-0.000431
-0.000509
-0.000458
-0.000311
-0.000124
0.000008
0.000032
-0.000016
-0.000069
-0.000035
0.000104
0.000191
0.000106
-0.000054
-0.000169
-0.000227
-0.000249
-0.000296
-0.000427
-0.000559
-0.000530
-0.000363
-0.000222
-0.000112
0.000081
0.000320
0.000436
0.000342
0.000076
-0.000307
-0.000660
-0.000715
-0.000347
0.000192
0.000576
0.000855
0.001177
0.001349
0.001060
0.000239
-0.000827
-0.001598
-0.001766
-0.001459
-0.000878
-0.000094
0.000828
0.001764
0.002475
0.002666
0.002235
0.001417
0.000618
0.000051
-0.000382
-0.000785
-0.001130
-0.001380
-0.001500
-0.001530
-0.001559
-0.001560
-0.001428
-0.001118
-0.000664
-0.000180
0.000228
0.000594
0.000998
0.001379
0.001565
0.001466
0.001168
0.000803
0.000383
-0.000118
-0.000628
-0.000990
-0.001095
-0.000979
-0.000750
-0.000465
-0.000168
0.000069
0.000217
0.000316
0.000392
0.000433
0.000452
0.000497
0.000549
0.000536
0.000439
0.000293
0.000112
-0.000115
-0.000375
-0.000583
-0.000639
-0.000531
-0.000376
-0.000350
-0.000527
-0.000773
-0.000860
-0.000668
-0.000221
0.000353
0.000880
0.001232
0.001366
0.001262
0.000874
0.000177
-0.000682
-0.001401
-0.001722
-0.001506
-0.000818
0.000047
0.000789
0.001297
0.001630
0.001809
0.001648
0.001039
0.000294
-0.000176
-0.000372
-0.000557
-0.000800
-0.000979
-0.001008
-0.000889
-0.000674
-0.000467
-0.000357
-0.000300
-0.000154
0.000116
0.000372
0.000509
0.000554
0.000499
0.000299
0.000041
-0.000133
-0.000205
-0.000228
-0.000232
-0.000221
-0.000180
-0.000081
0.000057
0.000173
0.000217
0.000220
0.000277
0.000382
0.000387
0.000196
-0.000099
-0.000320
-0.000394
-0.000387
-0.000363
-0.000308
-0.000214
-0.000118
-0.000026
0.000073
0.000090
-0.000045
-0.000203
-0.000215
-0.000124
-0.000107
-0.000161
-0.000089
0.000160
0.000395
0.000462
0.000399
0.000317
0.000285
0.000328
0.000399
0.000363
0.000093
-0.000408
-0.000924
-0.001156
-0.001107
-0.001009
-0.000784
-0.000144
0.000772
0.001464
0.001781
0.001937
0.001916
0.001525
0.000891
0.000320
-0.000119
-0.000491
-0.000745
-0.000860
-0.000996
-0.001237
-0.001399
-0.001322
-0.001117
-0.000981
-0.000885
-0.000628
-0.000157
0.000335
0.000713
0.000991
0.001127
0.001040
0.000790
0.000528
0.000325
0.000160
-0.000025
-0.000254
-0.000450
-0.000526
-0.000523
-0.000504
-0.000411
-0.000204
0.000009
0.000105
0.000140
0.000280
0.000574
0.000861
0.000932
0.000767
0.000504
0.000243
0.000007
-0.000252
-0.000584
-0.000862
-0.000902
-0.000813
-0.000857
-0.001043
-0.001109
-0.000849
-0.000343
0.000179
0.000599
0.000935
0.001229
0.001420
0.001341
0.000929
0.000315
-0.000312
-0.000751
-0.000851
-0.000674
-0.000405
-0.000063
0.000398
0.000830
0.000992
0.000808
0.000419
0.000032
-0.000201
-0.000265
-0.000291
-0.000354
-0.000405
-0.000421
-0.000456
-0.000552
-0.000685
-0.000724
-0.000552
-0.000248
-0.000005
0.000090
0.000114
0.000201
0.000358
0.000453
0.000420
0.000301
0.000147
0.000019
-0.000022
0.000014
0.000049
0.000029
-0.000029
-0.000026
0.000103
0.000285
0.000401
0.000444
0.000463
0.000402
0.000202
-0.000007
-0.000131
-0.000307
-0.000588
-0.000742
-0.000579
-0.000262
-0.000068
-0.000028
0.000004
0.000085
0.000144
0.000093
-0.000081
-0.000258
-0.000313
-0.000307
-0.000349
-0.000365
-0.000199
0.000097
0.000266
0.000212
0.000150
0.000275
0.000515
0.000671
0.000645
0.000515
0.000416
0.000368
0.000264
-0.000023
-0.000495
-0.000947
-0.001147
-0.001090
-0.000916
-0.000682
-0.000311
0.000279
0.000951
0.001355
0.001357
0.001221
0.001135
0.000951
0.000566
0.000118
-0.000239
-0.000480
-0.000609
-0.000622
-0.000596
-0.000647
-0.000762
-0.000818
-0.000751
-0.000616
-0.000483
-0.000312
-0.000010
0.000361
0.000596
0.000630
0.000580
0.000530
0.000452
0.000284
0.000001
-0.000320
-0.000510
-0.000481
-0.000330
-0.000186
-0.000041
0.000126
0.000222
0.000197
0.000129
0.000095
0.000107
0.000147
0.000169
0.000151
0.000150
0.000178
0.000161
0.000100
0.000089
0.000105
0.000006
-0.000219
-0.000401
-0.000415
-0.000358
-0.000389
-0.000447
-0.000366
-0.000186
-0.000087
-0.000088
-0.000088
-0.000157
-0.000432
-0.000699
-0.000552
0.000021
0.000674
0.001219
0.001689
0.002016
0.001944
0.001305
0.000317
-0.000538
-0.000997
-0.001189
-0.001281
-0.001210
-0.000840
-0.000291
0.000052
-0.000001
-0.000231
-0.000376
-0.000400
-0.000318
-0.000076
0.000275
0.000524
0.000607
0.000656
0.000662
0.000479
0.000123
-0.000217
-0.000395
-0.000407
-0.000354
-0.000304
-0.000213
-0.000018
0.000248
0.000460
0.000527
0.000490
0.000447
0.000407
0.000303
0.000112
-0.000113
-0.000272
-0.000320
-0.000341
-0.000429
-0.000545
-0.000579
-0.000467
-0.000254
-0.000090
-0.000057
-0.000051
0.000032
0.000104
0.000044
-0.000068
-0.000070
0.000044
0.000126
0.000051
-0.000132
-0.000254
-0.000248
-0.000180
-0.000084
0.000038
0.000165
0.000285
0.000389
0.000481
0.000549
0.000522
0.000416
0.000353
0.000351
0.000326
0.000216
0.000011
-0.000277
-0.000606
-0.000884
-0.001017
-0.000976
-0.000782
-0.000457
-0.000057
0.000359
0.000734
0.000977
0.001053
0.001019
0.000910
0.000744
0.000543
0.000263
-0.000103
-0.000420
-0.000558
-0.000573
-0.000615
-0.000696
-0.000717
-0.000650
-0.000559
-0.000465
-0.000347
-0.000203
-0.000035
0.000182
0.000443
0.000631
0.000616
0.000459
0.000319
0.000228
0.000102
-0.000070
-0.000191
-0.000213
-0.000202
-0.000213
-0.000261
-0.000333
-0.000348
-0.000261
-0.000139
-0.000024
0.000122
0.000295
0.000424
0.000480
0.000511
0.000533
0.000478
0.000306
0.000087
-0.000080
-0.000195
-0.000303
-0.000368
-0.000364
-0.000377
-0.000467
-0.000529
-0.000479
-0.000423
-0.000435
-0.000404
-0.000229
0.000044
0.000346
0.000695
0.001065
0.001250
0.001038
0.000552
0.000146
-0.000045
-0.000183
-0.000378
-0.000534
-0.000513
-0.000326
-0.000121
-0.000035
-0.000081
-0.000134
-0.000113
-0.000065
-0.000027
0.000021
0.000037
-0.000015
-0.000014
0.000143
0.000306
0.000302
0.000222
0.000198
0.000174
0.000058
-0.000099
-0.000190
-0.000232
-0.000338
-0.000499
-0.000577
-0.000499
-0.000314
-0.000110
0.000044
0.000125
0.000166
0.000205
0.000201
0.000113
0.000037
0.000080
0.000185
0.000250
0.000307
0.000388
0.000364
0.000163
-0.000043
-0.000109
-0.000102
-0.000115
-0.000153
-0.000205
-0.000233
-0.000171
-0.000054
-0.000013
-0.000073
-0.000130
-0.000120
-0.000070
-0.000020
0.000020
0.000061
0.000121
0.000187
0.000214
0.000179
0.000128
0.000109
0.000091
0.000053
0.000055
0.000101
0.000094
-0.000014
-0.000133
-0.000140
-0.000074
-0.000079
-0.000173
-0.000250
-0.000260
-0.000252
-0.000253
-0.000180
0.000005
0.000162
0.000179
0.000148
0.000175
0.000253
0.000334
0.000337
0.000214
0.000107
0.000143
0.000195
0.000107
-0.000042
-0.000114
-0.000135
-0.000176
-0.000210
-0.000202
-0.000162
-0.000111
-0.000086
-0.000074
0.000003
0.000143
0.000232
0.000205
0.000102
-0.000026
-0.000150
-0.000245
-0.000292
-0.000268
-0.000180
-0.000092
-0.000076
-0.000108
-0.000070
0.000053
0.000123
0.000096
0.000071
0.000109
0.000204
0.000320
0.000370
0.000304
0.000158
-0.000007
-0.000104
-0.000090
-0.000070
-0.000164
-0.000285
-0.000276
-0.000187
-0.000167
-0.000210
-0.000200
-0.000089
0.000052
0.000134
0.000159
0.000183
0.000185
0.000084
-0.000096
-0.000222
-0.000199
-0.000082
0.000023
0.000095
0.000162
0.000244
0.000319
0.000335
0.000280
0.000172
0.000031
-0.000059
-0.000060
-0.000056
-0.000062
-0.000046
-0.000063
-0.000113
-0.000109
-0.000111
-0.000247
-0.000434
-0.000500
-0.000431
-0.000299
-0.000156
-0.000045
0.000039
0.000178
0.000419
0.000636
0.000657
0.000528
0.000428
0.000395
0.000325
0.000184
0.000065
0.000013
-0.000052
-0.000183
-0.000292
-0.000297
-0.000248
-0.000249
-0.000316
-0.000356
-0.000273
-0.000116
-0.000060
-0.000120
-0.000133
-0.000077
-0.000041
0.000013
0.000134
0.000220
0.000154
-0.000031
-0.000202
-0.000270
-0.000242
-0.000131
0.000044
0.000200
0.000258
0.000233
0.000195
0.000178
0.000137
0.000034
-0.000078
-0.000139
-0.000153
-0.000143
-0.000111
-0.000052
0.000023
0.000096
0.000149
0.000147
0.000098
0.000084
0.000112
0.000106
0.000049
0.000005
0.000056
0.000178
0.000235
0.000161
0.000020
-0.000142
-0.000303
-0.000389
-0.000343
-0.000212
-0.000087
-0.000025
-0.000016
-0.000002
0.000040
0.000043
-0.000007
0.000003
0.000100
0.000164
0.000158
0.000164
0.000213
0.000247
0.000226
0.000187
0.000148
0.000085
0.000034
0.000012
-0.000060
-0.000180
-0.000212
-0.000145
-0.000145
-0.000271
-0.000392
-0.000402
-0.000341
-0.000279
-0.000189
-0.000039
0.000082
0.000088
0.000047
0.000101
0.000242
0.000286
0.000170
0.000059
0.000070
0.000128
0.000144
0.000137
0.000114
0.000048
0.000013
0.000104
0.000233
0.000221
0.000047
-0.000131
-0.000178
-0.000161
-0.000243
-0.000384
-0.000362
-0.000141
0.000039
0.000022
-0.000087
-0.000146
-0.000103
0.000037
0.000167
0.000189
0.000148
0.000128
0.000151
0.000185
0.000191
0.000170
0.000121
0.000028
-0.000066
-0.000092
-0.000049
-0.000016
-0.000061
-0.000156
-0.000211
-0.000190
-0.000134
-0.000092
-0.000040
0.000083
0.000200
0.000195
0.000154
0.000198
0.000250
0.000197
0.000117
0.000127
0.000124
-0.000023
-0.000202
-0.000265
-0.000276
-0.000309
-0.000294
-0.000194
-0.000117
-0.000143
-0.000198
-0.000188
-0.000140
-0.000107
-0.000057
0.000042
0.000150
0.000212
0.000222
0.000219
0.000227
0.000224
0.000190
0.000118
0.000005
-0.000085
-0.000106
-0.000108
-0.000099
-0.000003
0.000150
0.000219
0.000149
0.000041
-0.000013
-0.000035
-0.000071
-0.000103
-0.000082
-0.000007
0.000055
0.000037
-0.000034
-0.000082
-0.000081
-0.000070
-0.000040
0.000060
0.000165
0.000121
-0.000074
-0.000240
-0.000252
-0.000172
-0.000122
-0.000113
-0.000037
0.000125
0.000228
0.000231
0.000270
0.000339
0.000282
0.000122
0.000026
0.000014
0.000006
-0.000019
-0.000028
-0.000000
0.000036
0.000026
-0.000013
-0.000022
-0.000026
-0.000099
-0.000204
-0.000232
-0.000190
-0.000162
-0.000151
-0.000115
-0.000067
-0.000038
-0.000007
0.000044
0.000098
0.000135
0.000145
0.000108
0.000016
-0.000077
-0.000077
0.000028
0.000123
0.000087
-0.000040
-0.000075
0.000061
0.000212
0.000189
-0.000001
-0.000195
-0.000260
-0.000199
-0.000124
-0.000109
-0.000076
0.000053
0.000165
0.000153
0.000082
0.000018
-0.000037
-0.000072
-0.000095
-0.000115
-0.000097
-0.000027
0.000074
0.000174
0.000187
0.000059
-0.000097
-0.000133
-0.000054
0.000006
-0.000049
-0.000119
-0.000044
0.000113
0.000184
0.000168
0.000141
0.000107
0.000064
0.000012
-0.000079
-0.000168
-0.000126
0.000052
0.000170
0.000119
0.000019
-0.000016
-0.000012
0.000005
-0.000007
-0.000171
-0.000450
-0.000568
-0.000376
-0.000069
0.000075
0.000069
0.000121
0.000276
0.000376
0.000330
0.000236
0.000218
0.000243
0.000217
0.000134
0.000080
0.000117
0.000171
0.000163
0.000143
0.000142
0.000079
-0.000071
-0.000213
-0.000290
-0.000348
-0.000434
-0.000507
-0.000482
-0.000396
-0.000350
-0.000317
-0.000219
-0.000100
-0.000005
0.000109
0.000233
0.000288
0.000251
0.000197
0.000208
0.000293
0.000353
0.000275
0.000094
-0.000032
-0.000052
-0.000070
-0.000130
-0.000138
-0.000057
0.000007
-0.000033
-0.000132
-0.000173
-0.000129
-0.000069
0.000013
0.000166
0.000282
0.000219
0.000079
0.000056
0.000131
0.000135
0.000018
-0.000082
-0.000048
0.000061
0.000121
0.000083
-0.000032
-0.000146
-0.000189
-0.000144
-0.000034
0.000058
0.000033
-0.000089
-0.000164
-0.000116
-0.000033
0.000001
0.000048
0.000157
0.000226
0.000165
0.000071
0.000046
0.000034
-0.000043
-0.000145
-0.000192
-0.000189
-0.000165
-0.000106
-0.000037
-0.000002
-0.000004
-0.000044
-0.000094
-0.000067
0.000066
0.000152
0.000052
-0.000107
-0.000109
-0.000001
0.000032
0.000002
0.000029
0.000076
0.000072
0.000078
0.000160
0.000230
0.000161
-0.000007
-0.000122
-0.000126
-0.000067
0.000007
0.000048
0.000014
-0.000048
-0.000061
-0.000039
-0.000039
-0.000043
-0.000032
-0.000061
-0.000144
-0.000156
-0.000029
0.000079
0.000031
-0.000054
-0.000068
-0.000080
-0.000058
0.000105
0.000278
0.000268
0.000147
0.000089
0.000101
0.000067
-0.000035
-0.000087
-0.000030
0.000031
0.000011
-0.000013
0.000059
0.000176
0.000181
0.000045
-0.000075
-0.000065
-0.000015
-0.000037
-0.000069
-0.000022
0.000064
0.000104
0.000079
0.000033
0.000011
-0.000034
-0.000174
-0.000341
-0.000388
-0.000317
-0.000270
-0.000274
-0.000232
-0.000132
-0.000036
0.000031
0.000075
0.000095
0.000084
0.000060
0.000076
0.000143
0.000214
0.000242
0.000230
0.000220
0.000203
0.000140
0.000085
0.000101
0.000122
0.000064
-0.000024
-0.000089
-0.000149
-0.000172
-0.000109
-0.000036
-0.000028
-0.000020
0.000049
0.000119
0.000120
0.000067
-0.000011
-0.000121
-0.000217
-0.000210
-0.000098
0.000009
0.000021
-0.000008
0.000010
0.000053
0.000081
0.000126
0.000162
0.000103
-0.000053
-0.000196
-0.000223
-0.000162
-0.000127
-0.000135
-0.000105
-0.000001
0.000107
0.000122
0.000066
0.000069
0.000162
0.000254
0.000301
0.000312
0.000268
0.000154
0.000021
-0.000017
0.000076
0.000162
0.000090
-0.000078
-0.000196
-0.000242
-0.000291
-0.000371
-0.000428
-0.000399
-0.000303
-0.000215
-0.000170
-0.000084
0.000073
0.000176
0.000210
0.000295
0.000357
0.000242
0.000068
0.000033
0.000084
0.000066
-0.000008
-0.000029
0.000033
0.000096
0.000069
-0.000016
-0.000079
-0.000113
-0.000135
-0.000147
-0.000131
-0.000055
0.000033
0.000052
0.000050
0.000089
0.000078
-0.000054
-0.000186
-0.000152
0.000020
0.000118
0.000054
-0.000048
-0.000075
-0.000047
-0.000038
-0.000050
-0.000024
0.000038
0.000044
-0.000005
-0.000018
-0.000026
-0.000087
-0.000122
-0.000073
-0.000002
0.000083
0.000217
0.000325
0.000324
0.000263
0.000198
0.000132
0.000100
0.000105
0.000042
-0.000115
-0.000202
-0.000125
0.000004
0.000034
-0.000104
-0.000317
-0.000437
-0.000451
-0.000449
-0.000428
-0.000346
-0.000212
-0.000050
0.000118
0.000262
0.000375
0.000486
0.000598
0.000645
0.000571
0.000423
0.000291
0.000196
0.000103
0.000002
-0.000050
-0.000051
-0.000123
-0.000267
-0.000301
-0.000230
-0.000240
-0.000334
-0.000376
-0.000363
-0.000351
-0.000309
-0.000219
-0.000138
-0.000100
-0.000047
0.000074
0.000217
0.000303
0.000314
0.000269
0.000178
0.000067
-0.000019
-0.000053
-0.000039
-0.000019
-0.000037
-0.000054
-0.000026
0.000010
0.000043
0.000099
0.000119
0.000047
-0.000024
0.000003
0.000076
0.000117
0.000125
0.000088
0.000025
0.000001
-0.000004
-0.000060
-0.000133
-0.000135
-0.000044
0.000059
0.000091
0.000073
0.000072
0.000096
0.000082
0.000027
0.000048
0.000134
0.000067
-0.000176
-0.000324
-0.000267
-0.000205
-0.000234
-0.000206
-0.000050
0.000097
0.000100
0.000010
-0.000009
0.000046
0.000048
0.000016
0.000036
0.000076
0.000088
0.000072
0.000037
-0.000001
-0.000031
-0.000050
-0.000027
0.000042
0.000100
0.000112
0.000102
0.000087
0.000055
0.000012
-0.000039
-0.000116
-0.000175
-0.000137
-0.000028
0.000048
0.000041
-0.000016
-0.000054
-0.000035
-0.000015
-0.000057
-0.000109
-0.000071
0.000034
0.000062
-0.000019
-0.000051
0.000043
0.000128
0.000109
0.000045
0.000006
0.000007
0.000039
0.000079
0.000094
0.000062
0.000001
-0.000045
-0.000101
-0.000207
-0.000271
-0.000155
0.000079
0.000221
0.000170
0.000033
-0.000013
0.000069
0.000160
0.000159
0.000078
-0.000029
-0.000123
-0.000142
-0.000048
0.000080
0.000126
0.000081
0.000011
-0.000072
-0.000137
-0.000079
0.000083
0.000214
0.000268
0.000264
0.000197
0.000068
-0.000082
-0.000186
-0.000223
-0.000259
-0.000333
-0.000387
-0.000360
-0.000272
-0.000187
-0.000150
-0.000156
-0.000180
-0.000190
-0.000166
-0.000080
0.000091
0.000281
0.000372
0.000375
0.000398
0.000420
0.000345
0.000207
0.000091
0.000039
0.000053
0.000100
0.000129
0.000124
0.000106
0.000086
0.000030
-0.000087
-0.000198
-0.000222
-0.000166
-0.000125
-0.000153
-0.000181
-0.000125
-0.000012
0.000054
0.000011
-0.000086
-0.000118
-0.000070
-0.000051
-0.000078
-0.000054
0.000009
0.000042
0.000085
0.000137
0.000086
-0.000043
-0.000091
0.000001
0.000123
0.000164
0.000143
0.000110
0.000035
-0.000083
-0.000146
-0.000094
-0.000012
-0.000017
-0.000062
0.000009
0.000132
0.000075
-0.000104
-0.000121
0.000037
0.000148
0.000128
0.000056
0.000009
0.000014
0.000038
0.000017
-0.000053
-0.000089
-0.000052
0.000017
0.000071
0.000053
-0.000063
-0.000171
-0.000150
-0.000041
0.000033
0.000027
-0.000047
-0.000145
-0.000147
-0.000015
0.000103
0.000097
0.000029
-0.000005
0.000029
0.000116
0.000178
0.000119
-0.000032
-0.000123
-0.000070
0.000050
0.000104
0.000066
0.000026
0.000068
0.000122
0.000063
-0.000046
-0.000080
-0.000068
-0.000088
-0.000135
-0.000162
-0.000146
-0.000115
-0.000096
-0.000065
-0.000018
-0.000021
-0.000087
-0.000123
-0.000068
0.000023
0.000063
0.000073
0.000150
0.000248
0.000229
0.000134
0.000097
0.000095
0.000065
0.000057
0.000124
0.000216
0.000226
0.000104
-0.000091
-0.000269
-0.000368
-0.000335
-0.000197
-0.000137
-0.000260
-0.000378
-0.000310
-0.000140
-0.000015
0.000053
0.000102
0.000132
0.000171
0.000256
0.000350
0.000397
0.000397
0.000375
0.000344
0.000305
0.000259
0.000186
0.000070
-0.000032
-0.000062
-0.000083
-0.000174
-0.000293
-0.000357
-0.000362
-0.000380
-0.000450
-0.000516
-0.000490
-0.000330
-0.000080
0.000135
0.000210
0.000163
0.000114
0.000138
0.000200
0.000238
0.000216
0.000109
-0.000035
-0.000085
0.000006
0.000105
0.000094
0.000032
0.000029
0.000069
0.000058
-0.000033
-0.000110
-0.000098
-0.000067
-0.000102
-0.000135
-0.000048
0.000114
0.000189
