5600
-0.000131
-0.000170
-0.000130
-0.000040
0.000046
0.000145
0.000246
0.000255
0.000189
0.000143
0.000068
-0.000096
-0.000184
-0.000051
0.000110
0.000050
-0.000126
-0.000164
-0.000087
-0.000071
-0.000110
-0.000072
0.000047
0.000126
0.000117
0.000094
0.000083
0.000032
-0.000032
-0.000021
0.000029
-0.000004
-0.000084
-0.000089
-0.000042
-0.000028
-0.000028
-0.000026
-0.000085
-0.000159
-0.000097
0.000065
0.000143
0.000104
0.000066
0.000078
0.000078
0.000017
-0.000056
-0.000042
0.000068
0.000177
0.000202
0.000142
0.000064
0.000054
0.000079
0.000002
-0.000167
-0.000252
-0.000205
-0.000164
-0.000189
-0.000184
-0.000084
0.000038
0.000060
0.000006
0.000023
0.000140
0.000219
0.000202
0.000174
0.000180
0.000174
0.000112
-0.000011
-0.000149
-0.000231
-0.000221
-0.000181
-0.000207
-0.000295
-0.000333
-0.000253
-0.000113
-0.000038
-0.000067
-0.000091
0.000005
0.000161
0.000257
0.000310
0.000367
0.000368
0.000260
0.000111
0.000007
-0.000055
-0.000074
-0.000012
0.000050
-0.000004
-0.000090
-0.000084
-0.000025
0.000027
0.000070
0.000071
0.000041
0.000068
0.000152
0.000168
0.000039
-0.000147
-0.000244
-0.000219
-0.000173
-0.000199
-0.000245
-0.000200
-0.000078
0.000015
0.000043
0.000057
0.000131
0.000230
0.000207
0.000050
-0.000064
-0.000071
-0.000082
-0.000123
-0.000113
-0.000039
0.000057
0.000159
0.000212
0.000179
0.000136
0.000102
0.000011
-0.000068
-0.000065
-0.000082
-0.000136
-0.000081
0.000053
0.000103
0.000065
0.000034
0.000047
0.000083
0.000099
0.000052
-0.000048
-0.000109
-0.000092
-0.000054
-0.000036
-0.000022
0.000004
-0.000002
-0.000071
-0.000128
-0.000127
-0.000122
-0.000119
-0.000065
-0.000017
-0.000050
-0.000073
0.000004
0.000101
0.000163
0.000232
0.000264
0.000204
0.000141
0.000163
0.000185
0.000080
-0.000130
-0.000294
-0.000308
-0.000194
-0.000058
-0.000026
-0.000097
-0.000115
-0.000025
0.000018
-0.000011
0.000049
0.000152
0.000091
-0.000088
-0.000170
-0.000092
0.000036
0.000086
0.000057
0.000046
0.000091
0.000168
0.000204
0.000112
-0.000062
-0.000115
-0.000002
0.000046
-0.000101
-0.000225
-0.000153
-0.000044
-0.000048
-0.000059
0.000007
0.000078
0.000108
0.000074
-0.000036
-0.000081
0.000103
0.000353
0.000311
-0.000024
-0.000297
-0.000355
-0.000317
-0.000236
-0.000127
-0.000068
-0.000053
0.000029
0.000190
0.000282
0.000261
0.000260
0.000289
0.000265
0.000235
0.000238
0.000198
0.000123
0.000077
-0.000007
-0.000193
-0.000342
-0.000317
-0.000203
-0.000178
-0.000252
-0.000277
-0.000217
-0.000152
-0.000084
-0.000015
0.000026
0.000083
0.000165
0.000180
0.000097
0.000003
0.000008
0.000111
0.000178
0.000125
0.000004
-0.000114
-0.000187
-0.000222
-0.000214
-0.000133
-0.000049
-0.000021
0.000025
0.000085
0.000075
0.000037
0.000022
-0.000000
0.000027
0.000152
0.000240
0.000178
0.000056
-0.000012
-0.000011
0.000054
0.000133
0.000127
0.000038
0.000001
0.000059
0.000085
-0.000019
-0.000179
-0.000252
-0.000203
-0.000148
-0.000156
-0.000112
0.000013
0.000008
-0.000127
-0.000110
-0.000001
-0.000061
-0.000093
0.000133
0.000325
0.000279
0.000199
0.000146
0.000034
-0.000020
0.000007
-0.000057
-0.000121
-0.000021
0.000048
-0.000031
-0.000061
-0.000058
-0.000150
-0.000206
-0.000181
-0.000168
-0.000055
0.000171
0.000215
0.000061
0.000035
0.000107
0.000038
-0.000030
0.000021
-0.000030
-0.000077
0.000128
0.000250
0.000062
-0.000037
0.000050
-0.000030
-0.000222
-0.000228
-0.000080
0.000066
0.000122
0.000111
0.000169
0.000207
0.000082
-0.000024
-0.000020
-0.000054
-0.000088
-0.000066
-0.000094
-0.000111
-0.000034
-0.000025
-0.000088
-0.000046
0.000011
-0.000027
-0.000024
-0.000000
-0.000082
-0.000156
-0.000131
-0.000081
-0.000020
0.000025
0.000067
0.000216
0.000273
0.000049
-0.000030
0.000211
0.000221
-0.000027
-0.000023
0.000066
-0.000057
0.000002
0.000309
0.000339
0.000120
0.000046
0.000045
-0.000062
-0.000206
-0.000257
-0.000180
-0.000174
-0.000366
-0.000480
-0.000339
-0.000162
-0.000078
-0.000012
0.000056
0.000061
-0.000034
-0.000084
0.000056
0.000147
-0.000020
-0.000123
0.000089
0.000296
0.000203
0.000054
0.000166
0.000311
0.000198
0.000172
0.000407
0.000347
-0.000039
-0.000084
0.000070
-0.000132
-0.000277
0.000015
0.000113
-0.000263
-0.000400
-0.000067
0.000005
-0.000302
-0.000186
0.000269
0.000156
-0.000258
-0.000070
0.000259
-0.000105
-0.000417
0.000099
0.000464
0.000131
0.000054
0.000204
-0.000135
-0.000309
0.000002
-0.000106
-0.000378
-0.000084
0.000063
-0.000166
0.000082
0.000465
0.000263
0.000141
0.000381
0.000170
-0.000265
-0.000091
0.000108
-0.000301
-0.000490
-0.000067
0.000121
-0.000034
0.000127
0.000274
-0.000099
-0.000235
0.000180
0.000157
-0.000226
0.000000
0.000322
0.000129
0.000120
0.000180
-0.000210
-0.000232
0.000159
-0.000065
-0.000386
-0.000014
0.000193
-0.000186
-0.000324
-0.000126
-0.000144
-0.000116
0.000290
0.000469
0.000116
-0.000028
0.000188
0.000034
-0.000231
0.000042
0.000207
-0.000103
-0.000129
0.000067
-0.000039
-0.000117
-0.000040
-0.000037
0.000037
0.000040
-0.000161
-0.000035
0.000320
0.000119
-0.000218
0.000063
0.000151
-0.000362
-0.000325
0.000166
-0.000055
-0.000342
0.000124
0.000334
-0.000026
-0.000020
0.000237
0.000108
-0.000184
-0.000136
0.000230
0.000259
-0.000213
-0.000287
0.000179
0.000201
-0.000126
0.000121
0.000452
0.000066
-0.000177
0.000136
0.000096
-0.000119
-0.000090
-0.000326
-0.000537
-0.000353
-0.000264
-0.000215
-0.000023
0.000085
0.000273
0.000411
0.000144
0.000127
0.000562
0.000322
-0.000239
0.000197
0.000550
-0.000137
-0.000372
0.000114
0.000150
-0.000014
0.000027
-0.000100
-0.000297
-0.000340
-0.000393
-0.000390
-0.000071
0.000276
0.000183
-0.000017
0.000071
0.000131
0.000037
-0.000011
-0.000052
-0.000069
-0.000056
-0.000144
-0.000166
-0.000013
-0.000048
-0.000226
0.000042
0.000413
0.000133
-0.000060
0.000329
0.000217
-0.000303
-0.000163
0.000082
-0.000127
-0.000135
0.000012
-0.000069
-0.000022
0.000120
0.000025
-0.000073
0.000055
0.000237
0.000243
0.000174
0.000276
0.000311
-0.000016
-0.000275
-0.000104
0.000035
-0.000130
-0.000244
-0.000315
-0.000358
-0.000067
0.000089
-0.000193
-0.000163
0.000112
0.000031
0.000008
0.000213
0.000228
0.000206
0.000225
0.000124
0.000080
0.000008
-0.000130
-0.000017
0.000083
-0.000100
-0.000171
-0.000110
-0.000163
-0.000035
0.000205
0.000040
-0.000168
0.000012
-0.000033
-0.000402
-0.000332
0.000016
0.000071
0.000110
0.000238
0.000152
0.000128
0.000303
0.000104
-0.000500
-0.000529
0.000201
0.000421
-0.000023
0.000140
0.000649
0.000384
-0.000211
-0.000229
0.000130
0.000071
-0.000393
-0.000409
-0.000125
-0.000320
-0.000366
0.000226
0.000294
-0.000163
0.000197
0.000540
-0.000178
-0.000375
0.000228
0.000024
-0.000303
0.000185
0.000304
-0.000006
0.000220
0.000310
-0.000216
-0.000274
0.000099
-0.000090
-0.000147
0.000303
-0.000002
-0.000453
0.000119
0.000163
-0.000644
-0.000333
0.000426
-0.000059
-0.000467
0.000181
0.000421
0.000100
0.000321
0.000430
-0.000004
0.000073
0.000294
-0.000055
-0.000086
0.000200
0.000022
-0.000270
-0.000351
-0.000328
-0.000243
-0.000373
-0.000574
-0.000354
-0.000001
0.000046
0.000087
0.000429
0.000621
0.000154
-0.000283
0.000137
0.000380
-0.000285
-0.000296
0.000460
0.000142
-0.000568
-0.000195
0.000215
0.000069
0.000227
0.000411
0.000157
0.000244
0.000580
0.000091
-0.000513
-0.000046
0.000286
-0.000334
-0.000376
0.000259
0.000053
-0.000474
-0.000370
-0.000335
-0.000378
-0.000081
0.000013
0.000067
0.000261
0.000013
-0.000073
0.000335
0.000149
-0.000249
0.000029
0.000179
0.000118
0.000451
0.000382
-0.000064
0.000209
0.000395
-0.000265
-0.000444
-0.000040
-0.000311
-0.000424
0.000425
0.000477
-0.000358
-0.000030
0.000467
-0.000431
-0.000870
-0.000213
0.000010
0.000102
0.000281
-0.000048
-0.000001
0.000399
-0.000075
-0.000564
-0.000074
0.000236
-0.000043
0.000184
0.000683
0.000371
-0.000143
0.000049
0.000239
0.000052
0.000046
-0.000049
-0.000277
0.000007
0.000005
-0.000547
-0.000075
0.000471
-0.000342
-0.000270
0.000618
-0.000303
-0.001098
0.000006
0.000377
-0.000217
0.000100
0.000466
0.000194
0.000024
-0.000139
-0.000172
0.000166
0.000083
-0.000090
0.000458
0.000443
-0.000338
-0.000159
0.000337
-0.000100
-0.000367
-0.000061
-0.000061
-0.000175
-0.000065
-0.000043
-0.000102
-0.000160
-0.000104
0.000290
0.000427
-0.000103
-0.000290
0.000129
0.000045
-0.000391
-0.000082
0.000438
0.000203
-0.000021
0.000291
0.000314
0.000088
0.000057
-0.000216
-0.000415
-0.000181
-0.000249
-0.000262
0.000143
-0.000000
-0.000133
0.000265
-0.000190
-0.000501
0.000655
0.000733
-0.000403
0.000191
0.001040
-0.000024
-0.000612
0.000189
0.000120
-0.000695
-0.000577
0.000170
0.000398
-0.000032
-0.000094
0.000525
0.000310
-0.000487
0.000083
0.000625
-0.000408
-0.000716
0.000176
0.000075
-0.000449
-0.000124
0.000103
0.000022
0.000092
-0.000234
-0.000455
0.000254
0.000557
-0.000124
-0.000095
0.000427
0.000016
-0.000268
0.000128
-0.000040
-0.000354
-0.000106
-0.000202
-0.000581
-0.000151
0.000530
0.000203
-0.000357
0.000134
0.000669
0.000139
-0.000218
0.000303
0.000400
-0.000028
0.000168
0.000418
0.000056
0.000040
0.000198
-0.000229
-0.000359
-0.000162
-0.000501
-0.000452
0.000342
0.000335
-0.000442
-0.000519
-0.000302
-0.000540
-0.000171
0.000577
0.000210
-0.000087
0.000700
0.000630
-0.000200
0.000147
0.000493
-0.000239
-0.000409
0.000140
0.000125
-0.000249
-0.000283
0.000022
0.000179
-0.000008
0.000210
0.000558
-0.000004
-0.000395
-0.000080
-0.000361
-0.000628
-0.000145
0.000127
0.000212
0.000218
-0.000233
-0.000250
0.000152
-0.000254
-0.000560
0.000247
0.000702
0.000269
0.000211
0.000437
0.000245
0.000167
0.000137
-0.000412
-0.000478
0.000175
0.000047
-0.000274
0.000359
0.000408
-0.000347
-0.000364
-0.000313
-0.000409
0.000268
0.000256
-0.000752
-0.000424
0.000555
0.000096
-0.000430
0.000237
0.000514
-0.000144
-0.000155
0.000539
0.000408
-0.000065
0.000255
0.000110
-0.000584
0.000147
0.000872
-0.000409
-0.000808
0.000571
0.000133
-0.001093
-0.000047
0.000653
-0.000312
-0.000068
0.000606
-0.000069
-0.000134
0.000453
-0.000014
-0.000190
0.000482
0.000194
-0.000513
-0.000313
-0.000251
-0.000611
-0.000170
0.000444
-0.000026
-0.000531
-0.000211
-0.000112
-0.000330
-0.000108
0.000230
0.000408
0.000405
0.000063
0.000104
0.000607
0.000301
-0.000483
-0.000306
0.000379
0.000237
-0.000372
-0.000209
0.000254
0.000045
-0.000026
0.000356
0.000253
0.000039
0.000124
-0.000060
-0.000044
0.000222
-0.000180
-0.000492
-0.000050
-0.000021
-0.000419
-0.000152
0.000160
-0.000237
-0.000326
0.000103
0.000007
-0.000188
0.000337
0.000700
0.000223
-0.000147
0.000192
0.000442
-0.000113
-0.000526
0.000082
0.000157
-0.000628
-0.000228
0.000581
-0.000033
-0.000542
0.000001
0.000028
-0.000243
0.000171
0.000268
-0.000003
0.000250
0.000133
-0.000431
-0.000010
0.000455
-0.000167
-0.000260
0.000182
-0.000052
0.000168
0.000453
-0.000321
-0.000157
0.000608
-0.000010
-0.000009
0.000699
-0.000084
-0.000393
0.000379
-0.000218
-0.000826
-0.000177
-0.000221
-0.000457
-0.000067
-0.000208
0.000182
0.001003
0.000151
-0.000561
0.000133
0.000043
-0.000340
0.000034
-0.000226
-0.000522
0.000122
0.000265
0.000119
0.000557
0.000240
-0.000179
0.000666
0.000439
-0.000887
-0.000051
0.001121
-0.000172
-0.000943
0.000215
0.000277
-0.000732
-0.000380
0.000271
-0.000253
-0.000273
0.000312
-0.000064
-0.000285
0.000115
-0.000328
-0.000712
-0.000072
0.000302
0.000397
0.000735
0.000448
0.000146
0.000543
0.000067
-0.000792
-0.000152
0.000336
-0.000176
0.000339
0.000661
-0.000698
-0.000875
0.000370
0.000151
-0.000375
0.000314
0.000296
-0.000240
0.000075
-0.000152
-0.000874
-0.000520
-0.000034
-0.000124
0.000276
0.000795
0.000369
-0.000079
0.000252
0.000226
-0.000179
0.000061
0.000162
-0.000013
0.000757
0.001141
-0.000069
-0.000631
-0.000071
-0.000227
-0.000405
-0.000109
-0.000621
-0.001194
-0.000659
0.000254
0.000727
0.000540
-0.000027
-0.000164
0.000421
0.000576
-0.000318
-0.000379
0.000517
-0.000226
-0.001068
0.000281
0.000485
-0.000935
-0.000107
0.001170
-0.000078
-0.000829
0.000337
0.000535
-0.000298
-0.000293
-0.000140
-0.000251
0.000164
0.000301
0.000038
0.000371
0.000254
-0.000470
-0.000004
0.000804
0.000442
0.000097
0.000288
0.000073
-0.000282
-0.000195
-0.000086
-0.000324
-0.000588
-0.000312
0.000323
0.000354
-0.000119
-0.000144
-0.000092
-0.000486
-0.000353
0.000351
0.000196
-0.000252
0.000382
0.000549
-0.000530
-0.000365
0.000809
0.000236
-0.000873
-0.000304
0.000315
-0.000140
-0.000108
0.000527
0.000481
0.000081
-0.000003
-0.000125
-0.000069
0.000304
0.000093
-0.000238
0.000214
0.000307
-0.000337
-0.000506
-0.000491
-0.000853
-0.000447
0.000641
0.000599
-0.000054
0.000344
0.000631
-0.000176
-0.000545
-0.000377
-0.000674
-0.000373
0.000823
0.001119
0.000352
-0.000030
0.000154
0.000013
-0.000428
-0.000277
0.000311
0.000428
0.000183
0.000085
0.000031
-0.000420
-0.001140
-0.000848
0.000236
0.000005
-0.000495
0.000842
0.001648
0.000423
-0.000219
0.000066
-0.000332
-0.000632
-0.000119
0.000295
0.000041
-0.000536
-0.000538
-0.000177
-0.000546
-0.000728
0.000220
0.000713
0.000258
0.000360
0.000835
0.000434
-0.000303
-0.000289
0.000124
0.000140
0.000064
0.000491
0.000743
0.000231
-0.000156
-0.000024
-0.000179
-0.000663
-0.000697
-0.000413
-0.000501
-0.000670
-0.000236
0.000513
0.000749
0.000227
-0.000471
-0.000647
-0.000300
0.000134
0.000383
0.000363
0.000121
-0.000067
-0.000053
-0.000102
-0.000252
-0.000086
0.000366
0.000536
0.000583
0.000896
0.000597
-0.000448
-0.000509
0.000366
0.000243
-0.000521
-0.000219
0.000424
0.000040
-0.000426
-0.000126
-0.000178
-0.000903
-0.000960
-0.000041
0.000447
-0.000071
-0.000228
0.000398
0.000332
-0.000281
0.000007
0.000466
-0.000005
-0.000210
0.000522
0.000599
-0.000237
-0.000198
0.000291
-0.000378
-0.000818
0.000200
0.000751
0.000112
0.000094
0.000685
0.000356
-0.000223
-0.000010
-0.000056
-0.000526
-0.000382
-0.000262
-0.000529
-0.000299
-0.000083
-0.000211
0.000040
-0.000062
-0.000531
0.000095
0.000864
0.000565
0.000578
0.000852
0.000003
-0.000600
0.000166
0.000372
-0.000391
-0.000241
0.000340
-0.000111
-0.000401
0.000140
-0.000013
-0.000610
-0.000327
-0.000001
-0.000228
-0.000033
0.000385
0.000174
-0.000229
-0.000248
-0.000088
-0.000119
-0.000168
0.000250
0.000535
0.000037
-0.000154
0.000416
0.000548
0.000191
0.000104
0.000202
0.000214
-0.000069
-0.000385
-0.000235
-0.000225
-0.000603
-0.000427
0.000022
-0.000167
-0.000277
0.000228
0.000367
-0.000156
-0.000421
-0.000045
0.000321
0.000164
0.000089
0.000480
0.000375
-0.000311
-0.000195
0.000447
0.000126
-0.000475
-0.000114
0.000294
0.000084
0.000146
0.000409
-0.000002
-0.000500
-0.000207
0.000156
-0.000061
-0.000209
0.000020
0.000109
-0.000133
-0.000342
-0.000160
0.000050
-0.000274
-0.000453
0.000159
0.000541
0.000085
-0.000207
0.000158
0.000393
0.000073
-0.000087
0.000336
0.000472
-0.000065
-0.000269
0.000031
0.000018
-0.000031
0.000381
0.000631
0.000349
-0.000014
-0.000239
-0.000476
-0.000574
-0.000202
0.000249
0.000079
-0.000312
-0.000240
-0.000171
-0.000452
-0.000484
-0.000219
-0.000164
-0.000125
0.000166
0.000306
0.000131
0.000018
0.000036
-0.000021
-0.000133
-0.000135
0.000086
0.000388
0.000529
0.000575
0.000599
0.000385
-0.000034
-0.000278
-0.000278
-0.000262
-0.000240
-0.000148
-0.000096
-0.000033
0.000163
0.000210
-0.000097
-0.000332
-0.000147
0.000071
-0.000023
-0.000080
0.000084
0.000068
-0.000112
0.000001
0.000242
0.000208
0.000074
0.000009
-0.000124
-0.000191
-0.000033
0.000069
-0.000038
-0.000094
-0.000030
-0.000039
-0.000094
-0.000067
-0.000011
0.000012
0.000014
0.000044
0.000141
0.000207
0.000134
-0.000006
-0.000091
-0.000100
-0.000071
-0.000038
-0.000026
-0.000020
0.000055
0.000155
0.000089
-0.000094
-0.000147
-0.000111
-0.000119
-0.000065
0.000043
0.000048
-0.000001
-0.000009
-0.000051
-0.000087
0.000022
0.000160
0.000138
0.000060
0.000070
0.000067
-0.000005
-0.000016
0.000037
0.000021
-0.000058
-0.000071
0.000016
0.000076
0.000024
-0.000033
-0.000032
-0.000035
-0.000017
0.000075
0.000152
0.000073
-0.000134
-0.000232
-0.000143
-0.000087
-0.000136
-0.000106
0.000053
0.000233
0.000319
0.000167
-0.000177
-0.000362
-0.000248
-0.000100
-0.000003
0.000199
0.000351
0.000259
0.000172
0.000171
0.000001
-0.000159
-0.000003
0.000187
0.000160
0.000138
0.000162
0.000018
-0.000217
-0.000301
-0.000259
-0.000271
-0.000355
-0.000351
-0.000205
-0.000098
-0.000080
0.000029
0.000195
0.000221
0.000175
0.000167
0.000118
0.000049
0.000044
0.000002
-0.000093
-0.000075
0.000065
0.000148
0.000063
-0.000093
-0.000099
0.000088
0.000254
0.000259
0.000172
0.000118
0.000149
0.000174
0.000075
-0.000080
-0.000155
-0.000169
-0.000184
-0.000148
-0.000029
0.000069
0.000096
0.000115
0.000143
0.000169
0.000206
0.000192
0.000044
-0.000179
-0.000369
-0.000510
-0.000559
-0.000416
-0.000219
-0.000177
-0.000147
-0.000013
0.000040
0.000014
-0.000007
-0.000160
-0.000309
-0.000197
-0.000096
-0.000200
-0.000168
-0.000024
-0.000112
-0.000341
-0.000945
-0.002534
-0.003972
-0.003161
-0.000932
0.000418
0.001924
0.004984
0.006860
0.006086
0.005702
0.005972
0.003744
0.000414
-0.000413
-0.000207
-0.001322
-0.001988
-0.001389
-0.001764
-0.003158
-0.003677
-0.003942
-0.005256
-0.006432
-0.006230
-0.005272
-0.004123
-0.002585
-0.000716
0.001230
0.002925
0.003882
0.004200
0.004369
0.004227
0.003763
0.003787
0.004287
0.004230
0.003601
0.003164
0.002651
0.001489
0.000109
-0.001140
-0.002707
-0.004390
-0.005082
-0.004603
-0.003927
-0.003361
-0.002408
-0.001337
-0.000795
-0.000449
0.000044
0.000164
-0.000019
0.000347
0.001188
0.001724
0.001846
0.001765
0.001414
0.000910
0.000544
0.000293
0.000058
-0.000027
0.000189
0.000654
0.001077
0.001104
0.000761
0.000351
-0.000036
-0.000380
-0.000596
-0.000814
-0.001067
-0.001035
-0.000747
-0.000690
-0.000920
-0.001029
-0.000881
-0.000566
-0.000052
0.000588
0.001069
0.001260
0.001256
0.001064
0.000480
-0.000833
-0.003552
-0.008388
-0.013525
-0.013489
-0.006057
0.002061
0.005231
0.008334
0.015099
0.018886
0.016098
0.012430
0.009190
0.002560
-0.003376
-0.002292
0.001116
-0.000188
-0.003231
-0.003249
-0.002842
-0.005319
-0.009219
-0.012931
-0.016498
-0.018126
-0.015456
-0.009808
-0.004524
-0.000564
0.003109
0.006887
0.010067
0.011321
0.009966
0.007803
0.007373
0.008416
0.009295
0.009946
0.010050
0.008207
0.005400
0.003809
0.001813
-0.003312
-0.009443
-0.012733
-0.013364
-0.013175
-0.011968
-0.009677
-0.007642
-0.005767
-0.002754
0.000437
0.001542
0.000920
0.001036
0.002864
0.005361
0.007576
0.009261
0.010151
0.010156
0.009645
0.008593
0.006148
0.001944
-0.002644
-0.005606
-0.006583
-0.006938
-0.007468
-0.007526
-0.006708
-0.005601
-0.004604
-0.003736
-0.003392
-0.003578
-0.003117
-0.001299
0.000853
0.002478
0.004209
0.006476
0.008709
0.010363
0.010786
0.009283
0.006512
0.003865
0.001593
-0.000748
-0.003143
-0.005333
-0.006948
-0.007570
-0.007449
-0.007338
-0.007399
-0.007071
-0.005863
-0.003790
-0.001364
0.000762
0.002407
0.003930
0.005504
0.006707
0.006971
0.006185
0.004825
0.003511
0.002510
0.001606
0.000449
-0.000902
-0.001947
-0.002324
-0.002245
-0.002241
-0.002459
-0.002442
-0.001806
-0.000843
-0.000223
-0.000251
-0.000486
-0.000425
-0.000374
-0.000768
-0.001548
-0.003536
-0.008313
-0.014077
-0.014485
-0.006853
0.001859
0.005469
0.008944
0.017082
0.023078
0.021064
0.016219
0.012249
0.005618
-0.002039
-0.003836
-0.001640
-0.003223
-0.007535
-0.007967
-0.005669
-0.006712
-0.011311
-0.015599
-0.018434
-0.019586
-0.016961
-0.010454
-0.003430
0.002016
0.007095
0.013069
0.018474
0.020040
0.016787
0.012201
0.009732
0.008390
0.006191
0.003979
0.002442
0.000401
-0.001621
-0.001974
-0.002730
-0.007318
-0.013680
-0.016549
-0.015370
-0.013565
-0.011912
-0.008658
-0.003879
0.001186
0.006419
0.010988
0.012604
0.011006
0.008969
0.008370
0.008059
0.006512
0.004257
0.002732
0.002189
0.001644
0.000162
-0.002580
-0.006309
-0.009912
-0.011787
-0.011523
-0.010495
-0.009672
-0.007950
-0.004128
0.000760
0.004698
0.006966
0.007849
0.007681
0.007122
0.006661
0.005929
0.005040
0.004845
0.004988
0.004485
0.003521
0.002089
-0.000635
-0.004218
-0.007125
-0.008537
-0.008501
-0.007642
-0.006615
-0.005215
-0.003171
-0.001079
0.000449
0.001244
0.001341
0.001436
0.002319
0.003550
0.004212
0.004285
0.004136
0.003815
0.003258
0.002333
0.000946
-0.000556
-0.001555
-0.001771
-0.001531
-0.001346
-0.001366
-0.001521
-0.001680
-0.001521
-0.001081
-0.000923
-0.001025
-0.000753
-0.000079
0.000648
0.001345
0.001707
0.001445
0.000975
0.000585
-0.000144
-0.001697
-0.005105
-0.011515
-0.017514
-0.015228
-0.004454
0.003857
0.006099
0.012012
0.022655
0.026160
0.020929
0.015997
0.010874
0.000890
-0.007259
-0.007028
-0.005572
-0.009467
-0.012296
-0.008854
-0.005584
-0.007790
-0.011804
-0.014641
-0.017190
-0.017246
-0.011970
-0.004375
0.001874
0.007941
0.015015
0.021213
0.024426
0.023169
0.017166
0.009637
0.004489
0.001156
-0.002840
-0.006505
-0.007773
-0.007522
-0.006806
-0.005265
-0.004897
-0.008413
-0.013019
-0.013577
-0.010676
-0.008210
-0.005982
-0.001382
0.005154
0.011437
0.016368
0.018689
0.017001
0.012391
0.007717
0.004017
0.000191
-0.004087
-0.007370
-0.008251
-0.006985
-0.005330
-0.004995
-0.006182
-0.007797
-0.008758
-0.008536
-0.007122
-0.005146
-0.002938
0.000565
0.006017
0.011410
0.014093
0.013773
0.011558
0.008360
0.005260
0.002635
-0.000498
-0.003843
-0.005242
-0.004408
-0.003573
-0.004077
-0.005342
-0.006135
-0.005580
-0.004142
-0.002895
-0.001906
-0.000840
0.000401
0.002228
0.004202
0.004629
0.003278
0.001937
0.001499
0.001263
0.000706
-0.000122
-0.000947
-0.001135
-0.000353
0.000590
0.000689
0.000173
0.000014
0.000482
0.001057
0.001215
0.000718
-0.000290
-0.001261
-0.001755
-0.001818
-0.001766
-0.001915
-0.002196
-0.001910
-0.000490
0.001494
0.002787
0.003022
0.003056
0.003211
0.002513
0.000619
-0.001568
-0.004249
-0.009351
-0.016545
-0.019445
-0.012069
-0.000561
0.004587
0.007810
0.018321
0.027748
0.025167
0.018265
0.014833
0.007900
-0.003823
-0.009117
-0.006878
-0.008398
-0.014009
-0.013204
-0.007151
-0.006389
-0.010693
-0.012936
-0.013846
-0.015588
-0.013443
-0.005941
0.001176
0.006469
0.013549
0.021218
0.025163
0.024641
0.020311
0.012516
0.004376
-0.000971
-0.005254
-0.010408
-0.013520
-0.012437
-0.009857
-0.007691
-0.005402
-0.004839
-0.007528
-0.009428
-0.006995
-0.003355
-0.001671
0.000649
0.005987
0.012018
0.016270
0.018422
0.017544
0.012926
0.006628
0.001094
-0.003898
-0.009169
-0.013461
-0.014897
-0.013214
-0.009710
-0.006295
-0.004276
-0.003245
-0.002028
-0.000624
0.000328
0.001089
0.002180
0.003791
0.006531
0.010349
0.013016
0.012335
0.009007
0.005296
0.002051
-0.001458
-0.005525
-0.009038
-0.010652
-0.009979
-0.007581
-0.004701
-0.002238
0.000100
0.002394
0.003907
0.004522
0.004233
0.002530
0.000388
-0.000336
-0.000024
-0.000214
-0.000839
-0.001223
-0.001381
-0.001228
-0.000734
-0.000499
-0.000687
-0.000501
0.000573
0.002000
0.002944
0.003192
0.003108
0.002860
0.002151
0.000784
-0.000990
-0.002786
-0.004280
-0.004991
-0.004558
-0.003324
-0.001868
-0.000237
0.001393
0.002385
0.003039
0.004323
0.005268
0.004013
0.001762
0.000870
0.000240
-0.002013
-0.004741
-0.007493
-0.012902
-0.019871
-0.019834
-0.008897
0.002488
0.006327
0.011844
0.024627
0.031957
0.027089
0.020260
0.015245
0.005220
-0.006752
-0.011001
-0.010853
-0.015278
-0.019781
-0.015925
-0.009266
-0.008768
-0.011400
-0.011665
-0.011328
-0.010672
-0.005943
0.001228
0.006375
0.011198
0.018375
0.024487
0.025639
0.022240
0.015446
0.006358
-0.001859
-0.007539
-0.012987
-0.018535
-0.020067
-0.016210
-0.010699
-0.005972
-0.002024
-0.000097
-0.000245
0.000737
0.003708
0.005299
0.004685
0.005508
0.009275
0.013081
0.014355
0.012874
0.008964
0.003392
-0.002358
-0.007778
-0.013320
-0.017956
-0.019412
-0.016914
-0.011602
-0.005330
-0.000035
0.003534
0.006436
0.009184
0.010285
0.008912
0.006656
0.005208
0.004806
0.005235
0.005818
0.005063
0.002354
-0.001188
-0.004326
-0.006646
-0.008459
-0.010323
-0.011086
-0.008553
-0.003779
0.000331
0.004192
0.008573
0.010830
0.010182
0.009003
0.006652
0.001344
-0.004199
-0.006920
-0.007961
-0.008611
-0.008004
-0.006117
-0.003926
-0.001341
0.001711
0.003989
0.004740
0.004913
0.005481
0.006058
0.005713
0.004204
0.002142
0.000196
-0.001662
-0.003626
-0.005326
-0.006422
-0.006813
-0.005896
-0.003427
-0.000634
0.001525
0.003688
0.005937
0.006829
0.005939
0.004542
0.003135
0.001142
-0.001063
-0.002485
-0.003243
-0.004010
-0.004743
-0.005151
-0.006115
-0.010156
-0.017513
-0.020540
-0.011432
0.002398
0.008336
0.012130
0.024919
0.036534
0.033240
0.023574
0.017908
0.008781
-0.007084
-0.017179
-0.017870
-0.020886
-0.026914
-0.023391
-0.012008
-0.007034
-0.008755
-0.007262
-0.003363
-0.002267
-0.000348
0.005165
0.009391
0.011516
0.016418
0.022553
0.023437
0.018593
0.011675
0.003402
-0.005709
-0.013043
-0.018637
-0.023684
-0.024755
-0.018847
-0.009964
-0.002708
0.003469
0.008761
0.011168
0.011763
0.012606
0.011604
0.007323
0.003947
0.004741
0.006508
0.005676
0.003192
0.000417
-0.003152
-0.007221
-0.011008
-0.014943
-0.018288
-0.018108
-0.013453
-0.006761
-0.000110
0.006030
0.011099
0.014667
0.016632
0.015860
0.011467
0.005536
0.001086
-0.001583
-0.003607
-0.004995
-0.005717
-0.006452
-0.006623
-0.005151
-0.003691
-0.004373
-0.005171
-0.003163
0.000347
0.003362
0.006821
0.010527
0.012017
0.011258
0.009664
0.005867
-0.001144
-0.008206
-0.012326
-0.014157
-0.014411
-0.012313
-0.008308
-0.003649
0.001446
0.006394
0.009387
0.009663
0.008626
0.007672
0.006505
0.004396
0.001739
-0.000560
-0.002326
-0.003781
-0.004760
-0.005264
-0.005721
-0.005738
-0.004184
-0.001303
0.001279
0.003059
0.004795
0.006303
0.006544
0.005492
0.003833
0.001566
-0.001297
-0.003757
-0.005117
-0.005930
-0.006505
-0.006014
-0.004112
-0.002139
-0.002084
-0.005665
-0.012625
-0.016626
-0.009816
0.002998
0.009499
0.012729
0.024057
0.035913
0.033459
0.022547
0.015136
0.006268
-0.009316
-0.021295
-0.023407
-0.024966
-0.028828
-0.024019
-0.010533
-0.002731
-0.003178
-0.001467
0.003428
0.004800
0.004252
0.006469
0.008881
0.009594
0.012600
0.017657
0.018279
0.012889
0.006075
-0.000590
-0.008472
-0.016036
-0.021227
-0.024043
-0.022757
-0.015402
-0.005177
0.003289
0.009891
0.015481
0.018283
0.017666
0.015133
0.010695
0.004322
-0.000647
-0.001592
-0.001179
-0.002505
-0.004201
-0.004636
-0.005296
-0.007268
-0.009641
-0.011868
-0.013338
-0.012033
-0.007314
-0.001477
0.003813
0.009052
0.013935
0.016694
0.016360
0.012986
0.007031
0.000351
-0.004619
-0.007517
-0.009361
-0.009959
-0.008677
-0.006152
-0.003155
0.000014
0.002094
0.002074
0.001646
0.002789
0.004389
0.004616
0.004153
0.004438
0.005288
0.005603
0.004340
0.001011
-0.003294
-0.006702
-0.008863
-0.010429
-0.010927
-0.009398
-0.005882
-0.001109
0.003717
0.007049
0.008347
0.008410
0.007834
0.006295
0.003552
0.000302
-0.002182
-0.003128
-0.002997
-0.002843
-0.002947
-0.002804
-0.002157
-0.001198
-0.000202
0.000505
0.000882
0.001489
0.002627
0.003576
0.003484
0.002458
0.001248
0.000194
-0.000998
-0.002341
-0.003302
-0.003894
-0.004415
-0.004106
-0.002675
-0.002442
-0.006080
-0.012573
-0.015918
-0.010228
0.000745
0.007354
0.011155
0.021178
0.032219
0.031461
0.022051
0.014604
0.006875
-0.006205
-0.017763
-0.021457
-0.022973
-0.025546
-0.021515
-0.010103
-0.002905
-0.003132
-0.001747
0.003337
0.005630
0.004789
0.005420
0.007022
0.007684
0.009859
0.013870
0.014553
0.009923
0.004154
-0.000686
-0.006608
-0.013326
-0.018150
-0.020021
-0.018348
-0.012411
-0.004291
0.002844
0.008873
0.014413
0.017542
0.016868
0.013769
0.009413
0.004045
-0.000528
-0.002559
-0.003590
-0.005470
-0.006673
-0.005823
-0.004934
-0.005829
-0.007540
-0.008806
-0.009201
-0.007826
-0.004321
-0.000129
0.003702
0.007779
0.011794
0.013765
0.012756
0.009532
0.004889
-0.000269
-0.004623
-0.007716
-0.009717
-0.009895
-0.007550
-0.003789
-0.000372
0.002152
0.003785
0.004113
0.003230
0.002416
0.002595
0.002839
0.002144
0.001836
0.003132
0.003946
0.002262
-0.000382
-0.002399
-0.004464
-0.006580
-0.007683
-0.007677
-0.006640
-0.004086
-0.000449
0.002766
0.004712
0.005685
0.006016
0.005611
0.004360
0.002344
0.000098
-0.001429
-0.001884
-0.001784
-0.001543
-0.001259
-0.001023
-0.000663
-0.000048
0.000396
0.000391
0.000360
0.000633
0.000917
0.000893
0.000678
0.000426
0.000065
-0.000328
-0.000664
-0.001188
-0.001881
-0.002235
-0.002048
-0.001573
-0.001189
-0.001336
-0.002606
-0.006421
-0.012192
-0.013063
-0.004732
0.004004
0.006412
0.011907
0.024271
0.028911
0.020644
0.013113
0.010006
0.000760
-0.013121
-0.019227
-0.018515
-0.020265
-0.020291
-0.011198
-0.001822
-0.001280
-0.001826
0.003149
0.006482
0.004158
0.002602
0.004436
0.005584
0.006074
0.008794
0.010973
0.008749
0.004592
0.001404
-0.002858
-0.009040
-0.014061
-0.016181
-0.015577
-0.011836
-0.005842
0.000176
0.006073
0.012167
0.015824
0.015064
0.012069
0.008857
0.004609
-0.000070
-0.002700
-0.003796
-0.005483
-0.006429
-0.004843
-0.003172
-0.003855
-0.005238
-0.005726
-0.006201
-0.006414
-0.004740
-0.001681
0.001266
0.004560
0.008449
0.010845
0.010411
0.008285
0.005239
0.001007
-0.003514
-0.006793
-0.008402
-0.008257
-0.006121
-0.002790
0.000258
0.002510
0.004121
0.004688
0.003841
0.002345
0.001330
0.000894
0.000590
0.000743
0.001630
0.002095
0.001115
-0.000391
-0.001466
-0.002929
-0.005093
-0.006218
-0.005312
-0.003667
-0.002085
0.000184
0.002764
0.004096
0.004185
0.003922
0.003074
0.001542
0.000257
-0.000462
-0.001096
-0.001522
-0.001252
-0.000473
0.000261
0.000649
0.000626
0.000371
0.000255
0.000354
0.000432
0.000461
0.000524
0.000485
0.000311
0.000088
-0.000403
-0.001360
-0.002264
-0.002232
-0.001344
-0.000721
-0.000590
-0.000047
0.000522
-0.000502
-0.003672
-0.008349
-0.011844
-0.009763
-0.003094
0.001892
0.006010
0.014824
0.023171
0.022215
0.016233
0.012413
0.006682
-0.004272
-0.013177
-0.015559
-0.016565
-0.017599
-0.013209
-0.005118
-0.001299
-0.001065
0.001477
0.004489
0.003704
0.001647
0.001681
0.002426
0.002878
0.004616
0.007122
0.007692
0.006173
0.004157
0.001116
-0.003690
-0.008590
-0.011873
-0.013020
-0.011519
-0.007808
-0.003272
0.001986
0.008006
0.012517
0.013454
0.011915
0.009510
0.005934
0.001530
-0.001750
-0.003567
-0.005105
-0.005753
-0.004463
-0.002832
-0.002645
-0.003136
-0.003463
-0.004261
-0.005279
-0.005126
-0.003630
-0.001500
0.001364
0.004833
0.007487
0.008392
0.007992
0.006434
0.003419
-0.000352
-0.003733
-0.006172
-0.007096
-0.006034
-0.003663
-0.001122
0.001248
0.003393
0.004717
0.004700
0.003562
0.001780
-0.000146
-0.001327
-0.001197
-0.000486
-0.000045
0.000514
0.001434
0.001611
0.000293
-0.001715
-0.003352
-0.004394
-0.005126
-0.005499
-0.004715
-0.002234
0.001034
0.003714
0.005428
0.006190
0.005672
0.004090
0.002289
0.000453
-0.001559
-0.002934
-0.002896
-0.001978
-0.000958
0.000025
0.000769
0.000974
0.000739
0.000266
-0.000300
-0.000613
-0.000438
-0.000013
0.000342
0.000585
0.000735
0.000656
0.000205
-0.000609
-0.001602
-0.002399
-0.002586
-0.002127
-0.001353
-0.000630
-0.000873
-0.003420
-0.007026
-0.007439
-0.003902
-0.000834
0.001385
0.007465
0.015369
0.017429
0.014425
0.012698
0.010542
0.003110
-0.005875
-0.010675
-0.012987
-0.014993
-0.013509
-0.008170
-0.004154
-0.002760
-0.000347
0.003013
0.004011
0.002869
0.002111
0.002180
0.002439
0.002974
0.003735
0.004300
0.004510
0.003987
0.002148
-0.000695
-0.003793
-0.006875
-0.009063
-0.009120
-0.007659
-0.005785
-0.002401
0.003119
0.008092
0.010174
0.010427
0.010024
0.008037
0.004459
0.001080
-0.001566
-0.004057
-0.005515
-0.005018
-0.003853
-0.003355
-0.002928
-0.002151
-0.001984
-0.002793
-0.003592
-0.003581
-0.002735
-0.001184
0.000809
0.002794
0.004565
0.005952
0.006366
0.005326
0.003063
0.000207
-0.002526
-0.004412
-0.005122
-0.004693
-0.003147
-0.000839
0.001455
0.003277
0.004430
0.004495
0.003393
0.001769
0.000306
-0.000657
-0.001104
-0.001307
-0.001212
-0.000452
0.000402
0.000176
-0.000919
-0.001728
-0.002317
-0.003398
-0.004359
-0.004113
-0.002875
-0.001303
0.000628
0.002603
0.003752
0.004098
0.004301
0.004143
0.003017
0.001324
-0.000022
-0.000801
-0.001278
-0.001501
-0.001365
-0.000892
-0.000293
0.000075
0.000018
-0.000313
-0.000630
-0.000678
-0.000375
0.000028
0.000273
0.000521
0.000943
0.001159
0.000679
-0.000272
-0.001024
-0.001393
-0.001707
-0.002121
-0.002603
-0.003304
-0.004133
-0.004279
-0.003305
-0.002073
-0.000849
0.001868
0.006114
0.008975
0.009336
0.009558
0.009895
0.007540
0.002670
-0.001473
-0.004159
-0.006644
-0.008237
-0.007876
-0.006629
-0.005439
-0.003654
-0.001326
0.000258
0.000800
0.001161
0.001681
0.002061
0.002138
0.002042
0.002218
0.002839
0.003081
0.002252
0.000952
-0.000252
-0.001774
-0.003577
-0.004789
-0.005215
-0.005167
-0.004131
-0.001694
0.001129
0.003320
0.005126
0.006645
0.007046
0.006064
0.004405
0.002488
0.000358
-0.001529
-0.002722
-0.003321
-0.003491
-0.003183
-0.002589
-0.002138
-0.002014
-0.002087
-0.002147
-0.002064
-0.001809
-0.001299
-0.000367
0.000889
0.002086
0.002987
0.003472
0.003260
0.002304
0.001059
-0.000149
-0.001326
-0.002207
-0.002324
-0.001688
-0.000727
0.000306
0.001348
0.002129
0.002331
0.002055
0.001583
0.000874
0.000020
-0.000415
-0.000313
-0.000233
-0.000273
-0.000104
0.000023
-0.000333
-0.001070
-0.001919
-0.002686
-0.002992
-0.002626
-0.001900
-0.001096
-0.000086
0.001157
0.002234
0.002732
0.002538
0.001832
0.001030
0.000438
-0.000019
-0.000408
-0.000496
-0.000158
0.000386
0.000810
0.000942
0.000833
0.000611
0.000301
-0.000159
-0.000732
-0.001136
-0.001133
-0.000901
-0.000634
-0.000196
0.000333
0.000600
0.000556
0.000251
-0.000448
-0.001576
-0.002912
-0.003928
-0.004095
-0.003465
-0.002291
-0.000366
0.002249
0.004561
0.005742
0.006101
0.006049
0.004990
0.002581
0.000027
-0.001473
-0.002224
-0.002819
-0.003057
-0.002684
-0.001885
-0.001011
-0.000422
-0.000292
-0.000447
-0.000618
-0.000698
-0.000679
-0.000521
-0.000180
0.000394
0.001191
0.001857
0.001882
0.001292
0.000533
-0.000256
-0.001170
-0.002069
-0.002712
-0.002877
-0.002280
-0.000931
0.000567
0.001649
0.002384
0.002952
0.003088
0.002603
0.001839
0.001130
0.000485
-0.000018
-0.000264
-0.000426
-0.000639
-0.000764
-0.000822
-0.001067
-0.001460
-0.001703
-0.001736
-0.001713
-0.001602
-0.001245
-0.000657
0.000042
0.000721
0.001168
0.001270
0.001134
0.000799
0.000189
-0.000512
-0.000913
-0.000925
-0.000725
-0.000253
0.000583
0.001398
0.001847
0.002169
0.002440
0.002218
0.001431
0.000529
-0.000254
-0.000896
-0.001258
-0.001349
-0.001353
-0.001280
-0.001100
-0.000936
-0.000830
-0.000697
-0.000591
-0.000568
-0.000520
-0.000477
-0.000491
-0.000251
0.000391
0.001005
0.001322
0.001524
0.001609
0.001417
0.000944
0.000219
-0.000573
-0.001073
-0.001253
-0.001267
-0.000985
-0.000399
0.000159
0.000636
0.001179
0.001507
0.001316
0.000719
-0.000235
-0.001490
-0.002494
-0.002904
-0.002986
-0.002520
-0.000981
0.000930
0.002141
0.002911
0.003648
0.003723
0.002805
0.001466
0.000114
-0.001118
-0.001872
-0.001958
-0.001579
-0.000911
-0.000150
0.000319
0.000418
0.000354
0.000010
-0.000629
-0.001004
-0.000929
-0.000872
-0.000742
-0.000000
0.001048
0.001676
0.001841
0.001718
0.001120
0.000051
-0.001058
-0.001953
-0.002659
-0.003019
-0.002774
-0.001963
-0.000805
0.000501
0.001692
0.002516
0.002844
0.002634
0.002065
0.001516
0.001092
0.000648
0.000327
0.000331
0.000411
0.000307
0.000155
-0.000074
-0.000653
-0.001429
-0.002041
-0.002506
-0.002816
-0.002617
-0.001840
-0.000930
-0.000168
0.000579
0.001298
0.001654
0.001515
0.001144
0.000721
0.000165
-0.000418
-0.000677
-0.000526
-0.000214
0.000165
0.000670
0.001126
0.001298
0.001210
0.000906
0.000366
-0.000170
-0.000400
-0.000393
-0.000312
-0.000086
0.000265
0.000541
0.000656
0.000583
0.000210
-0.000383
-0.000920
-0.001311
-0.001591
-0.001669
-0.001484
-0.001107
-0.000586
0.000008
0.000465
0.000651
0.000689
0.000734
0.000775
0.000717
0.000554
0.000397
0.000348
0.000376
0.000375
0.000266
0.000124
0.000107
0.000147
-0.000014
-0.000290
-0.000319
-0.000199
-0.000291
-0.000369
-0.000065
0.000301
0.000320
0.000188
0.000169
0.000161
-0.000023
-0.000432
-0.000908
-0.001115
-0.000909
-0.000536
-0.000224
0.000109
0.000520
0.000777
0.000678
0.000361
0.000046
-0.000154
-0.000157
-0.000119
-0.000269
-0.000323
0.000045
0.000489
0.000643
0.000578
0.000313
-0.000004
0.000007
0.000172
0.000013
-0.000214
-0.000064
0.000235
0.000356
0.000379
0.000368
0.000227
-0.000070
-0.000464
-0.000839
-0.001016
-0.000957
-0.000818
-0.000696
-0.000552
-0.000346
-0.000038
0.000358
0.000707
0.000887
0.000926
0.000967
0.001032
0.000901
0.000461
0.000028
-0.000127
-0.000228
-0.000433
-0.000438
-0.000197
-0.000106
-0.000244
-0.000349
-0.000373
-0.000346
-0.000196
-0.000065
-0.000124
-0.000187
-0.000053
0.000104
0.000115
0.000115
0.000186
0.000187
0.000087
0.000034
0.000037
-0.000034
-0.000220
-0.000480
-0.000737
-0.000917
-0.001036
-0.001038
-0.000750
-0.000251
0.000205
0.000613
0.001052
0.001438
0.001720
0.001849
0.001643
0.001143
0.000663
0.000235
-0.000277
-0.000669
-0.000762
-0.000781
-0.000863
-0.000806
-0.000553
-0.000283
-0.000060
0.000097
0.000061
-0.000123
-0.000228
-0.000231
-0.000247
-0.000224
-0.000092
0.000081
0.000243
0.000342
0.000251
-0.000036
-0.000342
-0.000591
-0.000862
-0.001102
-0.001094
-0.000754
-0.000231
0.000296
0.000764
0.001180
0.001488
0.001564
0.001388
0.001104
0.000828
0.000571
0.000319
0.000053
-0.000210
-0.000351
-0.000339
-0.000350
-0.000511
-0.000740
-0.000916
-0.001021
-0.001093
-0.001137
-0.001076
-0.000849
-0.000492
-0.000075
0.000308
0.000539
0.000625
0.000627
0.000525
0.000359
0.000249
0.000201
0.000148
0.000109
0.000128
0.000206
0.000342
0.000489
0.000562
0.000569
0.000549
0.000463
0.000309
0.000182
0.000107
-0.000013
-0.000205
-0.000367
-0.000438
-0.000505
-0.000611
-0.000641
-0.000551
-0.000488
-0.000534
-0.000596
-0.000579
-0.000457
-0.000269
-0.000093
0.000069
0.000240
0.000376
0.000530
0.000782
0.000927
0.000758
0.000510
0.000411
0.000306
0.000100
-0.000080
-0.000174
-0.000166
-0.000070
-0.000042
-0.000163
-0.000246
-0.000150
-0.000034
-0.000070
-0.000198
-0.000271
-0.000188
-0.000044
-0.000063
-0.000189
-0.000140
0.000072
0.000207
0.000214
0.000149
-0.000022
-0.000294
-0.000560
-0.000752
-0.000809
-0.000654
-0.000314
0.000115
0.000546
0.000879
0.001042
0.001014
0.000788
0.000441
0.000160
0.000046
0.000024
0.000006
-0.000049
-0.000131
-0.000147
-0.000074
-0.000083
-0.000233
-0.000305
-0.000196
-0.000137
-0.000276
-0.000455
-0.000499
-0.000369
-0.000130
0.000045
0.000065
0.000052
0.000131
0.000240
0.000238
0.000081
-0.000128
-0.000230
-0.000188
-0.000088
0.000037
0.000237
0.000469
0.000579
0.000501
0.000333
0.000192
0.000098
-0.000019
-0.000216
-0.000452
-0.000596
-0.000514
-0.000224
0.000020
0.000011
-0.000072
0.000058
0.000286
0.000292
0.000075
-0.000115
-0.000120
0.000044
0.000229
0.000270
0.000187
0.000129
0.000082
-0.000072
-0.000221
-0.000135
0.000126
0.000250
0.000155
0.000066
0.000054
-0.000019
-0.000159
-0.000287
-0.000372
-0.000344
-0.000185
-0.000074
-0.000109
-0.000111
0.000003
0.000041
-0.000039
-0.000023
0.000121
0.000218
0.000251
0.000303
0.000280
0.000098
-0.000068
-0.000065
-0.000013
-0.000033
-0.000046
-0.000008
0.000005
0.000004
0.000005
-0.000091
-0.000244
-0.000274
-0.000193
-0.000149
-0.000130
-0.000052
0.000071
0.000162
0.000148
0.000028
-0.000083
-0.000110
-0.000127
-0.000178
-0.000137
0.000052
0.000253
0.000360
0.000401
0.000391
0.000294
0.000161
0.000081
-0.000007
-0.000165
-0.000271
-0.000300
-0.000413
-0.000570
-0.000519
-0.000239
0.000033
0.000174
0.000240
0.000284
0.000321
0.000331
0.000262
0.000200
0.000283
0.000387
0.000332
0.000240
0.000263
0.000317
0.000286
0.000114
-0.000200
-0.000487
-0.000590
-0.000636
-0.000742
-0.000733
-0.000447
-0.000009
0.000333
0.000451
0.000416
0.000391
0.000402
0.000263
-0.000101
-0.000432
-0.000508
-0.000446
-0.000408
-0.000333
-0.000132
0.000109
0.000236
0.000203
0.000094
0.000060
0.000154
0.000208
0.000091
-0.000058
-0.000066
0.000049
0.000199
0.000297
0.000241
0.000054
-0.000080
-0.000112
-0.000189
-0.000343
-0.000399
-0.000242
0.000009
0.000171
0.000219
0.000302
0.000477
0.000548
0.000359
0.000085
-0.000054
-0.000112
-0.000236
-0.000369
-0.000368
-0.000246
-0.000111
-0.000048
-0.000110
-0.000245
-0.000269
-0.000105
0.000103
0.000206
0.000205
0.000179
0.000165
0.000126
0.000070
0.000049
0.000024
-0.000054
-0.000105
-0.000071
-0.000018
-0.000012
-0.000036
-0.000062
-0.000075
-0.000022
0.000094
0.000154
0.000124
0.000134
0.000237
0.000296
0.000208
0.000047
-0.000068
-0.000114
-0.000125
-0.000105
-0.000094
-0.000176
-0.000296
-0.000312
-0.000264
-0.000266
-0.000251
-0.000132
0.000001
0.000072
0.000147
0.000233
0.000245
0.000209
0.000210
0.000220
0.000190
0.000144
0.000132
0.000156
0.000140
0.000035
-0.000096
-0.000168
-0.000182
-0.000170
-0.000133
-0.000088
-0.000057
-0.000032
-0.000032
-0.000080
-0.000128
-0.000123
-0.000082
-0.000050
-0.000041
-0.000042
-0.000028
0.000024
0.000105
0.000163
0.000139
0.000048
-0.000028
-0.000034
0.000001
0.000017
0.000005
0.000061
0.000282
0.000555
0.000607
0.000385
0.000100
-0.000120
-0.000291
-0.000393
-0.000421
-0.000417
-0.000363
-0.000254
-0.000140
-0.000026
0.000060
0.000010
-0.000178
-0.000317
-0.000291
-0.000185
-0.000079
0.000040
0.000128
0.000109
0.000045
0.000060
0.000136
0.000147
0.000117
0.000183
0.000334
0.000433
0.000408
0.000303
0.000240
0.000284
0.000340
0.000260
0.000053
-0.000094
-0.000077
-0.000055
-0.000215
-0.000454
-0.000523
-0.000363
-0.000194
-0.000258
-0.000454
-0.000408
-0.000069
0.000169
0.000089
-0.000057
0.000003
0.000191
0.000267
0.000155
0.000017
0.000022
0.000103
0.000083
-0.000000
0.000017
0.000093
0.000084
0.000015
-0.000025
-0.000059
-0.000102
-0.000076
0.000025
0.000083
0.000069
0.000108
0.000226
0.000268
0.000157
0.000002
-0.000107
-0.000165
-0.000157
-0.000129
-0.000183
-0.000265
-0.000221
-0.000080
-0.000008
-0.000031
-0.000042
0.000010
0.000055
0.000020
-0.000038
-0.000012
0.000055
0.000064
0.000090
0.000216
0.000328
0.000336
0.000283
0.000165
-0.000039
-0.000214
-0.000242
-0.000173
-0.000122
-0.000112
-0.000094
-0.000042
0.000044
0.000146
0.000214
0.000202
0.000116
0.000023
-0.000038
-0.000098
-0.000160
-0.000166
-0.000111
-0.000061
-0.000034
-0.000029
-0.000084
-0.000170
-0.000161
-0.000059
-0.000006
-0.000017
0.000018
0.000089
0.000100
0.000062
0.000057
0.000067
0.000034
-0.000016
-0.000053
-0.000096
-0.000116
-0.000071
0.000004
0.000045
0.000042
0.000026
0.000039
0.000150
0.000334
0.000387
0.000233
0.000089
0.000090
0.000092
-0.000044
-0.000278
-0.000503
-0.000632
-0.000604
-0.000452
-0.000275
-0.000107
0.000060
0.000195
0.000271
0.000322
0.000411
0.000548
0.000627
0.000543
0.000347
0.000211
0.000210
0.000204
0.000024
-0.000264
-0.000453
-0.000477
-0.000431
-0.000368
-0.000290
-0.000241
-0.000213
-0.000118
0.000052
0.000181
0.000180
0.000094
0.000037
0.000016
-0.000025
-0.000054
-0.000045
-0.000023
0.000011
0.000057
0.000055
-0.000013
-0.000088
-0.000143
-0.000188
-0.000171
-0.000073
0.000024
0.000088
0.000167
0.000255
0.000287
0.000244
0.000159
0.000052
-0.000054
-0.000104
-0.000091
-0.000071
-0.000060
-0.000034
-0.000017
-0.000036
-0.000031
0.000046
0.000103
0.000034
-0.000078
-0.000105
-0.000074
-0.000062
-0.000045
0.000007
0.000064
0.000133
0.000201
0.000182
0.000092
0.000038
-0.000003
-0.000132
-0.000319
-0.000406
-0.000315
-0.000128
0.000035
0.000145
0.000250
0.000368
0.000411
0.000288
0.000081
-0.000057
-0.000119
-0.000167
-0.000178
-0.000169
-0.000195
-0.000187
-0.000087
-0.000001
0.000012
0.000049
0.000147
0.000198
0.000150
0.000089
0.000056
-0.000011
-0.000082
-0.000062
-0.000007
-0.000014
-0.000031
-0.000031
-0.000096
-0.000209
-0.000290
-0.000325
-0.000278
-0.000131
0.000009
0.000071
0.000149
0.000316
0.000489
0.000537
0.000424
0.000224
0.000056
-0.000021
-0.000046
-0.000082
-0.000132
-0.000171
-0.000190
-0.000186
-0.000178
-0.000201
-0.000231
-0.000189
-0.000060
0.000057
0.000084
0.000060
0.000075
0.000154
0.000219
0.000177
0.000046
-0.000096
-0.000187
-0.000175
-0.000069
0.000024
0.000020
-0.000011
0.000055
0.000182
0.000203
0.000078
0.000009
0.000151
0.000364
0.000400
0.000221
-0.000010
-0.000156
-0.000251
-0.000347
-0.000374
-0.000301
-0.000242
-0.000272
-0.000286
-0.000137
0.000132
0.000284
0.000161
-0.000104
-0.000242
-0.000177
-0.000081
-0.000082
-0.000062
0.000105
0.000275
0.000254
0.000149
0.000176
0.000264
0.000199
0.000028
-0.000054
-0.000017
0.000054
0.000125
0.000174
0.000162
0.000104
0.000057
0.000018
-0.000056
-0.000131
-0.000139
-0.000106
-0.000113
-0.000138
-0.000085
0.000019
0.000073
0.000057
-0.000011
-0.000119
-0.000230
-0.000313
-0.000317
-0.000198
-0.000037
0.000023
0.000031
0.000123
0.000250
0.000285
0.000219
0.000116
0.000031
-0.000016
-0.000040
-0.000060
-0.000085
-0.000070
0.000040
0.000174
0.000223
0.000210
0.000182
0.000099
-0.000065
-0.000242
-0.000329
-0.000281
-0.000159
-0.000061
-0.000036
-0.000030
0.000046
0.000163
0.000197
0.000095
-0.000061
-0.000139
-0.000095
-0.000041
-0.000060
-0.000050
0.000039
0.000088
0.000061
0.000063
0.000110
0.000151
0.000184
0.000163
0.000026
-0.000114
-0.000103
-0.000001
0.000039
-0.000022
-0.000125
-0.000170
-0.000102
0.000025
0.000128
0.000187
0.000200
0.000151
0.000032
-0.000102
-0.000146
-0.000096
-0.000059
-0.000064
-0.000046
-0.000016
-0.000032
-0.000072
-0.000106
-0.000167
-0.000227
-0.000196
-0.000099
-0.000057
-0.000057
0.000039
0.000200
0.000255
0.000191
0.000177
0.000277
0.000304
0.000102
-0.000184
-0.000341
-0.000317
-0.000170
0.000006
0.000113
0.000149
0.000179
0.000206
0.000186
0.000111
0.000005
-0.000076
-0.000078
-0.000079
-0.000193
-0.000324
-0.000314
-0.000205
-0.000134
-0.000143
-0.000174
-0.000135
0.000017
0.000205
0.000310
0.000313
0.000300
0.000327
0.000347
0.000299
0.000182
0.000086
0.000094
0.000107
0.000014
-0.000095
-0.000149
-0.000201
-0.000238
-0.000270
-0.000425
-0.000588
-0.000356
0.000223
0.000518
0.000283
0.000015
0.000111
0.000367
0.000406
0.000127
-0.000240
-0.000347
-0.000156
-0.000061
-0.000290
-0.000491
-0.000309
-0.000001
0.000009
-0.000217
-0.000305
-0.000099
0.000193
0.000235
-0.000032
-0.000249
-0.000074
0.000327
0.000481
0.000280
0.000113
0.000231
0.000402
0.000327
0.000075
-0.000068
-0.000012
0.000072
0.000050
-0.000007
0.000001
0.000018
-0.000023
-0.000065
-0.000059
-0.000044
-0.000037
-0.000043
-0.000137
-0.000296
-0.000349
-0.000225
-0.000065
-0.000064
-0.000240
-0.000345
-0.000163
0.000153
0.000287
0.000169
0.000008
-0.000007
0.000054
0.000024
-0.000039
0.000031
0.000206
0.000330
0.000324
0.000208
0.000063
-0.000025
-0.000027
0.000034
0.000047
-0.000053
-0.000132
-0.000120
-0.000166
-0.000280
-0.000288
-0.000175
-0.000083
-0.000039
0.000051
0.000211
0.000332
0.000327
0.000229
0.000098
-0.000031
-0.000117
-0.000149
-0.000182
-0.000265
-0.000311
-0.000184
0.000044
0.000161
0.000145
0.000140
0.000201
0.000248
0.000163
-0.000055
-0.000192
-0.000085
0.000101
0.000123
0.000015
-0.000006
0.000110
0.000159
0.000017
-0.000163
-0.000221
-0.000212
-0.000209
-0.000199
-0.000180
-0.000127
0.000012
0.000138
0.000123
0.000074
0.000136
0.000214
0.000163
0.000044
-0.000017
-0.000007
0.000022
0.000016
-0.000017
0.000030
0.000169
0.000235
0.000150
0.000037
-0.000015
-0.000080
-0.000201
-0.000273
-0.000240
-0.000166
-0.000070
0.000038
0.000056
-0.000050
-0.000156
-0.000163
-0.000093
-0.000020
-0.000024
-0.000106
-0.000132
-0.000005
0.000165
0.000214
0.000157
0.000128
0.000145
0.000106
-0.000005
-0.000062
-0.000026
-0.000002
-0.000013
0.000012
0.000075
0.000134
0.000170
0.000168
0.000116
0.000007
-0.000114
-0.000142
-0.000062
-0.000017
-0.000086
-0.000141
-0.000048
0.000108
0.000149
0.000070
-0.000016
-0.000080
-0.000157
-0.000197
-0.000131
-0.000021
0.000014
-0.000019
-0.000019
0.000028
0.000050
0.000029
0.000015
0.000021
-0.000004
-0.000046
0.000005
0.000167
0.000287
0.000248
0.000121
0.000020
-0.000058
-0.000122
-0.000105
-0.000007
0.000027
-0.000073
-0.000165
-0.000129
-0.000054
-0.000062
-0.000135
-0.000178
-0.000135
-0.000033
0.000057
0.000113
0.000170
0.000216
0.000167
0.000032
-0.000050
-0.000016
0.000022
-0.000011
-0.000038
0.000025
0.000151
0.000265
0.000285
0.000165
-0.000035
-0.000210
-0.000310
-0.000299
-0.000165
-0.000005
0.000094
0.000140
0.000137
0.000067
-0.000027
-0.000060
-0.000025
-0.000018
-0.000098
-0.000188
-0.000188
-0.000098
0.000012
0.000079
0.000077
0.000013
-0.000042
-0.000017
0.000030
-0.000016
-0.000130
-0.000164
-0.000038
0.000134
0.000171
0.000088
0.000046
0.000078
0.000079
0.000020
-0.000050
-0.000112
-0.000129
-0.000051
0.000066
0.000135
0.000161
0.000178
0.000182
0.000145
0.000048
-0.000086
-0.000199
-0.000232
-0.000187
-0.000141
-0.000092
0.000026
0.000088
-0.000087
-0.000342
-0.000398
-0.000265
-0.000099
0.000043
0.000150
0.000219
0.000287
0.000384
0.000459
0.000438
0.000327
0.000210
0.000142
0.000090
0.000021
-0.000026
-0.000007
0.000018
-0.000039
-0.000159
-0.000235
-0.000207
-0.000139
-0.000125
-0.000169
-0.000222
-0.000226
-0.000157
-0.000098
-0.000103
-0.000085
-0.000016
0.000001
-0.000026
-0.000005
0.000038
0.000037
0.000037
0.000081
0.000091
0.000018
-0.000038
0.000017
0.000090
0.000060
-0.000016
0.000011
0.000130
0.000169
0.000071
-0.000035
-0.000080
-0.000092
-0.000056
0.000011
0.000010
-0.000061
-0.000078
0.000016
0.000132
0.000183
0.000178
0.000175
0.000198
0.000174
0.000040
-0.000129
-0.000210
-0.000181
-0.000131
-0.000142
-0.000174
-0.000139
-0.000057
-0.000025
-0.000092
-0.000189
-0.000184
-0.000058
0.000057
0.000093
0.000112
0.000154
0.000191
0.000193
0.000153
0.000101
0.000091
0.000104
0.000040
-0.000073
-0.000081
0.000012
0.000048
-0.000020
-0.000109
-0.000174
-0.000217
-0.000225
-0.000161
-0.000046
0.000021
-0.000005
-0.000017
0.000082
0.000178
0.000141
0.000042
0.000003
0.000020
0.000034
0.000025
0.000006
-0.000008
0.000000
0.000010
-0.000001
0.000021
0.000112
0.000179
0.000129
0.000014
-0.000063
-0.000066
-0.000022
0.000032
0.000076
0.000074
0.000013
-0.000058
-0.000105
-0.000133
-0.000130
-0.000085
-0.000060
-0.000106
-0.000168
-0.000150
-0.000042
0.000065
0.000066
-0.000013
-0.000024
0.000089
0.000207
0.000214
0.000137
0.000075
0.000045
0.000005
0.000002
0.000061
0.000093
0.000061
0.000010
-0.000025
-0.000017
0.000006
-0.000009
-0.000027
0.000018
0.000067
0.000034
-0.000048
-0.000108
-0.000151
-0.000192
-0.000204
-0.000161
-0.000115
-0.000115
-0.000117
-0.000082
-0.000056
-0.000040
0.000030
0.000119
0.000137
0.000073
-0.000022
-0.000101
-0.000122
-0.000047
0.000078
0.000133
0.000089
0.000054
0.000086
0.000122
0.000135
0.000153
0.000169
0.000143
0.000069
-0.000015
-0.000064
-0.000075
-0.000056
0.000007
0.000101
0.000162
0.000109
-0.000047
-0.000160
-0.000135
-0.000063
-0.000042
-0.000061
-0.000084
-0.000084
-0.000059
-0.000049
-0.000072
-0.000095
-0.000073
-0.000016
0.000005
-0.000036
-0.000050
0.000050
0.000174
0.000160
0.000046
0.000027
0.000129
0.000189
0.000122
0.000018
0.000007
0.000093
0.000150
0.000101
0.000004
-0.000089
-0.000182
-0.000242
-0.000242
-0.000219
-0.000184
-0.000104
-0.000025
-0.000011
-0.000003
0.000066
0.000140
0.000148
0.000109
0.000068
0.000034
0.000023
0.000038
0.000040
0.000013
-0.000003
0.000016
0.000076
0.000146
0.000117
-0.000052
-0.000195
-0.000170
-0.000064
-0.000022
-0.000025
0.000007
0.000049
0.000067
0.000104
0.000135
0.000089
0.000004
-0.000043
-0.000072
-0.000137
-0.000199
-0.000153
-0.000020
0.000050
-0.000001
-0.000085
-0.000126
-0.000104
-0.000055
-0.000051
-0.000059
0.000041
0.000234
0.000347
0.000294
0.000152
0.000010
-0.000109
-0.000200
-0.000239
-0.000197
-0.000083
0.000038
0.000118
0.000154
0.000119
-0.000009
-0.000109
-0.000044
0.000063
0.000030
-0.000047
0.000001
0.000111
0.000116
0.000008
-0.000084
-0.000094
-0.000065
-0.000035
-0.000006
-0.000003
-0.000067
-0.000173
-0.000248
-0.000245
-0.000144
0.000035
0.000191
0.000238
0.000210
0.000200
0.000231
0.000256
0.000234
0.000190
0.000168
0.000168
0.000131
0.000045
-0.000029
-0.000064
-0.000072
-0.000040
-0.000008
-0.000052
-0.000141
-0.000193
-0.000220
-0.000271
-0.000321
-0.000285
-0.000149
-0.000009
0.000043
0.000034
0.000041
0.000038
-0.000044
-0.000123
-0.000066
0.000058
0.000094
0.000028
-0.000045
-0.000072
-0.000076
-0.000081
-0.000071
-0.000020
0.000074
0.000182
0.000256
0.000217
0.000063
-0.000077
-0.000104
-0.000064
-0.000021
0.000017
0.000061
0.000139
0.000266
0.000359
0.000303
0.000130
-0.000005
-0.000008
0.000062
0.000063
-0.000063
-0.000213
-0.000274
-0.000258
-0.000234
-0.000236
-0.000240
-0.000209
-0.000163
-0.000147
-0.000136
-0.000077
0.000024
0.000126
0.000196
0.000225
0.000228
0.000211
0.000195
0.000208
0.000210
0.000148
0.000054
-0.000008
-0.000067
-0.000184
-0.000289
-0.000235
-0.000040
0.000088
0.000045
-0.000044
-0.000043
-0.000006
-0.000055
-0.000137
-0.000096
0.000074
0.000186
0.000104
-0.000056
-0.000076
0.000057
0.000120
-0.000023
-0.000197
-0.000148
0.000085
0.000227
0.000156
0.000003
-0.000058
0.000024
0.000151
0.000180
0.000096
-0.000004
-0.000052
-0.000050
-0.000028
-0.000025
-0.000051
-0.000074
-0.000089
-0.000125
-0.000171
-0.000177
-0.000122
-0.000055
-0.000031
-0.000043
-0.000028
0.000060
0.000195
0.000283
0.000271
0.000182
0.000044
-0.000103
-0.000153
-0.000093
-0.000072
-0.000145
-0.000165
-0.000062
0.000025
0.000015
0.000002
0.000041
0.000064
0.000032
-0.000028
-0.000060
0.000020
0.000201
0.000317
0.000273
0.000173
0.000149
0.000152
0.000053
-0.000116
-0.000216
-0.000217
-0.000176
-0.000162
-0.000214
-0.000278
-0.000271
-0.000218
-0.000201
-0.000225
-0.000192
-0.000025
0.000171
0.000226
0.000178
0.000204
0.000322
0.000367
0.000254
0.000079
-0.000052
-0.000131
-0.000158
-0.000102
-0.000002
0.000055
0.000058
0.000060
0.000066
0.000058
0.000048
0.000042
0.000060
0.000118
0.000168
0.000155
0.000088
-0.000009
-0.000112
-0.000166
-0.000138
-0.000067
-0.000045
-0.000117
-0.000199
-0.000201
-0.000149
-0.000117
-0.000119
-0.000105
-0.000054
-0.000024
-0.000054
-0.000068
0.000009
0.000118
0.000184
0.000229
0.000258
0.000248
0.000232
0.000192
0.000087
-0.000005
-0.000026
-0.000042
-0.000073
-0.000072
-0.000066
-0.000100
-0.000124
-0.000076
-0.000019
-0.000065
-0.000160
-0.000155
-0.000069
-0.000036
-0.000047
-0.000018
0.000035
0.000076
0.000122
0.000173
0.000166
0.000052
-0.000093
-0.000131
-0.000060
0.000023
0.000054
0.000022
-0.000014
0.000031
0.000121
0.000147
0.000112
0.000097
0.000096
0.000025
-0.000121
-0.000233
-0.000226
-0.000151
-0.000092
-0.000022
0.000083
