5440
-0.000216
-0.000192
-0.000170
-0.000171
-0.000144
-0.000059
0.000005
-0.000041
-0.000148
-0.000186
-0.000123
-0.000033
0.000032
0.000102
0.000180
0.000191
0.000117
0.000062
0.000092
0.000129
0.000112
0.000089
0.000104
0.000139
0.000168
0.000142
0.000009
-0.000182
-0.000296
-0.000267
-0.000168
-0.000094
-0.000057
-0.000023
0.000010
0.000027
0.000008
-0.000060
-0.000112
-0.000048
0.000073
0.000096
0.000063
0.000152
0.000321
0.000345
0.000173
-0.000036
-0.000156
-0.000173
-0.000135
-0.000096
-0.000066
-0.000021
0.000015
-0.000027
-0.000120
-0.000114
0.000014
0.000084
0.000029
-0.000013
0.000042
0.000149
0.000235
0.000227
0.000111
-0.000023
-0.000102
-0.000144
-0.000171
-0.000186
-0.000195
-0.000165
-0.000086
-0.000040
-0.000060
-0.000063
-0.000013
0.000051
0.000076
0.000038
-0.000015
-0.000002
0.000062
0.000092
0.000080
0.000075
0.000069
0.000021
-0.000045
-0.000067
-0.000051
-0.000037
0.000032
0.000184
0.000251
0.000127
-0.000007
0.000007
0.000061
0.000006
-0.000097
-0.000098
-0.000007
0.000018
-0.000067
-0.000136
-0.000116
-0.000076
-0.000056
0.000003
0.000076
0.000032
-0.000140
-0.000272
-0.000257
-0.000163
-0.000090
-0.000039
0.000018
0.000103
0.000213
0.000290
0.000286
0.000243
0.000237
0.000284
0.000299
0.000197
0.000042
-0.000028
-0.000006
0.000013
-0.000005
-0.000035
-0.000092
-0.000195
-0.000290
-0.000311
-0.000274
-0.000213
-0.000130
-0.000039
0.000016
0.000036
0.000078
0.000141
0.000148
0.000057
-0.000040
-0.000058
-0.000074
-0.000164
-0.000193
-0.000073
0.000030
-0.000011
-0.000083
-0.000049
0.000076
0.000165
0.000138
0.000048
-0.000004
-0.000010
-0.000038
-0.000080
-0.000060
0.000030
0.000112
0.000102
0.000002
-0.000053
0.000037
0.000179
0.000238
0.000207
0.000150
0.000096
0.000051
0.000010
-0.000023
-0.000043
-0.000069
-0.000123
-0.000174
-0.000164
-0.000087
-0.000020
-0.000009
-0.000029
-0.000061
-0.000097
-0.000103
-0.000079
-0.000051
-0.000013
0.000041
0.000072
0.000028
-0.000068
-0.000119
-0.000060
0.000056
0.000103
0.000061
0.000038
0.000075
0.000091
0.000055
0.000021
-0.000001
-0.000028
-0.000031
0.000050
0.000187
0.000247
0.000153
-0.000024
-0.000150
-0.000134
-0.000025
-0.000004
-0.000104
-0.000154
-0.000081
-0.000007
-0.000029
-0.000089
-0.000076
-0.000017
-0.000018
-0.000053
-0.000051
-0.000048
-0.000057
-0.000027
0.000022
0.000044
0.000044
0.000060
0.000097
0.000123
0.000144
0.000190
0.000232
0.000222
0.000166
0.000087
0.000024
0.000018
-0.000001
-0.000141
-0.000326
-0.000378
-0.000279
-0.000174
-0.000134
-0.000073
0.000062
0.000177
0.000181
0.000097
0.000031
0.000041
0.000055
-0.000008
-0.000063
-0.000002
0.000075
0.000013
-0.000121
-0.000155
-0.000038
0.000137
0.000249
0.000259
0.000226
0.000183
0.000084
-0.000075
-0.000200
-0.000224
-0.000199
-0.000213
-0.000277
-0.000297
-0.000202
-0.000083
-0.000021
0.000038
0.000084
0.000036
-0.000031
0.000011
0.000108
0.000132
0.000079
0.000044
0.000090
0.000172
0.000203
0.000137
0.000010
-0.000075
-0.000056
0.000005
0.000042
0.000084
0.000126
0.000090
0.000001
-0.000018
0.000033
0.000027
-0.000058
-0.000094
-0.000031
0.000040
0.000063
0.000059
0.000032
-0.000047
-0.000161
-0.000221
-0.000146
-0.000004
0.000055
0.000014
-0.000025
-0.000026
-0.000020
-0.000008
-0.000014
-0.000071
-0.000146
-0.000165
-0.000086
0.000040
0.000086
0.000024
-0.000013
0.000039
0.000096
0.000130
0.000212
0.000288
0.000240
0.000127
0.000062
0.000011
-0.000066
-0.000090
-0.000068
-0.000110
-0.000183
-0.000170
-0.000087
-0.000004
0.000054
0.000030
-0.000096
-0.000163
-0.000047
0.000083
0.000023
-0.000133
-0.000174
-0.000056
0.000104
0.000155
0.000086
0.000064
0.000150
0.000182
0.000064
-0.000086
-0.000105
0.000009
0.000094
0.000059
0.000020
0.000083
0.000161
0.000129
0.000004
-0.000103
-0.000121
-0.000062
-0.000005
-0.000034
-0.000145
-0.000233
-0.000238
-0.000220
-0.000209
-0.000149
-0.000042
0.000059
0.000128
0.000143
0.000138
0.000157
0.000132
0.000064
0.000087
0.000156
0.000111
0.000034
0.000021
-0.000039
-0.000138
-0.000125
-0.000028
0.000021
-0.000002
-0.000047
-0.000051
0.000003
0.000075
0.000111
0.000099
0.000068
0.000015
-0.000087
-0.000168
-0.000150
-0.000090
-0.000029
0.000045
0.000032
-0.000086
-0.000122
-0.000036
0.000006
-0.000043
-0.000064
0.000010
0.000099
0.000107
0.000091
0.000156
0.000250
0.000255
0.000204
0.000175
0.000119
0.000013
-0.000064
-0.000111
-0.000120
-0.000032
0.000053
0.000007
-0.000077
-0.000090
-0.000084
-0.000107
-0.000150
-0.000213
-0.000224
-0.000115
-0.000005
-0.000028
-0.000088
-0.000048
0.000051
0.000131
0.000183
0.000197
0.000162
0.000075
-0.000069
-0.000165
-0.000097
-0.000026
-0.000149
-0.000263
-0.000130
-0.000004
-0.000113
-0.000184
-0.000016
0.000185
0.000256
0.000219
0.000143
0.000119
0.000120
0.000019
-0.000086
0.000006
0.000161
0.000134
0.000023
0.000046
0.000137
0.000122
-0.000001
-0.000112
-0.000154
-0.000186
-0.000225
-0.000183
-0.000084
-0.000034
-0.000003
0.000038
0.000059
0.000132
0.000214
0.000108
-0.000038
0.000084
0.000189
-0.000071
-0.000255
-0.000061
0.000027
-0.000103
-0.000047
0.000085
0.000008
-0.000149
-0.000235
-0.000197
-0.000053
-0.000027
-0.000100
0.000017
0.000163
0.000060
0.000029
0.000210
0.000148
-0.000099
-0.000014
0.000202
0.000138
0.000090
0.000207
0.000104
-0.000086
0.000009
0.000082
-0.000118
-0.000226
-0.000099
-0.000027
-0.000075
-0.000094
-0.000096
-0.000143
-0.000183
-0.000139
0.000012
0.000154
0.000113
0.000027
0.000084
0.000038
-0.000121
0.000034
0.000308
0.000208
0.000059
0.000180
0.000152
-0.000101
-0.000135
-0.000042
-0.000124
-0.000131
0.000087
0.000182
0.000046
-0.000046
-0.000034
-0.000135
-0.000359
-0.000403
-0.000207
-0.000066
0.000013
0.000168
0.000215
0.000193
0.000268
0.000137
-0.000145
-0.000092
0.000105
0.000148
0.000274
0.000394
0.000257
0.000110
0.000107
0.000099
0.000090
-0.000017
-0.000378
-0.000628
-0.000451
-0.000286
-0.000380
-0.000277
0.000039
0.000047
-0.000224
-0.000320
-0.000148
-0.000007
-0.000016
0.000086
0.000303
0.000310
0.000248
0.000344
0.000252
-0.000024
-0.000002
0.000103
-0.000102
-0.000149
0.000242
0.000430
0.000170
0.000013
0.000090
0.000053
-0.000044
0.000026
0.000050
-0.000239
-0.000496
-0.000241
0.000107
0.000005
-0.000012
0.000355
0.000350
-0.000055
-0.000039
0.000169
-0.000118
-0.000370
-0.000063
0.000122
-0.000118
-0.000190
-0.000140
-0.000339
-0.000413
-0.000257
-0.000260
-0.000124
0.000300
0.000307
0.000071
0.000329
0.000480
0.000128
0.000175
0.000472
0.000158
-0.000134
0.000081
0.000074
-0.000039
0.000132
-0.000016
-0.000346
-0.000212
-0.000113
-0.000306
-0.000182
0.000117
0.000088
-0.000060
-0.000048
0.000086
0.000119
-0.000130
-0.000298
-0.000093
-0.000013
-0.000211
-0.000177
-0.000009
-0.000064
-0.000077
0.000090
0.000233
0.000372
0.000434
0.000268
0.000181
0.000343
0.000273
-0.000109
-0.000153
0.000113
-0.000046
-0.000413
-0.000229
0.000030
-0.000268
-0.000354
0.000093
0.000120
-0.000246
-0.000118
0.000204
0.000050
-0.000129
0.000037
0.000000
-0.000319
-0.000329
-0.000082
-0.000047
-0.000095
0.000072
0.000227
0.000140
0.000078
0.000233
0.000384
0.000333
0.000144
0.000005
0.000012
0.000088
0.000148
0.000067
-0.000245
-0.000364
-0.000048
-0.000033
-0.000453
-0.000253
0.000417
0.000233
-0.000363
-0.000001
0.000544
0.000121
-0.000225
0.000125
-0.000068
-0.000721
-0.000510
-0.000021
-0.000277
-0.000404
0.000068
0.000222
0.000160
0.000484
0.000526
0.000215
0.000520
0.000819
0.000252
0.000088
0.000587
0.000186
-0.000539
-0.000288
-0.000145
-0.000555
-0.000347
0.000014
-0.000293
-0.000355
-0.000056
-0.000251
-0.000344
0.000076
0.000059
-0.000131
0.000316
0.000425
-0.000234
-0.000399
-0.000075
-0.000159
-0.000134
0.000323
0.000360
0.000086
0.000241
0.000219
-0.000366
-0.000356
0.000267
0.000152
-0.000244
0.000106
0.000206
-0.000298
-0.000206
0.000142
-0.000050
-0.000066
0.000176
0.000052
0.000021
0.000312
0.000284
0.000021
-0.000068
-0.000167
-0.000196
0.000026
0.000067
-0.000122
-0.000034
0.000198
0.000213
0.000160
0.000114
0.000031
-0.000034
-0.000159
-0.000218
0.000091
0.000325
-0.000075
-0.000431
-0.000167
-0.000093
-0.000401
-0.000104
0.000421
0.000013
-0.000509
-0.000041
0.000384
-0.000007
-0.000180
0.000122
0.000150
0.000114
0.000176
-0.000060
-0.000163
0.000044
-0.000154
-0.000402
0.000045
0.000460
0.000309
0.000197
0.000142
-0.000104
-0.000126
0.000042
-0.000110
-0.000350
-0.000089
0.000380
0.000307
-0.000017
0.000109
0.000161
-0.000372
-0.000656
-0.000287
-0.000004
-0.000054
-0.000001
0.000291
0.000450
0.000146
-0.000147
0.000116
0.000295
-0.000141
-0.000320
0.000111
0.000168
-0.000091
0.000170
0.000313
-0.000165
-0.000315
-0.000101
-0.000251
-0.000305
-0.000012
0.000048
0.000103
0.000360
0.000225
-0.000066
0.000082
0.000078
-0.000412
-0.000436
0.000152
0.000216
-0.000180
-0.000005
0.000317
0.000006
-0.000289
-0.000062
0.000006
-0.000282
-0.000012
0.000842
0.000999
0.000385
0.000189
0.000309
0.000027
-0.000201
-0.000071
-0.000172
-0.000591
-0.000728
-0.000434
-0.000304
-0.000582
-0.000620
-0.000239
-0.000199
-0.000462
-0.000231
0.000196
0.000208
0.000209
0.000464
0.000641
0.000521
0.000167
0.000046
0.000321
0.000348
0.000127
0.000299
0.000401
-0.000001
-0.000082
0.000350
0.000489
0.000136
-0.000316
-0.000552
-0.000557
-0.000515
-0.000337
-0.000121
-0.000248
-0.000266
0.000252
0.000432
-0.000086
-0.000153
0.000301
0.000088
-0.000274
0.000165
0.000358
-0.000161
-0.000246
0.000071
0.000012
-0.000141
-0.000162
-0.000229
-0.000090
0.000203
0.000191
0.000108
0.000274
0.000205
-0.000206
-0.000273
0.000036
0.000029
-0.000161
0.000070
0.000315
0.000209
0.000213
0.000243
-0.000102
-0.000428
-0.000275
0.000032
0.000047
-0.000066
0.000005
0.000239
0.000431
0.000293
-0.000121
-0.000253
-0.000147
-0.000417
-0.000662
-0.000181
0.000281
-0.000100
-0.000456
0.000024
0.000451
0.000188
0.000024
0.000233
0.000307
0.000352
0.000350
0.000038
-0.000039
0.000135
-0.000150
-0.000253
0.000395
0.000484
-0.000237
-0.000366
-0.000248
-0.000747
-0.000713
0.000067
0.000106
-0.000214
0.000324
0.000705
-0.000015
-0.000435
0.000015
-0.000117
-0.000565
0.000019
0.000687
0.000404
-0.000057
-0.000161
0.000004
0.000130
-0.000153
-0.000292
-0.000000
0.000049
0.000077
0.000363
0.000245
-0.000021
0.000104
0.000150
0.000099
0.000049
-0.000427
-0.000635
0.000084
0.000495
-0.000010
-0.000270
-0.000016
0.000012
0.000010
0.000262
0.000104
-0.000587
-0.000883
-0.000349
0.000337
0.000491
0.000263
0.000201
0.000299
0.000124
-0.000066
0.000169
0.000201
-0.000282
-0.000176
0.000565
0.000348
-0.000491
-0.000140
0.000528
-0.000020
-0.000282
0.000506
0.000298
-0.000698
-0.000357
0.000296
-0.000314
-0.000672
0.000030
0.000375
0.000276
0.000396
0.000194
-0.000218
-0.000221
-0.000243
-0.000289
-0.000020
-0.000181
-0.000698
-0.000282
0.000475
0.000064
-0.000654
-0.000434
-0.000037
0.000094
0.000628
0.001175
0.000788
-0.000047
-0.000286
-0.000127
-0.000178
-0.000166
-0.000020
-0.000222
-0.000217
0.000525
0.000840
0.000141
-0.000402
-0.000231
0.000094
0.000254
0.000149
-0.000088
-0.000152
-0.000283
-0.000465
-0.000134
0.000267
-0.000035
-0.000468
-0.000386
-0.000124
0.000018
-0.000054
-0.000254
0.000005
0.000565
0.000430
0.000001
0.000225
0.000317
-0.000171
-0.000143
0.000278
0.000186
0.000167
0.000406
0.000094
-0.000237
-0.000138
-0.000488
-0.000745
0.000056
0.000517
-0.000100
-0.000358
-0.000055
-0.000016
0.000055
0.000275
0.000099
-0.000106
0.000112
0.000112
-0.000246
-0.000269
-0.000143
-0.000245
0.000021
0.000466
0.000125
-0.000181
0.000248
-0.000042
-0.000619
0.000340
0.000987
-0.000207
-0.000630
0.000255
0.000166
-0.000405
-0.000210
0.000049
0.000059
0.000088
0.000135
0.000321
0.000321
-0.000211
-0.000446
0.000086
0.000399
0.000173
0.000191
0.000370
0.000050
-0.000374
-0.000183
0.000093
-0.000229
-0.000387
0.000143
0.000271
-0.000287
-0.000386
-0.000113
-0.000326
-0.000508
-0.000051
0.000300
0.000024
-0.000078
0.000357
0.000289
-0.000213
0.000152
0.000575
-0.000030
-0.000115
0.000694
0.000630
-0.000050
0.000037
0.000378
-0.000145
-0.000820
-0.000282
0.000283
-0.000567
-0.000879
0.000213
0.000368
-0.000405
-0.000317
0.000146
0.000198
-0.000045
-0.000504
-0.000556
-0.000045
0.000189
0.000138
0.000304
0.000396
0.000202
0.000126
0.000248
0.000039
-0.000455
-0.000340
0.000213
0.000261
0.000106
0.000212
0.000460
0.000733
0.000287
-0.000549
0.000000
0.000928
0.000176
-0.000617
-0.000141
-0.000115
-0.000514
-0.000006
0.000366
-0.000164
-0.000369
-0.000145
-0.000394
-0.000617
-0.000322
-0.000229
-0.000363
-0.000107
0.000041
-0.000336
-0.000260
0.000460
0.000570
0.000126
0.000288
0.000576
0.000195
0.000014
0.000226
0.000045
0.000093
0.000560
0.000359
0.000121
0.000525
0.000199
-0.000518
-0.000057
0.000228
-0.000672
-0.000808
0.000035
0.000099
-0.000366
-0.000263
0.000101
-0.000120
-0.000768
-0.000638
0.000094
0.000066
-0.000022
0.000497
0.000266
-0.000197
0.000271
0.000248
-0.000251
0.000285
0.000642
0.000146
0.000385
0.000677
-0.000198
-0.000709
-0.000232
0.000036
-0.000072
-0.000088
0.000196
0.000413
0.000015
-0.000199
0.000115
-0.000251
-0.000672
0.000096
0.000502
-0.000189
-0.000191
0.000337
-0.000121
-0.000688
-0.000266
0.000203
0.000043
-0.000201
0.000018
0.000406
0.000074
-0.000472
0.000031
0.000500
-0.000268
-0.000575
0.000200
0.000101
-0.000462
0.000244
0.000683
-0.000199
-0.000070
0.001067
0.000665
-0.000327
0.000040
0.000329
-0.000300
-0.000384
0.000038
-0.000054
-0.000340
-0.000440
-0.000247
0.000214
0.000045
-0.000385
0.000174
0.000252
-0.000888
-0.000606
0.000748
0.000311
-0.000477
0.000343
0.000615
-0.000372
-0.000184
0.000861
0.000358
-0.000556
0.000207
0.000840
-0.000026
-0.000204
0.000636
0.000370
-0.000357
0.000037
0.000298
-0.000363
-0.000547
-0.000221
-0.000419
-0.000466
-0.000044
-0.000231
-0.000549
-0.000182
-0.000050
-0.000269
-0.000132
-0.000016
0.000070
0.000428
0.000505
0.000431
0.000656
0.000461
-0.000149
-0.000053
0.000222
-0.000515
-0.001064
-0.000214
0.000463
-0.000059
-0.000340
0.000077
0.000035
-0.000226
0.000290
0.000778
0.000277
-0.000161
0.000176
0.000234
-0.000164
-0.000124
-0.000013
-0.000396
-0.000477
0.000081
0.000396
0.000227
0.000190
0.000304
0.000212
0.000052
-0.000008
-0.000121
-0.000353
-0.000448
-0.000163
0.000108
-0.000106
-0.000381
-0.000342
-0.000226
0.000028
0.000375
0.000367
0.000206
0.000283
0.000213
-0.000196
-0.000397
-0.000284
-0.000257
-0.000081
0.000412
0.000449
-0.000098
-0.000239
0.000097
0.000095
-0.000086
0.000199
0.000580
0.000356
-0.000105
-0.000113
-0.000010
-0.000251
-0.000370
-0.000078
0.000072
-0.000214
-0.000492
-0.000467
-0.000363
-0.000207
0.000229
0.000610
0.000491
0.000304
0.000406
0.000267
-0.000189
-0.000240
0.000102
0.000137
-0.000013
0.000163
0.000235
-0.000235
-0.000589
-0.000393
-0.000181
-0.000119
0.000182
0.000468
0.000213
-0.000186
-0.000087
0.000170
0.000001
-0.000227
0.000020
0.000256
-0.000036
-0.000207
0.000150
0.000230
-0.000176
-0.000253
-0.000027
-0.000112
-0.000194
0.000110
0.000253
-0.000054
-0.000250
-0.000068
0.000116
0.000115
0.000180
0.000381
0.000457
0.000338
0.000172
-0.000031
-0.000228
-0.000252
-0.000183
-0.000184
-0.000211
-0.000233
-0.000250
-0.000226
-0.000220
-0.000221
-0.000125
-0.000042
-0.000068
0.000004
0.000175
0.000136
-0.000024
0.000071
0.000246
0.000129
-0.000019
0.000094
0.000136
0.000002
0.000084
0.000290
0.000220
0.000104
0.000225
0.000247
0.000024
-0.000108
-0.000109
-0.000176
-0.000157
0.000072
0.000194
0.000059
-0.000021
0.000023
-0.000084
-0.000239
-0.000155
-0.000092
-0.000306
-0.000422
-0.000190
0.000039
0.000026
-0.000042
-0.000018
0.000045
0.000103
0.000181
0.000248
0.000221
0.000171
0.000207
0.000175
-0.000052
-0.000228
-0.000156
-0.000047
-0.000058
-0.000053
-0.000036
-0.000112
-0.000136
-0.000028
0.000013
-0.000031
0.000004
0.000052
0.000024
0.000058
0.000140
0.000081
-0.000050
-0.000053
0.000051
0.000125
0.000104
0.000053
0.000052
-0.000014
-0.000160
-0.000071
0.000183
0.000028
-0.000378
-0.000222
0.000291
0.000305
0.000043
0.000031
-0.000054
-0.000210
0.000053
0.000302
-0.000025
-0.000310
-0.000021
0.000278
0.000188
0.000087
0.000075
-0.000183
-0.000430
-0.000199
0.000027
-0.000193
-0.000250
-0.000064
-0.000278
-0.000364
0.000198
0.000335
-0.000101
0.000152
0.000694
0.000374
-0.000078
0.000051
-0.000010
-0.000319
-0.000040
0.000413
0.000094
-0.000506
-0.000437
0.000045
0.000273
0.000212
0.000032
-0.000143
-0.000103
0.000074
0.000075
-0.000083
-0.000153
-0.000073
0.000042
0.000013
-0.000141
-0.000088
0.000136
0.000131
0.000154
0.000503
0.000449
-0.000149
-0.000186
0.000258
-0.000019
-0.000788
-0.001230
-0.001648
-0.001937
-0.001289
-0.000202
0.000429
0.001189
0.002545
0.003536
0.003495
0.002809
0.001727
0.000388
-0.000496
-0.000558
-0.000560
-0.001113
-0.001657
-0.001696
-0.001719
-0.002016
-0.002181
-0.002159
-0.002091
-0.001528
-0.000358
0.000581
0.000898
0.001149
0.001541
0.001675
0.001522
0.001337
0.000971
0.000327
-0.000015
0.000302
0.000514
-0.000016
-0.000508
-0.000262
0.000009
-0.000103
-0.000014
-0.000107
-0.001164
-0.002310
-0.003060
-0.004966
-0.007416
-0.006558
-0.002345
0.000732
0.002518
0.006440
0.010506
0.011028
0.010231
0.009789
0.006743
0.001937
-0.000202
-0.000729
-0.002796
-0.004408
-0.003918
-0.003867
-0.004655
-0.004430
-0.004630
-0.006719
-0.008198
-0.007658
-0.006877
-0.006038
-0.003872
-0.001315
0.000511
0.002729
0.005552
0.006966
0.006588
0.006369
0.006816
0.006702
0.005994
0.005483
0.004831
0.003714
0.002942
0.002499
0.001067
-0.001436
-0.003636
-0.005182
-0.006768
-0.008110
-0.008254
-0.007414
-0.006410
-0.004933
-0.002558
-0.000494
0.000301
0.000926
0.002052
0.002689
0.002827
0.003423
0.003981
0.003793
0.003762
0.004257
0.004053
0.002891
0.001865
0.001091
-0.000022
-0.001103
-0.001714
-0.002249
-0.002719
-0.002604
-0.002144
-0.001986
-0.001980
-0.001701
-0.001319
-0.001049
-0.000708
-0.000283
0.000042
0.000392
0.000911
0.001312
0.001333
0.001111
0.000904
0.000875
0.000992
0.000956
0.000592
0.000237
0.000241
0.000386
0.000300
0.000057
-0.000072
-0.000073
-0.000116
-0.000315
-0.000607
-0.000873
-0.001355
-0.002296
-0.002780
-0.001667
0.000079
0.000660
0.000464
0.000630
0.000748
0.000699
0.001073
0.001038
0.000408
0.001245
0.003278
0.003612
0.002263
-0.000216
-0.006367
-0.013438
-0.012583
-0.005373
-0.002835
-0.003303
0.003702
0.013751
0.016094
0.014545
0.014447
0.009928
0.001164
-0.002230
-0.001246
-0.004413
-0.008795
-0.007142
-0.002913
-0.001540
-0.001464
-0.002261
-0.006144
-0.010060
-0.009916
-0.008512
-0.008890
-0.007926
-0.003483
0.001823
0.006769
0.011520
0.013304
0.011219
0.009528
0.009715
0.007973
0.003582
0.000187
-0.001130
-0.001639
-0.000918
0.000519
-0.000225
-0.003230
-0.005094
-0.005078
-0.005958
-0.008545
-0.010453
-0.009950
-0.007397
-0.003698
0.000259
0.003381
0.005299
0.006898
0.008664
0.009305
0.007513
0.004366
0.002078
0.001165
0.000947
0.001127
0.000997
-0.000141
-0.001032
-0.000864
-0.001752
-0.004486
-0.006414
-0.006462
-0.005910
-0.004400
-0.001659
0.000244
0.000986
0.002638
0.004664
0.004719
0.003278
0.002185
0.001478
0.000807
0.000636
0.000687
0.000127
-0.000657
-0.000701
-0.000342
-0.000655
-0.001549
-0.002043
-0.001869
-0.001369
-0.000634
0.000103
0.000288
0.000127
0.000467
0.001141
0.001066
0.000263
-0.000114
0.000178
0.000403
0.000434
0.000467
0.000261
0.000195
0.001089
0.002208
0.002150
0.001279
0.000510
-0.000573
-0.002308
-0.005139
-0.011837
-0.021843
-0.024538
-0.013205
-0.000310
0.003518
0.009786
0.025126
0.033925
0.030101
0.025961
0.021337
0.007786
-0.004960
-0.006175
-0.006482
-0.014001
-0.017673
-0.012278
-0.008202
-0.009328
-0.010389
-0.012774
-0.018538
-0.020306
-0.015112
-0.010768
-0.008719
-0.001863
0.009054
0.017671
0.024164
0.028915
0.027368
0.021052
0.016979
0.013825
0.005836
-0.003831
-0.008786
-0.010174
-0.010917
-0.010041
-0.008756
-0.010433
-0.013114
-0.012574
-0.010499
-0.010899
-0.012457
-0.010985
-0.005483
0.001959
0.009037
0.014417
0.017889
0.019785
0.020062
0.018146
0.013295
0.005768
-0.001720
-0.005996
-0.007504
-0.009075
-0.010993
-0.011291
-0.009837
-0.008119
-0.006761
-0.006177
-0.006877
-0.007400
-0.005435
-0.001856
0.000281
0.001444
0.005416
0.011875
0.015855
0.016230
0.015853
0.013944
0.008970
0.004058
0.000397
-0.004901
-0.010286
-0.011492
-0.010116
-0.009760
-0.009543
-0.008140
-0.006758
-0.005470
-0.003147
-0.000600
0.000833
0.002064
0.004508
0.007235
0.008241
0.007376
0.005887
0.004179
0.002147
0.000327
-0.001042
-0.002368
-0.003205
-0.002542
-0.000910
0.000036
0.000009
-0.000013
0.000165
0.000163
0.000159
0.000057
-0.000655
-0.001261
-0.000475
0.000898
0.000442
-0.002087
-0.003593
-0.002997
-0.006274
-0.017665
-0.025876
-0.016932
-0.000525
0.005241
0.008368
0.023397
0.036979
0.034840
0.029088
0.026072
0.013339
-0.005236
-0.011694
-0.010776
-0.018072
-0.025965
-0.021277
-0.012943
-0.011536
-0.011037
-0.009083
-0.012406
-0.016479
-0.011957
-0.005089
-0.003634
0.000114
0.011140
0.021054
0.026352
0.031020
0.031588
0.023906
0.014985
0.009528
0.001181
-0.011538
-0.020058
-0.021351
-0.020297
-0.017822
-0.012710
-0.008908
-0.008598
-0.007294
-0.003214
-0.000905
-0.002120
-0.002605
0.000989
0.007522
0.013887
0.017888
0.019521
0.019653
0.017889
0.013418
0.006545
-0.002062
-0.011034
-0.017127
-0.018390
-0.017217
-0.016186
-0.013965
-0.009078
-0.003557
0.000302
0.002551
0.003340
0.002561
0.001998
0.003590
0.006143
0.007405
0.008173
0.010555
0.013264
0.013006
0.009501
0.004667
-0.000905
-0.006407
-0.009784
-0.011069
-0.011782
-0.011033
-0.007531
-0.003229
-0.000636
0.000397
0.000797
0.000612
0.000237
0.000410
0.000782
0.000685
0.000899
0.002390
0.004031
0.004096
0.002916
0.001764
0.000864
0.000180
0.000086
0.000393
0.000539
0.000809
0.001760
0.002680
0.002201
0.000382
-0.001523
-0.003111
-0.004663
-0.005599
-0.005215
-0.003982
-0.002356
0.000148
0.003040
0.004270
0.003369
0.002323
0.001437
-0.003046
-0.013947
-0.024418
-0.021521
-0.006585
0.003645
0.007157
0.018807
0.035065
0.037914
0.030312
0.024451
0.014322
-0.003948
-0.015748
-0.016230
-0.019479
-0.027170
-0.025029
-0.013758
-0.007509
-0.007051
-0.005465
-0.006043
-0.010381
-0.009806
-0.003702
-0.000938
0.000573
0.009029
0.020425
0.027029
0.029899
0.029666
0.022747
0.011992
0.003500
-0.004997
-0.017053
-0.026662
-0.027616
-0.023243
-0.017828
-0.010864
-0.004011
-0.000512
0.001645
0.005114
0.007033
0.005084
0.002671
0.003586
0.007537
0.012070
0.014831
0.014978
0.013678
0.011586
0.007280
-0.000050
-0.008810
-0.016778
-0.022000
-0.022674
-0.019316
-0.014854
-0.010175
-0.003505
0.004565
0.010460
0.012543
0.012110
0.010269
0.007583
0.005203
0.003759
0.002752
0.002175
0.003011
0.005029
0.005752
0.003454
-0.000451
-0.004104
-0.007411
-0.009853
-0.010197
-0.008749
-0.006263
-0.002552
0.001549
0.004040
0.004331
0.003330
0.001662
-0.000249
-0.001598
-0.001988
-0.001738
-0.000889
0.000842
0.002809
0.003677
0.003264
0.002532
0.001899
0.001157
0.000491
0.000267
0.000421
0.000693
0.000963
0.000979
0.000181
-0.001529
-0.003275
-0.004219
-0.004541
-0.004629
-0.003993
-0.001978
0.000930
0.003625
0.005628
0.006650
0.006037
0.003893
0.001232
-0.001917
-0.007863
-0.018744
-0.028681
-0.024996
-0.008421
0.003489
0.007301
0.018745
0.036148
0.040394
0.032139
0.024895
0.015189
-0.002133
-0.014516
-0.015716
-0.018716
-0.026863
-0.025818
-0.014255
-0.007260
-0.007653
-0.007015
-0.006629
-0.009562
-0.008781
-0.002565
0.000873
0.002427
0.010386
0.021868
0.028183
0.029154
0.026930
0.019421
0.008414
-0.000738
-0.009331
-0.020554
-0.028944
-0.028303
-0.021969
-0.015049
-0.007532
-0.000476
0.003467
0.006065
0.009490
0.010767
0.007820
0.004427
0.004576
0.007640
0.010766
0.011878
0.010612
0.008264
0.005607
0.001295
-0.005637
-0.013432
-0.019501
-0.022274
-0.020765
-0.015619
-0.009589
-0.003830
0.003284
0.011269
0.016281
0.016546
0.013900
0.009555
0.004116
0.000602
0.000673
0.000803
-0.000980
-0.000870
0.002054
0.002812
-0.000142
-0.003699
-0.006926
-0.009331
-0.008380
-0.004747
-0.002157
-0.000695
0.002246
0.005899
0.007019
0.004916
0.001537
-0.001642
-0.003901
-0.004348
-0.003354
-0.002712
-0.002459
-0.000762
0.002097
0.003555
0.002894
0.001938
0.001814
0.001998
0.002215
0.002573
0.002412
0.001466
0.000844
0.000714
-0.000447
-0.002821
-0.004636
-0.005080
-0.004812
-0.003969
-0.002106
0.000406
0.002763
0.004873
0.006516
0.006313
0.003655
0.000399
-0.001782
-0.005276
-0.014727
-0.026936
-0.027915
-0.013121
0.000968
0.005372
0.014825
0.033455
0.041829
0.034884
0.027529
0.019986
0.003110
-0.013437
-0.017510
-0.018999
-0.027179
-0.029660
-0.018884
-0.008730
-0.007404
-0.006762
-0.004587
-0.005709
-0.005773
-0.000357
0.003889
0.004759
0.010097
0.020131
0.026224
0.026321
0.023478
0.016497
0.005537
-0.004199
-0.012129
-0.021852
-0.029599
-0.028475
-0.020949
-0.013269
-0.005404
0.003034
0.008569
0.011214
0.013946
0.015039
0.011577
0.006711
0.005095
0.006038
0.006434
0.005373
0.003359
0.001021
-0.001268
-0.004481
-0.009717
-0.015399
-0.018575
-0.018225
-0.014776
-0.008900
-0.002237
0.003990
0.010423
0.016517
0.019049
0.016432
0.010860
0.004851
-0.000521
-0.004236
-0.005828
-0.006224
-0.005789
-0.003782
-0.000926
0.000545
0.000020
-0.001078
-0.001573
-0.001169
-0.000054
0.001143
0.002127
0.003262
0.004397
0.004383
0.002397
-0.000989
-0.004335
-0.006528
-0.007296
-0.006819
-0.005399
-0.003335
-0.000684
0.002325
0.004671
0.005416
0.004969
0.004329
0.003676
0.002749
0.001701
0.000860
0.000287
-0.000151
-0.000593
-0.001155
-0.001972
-0.002885
-0.003161
-0.002417
-0.001446
-0.000693
0.000742
0.002811
0.003800
0.003233
0.002076
0.000353
-0.002087
-0.006268
-0.015997
-0.027844
-0.026174
-0.008304
0.004705
0.006381
0.017355
0.038614
0.044352
0.032255
0.023349
0.016960
-0.000040
-0.017537
-0.021449
-0.022731
-0.030827
-0.031028
-0.016641
-0.005408
-0.005686
-0.005480
-0.000563
0.001896
0.002351
0.004782
0.006673
0.008069
0.013413
0.020169
0.021896
0.018799
0.013411
0.005092
-0.004409
-0.011847
-0.019266
-0.027257
-0.028587
-0.020698
-0.011736
-0.005438
0.002928
0.012345
0.016717
0.017372
0.018224
0.016326
0.009922
0.004855
0.004309
0.003743
0.000501
-0.002528
-0.003946
-0.005604
-0.008428
-0.012024
-0.015693
-0.017569
-0.016050
-0.011801
-0.006047
0.000685
0.007407
0.013245
0.017958
0.019972
0.017232
0.011103
0.005141
-0.000054
-0.006124
-0.012004
-0.014450
-0.012705
-0.008965
-0.004875
-0.000468
0.003774
0.006564
0.007663
0.007893
0.007428
0.005994
0.004273
0.003157
0.002141
0.000122
-0.002714
-0.005293
-0.007335
-0.009111
-0.010117
-0.009460
-0.007104
-0.003660
0.000426
0.004518
0.007417
0.008403
0.007970
0.006742
0.004613
0.001708
-0.000927
-0.002477
-0.003208
-0.003473
-0.003111
-0.002229
-0.001291
-0.000325
0.000914
0.002151
0.002888
0.003232
0.003526
0.003410
0.002179
0.000068
-0.001809
-0.002967
-0.004137
-0.007701
-0.016606
-0.026221
-0.023290
-0.007138
0.004041
0.006268
0.017750
0.037522
0.041870
0.029641
0.020753
0.015251
0.000487
-0.016183
-0.021319
-0.022226
-0.027861
-0.027570
-0.015039
-0.004592
-0.004822
-0.005658
-0.000739
0.004018
0.005025
0.005071
0.006687
0.010505
0.015191
0.017929
0.017852
0.015319
0.008826
-0.000969
-0.009073
-0.014576
-0.021814
-0.028066
-0.024752
-0.014085
-0.006376
-0.001317
0.007783
0.016886
0.018672
0.016927
0.016749
0.014127
0.007285
0.002842
0.003063
0.002040
-0.002061
-0.004711
-0.005034
-0.006659
-0.010350
-0.013732
-0.015522
-0.015509
-0.013149
-0.008296
-0.001797
0.004953
0.010908
0.015855
0.018958
0.018032
0.012783
0.006414
0.001211
-0.003942
-0.009279
-0.012185
-0.011709
-0.010149
-0.008809
-0.006629
-0.003340
-0.000167
0.002611
0.006091
0.010403
0.013596
0.014149
0.013095
0.011217
0.006882
-0.000144
-0.006903
-0.011644
-0.015002
-0.016581
-0.015224
-0.011537
-0.006879
-0.001713
0.003427
0.007276
0.009100
0.009411
0.008909
0.007577
0.005347
0.002829
0.000691
-0.001123
-0.002847
-0.004129
-0.004650
-0.004709
-0.004365
-0.003063
-0.000805
0.001464
0.003162
0.004583
0.005767
0.005998
0.004429
0.001025
-0.002415
-0.004130
-0.007467
-0.017369
-0.026864
-0.021651
-0.005598
0.002713
0.004765
0.017958
0.035875
0.036387
0.023351
0.016147
0.012068
-0.001292
-0.015870
-0.018935
-0.017571
-0.020520
-0.019373
-0.008910
-0.001024
-0.003272
-0.006582
-0.003126
0.001970
0.002019
-0.000023
0.002847
0.010031
0.014709
0.015414
0.016104
0.015286
0.007955
-0.002470
-0.008708
-0.013167
-0.020881
-0.025367
-0.019317
-0.009764
-0.005071
-0.000209
0.009445
0.016414
0.015771
0.013615
0.013168
0.010034
0.004478
0.002279
0.003190
0.001907
-0.001495
-0.002916
-0.002884
-0.005095
-0.009337
-0.012295
-0.012967
-0.012717
-0.011416
-0.007416
-0.001207
0.004471
0.008692
0.012506
0.014695
0.012733
0.007947
0.003903
0.000626
-0.003725
-0.007609
-0.008295
-0.006640
-0.004936
-0.003176
-0.000919
0.000616
0.000777
0.000697
0.001050
0.001328
0.001818
0.003751
0.007092
0.009912
0.010309
0.008292
0.005201
0.001178
-0.004613
-0.010750
-0.014465
-0.015358
-0.014064
-0.010089
-0.004307
0.000795
0.004561
0.007671
0.009295
0.008332
0.005843
0.003805
0.002683
0.001754
0.000813
0.000217
-0.000010
-0.000191
-0.000605
-0.001382
-0.002384
-0.003106
-0.002978
-0.001991
-0.000740
0.000380
0.001339
0.001921
0.001862
0.000853
-0.002588
-0.009747
-0.016650
-0.015852
-0.008041
-0.001951
0.002121
0.012239
0.025223
0.028696
0.022333
0.015670
0.009945
0.000217
-0.011269
-0.017841
-0.019023
-0.018143
-0.014671
-0.007604
-0.000943
0.001323
0.001043
0.002188
0.004307
0.003432
-0.000246
-0.000904
0.003406
0.007336
0.007984
0.008366
0.008861
0.005912
0.000042
-0.004987
-0.009438
-0.014726
-0.017229
-0.013767
-0.007899
-0.003377
0.001692
0.008529
0.013522
0.014195
0.012315
0.009654
0.006313
0.002966
0.000655
-0.000740
-0.001779
-0.002334
-0.002199
-0.002038
-0.002987
-0.005269
-0.007600
-0.008658
-0.008601
-0.007946
-0.006039
-0.002339
0.002136
0.006080
0.008886
0.009913
0.008790
0.006218
0.003006
-0.000716
-0.004455
-0.006814
-0.006808
-0.004930
-0.002355
0.000185
0.002217
0.003244
0.003387
0.003252
0.002805
0.001613
0.000340
0.000367
0.001643
0.002546
0.002131
0.001163
0.000717
0.000440
-0.001246
-0.004400
-0.006392
-0.005751
-0.004454
-0.003827
-0.002507
-0.000005
0.002368
0.003803
0.004029
0.003040
0.001735
0.000782
-0.000030
-0.000624
-0.000764
-0.000614
0.000015
0.001257
0.002113
0.001735
0.000948
0.000769
0.000733
0.000158
-0.000498
-0.000624
-0.000302
0.000119
0.000286
-0.000121
-0.001084
-0.002099
-0.002544
-0.002607
-0.004039
-0.008520
-0.013460
-0.012646
-0.005584
0.000303
0.003149
0.010084
0.020666
0.024570
0.019748
0.014026
0.009831
0.003294
-0.005657
-0.012836
-0.015875
-0.015479
-0.012842
-0.008854
-0.005017
-0.002891
-0.002210
-0.000759
0.002239
0.003797
0.002313
0.002031
0.005712
0.008851
0.008053
0.006343
0.005510
0.003064
-0.001376
-0.005478
-0.008939
-0.012046
-0.012697
-0.009982
-0.006430
-0.003454
0.000494
0.005786
0.010240
0.012034
0.011229
0.009284
0.007712
0.006347
0.004050
0.001130
-0.001149
-0.002665
-0.003995
-0.005219
-0.006418
-0.007702
-0.008411
-0.007998
-0.007004
-0.005729
-0.003488
-0.000192
0.003152
0.005793
0.007415
0.007663
0.006743
0.005219
0.002943
-0.000168
-0.003002
-0.004456
-0.004605
-0.003870
-0.002581
-0.001394
-0.000538
0.000628
0.002010
0.002577
0.002541
0.002997
0.003665
0.003762
0.003436
0.002637
0.001173
-0.000244
-0.001268
-0.002507
-0.003895
-0.004658
-0.004619
-0.004169
-0.003663
-0.003132
-0.002182
-0.000516
0.001431
0.002788
0.003233
0.003200
0.002948
0.002258
0.001132
-0.000060
-0.000892
-0.000963
-0.000290
0.000556
0.001100
0.001311
0.001384
0.001353
0.000868
-0.000188
-0.001059
-0.001011
-0.000411
-0.000026
0.000150
0.000496
0.000752
0.000425
-0.000325
-0.001110
-0.001860
-0.002398
-0.002443
-0.002121
-0.001879
-0.002214
-0.003367
-0.004834
-0.005737
-0.005604
-0.004046
-0.000586
0.004326
0.009240
0.012979
0.014922
0.014550
0.011847
0.007391
0.001659
-0.004543
-0.009415
-0.011582
-0.011431
-0.009937
-0.007422
-0.004208
-0.001153
0.000992
0.002022
0.002195
0.002023
0.001739
0.001287
0.001046
0.001508
0.002362
0.003022
0.003298
0.002813
0.001129
-0.001242
-0.003344
-0.005021
-0.006405
-0.006870
-0.005654
-0.002858
0.000711
0.004139
0.006745
0.008228
0.008501
0.007465
0.005248
0.002420
-0.000303
-0.002377
-0.003534
-0.003890
-0.003743
-0.003152
-0.002197
-0.001450
-0.001438
-0.001971
-0.002501
-0.002766
-0.002756
-0.002380
-0.001448
0.000087
0.001843
0.003102
0.003466
0.003154
0.002404
0.001154
-0.000389
-0.001595
-0.002051
-0.001813
-0.000990
0.000350
0.001847
0.002967
0.003479
0.003404
0.002702
0.001431
-0.000034
-0.001289
-0.002114
-0.002357
-0.002009
-0.001336
-0.000651
-0.000051
0.000399
0.000424
-0.000135
-0.000959
-0.001641
-0.002110
-0.002369
-0.002267
-0.001684
-0.000662
0.000559
0.001643
0.002400
0.002763
0.002673
0.002207
0.001520
0.000651
-0.000234
-0.000646
-0.000375
0.000026
0.000105
0.000203
0.000478
0.000453
-0.000081
-0.000984
-0.001935
-0.002127
-0.001355
-0.000575
0.000057
0.001312
0.002578
0.002551
0.001516
0.000449
-0.000584
-0.001901
-0.003424
-0.004454
-0.004079
-0.002483
-0.000879
0.000480
0.002251
0.003862
0.004084
0.003252
0.002429
0.001624
0.000634
-0.000165
-0.000656
-0.000993
-0.001014
-0.000650
-0.000244
-0.000119
-0.000292
-0.000544
-0.000686
-0.000849
-0.001185
-0.001350
-0.000955
-0.000244
0.000441
0.001157
0.001802
0.001990
0.001594
0.000804
-0.000076
-0.000788
-0.001426
-0.002270
-0.003292
-0.004189
-0.004553
-0.004039
-0.002676
-0.000594
0.002192
0.005056
0.006885
0.007379
0.007181
0.006594
0.005002
0.002025
-0.001299
-0.003432
-0.004216
-0.004627
-0.004872
-0.004262
-0.002906
-0.001806
-0.001154
-0.000374
0.000335
0.000411
0.000217
0.000315
0.000552
0.000711
0.000977
0.001445
0.001814
0.001721
0.001170
0.000456
-0.000416
-0.001675
-0.003010
-0.003673
-0.003454
-0.002668
-0.001376
0.000457
0.002369
0.003778
0.004529
0.004657
0.004144
0.003106
0.001824
0.000519
-0.000670
-0.001584
-0.002043
-0.001994
-0.001706
-0.001616
-0.001783
-0.001841
-0.001679
-0.001610
-0.001730
-0.001653
-0.001047
-0.000030
0.001031
0.001793
0.002061
0.001923
0.001530
0.000764
-0.000349
-0.001273
-0.001601
-0.001472
-0.001019
-0.000204
0.000735
0.001421
0.001815
0.002036
0.002003
0.001599
0.000904
0.000160
-0.000308
-0.000400
-0.000404
-0.000507
-0.000545
-0.000503
-0.000627
-0.000959
-0.001296
-0.001555
-0.001782
-0.001925
-0.001811
-0.001293
-0.000428
0.000530
0.001396
0.002119
0.002514
0.002358
0.001801
0.001200
0.000600
-0.000178
-0.001013
-0.001460
-0.001311
-0.000842
-0.000362
0.000170
0.000786
0.001193
0.001182
0.000951
0.000742
0.000523
0.000168
-0.000249
-0.000531
-0.000632
-0.000671
-0.000684
-0.000580
-0.000451
-0.000608
-0.001060
-0.001390
-0.001395
-0.001266
-0.001009
-0.000427
0.000350
0.000979
0.001376
0.001591
0.001565
0.001276
0.000857
0.000440
0.000070
-0.000224
-0.000415
-0.000530
-0.000589
-0.000489
-0.000179
0.000136
0.000252
0.000339
0.000598
0.000775
0.000592
0.000272
0.000059
-0.000228
-0.000683
-0.001002
-0.001015
-0.000930
-0.000881
-0.000771
-0.000548
-0.000265
0.000010
0.000195
0.000327
0.000540
0.000811
0.000959
0.000848
0.000545
0.000251
0.000048
-0.000130
-0.000288
-0.000358
-0.000319
-0.000174
0.000040
0.000150
0.000097
0.000090
0.000231
0.000355
0.000417
0.000532
0.000667
0.000697
0.000617
0.000426
0.000040
-0.000492
-0.000939
-0.001197
-0.001345
-0.001350
-0.001041
-0.000462
0.000073
0.000335
0.000414
0.000465
0.000451
0.000348
0.000324
0.000463
0.000575
0.000430
0.000072
-0.000231
-0.000370
-0.000504
-0.000716
-0.000849
-0.000744
-0.000465
-0.000211
-0.000031
0.000235
0.000623
0.000902
0.000966
0.000989
0.001041
0.000946
0.000617
0.000141
-0.000370
-0.000776
-0.000949
-0.000948
-0.000907
-0.000784
-0.000471
-0.000070
0.000172
0.000145
0.000017
0.000036
0.000171
0.000203
0.000188
0.000364
0.000696
0.000892
0.000748
0.000339
-0.000049
-0.000277
-0.000527
-0.000901
-0.001151
-0.001085
-0.000836
-0.000527
-0.000117
0.000358
0.000783
0.001088
0.001183
0.000972
0.000560
0.000202
-0.000008
-0.000192
-0.000415
-0.000566
-0.000538
-0.000334
-0.000018
0.000270
0.000356
0.000203
-0.000056
-0.000304
-0.000476
-0.000482
-0.000307
-0.000095
0.000066
0.000227
0.000375
0.000376
0.000229
0.000128
0.000115
-0.000027
-0.000344
-0.000538
-0.000360
0.000039
0.000289
0.000254
0.000176
0.000257
0.000383
0.000382
0.000207
-0.000091
-0.000373
-0.000514
-0.000489
-0.000328
-0.000140
-0.000013
0.000119
0.000271
0.000292
0.000173
0.000087
0.000049
-0.000050
-0.000154
-0.000139
-0.000007
0.000127
0.000144
0.000046
-0.000077
-0.000178
-0.000209
-0.000108
0.000034
0.000088
0.000095
0.000130
0.000166
0.000130
0.000006
-0.000119
-0.000126
-0.000045
-0.000035
-0.000099
-0.000075
0.000055
0.000116
0.000051
-0.000004
0.000049
0.000139
0.000135
0.000002
-0.000172
-0.000265
-0.000219
-0.000075
0.000019
-0.000017
-0.000036
0.000072
0.000129
-0.000021
-0.000193
-0.000166
-0.000070
-0.000130
-0.000246
-0.000177
0.000062
0.000262
0.000338
0.000403
0.000523
0.000550
0.000345
0.000022
-0.000161
-0.000126
-0.000049
-0.000098
-0.000240
-0.000321
-0.000222
-0.000003
0.000093
-0.000049
-0.000205
-0.000159
-0.000018
0.000040
0.000038
0.000095
0.000225
0.000296
0.000189
-0.000023
-0.000152
-0.000125
-0.000089
-0.000167
-0.000238
-0.000162
-0.000052
-0.000078
-0.000169
-0.000157
-0.000070
-0.000011
0.000060
0.000209
0.000342
0.000341
0.000283
0.000308
0.000306
0.000090
-0.000209
-0.000353
-0.000402
-0.000470
-0.000448
-0.000273
-0.000120
-0.000091
0.000022
0.000420
0.000880
0.000959
0.000592
0.000165
-0.000030
-0.000057
-0.000162
-0.000461
-0.000689
-0.000523
-0.000171
-0.000070
-0.000139
-0.000005
0.000276
0.000361
0.000205
0.000055
0.000087
0.000223
0.000249
0.000106
-0.000081
-0.000197
-0.000218
-0.000247
-0.000377
-0.000478
-0.000387
-0.000175
-0.000010
0.000039
0.000040
0.000160
0.000404
0.000486
0.000246
-0.000027
-0.000023
0.000098
0.000009
-0.000201
-0.000212
-0.000055
0.000022
0.000014
0.000047
0.000132
0.000176
0.000105
-0.000042
-0.000121
-0.000041
0.000106
0.000150
0.000048
-0.000075
-0.000106
-0.000087
-0.000137
-0.000224
-0.000190
-0.000088
-0.000145
-0.000306
-0.000314
-0.000163
0.000022
0.000259
0.000507
0.000560
0.000387
0.000249
0.000265
0.000257
0.000135
0.000017
-0.000065
-0.000206
-0.000381
-0.000461
-0.000404
-0.000286
-0.000208
-0.000157
-0.000001
0.000285
0.000551
0.000704
0.000766
0.000722
0.000530
0.000231
-0.000090
-0.000370
-0.000586
-0.000719
-0.000722
-0.000589
-0.000393
-0.000214
-0.000080
-0.000023
-0.000079
-0.000176
-0.000174
-0.000057
0.000081
0.000231
0.000422
0.000597
0.000670
0.000595
0.000365
0.000058
-0.000192
-0.000378
-0.000599
-0.000780
-0.000721
-0.000425
-0.000085
0.000185
0.000406
0.000559
0.000570
0.000415
0.000161
-0.000072
-0.000205
-0.000248
-0.000261
-0.000264
-0.000191
-0.000014
0.000137
0.000155
0.000089
-0.000011
-0.000130
-0.000184
-0.000115
0.000011
0.000102
0.000145
0.000211
0.000325
0.000403
0.000355
0.000200
0.000011
-0.000203
-0.000412
-0.000467
-0.000309
-0.000123
-0.000086
-0.000091
0.000034
0.000214
0.000274
0.000229
0.000192
0.000152
0.000046
-0.000083
-0.000153
-0.000139
-0.000085
-0.000107
-0.000256
-0.000376
-0.000291
-0.000077
0.000063
0.000088
0.000114
0.000210
0.000289
0.000239
0.000105
0.000028
0.000047
0.000081
0.000056
-0.000050
-0.000169
-0.000184
-0.000089
-0.000021
-0.000043
-0.000004
0.000217
0.000442
0.000417
0.000226
0.000136
0.000121
0.000025
-0.000035
0.000029
0.000019
-0.000120
-0.000207
-0.000267
-0.000452
-0.000650
-0.000669
-0.000569
-0.000489
-0.000392
-0.000220
-0.000028
0.000186
0.000470
0.000724
0.000784
0.000685
0.000569
0.000419
0.000178
-0.000052
-0.000154
-0.000168
-0.000154
-0.000123
-0.000115
-0.000164
-0.000244
-0.000323
-0.000373
-0.000307
-0.000062
0.000263
0.000481
0.000539
0.000526
0.000481
0.000354
0.000118
-0.000173
-0.000404
-0.000504
-0.000537
-0.000604
-0.000679
-0.000630
-0.000434
-0.000268
-0.000329
-0.000536
-0.000487
0.000055
0.000736
0.001022
0.000952
0.001030
0.001368
0.001472
0.001030
0.000341
-0.000177
-0.000458
-0.000666
-0.000912
-0.001098
-0.000984
-0.000568
-0.000217
-0.000163
-0.000092
0.000294
0.000699
0.000682
0.000297
-0.000088
-0.000260
-0.000290
-0.000382
-0.000586
-0.000683
-0.000481
-0.000110
0.000161
0.000273
0.000360
0.000466
0.000444
0.000239
0.000071
0.000141
0.000288
0.000216
-0.000039
-0.000158
-0.000013
0.000200
0.000259
0.000136
-0.000014
-0.000038
0.000016
-0.000013
-0.000133
-0.000215
-0.000206
-0.000194
-0.000285
-0.000439
-0.000494
-0.000406
-0.000305
-0.000266
-0.000223
-0.000099
0.000099
0.000266
0.000296
0.000246
0.000288
0.000448
0.000547
0.000478
0.000382
0.000406
0.000453
0.000342
0.000103
-0.000060
-0.000081
-0.000111
-0.000240
-0.000333
-0.000292
-0.000253
-0.000326
-0.000380
-0.000237
0.000066
0.000277
0.000196
-0.000068
-0.000231
-0.000227
-0.000208
-0.000233
-0.000219
-0.000101
0.000080
0.000196
0.000174
0.000087
0.000043
0.000037
-0.000010
-0.000092
-0.000106
-0.000002
0.000192
0.000413
0.000503
0.000354
0.000141
0.000067
0.000016
-0.000190
-0.000396
-0.000354
-0.000173
-0.000114
-0.000116
0.000017
0.000187
0.000220
0.000153
0.000058
-0.000087
-0.000238
-0.000300
-0.000327
-0.000407
-0.000440
-0.000281
0.000014
0.000238
0.000296
0.000293
0.000367
0.000473
0.000396
0.000070
-0.000238
-0.000262
-0.000082
0.000021
-0.000051
-0.000130
-0.000064
0.000080
0.000152
0.000109
0.000063
0.000141
0.000281
0.000294
0.000163
0.000096
0.000201
0.000300
0.000242
0.000107
-0.000010
-0.000137
-0.000296
-0.000451
-0.000573
-0.000662
-0.000676
-0.000549
-0.000302
-0.000055
0.000142
0.000320
0.000427
0.000380
0.000255
0.000173
0.000111
0.000040
0.000037
0.000124
0.000157
0.000048
-0.000072
-0.000074
-0.000056
-0.000146
-0.000289
-0.000393
-0.000423
-0.000300
0.000004
0.000293
0.000407
0.000452
0.000528
0.000531
0.000396
0.000220
0.000059
-0.000121
-0.000307
-0.000429
-0.000437
-0.000363
-0.000297
-0.000255
-0.000159
0.000008
0.000157
0.000194
0.000126
0.000051
0.000028
0.000011
-0.000028
-0.000009
0.000100
0.000167
0.000102
0.000024
0.000044
0.000101
0.000088
0.000021
0.000015
0.000082
0.000073
-0.000047
-0.000130
-0.000119
-0.000091
-0.000092
-0.000106
-0.000129
-0.000160
-0.000129
-0.000018
0.000039
-0.000034
-0.000114
-0.000083
0.000001
0.000024
-0.000026
-0.000060
-0.000001
0.000140
0.000285
0.000343
0.000287
0.000201
0.000160
0.000069
-0.000150
-0.000304
-0.000202
-0.000015
0.000027
0.000002
0.000031
0.000038
-0.000038
-0.000088
-0.000040
0.000000
-0.000058
-0.000126
-0.000061
0.000130
0.000290
0.000281
0.000103
-0.000118
-0.000277
-0.000351
-0.000311
-0.000175
-0.000088
-0.000108
-0.000035
0.000244
0.000484
0.000435
0.000224
0.000125
0.000141
0.000079
-0.000075
-0.000150
-0.000121
-0.000100
-0.000111
-0.000103
-0.000071
-0.000080
-0.000192
-0.000332
-0.000346
-0.000222
-0.000021
0.000206
0.000362
0.000416
0.000459
0.000498
0.000432
0.000244
0.000025
-0.000157
-0.000324
-0.000485
-0.000546
-0.000483
-0.000418
-0.000388
-0.000269
-0.000040
0.000141
0.000175
0.000128
0.000076
0.000034
0.000030
0.000114
0.000270
0.000386
0.000364
0.000237
0.000131
0.000101
0.000093
0.000042
-0.000031
-0.000083
-0.000106
-0.000117
-0.000129
-0.000118
-0.000058
0.000038
0.000119
0.000130
0.000087
0.000063
0.000038
-0.000055
-0.000184
-0.000308
-0.000419
-0.000417
-0.000217
0.000061
0.000230
0.000242
0.000167
0.000071
-0.000012
-0.000037
0.000007
0.000059
0.000092
0.000151
0.000231
0.000243
0.000161
0.000097
0.000109
0.000069
-0.000100
-0.000277
-0.000338
-0.000303
-0.000258
-0.000228
-0.000179
-0.000067
0.000099
0.000231
0.000252
0.000207
0.000173
0.000131
0.000016
-0.000118
-0.000151
-0.000098
-0.000104
-0.000206
-0.000262
-0.000175
-0.000026
0.000100
0.000214
0.000328
0.000388
0.000339
0.000220
0.000138
0.000111
0.000058
-0.000036
-0.000099
-0.000143
-0.000198
-0.000170
-0.000032
0.000052
-0.000017
-0.000140
-0.000188
-0.000165
-0.000149
-0.000167
-0.000157
-0.000071
0.000023
0.000049
0.000080
0.000171
0.000203
0.000113
0.000019
-0.000023
-0.000055
-0.000047
0.000017
0.000048
0.000052
0.000135
0.000229
0.000156
-0.000043
-0.000183
-0.000210
-0.000220
-0.000251
-0.000216
-0.000049
0.000163
0.000274
0.000255
0.000192
0.000123
0.000005
-0.000146
-0.000231
-0.000241
-0.000242
-0.000214
-0.000104
0.000030
0.000142
0.000268
0.000360
0.000314
0.000195
0.000119
0.000033
-0.000143
-0.000320
-0.000377
-0.000290
-0.000105
0.000050
0.000062
0.000012
0.000054
0.000149
0.000170
0.000135
0.000140
0.000185
0.000189
0.000151
0.000159
0.000203
0.000164
0.000043
-0.000048
-0.000121
-0.000260
-0.000414
-0.000463
-0.000392
-0.000263
-0.000116
0.000022
0.000109
0.000125
0.000118
0.000162
0.000245
0.000251
0.000129
0.000002
0.000002
0.000062
0.000027
-0.000100
-0.000177
-0.000168
-0.000180
-0.000256
-0.000276
-0.000164
-0.000051
-0.000049
-0.000059
0.000012
0.000090
0.000130
0.000186
0.000236
0.000200
0.000095
0.000031
0.000069
0.000145
0.000155
0.000125
0.000161
0.000238
0.000216
0.000068
-0.000113
-0.000239
-0.000278
-0.000241
-0.000163
-0.000081
-0.000033
-0.000044
-0.000082
-0.000085
-0.000026
0.000081
0.000150
0.000068
-0.000106
-0.000163
-0.000056
0.000034
0.000008
-0.000008
0.000048
0.000060
-0.000012
-0.000063
-0.000046
-0.000016
-0.000008
0.000012
0.000056
0.000075
0.000056
0.000070
0.000123
0.000122
0.000018
-0.000128
-0.000214
-0.000205
-0.000122
0.000016
0.000132
0.000127
0.000015
-0.000092
-0.000116
-0.000079
-0.000053
-0.000079
-0.000107
-0.000049
0.000095
0.000221
0.000259
0.000246
0.000239
0.000223
0.000146
0.000024
-0.000043
-0.000020
-0.000033
-0.000175
-0.000304
-0.000225
-0.000019
0.000067
0.000020
0.000012
0.000032
-0.000020
-0.000073
-0.000038
0.000024
0.000018
-0.000065
-0.000129
-0.000088
-0.000014
-0.000016
-0.000030
0.000035
0.000106
0.000102
0.000061
0.000032
0.000020
0.000019
0.000006
-0.000031
-0.000058
-0.000033
0.000056
0.000160
0.000181
0.000116
0.000075
0.000110
0.000156
0.000137
0.000038
-0.000103
-0.000220
-0.000243
-0.000205
-0.000199
-0.000214
-0.000172
-0.000092
-0.000072
-0.000137
-0.000198
-0.000176
-0.000114
-0.000085
-0.000060
0.000035
0.000194
0.000318
0.000330
0.000250
0.000172
0.000147
0.000118
0.000013
-0.000109
-0.000107
0.000025
0.000128
0.000107
0.000025
-0.000019
0.000012
0.000087
0.000134
0.000113
0.000059
0.000033
0.000031
-0.000002
-0.000075
-0.000109
-0.000062
-0.000029
-0.000091
-0.000189
-0.000224
-0.000173
-0.000090
-0.000047
-0.000055
-0.000038
0.000078
0.000194
0.000112
-0.000094
-0.000144
-0.000031
0.000009
-0.000045
-0.000008
0.000105
0.000120
0.000054
0.000047
0.000102
0.000128
0.000106
0.000094
0.000098
0.000043
-0.000086
-0.000197
-0.000199
-0.000138
-0.000126
-0.000146
-0.000102
0.000005
0.000112
0.000182
0.000218
0.000232
0.000183
0.000028
-0.000155
-0.000261
-0.000265
-0.000169
-0.000023
0.000071
0.000095
0.000114
0.000153
0.000183
0.000172
0.000106
0.000016
-0.000002
0.000055
0.000037
-0.000083
-0.000133
-0.000078
-0.000069
-0.000151
-0.000220
-0.000196
-0.000098
-0.000001
0.000017
-0.000021
-0.000012
0.000054
0.000098
0.000106
0.000148
0.000244
0.000254
0.000075
-0.000118
-0.000099
0.000028
0.000004
-0.000134
-0.000132
-0.000007
0.000009
-0.000109
-0.000210
-0.000225
-0.000184
-0.000123
-0.000067
-0.000022
0.000029
0.000079
0.000111
0.000169
0.000264
0.000284
0.000196
0.000121
0.000110
0.000072
-0.000046
-0.000161
-0.000180
-0.000148
-0.000144
-0.000109
0.000032
0.000149
0.000094
-0.000040
-0.000106
-0.000128
-0.000157
-0.000158
-0.000102
-0.000011
0.000084
0.000163
0.000223
0.000256
0.000239
0.000196
0.000177
0.000176
0.000179
0.000181
0.000132
0.000003
-0.000132
-0.000181
-0.000154
-0.000139
-0.000192
-0.000269
-0.000291
-0.000250
-0.000185
-0.000132
-0.000084
0.000004
0.000095
0.000074
-0.000044
-0.000089
0.000006
0.000117
0.000120
0.000037
-0.000011
0.000020
0.000049
0.000024
-0.000002
0.000025
0.000085
0.000138
0.000122
0.000006
-0.000108
-0.000096
-0.000036
-0.000058
-0.000096
-0.000052
0.000015
0.000019
-0.000018
-0.000020
0.000034
0.000120
0.000200
0.000218
0.000155
0.000081
0.000072
0.000080
0.000004
-0.000133
-0.000233
-0.000226
-0.000101
0.000044
0.000080
0.000007
-0.000085
-0.000135
-0.000130
-0.000112
-0.000107
-0.000062
0.000042
0.000137
0.000155
0.000109
0.000086
0.000145
0.000194
0.000119
-0.000017
-0.000084
-0.000101
-0.000157
-0.000197
-0.000114
0.000014
0.000052
0.000039
0.000075
0.000105
0.000024
-0.000103
-0.000134
-0.000094
-0.000092
-0.000132
-0.000113
-0.000001
0.000088
0.000086
0.000092
0.000173
0.000234
0.000166
0.000005
-0.000119
-0.000160
-0.000163
-0.000132
-0.000015
0.000126
0.000151
0.000081
0.000058
0.000097
0.000106
0.000073
0.000036
-0.000007
-0.000053
-0.000051
0.000041
0.000138
0.000077
-0.000123
-0.000256
-0.000234
-0.000157
-0.000118
-0.000116
-0.000100
-0.000019
0.000096
0.000166
0.000163
0.000128
0.000084
-0.000016
-0.000165
-0.000232
-0.000141
0.000011
0.000109
0.000122
0.000082
0.000060
0.000096
0.000128
0.000085
0.000015
0.000035
0.000139
0.000207
0.000180
0.000113
0.000063
0.000005
-0.000062
-0.000098
-0.000147
-0.000233
-0.000267
-0.000232
-0.000222
-0.000251
-0.000246
-0.000167
-0.000067
-0.000037
-0.000079
-0.000123
-0.000127
-0.000091
-0.000024
0.000085
0.000244
0.000377
0.000394
0.000328
0.000252
0.000171
0.000106
0.000104
0.000114
0.000073
0.000035
0.000071
0.000139
0.000159
0.000098
-0.000023
-0.000144
-0.000223
-0.000270
-0.000311
-0.000333
-0.000275
-0.000139
-0.000037
-0.000010
0.000031
0.000073
0.000039
0.000011
0.000047
0.000029
-0.000067
-0.000108
-0.000030
0.000089
0.000141
0.000118
0.000099
0.000118
0.000116
0.000056
-0.000001
-0.000007
0.000029
0.000080
0.000118
0.000105
0.000033
-0.000058
-0.000127
-0.000155
-0.000152
-0.000150
-0.000149
-0.000147
-0.000148
-0.000105
0.000028
0.000181
0.000221
0.000154
0.000107
0.000113
0.000092
0.000004
-0.000103
-0.000166
-0.000169
-0.000145
-0.000098
0.000009
0.000129
0.000152
0.000089
0.000059
0.000094
0.000107
0.000045
-0.000008
0.000038
0.000125
0.000115
-0.000002
-0.000085
-0.000084
-0.000114
-0.000210
-0.000258
-0.000185
-0.000050
0.000060
0.000131
0.000159
0.000082
-0.000071
-0.000162
-0.000108
0.000030
0.000133
0.000140
0.000083
0.000033
0.000049
0.000101
0.000105
0.000053
0.000010
-0.000030
-0.000107
-0.000161
-0.000120
-0.000048
-0.000054
-0.000100
-0.000091
-0.000044
-0.000017
0.000000
0.000026
0.000030
-0.000025
-0.000099
-0.000090
0.000011
0.000106
0.000131
0.000111
0.000092
0.000092
0.000108
0.000146
0.000149
0.000022
-0.000183
-0.000288
-0.000249
-0.000186
-0.000167
-0.000116
0.000033
0.000195
0.000263
0.000254
0.000239
0.000235
0.000209
0.000147
0.000083
0.000079
0.000111
0.000097
0.000037
-0.000027
-0.000110
-0.000214
-0.000282
-0.000286
-0.000252
-0.000216
-0.000202
-0.000187
-0.000114
-0.000007
0.000033
-0.000015
-0.000023
0.000071
0.000152
0.000148
0.000130
0.000151
0.000177
0.000133
0.000013
-0.000087
-0.000115
-0.000118
-0.000120
-0.000105
-0.000090
-0.000094
-0.000088
-0.000060
-0.000046
-0.000043
-0.000020
-0.000022
-0.000079
-0.000080
0.000035
0.000142
0.000140
0.000113
0.000179
0.000301
0.000362
0.000347
0.000313
0.000238
0.000080
-0.000080
-0.000134
-0.000139
-0.000192
-0.000250
-0.000251
-0.000235
-0.000233
-0.000192
-0.000095
-0.000023
-0.000016
-0.000039
-0.000078
-0.000092
0.000005
0.000163
0.000209
0.000117
0.000027
0.000023
0.000037
-0.000006
-0.000078
-0.000110
-0.000077
0.000000
0.000083
0.000135
0.000143
0.000102
0.000010
-0.000060
-0.000015
0.000081
0.000053
-0.000104
-0.000190
-0.000109
0.000005
0.000037
0.000019
0.000003
0.000007
0.000058
0.000134
0.000137
0.000045
-0.000018
0.000003
-0.000007
-0.000099
-0.000137
-0.000051
0.000044
0.000066
0.000052
0.000017
-0.000049
-0.000089
-0.000070
-0.000076
-0.000158
-0.000221
-0.000159
0.000010
0.000189
0.000281
0.000242
0.000128
0.000042
0.000005
-0.000012
-0.000005
0.000021
0.000072
0.000160
0.000204
0.000126
0.000001
-0.000060
-0.000116
-0.000254
-0.000364
-0.000311
-0.000177
-0.000103
-0.000084
-0.000045
0.000018
0.000061
0.000048
-0.000011
0.000013
0.000200
0.000408
0.000469
0.000410
0.000308
0.000168
0.000000
-0.000125
-0.000176
-0.000198
-0.000236
-0.000265
-0.000246
-0.000209
-0.000192
-0.000181
-0.000152
-0.000126
-0.000121
-0.000098
-0.000052
-0.000070
-0.000128
-0.000052
0.000154
0.000245
0.000131
0.000018
0.000060
0.000147
0.000136
0.000073
0.000088
0.000177
0.000230
0.000209
0.000192
0.000223
0.000233
0.000191
0.000152
0.000105
-0.000017
-0.000166
-0.000212
-0.000147
-0.000115
-0.000183
-0.000255
-0.000263
-0.000280
-0.000346
-0.000385
-0.000324
-0.000159
0.000039
0.000190
0.000292
0.000369
0.000386
0.000290
0.000111
-0.000018
-0.000011
0.000052
0.000043
-0.000031
-0.000083
