4480
0.000062
-0.000007
-0.000018
0.000022
0.000027
-0.000017
-0.000021
0.000008
-0.000018
-0.000072
-0.000056
-0.000013
-0.000063
-0.000144
-0.000048
0.000214
0.000391
0.000384
0.000331
0.000295
0.000214
0.000099
0.000027
-0.000041
-0.000189
-0.000348
-0.000426
-0.000477
-0.000555
-0.000554
-0.000392
-0.000167
-0.000055
-0.000081
-0.000130
-0.000133
-0.000087
0.000004
0.000074
0.000066
0.000053
0.000134
0.000297
0.000454
0.000532
0.000509
0.000390
0.000217
0.000093
0.000074
0.000072
-0.000014
-0.000158
-0.000255
-0.000234
-0.000152
-0.000146
-0.000237
-0.000287
-0.000205
-0.000042
0.000113
0.000214
0.000268
0.000299
0.000303
0.000257
0.000172
0.000077
-0.000025
-0.000135
-0.000213
-0.000206
-0.000110
-0.000008
0.000002
-0.000057
-0.000070
-0.000016
0.000021
0.000015
0.000030
0.000081
0.000048
-0.000122
-0.000257
-0.000200
-0.000070
-0.000046
-0.000079
-0.000041
0.000034
0.000050
0.000019
0.000015
0.000066
0.000109
0.000095
0.000077
0.000099
0.000092
-0.000006
-0.000141
-0.000200
-0.000114
0.000047
0.000136
0.000146
0.000188
0.000245
0.000180
-0.000003
-0.000135
-0.000112
-0.000010
0.000041
0.000009
-0.000053
-0.000101
-0.000110
-0.000075
-0.000042
-0.000043
-0.000059
-0.000066
-0.000050
-0.000017
-0.000007
-0.000044
-0.000107
-0.000157
-0.000112
0.000082
0.000319
0.000437
0.000406
0.000288
0.000138
-0.000014
-0.000147
-0.000229
-0.000255
-0.000265
-0.000285
-0.000294
-0.000249
-0.000149
-0.000071
-0.000040
0.000035
0.000180
0.000298
0.000328
0.000298
0.000215
0.000080
-0.000039
-0.000072
-0.000030
0.000033
0.000051
-0.000010
-0.000099
-0.000102
-0.000009
0.000035
-0.000060
-0.000184
-0.000200
-0.000113
0.000021
0.000158
0.000141
-0.000146
-0.000480
-0.000550
-0.000378
-0.000188
-0.000083
-0.000032
0.000022
0.000137
0.000346
0.000538
0.000534
0.000389
0.000347
0.000439
0.000465
0.000343
0.000169
0.000004
-0.000144
-0.000200
-0.000126
-0.000051
-0.000113
-0.000237
-0.000233
-0.000079
0.000059
0.000050
-0.000072
-0.000200
-0.000282
-0.000276
-0.000189
-0.000128
-0.000132
-0.000117
-0.000066
-0.000020
0.000041
0.000136
0.000243
0.000323
0.000323
0.000242
0.000134
0.000014
-0.000123
-0.000210
-0.000227
-0.000252
-0.000294
-0.000261
-0.000151
-0.000053
-0.000006
-0.000006
-0.000054
-0.000102
-0.000062
0.000066
0.000160
0.000152
0.000120
0.000124
0.000130
0.000113
0.000085
0.000062
0.000071
0.000095
0.000071
0.000003
-0.000027
0.000018
0.000081
0.000085
0.000049
0.000056
0.000111
0.000124
0.000029
-0.000124
-0.000216
-0.000206
-0.000150
-0.000114
-0.000126
-0.000172
-0.000229
-0.000273
-0.000205
-0.000007
0.000137
0.000104
0.000029
0.000070
0.000183
0.000224
0.000173
0.000136
0.000177
0.000247
0.000266
0.000202
0.000080
-0.000058
-0.000174
-0.000200
-0.000122
-0.000063
-0.000109
-0.000186
-0.000202
-0.000169
-0.000125
-0.000075
-0.000002
0.000059
0.000063
0.000061
0.000097
0.000118
0.000096
0.000051
-0.000003
-0.000038
-0.000026
-0.000003
0.000019
0.000067
0.000089
0.000022
-0.000045
-0.000023
0.000012
-0.000021
-0.000061
-0.000041
0.000024
0.000087
0.000105
0.000061
-0.000012
-0.000061
-0.000071
-0.000086
-0.000136
-0.000157
-0.000090
-0.000004
0.000038
0.000076
0.000125
0.000140
0.000119
0.000095
0.000043
-0.000079
-0.000164
-0.000044
0.000190
0.000286
0.000205
0.000120
0.000143
0.000194
0.000151
0.000054
0.000012
-0.000035
-0.000212
-0.000426
-0.000478
-0.000378
-0.000307
-0.000331
-0.000342
-0.000260
-0.000154
-0.000132
-0.000181
-0.000198
-0.000119
0.000048
0.000226
0.000305
0.000274
0.000241
0.000259
0.000285
0.000293
0.000287
0.000256
0.000199
0.000133
0.000076
0.000043
-0.000002
-0.000099
-0.000180
-0.000165
-0.000116
-0.000107
-0.000096
-0.000031
0.000057
0.000116
0.000123
0.000099
0.000058
0.000018
0.000019
0.000053
0.000061
0.000042
0.000025
0.000015
0.000005
-0.000029
-0.000105
-0.000178
-0.000172
-0.000091
-0.000017
-0.000010
-0.000060
-0.000104
-0.000085
-0.000012
0.000029
-0.000016
-0.000076
-0.000059
0.000010
0.000042
0.000041
0.000066
0.000099
0.000085
0.000022
-0.000065
-0.000139
-0.000137
-0.000051
0.000062
0.000171
0.000246
0.000222
0.000085
-0.000071
-0.000109
-0.000013
0.000071
0.000056
0.000015
0.000030
0.000066
0.000046
-0.000005
0.000011
0.000056
-0.000009
-0.000148
-0.000184
-0.000098
-0.000057
-0.000106
-0.000109
-0.000044
-0.000052
-0.000139
-0.000129
0.000028
0.000186
0.000213
0.000131
0.000050
0.000035
0.000070
0.000103
0.000078
-0.000012
-0.000080
-0.000067
-0.000044
-0.000074
-0.000115
-0.000126
-0.000102
-0.000049
0.000021
0.000098
0.000147
0.000086
-0.000050
-0.000107
-0.000068
-0.000060
-0.000091
-0.000056
0.000070
0.000174
0.000144
0.000039
-0.000005
0.000011
0.000011
0.000017
0.000084
0.000142
0.000070
-0.000097
-0.000199
-0.000173
-0.000066
0.000088
0.000204
0.000117
-0.000150
-0.000340
-0.000327
-0.000264
-0.000253
-0.000185
0.000010
0.000225
0.000359
0.000441
0.000479
0.000399
0.000216
0.000068
0.000011
-0.000001
0.000015
0.000055
0.000063
0.000028
0.000019
0.000039
0.000009
-0.000069
-0.000128
-0.000148
-0.000137
-0.000107
-0.000086
-0.000085
-0.000097
-0.000155
-0.000275
-0.000351
-0.000278
-0.000135
-0.000087
-0.000148
-0.000166
-0.000033
0.000157
0.000240
0.000185
0.000090
0.000026
0.000010
0.000044
0.000093
0.000108
0.000076
0.000024
-0.000003
0.000017
0.000023
-0.000055
-0.000158
-0.000146
-0.000011
0.000117
0.000171
0.000207
0.000252
0.000256
0.000211
0.000174
0.000150
0.000086
0.000009
0.000008
0.000061
0.000059
-0.000016
-0.000091
-0.000101
-0.000023
0.000082
0.000103
0.000028
-0.000059
-0.000104
-0.000130
-0.000174
-0.000211
-0.000202
-0.000193
-0.000223
-0.000244
-0.000227
-0.000221
-0.000250
-0.000278
-0.000242
-0.000103
0.000079
0.000192
0.000254
0.000340
0.000406
0.000365
0.000272
0.000256
0.000294
0.000259
0.000130
-0.000004
-0.000071
-0.000074
-0.000061
-0.000052
-0.000033
-0.000044
-0.000109
-0.000163
-0.000184
-0.000227
-0.000265
-0.000221
-0.000124
-0.000060
-0.000051
-0.000060
-0.000068
-0.000105
-0.000171
-0.000244
-0.000344
-0.000436
-0.000428
-0.000317
-0.000210
-0.000140
-0.000026
0.000139
0.000230
0.000236
0.000272
0.000341
0.000351
0.000336
0.000384
0.000458
0.000496
0.000516
0.000524
0.000508
0.000478
0.000450
0.000433
0.000396
0.000292
0.000182
0.000170
0.000198
0.000133
0.000006
-0.000085
-0.000187
-0.000413
-0.000718
-0.000843
-0.000525
-0.000050
-0.000191
-0.000853
-0.000890
-0.000138
0.000171
-0.000427
-0.000997
-0.000837
-0.000274
0.000038
-0.000146
-0.000548
-0.000652
-0.000254
0.000313
0.000598
0.000465
0.000162
0.000105
0.000439
0.000827
0.000872
0.000607
0.000382
0.000405
0.000563
0.000620
0.000461
0.000162
-0.000092
-0.000164
-0.000097
-0.000064
-0.000181
-0.000393
-0.000546
-0.000540
-0.000426
-0.000320
-0.000271
-0.000259
-0.000254
-0.000203
-0.000081
0.000048
0.000077
0.000014
-0.000010
0.000090
0.000223
0.000262
0.000224
0.000210
0.000269
0.000386
0.000470
0.000420
0.000258
0.000082
-0.000032
-0.000045
-0.000020
-0.000063
-0.000156
-0.000187
-0.000129
-0.000047
-0.000008
-0.000021
-0.000056
-0.000097
-0.000136
-0.000172
-0.000223
-0.000296
-0.000348
-0.000338
-0.000274
-0.000179
-0.000086
-0.000024
0.000017
0.000060
0.000102
0.000119
0.000084
-0.000023
-0.000195
-0.000367
-0.000441
-0.000354
-0.000151
0.000034
0.000128
0.000212
0.000333
0.000377
0.000244
0.000048
-0.000037
0.000004
0.000132
0.000339
0.000523
0.000560
0.000493
0.000422
0.000360
0.000286
0.000205
0.000109
0.000006
-0.000005
0.000136
0.000294
0.000293
0.000160
0.000049
0.000021
-0.000004
-0.000116
-0.000304
-0.000451
-0.000504
-0.000549
-0.000625
-0.000647
-0.000598
-0.000560
-0.000539
-0.000479
-0.000389
-0.000301
-0.000178
0.000021
0.000230
0.000337
0.000314
0.000227
0.000190
0.000247
0.000283
0.000227
0.000181
0.000243
0.000358
0.000409
0.000341
0.000192
0.000067
0.000048
0.000083
0.000022
-0.000111
-0.000131
-0.000100
-0.000259
-0.000504
-0.000533
-0.000366
-0.000234
-0.000196
-0.000163
-0.000052
0.000120
0.000248
0.000283
0.000332
0.000483
0.000620
0.000571
0.000367
0.000181
0.000107
0.000117
0.000140
0.000101
-0.000015
-0.000141
-0.000209
-0.000235
-0.000265
-0.000298
-0.000287
-0.000229
-0.000184
-0.000208
-0.000275
-0.000302
-0.000244
-0.000128
0.000008
0.000132
0.000194
0.000193
0.000189
0.000204
0.000180
0.000077
-0.000030
-0.000034
0.000045
0.000101
0.000084
0.000010
-0.000082
-0.000111
-0.000056
-0.000013
-0.000022
-0.000019
-0.000027
-0.000151
-0.000356
-0.000528
-0.000649
-0.000708
-0.000594
-0.000307
-0.000034
0.000124
0.000217
0.000227
0.000094
-0.000081
-0.000091
0.000118
0.000402
0.000626
0.000749
0.000751
0.000667
0.000585
0.000512
0.000374
0.000171
0.000008
-0.000016
0.000133
0.000403
0.000647
0.000707
0.000565
0.000337
0.000083
-0.000231
-0.000572
-0.000831
-0.000956
-0.000958
-0.000834
-0.000615
-0.000421
-0.000347
-0.000372
-0.000448
-0.000542
-0.000576
-0.000463
-0.000230
0.000018
0.000233
0.000412
0.000495
0.000428
0.000271
0.000134
0.000087
0.000143
0.000244
0.000327
0.000378
0.000394
0.000361
0.000260
0.000076
-0.000135
-0.000262
-0.000281
-0.000262
-0.000259
-0.000233
-0.000118
0.000067
0.000204
0.000189
0.000069
-0.000013
-0.000036
-0.000062
-0.000056
0.000029
0.000107
0.000138
0.000230
0.000397
0.000437
0.000246
0.000036
0.000001
0.000035
-0.000023
-0.000132
-0.000177
-0.000142
-0.000089
-0.000098
-0.000189
-0.000322
-0.000432
-0.000432
-0.000323
-0.000200
-0.000097
-0.000026
0.000013
0.000162
0.000462
0.000641
0.000512
0.000237
0.000028
-0.000088
-0.000161
-0.000192
-0.000154
-0.000062
0.000032
0.000100
0.000104
-0.000009
-0.000186
-0.000260
-0.000163
-0.000057
-0.000087
-0.000178
-0.000174
-0.000044
0.000123
0.000227
0.000240
0.000212
0.000181
0.000127
0.000043
-0.000056
-0.000220
-0.000465
-0.000648
-0.000660
-0.000581
-0.000470
-0.000300
-0.000124
-0.000005
0.000099
0.000203
0.000226
0.000127
-0.000010
-0.000065
0.000025
0.000242
0.000526
0.000814
0.001046
0.001163
0.001124
0.000911
0.000566
0.000181
-0.000116
-0.000186
-0.000012
0.000242
0.000432
0.000520
0.000487
0.000316
0.000001
-0.000444
-0.000916
-0.001249
-0.001329
-0.001158
-0.000823
-0.000480
-0.000277
-0.000232
-0.000274
-0.000376
-0.000531
-0.000701
-0.000810
-0.000723
-0.000346
0.000215
0.000697
0.000898
0.000843
0.000708
0.000548
0.000285
-0.000031
-0.000185
-0.000074
0.000206
0.000507
0.000718
0.000774
0.000620
0.000264
-0.000149
-0.000434
-0.000519
-0.000454
-0.000290
-0.000040
0.000258
0.000485
0.000499
0.000246
-0.000178
-0.000555
-0.000673
-0.000511
-0.000240
-0.000010
0.000183
0.000391
0.000546
0.000484
0.000149
-0.000260
-0.000454
-0.000414
-0.000873
-0.003161
-0.006365
-0.005580
0.001943
0.010210
0.010840
0.004756
0.000785
0.003197
0.006444
0.003388
-0.005016
-0.010758
-0.008639
-0.002627
-0.000600
-0.004340
-0.007974
-0.006174
-0.000623
0.002892
0.001827
-0.000494
0.000485
0.004633
0.007227
0.005179
0.001353
0.000768
0.003809
0.006028
0.004230
0.000143
-0.002230
-0.001285
0.000650
0.000224
-0.002538
-0.003928
-0.001650
0.001508
0.001209
-0.002553
-0.005915
-0.007097
-0.008697
-0.012666
-0.015579
-0.012140
-0.002889
0.005417
0.008445
0.009482
0.013196
0.017867
0.017936
0.011868
0.003983
0.000089
0.002688
0.008349
0.010393
0.006781
0.002688
0.002077
0.001292
-0.004532
-0.013586
-0.020302
-0.021742
-0.018255
-0.012171
-0.007192
-0.005299
-0.004595
-0.003027
-0.001899
-0.002837
-0.004297
-0.003809
-0.001032
0.003305
0.008906
0.014702
0.018281
0.018136
0.015334
0.012075
0.009457
0.007179
0.004626
0.001745
-0.000579
-0.001120
-0.000309
-0.000886
-0.004625
-0.009510
-0.012599
-0.013817
-0.014352
-0.014013
-0.012402
-0.009884
-0.006471
-0.002349
0.001089
0.002883
0.003684
0.004180
0.004635
0.005939
0.008358
0.010183
0.010251
0.009933
0.010320
0.010023
0.007606
0.003625
-0.000532
-0.003673
-0.005095
-0.005444
-0.006058
-0.006852
-0.006760
-0.005993
-0.005640
-0.005771
-0.005819
-0.005583
-0.004677
-0.002666
-0.000177
0.001739
0.002987
0.003988
0.004766
0.005176
0.005110
0.004346
0.003141
0.002469
0.002695
0.002943
0.002517
0.001717
0.000901
0.000066
-0.000742
-0.001598
-0.002687
-0.003654
-0.003838
-0.003241
-0.002505
-0.002124
-0.002131
-0.002196
-0.001910
-0.001313
-0.000917
-0.000879
-0.000543
0.000819
0.002936
0.004511
0.004561
0.003337
0.001864
0.001390
0.002342
0.002721
0.000339
-0.002464
-0.001491
0.001820
0.002465
0.000098
-0.001800
-0.002068
-0.002540
-0.007157
-0.019859
-0.034599
-0.033530
-0.010917
0.011692
0.016319
0.017519
0.032809
0.047807
0.042493
0.025942
0.014797
0.005477
-0.007178
-0.013189
-0.008182
-0.004549
-0.010628
-0.019518
-0.023229
-0.022560
-0.022618
-0.027289
-0.034590
-0.035117
-0.022621
-0.004685
0.007426
0.014974
0.024700
0.033231
0.034285
0.031804
0.030385
0.024925
0.013464
0.005543
0.006676
0.009419
0.006462
-0.001059
-0.009523
-0.016331
-0.020246
-0.024042
-0.030611
-0.035425
-0.032016
-0.022563
-0.013113
-0.003972
0.005885
0.013016
0.016029
0.019010
0.023361
0.024917
0.021679
0.017291
0.015715
0.016273
0.014509
0.007769
-0.001203
-0.008566
-0.014300
-0.019428
-0.022835
-0.023606
-0.022123
-0.018246
-0.011875
-0.004609
0.000967
0.003559
0.004717
0.007043
0.010384
0.012244
0.011920
0.011198
0.011283
0.011229
0.009293
0.005133
0.000096
-0.004504
-0.007986
-0.009686
-0.009554
-0.008506
-0.007052
-0.004728
-0.001507
0.001319
0.002259
0.001361
0.000296
0.000313
0.000894
0.001035
0.000729
0.000524
0.000504
0.000419
0.000300
0.000236
0.000084
0.000045
0.000661
0.001911
0.003066
0.003460
0.003139
0.002682
0.002176
0.001120
-0.000374
-0.001577
-0.002237
-0.002717
-0.003533
-0.004633
-0.005182
-0.004741
-0.003681
-0.002358
-0.001035
0.000069
0.001169
0.002488
0.003640
0.004189
0.004301
0.004276
0.004128
0.003754
0.002998
0.001673
-0.000666
-0.005620
-0.015446
-0.027588
-0.030723
-0.016537
0.004240
0.014285
0.017054
0.028020
0.042669
0.042413
0.027350
0.013880
0.005676
-0.005817
-0.018420
-0.021991
-0.018844
-0.019474
-0.022958
-0.020658
-0.013909
-0.011893
-0.016928
-0.022317
-0.021002
-0.012227
-0.001657
0.005936
0.013196
0.023966
0.033925
0.036439
0.033308
0.029423
0.022569
0.009984
-0.001852
-0.006313
-0.007787
-0.012385
-0.016813
-0.016202
-0.013379
-0.013155
-0.015474
-0.017808
-0.018379
-0.016460
-0.012955
-0.008966
-0.003227
0.005326
0.014101
0.020381
0.024640
0.026822
0.024956
0.019558
0.013731
0.008544
0.002716
-0.003917
-0.009452
-0.012165
-0.012997
-0.014448
-0.016504
-0.016882
-0.015179
-0.012719
-0.009682
-0.005509
-0.000486
0.004439
0.008500
0.011608
0.013672
0.013785
0.011702
0.008904
0.006474
0.003868
0.000697
-0.002225
-0.003893
-0.004373
-0.004687
-0.005245
-0.005318
-0.004625
-0.003919
-0.003420
-0.002328
-0.000465
0.001161
0.001992
0.002565
0.003127
0.003112
0.002138
0.000582
-0.000818
-0.001789
-0.002593
-0.003090
-0.002719
-0.001527
-0.000113
0.001234
0.002605
0.003914
0.004698
0.004548
0.003691
0.002740
0.001768
0.000395
-0.001239
-0.002534
-0.003280
-0.003868
-0.004632
-0.005032
-0.004226
-0.002603
-0.001450
-0.000953
0.000114
0.002135
0.003372
0.002891
0.002696
0.003441
0.002593
0.000440
0.000430
0.002180
0.001891
-0.000890
-0.002274
-0.000315
0.001418
-0.000161
-0.002480
-0.003036
-0.004902
-0.011436
-0.020194
-0.024871
-0.019150
-0.002472
0.014445
0.021551
0.025468
0.035796
0.043988
0.037134
0.021500
0.010558
0.001475
-0.014294
-0.029325
-0.031518
-0.025965
-0.024963
-0.026762
-0.022804
-0.015061
-0.010825
-0.010442
-0.009742
-0.006982
-0.002980
0.001718
0.008238
0.018040
0.028906
0.034703
0.033376
0.030642
0.029662
0.024320
0.010688
-0.004066
-0.013010
-0.019001
-0.024960
-0.027014
-0.023586
-0.019485
-0.017362
-0.014645
-0.010043
-0.005724
-0.003339
-0.002553
-0.001841
0.001063
0.006334
0.010966
0.014138
0.018614
0.023491
0.024132
0.021068
0.018344
0.014448
0.005753
-0.005268
-0.013435
-0.017483
-0.019787
-0.022200
-0.022776
-0.018969
-0.013307
-0.009381
-0.005719
-0.000416
0.004342
0.006647
0.007980
0.010504
0.013668
0.014445
0.012067
0.009560
0.008175
0.005634
0.001249
-0.002931
-0.005642
-0.007325
-0.008478
-0.008492
-0.006575
-0.003825
-0.002044
-0.000687
0.001634
0.003926
0.004323
0.002973
0.001392
0.000363
-0.000622
-0.002104
-0.003436
-0.003755
-0.003376
-0.002868
-0.001904
-0.000143
0.001771
0.002947
0.003571
0.004544
0.005732
0.005996
0.005025
0.003613
0.002236
0.000594
-0.001420
-0.003195
-0.004347
-0.005377
-0.006679
-0.007685
-0.007083
-0.004238
-0.001192
-0.000475
-0.000704
0.001074
0.004358
0.006397
0.005981
0.004559
0.004042
0.004023
0.003263
0.002288
0.001623
0.000022
-0.003753
-0.009419
-0.015178
-0.018830
-0.020187
-0.019010
-0.011187
0.004000
0.017935
0.025040
0.030691
0.038019
0.039942
0.031465
0.018339
0.006742
-0.005383
-0.019561
-0.029771
-0.031942
-0.030628
-0.029819
-0.027027
-0.020543
-0.013164
-0.007603
-0.004417
-0.002723
-0.000655
0.002722
0.006495
0.010181
0.015088
0.021529
0.026756
0.028781
0.029159
0.028244
0.022813
0.012388
0.001416
-0.007721
-0.016515
-0.024478
-0.028800
-0.028935
-0.026378
-0.021817
-0.015624
-0.009259
-0.004064
-0.000101
0.002754
0.004614
0.006453
0.008650
0.010169
0.011330
0.014062
0.017795
0.019580
0.018746
0.016629
0.012755
0.006073
-0.001995
-0.009707
-0.017755
-0.026091
-0.030506
-0.026967
-0.017822
-0.009326
-0.003561
0.002981
0.011730
0.018241
0.018888
0.015598
0.011598
0.007531
0.003047
-0.000760
-0.002403
-0.002832
-0.004213
-0.005793
-0.005043
-0.002642
-0.001779
-0.002987
-0.003649
-0.002146
0.000231
0.001642
0.002307
0.003279
0.004031
0.003662
0.002696
0.001680
0.000010
-0.002661
-0.005302
-0.006569
-0.006349
-0.005616
-0.004802
-0.003087
0.000104
0.003774
0.006528
0.008078
0.008742
0.008473
0.007058
0.004765
0.002104
-0.000825
-0.003950
-0.006449
-0.007376
-0.006932
-0.006090
-0.005157
-0.003729
-0.001736
0.000273
0.001637
0.002230
0.002519
0.002852
0.003209
0.003517
0.003610
0.003281
0.002477
0.001368
0.000476
0.000125
-0.000307
-0.001617
-0.003355
-0.004046
-0.003076
-0.002416
-0.006047
-0.015330
-0.024045
-0.022627
-0.010738
0.000494
0.004736
0.010243
0.023933
0.037582
0.041736
0.039717
0.036687
0.028730
0.012776
-0.004461
-0.016196
-0.024728
-0.033970
-0.041372
-0.042807
-0.038394
-0.030230
-0.020307
-0.011299
-0.004518
0.001315
0.006532
0.009846
0.011911
0.014478
0.016902
0.017916
0.018869
0.021513
0.024808
0.026597
0.025702
0.021036
0.012553
0.003177
-0.004652
-0.012633
-0.022205
-0.030155
-0.033295
-0.032799
-0.030173
-0.024388
-0.015746
-0.007356
-0.001013
0.004467
0.010128
0.015075
0.017845
0.017777
0.015839
0.014549
0.015107
0.015471
0.013806
0.011408
0.009459
0.006504
0.001802
-0.002885
-0.006809
-0.011457
-0.017092
-0.021560
-0.023073
-0.021753
-0.018643
-0.014705
-0.010272
-0.005252
-0.000714
0.001957
0.005371
0.013545
0.022827
0.025898
0.024104
0.023376
0.023851
0.021974
0.014963
0.003349
-0.007554
-0.014741
-0.020897
-0.026285
-0.028144
-0.026763
-0.023308
-0.017557
-0.009956
-0.000969
0.008046
0.013855
0.016008
0.017064
0.017206
0.015088
0.010750
0.004847
-0.000787
-0.004164
-0.006031
-0.007440
-0.007439
-0.005917
-0.004078
-0.002311
-0.000349
0.002122
0.004656
0.005469
0.004196
0.003260
0.003911
0.004311
0.002667
-0.000515
-0.003279
-0.004610
-0.005633
-0.007242
-0.008275
-0.007758
-0.006296
-0.004252
-0.001051
0.003204
0.006954
0.008810
0.009243
0.009521
0.009506
0.007845
0.004185
-0.000146
-0.003694
-0.006031
-0.008445
-0.013777
-0.021961
-0.026110
-0.019760
-0.007706
-0.000318
0.002503
0.009648
0.022199
0.031906
0.034682
0.033736
0.030744
0.023449
0.011996
0.000546
-0.008395
-0.016200
-0.024443
-0.032231
-0.036269
-0.033287
-0.024741
-0.016851
-0.012820
-0.008992
-0.002050
0.005245
0.009178
0.010568
0.011583
0.011800
0.010630
0.010031
0.011927
0.015180
0.016958
0.015877
0.013420
0.012426
0.012928
0.010836
0.003595
-0.005442
-0.011881
-0.016084
-0.020310
-0.023744
-0.024404
-0.022853
-0.020457
-0.016470
-0.009757
-0.001573
0.005382
0.009633
0.011973
0.014407
0.017514
0.019030
0.016871
0.012691
0.009676
0.008113
0.006171
0.003517
0.001144
-0.000990
-0.003604
-0.006375
-0.008367
-0.009444
-0.010368
-0.011951
-0.013878
-0.014342
-0.012093
-0.008579
-0.006036
-0.004239
-0.001817
0.000963
0.003931
0.008155
0.012913
0.016223
0.017970
0.018673
0.018733
0.018546
0.016020
0.009268
0.000916
-0.006169
-0.012066
-0.016963
-0.021003
-0.024088
-0.024367
-0.021154
-0.016120
-0.009947
-0.002820
0.003837
0.009399
0.014098
0.017310
0.018521
0.017485
0.013802
0.008649
0.003993
0.000050
-0.003635
-0.006790
-0.008882
-0.009087
-0.007275
-0.004852
-0.002753
-0.000680
0.001254
0.002628
0.003495
0.003831
0.003449
0.002336
0.000710
-0.000706
-0.001331
-0.001720
-0.002644
-0.003814
-0.004348
-0.003841
-0.002789
-0.001910
-0.001054
0.000278
0.001846
0.003254
0.004490
0.005412
0.005789
0.005132
0.001939
-0.004813
-0.012183
-0.014280
-0.010275
-0.007026
-0.008097
-0.007159
0.000992
0.011649
0.018407
0.021725
0.024429
0.025302
0.021885
0.015435
0.008726
0.001701
-0.007203
-0.017410
-0.025884
-0.029549
-0.028157
-0.024879
-0.022328
-0.018876
-0.011863
-0.002646
0.005175
0.010349
0.013704
0.015457
0.015321
0.013978
0.012558
0.011105
0.008854
0.005755
0.002980
0.002160
0.003622
0.005097
0.004165
0.001873
0.000834
0.000689
-0.000944
-0.004309
-0.007751
-0.010711
-0.013538
-0.015517
-0.015516
-0.013804
-0.011564
-0.009157
-0.005836
-0.000910
0.005124
0.010488
0.013636
0.015018
0.016164
0.016971
0.015878
0.012617
0.008501
0.004362
0.000147
-0.003903
-0.007095
-0.009106
-0.010291
-0.011130
-0.011457
-0.010502
-0.008148
-0.005696
-0.004416
-0.003770
-0.002387
-0.000473
0.000480
0.000346
0.000546
0.001689
0.003545
0.006187
0.009050
0.011162
0.012608
0.013489
0.013394
0.012261
0.009442
0.004352
-0.001555
-0.006828
-0.011622
-0.015743
-0.018629
-0.020121
-0.019405
-0.016005
-0.011046
-0.005399
0.000796
0.006721
0.011635
0.015291
0.016910
0.016091
0.013562
0.009944
0.005695
0.001522
-0.002320
-0.005668
-0.007912
-0.008783
-0.008426
-0.007042
-0.005186
-0.003218
-0.000950
0.001362
0.003080
0.004039
0.004256
0.003784
0.002996
0.002093
0.000887
-0.000623
-0.002164
-0.003446
-0.004221
-0.004426
-0.004074
-0.003099
-0.001630
-0.000104
0.000639
-0.000621
-0.003375
-0.004119
-0.001151
0.001721
0.001263
0.000400
0.002854
0.007019
0.009231
0.009464
0.010251
0.011700
0.011430
0.009015
0.006324
0.003811
0.000249
-0.004687
-0.009989
-0.014251
-0.016510
-0.017248
-0.017707
-0.017637
-0.015481
-0.011000
-0.005848
-0.001301
0.003096
0.007970
0.012394
0.015021
0.016014
0.016275
0.015707
0.013674
0.010257
0.006350
0.002834
-0.000282
-0.003468
-0.006427
-0.008360
-0.009188
-0.009391
-0.009163
-0.008391
-0.007048
-0.005379
-0.003772
-0.002405
-0.001161
0.000041
0.001106
0.001927
0.002546
0.003168
0.003890
0.004455
0.004727
0.005021
0.005470
0.005688
0.005363
0.004517
0.003219
0.001555
-0.000294
-0.002185
-0.004067
-0.005862
-0.007321
-0.008120
-0.008207
-0.007743
-0.006793
-0.005422
-0.003880
-0.002349
-0.000681
0.001461
0.004102
0.006661
0.008496
0.009625
0.010400
0.010791
0.010315
0.008576
0.005939
0.003191
0.000428
-0.002714
-0.005960
-0.008674
-0.010617
-0.011723
-0.011896
-0.011100
-0.009279
-0.006610
-0.003607
-0.000570
0.002451
0.005166
0.007219
0.008498
0.008948
0.008636
0.007755
0.006264
0.004181
0.001984
0.000013
-0.001839
-0.003558
-0.004826
-0.005353
-0.005160
-0.004632
-0.004026
-0.003108
-0.001724
-0.000235
0.000977
0.001864
0.002526
0.002978
0.003088
0.002770
0.002182
0.001474
0.000580
-0.000443
-0.001288
-0.001982
-0.003203
-0.005336
-0.007216
-0.006987
-0.004769
-0.002629
-0.001252
0.000749
0.003774
0.006397
0.007976
0.009483
0.011182
0.011642
0.010044
0.007630
0.005598
0.003345
-0.000049
-0.004254
-0.008261
-0.011170
-0.012477
-0.012600
-0.012441
-0.011883
-0.010023
-0.006993
-0.003856
-0.000945
0.002059
0.004865
0.006883
0.008298
0.009569
0.010341
0.009991
0.008653
0.006896
0.005033
0.003058
0.000786
-0.001795
-0.004116
-0.005513
-0.006115
-0.006559
-0.006922
-0.006697
-0.005663
-0.004130
-0.002524
-0.001100
0.000189
0.001540
0.002899
0.003983
0.004634
0.004841
0.004610
0.004080
0.003496
0.002895
0.002069
0.000955
-0.000204
-0.001148
-0.001801
-0.002258
-0.002720
-0.003275
-0.003688
-0.003716
-0.003522
-0.003418
-0.003354
-0.003014
-0.002284
-0.001347
-0.000457
0.000221
0.000799
0.001688
0.003044
0.004421
0.005380
0.005936
0.006166
0.005966
0.005336
0.004503
0.003561
0.002234
0.000308
-0.001856
-0.003644
-0.004914
-0.006037
-0.007159
-0.007792
-0.007479
-0.006438
-0.005082
-0.003465
-0.001580
0.000321
0.001941
0.003187
0.004188
0.005030
0.005535
0.005467
0.004897
0.004160
0.003448
0.002591
0.001393
0.000044
-0.001088
-0.001937
-0.002681
-0.003271
-0.003495
-0.003403
-0.003164
-0.002715
-0.001963
-0.001035
-0.000142
0.000603
0.001196
0.001668
0.001978
0.001903
0.001112
-0.000370
-0.001838
-0.002494
-0.002398
-0.002198
-0.001981
-0.001300
-0.000212
0.000873
0.002124
0.003839
0.005439
0.006079
0.005895
0.005579
0.005076
0.003803
0.001802
-0.000345
-0.002272
-0.003792
-0.004805
-0.005554
-0.006299
-0.006796
-0.006700
-0.006145
-0.005354
-0.004233
-0.002799
-0.001249
0.000498
0.002552
0.004549
0.006045
0.007010
0.007557
0.007616
0.007081
0.005935
0.004226
0.002159
0.000041
-0.002028
-0.004086
-0.005865
-0.006940
-0.007264
-0.007076
-0.006477
-0.005461
-0.004035
-0.002174
0.000002
0.002116
0.003898
0.005348
0.006407
0.006893
0.006778
0.006188
0.005233
0.003962
0.002420
0.000709
-0.001022
-0.002645
-0.004110
-0.005343
-0.006140
-0.006367
-0.006192
-0.005812
-0.005157
-0.004153
-0.002918
-0.001467
0.000243
0.001960
0.003398
0.004591
0.005558
0.006052
0.006051
0.005923
0.005733
0.005016
0.003688
0.002316
0.001141
-0.000197
-0.001784
-0.003257
-0.004394
-0.005159
-0.005476
-0.005372
-0.005031
-0.004583
-0.003995
-0.003168
-0.002058
-0.000762
0.000536
0.001736
0.002852
0.003843
0.004529
0.004710
0.004410
0.003895
0.003286
0.002418
0.001271
0.000096
-0.000898
-0.001638
-0.002132
-0.002488
-0.002759
-0.002809
-0.002561
-0.002244
-0.002101
-0.002056
-0.002022
-0.002172
-0.002400
-0.002039
-0.000740
0.000851
0.001951
0.002612
0.003228
0.003775
0.004121
0.004345
0.004342
0.003879
0.003203
0.002744
0.002290
0.001356
0.000039
-0.001247
-0.002368
-0.003239
-0.003733
-0.004026
-0.004350
-0.004534
-0.004389
-0.004114
-0.003819
-0.003266
-0.002351
-0.001244
-0.000035
0.001226
0.002362
0.003306
0.004176
0.004909
0.005209
0.004993
0.004499
0.003836
0.002869
0.001573
0.000142
-0.001186
-0.002207
-0.002863
-0.003250
-0.003443
-0.003456
-0.003290
-0.002880
-0.002200
-0.001476
-0.000978
-0.000614
-0.000086
0.000621
0.001258
0.001677
0.001872
0.001957
0.002120
0.002317
0.002240
0.001816
0.001315
0.000916
0.000574
0.000207
-0.000307
-0.001017
-0.001676
-0.002031
-0.002251
-0.002565
-0.002753
-0.002519
-0.002043
-0.001631
-0.001186
-0.000497
0.000308
0.000973
0.001491
0.001973
0.002390
0.002656
0.002790
0.002861
0.002821
0.002565
0.002144
0.001686
0.001183
0.000574
-0.000132
-0.000898
-0.001673
-0.002325
-0.002768
-0.003059
-0.003220
-0.003174
-0.002934
-0.002657
-0.002411
-0.002078
-0.001560
-0.000891
-0.000133
0.000664
0.001458
0.002194
0.002779
0.003149
0.003341
0.003366
0.003161
0.002732
0.002139
0.001414
0.000654
-0.000027
-0.000609
-0.001104
-0.001526
-0.001906
-0.002261
-0.002638
-0.003042
-0.003258
-0.003033
-0.002371
-0.001530
-0.000803
-0.000287
0.000199
0.000837
0.001584
0.002229
0.002583
0.002668
0.002702
0.002806
0.002803
0.002432
0.001738
0.001021
0.000475
0.000043
-0.000427
-0.000927
-0.001281
-0.001448
-0.001621
-0.001948
-0.002355
-0.002596
-0.002494
-0.002187
-0.001955
-0.001769
-0.001322
-0.000524
0.000342
0.001005
0.001472
0.001868
0.002201
0.002345
0.002235
0.001995
0.001736
0.001414
0.000970
0.000450
-0.000004
-0.000261
-0.000387
-0.000559
-0.000772
-0.000916
-0.000996
-0.001046
-0.001028
-0.000953
-0.000910
-0.000906
-0.000839
-0.000681
-0.000495
-0.000306
-0.000077
0.000189
0.000457
0.000681
0.000799
0.000776
0.000698
0.000670
0.000703
0.000795
0.000910
0.000905
0.000679
0.000268
-0.000201
-0.000553
-0.000684
-0.000687
-0.000732
-0.000836
-0.000843
-0.000671
-0.000423
-0.000217
-0.000058
0.000089
0.000208
0.000242
0.000239
0.000314
0.000405
0.000297
-0.000036
-0.000328
-0.000354
-0.000216
-0.000124
-0.000069
0.000095
0.000372
0.000621
0.000698
0.000536
0.000183
-0.000284
-0.000919
-0.001771
-0.002464
-0.002358
-0.001458
-0.000520
0.000011
0.000405
0.000920
0.001461
0.001902
0.002132
0.002034
0.001775
0.001724
0.001814
0.001553
0.000900
0.000358
0.000145
0.000061
-0.000037
-0.000207
-0.000466
-0.000705
-0.000923
-0.001336
-0.001949
-0.002427
-0.002556
-0.002404
-0.002106
-0.001757
-0.001334
-0.000673
0.000209
0.000946
0.001287
0.001415
0.001540
0.001577
0.001422
0.001149
0.000882
0.000729
0.000702
0.000663
0.000499
0.000279
0.000127
0.000095
0.000143
0.000153
0.000049
-0.000074
-0.000110
-0.000157
-0.000340
-0.000568
-0.000659
-0.000552
-0.000342
-0.000187
-0.000184
-0.000282
-0.000352
-0.000354
-0.000379
-0.000496
-0.000628
-0.000663
-0.000602
-0.000526
-0.000504
-0.000493
-0.000321
0.000097
0.000547
0.000775
0.000831
0.000920
0.001010
0.000894
0.000585
0.000360
0.000351
0.000365
0.000211
-0.000025
-0.000139
-0.000051
0.000165
0.000352
0.000380
0.000291
0.000196
0.000073
-0.000161
-0.000458
-0.000675
-0.000733
-0.000670
-0.000585
-0.000521
-0.000468
-0.000437
-0.000439
-0.000415
-0.000298
-0.000103
0.000082
0.000225
0.000374
0.000511
0.000553
0.000500
0.000431
0.000409
0.000453
0.000495
0.000398
0.000079
-0.000412
-0.000848
-0.000968
-0.000795
-0.000589
-0.000437
-0.000224
0.000079
0.000349
0.000475
0.000463
0.000393
0.000326
0.000312
0.000373
0.000422
0.000350
0.000192
0.000062
0.000010
0.000032
0.000126
0.000230
0.000207
0.000033
-0.000154
-0.000256
-0.000316
-0.000417
-0.000537
-0.000591
-0.000586
-0.000581
-0.000538
-0.000370
-0.000071
0.000226
0.000392
0.000483
0.000624
0.000745
0.000683
0.000481
0.000346
0.000362
0.000387
0.000280
0.000074
-0.000150
-0.000365
-0.000534
-0.000632
-0.000714
-0.000793
-0.000777
-0.000618
-0.000385
-0.000154
0.000070
0.000296
0.000514
0.000696
0.000816
0.000859
0.000812
0.000675
0.000473
0.000221
-0.000049
-0.000255
-0.000368
-0.000480
-0.000666
-0.000856
-0.000911
-0.000794
-0.000622
-0.000503
-0.000400
-0.000238
-0.000041
0.000121
0.000229
0.000318
0.000401
0.000455
0.000482
0.000487
0.000462
0.000441
0.000436
0.000371
0.000231
0.000116
0.000085
0.000103
0.000107
0.000022
-0.000157
-0.000319
-0.000408
-0.000471
-0.000538
-0.000593
-0.000584
-0.000469
-0.000315
-0.000200
-0.000082
0.000059
0.000083
-0.000133
-0.000408
-0.000383
-0.000005
0.000389
0.000558
0.000609
0.000691
0.000761
0.000733
0.000669
0.000637
0.000598
0.000552
0.000495
0.000316
-0.000002
-0.000285
-0.000454
-0.000612
-0.000785
-0.000838
-0.000709
-0.000491
-0.000309
-0.000249
-0.000287
-0.000279
-0.000145
0.000015
0.000108
0.000173
0.000278
0.000415
0.000522
0.000558
0.000504
0.000329
0.000066
-0.000124
-0.000126
-0.000049
-0.000044
-0.000069
-0.000022
0.000066
0.000126
0.000149
0.000175
0.000286
0.000474
0.000580
0.000537
0.000461
0.000390
0.000237
0.000015
-0.000136
-0.000169
-0.000180
-0.000259
-0.000371
-0.000445
-0.000498
-0.000577
-0.000657
-0.000725
-0.000823
-0.000958
-0.001083
-0.001093
-0.000884
-0.000565
-0.000380
-0.000335
-0.000234
-0.000025
0.000187
0.000359
0.000507
0.000592
0.000585
0.000515
0.000442
0.000440
0.000498
0.000498
0.000389
0.000271
0.000245
0.000281
0.000251
0.000129
0.000026
0.000030
0.000106
0.000147
0.000100
0.000025
0.000013
0.000079
0.000184
0.000268
0.000242
0.000107
-0.000015
-0.000062
-0.000094
-0.000148
-0.000162
-0.000097
-0.000015
-0.000002
-0.000034
-0.000033
-0.000001
-0.000001
-0.000055
-0.000135
-0.000202
-0.000227
-0.000238
-0.000263
-0.000242
-0.000099
0.000124
0.000293
0.000346
0.000356
0.000396
0.000415
0.000361
0.000267
0.000153
-0.000008
-0.000176
-0.000279
-0.000341
-0.000435
-0.000523
-0.000509
-0.000434
-0.000388
-0.000313
-0.000163
-0.000043
0.000010
0.000130
0.000354
0.000468
0.000339
0.000173
0.000205
0.000371
0.000451
0.000372
0.000220
0.000075
-0.000040
-0.000122
-0.000187
-0.000251
-0.000298
-0.000316
-0.000345
-0.000392
-0.000388
-0.000302
-0.000192
-0.000120
-0.000076
-0.000015
0.000077
0.000171
0.000234
0.000263
0.000269
0.000258
0.000232
0.000177
0.000075
-0.000041
-0.000085
-0.000075
-0.000119
-0.000221
-0.000279
-0.000273
-0.000252
-0.000200
-0.000085
0.000048
0.000173
0.000320
0.000453
0.000478
0.000407
0.000318
0.000211
0.000037
-0.000167
-0.000299
-0.000313
-0.000255
-0.000164
-0.000016
0.000123
0.000043
-0.000262
-0.000466
-0.000395
-0.000231
-0.000127
-0.000035
0.000081
0.000154
0.000121
0.000049
0.000071
0.000183
0.000263
0.000287
0.000315
0.000304
0.000205
0.000115
0.000115
0.000115
0.000045
0.000011
0.000101
0.000212
0.000212
0.000117
0.000020
-0.000055
-0.000135
-0.000240
-0.000352
-0.000398
-0.000349
-0.000278
-0.000241
-0.000188
-0.000081
0.000036
0.000115
0.000164
0.000187
0.000179
0.000179
0.000225
0.000278
0.000270
0.000186
0.000084
0.000034
0.000028
0.000008
-0.000071
-0.000203
-0.000299
-0.000302
-0.000301
-0.000404
-0.000563
-0.000621
-0.000507
-0.000333
-0.000221
-0.000105
0.000131
0.000406
0.000547
0.000559
0.000596
0.000698
0.000756
0.000690
0.000517
0.000302
0.000088
-0.000118
-0.000290
-0.000415
-0.000516
-0.000574
-0.000571
-0.000556
-0.000541
-0.000492
-0.000407
-0.000267
-0.000063
0.000134
0.000265
0.000370
0.000476
0.000525
0.000492
0.000406
0.000286
0.000163
0.000069
-0.000034
-0.000170
-0.000276
-0.000347
-0.000464
-0.000592
-0.000590
-0.000458
-0.000325
-0.000201
-0.000000
0.000229
0.000358
0.000380
0.000354
0.000310
0.000311
0.000402
0.000529
0.000598
0.000542
0.000370
0.000184
0.000057
-0.000047
-0.000199
-0.000377
-0.000479
-0.000477
-0.000437
-0.000391
-0.000343
-0.000314
-0.000299
-0.000264
-0.000157
0.000047
0.000261
0.000380
0.000423
0.000456
0.000450
0.000344
0.000209
0.000167
0.000171
0.000090
-0.000054
-0.000134
-0.000156
-0.000237
-0.000363
-0.000383
-0.000250
-0.000099
-0.000084
-0.000156
-0.000105
0.000071
0.000108
-0.000050
-0.000126
-0.000012
0.000117
0.000212
0.000353
0.000496
0.000569
0.000567
0.000482
0.000337
0.000195
0.000056
-0.000122
-0.000315
-0.000471
-0.000583
-0.000673
-0.000743
-0.000793
-0.000838
-0.000859
-0.000783
-0.000551
-0.000195
0.000189
0.000508
0.000700
0.000717
0.000584
0.000428
0.000362
0.000363
0.000338
0.000281
0.000256
0.000245
0.000158
0.000005
-0.000112
-0.000155
-0.000182
-0.000270
-0.000402
-0.000464
-0.000391
-0.000252
-0.000142
-0.000072
0.000000
0.000106
0.000206
0.000250
0.000310
0.000476
0.000639
0.000627
0.000474
0.000326
0.000194
0.000008
-0.000185
-0.000297
-0.000377
-0.000509
-0.000619
-0.000571
-0.000411
-0.000304
-0.000258
-0.000128
0.000111
0.000306
0.000358
0.000341
0.000368
0.000424
0.000394
0.000266
0.000175
0.000188
0.000189
0.000055
-0.000154
-0.000295
-0.000349
-0.000415
-0.000490
-0.000448
-0.000292
-0.000184
-0.000185
-0.000193
-0.000114
0.000075
0.000313
0.000441
0.000393
0.000289
0.000216
0.000150
0.000102
0.000118
0.000183
0.000239
0.000224
0.000115
-0.000039
-0.000155
-0.000181
-0.000159
-0.000210
-0.000343
-0.000402
-0.000291
-0.000124
-0.000041
-0.000021
0.000002
0.000006
-0.000014
0.000015
0.000107
0.000170
0.000154
0.000103
0.000077
0.000092
0.000114
0.000103
0.000042
-0.000036
-0.000061
-0.000028
-0.000046
-0.000159
-0.000257
-0.000262
-0.000239
-0.000259
-0.000273
-0.000218
-0.000144
-0.000101
-0.000038
0.000081
0.000211
0.000315
0.000394
0.000454
0.000495
0.000505
0.000467
0.000350
0.000180
0.000059
0.000012
-0.000076
-0.000266
-0.000431
-0.000415
-0.000341
-0.000504
-0.000819
-0.000875
-0.000625
-0.000408
-0.000322
-0.000145
0.000197
0.000515
0.000672
0.000740
0.000813
0.000844
0.000806
0.000753
0.000652
0.000443
0.000220
0.000078
-0.000088
-0.000346
-0.000509
-0.000451
-0.000366
-0.000400
-0.000421
-0.000347
-0.000282
-0.000247
-0.000168
-0.000068
-0.000015
-0.000030
-0.000084
-0.000107
-0.000050
0.000033
0.000078
0.000116
0.000196
0.000282
0.000304
0.000239
0.000104
-0.000045
-0.000115
-0.000094
-0.000072
-0.000112
-0.000176
-0.000206
-0.000228
-0.000269
-0.000236
-0.000062
0.000127
0.000186
0.000139
0.000098
0.000103
0.000123
0.000119
0.000081
0.000029
0.000003
0.000007
-0.000026
-0.000144
-0.000280
-0.000348
-0.000328
-0.000241
-0.000132
-0.000067
-0.000045
0.000020
0.000167
0.000323
0.000394
0.000372
0.000346
0.000356
0.000319
0.000192
0.000064
0.000030
0.000055
0.000043
-0.000026
-0.000083
-0.000103
-0.000149
-0.000242
-0.000315
-0.000313
-0.000273
-0.000268
-0.000288
-0.000234
-0.000094
0.000013
0.000036
0.000049
0.000107
0.000184
0.000229
0.000237
0.000262
0.000335
0.000384
0.000310
0.000132
0.000001
0.000014
0.000097
0.000106
-0.000002
-0.000170
-0.000308
-0.000354
-0.000351
-0.000361
-0.000338
-0.000217
-0.000047
0.000048
0.000036
0.000034
0.000122
0.000199
0.000158
0.000078
0.000075
0.000108
0.000084
0.000057
0.000134
0.000253
0.000241
0.000074
-0.000129
-0.000270
-0.000287
-0.000191
-0.000088
-0.000025
0.000048
0.000098
0.000016
-0.000143
-0.000191
-0.000073
0.000074
0.000104
0.000011
-0.000066
-0.000037
0.000014
-0.000033
-0.000116
-0.000020
0.000265
0.000449
0.000402
0.000307
0.000267
0.000188
0.000019
-0.000146
-0.000212
-0.000235
-0.000315
-0.000385
-0.000345
-0.000240
-0.000169
-0.000161
-0.000175
-0.000156
-0.000101
-0.000070
-0.000101
-0.000133
-0.000067
0.000117
0.000319
0.000359
0.000171
-0.000060
-0.000109
0.000011
0.000142
0.000190
0.000175
0.000189
0.000271
0.000322
0.000223
0.000023
-0.000105
-0.000111
-0.000113
-0.000158
-0.000160
-0.000095
-0.000050
-0.000044
-0.000009
0.000056
0.000092
0.000095
0.000090
0.000053
-0.000013
-0.000015
0.000085
0.000155
0.000069
-0.000074
-0.000091
0.000002
0.000058
0.000045
0.000046
0.000078
0.000067
-0.000016
-0.000082
-0.000074
-0.000068
-0.000087
-0.000068
-0.000033
-0.000064
-0.000149
-0.000233
-0.000287
-0.000283
-0.000209
-0.000110
-0.000052
-0.000031
0.000028
0.000122
0.000188
0.000225
0.000253
0.000248
0.000223
0.000213
0.000198
0.000151
0.000087
0.000020
-0.000025
-0.000059
-0.000116
-0.000176
-0.000174
-0.000101
-0.000038
-0.000059
-0.000119
-0.000111
-0.000036
-0.000019
-0.000091
-0.000117
-0.000035
0.000050
0.000075
0.000074
0.000066
0.000037
-0.000008
-0.000022
0.000004
0.000029
0.000057
0.000132
0.000220
0.000235
0.000161
0.000054
-0.000044
-0.000126
-0.000180
-0.000191
-0.000173
-0.000172
-0.000224
-0.000280
-0.000223
-0.000042
0.000123
0.000180
0.000173
0.000172
0.000159
0.000105
0.000053
0.000037
0.000022
0.000012
0.000074
0.000195
0.000259
0.000198
0.000074
-0.000020
-0.000081
-0.000158
-0.000215
-0.000198
-0.000159
-0.000163
-0.000150
-0.000053
-0.000009
-0.000187
-0.000420
-0.000426
-0.000263
-0.000127
-0.000042
0.000044
0.000137
0.000244
0.000358
0.000428
0.000418
0.000393
0.000434
0.000458
0.000330
0.000125
0.000016
-0.000001
-0.000026
-0.000045
-0.000021
-0.000013
-0.000076
-0.000159
-0.000170
-0.000092
-0.000006
0.000015
-0.000031
-0.000135
-0.000258
-0.000304
-0.000274
-0.000261
-0.000241
-0.000151
-0.000064
-0.000059
-0.000065
-0.000005
0.000068
0.000100
0.000128
0.000172
0.000200
0.000191
0.000146
0.000066
-0.000016
-0.000073
-0.000124
-0.000155
-0.000131
-0.000088
-0.000078
-0.000073
-0.000036
-0.000005
-0.000039
-0.000117
-0.000150
-0.000098
-0.000009
0.000076
0.000146
0.000196
0.000214
0.000210
0.000188
0.000132
0.000048
-0.000041
-0.000097
-0.000084
-0.000010
0.000075
0.000135
0.000178
0.000201
0.000180
0.000100
-0.000019
-0.000118
-0.000167
-0.000192
-0.000200
-0.000167
-0.000088
0.000007
0.000038
-0.000030
-0.000086
-0.000026
0.000071
0.000065
-0.000026
-0.000072
-0.000055
-0.000060
-0.000093
-0.000090
-0.000038
0.000032
0.000079
0.000056
-0.000025
-0.000054
0.000041
0.000162
0.000184
0.000148
0.000125
0.000072
-0.000023
-0.000077
-0.000057
-0.000037
-0.000069
-0.000110
-0.000127
-0.000138
-0.000118
-0.000034
0.000058
0.000083
0.000056
0.000027
0.000014
0.000008
0.000008
0.000019
0.000068
0.000163
0.000219
0.000154
0.000019
-0.000087
-0.000133
-0.000133
-0.000095
-0.000037
-0.000018
-0.000085
-0.000174
-0.000160
-0.000044
0.000053
0.000089
0.000101
0.000099
0.000095
0.000106
0.000108
0.000103
0.000113
0.000089
-0.000017
-0.000168
-0.000261
-0.000179
0.000055
0.000252
0.000297
0.000262
0.000231
0.000182
0.000070
-0.000076
-0.000170
-0.000177
-0.000143
-0.000123
-0.000136
-0.000183
-0.000220
-0.000205
-0.000169
-0.000183
-0.000259
-0.000326
-0.000293
-0.000140
0.000029
0.000111
0.000150
0.000229
0.000275
0.000191
0.000064
0.000029
0.000062
0.000045
-0.000036
-0.000083
-0.000035
0.000064
0.000126
0.000106
0.000048
0.000035
0.000097
0.000164
0.000151
0.000093
0.000080
0.000122
0.000152
0.000120
0.000043
-0.000018
-0.000031
-0.000050
-0.000098
-0.000109
-0.000062
-0.000038
-0.000063
-0.000071
-0.000026
0.000037
0.000069
0.000048
-0.000010
-0.000033
-0.000007
-0.000012
-0.000091
-0.000166
-0.000138
-0.000065
-0.000136
-0.000287
-0.000239
-0.000047
-0.000001
-0.000065
-0.000009
0.000114
0.000133
0.000119
0.000194
0.000223
0.000089
0.000016
0.000138
0.000207
0.000112
0.000037
0.000060
0.000077
0.000050
0.000015
-0.000035
-0.000090
-0.000097
-0.000098
-0.000181
-0.000300
-0.000313
-0.000184
-0.000046
-0.000015
-0.000031
0.000006
0.000070
0.000076
0.000057
0.000128
0.000260
0.000298
0.000216
0.000148
0.000157
0.000168
0.000108
0.000002
-0.000085
-0.000138
-0.000182
-0.000224
-0.000245
-0.000221
-0.000158
-0.000097
-0.000057
-0.000025
0.000003
0.000027
0.000031
-0.000000
-0.000023
0.000009
0.000064
0.000105
0.000146
0.000173
0.000151
0.000086
0.000037
0.000064
0.000123
0.000104
0.000003
-0.000073
-0.000084
-0.000096
-0.000139
-0.000156
-0.000129
-0.000103
-0.000088
-0.000061
-0.000026
0.000010
0.000062
0.000141
0.000181
0.000056
-0.000205
-0.000394
-0.000422
-0.000384
-0.000332
-0.000223
-0.000039
0.000153
0.000281
0.000330
0.000308
0.000239
0.000204
0.000254
0.000299
0.000279
0.000283
0.000318
0.000243
0.000050
-0.000063
0.000012
0.000129
0.000133
0.000077
0.000032
-0.000026
-0.000060
-0.000049
-0.000121
-0.000303
-0.000413
-0.000372
-0.000318
-0.000335
-0.000347
-0.000288
-0.000179
-0.000066
-0.000000
0.000031
0.000091
0.000170
0.000202
0.000207
0.000261
0.000326
0.000290
0.000169
0.000073
-0.000012
-0.000144
-0.000233
-0.000189
-0.000127
-0.000158
-0.000188
-0.000116
-0.000035
-0.000054
-0.000104
-0.000080
0.000007
0.000074
0.000080
0.000065
0.000074
0.000096
0.000117
0.000130
0.000103
0.000032
-0.000003
0.000048
0.000081
0.000016
-0.000035
0.000025
0.000122
0.000175
0.000187
0.000161
0.000087
-0.000006
-0.000080
-0.000129
-0.000178
-0.000248
-0.000297
-0.000264
-0.000178
-0.000130
-0.000118
-0.000075
-0.000021
-0.000005
0.000034
0.000166
0.000306
0.000332
0.000267
0.000168
0.000019
-0.000124
-0.000130
-0.000024
0.000045
0.000028
-0.000024
-0.000068
-0.000074
-0.000046
-0.000036
-0.000049
-0.000032
0.000016
0.000036
0.000007
-0.000044
-0.000087
-0.000104
-0.000068
0.000032
0.000141
0.000183
0.000161
0.000118
0.000052
-0.000050
-0.000144
-0.000158
-0.000078
0.000020
0.000049
0.000001
-0.000042
-0.000034
-0.000022
-0.000001
0.000066
0.000086
-0.000023
-0.000139
-0.000126
-0.000020
0.000074
0.000112
0.000128
0.000157
0.000148
0.000038
-0.000101
-0.000149
-0.000123
-0.000109
-0.000103
-0.000057
-0.000029
-0.000087
-0.000094
0.000105
0.000373
0.000465
0.000378
0.000267
