5600
-0.000012
0.000009
0.000048
0.000065
0.000071
0.000081
0.000092
0.000101
0.000117
0.000134
0.000119
0.000061
0.000013
0.000002
-0.000046
-0.000135
-0.000118
0.000043
0.000151
0.000064
-0.000105
-0.000142
0.000000
0.000139
0.000114
-0.000006
-0.000080
-0.000090
-0.000067
-0.000045
-0.000050
-0.000068
-0.000074
-0.000065
-0.000014
0.000068
0.000092
0.000024
-0.000060
-0.000088
-0.000046
0.000024
0.000063
0.000060
0.000026
-0.000022
-0.000034
-0.000007
0.000011
0.000043
0.000110
0.000150
0.000117
0.000073
0.000087
0.000102
0.000025
-0.000081
-0.000087
-0.000036
-0.000064
-0.000140
-0.000140
-0.000075
-0.000047
-0.000080
-0.000095
-0.000059
-0.000042
-0.000056
-0.000012
0.000070
0.000080
0.000026
0.000013
0.000077
0.000150
0.000161
0.000113
0.000032
-0.000056
-0.000093
-0.000058
0.000006
0.000049
0.000021
-0.000062
-0.000108
-0.000079
-0.000034
-0.000031
-0.000058
-0.000061
-0.000011
0.000060
0.000098
0.000097
0.000052
-0.000055
-0.000091
0.000112
0.000379
0.000394
0.000206
0.000104
0.000158
0.000198
0.000138
0.000053
0.000003
-0.000024
-0.000043
-0.000084
-0.000171
-0.000287
-0.000424
-0.000534
-0.000517
-0.000385
-0.000289
-0.000305
-0.000321
-0.000245
-0.000151
-0.000096
-0.000017
0.000114
0.000242
0.000327
0.000365
0.000358
0.000310
0.000242
0.000203
0.000223
0.000248
0.000201
0.000075
-0.000053
-0.000098
-0.000073
-0.000096
-0.000197
-0.000204
-0.000018
0.000173
0.000175
0.000043
-0.000056
-0.000029
0.000064
0.000074
-0.000016
-0.000073
-0.000026
0.000049
0.000077
0.000080
0.000101
0.000093
0.000027
-0.000011
0.000039
0.000095
0.000069
-0.000001
-0.000020
0.000007
-0.000026
-0.000141
-0.000218
-0.000196
-0.000162
-0.000187
-0.000230
-0.000213
-0.000133
-0.000037
0.000048
0.000093
0.000060
-0.000014
-0.000017
0.000057
0.000094
0.000049
0.000010
0.000051
0.000117
0.000116
0.000053
0.000018
0.000075
0.000175
0.000222
0.000190
0.000106
0.000004
-0.000061
-0.000063
-0.000059
-0.000102
-0.000148
-0.000149
-0.000143
-0.000165
-0.000188
-0.000206
-0.000218
-0.000163
-0.000013
0.000139
0.000196
0.000160
0.000107
0.000086
0.000089
0.000102
0.000112
0.000116
0.000125
0.000118
0.000061
0.000004
0.000021
0.000083
0.000113
0.000128
0.000174
0.000174
0.000034
-0.000155
-0.000229
-0.000200
-0.000185
-0.000203
-0.000211
-0.000196
-0.000163
-0.000130
-0.000105
-0.000070
-0.000049
-0.000077
-0.000088
-0.000006
0.000111
0.000145
0.000093
0.000061
0.000113
0.000194
0.000211
0.000163
0.000128
0.000151
0.000199
0.000143
-0.000118
-0.000413
-0.000477
-0.000363
-0.000312
-0.000314
-0.000184
0.000025
0.000117
0.000099
0.000085
0.000109
0.000165
0.000223
0.000237
0.000238
0.000297
0.000376
0.000365
0.000256
0.000146
0.000106
0.000121
0.000120
0.000031
-0.000127
-0.000230
-0.000219
-0.000150
-0.000094
-0.000103
-0.000178
-0.000235
-0.000212
-0.000141
-0.000087
-0.000092
-0.000133
-0.000137
-0.000055
0.000060
0.000090
0.000016
-0.000070
-0.000093
-0.000039
0.000064
0.000126
0.000062
-0.000082
-0.000167
-0.000154
-0.000126
-0.000122
-0.000095
-0.000001
0.000123
0.000193
0.000155
0.000038
-0.000046
-0.000036
0.000004
0.000016
0.000017
0.000019
0.000016
0.000019
0.000030
0.000065
0.000143
0.000231
0.000263
0.000197
0.000076
0.000015
0.000054
0.000114
0.000120
0.000079
0.000046
0.000058
0.000066
0.000018
-0.000020
-0.000006
-0.000054
-0.000195
-0.000283
-0.000236
-0.000155
-0.000154
-0.000193
-0.000174
-0.000099
-0.000060
-0.000096
-0.000140
-0.000122
-0.000075
-0.000083
-0.000132
-0.000103
0.000063
0.000270
0.000359
0.000272
0.000126
0.000039
0.000002
0.000009
0.000072
0.000122
0.000089
0.000005
-0.000068
-0.000116
-0.000135
-0.000106
-0.000052
-0.000018
-0.000011
-0.000029
-0.000071
-0.000119
-0.000165
-0.000186
-0.000150
-0.000054
0.000080
0.000198
0.000212
0.000105
0.000014
0.000055
0.000169
0.000247
0.000284
0.000295
0.000258
0.000188
0.000115
0.000034
-0.000038
-0.000046
-0.000002
0.000003
-0.000066
-0.000126
-0.000099
-0.000042
-0.000063
-0.000147
-0.000168
-0.000094
-0.000030
-0.000039
-0.000077
-0.000140
-0.000233
-0.000210
0.000007
0.000207
0.000220
0.000132
0.000074
0.000067
0.000074
0.000065
0.000036
0.000004
-0.000028
-0.000087
-0.000183
-0.000261
-0.000247
-0.000135
-0.000027
-0.000043
-0.000145
-0.000168
-0.000063
0.000068
0.000151
0.000205
0.000236
0.000208
0.000120
0.000028
-0.000020
-0.000017
0.000007
0.000004
-0.000051
-0.000153
-0.000244
-0.000218
-0.000100
-0.000066
-0.000149
-0.000199
-0.000157
-0.000085
-0.000032
-0.000012
0.000026
0.000151
0.000322
0.000408
0.000366
0.000304
0.000325
0.000356
0.000254
0.000055
-0.000065
-0.000046
-0.000007
-0.000041
-0.000080
-0.000048
0.000008
0.000040
0.000070
0.000104
0.000078
-0.000069
-0.000256
-0.000347
-0.000339
-0.000311
-0.000258
-0.000142
-0.000011
0.000071
0.000088
0.000059
0.000044
0.000079
0.000093
0.000019
-0.000068
-0.000079
-0.000032
0.000003
-0.000008
-0.000030
-0.000016
0.000011
0.000018
0.000051
0.000119
0.000136
0.000079
0.000007
-0.000036
-0.000035
-0.000009
0.000017
0.000040
0.000032
-0.000013
-0.000013
0.000044
0.000028
-0.000074
-0.000083
0.000069
0.000216
0.000205
0.000067
-0.000073
-0.000109
-0.000051
-0.000026
-0.000117
-0.000243
-0.000256
-0.000108
0.000084
0.000179
0.000140
0.000037
0.000017
0.000164
0.000335
0.000352
0.000232
0.000084
-0.000012
-0.000031
-0.000035
-0.000114
-0.000255
-0.000355
-0.000333
-0.000211
-0.000083
0.000008
0.000055
0.000030
-0.000041
-0.000060
0.000001
0.000046
0.000020
0.000005
0.000083
0.000185
0.000173
0.000058
-0.000064
-0.000165
-0.000240
-0.000257
-0.000203
-0.000074
0.000061
-0.000002
-0.000322
-0.000574
-0.000496
-0.000304
-0.000274
-0.000315
-0.000222
0.000013
0.000249
0.000375
0.000406
0.000442
0.000540
0.000643
0.000657
0.000584
0.000511
0.000462
0.000388
0.000293
0.000224
0.000171
0.000098
0.000042
0.000074
0.000141
0.000102
-0.000058
-0.000228
-0.000333
-0.000402
-0.000472
-0.000494
-0.000419
-0.000310
-0.000267
-0.000284
-0.000300
-0.000290
-0.000247
-0.000184
-0.000124
-0.000060
-0.000013
-0.000014
-0.000027
-0.000012
-0.000014
-0.000081
-0.000150
-0.000125
-0.000029
0.000063
0.000148
0.000226
0.000260
0.000255
0.000263
0.000299
0.000316
0.000286
0.000245
0.000211
0.000152
0.000047
-0.000049
-0.000056
0.000003
0.000022
-0.000007
-0.000010
-0.000012
-0.000090
-0.000191
-0.000179
-0.000061
0.000001
-0.000061
-0.000157
-0.000238
-0.000295
-0.000271
-0.000181
-0.000109
0.000002
0.000203
0.000299
0.000152
-0.000027
-0.000039
0.000018
0.000012
-0.000027
-0.000038
-0.000013
-0.000001
-0.000021
-0.000029
-0.000029
-0.000064
-0.000072
0.000037
0.000173
0.000180
0.000102
0.000090
0.000119
0.000043
-0.000178
-0.000433
-0.000593
-0.000582
-0.000400
-0.000152
0.000012
0.000041
0.000034
0.000109
0.000246
0.000322
0.000277
0.000184
0.000137
0.000177
0.000304
0.000406
0.000322
0.000130
0.000088
0.000268
0.000495
0.000578
0.000446
0.000195
0.000057
0.000131
0.000230
0.000146
-0.000071
-0.000204
-0.000182
-0.000155
-0.000281
-0.000512
-0.000700
-0.000787
-0.000772
-0.000668
-0.000576
-0.000565
-0.000528
-0.000371
-0.000175
-0.000045
0.000021
0.000066
0.000124
0.000223
0.000350
0.000487
0.000649
0.000813
0.000925
0.000961
0.000900
0.000722
0.000468
0.000272
0.000208
0.000156
-0.000020
-0.000284
-0.000504
-0.000614
-0.000634
-0.000617
-0.000607
-0.000613
-0.000624
-0.000626
-0.000600
-0.000537
-0.000465
-0.000423
-0.000370
-0.000257
-0.000134
-0.000056
0.000027
0.000200
0.000438
0.000618
0.000647
0.000541
0.000407
0.000360
0.000409
0.000439
0.000369
0.000277
0.000275
0.000330
0.000323
0.000220
0.000082
-0.000013
-0.000015
0.000080
0.000202
0.000221
0.000064
-0.000157
-0.000267
-0.000244
-0.000187
-0.000164
-0.000170
-0.000158
-0.000103
-0.000082
-0.000183
-0.000351
-0.000449
-0.000428
-0.000336
-0.000236
-0.000181
-0.000174
-0.000130
-0.000012
0.000097
0.000142
0.000159
0.000179
0.000173
0.000112
0.000048
0.000044
0.000077
0.000137
0.000236
0.000299
0.000227
0.000077
0.000012
0.000066
0.000050
-0.000193
-0.000521
-0.000634
-0.000449
-0.000194
-0.000088
-0.000124
-0.000188
-0.000165
0.000003
0.000190
0.000158
-0.000085
-0.000227
-0.000057
0.000279
0.000536
0.000617
0.000558
0.000471
0.000451
0.000462
0.000387
0.000205
0.000053
0.000083
0.000256
0.000385
0.000382
0.000267
0.000098
-0.000013
-0.000039
-0.000110
-0.000332
-0.000605
-0.000719
-0.000621
-0.000492
-0.000498
-0.000590
-0.000613
-0.000505
-0.000313
-0.000146
-0.000123
-0.000220
-0.000276
-0.000185
0.000009
0.000173
0.000214
0.000206
0.000282
0.000424
0.000519
0.000529
0.000475
0.000395
0.000354
0.000364
0.000346
0.000243
0.000122
0.000056
0.000007
-0.000092
-0.000248
-0.000409
-0.000476
-0.000434
-0.000416
-0.000481
-0.000519
-0.000472
-0.000397
-0.000302
-0.000156
-0.000033
0.000023
0.000132
0.000362
0.000561
0.000570
0.000451
0.000365
0.000352
0.000376
0.000434
0.000498
0.000481
0.000382
0.000318
0.000320
0.000242
0.000023
-0.000212
-0.000322
-0.000289
-0.000218
-0.000238
-0.000355
-0.000456
-0.000484
-0.000449
-0.000372
-0.000288
-0.000239
-0.000204
-0.000121
0.000008
0.000102
0.000120
0.000099
0.000076
0.000074
0.000083
0.000065
0.000025
0.000011
0.000023
0.000004
-0.000071
-0.000158
-0.000210
-0.000290
-0.000489
-0.000700
-0.000674
-0.000338
0.000058
0.000231
0.000209
0.000209
0.000313
0.000410
0.000340
0.000062
-0.000233
-0.000277
-0.000010
0.000363
0.000583
0.000578
0.000476
0.000436
0.000502
0.000562
0.000445
0.000166
0.000008
0.000160
0.000462
0.000639
0.000578
0.000340
0.000090
-0.000039
-0.000118
-0.000345
-0.000726
-0.001013
-0.000999
-0.000754
-0.000519
-0.000475
-0.000601
-0.000691
-0.000574
-0.000332
-0.000175
-0.000154
-0.000131
0.000043
0.000348
0.000582
0.000586
0.000424
0.000290
0.000286
0.000343
0.000326
0.000183
-0.000027
-0.000149
-0.000048
0.000180
0.000294
0.000213
0.000032
-0.000106
-0.000069
0.000089
0.000099
-0.000137
-0.000361
-0.000365
-0.000267
-0.000258
-0.000353
-0.000459
-0.000449
-0.000223
0.000136
0.000378
0.000355
0.000185
0.000093
0.000141
0.000207
0.000193
0.000124
0.000112
0.000253
0.000450
0.000453
0.000212
-0.000010
0.000020
0.000215
0.000308
0.000173
-0.000032
-0.000084
0.000028
0.000143
0.000139
0.000000
-0.000188
-0.000302
-0.000317
-0.000287
-0.000235
-0.000189
-0.000163
-0.000081
0.000059
0.000060
-0.000191
-0.000459
-0.000463
-0.000283
-0.000172
-0.000185
-0.000213
-0.000189
-0.000115
-0.000022
0.000021
-0.000034
-0.000108
-0.000065
0.000099
0.000250
0.000273
0.000198
0.000174
0.000280
0.000401
0.000390
0.000253
0.000029
-0.000321
-0.000714
-0.000828
-0.000488
-0.000031
0.000129
0.000064
0.000092
0.000257
0.000369
0.000282
-0.000036
-0.000430
-0.000526
-0.000115
0.000445
0.000646
0.000514
0.000430
0.000535
0.000710
0.000777
0.000535
0.000034
-0.000263
0.000001
0.000557
0.000812
0.000562
0.000143
-0.000057
-0.000029
-0.000065
-0.000397
-0.000947
-0.001323
-0.001163
-0.000570
-0.000079
-0.000057
-0.000315
-0.000458
-0.000405
-0.000327
-0.000333
-0.000400
-0.000414
-0.000196
0.000326
0.000869
0.000943
0.000444
-0.000117
-0.000235
0.000063
0.000396
0.000478
0.000306
0.000114
0.000163
0.000396
0.000384
-0.000113
-0.000672
-0.000752
-0.000406
-0.000083
-0.000043
-0.000241
-0.000449
-0.000404
-0.000102
0.000132
0.000055
-0.000190
-0.000288
-0.000060
0.000370
0.000640
0.000503
0.000161
0.000072
0.000364
0.000650
0.000539
0.000116
-0.000179
-0.000076
0.000253
0.000428
0.000272
-0.000038
-0.000156
0.000045
0.000276
0.000203
-0.000125
-0.000398
-0.000386
-0.000106
0.000169
0.000141
-0.000174
-0.000416
-0.000299
-0.000006
0.000041
-0.000231
-0.000500
-0.000490
-0.000234
0.000014
0.000014
-0.000215
-0.000356
-0.000190
0.000067
0.000045
-0.000252
-0.000470
-0.000354
-0.000006
0.000273
0.000288
0.000132
0.000073
0.000267
0.000512
0.000446
0.000082
-0.000158
-0.000063
0.000157
0.000285
0.000289
0.000181
0.000035
0.000030
0.000224
0.000407
0.000387
0.000256
0.000167
-0.000018
-0.000547
-0.001211
-0.001395
-0.000923
-0.000316
0.000039
0.000338
0.000755
0.001027
0.000912
0.000404
-0.000528
-0.001623
-0.001944
-0.000868
0.001040
0.002813
0.003566
0.002305
-0.000776
-0.003113
-0.002464
-0.000600
-0.000992
-0.002925
-0.002038
0.002710
0.006878
0.006466
0.002414
-0.001421
-0.002304
-0.000685
0.000475
-0.000947
-0.003145
-0.002229
0.002198
0.005463
0.003330
-0.002570
-0.006600
-0.005597
-0.001858
0.000182
-0.001141
-0.003335
-0.002627
0.001502
0.004792
0.002857
-0.002789
-0.005989
-0.003524
0.001376
0.003640
0.001944
-0.000813
-0.000881
0.002532
0.005882
0.004822
-0.000009
-0.002983
-0.000629
0.003958
0.005529
0.002915
-0.000770
-0.002039
-0.000129
0.002293
0.001638
-0.002134
-0.004868
-0.003631
-0.000637
0.000288
-0.001244
-0.002799
-0.002582
-0.000697
0.001267
0.001285
-0.000815
-0.002510
-0.001827
-0.000070
0.000615
0.000380
0.000453
0.000983
0.001647
0.002276
0.002067
0.000474
-0.001094
-0.000904
0.000442
0.001293
0.001494
0.001548
0.001174
0.000431
0.000124
0.000005
-0.000927
-0.002077
-0.001918
-0.000700
0.000106
0.000145
-0.000192
-0.000900
-0.001486
-0.001036
-0.000117
-0.000192
-0.000862
-0.000481
0.000798
0.001473
0.001301
0.000954
0.000507
0.000139
0.000477
0.001120
0.000939
0.000168
-0.000081
0.000098
-0.000045
-0.000338
-0.000541
-0.001205
-0.002241
-0.002429
-0.001401
-0.000321
0.000016
-0.000262
-0.002177
-0.007679
-0.014335
-0.013587
-0.001469
0.011322
0.011602
0.004822
0.007853
0.020501
0.024545
0.013190
0.000092
-0.003377
-0.000085
0.003924
0.005193
0.000592
-0.007278
-0.009875
-0.006883
-0.007986
-0.015115
-0.019335
-0.017940
-0.016444
-0.014222
-0.006909
0.000472
0.000523
-0.002139
0.001358
0.009331
0.014146
0.013755
0.011144
0.009626
0.011797
0.016637
0.018309
0.013592
0.007255
0.004906
0.004931
0.002385
-0.003349
-0.009269
-0.013760
-0.016555
-0.016412
-0.013479
-0.011537
-0.012968
-0.014248
-0.011412
-0.006293
-0.002715
-0.001019
0.000325
0.002721
0.007800
0.014519
0.018073
0.016598
0.014149
0.013338
0.011969
0.009051
0.006086
0.002394
-0.002921
-0.006670
-0.006445
-0.005598
-0.007683
-0.011126
-0.012925
-0.012336
-0.010004
-0.007610
-0.006615
-0.005481
-0.002007
0.002335
0.005075
0.006600
0.007600
0.007430
0.006825
0.007293
0.008000
0.007194
0.005071
0.002935
0.001572
0.000911
-0.000167
-0.002514
-0.004944
-0.005806
-0.005429
-0.005112
-0.005222
-0.005288
-0.004645
-0.003026
-0.001137
0.000152
0.000890
0.001431
0.001857
0.002417
0.003105
0.003201
0.002488
0.001850
0.001889
0.002177
0.002075
0.001343
0.000281
-0.000418
-0.000521
-0.000587
-0.000904
-0.001114
-0.001033
-0.000791
-0.000506
-0.000436
-0.000804
-0.001387
-0.001796
-0.001801
-0.001325
-0.000645
-0.000135
0.000275
0.000559
0.000230
-0.000488
-0.000614
-0.000200
-0.000297
-0.001107
-0.001581
-0.000615
0.001681
0.003654
0.003753
0.002644
0.002386
0.003068
0.000940
-0.007846
-0.017963
-0.015738
-0.000095
0.010275
0.006293
0.004249
0.015053
0.023657
0.016831
0.005386
0.002047
0.001056
-0.005313
-0.010047
-0.006085
-0.002121
-0.007638
-0.015146
-0.013686
-0.007662
-0.007641
-0.013251
-0.016210
-0.012239
-0.003806
0.003670
0.007357
0.010243
0.015284
0.019058
0.017959
0.015271
0.014073
0.010578
0.003188
-0.001091
0.001662
0.004107
-0.000402
-0.007213
-0.009462
-0.008940
-0.010754
-0.014583
-0.016834
-0.016071
-0.012867
-0.007905
-0.002197
0.002832
0.006203
0.007637
0.007718
0.008000
0.009173
0.009463
0.007961
0.007780
0.010844
0.013085
0.010610
0.005351
0.000279
-0.004408
-0.008503
-0.011162
-0.012471
-0.012703
-0.011985
-0.010356
-0.007671
-0.005048
-0.004008
-0.003501
-0.001349
0.002332
0.005824
0.008366
0.010424
0.012102
0.012430
0.010757
0.007840
0.004560
0.000811
-0.003046
-0.005393
-0.005691
-0.005560
-0.006057
-0.006138
-0.005002
-0.003809
-0.003859
-0.004440
-0.003821
-0.001821
0.000185
0.001651
0.003216
0.004770
0.005291
0.004561
0.003420
0.002395
0.001239
-0.000055
-0.000683
-0.000138
0.000738
0.000797
0.000253
0.000002
-0.000147
-0.000747
-0.001248
-0.001164
-0.001199
-0.001800
-0.002181
-0.001791
-0.001480
-0.002156
-0.003127
-0.002934
-0.001437
0.000007
0.000597
0.000992
0.001710
0.002286
0.002578
0.003272
0.004531
0.004967
0.001290
-0.008973
-0.019093
-0.015558
0.000073
0.009129
0.007234
0.010772
0.023874
0.029431
0.019204
0.006197
0.000942
-0.002884
-0.011324
-0.016800
-0.013552
-0.010518
-0.014555
-0.016966
-0.010732
-0.004787
-0.008678
-0.016501
-0.016765
-0.008511
0.001082
0.007687
0.012282
0.017416
0.023376
0.026606
0.024034
0.018204
0.012800
0.006355
-0.001934
-0.006762
-0.005787
-0.005307
-0.009221
-0.012185
-0.010367
-0.009060
-0.013134
-0.018308
-0.017895
-0.012398
-0.007004
-0.003191
0.001557
0.007793
0.013212
0.016433
0.017683
0.016767
0.013177
0.007784
0.003107
0.001471
0.002032
0.001007
-0.002705
-0.005281
-0.004619
-0.004486
-0.007971
-0.012014
-0.012484
-0.009895
-0.007100
-0.004863
-0.001742
0.002732
0.006559
0.008072
0.007989
0.007096
0.005067
0.002755
0.002076
0.002953
0.003266
0.001912
0.000281
0.000175
0.000595
-0.001090
-0.004391
-0.006119
-0.005443
-0.004162
-0.003056
-0.001523
0.000375
0.001634
0.001819
0.001667
0.001523
0.000619
-0.000880
-0.001360
-0.000375
0.000610
0.000652
0.000551
0.001140
0.001815
0.001528
0.000507
0.000016
0.000480
0.000924
0.000690
0.000344
0.000308
0.000140
-0.000412
-0.001010
-0.001512
-0.002035
-0.002302
-0.001795
-0.000664
0.000155
-0.000012
-0.000718
-0.000991
-0.000602
-0.000301
-0.000502
-0.000386
0.000631
0.001546
0.001577
0.001747
0.002682
0.002931
0.001753
0.000910
0.000152
-0.005823
-0.017439
-0.021360
-0.008909
0.005009
0.006493
0.008074
0.021798
0.033100
0.026713
0.013093
0.008282
0.007315
-0.002910
-0.017577
-0.021607
-0.015673
-0.013084
-0.015774
-0.014673
-0.009639
-0.009163
-0.013347
-0.013684
-0.008206
-0.003372
-0.001308
0.003052
0.012248
0.022551
0.028490
0.027280
0.021833
0.017789
0.014468
0.006210
-0.005001
-0.010571
-0.010130
-0.011152
-0.014386
-0.013710
-0.009217
-0.007746
-0.010890
-0.012993
-0.011117
-0.008354
-0.006649
-0.003481
0.002755
0.009333
0.013308
0.015467
0.017718
0.018783
0.015774
0.009191
0.002826
-0.001096
-0.003857
-0.007044
-0.009487
-0.009214
-0.007349
-0.006897
-0.008016
-0.008089
-0.006553
-0.005837
-0.006450
-0.004889
0.000941
0.007464
0.010600
0.011641
0.013189
0.013655
0.010475
0.004962
0.000578
-0.001869
-0.004695
-0.008417
-0.009858
-0.007744
-0.005556
-0.005693
-0.005911
-0.004047
-0.001540
-0.000312
0.000495
0.002672
0.005438
0.006524
0.006147
0.006286
0.006475
0.004387
0.000227
-0.003205
-0.004599
-0.005290
-0.006229
-0.006256
-0.004335
-0.001659
0.000124
0.001363
0.003045
0.004434
0.004225
0.002942
0.002221
0.002331
0.002027
0.000724
-0.000605
-0.001106
-0.001399
-0.002298
-0.003255
-0.003298
-0.002582
-0.001845
-0.001085
0.000022
0.001012
0.001394
0.001580
0.001844
0.001656
0.000559
-0.001141
-0.002535
-0.003003
-0.002695
-0.001728
0.000062
0.002329
0.004071
0.003573
-0.001434
-0.009322
-0.011583
-0.004080
0.003468
0.003431
0.004330
0.013764
0.022706
0.020761
0.013453
0.010930
0.009428
-0.000760
-0.015451
-0.021363
-0.017443
-0.015175
-0.018388
-0.018550
-0.011480
-0.004493
-0.003459
-0.004069
-0.001228
0.002297
0.002866
0.003065
0.006517
0.012283
0.017085
0.019103
0.018970
0.018114
0.015756
0.009490
0.000426
-0.006635
-0.010330
-0.014154
-0.018704
-0.019422
-0.014741
-0.009599
-0.007438
-0.005513
-0.001573
0.001535
0.001398
0.000589
0.002458
0.005952
0.007767
0.007815
0.009045
0.012097
0.013820
0.011922
0.007718
0.003279
-0.001231
-0.006374
-0.011461
-0.014627
-0.014676
-0.012611
-0.010235
-0.007423
-0.003079
0.001705
0.004518
0.004968
0.004737
0.004946
0.005382
0.005967
0.006909
0.007698
0.007621
0.006490
0.004563
0.002199
-0.000888
-0.004862
-0.008323
-0.009965
-0.010223
-0.009520
-0.007429
-0.004223
-0.001158
0.000949
0.002462
0.003953
0.004957
0.004787
0.004052
0.003749
0.003652
0.003061
0.002060
0.001115
0.000252
-0.000934
-0.002561
-0.003976
-0.004439
-0.003992
-0.003093
-0.001824
-0.000064
0.001893
0.003407
0.004064
0.003908
0.003141
0.001831
0.000207
-0.001116
-0.001813
-0.002198
-0.002441
-0.002305
-0.001738
-0.000933
-0.000101
0.000526
0.000985
0.001381
0.001408
0.001089
0.000766
-0.000159
-0.002157
-0.003969
-0.004320
-0.003442
-0.002028
-0.000524
0.000988
0.002778
0.004226
0.003098
-0.002135
-0.008193
-0.008195
-0.001381
0.004310
0.005302
0.007375
0.013056
0.017213
0.016975
0.014839
0.011960
0.005809
-0.004371
-0.013894
-0.017884
-0.017876
-0.018425
-0.019466
-0.017533
-0.012326
-0.006861
-0.002574
0.001407
0.004553
0.004938
0.003606
0.004134
0.007352
0.011015
0.013513
0.014520
0.014372
0.013982
0.013133
0.010158
0.004722
-0.001660
-0.008101
-0.014218
-0.018104
-0.017984
-0.015300
-0.012854
-0.010678
-0.006893
-0.001650
0.002875
0.005469
0.006469
0.006422
0.005748
0.005099
0.005305
0.006590
0.007844
0.007779
0.006755
0.005981
0.005356
0.003663
0.000345
-0.004026
-0.008432
-0.011883
-0.013802
-0.014087
-0.012535
-0.009145
-0.005015
-0.001174
0.002839
0.007276
0.010650
0.011500
0.010015
0.007329
0.004846
0.003921
0.004248
0.003814
0.001925
-0.000195
-0.001659
-0.002382
-0.003063
-0.004832
-0.007255
-0.008858
-0.009118
-0.007815
-0.004926
-0.001584
0.001022
0.002822
0.004421
0.006264
0.007674
0.007250
0.004958
0.002318
0.000373
-0.000886
-0.001635
-0.002034
-0.002293
-0.002445
-0.002251
-0.001387
-0.000073
0.000771
0.000610
0.000017
-0.000138
0.000300
0.000801
0.000879
0.000434
-0.000329
-0.000906
-0.000925
-0.000720
-0.000772
-0.001002
-0.001162
-0.001103
-0.000510
0.000645
0.001608
0.001697
0.001209
0.000847
0.000729
0.000370
-0.000602
-0.001894
-0.002812
-0.002955
-0.002344
-0.001198
-0.000162
-0.000971
-0.005522
-0.011297
-0.010515
-0.000995
0.007862
0.009287
0.009214
0.014053
0.020620
0.023000
0.020225
0.014817
0.007728
-0.001841
-0.011867
-0.018284
-0.020772
-0.022395
-0.024371
-0.024734
-0.021150
-0.013639
-0.004618
0.002794
0.006254
0.006372
0.007268
0.011185
0.014594
0.014245
0.012579
0.012459
0.012426
0.011010
0.009866
0.009735
0.007910
0.002206
-0.005250
-0.010522
-0.012682
-0.014057
-0.016602
-0.019294
-0.019076
-0.014688
-0.008455
-0.002897
0.002063
0.006835
0.010221
0.011540
0.012103
0.013072
0.013350
0.011011
0.006508
0.002844
0.001859
0.002005
0.000894
-0.001636
-0.004162
-0.005882
-0.006966
-0.007740
-0.008559
-0.009662
-0.010473
-0.010025
-0.008127
-0.005040
-0.000957
0.003179
0.006122
0.008064
0.010067
0.012059
0.012648
0.010588
0.006633
0.003531
0.002575
0.001735
-0.000706
-0.003426
-0.004871
-0.005547
-0.006293
-0.006905
-0.006949
-0.006546
-0.006146
-0.005691
-0.004284
-0.001513
0.001375
0.002926
0.003484
0.004398
0.005914
0.006932
0.006378
0.004351
0.002051
0.000381
-0.000878
-0.002092
-0.002959
-0.003090
-0.002571
-0.001783
-0.000885
0.000315
0.001574
0.001936
0.001046
-0.000152
-0.000707
-0.000810
-0.001297
-0.002391
-0.003186
-0.002729
-0.001407
-0.000370
0.000090
0.000602
0.001508
0.002385
0.002701
0.002522
0.002361
0.002317
0.001830
0.000688
-0.000465
-0.001140
-0.001679
-0.002556
-0.003556
-0.003776
-0.002689
-0.001283
-0.001674
-0.005186
-0.009447
-0.008693
-0.001563
0.004960
0.006034
0.006161
0.010228
0.016210
0.019648
0.019016
0.015907
0.011677
0.005517
-0.002416
-0.009533
-0.014485
-0.018341
-0.022149
-0.025245
-0.025066
-0.019833
-0.011522
-0.004054
0.000493
0.003448
0.007859
0.013739
0.017058
0.015990
0.013524
0.011902
0.010008
0.007252
0.005254
0.004701
0.003824
0.001273
-0.001720
-0.003353
-0.003752
-0.004468
-0.006724
-0.010168
-0.012735
-0.012726
-0.010939
-0.009234
-0.007825
-0.005549
-0.001825
0.002674
0.006830
0.010184
0.012838
0.014248
0.013529
0.011190
0.008778
0.006681
0.003792
-0.000514
-0.005053
-0.007997
-0.008914
-0.008866
-0.008870
-0.008905
-0.008139
-0.006150
-0.003816
-0.002113
-0.000798
0.000480
0.001085
0.000707
0.000693
0.002631
0.005751
0.007549
0.007494
0.007649
0.009125
0.010422
0.009422
0.005806
0.001439
-0.002031
-0.005088
-0.008480
-0.011415
-0.012910
-0.012784
-0.011269
-0.008753
-0.005254
-0.000779
0.003451
0.006126
0.007588
0.008696
0.009272
0.008457
0.005822
0.002320
-0.000345
-0.001765
-0.002918
-0.004229
-0.004891
-0.004049
-0.002074
-0.000313
0.000641
0.001392
0.002217
0.002533
0.002036
0.001237
0.000647
0.000047
-0.000970
-0.002100
-0.002648
-0.002421
-0.001905
-0.001743
-0.001906
-0.001551
-0.000239
0.001267
0.002088
0.002339
0.002620
0.003016
0.003051
0.002407
0.001394
0.000504
-0.000246
-0.001110
-0.002111
-0.003538
-0.006446
-0.010350
-0.011320
-0.007018
-0.001541
0.000797
0.002179
0.006406
0.012548
0.016715
0.017144
0.015863
0.014644
0.011655
0.005504
-0.001473
-0.007050
-0.011696
-0.016429
-0.020859
-0.022989
-0.021248
-0.016520
-0.010855
-0.005633
-0.000942
0.004492
0.010705
0.014976
0.015880
0.015289
0.014498
0.012503
0.008620
0.004182
0.001034
-0.001059
-0.003650
-0.006410
-0.007541
-0.006704
-0.005158
-0.004154
-0.003948
-0.003613
-0.002389
-0.000974
-0.000510
-0.001012
-0.001447
-0.001024
-0.000178
0.000340
0.000948
0.002363
0.004062
0.005065
0.005374
0.005644
0.005963
0.005562
0.003844
0.001297
-0.001104
-0.003021
-0.004828
-0.006836
-0.008650
-0.009378
-0.008669
-0.007137
-0.005426
-0.003510
-0.001222
0.001243
0.003590
0.005819
0.008029
0.009801
0.010287
0.009278
0.007608
0.006005
0.004159
0.001530
-0.001565
-0.004325
-0.006336
-0.007593
-0.008179
-0.008125
-0.007352
-0.005917
-0.004134
-0.002073
0.000444
0.003057
0.004926
0.005704
0.005713
0.005321
0.004587
0.003291
0.001333
-0.000817
-0.002496
-0.003542
-0.004127
-0.004274
-0.003888
-0.002990
-0.001747
-0.000362
0.001034
0.002334
0.003389
0.004048
0.004217
0.003924
0.003251
0.002243
0.000984
-0.000364
-0.001656
-0.002775
-0.003633
-0.004178
-0.004295
-0.003837
-0.002799
-0.001388
0.000060
0.001315
0.002372
0.003193
0.003552
0.003329
0.002712
0.001970
0.001058
-0.000711
-0.004121
-0.008109
-0.009600
-0.007337
-0.003949
-0.001928
-0.000215
0.003111
0.007201
0.009707
0.010736
0.012318
0.013548
0.011207
0.006003
0.002001
-0.000071
-0.003134
-0.008381
-0.013735
-0.016696
-0.016514
-0.014012
-0.010717
-0.007958
-0.005339
-0.001214
0.004176
0.008587
0.011151
0.012685
0.013254
0.012144
0.009711
0.007409
0.005435
0.001994
-0.003248
-0.007469
-0.008761
-0.008674
-0.009072
-0.009584
-0.008898
-0.006478
-0.002799
0.001009
0.003724
0.005166
0.006422
0.007827
0.008192
0.007152
0.005721
0.004068
0.001643
-0.000862
-0.002288
-0.002959
-0.004007
-0.005382
-0.005829
-0.004740
-0.002982
-0.001722
-0.001252
-0.000972
-0.000205
0.000841
0.001227
0.000582
-0.000441
-0.001070
-0.001157
-0.000994
-0.000637
0.000196
0.001381
0.002375
0.003186
0.004235
0.005314
0.005664
0.004893
0.003422
0.002050
0.000962
-0.000428
-0.002384
-0.004260
-0.005279
-0.005487
-0.005458
-0.005141
-0.004029
-0.002415
-0.001032
0.000182
0.001564
0.002852
0.003630
0.003759
0.003352
0.002790
0.002310
0.001629
0.000436
-0.000970
-0.001959
-0.002381
-0.002700
-0.003126
-0.003210
-0.002593
-0.001492
-0.000308
0.000747
0.001707
0.002606
0.003270
0.003563
0.003561
0.003321
0.002737
0.001699
0.000355
-0.000850
-0.001671
-0.002377
-0.003180
-0.003804
-0.003862
-0.003298
-0.002400
-0.001466
-0.000514
0.000492
0.001358
0.001733
0.001145
-0.000614
-0.002481
-0.002547
-0.000494
0.001675
0.002334
0.002045
0.001854
0.001824
0.002301
0.003956
0.005283
0.003733
0.000590
-0.000106
0.001748
0.002147
-0.000433
-0.003447
-0.004687
-0.004292
-0.003132
-0.002117
-0.002254
-0.003270
-0.003321
-0.001614
0.000294
0.000969
0.000888
0.001018
0.001470
0.002177
0.003233
0.003811
0.002672
0.000696
0.000234
0.001091
0.000697
-0.001378
-0.002983
-0.003148
-0.002804
-0.002502
-0.002135
-0.001924
-0.001675
-0.000491
0.001409
0.002586
0.002786
0.002995
0.003282
0.003159
0.003015
0.002984
0.002167
0.000473
-0.000775
-0.000969
-0.001118
-0.002044
-0.003184
-0.003710
-0.003604
-0.003258
-0.003001
-0.003011
-0.003047
-0.002652
-0.001786
-0.000759
0.000339
0.001616
0.002909
0.003853
0.004400
0.004723
0.004687
0.004124
0.003387
0.002803
0.002042
0.000798
-0.000608
-0.001768
-0.002630
-0.003269
-0.003705
-0.003884
-0.003640
-0.002793
-0.001532
-0.000462
0.000147
0.000690
0.001399
0.001911
0.001959
0.001757
0.001599
0.001518
0.001312
0.000770
-0.000102
-0.001032
-0.001708
-0.002075
-0.002266
-0.002332
-0.002238
-0.001930
-0.001319
-0.000448
0.000441
0.001143
0.001665
0.002149
0.002652
0.002970
0.002863
0.002412
0.001871
0.001335
0.000730
-0.000011
-0.000806
-0.001453
-0.001867
-0.002134
-0.002349
-0.002497
-0.002467
-0.002420
-0.003033
-0.004514
-0.005279
-0.003328
0.000508
0.003106
0.003368
0.003135
0.003694
0.004586
0.005558
0.006290
0.005233
0.002307
0.000598
0.001648
0.002313
-0.000063
-0.003415
-0.004885
-0.004668
-0.003941
-0.002955
-0.002339
-0.002785
-0.003091
-0.001694
0.000292
0.000708
-0.000075
-0.000189
0.000671
0.001665
0.002534
0.003030
0.002561
0.001739
0.001916
0.002415
0.001296
-0.000962
-0.002121
-0.002027
-0.002191
-0.002747
-0.002951
-0.002992
-0.002928
-0.001955
-0.000303
0.000634
0.000817
0.001529
0.002878
0.003856
0.004118
0.003827
0.002983
0.002064
0.001728
0.001447
0.000230
-0.001423
-0.002242
-0.002378
-0.002848
-0.003589
-0.003883
-0.003741
-0.003402
-0.002689
-0.001810
-0.001378
-0.001214
-0.000600
0.000382
0.001286
0.002354
0.003658
0.004427
0.004450
0.004485
0.004631
0.004123
0.002907
0.001635
0.000400
-0.000978
-0.002078
-0.002641
-0.003145
-0.003739
-0.003894
-0.003447
-0.002743
-0.001896
-0.000884
0.000020
0.000566
0.000875
0.001159
0.001430
0.001594
0.001601
0.001440
0.001130
0.000787
0.000558
0.000365
-0.000021
-0.000568
-0.001000
-0.001213
-0.001328
-0.001417
-0.001414
-0.001268
-0.001002
-0.000633
-0.000194
0.000238
0.000612
0.000984
0.001399
0.001762
0.001983
0.002095
0.002092
0.001859
0.001372
0.000755
0.000102
-0.000626
-0.001636
-0.003266
-0.005239
-0.005957
-0.004199
-0.001492
-0.000385
-0.000755
-0.000529
0.000815
0.002279
0.003444
0.004023
0.003351
0.002344
0.003046
0.004774
0.004563
0.002163
0.000258
-0.000105
-0.000219
-0.000755
-0.001423
-0.002327
-0.003274
-0.003380
-0.002862
-0.003091
-0.004019
-0.004022
-0.002682
-0.001243
-0.000375
0.000320
0.001052
0.001836
0.002862
0.003696
0.003497
0.002636
0.002282
0.002326
0.001748
0.000572
-0.000480
-0.001308
-0.001920
-0.001977
-0.001810
-0.002178
-0.002625
-0.002111
-0.001009
-0.000417
-0.000241
0.000238
0.000931
0.001429
0.001781
0.001962
0.001793
0.001666
0.002008
0.002257
0.001650
0.000522
-0.000332
-0.000837
-0.001350
-0.001991
-0.002705
-0.003285
-0.003311
-0.002731
-0.002164
-0.002061
-0.002071
-0.001564
-0.000341
0.001264
0.002669
0.003501
0.003906
0.004264
0.004577
0.004435
0.003611
0.002405
0.001327
0.000551
-0.000183
-0.001123
-0.002119
-0.002825
-0.003205
-0.003487
-0.003676
-0.003521
-0.002932
-0.002079
-0.001251
-0.000716
-0.000424
0.000039
0.000824
0.001525
0.001810
0.001864
0.001998
0.002211
0.002247
0.001897
0.001255
0.000657
0.000299
0.000018
-0.000413
-0.000924
-0.001319
-0.001642
-0.001976
-0.002119
-0.001905
-0.001495
-0.001023
-0.000462
0.000100
0.000550
0.000983
0.001471
0.001880
0.002036
0.001710
0.000612
-0.000878
-0.001491
-0.000703
0.000266
0.000272
-0.000211
-0.000319
-0.000056
0.000298
0.000562
0.000316
-0.000433
-0.000689
0.000086
0.000858
0.000687
0.000195
0.000196
0.000479
0.000721
0.000955
0.000967
0.000652
0.000541
0.000803
0.000647
-0.000286
-0.001177
-0.001417
-0.001455
-0.001740
-0.002038
-0.002058
-0.001773
-0.001166
-0.000432
-0.000046
-0.000017
0.000208
0.000720
0.001024
0.000995
0.000943
0.000939
0.000920
0.000976
0.001025
0.000840
0.000582
0.000596
0.000758
0.000666
0.000278
-0.000120
-0.000356
-0.000487
-0.000657
-0.000930
-0.001156
-0.001083
-0.000694
-0.000293
-0.000143
-0.000171
-0.000133
0.000035
0.000131
-0.000063
-0.000445
-0.000680
-0.000667
-0.000625
-0.000622
-0.000448
-0.000095
0.000182
0.000367
0.000686
0.001092
0.001296
0.001212
0.000976
0.000755
0.000715
0.000821
0.000822
0.000650
0.000472
0.000335
0.000130
-0.000127
-0.000317
-0.000428
-0.000524
-0.000626
-0.000732
-0.000816
-0.000816
-0.000786
-0.000876
-0.001047
-0.001075
-0.000887
-0.000619
-0.000380
-0.000171
0.000007
0.000136
0.000248
0.000350
0.000402
0.000446
0.000550
0.000666
0.000715
0.000721
0.000742
0.000757
0.000753
0.000765
0.000691
0.000380
-0.000087
-0.000536
-0.001055
-0.001890
-0.002904
-0.003322
-0.002502
-0.000942
0.000222
0.000693
0.001092
0.001760
0.002383
0.002615
0.002371
0.001827
0.001476
0.001558
0.001498
0.000763
-0.000206
-0.000747
-0.000907
-0.000964
-0.000892
-0.000711
-0.000568
-0.000418
-0.000290
-0.000544
-0.001232
-0.001774
-0.001770
-0.001506
-0.001363
-0.001294
-0.001029
-0.000389
0.000516
0.001229
0.001366
0.001167
0.001179
0.001412
0.001399
0.001025
0.000642
0.000496
0.000516
0.000514
0.000339
0.000024
-0.000187
-0.000201
-0.000235
-0.000405
-0.000562
-0.000614
-0.000621
-0.000644
-0.000708
-0.000752
-0.000622
-0.000305
-0.000026
0.000085
0.000143
0.000244
0.000357
0.000420
0.000306
-0.000045
-0.000359
-0.000297
-0.000028
-0.000014
-0.000254
-0.000342
-0.000156
0.000049
0.000118
0.000119
0.000138
0.000191
0.000227
0.000181
0.000127
0.000205
0.000332
0.000302
0.000165
0.000172
0.000385
0.000577
0.000595
0.000521
0.000454
0.000414
0.000372
0.000231
-0.000029
-0.000268
-0.000418
-0.000582
-0.000781
-0.000861
-0.000770
-0.000647
-0.000557
-0.000454
-0.000402
-0.000457
-0.000475
-0.000363
-0.000261
-0.000233
-0.000096
0.000270
0.000643
0.000689
0.000428
0.000203
0.000203
0.000291
0.000279
0.000193
0.000139
0.000102
0.000060
0.000020
-0.000174
-0.000595
-0.000856
-0.000561
0.000046
0.000462
0.000608
0.000696
0.000792
0.000856
0.000857
0.000730
0.000483
0.000260
0.000095
-0.000134
-0.000426
-0.000589
-0.000538
-0.000412
-0.000330
-0.000266
-0.000174
-0.000056
0.000074
0.000122
-0.000009
-0.000214
-0.000291
-0.000221
-0.000155
-0.000204
-0.000308
-0.000347
-0.000300
-0.000229
-0.000188
-0.000145
-0.000054
0.000034
0.000061
0.000079
0.000126
0.000172
0.000238
0.000332
0.000356
0.000293
0.000267
0.000324
0.000355
0.000280
0.000153
0.000085
0.000089
0.000057
-0.000046
-0.000153
-0.000232
-0.000273
-0.000233
-0.000132
-0.000068
-0.000069
-0.000068
-0.000076
-0.000185
-0.000362
-0.000447
-0.000413
-0.000376
-0.000374
-0.000309
-0.000126
0.000109
0.000294
0.000404
0.000472
0.000517
0.000498
0.000382
0.000224
0.000101
0.000046
0.000097
0.000231
0.000307
0.000290
0.000267
0.000220
0.000073
-0.000130
-0.000270
-0.000312
-0.000341
-0.000463
-0.000649
-0.000704
-0.000500
-0.000197
-0.000062
-0.000101
-0.000057
0.000141
0.000262
0.000208
0.000134
0.000107
-0.000006
-0.000350
-0.000925
-0.001411
-0.001252
-0.000372
0.000465
0.000639
0.000547
0.000826
0.001316
0.001481
0.001221
0.000809
0.000530
0.000566
0.000747
0.000598
0.000063
-0.000314
-0.000273
-0.000165
-0.000222
-0.000264
-0.000137
0.000081
0.000173
-0.000108
-0.000719
-0.001240
-0.001399
-0.001367
-0.001353
-0.001292
-0.001032
-0.000544
0.000029
0.000432
0.000547
0.000548
0.000647
0.000853
0.001005
0.000938
0.000712
0.000591
0.000644
0.000649
0.000480
0.000288
0.000270
0.000388
0.000377
0.000090
-0.000268
-0.000422
-0.000413
-0.000477
-0.000678
-0.000860
-0.000861
-0.000679
-0.000451
-0.000309
-0.000261
-0.000218
-0.000132
-0.000097
-0.000190
-0.000297
-0.000268
-0.000137
-0.000024
0.000056
0.000137
0.000194
0.000201
0.000203
0.000255
0.000345
0.000390
0.000332
0.000232
0.000184
0.000198
0.000248
0.000313
0.000336
0.000297
0.000297
0.000419
0.000559
0.000559
0.000408
0.000196
0.000007
-0.000116
-0.000199
-0.000311
-0.000475
-0.000611
-0.000650
-0.000617
-0.000535
-0.000389
-0.000249
-0.000213
-0.000244
-0.000229
-0.000119
0.000023
0.000116
0.000156
0.000168
0.000159
0.000145
0.000126
0.000094
0.000057
0.000012
-0.000031
-0.000049
-0.000043
0.000001
0.000089
0.000173
0.000224
0.000251
0.000272
0.000305
0.000309
0.000231
0.000122
0.000080
0.000109
0.000113
-0.000006
-0.000224
-0.000374
-0.000348
-0.000249
-0.000214
-0.000222
-0.000212
-0.000196
-0.000181
-0.000150
-0.000103
-0.000059
-0.000045
-0.000073
-0.000111
-0.000101
-0.000044
0.000013
0.000046
0.000053
0.000060
0.000125
0.000262
0.000402
0.000456
0.000431
0.000417
0.000461
0.000500
0.000425
0.000217
-0.000043
-0.000271
-0.000412
-0.000431
-0.000369
-0.000313
-0.000269
-0.000200
-0.000152
-0.000162
-0.000170
-0.000128
-0.000075
-0.000042
-0.000005
0.000020
-0.000014
-0.000058
-0.000015
0.000104
0.000189
0.000195
0.000184
0.000195
0.000171
0.000049
-0.000123
-0.000228
-0.000249
-0.000206
-0.000077
0.000014
-0.000129
-0.000401
-0.000504
-0.000364
-0.000149
0.000020
0.000157
0.000269
0.000326
0.000336
0.000353
0.000373
0.000306
0.000148
0.000026
0.000004
0.000042
0.000109
0.000171
0.000137
0.000000
-0.000072
-0.000008
0.000046
-0.000006
-0.000102
-0.000257
-0.000645
-0.001150
-0.001071
-0.000063
0.000964
0.001054
0.000663
0.000693
0.001001
0.000905
0.000332
-0.000256
-0.000528
-0.000464
-0.000251
-0.000218
-0.000455
-0.000591
-0.000437
-0.000310
-0.000341
-0.000232
0.000162
0.000561
0.000569
0.000121
-0.000368
-0.000487
-0.000358
-0.000345
-0.000482
-0.000514
-0.000310
0.000020
0.000277
0.000365
0.000360
0.000374
0.000397
0.000359
0.000254
0.000178
0.000193
0.000228
0.000199
0.000115
0.000062
0.000151
0.000287
0.000210
-0.000041
-0.000153
-0.000082
-0.000081
-0.000234
-0.000376
-0.000349
-0.000176
-0.000040
-0.000063
-0.000137
-0.000097
0.000027
0.000057
-0.000058
-0.000167
-0.000190
-0.000234
-0.000346
-0.000410
-0.000338
-0.000198
-0.000073
0.000049
0.000200
0.000344
0.000435
0.000475
0.000457
0.000366
0.000262
0.000229
0.000220
0.000133
0.000001
-0.000066
-0.000064
-0.000069
-0.000091
-0.000117
-0.000184
-0.000286
-0.000333
-0.000303
-0.000262
-0.000213
-0.000118
-0.000025
0.000033
0.000106
0.000192
0.000208
0.000139
0.000085
0.000116
0.000165
0.000133
0.000020
-0.000093
-0.000148
-0.000143
-0.000106
-0.000072
-0.000045
0.000016
0.000142
0.000276
0.000331
0.000311
0.000287
0.000276
0.000198
0.000028
-0.000081
-0.000048
-0.000032
-0.000128
-0.000225
-0.000253
-0.000243
-0.000218
-0.000212
-0.000217
-0.000118
0.000109
0.000288
0.000290
0.000198
0.000133
0.000110
0.000069
-0.000028
-0.000109
-0.000062
0.000060
0.000071
-0.000068
-0.000214
-0.000266
-0.000261
-0.000260
-0.000280
-0.000315
-0.000343
-0.000310
-0.000197
-0.000060
0.000054
0.000150
0.000187
0.000142
0.000137
0.000278
0.000431
0.000402
0.000225
0.000089
0.000044
-0.000001
-0.000068
-0.000107
-0.000112
-0.000127
-0.000157
-0.000150
-0.000100
-0.000079
-0.000102
-0.000100
-0.000046
0.000020
0.000069
0.000102
0.000142
0.000193
0.000198
0.000140
0.000105
0.000127
0.000106
0.000034
0.000032
0.000106
0.000132
0.000066
-0.000027
-0.000090
-0.000124
-0.000150
-0.000172
-0.000158
-0.000085
0.000006
0.000059
0.000050
-0.000003
-0.000046
-0.000034
0.000012
0.000025
-0.000003
-0.000006
0.000033
0.000054
0.000005
-0.000066
-0.000059
0.000025
0.000084
0.000095
0.000130
0.000191
0.000200
0.000146
0.000107
0.000097
0.000039
-0.000064
-0.000148
-0.000213
-0.000282
-0.000303
-0.000214
-0.000085
-0.000024
0.000008
0.000092
0.000177
0.000174
0.000099
0.000011
-0.000075
-0.000150
-0.000163
-0.000103
-0.000020
0.000026
0.000001
-0.000041
-0.000003
0.000082
0.000094
0.000030
-0.000003
0.000049
0.000119
0.000100
-0.000008
-0.000090
-0.000054
0.000051
0.000098
0.000035
-0.000034
0.000004
0.000071
0.000015
-0.000138
-0.000229
-0.000219
-0.000201
-0.000225
-0.000248
-0.000211
-0.000134
-0.000078
-0.000029
0.000079
0.000223
0.000307
0.000286
0.000211
0.000161
0.000129
0.000086
0.000080
0.000114
0.000097
0.000020
0.000028
0.000153
0.000137
-0.000142
-0.000395
-0.000403
-0.000337
-0.000371
-0.000418
-0.000338
-0.000150
0.000012
0.000078
0.000115
0.000193
0.000301
0.000428
0.000560
0.000628
0.000600
0.000521
0.000427
0.000297
0.000094
-0.000138
-0.000276
-0.000282
-0.000244
-0.000219
-0.000157
-0.000063
-0.000062
-0.000179
-0.000267
-0.000239
-0.000169
-0.000127
-0.000099
-0.000063
-0.000029
0.000005
0.000050
0.000115
0.000179
0.000209
0.000213
0.000178
0.000051
-0.000126
-0.000226
-0.000242
-0.000249
-0.000232
-0.000162
-0.000093
-0.000077
-0.000115
-0.000145
-0.000081
0.000045
0.000115
0.000115
0.000128
0.000165
0.000161
0.000113
0.000084
0.000098
0.000107
0.000068
-0.000000
-0.000055
-0.000077
-0.000073
-0.000035
0.000032
0.000061
0.000012
-0.000044
-0.000038
-0.000004
-0.000003
-0.000046
-0.000104
-0.000133
-0.000111
-0.000061
-0.000036
-0.000092
-0.000174
-0.000132
0.000023
0.000114
0.000110
0.000118
0.000141
0.000129
0.000116
0.000135
0.000124
0.000023
-0.000095
-0.000108
-0.000031
-0.000001
-0.000083
-0.000166
-0.000153
-0.000101
-0.000079
-0.000057
-0.000020
-0.000023
-0.000060
-0.000049
0.000015
0.000078
0.000150
0.000242
0.000298
0.000267
0.000180
0.000108
0.000080
0.000060
0.000006
-0.000076
-0.000157
-0.000201
-0.000154
-0.000023
0.000064
0.000021
-0.000031
0.000036
0.000125
0.000105
0.000038
0.000036
0.000068
0.000077
0.000101
0.000138
0.000129
0.000081
0.000021
-0.000081
-0.000221
-0.000319
-0.000304
-0.000204
-0.000114
-0.000078
-0.000082
-0.000093
-0.000068
-0.000003
0.000054
0.000075
0.000078
0.000070
0.000035
0.000049
0.000234
0.000500
0.000596
0.000463
0.000255
0.000073
-0.000067
-0.000142
-0.000195
-0.000290
-0.000371
-0.000367
-0.000347
-0.000391
-0.000437
-0.000396
-0.000296
-0.000252
-0.000291
-0.000327
-0.000309
-0.000233
-0.000045
0.000227
0.000400
0.000391
0.000332
0.000329
0.000336
0.000302
0.000271
0.000282
0.000278
0.000193
0.000061
-0.000054
-0.000132
-0.000166
-0.000172
-0.000168
-0.000111
-0.000002
0.000039
-0.000021
-0.000036
0.000090
0.000259
0.000322
0.000231
0.000073
-0.000028
-0.000031
0.000000
-0.000016
-0.000067
-0.000090
-0.000074
-0.000048
-0.000047
-0.000070
-0.000075
-0.000080
-0.000126
-0.000161
-0.000109
0.000008
0.000052
-0.000045
-0.000118
-0.000026
0.000085
0.000062
0.000011
0.000080
0.000206
0.000251
0.000207
0.000141
0.000071
-0.000023
-0.000134
-0.000211
-0.000221
-0.000176
-0.000104
-0.000056
-0.000052
-0.000035
0.000027
0.000057
0.000011
-0.000012
0.000048
0.000113
0.000145
0.000160
0.000122
0.000035
0.000005
0.000079
0.000160
0.000133
0.000011
-0.000093
-0.000137
-0.000158
-0.000164
-0.000141
-0.000124
-0.000174
-0.000274
-0.000316
-0.000219
-0.000040
0.000092
0.000147
0.000168
0.000163
0.000147
0.000160
0.000155
0.000076
0.000009
0.000019
0.000040
0.000070
0.000150
0.000170
0.000033
-0.000135
-0.000198
-0.000200
-0.000196
-0.000149
-0.000041
0.000071
0.000107
0.000047
-0.000027
-0.000031
0.000016
0.000046
0.000072
0.000137
0.000201
0.000185
0.000091
-0.000016
-0.000083
-0.000095
-0.000087
-0.000101
-0.000130
-0.000132
-0.000108
-0.000086
-0.000044
-0.000022
-0.000168
-0.000429
-0.000493
-0.000266
-0.000014
0.000084
0.000146
0.000254
0.000298
0.000269
0.000307
0.000410
0.000430
0.000326
0.000191
0.000117
0.000132
0.000174
0.000144
0.000040
-0.000058
-0.000122
-0.000195
-0.000245
-0.000161
0.000045
0.000220
0.000247
0.000134
-0.000027
-0.000153
-0.000255
-0.000360
-0.000427
-0.000404
-0.000297
-0.000180
-0.000130
-0.000115
-0.000066
-0.000016
0.000013
0.000085
0.000187
0.000214
0.000163
0.000104
0.000047
0.000011
0.000052
0.000128
0.000095
-0.000068
-0.000206
-0.000205
-0.000126
-0.000075
-0.000059
-0.000021
0.000061
0.000128
0.000133
0.000112
0.000090
0.000048
0.000007
-0.000012
-0.000063
-0.000150
-0.000156
-0.000078
-0.000076
-0.000146
-0.000077
0.000170
0.000375
0.000378
0.000254
0.000168
0.000154
0.000131
0.000070
-0.000003
-0.000072
-0.000117
-0.000124
-0.000100
-0.000065
-0.000051
-0.000076
-0.000101
-0.000093
-0.000075
-0.000104
-0.000185
-0.000218
-0.000153
-0.000075
-0.000033
0.000035
0.000130
0.000177
0.000178
0.000179
0.000155
0.000067
-0.000040
-0.000091
-0.000093
-0.000088
-0.000064
-0.000031
-0.000042
-0.000079
-0.000044
0.000053
0.000119
0.000128
0.000091
0.000014
-0.000062
-0.000088
-0.000063
-0.000010
0.000029
0.000018
-0.000007
0.000033
0.000126
0.000191
0.000200
0.000191
0.000183
0.000114
-0.000051
-0.000221
-0.000314
-0.000341
-0.000302
-0.000188
-0.000050
0.000063
0.000145
0.000197
0.000179
0.000094
0.000051
0.000103
0.000138
0.000059
-0.000061
-0.000110
-0.000125
-0.000174
-0.000198
-0.000118
0.000012
0.000071
-0.000025
-0.000215
-0.000243
0.000053
0.000425
0.000534
0.000415
0.000314
0.000282
0.000223
0.000115
-0.000006
-0.000134
-0.000252
-0.000316
-0.000322
-0.000322
-0.000339
-0.000355
-0.000376
-0.000400
-0.000378
-0.000251
-0.000060
0.000038
0.000004
0.000014
0.000155
0.000283
0.000288
0.000233
0.000205
0.000201
0.000191
0.000179
0.000173
0.000189
0.000228
0.000236
0.000181
0.000059
-0.000112
-0.000225
-0.000207
-0.000165
-0.000152
-0.000065
0.000072
0.000085
-0.000021
-0.000057
0.000023
0.000079
0.000038
-0.000017
0.000008
0.000058
0.000005
-0.000093
-0.000057
0.000064
0.000063
-0.000053
-0.000102
-0.000054
-0.000005
0.000023
0.000052
0.000047
-0.000011
-0.000028
0.000040
0.000056
-0.000009
-0.000006
0.000045
-0.000013
-0.000151
-0.000212
-0.000193
-0.000209
-0.000234
-0.000139
0.000036
0.000130
0.000126
0.000143
0.000204
0.000228
0.000198
0.000146
0.000058
-0.000060
-0.000125
-0.000092
-0.000015
0.000034
0.000029
-0.000015
-0.000036
0.000025
0.000112
0.000096
0.000004
0.000003
0.000103
0.000135
0.000042
-0.000071
-0.000121
-0.000120
-0.000137
-0.000169
-0.000125
-0.000017
0.000038
0.000006
-0.000045
-0.000079
-0.000083
-0.000059
-0.000069
-0.000129
-0.000137
-0.000041
0.000053
0.000062
0.000049
0.000097
0.000180
0.000243
0.000268
0.000215
0.000079
-0.000022
-0.000024
-0.000005
0.000011
0.000037
-0.000021
-0.000176
-0.000267
-0.000214
-0.000143
-0.000137
-0.000108
-0.000008
0.000076
0.000100
0.000116
0.000131
0.000132
0.000144
0.000167
0.000172
0.000136
0.000036
-0.000094
-0.000129
-0.000030
0.000005
-0.000186
-0.000408
-0.000403
-0.000236
-0.000134
-0.000155
-0.000191
-0.000161
-0.000089
-0.000009
0.000090
0.000228
0.000378
0.000454
0.000417
0.000346
0.000312
0.000282
0.000241
0.000213
0.000216
0.000253
0.000267
0.000149
-0.000082
-0.000258
-0.000268
-0.000185
-0.000155
-0.000269
-0.000464
-0.000575
-0.000522
-0.000363
-0.000178
-0.000016
0.000111
0.000196
0.000237
0.000251
0.000239
0.000177
0.000113
0.000127
0.000166
0.000132
0.000040
-0.000067
-0.000165
-0.000207
-0.000215
-0.000244
-0.000244
-0.000170
-0.000087
-0.000079
-0.000125
-0.000115
-0.000036
-0.000010
-0.000080
-0.000124
-0.000041
0.000104
0.000182
0.000185
0.000206
0.000269
0.000326
0.000333
0.000276
0.000199
0.000141
0.000091
0.000039
-0.000017
-0.000111
-0.000246
-0.000331
-0.000299
-0.000210
-0.000147
-0.000105
-0.000066
-0.000040
-0.000017
0.000015
0.000060
0.000120
0.000184
0.000227
0.000210
0.000106
-0.000041
-0.000139
-0.000162
-0.000169
-0.000170
-0.000099
0.000026
0.000103
0.000104
0.000096
0.000134
0.000160
0.000083
-0.000057
-0.000147
-0.000173
-0.000163
-0.000104
-0.000048
-0.000065
-0.000087
-0.000037
0.000036
0.000080
0.000107
0.000113
0.000099
0.000094
0.000082
0.000024
-0.000014
0.000052
0.000142
0.000129
0.000054
0.000010
-0.000053
-0.000195
-0.000288
-0.000207
-0.000042
0.000064
0.000098
0.000095
0.000060
0.000017
-0.000012
-0.000000
0.000086
0.000193
0.000199
0.000083
-0.000040
-0.000063
-0.000029
-0.000051
-0.000128
-0.000163
-0.000135
-0.000101
-0.000094
-0.000115
-0.000150
-0.000145
-0.000054
0.000055
0.000122
0.000232
0.000393
0.000429
0.000308
0.000204
0.000204
0.000240
0.000225
0.000109
-0.000075
-0.000252
-0.000385
-0.000488
-0.000526
-0.000452
-0.000356
-0.000338
-0.000308
-0.000194
-0.000121
-0.000155
-0.000148
-0.000011
0.000128
0.000166
0.000169
0.000200
0.000236
0.000268
0.000310
0.000314
0.000260
0.000207
0.000172
0.000137
0.000112
0.000047
-0.000083
-0.000173
-0.000161
-0.000118
-0.000094
-0.000074
-0.000040
-0.000005
-0.000015
-0.000075
-0.000104
-0.000045
0.000070
0.000192
0.000268
0.000222
0.000074
-0.000037
-0.000055
-0.000086
-0.000163
-0.000178
-0.000076
0.000047
0.000092
0.000073
0.000064
0.000071
0.000051
0.000037
0.000091
0.000160
0.000133
0.000014
-0.000107
-0.000190
-0.000244
-0.000276
-0.000276
-0.000233
-0.000167
-0.000108
-0.000051
0.000005
0.000040
0.000071
0.000121
0.000161
0.000156
0.000139
0.000147
0.000155
0.000138
0.000097
0.000051
0.000045
0.000098
0.000118
0.000037
-0.000069
-0.000133
-0.000182
-0.000209
-0.000169
-0.000084
-0.000012
0.000028
0.000038
0.000018
-0.000021
-0.000047
-0.000058
-0.000077
-0.000083
-0.000021
0.000071
0.000090
0.000050
0.000060
0.000112
0.000113
0.000053
-0.000004
0.000002
0.000058
0.000064
-0.000014
-0.000060
-0.000007
0.000038
-0.000007
-0.000059
-0.000046
-0.000028
-0.000068
-0.000127
-0.000138
-0.000089
-0.000018
0.000038
0.000080
0.000102
0.000065
-0.000035
-0.000118
-0.000089
0.000034
0.000117
0.000073
-0.000008
-0.000009
0.000054
0.000111
0.000124
0.000074
0.000012
-0.000002
-0.000021
-0.000083
-0.000083
0.000000
-0.000045
-0.000312
-0.000531
-0.000472
-0.000256
-0.000065
0.000075
0.000190
0.000258
0.000255
0.000198
0.000147
0.000143
0.000165
0.000213
0.000302
0.000354
0.000281
0.000140
0.000042
0.000015
0.000021
0.000018
-0.000003
-0.000025
-0.000064
-0.000103
-0.000071
0.000005
0.000018
-0.000038
-0.000120
-0.000228
-0.000324
-0.000343
-0.000299
-0.000248
-0.000186
-0.000064
0.000108
0.000238
0.000248
0.000173
0.000110
0.000107
0.000123
0.000087
-0.000000
-0.000070
-0.000068
-0.000028
-0.000042
-0.000145
-0.000255
-0.000236
-0.000106
-0.000033
-0.000058
-0.000069
-0.000038
-0.000018
-0.000014
-0.000007
0.000017
0.000076
0.000104
0.000046
0.000010
0.000097
0.000192
0.000169
0.000111
0.000123
0.000125
0.000043
-0.000011
0.000048
0.000135
0.000169
0.000135
0.000039
-0.000055
-0.000050
0.000025
0.000044
-0.000034
-0.000138
-0.000210
-0.000252
-0.000261
-0.000218
-0.000134
-0.000065
-0.000027
0.000013
0.000063
0.000099
0.000119
0.000134
0.000141
0.000120
0.000063
0.000012
0.000001
-0.000010
-0.000047
-0.000063
-0.000040
-0.000025
-0.000041
-0.000060
-0.000081
-0.000132
-0.000182
-0.000169
-0.000091
-0.000011
0.000031
0.000063
0.000096
0.000095
0.000045
0.000010
0.000052
0.000142
0.000196
0.000197
0.000170
0.000123
0.000086
0.000078
0.000043
-0.000038
-0.000088
-0.000063
-0.000040
-0.000125
-0.000281
-0.000323
-0.000186
-0.000007
0.000082
0.000087
0.000074
0.000040
-0.000026
-0.000049
0.000015
0.000101
0.000141
0.000112
0.000050
0.000023
0.000022
-0.000008
-0.000033
-0.000011
0.000010
-0.000029
-0.000087
-0.000043
0.000144
0.000325
0.000376
0.000352
0.000297
0.000168
-0.000006
-0.000134
-0.000200
-0.000265
-0.000343
-0.000370
-0.000337
-0.000301
-0.000280
-0.000253
-0.000235
-0.000239
-0.000210
-0.000099
0.000034
0.000090
0.000080
0.000077
0.000061
-0.000005
-0.000030
0.000069
0.000219
0.000315
0.000342
0.000309
0.000225
0.000155
0.000168
0.000188
0.000095
-0.000051
-0.000124
-0.000133
-0.000181
-0.000265
-0.000248
-0.000118
-0.000012
0.000031
0.000069
0.000092
0.000059
0.000016
0.000037
0.000113
0.000199
0.000262
0.000246
0.000135
0.000005
-0.000076
-0.000127
-0.000169
-0.000169
-0.000109
-0.000039
-0.000023
-0.000053
-0.000063
-0.000024
0.000005
-0.000035
-0.000086
-0.000052
0.000038
0.000069
0.000026
-0.000014
-0.000021
-0.000025
-0.000042
-0.000054
-0.000037
0.000008
0.000023
-0.000012
-0.000022
0.000027
0.000052
-0.000010
-0.000075
-0.000019
0.000106
0.000130
0.000036
-0.000032
0.000006
0.000070
0.000071
0.000034
0.000033
0.000066
0.000057
-0.000021
-0.000093
-0.000111
-0.000080
0.000004
0.000080
0.000048
-0.000038
-0.000043
0.000001
-0.000019
-0.000089
-0.000125
-0.000096
-0.000016
0.000072
0.000103
0.000079
0.000083
0.000124
0.000116
0.000024
-0.000085
-0.000154
-0.000172
-0.000133
-0.000063
-0.000029
-0.000027
0.000010
0.000054
0.000034
0.000006
0.000050
0.000113
0.000106
0.000060
0.000040
0.000017
-0.000051
-0.000115
-0.000112
-0.000067
-0.000024
0.000029
0.000077
0.000055
-0.000015
-0.000026
0.000045
0.000134
0.000185
0.000152
0.000014
-0.000160
-0.000224
-0.000102
0.000010
-0.000126
-0.000342
-0.000338
-0.000203
-0.000179
-0.000235
-0.000197
-0.000027
0.000179
0.000316
0.000347
0.000308
0.000254
0.000207
0.000176
0.000198
0.000300
0.000403
0.000394
0.000310
0.000261
0.000224
0.000113
-0.000056
-0.000210
-0.000309
-0.000364
-0.000393
-0.000382
-0.000339
-0.000305
-0.000279
-0.000213
-0.000113
-0.000031
0.000028
0.000097
0.000156
0.000155
0.000115
0.000110
0.000126
0.000082
-0.000023
-0.000100
-0.000089
-0.000039
-0.000035
-0.000079
-0.000097
-0.000052
0.000019
0.000065
0.000063
0.000029
-0.000015
-0.000078
-0.000135
-0.000123
-0.000057
-0.000033
-0.000090
-0.000144
-0.000099
0.000028
0.000137
0.000162
0.000132
0.000121
0.000166
0.000221
0.000228
0.000181
0.000087
-0.000053
-0.000178
-0.000193
-0.000091
0.000025
0.000072
0.000065
0.000067
0.000077
0.000048
-0.000004
-0.000014
0.000012
0.000014
-0.000032
-0.000094
-0.000137
-0.000151
-0.000155
-0.000155
-0.000132
-0.000076
0.000002
0.000060
0.000065
0.000042
0.000019
0.000007
0.000031
0.000079
0.000088
0.000095
0.000192
0.000278
0.000163
-0.000084
-0.000230
-0.000238
-0.000221
-0.000189
-0.000088
0.000021
0.000053
0.000021
-0.000024
-0.000041
-0.000011
0.000031
0.000045
0.000049
0.000062
0.000098
0.000176
0.000222
0.000147
0.000032
-0.000012
-0.000012
-0.000038
-0.000091
-0.000113
-0.000076
-0.000028
-0.000011
-0.000031
-0.000092
-0.000138
-0.000089
0.000026
0.000089
0.000063
0.000030
0.000053
0.000083
0.000057
0.000008
-0.000001
0.000019
0.000006
-0.000042
-0.000031
0.000070
0.000109
-0.000000
-0.000145
-0.000196
-0.000089
0.000156
0.000379
0.000450
0.000402
0.000283
0.000107
-0.000051
-0.000133
-0.000192
-0.000282
-0.000354
-0.000353
-0.000293
-0.000237
-0.000229
-0.000237
-0.000201
-0.000142
-0.000152
-0.000237
-0.000300
-0.000272
-0.000123
0.000115
0.000297
0.000304
0.000208
0.000186
0.000312
0.000452
0.000444
0.000312
0.000186
0.000099
0.000029
-0.000006
-0.000036
-0.000117
-0.000188
-0.000174
-0.000147
-0.000170
-0.000162
-0.000086
0.000017
0.000120
0.000168
0.000118
0.000056
0.000065
0.000073
0.000030
0.000022
0.000056
0.000024
-0.000065
-0.000075
0.000011
0.000033
-0.000061
-0.000128
-0.000106
-0.000094
-0.000112
-0.000048
0.000113
0.000230
0.000220
0.000166
0.000160
0.000141
0.000031
-0.000096
-0.000146
-0.000156
-0.000181
-0.000203
-0.000219
-0.000246
-0.000241
-0.000168
-0.000074
-0.000010
