4640
-0.000126
-0.000124
-0.000149
-0.000179
-0.000158
-0.000065
0.000041
0.000071
0.000040
0.000049
0.000098
0.000087
0.000009
-0.000039
-0.000027
-0.000005
0.000014
0.000027
0.000001
-0.000035
-0.000006
0.000078
0.000135
0.000128
0.000052
-0.000068
-0.000159
-0.000199
-0.000212
-0.000163
-0.000007
0.000171
0.000213
0.000105
0.000005
0.000031
0.000118
0.000177
0.000190
0.000135
0.000013
-0.000111
-0.000167
-0.000139
-0.000078
-0.000027
0.000030
0.000100
0.000143
0.000127
0.000045
-0.000093
-0.000222
-0.000232
-0.000102
0.000071
0.000170
0.000142
0.000029
-0.000083
-0.000180
-0.000246
-0.000199
-0.000074
-0.000010
0.000005
0.000093
0.000223
0.000243
0.000126
-0.000004
-0.000058
-0.000019
0.000146
0.000369
0.000449
0.000298
0.000082
0.000010
0.000073
0.000056
-0.000134
-0.000327
-0.000344
-0.000225
-0.000138
-0.000185
-0.000334
-0.000441
-0.000357
-0.000120
0.000061
0.000049
-0.000087
-0.000176
-0.000123
0.000000
0.000059
0.000029
-0.000002
0.000066
0.000246
0.000371
0.000250
-0.000031
-0.000192
-0.000101
0.000118
0.000277
0.000319
0.000286
0.000215
0.000127
0.000069
0.000056
0.000012
-0.000120
-0.000256
-0.000262
-0.000117
0.000057
0.000126
0.000066
-0.000032
-0.000055
-0.000004
0.000027
0.000004
-0.000016
0.000006
0.000049
0.000055
-0.000001
-0.000079
-0.000106
-0.000046
0.000060
0.000140
0.000142
0.000058
-0.000052
-0.000119
-0.000137
-0.000109
-0.000032
0.000035
0.000040
0.000032
0.000039
-0.000013
-0.000134
-0.000207
-0.000168
-0.000104
-0.000107
-0.000136
-0.000098
0.000005
0.000108
0.000190
0.000237
0.000222
0.000177
0.000160
0.000163
0.000115
-0.000011
-0.000117
-0.000104
-0.000038
-0.000040
-0.000109
-0.000162
-0.000163
-0.000137
-0.000097
-0.000048
-0.000009
0.000033
0.000079
0.000079
0.000055
0.000101
0.000198
0.000230
0.000176
0.000112
0.000078
0.000064
0.000054
0.000021
-0.000044
-0.000106
-0.000122
-0.000083
-0.000025
-0.000027
-0.000132
-0.000269
-0.000323
-0.000312
-0.000343
-0.000395
-0.000324
-0.000075
0.000191
0.000258
0.000131
0.000008
0.000011
0.000094
0.000151
0.000133
0.000089
0.000113
0.000227
0.000376
0.000500
0.000541
0.000454
0.000265
0.000084
0.000003
0.000022
0.000073
0.000087
0.000074
0.000095
0.000120
0.000026
0.000032
0.000294
-0.000357
-0.002124
-0.002199
-0.000030
0.000690
-0.000955
-0.001578
-0.000184
0.000654
0.000042
-0.000384
0.000048
0.000495
0.000581
0.000652
0.000767
0.000751
0.000682
0.000630
0.000499
0.000357
0.000312
0.000259
0.000184
0.000260
0.000432
0.000429
0.000231
-0.000051
-0.000417
-0.000701
-0.000772
-0.000782
-0.000774
-0.000663
-0.000509
-0.000424
-0.000353
-0.000234
-0.000225
-0.000336
-0.000284
0.000026
0.000283
0.000290
0.000281
0.000393
0.000411
0.000292
0.000253
0.000313
0.000300
0.000232
0.000257
0.000358
0.000363
0.000195
-0.000017
-0.000091
-0.000066
-0.000115
-0.000226
-0.000246
-0.000188
-0.000195
-0.000268
-0.000282
-0.000238
-0.000252
-0.000314
-0.000278
-0.000111
0.000033
0.000056
0.000052
0.000139
0.000282
0.000351
0.000293
0.000181
0.000119
0.000129
0.000147
0.000120
0.000081
0.000076
0.000045
-0.000062
-0.000142
-0.000065
0.000109
0.000194
0.000122
-0.000015
-0.000122
-0.000185
-0.000217
-0.000228
-0.000231
-0.000232
-0.000240
-0.000234
-0.000171
-0.000086
-0.000064
-0.000072
-0.000015
0.000070
0.000088
0.000088
0.000172
0.000253
0.000163
0.000004
0.000008
0.000121
0.000160
0.000141
0.000128
0.000065
-0.000060
-0.000158
-0.000171
-0.000114
-0.000019
0.000092
0.000190
0.000218
0.000145
0.000026
-0.000066
-0.000122
-0.000121
-0.000010
0.000142
0.000187
0.000104
-0.000000
-0.000027
0.000004
0.000004
-0.000042
-0.000109
-0.000160
-0.000108
0.000035
0.000104
0.000031
-0.000054
-0.000057
-0.000031
-0.000021
0.000006
0.000033
-0.000031
-0.000155
-0.000214
-0.000216
-0.000222
-0.000163
0.000004
0.000169
0.000269
0.000311
0.000295
0.000288
0.000321
0.000308
0.000214
0.000089
-0.000033
-0.000175
-0.000356
-0.000514
-0.000567
-0.000511
-0.000367
-0.000181
-0.000084
-0.000115
-0.000118
-0.000012
0.000075
0.000058
0.000028
0.000056
0.000107
0.000120
0.000097
0.000115
0.000175
0.000175
0.000162
0.000233
0.000260
0.000181
0.000135
0.000111
0.000020
-0.000075
-0.000118
-0.000099
-0.000065
-0.000110
-0.000154
-0.000088
-0.000001
0.000076
0.000223
0.000364
0.000362
0.000212
0.000013
-0.000105
-0.000116
-0.000098
-0.000064
0.000020
0.000092
0.000073
-0.000015
-0.000116
-0.000191
-0.000220
-0.000210
-0.000162
-0.000049
0.000088
0.000130
0.000020
-0.000148
-0.000235
-0.000197
-0.000093
-0.000014
-0.000034
-0.000115
-0.000133
-0.000046
0.000043
0.000052
0.000041
0.000089
0.000171
0.000221
0.000228
0.000227
0.000229
0.000206
0.000158
0.000126
0.000117
0.000067
-0.000068
-0.000234
-0.000312
-0.000253
-0.000137
-0.000059
-0.000023
-0.000006
0.000005
0.000043
0.000132
0.000193
0.000094
-0.000112
-0.000208
-0.000126
-0.000010
0.000031
-0.000001
-0.000060
-0.000102
-0.000117
-0.000138
-0.000168
-0.000174
-0.000128
-0.000011
0.000104
0.000076
-0.000064
-0.000111
0.000009
0.000172
0.000281
0.000295
0.000199
0.000075
0.000035
0.000066
0.000083
0.000068
0.000068
0.000130
0.000238
0.000314
0.000306
0.000177
-0.000089
-0.000336
-0.000366
-0.000223
-0.000121
-0.000174
-0.000308
-0.000363
-0.000283
-0.000165
-0.000123
-0.000183
-0.000260
-0.000219
-0.000039
0.000155
0.000259
0.000253
0.000125
-0.000089
-0.000196
-0.000115
-0.000057
-0.000146
-0.000238
-0.000209
-0.000056
0.000169
0.000346
0.000394
0.000413
0.000514
0.000622
0.000611
0.000487
0.000331
0.000209
0.000171
0.000194
0.000174
0.000065
-0.000075
-0.000171
-0.000185
-0.000138
-0.000097
-0.000112
-0.000148
-0.000149
-0.000163
-0.000275
-0.000413
-0.000420
-0.000313
-0.000221
-0.000151
-0.000041
0.000080
0.000134
0.000104
0.000006
-0.000136
-0.000282
-0.000395
-0.000436
-0.000381
-0.000285
-0.000216
-0.000145
-0.000048
0.000023
0.000070
0.000144
0.000224
0.000287
0.000358
0.000419
0.000406
0.000349
0.000327
0.000295
0.000209
0.000150
0.000151
0.000116
-0.000010
-0.000125
-0.000072
0.000109
0.000171
-0.000015
-0.000253
-0.000294
-0.000185
-0.000174
-0.000338
-0.000515
-0.000545
-0.000399
-0.000163
0.000007
0.000010
-0.000121
-0.000263
-0.000294
-0.000205
-0.000115
-0.000087
-0.000056
0.000034
0.000183
0.000368
0.000507
0.000535
0.000534
0.000613
0.000730
0.000758
0.000641
0.000466
0.000377
0.000374
0.000328
0.000234
0.000155
0.000025
-0.000208
-0.000438
-0.000555
-0.000556
-0.000502
-0.000482
-0.000522
-0.000541
-0.000472
-0.000390
-0.000410
-0.000538
-0.000644
-0.000587
-0.000381
-0.000173
-0.000066
-0.000031
0.000050
0.000237
0.000430
0.000482
0.000399
0.000327
0.000344
0.000412
0.000468
0.000468
0.000390
0.000278
0.000210
0.000165
0.000085
0.000026
0.000040
0.000047
0.000002
-0.000051
-0.000104
-0.000152
-0.000144
-0.000075
-0.000033
-0.000095
-0.000220
-0.000296
-0.000291
-0.000249
-0.000197
-0.000132
-0.000102
-0.000179
-0.000247
-0.000074
0.000294
0.000561
0.000595
0.000484
0.000330
0.000164
0.000012
-0.000075
-0.000128
-0.000227
-0.000362
-0.000457
-0.000456
-0.000360
-0.000250
-0.000187
-0.000148
-0.000125
-0.000159
-0.000219
-0.000193
-0.000033
0.000166
0.000284
0.000320
0.000352
0.000384
0.000363
0.000290
0.000190
0.000073
0.000018
0.000086
0.000174
0.000154
0.000031
-0.000147
-0.000337
-0.000454
-0.000432
-0.000316
-0.000239
-0.000258
-0.000281
-0.000218
-0.000118
-0.000085
-0.000117
-0.000116
-0.000006
0.000214
0.000471
0.000632
0.000629
0.000515
0.000389
0.000331
0.000311
0.000247
0.000159
0.000127
0.000163
0.000233
0.000318
0.000356
0.000294
0.000184
0.000095
0.000052
0.000024
-0.000085
-0.000289
-0.000450
-0.000484
-0.000489
-0.000570
-0.000708
-0.000807
-0.000813
-0.000767
-0.000672
-0.000450
-0.000143
0.000057
0.000103
0.000183
0.000386
0.000533
0.000496
0.000394
0.000345
0.000317
0.000289
0.000289
0.000276
0.000207
0.000130
0.000082
0.000036
-0.000024
-0.000083
-0.000122
-0.000120
-0.000077
-0.000038
-0.000063
-0.000141
-0.000195
-0.000200
-0.000171
-0.000080
0.000047
0.000141
0.000214
0.000284
0.000311
0.000270
0.000148
-0.000030
-0.000148
-0.000155
-0.000149
-0.000177
-0.000184
-0.000152
-0.000101
-0.000065
-0.000078
-0.000085
-0.000014
0.000074
0.000085
0.000024
-0.000055
-0.000102
-0.000100
-0.000106
-0.000185
-0.000252
-0.000164
0.000031
0.000174
0.000221
0.000233
0.000272
0.000341
0.000389
0.000380
0.000303
0.000154
-0.000014
-0.000107
-0.000091
-0.000034
-0.000023
-0.000056
-0.000129
-0.000329
-0.000628
-0.000829
-0.000835
-0.000700
-0.000485
-0.000227
0.000047
0.000261
0.000326
0.000269
0.000206
0.000194
0.000215
0.000261
0.000345
0.000432
0.000437
0.000340
0.000240
0.000215
0.000233
0.000221
0.000201
0.000235
0.000311
0.000370
0.000381
0.000340
0.000293
0.000268
0.000200
0.000001
-0.000293
-0.000507
-0.000524
-0.000451
-0.000439
-0.000460
-0.000403
-0.000282
-0.000204
-0.000209
-0.000257
-0.000293
-0.000292
-0.000247
-0.000146
-0.000035
-0.000025
-0.000119
-0.000171
-0.000083
0.000061
0.000132
0.000168
0.000274
0.000393
0.000388
0.000266
0.000154
0.000098
0.000014
-0.000119
-0.000201
-0.000189
-0.000154
-0.000163
-0.000170
-0.000116
-0.000068
-0.000083
-0.000080
0.000000
0.000112
0.000208
0.000265
0.000281
0.000283
0.000280
0.000252
0.000182
0.000070
-0.000040
-0.000081
-0.000029
0.000065
0.000103
0.000037
-0.000079
-0.000157
-0.000169
-0.000118
0.000008
0.000155
0.000203
0.000128
0.000050
0.000014
-0.000058
-0.000170
-0.000218
-0.000193
-0.000209
-0.000286
-0.000287
-0.000149
0.000004
0.000051
0.000000
-0.000057
-0.000043
0.000038
0.000094
0.000051
-0.000022
-0.000002
0.000070
0.000059
-0.000046
-0.000135
-0.000139
-0.000054
0.000104
0.000268
0.000356
0.000361
0.000325
0.000256
0.000131
-0.000019
-0.000091
-0.000113
-0.000237
-0.000422
-0.000497
-0.000444
-0.000333
-0.000196
-0.000070
0.000023
0.000123
0.000216
0.000200
0.000085
0.000020
0.000034
0.000003
-0.000107
-0.000182
-0.000142
-0.000041
0.000035
0.000075
0.000136
0.000257
0.000385
0.000424
0.000374
0.000350
0.000465
0.000669
0.000783
0.000751
0.000638
0.000439
0.000158
-0.000099
-0.000265
-0.000427
-0.000667
-0.000879
-0.000915
-0.000810
-0.000687
-0.000598
-0.000560
-0.000549
-0.000473
-0.000343
-0.000274
-0.000245
-0.000143
-0.000013
0.000047
0.000106
0.000277
0.000498
0.000609
0.000564
0.000469
0.000397
0.000305
0.000146
-0.000033
-0.000117
-0.000073
-0.000028
-0.000076
-0.000140
-0.000146
-0.000122
-0.000107
-0.000100
-0.000069
0.000005
0.000064
0.000086
0.000142
0.000210
0.000223
0.000228
0.000274
0.000332
0.000364
0.000348
0.000279
0.000160
0.000022
-0.000067
-0.000114
-0.000198
-0.000284
-0.000274
-0.000183
-0.000119
-0.000113
-0.000104
-0.000072
-0.000068
-0.000108
-0.000127
-0.000082
-0.000046
-0.000099
-0.000171
-0.000163
-0.000136
-0.000171
-0.000203
-0.000140
-0.000037
0.000035
0.000122
0.000250
0.000322
0.000283
0.000187
0.000083
-0.000024
-0.000125
-0.000185
-0.000187
-0.000139
-0.000066
0.000008
0.000072
0.000129
0.000195
0.000293
0.000382
0.000380
0.000278
0.000134
-0.000012
-0.000142
-0.000218
-0.000232
-0.000254
-0.000352
-0.000456
-0.000425
-0.000240
-0.000025
0.000112
0.000140
0.000058
-0.000106
-0.000214
-0.000176
-0.000145
-0.000250
-0.000332
-0.000230
-0.000032
0.000125
0.000250
0.000359
0.000395
0.000393
0.000506
0.000710
0.000734
0.000498
0.000282
0.000259
0.000253
0.000185
0.000238
0.000371
0.000287
-0.000006
-0.000180
-0.000197
-0.000311
-0.000532
-0.000640
-0.000592
-0.000507
-0.000412
-0.000287
-0.000227
-0.000275
-0.000280
-0.000175
-0.000118
-0.000142
-0.000104
-0.000081
-0.000261
-0.000503
-0.000494
-0.000213
0.000077
0.000197
0.000260
0.000422
0.000510
0.000320
0.000130
0.000234
0.000330
0.000160
0.000056
0.000216
0.000297
0.000173
0.000200
0.000400
0.000307
-0.000104
-0.000314
-0.000237
-0.000267
-0.000357
-0.000127
0.000235
0.000255
0.000109
0.000246
0.000416
0.000107
-0.000326
-0.000164
0.000325
0.000374
0.000231
0.000656
0.001170
0.000788
-0.000100
-0.001075
-0.002576
-0.002970
-0.000426
0.002204
0.002041
0.001305
0.001490
-0.000023
-0.003847
-0.005343
-0.001523
0.002409
0.001282
-0.000540
0.001255
0.002418
0.000611
-0.000236
0.000192
-0.000642
-0.000979
0.000431
0.000659
-0.000946
-0.001166
0.000535
0.000980
-0.000379
-0.000659
0.000575
0.001027
0.000631
0.001094
0.001846
0.001324
0.000400
0.000724
0.001533
-0.000124
-0.006736
-0.015936
-0.018678
-0.009599
0.001018
0.001243
-0.000696
0.007778
0.017379
0.015466
0.012047
0.016661
0.015407
0.001203
-0.005640
0.004554
0.009257
-0.003213
-0.010813
-0.002613
0.000763
-0.008284
-0.010462
-0.003538
-0.007780
-0.020984
-0.019649
-0.005726
-0.002862
-0.010485
-0.008201
0.002891
0.006496
0.005251
0.010375
0.014801
0.008763
0.002380
0.006869
0.013532
0.011292
0.005466
0.004663
0.006573
0.006179
0.004216
0.002165
-0.001708
-0.007967
-0.012883
-0.012739
-0.009587
-0.009218
-0.012347
-0.012534
-0.006514
-0.000688
-0.001005
-0.002978
-0.000484
0.002728
0.001738
0.002111
0.008704
0.013978
0.012148
0.010245
0.013257
0.014585
0.009252
0.002172
-0.001645
-0.004187
-0.008170
-0.011284
-0.011122
-0.010552
-0.011981
-0.011681
-0.007049
-0.002531
-0.001755
-0.001502
0.001640
0.005675
0.007590
0.008005
0.008600
0.008465
0.006393
0.004020
0.002679
0.000473
-0.003586
-0.006616
-0.006511
-0.005181
-0.004588
-0.003825
-0.001914
0.000175
0.001507
0.002507
0.003346
0.003169
0.002049
0.001587
0.002203
0.002120
0.000408
-0.001459
-0.002201
-0.002391
-0.002620
-0.002346
-0.001475
-0.000955
-0.000854
0.000212
0.002488
0.003826
0.002707
0.000295
-0.001346
-0.000863
0.000774
0.000250
-0.002504
-0.002931
0.000151
0.002507
0.002109
0.001227
-0.000026
-0.006179
-0.018314
-0.025459
-0.015153
0.003912
0.010114
0.005640
0.013896
0.034274
0.039798
0.026073
0.016823
0.015825
0.003262
-0.017066
-0.019819
-0.009064
-0.013231
-0.029662
-0.029018
-0.012006
-0.007353
-0.017832
-0.019938
-0.011340
-0.009841
-0.012588
-0.002195
0.015371
0.020655
0.017828
0.024274
0.035670
0.035190
0.024017
0.014539
0.007519
-0.001615
-0.008640
-0.009795
-0.010804
-0.015462
-0.018688
-0.016989
-0.013906
-0.012887
-0.013979
-0.016101
-0.016308
-0.011262
-0.002783
0.004106
0.008968
0.014547
0.019887
0.022578
0.023579
0.023032
0.017661
0.007996
0.000454
-0.002434
-0.005795
-0.012531
-0.017097
-0.014592
-0.010507
-0.012256
-0.015219
-0.010382
-0.001562
0.001146
-0.000317
0.002796
0.009205
0.011301
0.008966
0.007666
0.007568
0.004418
-0.000669
-0.001948
0.000393
0.000396
-0.002680
-0.003361
0.000009
0.002696
0.001526
-0.000781
-0.000954
-0.000354
-0.001410
-0.002822
-0.002786
-0.002896
-0.004586
-0.005742
-0.004449
-0.002491
-0.002128
-0.002365
-0.001026
0.001683
0.003987
0.005320
0.006304
0.007026
0.007053
0.006515
0.005728
0.004203
0.001506
-0.001452
-0.003455
-0.004529
-0.005380
-0.006237
-0.006701
-0.006143
-0.004458
-0.002359
-0.000582
0.000714
0.001896
0.003328
0.004268
0.003688
0.002986
0.004068
0.004871
0.002580
-0.000892
-0.002516
-0.002960
-0.003733
-0.004244
-0.003504
-0.001909
-0.000451
0.000704
0.001478
0.000481
-0.004055
-0.012326
-0.020905
-0.021977
-0.010767
0.004723
0.013422
0.019332
0.031802
0.043724
0.041462
0.028579
0.017687
0.007534
-0.009373
-0.025547
-0.028838
-0.025450
-0.028600
-0.033271
-0.026744
-0.014235
-0.009975
-0.012708
-0.011435
-0.006019
-0.002922
0.000533
0.010083
0.021275
0.026983
0.029420
0.033082
0.034740
0.029555
0.018912
0.006546
-0.005532
-0.014997
-0.020127
-0.022745
-0.024514
-0.023254
-0.018039
-0.012579
-0.009356
-0.006828
-0.004721
-0.004695
-0.004721
-0.000750
0.005973
0.010840
0.013731
0.017715
0.022026
0.023085
0.020211
0.014928
0.007625
-0.001118
-0.008942
-0.014210
-0.017396
-0.019068
-0.019722
-0.020390
-0.019382
-0.012812
-0.002777
0.003372
0.005481
0.010504
0.018863
0.023576
0.021612
0.016237
0.010867
0.005762
-0.000617
-0.007746
-0.012664
-0.014948
-0.016565
-0.016284
-0.011651
-0.004881
-0.000143
0.002410
0.005707
0.010533
0.013645
0.012209
0.008181
0.004800
0.001705
-0.002433
-0.006559
-0.009428
-0.011249
-0.012072
-0.011053
-0.007593
-0.002684
0.001535
0.004482
0.007709
0.011490
0.013702
0.013099
0.010663
0.007536
0.004007
0.000065
-0.004219
-0.008282
-0.011103
-0.012179
-0.011720
-0.009959
-0.007125
-0.003636
0.000189
0.004195
0.007784
0.009900
0.010258
0.009416
0.007490
0.004793
0.002311
-0.000486
-0.005021
-0.009963
-0.011980
-0.010081
-0.006751
-0.004254
-0.001380
0.003245
0.006917
0.006724
0.003647
-0.001472
-0.010721
-0.022673
-0.026477
-0.013109
0.006912
0.016047
0.019333
0.033014
0.048926
0.045437
0.026444
0.013521
0.007209
-0.008700
-0.030687
-0.038735
-0.032709
-0.030550
-0.033156
-0.025774
-0.010408
-0.003973
-0.008069
-0.008382
-0.000772
0.005085
0.005725
0.008184
0.015501
0.023385
0.029329
0.033327
0.033332
0.027885
0.018413
0.006036
-0.007831
-0.018846
-0.024564
-0.028311
-0.031520
-0.028868
-0.018606
-0.008641
-0.004365
-0.000963
0.004937
0.008036
0.005528
0.003241
0.005078
0.007620
0.008738
0.011153
0.015338
0.017646
0.016287
0.012679
0.007725
0.001270
-0.006327
-0.014231
-0.020743
-0.023161
-0.020848
-0.016602
-0.012206
-0.006403
-0.000096
0.002602
0.002218
0.004645
0.010604
0.014412
0.014425
0.014477
0.016097
0.016531
0.012994
0.006394
0.000288
-0.004720
-0.011278
-0.018301
-0.020947
-0.018391
-0.014319
-0.010572
-0.005741
0.000911
0.007281
0.010991
0.012471
0.012904
0.011130
0.006250
0.000647
-0.002900
-0.004613
-0.006289
-0.008194
-0.008594
-0.006438
-0.003269
-0.000882
0.001174
0.003798
0.006219
0.007488
0.008001
0.008247
0.007702
0.005723
0.002552
-0.000937
-0.004126
-0.007039
-0.009567
-0.010803
-0.010080
-0.008063
-0.005632
-0.002665
0.001121
0.005058
0.007883
0.008959
0.008860
0.008341
0.007112
0.004634
0.001755
0.000035
-0.000826
-0.003038
-0.007045
-0.009890
-0.009350
-0.007226
-0.005916
-0.004712
-0.001993
0.001629
0.004120
0.004366
0.002128
-0.003901
-0.013712
-0.019608
-0.011919
0.004208
0.013491
0.015770
0.024391
0.037838
0.039577
0.028006
0.019045
0.015367
0.001688
-0.022887
-0.037872
-0.035538
-0.031780
-0.034642
-0.032450
-0.020423
-0.010336
-0.007336
-0.002065
0.008354
0.013411
0.009404
0.007031
0.012863
0.020403
0.023729
0.025004
0.026072
0.024405
0.018417
0.009535
-0.000280
-0.009533
-0.017801
-0.026021
-0.032949
-0.033449
-0.025673
-0.015794
-0.009050
-0.002671
0.005626
0.011317
0.011998
0.012365
0.014427
0.013397
0.008215
0.005369
0.007904
0.010709
0.010056
0.008254
0.006661
0.002893
-0.003575
-0.009850
-0.014197
-0.017421
-0.019974
-0.020741
-0.018177
-0.011719
-0.003079
0.004521
0.009304
0.011240
0.010323
0.008395
0.009212
0.012302
0.013131
0.011406
0.010503
0.010068
0.007504
0.002757
-0.003010
-0.009110
-0.014935
-0.019604
-0.020984
-0.017482
-0.011351
-0.005763
-0.000560
0.005268
0.010632
0.013792
0.013987
0.011650
0.007718
0.002740
-0.002246
-0.005490
-0.006889
-0.007841
-0.008244
-0.006786
-0.003501
0.000309
0.003472
0.005525
0.006768
0.007484
0.007341
0.006236
0.004679
0.002719
-0.000105
-0.003343
-0.005718
-0.006862
-0.007542
-0.008187
-0.008243
-0.006867
-0.004022
-0.000791
0.002010
0.004686
0.007228
0.008885
0.009668
0.009931
0.009072
0.006727
0.003456
-0.000731
-0.005832
-0.010055
-0.011696
-0.011609
-0.010956
-0.008835
-0.004700
-0.000239
0.002989
0.005079
0.005685
0.002417
-0.006517
-0.016699
-0.017952
-0.006919
0.005791
0.011082
0.015514
0.027257
0.038756
0.038812
0.031522
0.025898
0.016797
-0.004024
-0.027118
-0.037099
-0.037088
-0.040019
-0.044056
-0.038008
-0.023476
-0.011445
-0.002996
0.008164
0.018960
0.020471
0.014875
0.012762
0.016035
0.017609
0.015312
0.013755
0.014828
0.015796
0.014867
0.012348
0.007969
0.000834
-0.008983
-0.019698
-0.027729
-0.030076
-0.028191
-0.025889
-0.022511
-0.014052
-0.001575
0.009040
0.015917
0.021479
0.024810
0.022680
0.017020
0.012885
0.010294
0.005673
-0.000330
-0.003699
-0.004024
-0.004169
-0.004823
-0.004867
-0.005205
-0.007625
-0.011381
-0.014040
-0.014526
-0.013598
-0.012058
-0.009476
-0.004707
0.002354
0.009841
0.015277
0.017410
0.016608
0.014576
0.013072
0.011711
0.008677
0.004111
0.000065
-0.002549
-0.004250
-0.005579
-0.007099
-0.009093
-0.010897
-0.011600
-0.010790
-0.008709
-0.006326
-0.004297
-0.002045
0.001093
0.004730
0.007876
0.009552
0.009280
0.007455
0.004883
0.002224
-0.000203
-0.002608
-0.004965
-0.006139
-0.005113
-0.002417
0.000719
0.003482
0.005306
0.005846
0.005277
0.004016
0.002185
-0.000436
-0.003705
-0.006496
-0.007481
-0.006588
-0.004956
-0.003465
-0.001963
-0.000034
0.002116
0.003744
0.004301
0.004232
0.004598
0.005262
0.004942
0.003654
0.002530
0.001387
-0.000586
-0.002870
-0.004514
-0.005554
-0.006566
-0.007554
-0.007630
-0.006178
-0.003760
-0.001329
-0.000690
-0.004925
-0.012378
-0.013269
-0.002763
0.008678
0.011202
0.011696
0.019566
0.029024
0.030348
0.026757
0.025291
0.021230
0.007172
-0.010585
-0.020785
-0.024915
-0.031041
-0.038194
-0.040051
-0.035735
-0.027418
-0.015428
-0.001978
0.007975
0.013573
0.018659
0.023558
0.024491
0.022108
0.020553
0.018207
0.011177
0.003961
0.003568
0.006429
0.004161
-0.002090
-0.005233
-0.005409
-0.008214
-0.013528
-0.016561
-0.017103
-0.018519
-0.020062
-0.017827
-0.011066
-0.002625
0.004646
0.009896
0.014594
0.020297
0.025104
0.025228
0.020640
0.014991
0.009662
0.002887
-0.004962
-0.010673
-0.013505
-0.015965
-0.018472
-0.018285
-0.014513
-0.009744
-0.006307
-0.004151
-0.002170
0.000396
0.003300
0.005379
0.006190
0.006907
0.008312
0.009276
0.008739
0.007662
0.007264
0.006770
0.005038
0.002921
0.001694
0.000717
-0.001370
-0.004229
-0.005902
-0.005549
-0.005019
-0.005805
-0.006384
-0.005296
-0.003836
-0.003312
-0.003077
-0.002332
-0.001314
-0.000591
-0.000068
0.001105
0.002936
0.004040
0.003896
0.003616
0.003867
0.004144
0.003774
0.002552
0.001151
0.000422
0.000026
-0.000744
-0.001479
-0.001589
-0.001457
-0.001698
-0.002200
-0.002301
-0.001849
-0.001654
-0.002091
-0.002168
-0.001190
0.000000
0.000546
0.000884
0.001779
0.003070
0.003843
0.003554
0.002702
0.002085
0.001712
0.001073
0.000094
-0.000976
-0.002113
-0.003208
-0.003857
-0.003948
-0.003775
-0.003414
-0.002678
-0.001678
-0.001137
-0.002770
-0.008083
-0.013799
-0.012567
-0.003942
0.003134
0.005042
0.009000
0.018247
0.025282
0.025483
0.024557
0.026139
0.023374
0.011078
-0.003330
-0.011156
-0.015918
-0.024662
-0.034568
-0.038378
-0.035329
-0.029016
-0.020839
-0.010692
0.000108
0.009576
0.016662
0.021214
0.023983
0.025901
0.025458
0.019776
0.010879
0.005269
0.003985
0.001057
-0.005126
-0.008765
-0.007554
-0.006428
-0.007914
-0.008269
-0.005909
-0.005106
-0.008068
-0.010669
-0.009529
-0.006998
-0.006049
-0.005669
-0.003419
0.001302
0.007168
0.012044
0.014829
0.016483
0.017777
0.017297
0.013905
0.009173
0.004776
-0.000474
-0.007872
-0.014899
-0.018059
-0.018228
-0.018671
-0.019134
-0.016644
-0.010882
-0.004487
0.000935
0.005846
0.010501
0.013955
0.015352
0.015060
0.014025
0.012289
0.008754
0.003210
-0.001914
-0.004047
-0.004215
-0.004950
-0.005794
-0.004747
-0.002108
0.000083
0.000724
0.000686
0.001189
0.001143
-0.001104
-0.003849
-0.004647
-0.004708
-0.005931
-0.007234
-0.006707
-0.004140
-0.000983
0.001148
0.002733
0.005192
0.007489
0.007783
0.006789
0.005938
0.005003
0.003295
0.000902
-0.001171
-0.001909
-0.002097
-0.003181
-0.004411
-0.004293
-0.003368
-0.002815
-0.002543
-0.001912
-0.000717
0.000462
0.000885
0.001029
0.001835
0.002798
0.002854
0.002196
0.001753
0.001915
0.002128
0.001520
0.000323
-0.000401
-0.000771
-0.001652
-0.002597
-0.002627
-0.001993
-0.001562
-0.001543
-0.001578
-0.002169
-0.005334
-0.010861
-0.013379
-0.009287
-0.003304
-0.000610
0.001705
0.007886
0.015056
0.018513
0.019946
0.023284
0.025569
0.020523
0.010235
0.002887
-0.000949
-0.008012
-0.019117
-0.027827
-0.030905
-0.030546
-0.028100
-0.022677
-0.014828
-0.006885
0.000215
0.007391
0.014799
0.021189
0.025043
0.024848
0.020783
0.016302
0.013763
0.010211
0.002835
-0.005033
-0.009105
-0.010729
-0.012885
-0.014326
-0.012822
-0.010201
-0.009194
-0.008250
-0.004552
0.000219
0.002374
0.002218
0.002742
0.004675
0.006426
0.006871
0.006219
0.005505
0.005610
0.006106
0.005862
0.004874
0.003980
0.002935
0.000799
-0.001807
-0.003276
-0.004065
-0.006253
-0.009650
-0.011635
-0.011254
-0.010201
-0.009598
-0.008596
-0.006173
-0.002393
0.001949
0.006056
0.009604
0.012523
0.014391
0.014754
0.013917
0.012447
0.009842
0.004972
-0.001544
-0.006771
-0.008789
-0.009294
-0.010574
-0.011545
-0.009978
-0.006662
-0.003802
-0.001354
0.001809
0.004883
0.005992
0.005125
0.004214
0.004119
0.003292
0.000553
-0.002609
-0.004152
-0.004141
-0.003859
-0.003702
-0.002976
-0.001271
0.000607
0.001740
0.002602
0.003975
0.005127
0.004904
0.003694
0.002693
0.002044
0.000899
-0.001014
-0.002668
-0.003199
-0.003296
-0.003866
-0.004296
-0.003558
-0.001959
-0.000545
0.000369
0.001256
0.002419
0.003415
0.003656
0.003362
0.003076
0.002524
0.001185
-0.000537
-0.001818
-0.002493
-0.002980
-0.003469
-0.003564
-0.003090
-0.003194
-0.005421
-0.008635
-0.008882
-0.004800
-0.000200
0.001854
0.003392
0.006660
0.009832
0.011183
0.012749
0.015659
0.016208
0.011732
0.006333
0.004591
0.003692
-0.001420
-0.009310
-0.015079
-0.017714
-0.018812
-0.018478
-0.016689
-0.014611
-0.012254
-0.008237
-0.002495
0.003611
0.009176
0.013484
0.015583
0.016179
0.017303
0.018244
0.015608
0.009300
0.003566
0.000265
-0.003291
-0.008267
-0.012121
-0.013675
-0.014510
-0.014711
-0.012546
-0.008502
-0.005069
-0.002666
0.000458
0.004715
0.008566
0.010769
0.011189
0.010314
0.009283
0.008863
0.007936
0.005102
0.001369
-0.001362
-0.003214
-0.005090
-0.006525
-0.007071
-0.007561
-0.008266
-0.008019
-0.006384
-0.004654
-0.003799
-0.003134
-0.001729
0.000227
0.001969
0.003034
0.003520
0.004090
0.005221
0.006305
0.006497
0.006058
0.005599
0.004779
0.003182
0.001510
0.000352
-0.000968
-0.002702
-0.003614
-0.003168
-0.002635
-0.002919
-0.003332
-0.003061
-0.002352
-0.001856
-0.001580
-0.001140
-0.000624
-0.000251
0.000237
0.000835
0.000998
0.000724
0.000593
0.000792
0.001151
0.001486
0.001432
0.000878
0.000396
0.000434
0.000653
0.000530
0.000074
-0.000230
-0.000087
0.000141
0.000035
-0.000174
-0.000213
-0.000376
-0.000796
-0.001096
-0.001160
-0.001200
-0.001105
-0.000638
0.000086
0.000756
0.001161
0.001386
0.001701
0.001987
0.001787
0.001059
0.000231
-0.000438
-0.000963
-0.001388
-0.001768
-0.002111
-0.002334
-0.002701
-0.003981
-0.006068
-0.006876
-0.004661
-0.000945
0.001480
0.002488
0.003705
0.005239
0.006426
0.008029
0.010280
0.010795
0.008151
0.005209
0.004789
0.004764
0.001735
-0.003368
-0.007416
-0.009609
-0.010543
-0.010303
-0.009763
-0.010148
-0.010385
-0.008439
-0.004884
-0.001769
0.000638
0.003055
0.005297
0.007399
0.010013
0.012214
0.011895
0.009398
0.007404
0.006496
0.004449
0.000449
-0.003628
-0.006489
-0.008525
-0.009774
-0.009893
-0.009536
-0.009197
-0.007885
-0.004892
-0.001250
0.001849
0.004277
0.006137
0.007561
0.009033
0.010283
0.009995
0.007946
0.005676
0.004054
0.002197
-0.000502
-0.003357
-0.005729
-0.007593
-0.008778
-0.009105
-0.008971
-0.008745
-0.008051
-0.006396
-0.004009
-0.001494
0.000804
0.002764
0.004505
0.006345
0.008023
0.008464
0.007321
0.005996
0.005811
0.006080
0.005356
0.003541
0.001502
-0.000296
-0.001747
-0.002732
-0.003560
-0.004793
-0.006117
-0.006409
-0.005396
-0.004220
-0.003813
-0.003705
-0.002949
-0.001408
0.000355
0.001818
0.002804
0.003481
0.004154
0.004694
0.004512
0.003496
0.002336
0.001493
0.000647
-0.000541
-0.001820
-0.002728
-0.003112
-0.003096
-0.002871
-0.002631
-0.002412
-0.001964
-0.001046
0.000160
0.001164
0.001689
0.001945
0.002332
0.002860
0.003096
0.002785
0.002211
0.001767
0.001440
0.000926
0.000101
-0.000840
-0.001639
-0.002203
-0.002645
-0.003332
-0.004831
-0.007084
-0.008421
-0.006843
-0.002982
0.000172
0.001269
0.001971
0.003711
0.005896
0.007789
0.009190
0.009160
0.007170
0.005172
0.005120
0.005310
0.002879
-0.001376
-0.004409
-0.005507
-0.005988
-0.006334
-0.006576
-0.007222
-0.007726
-0.006666
-0.004528
-0.003235
-0.002781
-0.001532
0.000743
0.003056
0.005102
0.006623
0.006827
0.006141
0.006062
0.006356
0.005203
0.002456
-0.000080
-0.001490
-0.002402
-0.003333
-0.004312
-0.005348
-0.005944
-0.005269
-0.003660
-0.002471
-0.001946
-0.001044
0.000518
0.002027
0.003175
0.003989
0.004230
0.004095
0.004319
0.004804
0.004524
0.003239
0.001860
0.000882
-0.000152
-0.001624
-0.003418
-0.005213
-0.006477
-0.006739
-0.006264
-0.005750
-0.005239
-0.004192
-0.002566
-0.000948
0.000270
0.001240
0.002409
0.004122
0.006132
0.007585
0.007847
0.007169
0.006311
0.005641
0.004791
0.003214
0.000949
-0.001288
-0.002769
-0.003548
-0.004393
-0.005633
-0.006620
-0.006651
-0.005824
-0.004751
-0.003786
-0.002732
-0.001363
0.000051
0.001088
0.001764
0.002359
0.002990
0.003577
0.003934
0.003878
0.003476
0.003034
0.002675
0.002154
0.001253
0.000142
-0.000846
-0.001555
-0.002052
-0.002558
-0.003195
-0.003678
-0.003624
-0.003157
-0.002663
-0.002120
-0.001247
-0.000087
0.001075
0.002071
0.002799
0.003114
0.002845
0.001799
0.000275
-0.000514
0.000298
0.001673
0.001852
0.000787
-0.000190
-0.000457
-0.000269
0.000158
0.000338
-0.000347
-0.001218
-0.000847
0.000394
0.000641
-0.000469
-0.001485
-0.001551
-0.000956
-0.000012
0.000840
0.000936
0.000589
0.000838
0.001481
0.001291
0.000221
-0.000600
-0.000780
-0.000744
-0.000595
-0.000407
-0.000625
-0.001058
-0.000814
0.000022
0.000282
-0.000330
-0.000861
-0.000748
-0.000402
-0.000258
-0.000347
-0.000544
-0.000535
0.000002
0.000799
0.001208
0.001126
0.001049
0.001250
0.001503
0.001515
0.001143
0.000474
-0.000046
-0.000038
0.000221
0.000189
-0.000137
-0.000325
-0.000214
-0.000060
-0.000174
-0.000686
-0.001431
-0.001949
-0.001987
-0.001887
-0.002026
-0.002197
-0.001973
-0.001367
-0.000757
-0.000376
-0.000033
0.000746
0.002096
0.003328
0.003639
0.003164
0.002644
0.002401
0.002202
0.001760
0.001027
0.000241
-0.000235
-0.000352
-0.000536
-0.001097
-0.001751
-0.002071
-0.002032
-0.001894
-0.001851
-0.001816
-0.001502
-0.000902
-0.000470
-0.000493
-0.000584
-0.000249
0.000403
0.000951
0.001248
0.001369
0.001440
0.001591
0.001706
0.001459
0.000832
0.000232
-0.000058
-0.000221
-0.000557
-0.001067
-0.001503
-0.001634
-0.001415
-0.001070
-0.000824
-0.000596
-0.000262
0.000022
0.000050
-0.000257
-0.000869
-0.001312
-0.000791
0.000615
0.001699
0.001761
0.001442
0.001460
0.001743
0.001999
0.001971
0.001380
0.000556
0.000382
0.000854
0.000877
0.000018
-0.000913
-0.001280
-0.001226
-0.000946
-0.000609
-0.000596
-0.000876
-0.000931
-0.000789
-0.001038
-0.001605
-0.001803
-0.001497
-0.001058
-0.000550
0.000049
0.000456
0.000660
0.001022
0.001454
0.001486
0.001170
0.000970
0.000977
0.000953
0.000776
0.000434
-0.000015
-0.000333
-0.000357
-0.000281
-0.000360
-0.000509
-0.000470
-0.000236
-0.000088
-0.000216
-0.000474
-0.000561
-0.000406
-0.000251
-0.000294
-0.000439
-0.000489
-0.000352
-0.000040
0.000308
0.000481
0.000477
0.000505
0.000566
0.000450
0.000212
0.000102
0.000044
-0.000137
-0.000231
-0.000067
0.000048
-0.000113
-0.000280
-0.000267
-0.000286
-0.000404
-0.000399
-0.000276
-0.000234
-0.000215
-0.000042
0.000213
0.000430
0.000654
0.000887
0.001025
0.001096
0.001198
0.001266
0.001172
0.000910
0.000532
0.000094
-0.000354
-0.000816
-0.001269
-0.001583
-0.001662
-0.001581
-0.001460
-0.001295
-0.001040
-0.000732
-0.000423
-0.000112
0.000137
0.000217
0.000169
0.000176
0.000333
0.000574
0.000743
0.000731
0.000634
0.000648
0.000669
0.000291
-0.000567
-0.001252
-0.001018
-0.000079
0.000567
0.000483
0.000208
0.000258
0.000558
0.000872
0.001020
0.000822
0.000435
0.000368
0.000647
0.000670
0.000232
-0.000223
-0.000432
-0.000437
-0.000187
0.000140
0.000100
-0.000208
-0.000272
-0.000186
-0.000433
-0.000903
-0.001085
-0.000907
-0.000694
-0.000611
-0.000587
-0.000507
-0.000245
0.000187
0.000491
0.000448
0.000260
0.000218
0.000290
0.000284
0.000121
-0.000135
-0.000274
-0.000105
0.000244
0.000491
0.000603
0.000744
0.000944
0.001066
0.000956
0.000580
0.000104
-0.000223
-0.000379
-0.000587
-0.000900
-0.001066
-0.000943
-0.000715
-0.000598
-0.000641
-0.000780
-0.000832
-0.000642
-0.000335
-0.000124
0.000043
0.000343
0.000688
0.000872
0.000908
0.000917
0.000873
0.000706
0.000523
0.000439
0.000368
0.000252
0.000158
0.000051
-0.000124
-0.000229
-0.000162
-0.000054
-0.000073
-0.000215
-0.000362
-0.000419
-0.000354
-0.000198
-0.000015
0.000165
0.000306
0.000350
0.000313
0.000223
0.000037
-0.000247
-0.000512
-0.000631
-0.000609
-0.000562
-0.000539
-0.000463
-0.000318
-0.000202
-0.000166
-0.000151
-0.000097
-0.000017
0.000044
0.000081
0.000052
-0.000178
-0.000612
-0.000889
-0.000591
0.000177
0.000822
0.000970
0.000744
0.000365
0.000178
0.000769
0.002020
0.002662
0.001952
0.000852
0.000454
0.000462
0.000176
-0.000350
-0.000879
-0.001381
-0.001458
-0.000884
-0.000494
-0.000933
-0.001436
-0.001252
-0.000822
-0.000624
-0.000424
-0.000091
0.000186
0.000390
0.000419
0.000025
-0.000481
-0.000465
-0.000026
0.000235
0.000208
0.000204
0.000366
0.000599
0.000706
0.000573
0.000382
0.000403
0.000571
0.000632
0.000546
0.000403
0.000269
0.000269
0.000416
0.000403
0.000090
-0.000146
-0.000081
-0.000098
-0.000455
-0.000829
-0.000952
-0.000933
-0.000877
-0.000831
-0.000850
-0.000777
-0.000419
-0.000034
-0.000047
-0.000356
-0.000482
-0.000303
-0.000127
-0.000097
-0.000064
0.000071
0.000333
0.000712
0.001007
0.001051
0.000997
0.001011
0.001038
0.001035
0.001032
0.001004
0.000901
0.000658
0.000252
-0.000179
-0.000452
-0.000584
-0.000709
-0.000832
-0.000855
-0.000777
-0.000700
-0.000685
-0.000719
-0.000734
-0.000620
-0.000364
-0.000135
-0.000080
-0.000141
-0.000154
-0.000054
0.000092
0.000180
0.000145
-0.000030
-0.000273
-0.000416
-0.000352
-0.000191
-0.000107
-0.000128
-0.000135
0.000020
0.000366
0.000736
0.000943
0.000985
0.000978
0.000964
0.000898
0.000744
0.000531
0.000345
0.000210
0.000062
-0.000090
-0.000215
-0.000370
-0.000563
-0.000705
-0.000776
-0.000817
-0.000797
-0.000688
-0.000544
-0.000412
-0.000273
-0.000106
0.000038
0.000110
0.000131
0.000147
0.000195
0.000278
0.000355
0.000374
0.000321
0.000205
0.000041
-0.000117
-0.000182
-0.000122
-0.000002
0.000091
0.000165
0.000299
0.000474
0.000587
0.000591
0.000512
0.000373
0.000196
-0.000006
-0.000241
-0.000473
-0.000598
-0.000555
-0.000424
-0.000339
-0.000322
-0.000254
-0.000080
0.000060
0.000059
0.000041
0.000111
0.000131
-0.000015
-0.000212
-0.000325
-0.000379
-0.000440
-0.000507
-0.000513
-0.000373
-0.000062
0.000263
0.000342
0.000159
0.000015
0.000111
0.000323
0.000493
0.000641
0.000793
0.000866
0.000802
0.000647
0.000446
0.000189
-0.000081
-0.000303
-0.000488
-0.000643
-0.000731
-0.000760
-0.000751
-0.000721
-0.000745
-0.000876
-0.000974
-0.000813
-0.000372
0.000125
0.000476
0.000677
0.000814
0.000930
0.001032
0.001052
0.000895
0.000719
0.000781
0.000935
0.000813
0.000429
0.000073
-0.000188
-0.000456
-0.000671
-0.000723
-0.000641
-0.000483
-0.000300
-0.000211
-0.000289
-0.000443
-0.000555
-0.000589
-0.000537
-0.000418
-0.000290
-0.000152
0.000022
0.000180
0.000252
0.000256
0.000217
0.000130
0.000059
0.000058
0.000042
-0.000061
-0.000141
-0.000108
-0.000063
-0.000064
-0.000008
0.000140
0.000306
0.000460
0.000578
0.000609
0.000567
0.000482
0.000301
0.000025
-0.000147
-0.000071
0.000099
0.000143
0.000063
-0.000036
-0.000124
-0.000236
-0.000401
-0.000606
-0.000784
-0.000856
-0.000789
-0.000610
-0.000382
-0.000142
0.000087
0.000270
0.000407
0.000523
0.000584
0.000537
0.000376
0.000158
-0.000018
-0.000043
0.000084
0.000191
0.000165
0.000140
0.000209
0.000233
0.000119
-0.000005
-0.000023
-0.000025
-0.000117
-0.000223
-0.000252
-0.000229
-0.000193
-0.000190
-0.000227
-0.000203
-0.000060
0.000081
0.000100
0.000011
-0.000114
-0.000167
-0.000058
0.000116
0.000176
0.000124
0.000103
0.000156
0.000194
0.000160
0.000103
0.000074
0.000040
-0.000030
-0.000069
-0.000015
0.000073
0.000102
0.000071
0.000056
0.000066
0.000007
-0.000122
-0.000190
-0.000209
-0.000319
-0.000445
-0.000364
-0.000079
0.000217
0.000398
0.000417
0.000293
0.000149
0.000058
-0.000056
-0.000245
-0.000393
-0.000361
-0.000177
-0.000006
0.000063
0.000069
0.000031
-0.000087
-0.000238
-0.000283
-0.000164
0.000023
0.000171
0.000275
0.000359
0.000420
0.000474
0.000527
0.000522
0.000406
0.000197
-0.000023
-0.000186
-0.000308
-0.000422
-0.000468
-0.000381
-0.000297
-0.000421
-0.000660
-0.000715
-0.000535
-0.000355
-0.000281
-0.000149
0.000140
0.000422
0.000539
0.000553
0.000603
0.000690
0.000716
0.000651
0.000538
0.000403
0.000253
0.000087
-0.000092
-0.000244
-0.000345
-0.000425
-0.000476
-0.000474
-0.000460
-0.000457
-0.000396
-0.000227
-0.000008
0.000164
0.000231
0.000207
0.000185
0.000253
0.000351
0.000334
0.000180
0.000018
-0.000055
-0.000068
-0.000074
-0.000107
-0.000184
-0.000256
-0.000271
-0.000224
-0.000105
0.000057
0.000179
0.000218
0.000181
0.000118
0.000086
0.000068
0.000004
-0.000091
-0.000130
-0.000088
-0.000051
-0.000086
-0.000139
-0.000149
-0.000134
-0.000127
-0.000124
-0.000099
-0.000033
0.000022
0.000020
-0.000014
-0.000027
0.000006
0.000091
0.000200
0.000270
0.000307
0.000346
0.000318
0.000170
0.000015
-0.000032
-0.000017
-0.000001
0.000013
-0.000001
-0.000084
-0.000187
-0.000221
-0.000192
-0.000194
-0.000230
-0.000167
0.000029
0.000209
0.000250
0.000204
0.000174
0.000162
0.000100
-0.000010
-0.000081
-0.000090
-0.000104
-0.000128
-0.000123
-0.000129
-0.000179
-0.000187
-0.000095
0.000020
0.000091
0.000142
0.000160
0.000103
0.000035
0.000031
0.000023
-0.000064
-0.000180
-0.000253
-0.000266
-0.000215
-0.000108
-0.000009
0.000035
0.000039
0.000060
0.000136
0.000234
0.000270
0.000191
0.000048
-0.000019
0.000033
0.000081
0.000042
-0.000036
-0.000100
-0.000104
-0.000055
-0.000068
-0.000171
-0.000228
-0.000197
-0.000186
-0.000201
-0.000142
-0.000026
0.000028
-0.000004
0.000014
0.000146
0.000249
0.000229
0.000164
0.000122
0.000133
0.000185
0.000209
0.000254
0.000423
0.000591
0.000537
0.000285
0.000071
-0.000006
-0.000087
-0.000258
-0.000387
-0.000374
-0.000307
-0.000294
-0.000300
-0.000257
-0.000218
-0.000243
-0.000248
-0.000195
-0.000215
-0.000322
-0.000318
-0.000099
0.000175
0.000276
0.000206
0.000158
0.000208
0.000237
0.000181
0.000130
0.000158
0.000222
0.000221
0.000097
-0.000086
-0.000189
-0.000161
-0.000087
-0.000048
-0.000018
0.000063
0.000177
0.000225
0.000162
0.000056
0.000013
0.000077
0.000178
0.000152
-0.000029
-0.000176
-0.000181
-0.000164
-0.000214
-0.000266
-0.000263
-0.000212
-0.000154
-0.000142
-0.000162
-0.000131
-0.000016
0.000117
0.000184
0.000192
0.000197
0.000199
0.000160
0.000095
0.000067
0.000104
0.000137
0.000111
0.000055
-0.000009
-0.000091
-0.000183
-0.000243
-0.000196
-0.000051
0.000066
0.000106
0.000113
0.000099
0.000058
0.000022
0.000039
0.000079
0.000077
0.000038
-0.000030
-0.000140
-0.000219
-0.000186
-0.000111
-0.000084
-0.000055
0.000015
0.000062
0.000045
0.000006
-0.000000
0.000064
0.000153
0.000139
0.000026
-0.000048
-0.000055
-0.000075
-0.000138
-0.000195
-0.000194
-0.000131
-0.000032
0.000078
0.000173
0.000238
0.000269
0.000253
0.000211
0.000180
0.000161
0.000133
0.000103
0.000100
0.000105
0.000040
-0.000093
-0.000196
-0.000256
-0.000332
-0.000386
-0.000354
-0.000274
-0.000215
-0.000195
-0.000187
-0.000150
-0.000034
0.000167
0.000319
0.000308
0.000236
0.000223
0.000213
0.000178
0.000177
0.000186
0.000141
0.000070
0.000028
0.000010
-0.000016
-0.000062
-0.000125
-0.000163
-0.000126
-0.000120
-0.000281
-0.000463
-0.000443
-0.000260
-0.000095
-0.000023
0.000031
0.000146
0.000273
0.000325
0.000315
0.000284
0.000228
0.000158
0.000081
-0.000007
-0.000062
-0.000034
0.000025
0.000023
-0.000026
-0.000017
0.000058
0.000097
0.000059
-0.000010
-0.000046
-0.000026
-0.000002
-0.000016
-0.000023
0.000015
0.000052
0.000060
0.000086
0.000094
-0.000037
-0.000225
-0.000216
-0.000033
0.000042
-0.000056
-0.000156
-0.000170
-0.000166
-0.000225
-0.000351
-0.000432
-0.000340
-0.000090
0.000149
0.000246
0.000246
0.000233
0.000184
0.000092
0.000046
0.000086
0.000138
0.000145
0.000130
0.000085
-0.000032
-0.000163
-0.000193
-0.000101
0.000032
0.000101
0.000064
-0.000004
-0.000006
0.000051
0.000071
0.000009
-0.000042
0.000021
0.000175
0.000308
0.000334
0.000248
0.000105
-0.000043
-0.000159
-0.000204
-0.000157
-0.000073
-0.000081
-0.000205
-0.000279
-0.000190
-0.000077
-0.000124
-0.000267
-0.000286
-0.000136
0.000026
0.000101
0.000144
0.000220
0.000286
0.000257
0.000157
0.000117
0.000166
0.000182
0.000106
0.000025
-0.000016
-0.000063
-0.000107
-0.000071
0.000031
0.000085
0.000056
0.000031
0.000034
-0.000038
-0.000217
-0.000348
-0.000347
-0.000331
-0.000365
-0.000338
-0.000181
0.000018
0.000168
0.000271
0.000324
0.000303
0.000253
0.000219
0.000169
0.000100
0.000092
0.000174
0.000208
0.000070
-0.000128
-0.000197
-0.000141
-0.000100
-0.000135
-0.000204
-0.000252
-0.000285
-0.000289
-0.000179
0.000050
0.000255
0.000309
0.000238
0.000175
0.000203
0.000268
0.000273
0.000190
0.000062
-0.000068
-0.000200
-0.000281
-0.000185
0.000048
0.000211
0.000219
0.000156
0.000079
-0.000012
-0.000080
-0.000093
-0.000118
-0.000229
-0.000342
-0.000319
-0.000192
-0.000128
-0.000198
-0.000279
-0.000223
-0.000055
0.000065
0.000091
0.000137
0.000237
0.000262
0.000135
-0.000044
-0.000147
-0.000136
-0.000053
0.000008
0.000017
0.000052
0.000116
0.000103
0.000018
0.000010
0.000125
0.000229
0.000225
0.000188
0.000200
0.000216
0.000165
0.000077
0.000019
-0.000035
-0.000148
-0.000261
-0.000251
-0.000128
-0.000032
-0.000042
-0.000087
-0.000063
0.000023
0.000082
0.000091
0.000117
0.000160
0.000133
0.000039
-0.000023
-0.000021
-0.000004
0.000015
0.000026
-0.000018
-0.000118
-0.000201
-0.000201
-0.000129
-0.000070
-0.000089
-0.000147
-0.000166
-0.000161
-0.000165
-0.000122
0.000003
0.000117
0.000150
0.000134
0.000109
0.000097
0.000136
0.000202
0.000198
0.000138
0.000154
0.000238
0.000240
0.000142
0.000067
0.000010
-0.000124
-0.000286
-0.000327
-0.000229
-0.000124
-0.000082
-0.000080
-0.000134
-0.000166
-0.000024
0.000158
0.000100
-0.000096
-0.000123
0.000025
0.000141
0.000174
0.000210
0.000211
0.000060
-0.000074
-0.000027
-0.000011
-0.000077
-0.000019
0.000074
0.000008
-0.000086
-0.000064
-0.000061
-0.000155
-0.000172
-0.000030
0.000110
0.000108
0.000017
-0.000043
-0.000044
-0.000028
-0.000023
-0.000029
-0.000031
0.000000
0.000063
0.000124
0.000173
0.000198
0.000138
-0.000023
-0.000170
-0.000183
-0.000089
-0.000013
-0.000018
-0.000059
-0.000100
-0.000138
-0.000131
-0.000060
0.000009
0.000059
0.000147
0.000272
0.000330
0.000182
-0.000123
-0.000334
-0.000328
-0.000231
-0.000183
-0.000161
-0.000083
0.000027
0.000081
0.000078
0.000089
0.000143
0.000210
0.000266
0.000311
0.000341
0.000323
0.000230
0.000095
0.000023
0.000056
0.000087
0.000004
-0.000143
-0.000196
-0.000106
-0.000003
0.000007
-0.000028
-0.000033
-0.000021
-0.000037
-0.000077
-0.000138
-0.000229
-0.000306
-0.000331
-0.000305
-0.000230
-0.000137
-0.000051
0.000046
0.000122
0.000128
0.000118
0.000173
0.000256
0.000268
0.000197
0.000132
0.000113
0.000080
-0.000002
-0.000077
-0.000122
-0.000191
-0.000293
-0.000350
-0.000322
-0.000237
-0.000134
-0.000071
-0.000048
0.000009
0.000106
0.000161
0.000160
0.000151
0.000148
0.000185
0.000314
0.000444
0.000394
0.000154
-0.000065
-0.000104
-0.000031
0.000003
-0.000035
-0.000086
-0.000108
-0.000111
-0.000111
-0.000135
-0.000192
-0.000235
-0.000204
-0.000115
-0.000048
-0.000065
-0.000130
-0.000142
-0.000054
0.000087
0.000202
0.000237
0.000210
0.000203
0.000233
0.000216
0.000096
-0.000064
-0.000161
-0.000163
-0.000120
-0.000064
0.000025
0.000115
0.000129
0.000067
-0.000043
-0.000193
-0.000305
-0.000273
-0.000106
0.000076
0.000167
0.000174
0.000155
0.000105
0.000030
0.000005
0.000028
0.000011
-0.000035
-0.000008
0.000111
0.000210
0.000148
-0.000053
-0.000196
-0.000209
-0.000192
-0.000192
-0.000175
-0.000120
-0.000028
0.000043
0.000047
0.000065
0.000154
0.000219
0.000193
0.000145
0.000119
0.000078
-0.000001
-0.000100
-0.000173
-0.000182
-0.000155
-0.000103
0.000011
0.000129
0.000142
0.000055
-0.000042
-0.000134
-0.000251
-0.000273
-0.000050
0.000285
0.000463
0.000459
0.000413
0.000350
0.000215
0.000049
-0.000068
-0.000130
-0.000182
-0.000251
-0.000330
-0.000364
-0.000305
-0.000186
-0.000134
-0.000219
-0.000339
-0.000369
-0.000311
-0.000225
-0.000135
-0.000037
0.000074
0.000160
0.000199
0.000236
0.000274
0.000265
0.000231
0.000242
0.000267
0.000241
0.000210
0.000227
0.000229
0.000133
-0.000037
-0.000168
-0.000178
-0.000118
-0.000082
-0.000062
-0.000026
-0.000019
-0.000070
-0.000133
-0.000156
-0.000101
-0.000013
0.000029
0.000066
0.000144
0.000171
0.000109
0.000069
0.000091
0.000108
0.000116
0.000143
0.000128
0.000042
-0.000033
-0.000065
-0.000120
-0.000220
-0.000301
-0.000320
-0.000298
-0.000251
-0.000187
-0.000133
-0.000095
-0.000020
0.000111
0.000207
0.000204
0.000171
0.000167
0.000141
0.000077
0.000050
0.000062
0.000039
-0.000014
-0.000032
-0.000017
-0.000005
0.000014
0.000036
-0.000007
-0.000091
-0.000102
-0.000057
-0.000058
-0.000083
-0.000043
0.000040
0.000058
0.000017
0.000033
0.000101
0.000122
0.000090
