6400
-0.000014
0.000015
0.000066
0.000077
0.000054
0.000049
0.000032
-0.000057
-0.000154
-0.000147
-0.000069
-0.000034
-0.000057
-0.000092
-0.000121
-0.000128
-0.000080
0.000012
0.000066
0.000036
-0.000008
0.000010
0.000081
0.000166
0.000210
0.000164
0.000087
0.000054
-0.000024
-0.000212
-0.000374
-0.000396
-0.000330
-0.000254
-0.000175
-0.000079
0.000043
0.000165
0.000201
0.000141
0.000136
0.000266
0.000385
0.000376
0.000317
0.000299
0.000314
0.000299
0.000227
0.000153
0.000106
0.000060
-0.000009
-0.000125
-0.000247
-0.000267
-0.000186
-0.000129
-0.000141
-0.000178
-0.000221
-0.000272
-0.000296
-0.000255
-0.000163
-0.000084
-0.000042
-0.000003
0.000039
0.000051
0.000020
-0.000031
-0.000035
0.000061
0.000185
0.000198
0.000112
0.000057
0.000056
0.000006
-0.000119
-0.000200
-0.000153
-0.000068
-0.000052
-0.000055
-0.000017
-0.000003
-0.000033
-0.000025
0.000037
0.000081
0.000081
0.000084
0.000112
0.000111
0.000070
0.000062
0.000101
0.000108
0.000042
-0.000071
-0.000178
-0.000209
-0.000130
-0.000007
0.000081
0.000151
0.000241
0.000285
0.000204
0.000049
-0.000058
-0.000069
-0.000042
-0.000038
-0.000033
-0.000013
-0.000060
-0.000210
-0.000322
-0.000239
-0.000045
0.000041
0.000011
0.000028
0.000086
0.000037
-0.000112
-0.000200
-0.000175
-0.000107
0.000001
0.000182
0.000339
0.000345
0.000236
0.000146
0.000106
0.000039
-0.000059
-0.000086
-0.000035
-0.000022
-0.000090
-0.000163
-0.000191
-0.000191
-0.000165
-0.000076
0.000069
0.000188
0.000213
0.000158
0.000073
-0.000006
-0.000050
-0.000041
0.000002
0.000019
-0.000041
-0.000137
-0.000141
-0.000025
0.000092
0.000139
0.000150
0.000134
0.000082
0.000031
-0.000011
-0.000066
-0.000090
-0.000040
-0.000001
-0.000074
-0.000201
-0.000262
-0.000223
-0.000112
0.000030
0.000151
0.000251
0.000318
0.000271
0.000087
-0.000128
-0.000258
-0.000235
-0.000040
0.000217
0.000355
0.000302
0.000161
0.000089
0.000093
0.000069
0.000003
-0.000050
-0.000094
-0.000135
-0.000144
-0.000166
-0.000254
-0.000343
-0.000370
-0.000375
-0.000370
-0.000295
-0.000164
-0.000059
0.000005
0.000047
0.000077
0.000119
0.000178
0.000240
0.000292
0.000297
0.000222
0.000123
0.000100
0.000139
0.000144
0.000109
0.000101
0.000106
0.000051
-0.000064
-0.000146
-0.000151
-0.000146
-0.000189
-0.000213
-0.000107
0.000094
0.000189
0.000107
0.000031
0.000109
0.000238
0.000262
0.000212
0.000167
0.000082
-0.000065
-0.000157
-0.000124
-0.000047
-0.000020
-0.000040
-0.000042
-0.000037
-0.000097
-0.000188
-0.000218
-0.000195
-0.000161
-0.000099
0.000003
0.000066
0.000021
-0.000080
-0.000139
-0.000133
-0.000077
0.000040
0.000189
0.000250
0.000171
0.000053
0.000023
0.000095
0.000180
0.000162
0.000023
-0.000104
-0.000099
-0.000014
0.000039
0.000033
0.000018
0.000052
0.000079
-0.000011
-0.000170
-0.000252
-0.000229
-0.000181
-0.000136
-0.000075
-0.000005
0.000055
0.000122
0.000193
0.000238
0.000224
0.000147
0.000061
0.000016
-0.000002
-0.000032
-0.000085
-0.000119
-0.000088
-0.000010
0.000055
0.000077
0.000046
-0.000038
-0.000132
-0.000184
-0.000168
-0.000092
-0.000007
0.000041
0.000072
0.000105
0.000105
0.000076
0.000095
0.000159
0.000172
0.000114
0.000039
-0.000032
-0.000085
-0.000091
-0.000093
-0.000155
-0.000222
-0.000205
-0.000131
-0.000075
-0.000048
-0.000046
-0.000042
0.000030
0.000145
0.000183
0.000134
0.000130
0.000224
0.000271
0.000173
0.000079
0.000051
-0.000111
-0.000422
-0.000608
-0.000564
-0.000441
-0.000325
-0.000158
0.000042
0.000179
0.000254
0.000335
0.000384
0.000309
0.000147
0.000067
0.000157
0.000320
0.000414
0.000402
0.000345
0.000271
0.000133
-0.000047
-0.000144
-0.000099
-0.000014
-0.000014
-0.000076
-0.000102
-0.000110
-0.000213
-0.000393
-0.000466
-0.000371
-0.000283
-0.000285
-0.000226
-0.000071
0.000013
0.000014
0.000069
0.000178
0.000246
0.000242
0.000176
0.000072
-0.000018
-0.000062
-0.000071
-0.000066
-0.000062
-0.000067
-0.000060
-0.000005
0.000071
0.000081
-0.000004
-0.000114
-0.000148
-0.000073
0.000035
0.000068
0.000038
0.000036
0.000062
0.000053
0.000014
-0.000043
-0.000109
-0.000099
0.000040
0.000209
0.000258
0.000156
0.000007
-0.000078
-0.000059
0.000046
0.000154
0.000192
0.000194
0.000217
0.000211
0.000092
-0.000097
-0.000208
-0.000198
-0.000140
-0.000089
-0.000066
-0.000065
-0.000056
-0.000062
-0.000127
-0.000211
-0.000221
-0.000134
-0.000028
0.000026
0.000037
0.000024
-0.000019
-0.000073
-0.000082
-0.000002
0.000136
0.000200
0.000137
0.000066
0.000075
0.000107
0.000082
0.000015
-0.000031
-0.000044
-0.000053
-0.000072
-0.000090
-0.000091
-0.000057
-0.000000
0.000031
0.000044
0.000092
0.000142
0.000124
0.000072
0.000056
0.000065
0.000061
0.000040
-0.000006
-0.000072
-0.000121
-0.000145
-0.000164
-0.000153
-0.000074
0.000023
0.000071
0.000071
0.000050
0.000014
-0.000013
-0.000007
0.000014
0.000029
0.000057
0.000085
0.000044
-0.000032
-0.000038
0.000001
-0.000004
-0.000013
0.000058
0.000137
0.000054
-0.000196
-0.000395
-0.000301
0.000070
0.000398
0.000429
0.000284
0.000218
0.000220
0.000112
-0.000094
-0.000222
-0.000191
-0.000091
-0.000057
-0.000130
-0.000252
-0.000327
-0.000281
-0.000165
-0.000116
-0.000165
-0.000203
-0.000173
-0.000141
-0.000128
-0.000079
0.000011
0.000105
0.000186
0.000252
0.000325
0.000402
0.000400
0.000290
0.000171
0.000094
0.000008
-0.000083
-0.000116
-0.000119
-0.000153
-0.000187
-0.000170
-0.000123
-0.000066
0.000049
0.000229
0.000376
0.000392
0.000281
0.000112
-0.000039
-0.000138
-0.000196
-0.000226
-0.000202
-0.000097
0.000020
0.000050
0.000021
0.000013
0.000022
0.000020
0.000018
0.000016
0.000002
-0.000032
-0.000062
-0.000055
-0.000048
-0.000103
-0.000174
-0.000160
-0.000062
0.000035
0.000055
-0.000010
-0.000067
0.000009
0.000148
0.000169
0.000081
0.000029
0.000026
-0.000008
-0.000053
-0.000044
-0.000024
-0.000029
0.000032
0.000161
0.000206
0.000127
0.000038
0.000005
0.000006
0.000013
-0.000001
-0.000051
-0.000110
-0.000150
-0.000174
-0.000177
-0.000109
0.000012
0.000069
0.000014
-0.000085
-0.000152
-0.000140
-0.000019
0.000150
0.000228
0.000170
0.000080
0.000050
0.000053
0.000021
-0.000053
-0.000092
-0.000030
0.000047
0.000005
-0.000087
-0.000055
0.000067
0.000112
0.000059
0.000035
0.000087
0.000149
0.000158
0.000111
0.000052
-0.000010
-0.000111
-0.000236
-0.000304
-0.000280
-0.000212
-0.000145
-0.000080
-0.000015
0.000014
0.000025
0.000095
0.000196
0.000220
0.000172
0.000128
0.000104
0.000068
-0.000009
-0.000099
-0.000111
-0.000015
0.000085
0.000091
0.000026
-0.000086
-0.000284
-0.000470
-0.000468
-0.000336
-0.000266
-0.000259
-0.000179
-0.000009
0.000161
0.000268
0.000325
0.000358
0.000386
0.000418
0.000431
0.000418
0.000408
0.000412
0.000394
0.000337
0.000255
0.000133
-0.000039
-0.000244
-0.000434
-0.000506
-0.000408
-0.000237
-0.000150
-0.000202
-0.000315
-0.000387
-0.000376
-0.000264
-0.000069
0.000110
0.000185
0.000175
0.000162
0.000165
0.000118
0.000019
-0.000030
0.000010
0.000068
0.000075
0.000042
0.000023
0.000012
-0.000041
-0.000104
-0.000104
-0.000060
-0.000042
-0.000064
-0.000110
-0.000161
-0.000179
-0.000101
0.000057
0.000165
0.000123
-0.000016
-0.000119
-0.000111
-0.000040
0.000016
0.000051
0.000103
0.000159
0.000175
0.000139
0.000086
0.000069
0.000104
0.000155
0.000170
0.000160
0.000162
0.000142
0.000039
-0.000090
-0.000114
-0.000036
0.000026
0.000021
-0.000027
-0.000128
-0.000274
-0.000366
-0.000335
-0.000230
-0.000135
-0.000066
0.000006
0.000063
0.000060
0.000023
-0.000006
-0.000050
-0.000085
-0.000020
0.000129
0.000244
0.000258
0.000182
0.000069
0.000017
0.000055
0.000091
0.000060
0.000018
0.000000
-0.000022
-0.000060
-0.000138
-0.000242
-0.000248
-0.000124
-0.000017
0.000013
0.000051
0.000108
0.000099
0.000040
0.000028
0.000064
0.000072
0.000031
-0.000001
0.000021
0.000052
0.000015
-0.000057
-0.000066
-0.000019
0.000011
0.000018
0.000059
0.000128
0.000160
0.000143
0.000096
0.000013
-0.000093
-0.000171
-0.000211
-0.000272
-0.000320
-0.000213
0.000015
0.000143
0.000131
0.000129
0.000179
0.000207
0.000199
0.000162
0.000052
-0.000086
-0.000082
0.000088
0.000235
0.000265
0.000254
0.000217
0.000098
-0.000086
-0.000253
-0.000327
-0.000289
-0.000219
-0.000212
-0.000258
-0.000303
-0.000340
-0.000348
-0.000293
-0.000231
-0.000230
-0.000205
-0.000033
0.000180
0.000233
0.000183
0.000219
0.000327
0.000394
0.000386
0.000324
0.000236
0.000149
0.000047
-0.000075
-0.000135
-0.000065
0.000030
-0.000002
-0.000121
-0.000193
-0.000218
-0.000226
-0.000141
0.000060
0.000237
0.000264
0.000197
0.000164
0.000192
0.000185
0.000087
-0.000021
-0.000050
-0.000007
0.000059
0.000090
0.000001
-0.000186
-0.000317
-0.000319
-0.000265
-0.000200
-0.000079
0.000087
0.000175
0.000142
0.000095
0.000093
0.000050
-0.000076
-0.000184
-0.000198
-0.000154
-0.000095
-0.000029
0.000014
-0.000019
-0.000096
-0.000102
0.000012
0.000181
0.000292
0.000292
0.000247
0.000219
0.000164
0.000077
0.000023
-0.000010
-0.000085
-0.000173
-0.000196
-0.000123
0.000011
0.000118
0.000120
0.000040
-0.000027
-0.000042
-0.000061
-0.000100
-0.000095
-0.000043
-0.000023
-0.000042
-0.000065
-0.000101
-0.000136
-0.000124
-0.000082
-0.000051
-0.000010
0.000062
0.000129
0.000150
0.000116
0.000065
0.000072
0.000153
0.000242
0.000260
0.000168
-0.000016
-0.000198
-0.000271
-0.000204
-0.000080
-0.000025
-0.000065
-0.000115
-0.000128
-0.000111
-0.000054
0.000029
0.000085
0.000126
0.000213
0.000290
0.000237
0.000057
-0.000130
-0.000225
-0.000233
-0.000217
-0.000170
-0.000047
0.000084
0.000122
0.000079
0.000018
-0.000008
0.000022
0.000058
0.000037
-0.000023
-0.000023
0.000112
0.000242
0.000113
-0.000213
-0.000415
-0.000396
-0.000323
-0.000292
-0.000263
-0.000183
-0.000060
0.000043
0.000090
0.000159
0.000317
0.000468
0.000487
0.000426
0.000422
0.000469
0.000464
0.000386
0.000249
0.000048
-0.000157
-0.000266
-0.000244
-0.000152
-0.000098
-0.000133
-0.000228
-0.000295
-0.000259
-0.000180
-0.000173
-0.000234
-0.000259
-0.000186
-0.000052
0.000058
0.000128
0.000193
0.000236
0.000185
0.000051
-0.000043
-0.000049
-0.000072
-0.000167
-0.000236
-0.000185
-0.000065
0.000031
0.000094
0.000135
0.000132
0.000085
0.000034
0.000014
0.000020
0.000006
-0.000060
-0.000131
-0.000130
-0.000081
-0.000082
-0.000133
-0.000127
-0.000028
0.000058
0.000051
0.000008
0.000018
0.000080
0.000134
0.000148
0.000132
0.000134
0.000168
0.000156
0.000054
-0.000046
-0.000030
0.000072
0.000129
0.000119
0.000137
0.000187
0.000158
0.000016
-0.000110
-0.000134
-0.000143
-0.000234
-0.000302
-0.000204
-0.000047
-0.000032
-0.000112
-0.000118
-0.000058
-0.000021
0.000001
0.000025
0.000017
-0.000018
-0.000031
0.000002
0.000035
0.000004
-0.000063
-0.000071
-0.000013
0.000027
0.000017
0.000014
0.000072
0.000162
0.000182
0.000084
-0.000032
-0.000072
-0.000064
-0.000050
-0.000021
-0.000003
-0.000037
-0.000083
-0.000043
0.000082
0.000147
0.000069
0.000007
0.000136
0.000350
0.000388
0.000209
0.000031
-0.000003
0.000002
-0.000045
-0.000092
-0.000122
-0.000178
-0.000233
-0.000211
-0.000091
0.000037
0.000047
-0.000050
-0.000124
-0.000122
-0.000101
-0.000093
-0.000065
-0.000032
-0.000015
0.000017
0.000050
0.000008
-0.000100
-0.000195
-0.000200
-0.000069
0.000144
0.000324
0.000432
0.000488
0.000487
0.000408
0.000267
0.000100
-0.000074
-0.000204
-0.000245
-0.000254
-0.000284
-0.000291
-0.000265
-0.000273
-0.000305
-0.000287
-0.000214
-0.000151
-0.000123
-0.000077
0.000024
0.000126
0.000161
0.000154
0.000196
0.000286
0.000299
0.000176
0.000012
-0.000090
-0.000132
-0.000125
-0.000071
-0.000006
0.000009
-0.000076
-0.000195
-0.000178
-0.000028
0.000102
0.000186
0.000281
0.000326
0.000246
0.000070
-0.000100
-0.000160
-0.000116
-0.000055
0.000020
0.000130
0.000167
0.000060
-0.000054
-0.000043
0.000041
0.000080
0.000045
-0.000001
-0.000014
-0.000033
-0.000102
-0.000150
-0.000070
0.000103
0.000228
0.000223
0.000117
-0.000033
-0.000160
-0.000215
-0.000215
-0.000197
-0.000159
-0.000104
-0.000056
-0.000015
0.000029
0.000056
0.000060
0.000062
0.000073
0.000073
0.000030
-0.000015
0.000038
0.000178
0.000262
0.000204
0.000057
-0.000073
-0.000161
-0.000229
-0.000221
-0.000126
-0.000061
-0.000062
-0.000021
0.000087
0.000145
0.000092
0.000035
0.000060
0.000078
0.000026
-0.000009
-0.000001
-0.000036
-0.000111
-0.000136
-0.000119
-0.000132
-0.000142
-0.000065
0.000074
0.000170
0.000193
0.000161
0.000096
0.000049
0.000063
0.000069
-0.000000
-0.000071
-0.000069
-0.000039
-0.000015
0.000013
0.000054
0.000103
0.000106
-0.000007
-0.000172
-0.000226
-0.000159
-0.000107
-0.000123
-0.000142
-0.000111
-0.000051
-0.000009
0.000015
0.000049
0.000060
0.000025
0.000007
0.000057
0.000156
0.000246
0.000263
0.000209
0.000134
0.000082
0.000093
0.000120
0.000006
-0.000253
-0.000444
-0.000469
-0.000431
-0.000401
-0.000355
-0.000271
-0.000157
-0.000010
0.000175
0.000361
0.000467
0.000451
0.000388
0.000364
0.000344
0.000294
0.000263
0.000274
0.000285
0.000254
0.000133
-0.000085
-0.000292
-0.000334
-0.000179
0.000012
0.000056
-0.000050
-0.000179
-0.000247
-0.000253
-0.000240
-0.000256
-0.000285
-0.000278
-0.000227
-0.000129
0.000017
0.000118
0.000087
-0.000005
-0.000035
0.000038
0.000172
0.000250
0.000206
0.000120
0.000065
0.000018
-0.000049
-0.000102
-0.000106
-0.000066
-0.000019
-0.000025
-0.000092
-0.000144
-0.000145
-0.000135
-0.000097
0.000009
0.000100
0.000086
0.000019
-0.000023
-0.000040
-0.000031
0.000033
0.000127
0.000187
0.000156
0.000064
0.000015
0.000064
0.000136
0.000134
0.000077
0.000068
0.000127
0.000194
0.000205
0.000142
0.000054
0.000010
0.000012
-0.000024
-0.000120
-0.000173
-0.000173
-0.000224
-0.000272
-0.000196
-0.000074
-0.000047
-0.000091
-0.000113
-0.000112
-0.000127
-0.000159
-0.000161
-0.000090
0.000033
0.000112
0.000076
-0.000016
-0.000066
-0.000045
0.000030
0.000113
0.000169
0.000207
0.000219
0.000173
0.000100
0.000054
0.000027
-0.000001
0.000003
0.000032
0.000004
-0.000081
-0.000086
0.000043
0.000163
0.000127
-0.000017
-0.000088
-0.000005
0.000133
0.000186
0.000096
-0.000070
-0.000175
-0.000179
-0.000181
-0.000233
-0.000280
-0.000253
-0.000153
-0.000042
0.000018
0.000024
0.000004
0.000002
0.000051
0.000122
0.000149
0.000148
0.000179
0.000229
0.000235
0.000200
0.000177
0.000173
0.000157
0.000120
0.000075
0.000048
0.000095
0.000217
0.000303
0.000261
0.000126
-0.000011
-0.000106
-0.000191
-0.000310
-0.000446
-0.000547
-0.000599
-0.000624
-0.000609
-0.000507
-0.000335
-0.000202
-0.000196
-0.000259
-0.000253
-0.000126
0.000051
0.000187
0.000274
0.000363
0.000466
0.000516
0.000466
0.000386
0.000384
0.000451
0.000462
0.000347
0.000189
0.000072
-0.000030
-0.000137
-0.000229
-0.000317
-0.000392
-0.000386
-0.000267
-0.000075
0.000090
0.000145
0.000119
0.000126
0.000189
0.000190
0.000086
-0.000010
-0.000027
-0.000032
-0.000095
-0.000192
-0.000249
-0.000233
-0.000164
-0.000072
0.000035
0.000126
0.000150
0.000137
0.000151
0.000164
0.000117
0.000029
-0.000054
-0.000109
-0.000121
-0.000108
-0.000135
-0.000211
-0.000245
-0.000164
-0.000007
0.000121
0.000147
0.000086
0.000013
0.000005
0.000108
0.000269
0.000320
0.000191
0.000033
-0.000010
0.000002
-0.000038
-0.000112
-0.000154
-0.000143
-0.000094
-0.000071
-0.000110
-0.000139
-0.000119
-0.000109
-0.000125
-0.000101
-0.000027
0.000023
0.000044
0.000128
0.000265
0.000298
0.000169
0.000031
0.000030
0.000102
0.000114
0.000082
0.000099
0.000140
0.000110
0.000013
-0.000109
-0.000248
-0.000342
-0.000284
-0.000119
-0.000010
-0.000002
-0.000000
0.000055
0.000123
0.000129
0.000071
0.000037
0.000064
0.000071
0.000014
-0.000037
-0.000022
-0.000000
-0.000039
-0.000088
-0.000066
0.000016
0.000098
0.000158
0.000200
0.000188
0.000101
-0.000041
-0.000230
-0.000407
-0.000454
-0.000361
-0.000244
-0.000164
-0.000087
-0.000007
0.000046
0.000079
0.000098
0.000102
0.000098
0.000045
-0.000079
-0.000193
-0.000267
-0.000329
-0.000308
-0.000155
0.000031
0.000157
0.000249
0.000345
0.000446
0.000534
0.000566
0.000510
0.000394
0.000301
0.000267
0.000223
0.000114
-0.000009
-0.000075
-0.000096
-0.000123
-0.000153
-0.000150
-0.000096
-0.000016
0.000005
-0.000099
-0.000263
-0.000386
-0.000465
-0.000508
-0.000456
-0.000290
-0.000096
0.000028
0.000049
0.000038
0.000117
0.000297
0.000417
0.000332
0.000109
-0.000054
-0.000079
-0.000042
0.000002
0.000047
0.000056
0.000030
-0.000002
-0.000053
-0.000103
-0.000086
-0.000039
-0.000044
-0.000087
-0.000103
-0.000076
-0.000033
-0.000005
-0.000026
-0.000081
-0.000089
-0.000030
0.000023
0.000037
0.000058
0.000118
0.000166
0.000161
0.000161
0.000219
0.000261
0.000181
0.000013
-0.000097
-0.000095
-0.000094
-0.000199
-0.000326
-0.000288
-0.000089
0.000055
0.000036
-0.000002
0.000052
0.000130
0.000149
0.000088
-0.000017
-0.000072
-0.000071
-0.000121
-0.000212
-0.000224
-0.000138
-0.000019
0.000076
0.000120
0.000142
0.000189
0.000244
0.000277
0.000297
0.000280
0.000187
0.000044
-0.000075
-0.000127
-0.000117
-0.000060
-0.000007
-0.000034
-0.000092
-0.000086
-0.000094
-0.000208
-0.000316
-0.000310
-0.000297
-0.000382
-0.000410
-0.000218
0.000065
0.000228
0.000260
0.000230
0.000136
0.000068
0.000212
0.000469
0.000484
0.000220
0.000016
0.000041
0.000116
0.000063
-0.000100
-0.000225
-0.000171
0.000035
0.000234
0.000314
0.000262
0.000110
-0.000033
-0.000069
-0.000088
-0.000217
-0.000371
-0.000390
-0.000299
-0.000226
-0.000225
-0.000258
-0.000270
-0.000257
-0.000191
0.000026
0.000309
0.000421
0.000381
0.000401
0.000491
0.000470
0.000287
0.000084
-0.000029
-0.000064
-0.000087
-0.000151
-0.000233
-0.000275
-0.000279
-0.000267
-0.000245
-0.000240
-0.000252
-0.000244
-0.000175
-0.000070
-0.000006
-0.000003
0.000006
0.000055
0.000081
0.000024
-0.000049
-0.000018
0.000129
0.000287
0.000381
0.000384
0.000265
0.000048
-0.000126
-0.000166
-0.000133
-0.000106
-0.000081
-0.000004
0.000170
0.000359
0.000394
0.000286
0.000206
0.000208
0.000211
0.000154
0.000031
-0.000112
-0.000195
-0.000174
-0.000078
0.000026
0.000058
-0.000039
-0.000207
-0.000312
-0.000316
-0.000307
-0.000343
-0.000376
-0.000354
-0.000270
-0.000135
-0.000009
0.000037
0.000021
0.000027
0.000096
0.000178
0.000216
0.000204
0.000173
0.000161
0.000204
0.000256
0.000189
0.000030
-0.000007
0.000133
0.000276
0.000291
0.000248
0.000283
0.000339
0.000224
-0.000023
-0.000165
-0.000176
-0.000216
-0.000305
-0.000337
-0.000302
-0.000268
-0.000272
-0.000293
-0.000261
-0.000146
-0.000053
-0.000091
-0.000197
-0.000219
-0.000110
0.000028
0.000071
-0.000007
-0.000113
-0.000122
-0.000030
0.000045
0.000042
0.000018
0.000024
0.000058
0.000121
0.000208
0.000255
0.000239
0.000230
0.000281
0.000351
0.000356
0.000276
0.000208
0.000212
0.000185
0.000036
-0.000116
-0.000131
-0.000093
-0.000117
-0.000145
-0.000112
-0.000062
-0.000043
-0.000042
-0.000009
0.000061
0.000063
-0.000056
-0.000170
-0.000150
-0.000051
-0.000006
-0.000072
-0.000217
-0.000343
-0.000335
-0.000191
-0.000046
-0.000042
-0.000136
-0.000128
-0.000007
-0.000052
-0.000291
-0.000385
-0.000249
-0.000139
-0.000122
-0.000047
0.000117
0.000278
0.000379
0.000441
0.000519
0.000610
0.000640
0.000570
0.000470
0.000435
0.000459
0.000452
0.000376
0.000246
0.000081
-0.000078
-0.000228
-0.000399
-0.000541
-0.000557
-0.000477
-0.000447
-0.000499
-0.000541
-0.000539
-0.000555
-0.000591
-0.000570
-0.000442
-0.000240
-0.000057
0.000037
0.000107
0.000281
0.000522
0.000638
0.000552
0.000397
0.000310
0.000284
0.000277
0.000277
0.000261
0.000217
0.000135
-0.000002
-0.000151
-0.000238
-0.000227
-0.000146
-0.000100
-0.000156
-0.000187
-0.000073
0.000068
0.000061
-0.000084
-0.000187
-0.000119
0.000035
0.000110
0.000070
-0.000009
-0.000026
0.000064
0.000164
0.000166
0.000076
-0.000042
-0.000106
-0.000056
0.000061
0.000136
0.000158
0.000161
0.000098
-0.000027
-0.000117
-0.000145
-0.000156
-0.000145
-0.000082
-0.000007
0.000002
-0.000078
-0.000181
-0.000232
-0.000210
-0.000150
-0.000101
-0.000069
0.000005
0.000146
0.000262
0.000267
0.000184
0.000060
-0.000050
-0.000077
-0.000043
-0.000016
0.000026
0.000126
0.000212
0.000200
0.000163
0.000180
0.000166
0.000048
-0.000085
-0.000191
-0.000365
-0.000604
-0.000730
-0.000631
-0.000361
-0.000042
0.000161
0.000146
0.000045
0.000069
0.000190
0.000180
-0.000011
-0.000154
-0.000088
0.000120
0.000340
0.000443
0.000354
0.000183
0.000131
0.000244
0.000406
0.000517
0.000566
0.000552
0.000468
0.000358
0.000261
0.000148
-0.000012
-0.000168
-0.000228
-0.000213
-0.000289
-0.000518
-0.000730
-0.000762
-0.000651
-0.000536
-0.000527
-0.000596
-0.000545
-0.000244
0.000122
0.000284
0.000222
0.000116
0.000108
0.000178
0.000207
0.000136
0.000055
0.000054
0.000097
0.000148
0.000251
0.000389
0.000451
0.000362
0.000146
-0.000105
-0.000277
-0.000286
-0.000129
0.000079
0.000199
0.000202
0.000141
0.000067
-0.000010
-0.000122
-0.000237
-0.000247
-0.000163
-0.000136
-0.000194
-0.000220
-0.000193
-0.000203
-0.000270
-0.000297
-0.000198
-0.000001
0.000184
0.000290
0.000325
0.000322
0.000330
0.000352
0.000324
0.000260
0.000241
0.000237
0.000181
0.000114
0.000101
0.000109
0.000087
0.000045
0.000012
-0.000020
-0.000093
-0.000217
-0.000345
-0.000421
-0.000423
-0.000355
-0.000223
-0.000082
-0.000019
-0.000021
0.000002
0.000050
0.000053
-0.000002
-0.000070
-0.000106
-0.000115
-0.000137
-0.000156
-0.000149
-0.000182
-0.000303
-0.000461
-0.000539
-0.000403
-0.000050
0.000315
0.000478
0.000432
0.000355
0.000317
0.000205
-0.000005
-0.000157
-0.000108
0.000133
0.000406
0.000539
0.000496
0.000379
0.000321
0.000381
0.000481
0.000494
0.000410
0.000361
0.000396
0.000382
0.000217
-0.000004
-0.000161
-0.000284
-0.000382
-0.000402
-0.000405
-0.000471
-0.000526
-0.000522
-0.000558
-0.000668
-0.000763
-0.000784
-0.000702
-0.000500
-0.000269
-0.000149
-0.000142
-0.000129
-0.000022
0.000184
0.000388
0.000466
0.000444
0.000490
0.000666
0.000801
0.000707
0.000461
0.000300
0.000284
0.000266
0.000160
0.000019
-0.000060
-0.000050
-0.000036
-0.000071
-0.000121
-0.000184
-0.000296
-0.000413
-0.000420
-0.000300
-0.000194
-0.000196
-0.000211
-0.000109
0.000037
-0.000013
-0.000312
-0.000578
-0.000559
-0.000330
-0.000128
-0.000046
0.000020
0.000164
0.000346
0.000459
0.000443
0.000369
0.000363
0.000470
0.000600
0.000644
0.000580
0.000474
0.000391
0.000305
0.000162
0.000005
-0.000082
-0.000120
-0.000194
-0.000317
-0.000401
-0.000403
-0.000394
-0.000422
-0.000450
-0.000443
-0.000381
-0.000268
-0.000183
-0.000169
-0.000138
-0.000004
0.000157
0.000186
0.000053
-0.000141
-0.000338
-0.000532
-0.000652
-0.000593
-0.000340
0.000004
0.000282
0.000371
0.000282
0.000162
0.000128
0.000116
0.000025
-0.000037
0.000125
0.000485
0.000769
0.000738
0.000474
0.000321
0.000433
0.000583
0.000516
0.000266
0.000097
0.000194
0.000440
0.000562
0.000449
0.000215
-0.000012
-0.000227
-0.000454
-0.000634
-0.000709
-0.000734
-0.000758
-0.000755
-0.000710
-0.000645
-0.000572
-0.000533
-0.000552
-0.000511
-0.000299
-0.000035
0.000086
0.000089
0.000144
0.000261
0.000328
0.000373
0.000470
0.000569
0.000611
0.000598
0.000547
0.000467
0.000343
0.000201
0.000107
0.000054
0.000002
-0.000043
-0.000071
-0.000091
-0.000100
-0.000129
-0.000238
-0.000378
-0.000418
-0.000351
-0.000283
-0.000240
-0.000187
-0.000144
-0.000139
-0.000157
-0.000192
-0.000196
-0.000100
0.000027
0.000126
0.000274
0.000458
0.000510
0.000381
0.000226
0.000175
0.000193
0.000193
0.000137
0.000083
0.000156
0.000317
0.000319
0.000105
-0.000105
-0.000207
-0.000283
-0.000334
-0.000311
-0.000286
-0.000323
-0.000343
-0.000285
-0.000189
-0.000115
-0.000113
-0.000175
-0.000190
-0.000072
0.000114
0.000227
0.000202
0.000108
0.000030
0.000008
0.000122
0.000398
0.000652
0.000628
0.000265
-0.000232
-0.000610
-0.000766
-0.000693
-0.000456
-0.000241
-0.000176
-0.000160
-0.000068
0.000005
-0.000067
-0.000202
-0.000237
-0.000115
0.000137
0.000446
0.000629
0.000552
0.000362
0.000308
0.000388
0.000387
0.000219
0.000065
0.000148
0.000420
0.000650
0.000751
0.000736
0.000554
0.000292
0.000126
-0.000043
-0.000402
-0.000777
-0.000894
-0.000812
-0.000718
-0.000636
-0.000560
-0.000527
-0.000496
-0.000404
-0.000267
-0.000158
-0.000128
-0.000109
-0.000004
0.000154
0.000288
0.000363
0.000330
0.000216
0.000166
0.000214
0.000235
0.000204
0.000214
0.000288
0.000347
0.000312
0.000178
0.000016
-0.000119
-0.000219
-0.000272
-0.000276
-0.000284
-0.000325
-0.000365
-0.000326
-0.000159
0.000065
0.000172
0.000103
0.000026
0.000082
0.000147
0.000060
-0.000105
-0.000155
0.000007
0.000330
0.000620
0.000657
0.000456
0.000275
0.000282
0.000342
0.000277
0.000111
-0.000065
-0.000194
-0.000207
-0.000118
-0.000096
-0.000256
-0.000477
-0.000549
-0.000440
-0.000315
-0.000329
-0.000440
-0.000445
-0.000242
0.000011
0.000092
-0.000022
-0.000131
-0.000062
0.000094
0.000120
-0.000022
-0.000123
0.000007
0.000297
0.000500
0.000488
0.000379
0.000355
0.000442
0.000524
0.000524
0.000466
0.000362
0.000170
-0.000077
-0.000261
-0.000436
-0.000842
-0.001409
-0.001611
-0.001147
-0.000409
0.000032
0.000088
0.000077
0.000205
0.000551
0.001472
0.002755
0.002481
-0.000782
-0.004767
-0.005319
-0.001940
0.001170
0.000582
-0.002148
-0.002719
0.000500
0.004369
0.004623
0.001245
-0.000982
0.001581
0.006523
0.008401
0.005261
0.000366
-0.001874
-0.000656
0.000675
-0.001066
-0.004650
-0.005686
-0.002176
0.002462
0.003016
-0.001456
-0.006616
-0.007930
-0.005370
-0.002555
-0.002217
-0.003404
-0.003031
0.000241
0.003936
0.004274
0.000855
-0.002535
-0.002350
0.000992
0.004425
0.005649
0.004743
0.003579
0.003771
0.004670
0.004056
0.001394
-0.000847
-0.000294
0.002181
0.003726
0.002795
0.000183
-0.002245
-0.003205
-0.003029
-0.003126
-0.003993
-0.004424
-0.003455
-0.002063
-0.001907
-0.003286
-0.005113
-0.005999
-0.005026
-0.002439
0.000395
0.002433
0.003848
0.004947
0.005303
0.004664
0.003532
0.002418
0.001647
0.001740
0.002724
0.003541
0.003138
0.001596
-0.000358
-0.002087
-0.003064
-0.003135
-0.002761
-0.002244
-0.001261
0.000108
0.000854
0.000370
-0.000709
-0.001526
-0.001794
-0.001465
-0.000695
0.000020
0.000418
0.000646
0.000684
0.000440
0.000175
-0.000010
-0.000495
-0.001123
-0.000854
0.000513
0.001503
0.000997
-0.000345
-0.002193
-0.006372
-0.013444
-0.017768
-0.011562
0.003049
0.013116
0.012198
0.009943
0.015567
0.022254
0.019255
0.008937
0.000864
-0.001126
0.001736
0.006326
0.006419
-0.001063
-0.009469
-0.012301
-0.013449
-0.017629
-0.020708
-0.019041
-0.016542
-0.014850
-0.009733
-0.002149
0.000869
-0.001300
-0.001636
0.003391
0.010891
0.017323
0.020441
0.019352
0.016684
0.016300
0.017088
0.013991
0.006313
-0.000229
-0.001633
-0.000818
-0.002135
-0.005636
-0.009934
-0.015222
-0.019926
-0.020611
-0.017968
-0.016029
-0.014752
-0.010780
-0.004191
0.002383
0.007890
0.011075
0.010388
0.008615
0.010278
0.013938
0.014887
0.013321
0.012175
0.010970
0.008307
0.005184
0.001556
-0.004199
-0.010457
-0.013299
-0.012326
-0.010577
-0.010218
-0.011169
-0.011618
-0.009499
-0.005595
-0.002935
-0.001841
0.000339
0.004375
0.008439
0.011144
0.011919
0.010530
0.008166
0.006556
0.005727
0.004678
0.003025
0.000715
-0.001852
-0.003447
-0.003951
-0.005114
-0.007514
-0.009178
-0.008450
-0.005964
-0.003349
-0.001623
-0.000752
-0.000010
0.001025
0.002019
0.002620
0.002870
0.002908
0.003089
0.003907
0.004979
0.004973
0.003330
0.001195
-0.000079
-0.000451
-0.000704
-0.001181
-0.001350
-0.000636
0.000308
0.000121
-0.001266
-0.002817
-0.004214
-0.005150
-0.004452
-0.002521
-0.001723
-0.002371
-0.001938
0.000416
0.002288
0.002111
0.000411
-0.004325
-0.013568
-0.019177
-0.008857
0.011492
0.020229
0.013912
0.012710
0.023604
0.029084
0.019908
0.008408
0.003221
-0.001686
-0.008653
-0.010660
-0.008009
-0.010994
-0.021150
-0.027007
-0.022779
-0.015522
-0.012140
-0.012548
-0.013521
-0.010458
-0.001339
0.007906
0.011085
0.012161
0.017415
0.023998
0.026474
0.026026
0.024155
0.017074
0.005040
-0.002904
-0.002476
-0.002108
-0.008505
-0.015564
-0.016253
-0.013789
-0.013719
-0.015705
-0.017647
-0.018771
-0.017110
-0.011015
-0.002626
0.004751
0.010219
0.013966
0.016428
0.019094
0.021498
0.019722
0.012997
0.007038
0.005660
0.005299
0.001897
-0.003428
-0.008398
-0.012805
-0.015562
-0.014616
-0.011927
-0.011951
-0.013704
-0.011672
-0.004659
0.002538
0.005352
0.004343
0.004427
0.008683
0.013603
0.014010
0.010506
0.006983
0.004595
0.002696
0.001438
0.000406
-0.002001
-0.005721
-0.007834
-0.006346
-0.003749
-0.004050
-0.006812
-0.007596
-0.004368
-0.000068
0.001792
0.001308
0.000821
0.001332
0.002074
0.002508
0.002633
0.001997
0.000820
0.000906
0.002983
0.004785
0.003925
0.001240
-0.000339
0.000340
0.001390
0.000711
-0.001240
-0.002481
-0.002313
-0.001650
-0.001326
-0.001664
-0.002823
-0.003984
-0.003520
-0.001612
-0.000335
-0.000455
-0.001134
-0.001578
-0.000985
0.000612
0.001798
0.002021
0.002271
0.003128
0.003162
-0.001763
-0.013740
-0.023360
-0.016072
0.003975
0.015023
0.012023
0.013844
0.027106
0.033336
0.022541
0.009825
0.006568
0.002530
-0.009503
-0.017551
-0.014648
-0.013592
-0.021625
-0.025692
-0.017198
-0.007722
-0.008742
-0.015072
-0.016280
-0.010605
-0.002578
0.004084
0.008920
0.014415
0.021876
0.027517
0.027837
0.025483
0.022447
0.014656
0.002167
-0.005610
-0.004559
-0.004143
-0.011169
-0.017536
-0.015092
-0.010486
-0.012824
-0.017955
-0.017681
-0.013793
-0.011364
-0.008463
-0.002081
0.004906
0.009384
0.013108
0.018251
0.023143
0.024193
0.019649
0.011891
0.005828
0.002939
-0.000389
-0.005965
-0.010383
-0.011290
-0.010957
-0.011595
-0.012729
-0.013801
-0.014411
-0.012676
-0.007645
-0.001669
0.002885
0.006430
0.010198
0.014139
0.016388
0.014775
0.010352
0.006542
0.004208
0.001810
-0.001055
-0.003684
-0.005440
-0.005917
-0.005544
-0.005145
-0.005146
-0.005821
-0.006472
-0.005455
-0.002799
-0.000374
0.000970
0.001936
0.003137
0.004246
0.004180
0.002484
0.000373
-0.000757
-0.000860
-0.000427
0.000307
0.001040
0.001574
0.002201
0.003136
0.003743
0.003119
0.001493
0.000068
-0.000605
-0.001136
-0.002134
-0.003235
-0.003600
-0.003140
-0.002559
-0.002245
-0.002047
-0.001865
-0.001761
-0.001602
-0.000820
0.000853
0.002461
0.003092
0.003301
0.003464
0.002692
0.001155
0.000500
0.000680
-0.000651
-0.005798
-0.015309
-0.024253
-0.021778
-0.005376
0.009836
0.012753
0.014806
0.026872
0.036828
0.031200
0.019081
0.014253
0.010706
-0.003207
-0.019719
-0.023691
-0.018832
-0.018427
-0.021047
-0.018131
-0.013411
-0.014683
-0.017959
-0.015220
-0.008285
-0.004092
-0.003218
-0.000489
0.007729
0.020054
0.030162
0.032076
0.028174
0.025401
0.022956
0.014954
0.003767
-0.003168
-0.007017
-0.013898
-0.021091
-0.020858
-0.015201
-0.013185
-0.015482
-0.015084
-0.011511
-0.010491
-0.011497
-0.008463
-0.000948
0.005792
0.009742
0.013607
0.019178
0.024768
0.026929
0.023419
0.015956
0.008756
0.002829
-0.004322
-0.011968
-0.015892
-0.016223
-0.017104
-0.018097
-0.015233
-0.009988
-0.007836
-0.008540
-0.006356
0.000009
0.005376
0.007195
0.009197
0.013860
0.017702
0.016919
0.013293
0.010730
0.008514
0.003272
-0.003817
-0.008177
-0.009203
-0.010117
-0.011539
-0.010970
-0.007989
-0.005206
-0.003903
-0.002292
0.000682
0.002966
0.002940
0.002414
0.003479
0.004856
0.004094
0.001714
0.000385
0.000746
0.000788
-0.000468
-0.001407
-0.000800
0.000198
0.000291
0.000256
0.001326
0.002730
0.002827
0.001878
0.001366
0.001216
0.000112
-0.001912
-0.003400
-0.003776
-0.003927
-0.004184
-0.003410
-0.001431
-0.000521
-0.001555
-0.001320
0.002002
0.004863
0.004696
0.003955
0.004168
0.003338
0.000696
-0.001803
-0.002605
-0.003290
-0.008299
-0.018966
-0.027046
-0.021203
-0.004039
0.008235
0.010562
0.016474
0.031159
0.039810
0.034042
0.025909
0.023633
0.016204
-0.003635
-0.021537
-0.023863
-0.020090
-0.024456
-0.031625
-0.029319
-0.020024
-0.013680
-0.011596
-0.009403
-0.006381
-0.004291
-0.002526
0.001354
0.008528
0.017149
0.023006
0.024523
0.026167
0.030958
0.032568
0.024261
0.011118
0.001919
-0.004863
-0.014599
-0.023599
-0.025415
-0.023311
-0.024134
-0.025096
-0.018980
-0.008463
-0.002805
-0.003293
-0.003205
0.000588
0.005171
0.008308
0.010990
0.014476
0.018217
0.020545
0.020788
0.020209
0.019275
0.015082
0.005327
-0.006160
-0.013558
-0.017594
-0.022633
-0.027190
-0.026299
-0.020788
-0.015187
-0.009778
-0.002470
0.005150
0.009443
0.010032
0.010474
0.013455
0.016245
0.014790
0.011529
0.011476
0.012742
0.010272
0.004792
0.000042
-0.003739
-0.008417
-0.013506
-0.016218
-0.015617
-0.014256
-0.013518
-0.010660
-0.004057
0.002807
0.006209
0.006972
0.007812
0.008912
0.008232
0.005312
0.002354
0.000750
-0.000605
-0.002291
-0.002725
-0.001141
0.000460
0.000243
-0.000515
0.000316
0.002013
0.002169
0.000625
-0.000486
-0.000197
0.000254
-0.000036
-0.000254
0.000078
-0.000183
-0.001614
-0.002853
-0.002785
-0.002240
-0.002385
-0.002732
-0.002073
-0.000525
0.001097
0.002754
0.004365
0.005322
0.005289
0.003965
0.001574
-0.000341
-0.001410
-0.004862
-0.014142
-0.025243
-0.026377
-0.013646
-0.000143
0.004437
0.009554
0.023180
0.035160
0.035931
0.031858
0.030108
0.024670
0.009039
-0.008939
-0.018418
-0.022544
-0.029184
-0.034730
-0.032378
-0.025343
-0.019536
-0.014256
-0.007405
-0.000668
0.003833
0.006057
0.006179
0.004803
0.005131
0.009472
0.014713
0.017473
0.019458
0.021776
0.021760
0.019410
0.017325
0.013496
0.004024
-0.008704
-0.018683
-0.024251
-0.027355
-0.028082
-0.025586
-0.021772
-0.018012
-0.011468
-0.000977
0.008389
0.012412
0.013344
0.014396
0.015023
0.014292
0.013458
0.013156
0.011874
0.008944
0.006225
0.005102
0.004332
0.002098
-0.002197
-0.007867
-0.012919
-0.016133
-0.018919
-0.021731
-0.021510
-0.016860
-0.011163
-0.006652
-0.000947
0.007210
0.014392
0.017798
0.019187
0.020516
0.020323
0.017162
0.012489
0.008391
0.004816
-0.000098
-0.006521
-0.011248
-0.012469
-0.012890
-0.014564
-0.015554
-0.014059
-0.010886
-0.007333
-0.003926
-0.000408
0.003602
0.007228
0.009399
0.010679
0.011579
0.011084
0.008467
0.004565
0.000926
-0.001625
-0.003682
-0.005830
-0.007152
-0.006630
-0.004775
-0.002637
-0.000552
0.001532
0.003393
0.004522
0.004620
0.003887
0.002614
0.000941
-0.000889
-0.002557
-0.003734
-0.004093
-0.003747
-0.003120
-0.002177
-0.000800
0.000501
0.001342
0.002027
0.002781
0.003384
0.003510
0.002921
0.001737
0.000378
-0.000850
-0.002055
-0.004700
-0.010729
-0.017602
-0.018067
-0.010257
-0.001958
0.001465
0.004991
0.013519
0.022819
0.026872
0.026744
0.026345
0.024108
0.015800
0.003153
-0.007773
-0.014993
-0.020922
-0.026715
-0.030950
-0.031604
-0.027375
-0.019220
-0.010449
-0.003386
0.002681
0.008493
0.012171
0.012513
0.012361
0.014099
0.014645
0.010830
0.006108
0.005587
0.008313
0.009775
0.008475
0.006210
0.004381
0.002638
0.000123
-0.003429
-0.007600
-0.011682
-0.015293
-0.018349
-0.019795
-0.017863
-0.013024
-0.008306
-0.004882
-0.000412
0.006511
0.013462
0.017500
0.018722
0.018721
0.017543
0.014389
0.009823
0.005104
0.000548
-0.003982
-0.008245
-0.011710
-0.013427
-0.012695
-0.010610
-0.009157
-0.008412
-0.006873
-0.004452
-0.002563
-0.001389
0.000097
0.001680
0.002403
0.002873
0.004449
0.007016
0.009327
0.010603
0.011103
0.011511
0.011566
0.009989
0.006569
0.002521
-0.001744
-0.006470
-0.010828
-0.013910
-0.015663
-0.015863
-0.014373
-0.011696
-0.008010
-0.003363
0.001475
0.005763
0.009245
0.011591
0.012555
0.012080
0.010014
0.006707
0.003175
-0.000073
-0.003119
-0.005628
-0.007015
-0.007112
-0.006188
-0.004748
-0.003057
-0.000971
0.001303
0.003103
0.004134
0.004572
0.004542
0.003932
0.002584
0.000761
-0.000878
-0.002041
-0.002917
-0.003515
-0.003721
-0.003572
-0.003042
-0.002164
-0.001110
0.000148
0.001526
0.002570
0.003104
0.003271
0.003041
0.002525
0.001895
0.000541
-0.002785
-0.008267
-0.012926
-0.012467
-0.007581
-0.003790
-0.002438
0.000987
0.007953
0.014254
0.017238
0.019105
0.021457
0.021196
0.015405
0.007022
0.000671
-0.004090
-0.010349
-0.018056
-0.024446
-0.027209
-0.025591
-0.020825
-0.015350
-0.010168
-0.004384
0.002128
0.007869
0.012127
0.015820
0.018672
0.018189
0.013916
0.009560
0.007795
0.006610
0.003481
-0.000687
-0.003643
-0.004706
-0.004617
-0.004244
-0.003976
-0.003841
-0.003816
-0.004020
-0.004576
-0.005000
-0.004540
-0.003842
-0.004448
-0.005707
-0.005037
-0.002028
0.000973
0.002655
0.004052
0.006087
0.008222
0.009707
0.010450
0.010288
0.008726
0.005876
0.002513
-0.000877
-0.004107
-0.006966
-0.009648
-0.012226
-0.013548
-0.012463
-0.009896
-0.007731
-0.005959
-0.002949
0.001374
0.004938
0.006792
0.008383
0.010686
0.012492
0.012396
0.010949
0.009725
0.008680
0.006217
0.002128
-0.001807
-0.004471
-0.006610
-0.009168
-0.011656
-0.012613
-0.011497
-0.009509
-0.007820
-0.005858
-0.002675
0.001134
0.004281
0.006420
0.007965
0.009016
0.008972
0.007420
0.005121
0.003154
0.001400
-0.000919
-0.003579
-0.005329
-0.005486
-0.004811
-0.004308
-0.003700
-0.002139
0.000055
0.001736
0.002569
0.003111
0.003649
0.003835
0.003326
0.002335
0.001380
0.000569
-0.000462
-0.001854
-0.003133
-0.003713
-0.003627
-0.003365
-0.002981
-0.002052
-0.000659
0.000538
0.001319
0.002058
0.002906
0.003492
0.003149
0.001037
-0.002934
-0.006663
-0.007340
-0.005402
-0.003968
-0.003609
-0.001854
0.001844
0.005233
0.007637
0.010960
0.015136
0.016505
0.013329
0.009121
0.007050
0.005096
0.000164
-0.006944
-0.013331
-0.017445
-0.019106
-0.018696
-0.017248
-0.015587
-0.013229
-0.009328
-0.004077
0.001829
0.007958
0.013199
0.015813
0.016036
0.016394
0.017571
0.016852
0.012499
0.006486
0.001356
-0.002678
-0.006335
-0.009456
-0.011749
-0.013449
-0.014256
-0.013235
-0.010376
-0.006792
-0.003374
-0.000455
0.001857
0.004024
0.006648
0.008965
0.009440
0.008206
0.006900
0.006095
0.004944
0.003106
0.001166
-0.000560
-0.002156
-0.003310
-0.003686
-0.003747
-0.004053
-0.004435
-0.004661
-0.004752
-0.004480
-0.003803
-0.003370
-0.003419
-0.003033
-0.001517
0.000378
0.001560
0.002194
0.003373
0.005455
0.007499
0.008614
0.008906
0.008613
0.007619
0.006060
0.004141
0.001814
-0.000803
-0.003635
-0.006585
-0.008742
-0.009417
-0.009444
-0.009615
-0.009327
-0.007805
-0.005069
-0.001824
0.000886
0.002722
0.004365
0.006116
0.007387
0.007765
0.007277
0.006031
0.004389
0.002759
0.001224
-0.000227
-0.001678
-0.003288
-0.004671
-0.005105
-0.004635
-0.003951
-0.003358
-0.002594
-0.001347
0.000246
0.001613
0.002392
0.002791
0.003086
0.003296
0.003360
0.003118
0.002388
0.001326
0.000290
-0.000568
-0.001248
-0.001841
-0.002525
-0.003194
-0.003403
-0.003135
-0.003333
-0.004850
-0.006606
-0.006241
-0.003407
-0.000400
0.001291
0.002470
0.003898
0.005235
0.006670
0.009041
0.011531
0.011585
0.008736
0.006027
0.005477
0.004970
0.001930
-0.002943
-0.007423
-0.010337
-0.011369
-0.010926
-0.010525
-0.011175
-0.011649
-0.010127
-0.006800
-0.003227
-0.000123
0.002539
0.004569
0.006448
0.009318
0.012475
0.013400
0.011597
0.009370
0.008067
0.006583
0.003909
0.000449
-0.003218
-0.006646
-0.008917
-0.009633
-0.009812
-0.010282
-0.010254
-0.008805
-0.006299
-0.003352
-0.000145
0.002694
0.004536
0.006082
0.008253
0.010211
0.010410
0.008985
0.007345
0.006048
0.004597
0.002638
0.000125
-0.002872
-0.005726
-0.007555
-0.008353
-0.008886
-0.009473
-0.009731
-0.009307
-0.008002
-0.005649
-0.002719
-0.000147
0.002058
0.004737
0.007801
0.010060
0.010916
0.010889
0.010502
0.009663
0.008182
0.006156
0.003725
0.000978
-0.001853
-0.004484
-0.006718
-0.008373
-0.009361
-0.009745
-0.009507
-0.008526
-0.006971
-0.005308
-0.003716
-0.001895
0.000322
0.002571
0.004385
0.005674
0.006617
0.007249
0.007342
0.006734
0.005532
0.003986
0.002369
0.000843
-0.000621
-0.002051
-0.003298
-0.004160
-0.004543
-0.004476
-0.004106
-0.003641
-0.003127
-0.002385
-0.001332
-0.000179
0.000821
0.001653
0.002478
0.003340
0.004051
0.004329
0.003982
0.003114
0.002106
0.001129
-0.000177
-0.002302
-0.005040
-0.007123
-0.007239
-0.005601
-0.003741
-0.002648
-0.001953
-0.000939
0.000642
0.002865
0.005477
0.007192
0.006898
0.005797
0.006029
0.007200
0.006875
0.004326
0.001305
-0.000678
-0.001655
-0.002170
-0.002856
-0.004434
-0.006642
-0.008044
-0.007910
-0.007204
-0.006993
-0.006958
-0.006233
-0.004498
-0.001761
0.001495
0.004028
0.005275
0.006382
0.008274
0.009893
0.009803
0.008231
0.006260
0.004267
0.002227
0.000322
-0.001588
-0.003873
-0.006006
-0.006893
-0.006576
-0.006158
-0.006071
-0.005764
-0.004783
-0.003144
-0.001165
0.000524
0.001489
0.002188
0.003419
0.005035
0.006112
0.006270
0.005888
0.005266
0.004438
0.003413
0.002002
-0.000084
-0.002532
-0.004468
-0.005518
-0.006107
-0.006533
-0.006595
-0.006155
-0.005268
-0.003919
-0.002258
-0.000701
0.000611
0.001967
0.003442
0.004671
0.005455
0.005952
0.006172
0.005978
0.005495
0.004907
0.004129
0.003099
0.001971
0.000791
-0.000563
-0.002060
-0.003477
-0.004684
-0.005763
-0.006729
-0.007329
-0.007272
-0.006563
-0.005439
-0.004109
-0.002610
-0.000888
0.000934
0.002548
0.003806
0.004811
0.005574
0.005915
0.005782
0.005348
0.004743
0.003925
0.002908
0.001863
0.000924
0.000045
-0.000858
-0.001708
-0.002364
-0.002804
-0.003063
-0.003192
-0.003325
-0.003463
-0.003410
-0.003179
-0.003065
-0.003327
-0.003980
-0.004493
-0.003828
-0.001517
0.001462
0.003559
0.004304
0.004521
0.005036
0.005861
0.006519
0.006389
0.005157
0.003565
0.002805
0.002727
0.001950
-0.000039
-0.002231
-0.003589
-0.003955
-0.003668
-0.003328
-0.003593
-0.004344
-0.004662
-0.004167
-0.003588
-0.003526
-0.003511
-0.002819
-0.001439
0.000162
0.001490
0.002207
0.002575
0.003343
0.004561
0.005255
0.004850
0.003977
0.003372
0.002958
0.002369
0.001498
0.000329
-0.000975
-0.001861
-0.002040
-0.002082
-0.002588
-0.003277
-0.003532
-0.003240
-0.002678
-0.002108
-0.001682
-0.001328
-0.000753
0.000132
0.000976
0.001482
0.001789
0.002108
0.002402
0.002563
0.002462
0.001884
0.000926
0.000212
0.000064
-0.000098
-0.000797
-0.001549
-0.001571
-0.000941
-0.000447
-0.000547
-0.000958
-0.001167
-0.000968
-0.000532
-0.000239
-0.000325
-0.000516
-0.000357
0.000129
0.000490
0.000510
0.000514
0.000919
0.001645
0.002248
0.002486
0.002435
0.002258
0.001962
0.001375
0.000444
-0.000558
-0.001324
-0.001801
-0.002119
-0.002400
-0.002643
-0.002671
-0.002310
-0.001714
-0.001244
-0.000968
-0.000621
-0.000084
0.000424
0.000642
0.000564
0.000446
0.000522
0.000760
0.000973
0.001072
0.001143
0.001298
0.001497
0.001578
0.001454
0.001190
0.000933
0.000771
0.000611
0.000129
-0.001051
-0.002726
-0.003842
-0.003492
-0.002095
-0.000913
-0.000553
-0.000584
-0.000394
0.000220
0.001080
0.001654
0.001449
0.000834
0.000807
0.001545
0.002052
0.001612
0.000688
0.000125
0.000231
0.000754
0.001167
0.001004
0.000387
-0.000034
-0.000053
-0.000268
-0.001091
-0.002073
-0.002601
-0.002598
-0.002280
-0.001862
-0.001552
-0.001289
-0.000686
0.000286
0.001047
0.001218
0.001113
0.001154
0.001350
0.001481
0.001359
0.000947
0.000506
0.000419
0.000664
0.000779
0.000507
0.000119
-0.000036
0.000006
-0.000029
-0.000297
-0.000730
-0.001047
-0.000948
-0.000528
-0.000209
-0.000144
-0.000088
0.000161
0.000481
0.000545
0.000164
-0.000487
-0.000987
-0.001096
-0.001078
-0.001331
-0.001683
-0.001548
-0.000826
-0.000083
0.000235
0.000287
0.000467
0.000937
0.001602
0.002175
0.002266
0.001821
0.001314
0.001119
0.000974
0.000480
-0.000169
-0.000415
-0.000182
0.000068
0.000053
-0.000107
-0.000270
-0.000418
-0.000549
-0.000712
-0.000973
-0.001199
-0.001135
-0.000850
-0.000715
-0.000806
-0.000803
-0.000512
-0.000102
0.000156
0.000198
0.000200
0.000340
0.000613
0.000797
0.000686
0.000402
0.000255
0.000272
0.000233
0.000114
0.000078
0.000128
0.000083
-0.000113
-0.000286
-0.000326
-0.000314
-0.000343
-0.000536
-0.001079
-0.001801
-0.002052
-0.001432
-0.000371
0.000441
0.000841
0.001042
0.001214
0.001537
0.002022
0.002172
0.001645
0.001036
0.001023
0.001257
0.001029
0.000304
-0.000504
-0.001059
-0.001143
-0.000800
-0.000470
-0.000479
-0.000553
-0.000408
-0.000408
-0.000917
-0.001533
-0.001708
-0.001487
-0.001139
-0.000706
-0.000251
0.000120
0.000525
0.001036
0.001378
0.001366
0.001191
0.000999
0.000705
0.000309
-0.000066
-0.000364
-0.000555
-0.000563
-0.000364
-0.000073
0.000178
0.000384
0.000587
0.000764
0.000856
0.000777
0.000493
0.000179
0.000044
-0.000000
-0.000200
-0.000531
-0.000738
-0.000772
-0.000836
-0.001040
-0.001267
-0.001304
-0.001105
-0.000938
-0.000993
-0.000962
-0.000515
0.000149
0.000703
0.001143
0.001497
0.001663
0.001710
0.001754
0.001618
0.001139
0.000548
0.000093
-0.000306
-0.000754
-0.001167
-0.001417
-0.001383
-0.001064
-0.000717
-0.000500
-0.000195
0.000330
0.000795
0.000974
0.001001
0.001002
0.000890
0.000633
0.000336
0.000072
-0.000132
-0.000288
-0.000485
-0.000713
-0.000783
-0.000653
-0.000549
-0.000587
-0.000618
-0.000530
-0.000399
-0.000274
-0.000085
0.000161
0.000321
0.000346
0.000361
0.000411
0.000357
0.000171
0.000058
0.000021
-0.000301
-0.001006
-0.001583
-0.001524
-0.000936
-0.000248
0.000332
0.000803
0.001134
0.001327
0.001487
0.001600
0.001480
0.001152
0.000878
0.000713
0.000478
0.000124
-0.000244
-0.000570
-0.000809
-0.000829
-0.000649
-0.000510
-0.000448
-0.000243
0.000035
0.000045
-0.000203
-0.000357
-0.000359
-0.000472
-0.000729
-0.000903
-0.000902
-0.000753
-0.000466
-0.000132
0.000137
0.000323
0.000434
0.000472
0.000518
0.000660
0.000819
0.000848
0.000777
0.000713
0.000630
0.000457
0.000270
0.000175
0.000119
0.000023
-0.000063
-0.000109
-0.000178
-0.000300
-0.000476
-0.000700
-0.000871
-0.000946
-0.001025
-0.001023
-0.000724
-0.000328
-0.000178
-0.000046
0.000461
0.001086
0.001271
0.000978
0.000632
0.000501
0.000471
0.000345
0.000066
-0.000320
-0.000633
-0.000730
-0.000779
-0.000938
-0.001011
-0.000824
-0.000493
-0.000146
0.000203
0.000507
0.000720
0.000859
0.000919
0.000891
0.000822
0.000769
0.000760
0.000764
0.000651
0.000332
-0.000073
-0.000416
-0.000722
-0.001037
-0.001241
-0.001219
-0.001071
-0.000967
-0.000893
-0.000725
-0.000439
-0.000120
0.000119
0.000255
0.000425
0.000684
0.000783
0.000500
0.000125
0.000266
0.000939
0.001258
0.000627
-0.000319
-0.000654
-0.000361
-0.000051
-0.000094
-0.000404
-0.000580
-0.000196
0.000553
0.000861
0.000432
-0.000068
-0.000056
0.000228
0.000361
0.000322
0.000232
0.000196
0.000301
0.000317
-0.000047
-0.000495
-0.000515
-0.000170
0.000074
-0.000025
-0.000347
-0.000621
-0.000632
-0.000460
-0.000468
-0.000750
-0.000886
-0.000569
-0.000071
0.000190
0.000207
0.000276
0.000550
0.000895
0.001042
0.000861
0.000569
0.000471
0.000518
0.000471
0.000317
0.000170
0.000044
-0.000070
-0.000158
-0.000296
-0.000503
-0.000601
-0.000475
-0.000300
-0.000311
-0.000540
-0.000812
-0.000892
-0.000726
-0.000485
-0.000285
-0.000027
0.000320
0.000570
0.000613
0.000568
0.000554
0.000524
0.000418
0.000281
0.000173
0.000093
0.000000
-0.000163
-0.000339
-0.000372
-0.000288
-0.000242
-0.000207
-0.000093
0.000039
0.000116
0.000193
0.000321
0.000449
0.000527
0.000602
0.000689
0.000655
0.000428
0.000161
-0.000006
-0.000153
-0.000400
-0.000699
-0.000896
-0.000921
-0.000856
-0.000886
-0.001090
-0.001265
-0.001147
-0.000752
-0.000288
0.000121
0.000461
0.000707
0.000830
0.000876
0.000930
0.001001
0.001030
0.000983
0.000872
0.000714
0.000507
0.000255
-0.000014
-0.000252
-0.000387
-0.000390
-0.000354
-0.000396
-0.000484
-0.000467
-0.000296
-0.000076
0.000068
0.000103
0.000107
0.000167
0.000273
0.000303
0.000204
0.000118
0.000160
0.000197
0.000084
-0.000072
-0.000137
-0.000167
-0.000271
-0.000463
-0.000667
-0.000762
-0.000699
-0.000566
-0.000486
-0.000472
-0.000424
-0.000228
0.000122
0.000464
0.000619
0.000621
0.000644
0.000739
0.000791
0.000705
0.000520
0.000350
0.000215
0.000024
-0.000203
-0.000326
-0.000330
-0.000271
-0.000158
-0.000060
-0.000074
-0.000155
-0.000191
-0.000184
-0.000242
-0.000354
-0.000394
-0.000374
-0.000350
-0.000250
-0.000074
0.000033
0.000054
0.000137
0.000359
0.000610
0.000737
0.000724
0.000617
0.000393
0.000051
-0.000300
-0.000526
-0.000586
-0.000616
-0.000696
-0.000615
-0.000249
0.000112
0.000228
0.000242
0.000300
0.000327
0.000237
0.000070
-0.000049
-0.000017
0.000094
0.000082
-0.000119
-0.000358
-0.000435
-0.000303
-0.000130
-0.000060
-0.000067
-0.000083
-0.000079
-0.000047
-0.000025
-0.000046
-0.000062
-0.000017
0.000051
0.000105
0.000204
0.000369
0.000471
0.000399
0.000214
0.000061
0.000038
0.000176
0.000374
0.000426
0.000297
0.000182
0.000190
0.000170
0.000010
-0.000156
-0.000167
-0.000034
0.000116
0.000125
-0.000040
-0.000201
-0.000226
-0.000230
-0.000306
-0.000314
-0.000137
0.000086
0.000155
0.000054
-0.000078
-0.000134
-0.000118
-0.000136
-0.000242
-0.000304
-0.000185
0.000039
0.000196
0.000205
0.000121
0.000068
0.000085
0.000059
-0.000101
-0.000299
-0.000392
-0.000377
-0.000309
-0.000189
-0.000027
0.000137
0.000310
0.000439
0.000405
0.000274
0.000227
0.000243
0.000176
0.000026
-0.000119
-0.000227
-0.000289
-0.000306
-0.000292
-0.000261
-0.000232
-0.000228
-0.000236
-0.000221
-0.000140
0.000016
0.000174
0.000231
0.000154
0.000005
-0.000076
0.000001
0.000182
0.000388
0.000588
0.000708
0.000652
0.000424
0.000158
0.000002
-0.000056
-0.000153
-0.000343
-0.000519
-0.000566
-0.000541
-0.000562
-0.000581
-0.000442
-0.000140
0.000143
0.000294
0.000392
0.000478
0.000471
0.000381
0.000339
0.000369
0.000337
0.000194
0.000089
0.000107
0.000082
-0.000166
-0.000523
-0.000747
-0.000825
-0.000876
-0.000824
-0.000557
-0.000216
0.000007
0.000121
0.000241
0.000415
0.000587
0.000672
0.000657
0.000591
0.000523
0.000451
0.000352
0.000227
0.000086
-0.000030
-0.000039
0.000056
0.000097
-0.000038
-0.000225
-0.000278
-0.000263
-0.000325
-0.000384
-0.000311
-0.000178
-0.000098
-0.000055
-0.000023
0.000001
0.000052
0.000134
0.000208
0.000242
0.000188
0.000045
-0.000073
-0.000092
-0.000051
0.000001
0.000056
0.000078
0.000008
-0.000113
-0.000177
-0.000154
-0.000094
-0.000024
0.000046
0.000074
0.000064
0.000088
0.000138
0.000134
0.000119
0.000166
0.000203
0.000166
0.000103
0.000035
-0.000079
-0.000222
-0.000332
-0.000393
-0.000418
-0.000431
-0.000459
-0.000510
-0.000550
-0.000509
-0.000364
-0.000203
-0.000087
0.000045
0.000246
0.000506
0.000733
0.000725
0.000440
0.000170
0.000125
0.000142
0.000060
-0.000025
-0.000025
-0.000005
-0.000002
0.000017
0.000037
-0.000003
-0.000063
-0.000022
0.000098
0.000132
0.000028
-0.000063
0.000006
0.000150
0.000203
0.000196
0.000244
0.000312
0.000288
0.000181
0.000118
0.000131
0.000080
-0.000107
-0.000311
-0.000422
-0.000481
-0.000542
-0.000569
-0.000529
-0.000419
-0.000230
-0.000013
0.000130
0.000189
0.000240
0.000299
0.000326
0.000346
0.000398
0.000424
0.000363
0.000283
0.000259
0.000234
0.000153
0.000072
0.000022
-0.000070
-0.000267
-0.000489
-0.000604
-0.000629
-0.000670
-0.000681
-0.000555
-0.000318
-0.000100
0.000026
0.000113
0.000242
0.000368
0.000396
0.000342
0.000324
0.000395
0.000461
0.000420
0.000328
0.000300
0.000300
0.000202
0.000022
-0.000122
-0.000192
-0.000253
-0.000378
-0.000550
-0.000653
-0.000627
-0.000563
-0.000499
-0.000324
-0.000007
0.000290
0.000449
0.000511
0.000532
0.000483
0.000319
0.000121
0.000053
0.000109
0.000125
0.000053
-0.000056
-0.000182
-0.000300
-0.000362
-0.000350
-0.000299
-0.000249
-0.000196
-0.000124
-0.000065
-0.000046
-0.000016
0.000074
0.000160
0.000170
0.000146
0.000163
0.000225
0.000303
0.000360
0.000354
0.000301
0.000260
0.000220
0.000111
-0.000058
-0.000157
-0.000150
-0.000177
-0.000299
-0.000421
-0.000497
-0.000514
-0.000424
-0.000257
-0.000128
-0.000055
0.000075
0.000279
0.000378
0.000320
0.000314
0.000442
0.000563
0.000594
0.000548
0.000423
0.000211
-0.000044
-0.000253
-0.000366
-0.000401
-0.000407
-0.000413
-0.000424
-0.000428
-0.000424
-0.000400
-0.000290
-0.000031
0.000301
0.000539
0.000625
0.000602
0.000452
0.000220
0.000091
0.000108
0.000065
-0.000114
-0.000225
-0.000170
-0.000164
-0.000328
-0.000453
-0.000418
-0.000427
-0.000552
-0.000546
-0.000329
-0.000125
-0.000035
0.000068
0.000183
0.000189
0.000153
0.000243
0.000421
0.000515
0.000469
0.000331
0.000169
0.000051
0.000013
0.000035
0.000073
0.000065
-0.000047
-0.000200
-0.000264
-0.000250
-0.000260
-0.000285
-0.000264
-0.000198
-0.000085
0.000079
0.000237
0.000326
0.000366
0.000397
0.000391
0.000326
0.000231
0.000097
-0.000086
-0.000220
-0.000230
-0.000211
-0.000248
-0.000253
-0.000139
-0.000005
0.000022
-0.000002
0.000016
0.000046
0.000018
-0.000085
-0.000176
-0.000126
0.000042
0.000144
0.000110
0.000048
0.000037
0.000061
0.000079
0.000076
0.000072
0.000046
-0.000019
-0.000062
-0.000046
-0.000021
-0.000034
-0.000089
-0.000134
-0.000118
-0.000073
-0.000026
0.000041
0.000087
0.000055
-0.000005
-0.000005
0.000045
0.000077
0.000092
0.000149
0.000220
0.000201
0.000095
0.000045
0.000102
0.000136
0.000048
-0.000090
-0.000171
-0.000181
-0.000155
-0.000127
-0.000135
-0.000179
-0.000218
-0.000234
-0.000226
-0.000186
-0.000129
-0.000085
-0.000035
0.000038
0.000100
0.000171
0.000300
0.000421
0.000425
0.000330
0.000247
0.000221
0.000167
0.000029
-0.000105
-0.000145
-0.000140
-0.000213
-0.000373
-0.000479
-0.000439
-0.000352
-0.000297
-0.000222
-0.000128
-0.000057
0.000054
0.000241
0.000394
0.000408
0.000334
0.000295
0.000311
0.000307
0.000234
0.000118
0.000035
0.000045
0.000061
-0.000107
-0.000448
-0.000685
-0.000656
-0.000501
-0.000396
-0.000309
-0.000166
-0.000038
0.000013
0.000046
0.000123
0.000235
0.000341
0.000402
0.000427
0.000493
0.000633
0.000730
0.000621
0.000354
0.000144
0.000058
-0.000034
-0.000190
-0.000322
-0.000344
-0.000265
-0.000168
-0.000134
-0.000167
-0.000218
-0.000265
-0.000303
-0.000325
-0.000330
-0.000299
-0.000200
-0.000057
0.000054
0.000098
0.000115
0.000164
0.000218
0.000208
0.000177
0.000194
0.000195
0.000102
-0.000015
-0.000068
-0.000110
-0.000195
-0.000228
-0.000124
0.000016
0.000032
-0.000076
-0.000160
-0.000118
-0.000018
0.000035
0.000023
0.000000
0.000011
0.000040
0.000070
0.000096
0.000082
0.000020
-0.000061
-0.000148
-0.000196
-0.000117
0.000078
0.000278
0.000409
0.000440
0.000387
0.000328
0.000289
0.000173
-0.000055
-0.000252
-0.000284
-0.000219
-0.000211
-0.000269
-0.000291
-0.000281
-0.000338
-0.000430
-0.000361
-0.000065
0.000256
0.000379
0.000285
0.000078
-0.000099
-0.000103
0.000037
0.000163
0.000215
0.000211
0.000162
0.000127
0.000138
0.000118
0.000044
0.000013
0.000055
0.000079
0.000023
-0.000050
-0.000063
-0.000076
-0.000197
-0.000365
-0.000410
-0.000279
-0.000125
-0.000096
-0.000120
-0.000061
0.000054
0.000131
0.000179
0.000242
0.000294
0.000273
0.000175
0.000042
-0.000047
-0.000041
-0.000010
-0.000004
0.000071
0.000228
0.000281
0.000151
0.000003
-0.000073
-0.000190
-0.000390
-0.000512
-0.000407
-0.000146
0.000053
0.000093
0.000065
0.000052
0.000046
0.000054
0.000118
0.000201
0.000224
0.000183
0.000120
0.000013
-0.000137
-0.000185
-0.000021
0.000222
0.000353
0.000360
0.000316
0.000216
0.000048
-0.000119
-0.000230
-0.000308
-0.000360
-0.000346
-0.000275
-0.000227
-0.000240
-0.000226
-0.000115
-0.000032
-0.000111
-0.000249
-0.000296
-0.000250
-0.000162
-0.000054
0.000012
-0.000020
-0.000049
0.000091
0.000381
0.000614
0.000607
0.000373
0.000143
0.000115
0.000224
0.000271
0.000194
0.000057
-0.000087
-0.000200
-0.000223
-0.000161
-0.000114
-0.000153
-0.000195
-0.000125
0.000022
0.000113
0.000116
0.000109
0.000129
0.000136
0.000115
0.000084
0.000067
0.000077
0.000072
0.000008
-0.000087
-0.000172
-0.000208
-0.000150
-0.000044
0.000004
-0.000021
-0.000075
-0.000125
-0.000146
-0.000150
-0.000155
-0.000128
-0.000033
0.000088
0.000159
0.000154
0.000095
0.000027
0.000006
0.000050
0.000121
0.000147
0.000071
-0.000051
-0.000076
0.000016
0.000052
-0.000051
-0.000150
-0.000116
-0.000018
0.000034
0.000059
0.000112
0.000155
0.000119
0.000027
-0.000042
-0.000086
-0.000138
-0.000169
-0.000126
-0.000044
0.000003
0.000017
0.000021
0.000001
-0.000008
0.000061
0.000167
0.000194
0.000127
0.000032
-0.000047
-0.000081
-0.000050
0.000024
0.000053
-0.000011
-0.000071
-0.000041
-0.000014
-0.000077
-0.000126
-0.000065
0.000019
0.000007
-0.000067
-0.000089
-0.000050
-0.000044
-0.000056
0.000013
0.000121
0.000138
0.000092
0.000088
0.000105
0.000093
0.000105
0.000165
0.000177
0.000064
-0.000106
-0.000165
-0.000066
0.000035
-0.000011
-0.000131
-0.000185
-0.000193
-0.000220
-0.000203
-0.000097
0.000005
0.000044
0.000089
0.000189
0.000204
-0.000015
-0.000298
-0.000361
-0.000249
-0.000171
-0.000150
-0.000107
-0.000032
0.000054
0.000157
0.000268
0.000329
0.000303
0.000275
0.000321
0.000360
0.000311
0.000279
0.000392
0.000519
0.000398
0.000028
-0.000287
-0.000351
-0.000315
-0.000321
-0.000264
-0.000108
-0.000033
-0.000127
-0.000259
-0.000342
-0.000400
-0.000400
-0.000285
-0.000119
-0.000011
0.000035
0.000096
0.000169
0.000185
0.000151
0.000141
0.000179
0.000219
0.000223
0.000180
0.000096
-0.000033
-0.000171
-0.000236
-0.000204
-0.000140
-0.000100
-0.000089
-0.000091
-0.000086
-0.000080
-0.000077
-0.000050
0.000020
0.000119
0.000199
0.000224
0.000202
0.000151
0.000054
-0.000057
-0.000068
0.000034
0.000087
0.000018
-0.000071
-0.000110
-0.000098
-0.000019
0.000077
0.000119
0.000146
0.000169
0.000115
-0.000023
-0.000159
-0.000207
-0.000193
-0.000224
-0.000292
-0.000256
-0.000075
0.000104
0.000160
0.000168
0.000227
0.000268
0.000208
0.000110
0.000070
0.000080
0.000030
-0.000120
-0.000222
-0.000184
-0.000116
-0.000097
-0.000068
-0.000028
-0.000029
-0.000038
-0.000005
0.000053
0.000129
0.000192
0.000130
-0.000046
-0.000131
-0.000029
0.000086
0.000027
-0.000118
-0.000131
-0.000034
0.000003
0.000008
0.000075
0.000149
0.000173
0.000133
0.000019
-0.000036
0.000053
0.000061
-0.000125
-0.000259
-0.000218
-0.000166
-0.000157
-0.000049
0.000152
0.000228
0.000164
0.000153
0.000146
0.000052
0.000019
0.000065
0.000029
-0.000060
-0.000082
-0.000081
-0.000122
-0.000126
-0.000045
0.000014
-0.000009
-0.000009
0.000053
0.000055
-0.000061
-0.000196
-0.000203
-0.000014
0.000266
0.000421
0.000385
0.000285
0.000218
0.000152
0.000051
-0.000060
-0.000140
-0.000205
-0.000280
-0.000340
-0.000359
-0.000350
-0.000299
-0.000191
-0.000087
-0.000061
-0.000107
-0.000156
-0.000167
-0.000157
-0.000138
-0.000070
0.000030
0.000086
0.000127
0.000233
0.000357
0.000404
0.000370
0.000299
0.000242
0.000214
0.000171
0.000081
-0.000033
-0.000136
-0.000191
-0.000179
-0.000147
-0.000128
-0.000077
0.000011
0.000043
-0.000004
-0.000003
0.000091
0.000143
0.000093
0.000042
0.000076
0.000163
0.000199
0.000124
0.000001
-0.000082
-0.000142
-0.000215
-0.000226
-0.000120
0.000013
0.000067
0.000036
-0.000030
-0.000068
-0.000077
-0.000120
-0.000156
-0.000047
0.000137
0.000141
-0.000055
-0.000207
-0.000192
-0.000096
0.000016
0.000134
0.000211
0.000205
0.000150
0.000092
0.000037
-0.000029
-0.000082
-0.000059
0.000039
0.000113
0.000089
-0.000004
-0.000079
-0.000082
-0.000036
0.000019
0.000040
-0.000008
-0.000101
-0.000185
-0.000206
-0.000109
0.000071
0.000193
0.000172
0.000076
0.000010
0.000012
0.000036
0.000003
-0.000070
-0.000096
-0.000065
-0.000029
0.000017
0.000098
0.000172
0.000167
0.000094
0.000043
0.000046
0.000015
-0.000112
-0.000254
-0.000297
-0.000208
-0.000060
0.000035
0.000053
0.000056
0.000053
-0.000013
-0.000103
-0.000097
-0.000000
0.000057
0.000039
0.000041
0.000116
0.000182
0.000157
0.000038
-0.000117
-0.000216
-0.000167
0.000017
0.000165
0.000128
-0.000009
-0.000064
0.000005
0.000099
0.000125
0.000061
-0.000037
-0.000112
-0.000173
-0.000188
-0.000105
-0.000063
-0.000199
-0.000349
-0.000306
-0.000103
0.000102
0.000174
0.000105
0.000059
0.000141
0.000233
0.000230
0.000198
0.000211
0.000221
0.000193
0.000185
0.000222
0.000251
0.000237
0.000206
0.000171
0.000093
-0.000043
-0.000173
-0.000223
-0.000220
-0.000222
-0.000210
-0.000155
-0.000107
-0.000095
-0.000094
-0.000115
-0.000171
-0.000199
-0.000163
-0.000114
-0.000089
-0.000045
0.000035
0.000090
0.000090
0.000092
0.000129
0.000173
0.000175
0.000122
0.000071
0.000050
-0.000016
-0.000136
-0.000183
-0.000116
-0.000060
-0.000102
-0.000160
-0.000134
-0.000057
-0.000016
-0.000040
-0.000086
-0.000085
-0.000030
-0.000005
-0.000077
-0.000164
-0.000123
0.000023
0.000110
0.000115
0.000163
0.000243
0.000235
0.000197
0.000260
0.000333
0.000265
0.000126
0.000064
0.000077
0.000058
-0.000032
-0.000124
-0.000164
-0.000167
-0.000138
-0.000100
-0.000132
-0.000244
-0.000325
-0.000322
-0.000287
-0.000240
-0.000122
0.000064
0.000205
0.000221
0.000187
0.000188
0.000155
0.000034
-0.000012
0.000133
0.000313
0.000347
0.000263
0.000169
0.000068
-0.000088
-0.000240
-0.000297
-0.000267
-0.000208
-0.000140
-0.000069
-0.000021
0.000008
0.000036
0.000030
-0.000020
-0.000056
-0.000027
0.000050
0.000079
-0.000013
-0.000146
-0.000175
-0.000103
-0.000035
0.000006
0.000063
0.000127
0.000156
0.000146
0.000152
0.000185
0.000170
0.000082
0.000011
0.000004
-0.000010
-0.000074
-0.000122
-0.000099
-0.000037
0.000011
0.000020
-0.000003
-0.000022
-0.000010
0.000005
-0.000038
-0.000098
-0.000042
0.000096
0.000134
0.000050
-0.000048
-0.000137
-0.000179
-0.000090
0.000079
0.000189
0.000234
0.000271
0.000259
0.000154
0.000037
-0.000013
-0.000050
-0.000130
-0.000193
-0.000185
-0.000165
-0.000207
-0.000285
-0.000334
-0.000341
-0.000298
-0.000180
-0.000044
0.000005
-0.000033
-0.000059
-0.000010
0.000062
0.000076
0.000085
0.000168
0.000252
0.000281
0.000328
0.000371
0.000286
0.000096
-0.000039
-0.000044
-0.000014
-0.000064
-0.000171
-0.000198
-0.000076
0.000081
0.000148
0.000167
0.000187
0.000147
0.000036
-0.000067
-0.000100
-0.000065
-0.000025
-0.000035
-0.000104
-0.000175
-0.000172
-0.000081
0.000025
0.000070
0.000051
0.000022
0.000009
0.000001
-0.000007
-0.000016
-0.000032
-0.000063
-0.000088
-0.000050
0.000051
0.000126
0.000128
0.000108
0.000092
0.000016
-0.000103
-0.000109
0.000046
0.000175
0.000103
-0.000091
-0.000202
-0.000157
-0.000061
-0.000039
-0.000090
-0.000121
-0.000082
0.000016
0.000129
0.000174
0.000144
0.000094
0.000002
-0.000122
-0.000135
0.000022
0.000213
0.000300
0.000237
0.000051
-0.000109
-0.000122
-0.000072
-0.000055
-0.000040
0.000003
0.000038
0.000037
0.000023
0.000015
-0.000033
-0.000122
-0.000147
-0.000075
0.000016
0.000068
0.000093
0.000092
0.000016
-0.000115
-0.000187
-0.000166
-0.000122
-0.000073
0.000018
0.000141
0.000231
0.000201
0.000028
-0.000181
-0.000268
-0.000196
-0.000070
0.000046
0.000162
0.000204
0.000096
-0.000019
0.000014
0.000072
0.000004
-0.000078
-0.000034
0.000069
0.000108
0.000050
-0.000063
-0.000141
-0.000108
-0.000009
0.000055
0.000045
-0.000016
-0.000060
-0.000027
0.000069
