4480
-0.000172
0.000354
0.000643
0.000440
0.000031
-0.000085
0.000192
0.000507
0.000561
0.000394
0.000165
0.000015
0.000078
0.000257
0.000307
0.000245
0.000258
0.000353
0.000398
0.000330
0.000173
0.000004
-0.000073
-0.000072
-0.000180
-0.000445
-0.000643
-0.000647
-0.000576
-0.000540
-0.000530
-0.000488
-0.000406
-0.000310
-0.000180
-0.000029
0.000058
0.000108
0.000257
0.000505
0.000665
0.000555
0.000230
-0.000045
-0.000106
-0.000031
0.000014
-0.000040
-0.000114
-0.000067
0.000119
0.000227
0.000071
-0.000186
-0.000264
-0.000132
0.000043
0.000074
-0.000070
-0.000219
-0.000212
-0.000043
0.000127
0.000106
-0.000067
-0.000165
-0.000110
0.000015
0.000107
0.000086
0.000018
0.000065
0.000252
0.000426
0.000363
0.000056
-0.000127
0.000028
0.000228
0.000160
-0.000130
-0.000382
-0.000374
-0.000127
0.000126
0.000179
0.000023
-0.000126
-0.000051
0.000170
0.000275
0.000151
-0.000078
-0.000191
-0.000080
0.000118
0.000156
-0.000062
-0.000312
-0.000292
-0.000075
0.000014
-0.000088
-0.000173
-0.000122
-0.000007
0.000049
0.000015
-0.000020
-0.000012
-0.000000
0.000046
0.000172
0.000306
0.000343
0.000248
0.000086
-0.000029
-0.000062
-0.000019
0.000093
0.000113
-0.000091
-0.000293
-0.000260
-0.000101
0.000009
0.000021
-0.000057
-0.000154
-0.000184
-0.000131
-0.000027
0.000020
-0.000069
-0.000205
-0.000248
-0.000161
-0.000010
0.000110
0.000159
0.000136
0.000025
-0.000094
-0.000077
0.000048
0.000142
0.000166
0.000141
0.000090
0.000093
0.000204
0.000293
0.000193
0.000032
0.000089
0.000313
0.000433
0.000414
0.000345
0.000182
-0.000066
-0.000228
-0.000231
-0.000198
-0.000249
-0.000358
-0.000432
-0.000456
-0.000452
-0.000387
-0.000258
-0.000175
-0.000210
-0.000267
-0.000229
-0.000116
-0.000006
0.000082
0.000193
0.000337
0.000473
0.000572
0.000604
0.000532
0.000389
0.000258
0.000179
0.000122
0.000039
-0.000059
-0.000144
-0.000238
-0.000357
-0.000438
-0.000412
-0.000287
-0.000116
-0.000003
-0.000041
-0.000132
-0.000107
0.000030
0.000146
0.000135
-0.000029
-0.000232
-0.000291
-0.000147
0.000070
0.000144
0.000017
-0.000118
-0.000051
0.000191
0.000365
0.000266
-0.000001
-0.000118
0.000035
0.000256
0.000288
0.000085
-0.000144
-0.000175
-0.000058
-0.000028
-0.000163
-0.000307
-0.000299
-0.000144
0.000043
0.000116
0.000018
-0.000082
0.000022
0.000242
0.000330
0.000230
0.000072
0.000018
0.000167
0.000443
0.000591
0.000430
0.000123
-0.000018
0.000043
0.000076
-0.000086
-0.000350
-0.000437
-0.000231
0.000049
0.000167
0.000116
-0.000039
-0.000235
-0.000349
-0.000329
-0.000322
-0.000449
-0.000578
-0.000528
-0.000319
-0.000106
0.000011
0.000077
0.000187
0.000359
0.000529
0.000610
0.000554
0.000421
0.000303
0.000190
0.000054
-0.000039
-0.000057
-0.000069
-0.000085
-0.000042
0.000017
-0.000028
-0.000167
-0.000251
-0.000188
-0.000061
-0.000013
-0.000080
-0.000182
-0.000217
-0.000174
-0.000131
-0.000122
-0.000121
-0.000136
-0.000146
-0.000084
0.000019
0.000044
-0.000025
-0.000076
-0.000030
0.000071
0.000136
0.000147
0.000131
0.000097
0.000071
0.000095
0.000152
0.000125
-0.000046
-0.000201
-0.000146
0.000058
0.000191
0.000188
0.000177
0.000254
0.000352
0.000347
0.000242
0.000161
0.000174
0.000227
0.000267
0.000280
0.000225
0.000085
-0.000078
-0.000244
-0.000431
-0.000566
-0.000562
-0.000458
-0.000375
-0.000389
-0.000443
-0.000450
-0.000437
-0.000423
-0.000380
-0.000357
-0.000372
-0.000332
-0.000202
-0.000048
0.000100
0.000293
0.000543
0.000745
0.000820
0.000869
0.000985
0.001058
0.000961
0.000752
0.000550
0.000376
0.000225
0.000110
0.000031
-0.000032
-0.000112
-0.000233
-0.000398
-0.000580
-0.000700
-0.000708
-0.000680
-0.000701
-0.000739
-0.000738
-0.000709
-0.000676
-0.000652
-0.000629
-0.000548
-0.000346
-0.000057
0.000186
0.000303
0.000350
0.000379
0.000403
0.000506
0.000731
0.000931
0.000984
0.000976
0.000989
0.000966
0.000817
0.000518
0.000184
-0.000011
-0.000060
-0.000112
-0.000240
-0.000375
-0.000435
-0.000438
-0.000455
-0.000499
-0.000551
-0.000605
-0.000625
-0.000593
-0.000602
-0.000706
-0.000780
-0.000674
-0.000418
-0.000153
0.000033
0.000120
0.000124
0.000115
0.000187
0.000330
0.000406
0.000364
0.000325
0.000371
0.000440
0.000422
0.000264
0.000075
-0.000017
-0.000075
-0.000169
-0.000195
-0.000119
-0.000073
-0.000074
-0.000012
0.000101
0.000158
0.000163
0.000192
0.000252
0.000279
0.000240
0.000189
0.000211
0.000313
0.000411
0.000449
0.000470
0.000516
0.000556
0.000557
0.000500
0.000342
0.000102
-0.000130
-0.000293
-0.000389
-0.000455
-0.000555
-0.000736
-0.000941
-0.001065
-0.001095
-0.001069
-0.000992
-0.000850
-0.000663
-0.000505
-0.000425
-0.000373
-0.000192
0.000215
0.000685
0.000957
0.000975
0.000852
0.000698
0.000620
0.000666
0.000749
0.000752
0.000679
0.000598
0.000524
0.000444
0.000329
0.000129
-0.000118
-0.000302
-0.000384
-0.000423
-0.000513
-0.000697
-0.000857
-0.000834
-0.000702
-0.000647
-0.000652
-0.000542
-0.000248
0.000050
0.000125
0.000044
0.000018
0.000069
0.000117
0.000146
0.000164
0.000172
0.000205
0.000277
0.000318
0.000273
0.000197
0.000200
0.000315
0.000446
0.000485
0.000442
0.000391
0.000361
0.000342
0.000318
0.000274
0.000192
0.000057
-0.000094
-0.000226
-0.000373
-0.000539
-0.000668
-0.000738
-0.000749
-0.000690
-0.000641
-0.000738
-0.000932
-0.000988
-0.000795
-0.000463
-0.000140
0.000082
0.000204
0.000329
0.000523
0.000693
0.000709
0.000582
0.000468
0.000478
0.000588
0.000734
0.000863
0.000922
0.000908
0.000873
0.000838
0.000767
0.000619
0.000404
0.000205
0.000094
0.000019
-0.000140
-0.000385
-0.000602
-0.000728
-0.000805
-0.000886
-0.000997
-0.001111
-0.001147
-0.001055
-0.000904
-0.000788
-0.000696
-0.000553
-0.000354
-0.000164
-0.000020
0.000097
0.000207
0.000289
0.000346
0.000459
0.000637
0.000761
0.000776
0.000788
0.000846
0.000832
0.000703
0.000592
0.000552
0.000489
0.000367
0.000216
0.000012
-0.000207
-0.000325
-0.000360
-0.000425
-0.000500
-0.000523
-0.000520
-0.000503
-0.000450
-0.000406
-0.000432
-0.000472
-0.000438
-0.000340
-0.000219
-0.000099
-0.000007
0.000056
0.000129
0.000212
0.000262
0.000272
0.000267
0.000278
0.000328
0.000364
0.000293
0.000169
0.000164
0.000275
0.000249
-0.000043
-0.000357
-0.000420
-0.000301
-0.000222
-0.000220
-0.000202
-0.000112
0.000067
0.000287
0.000432
0.000457
0.000420
0.000373
0.000301
0.000198
0.000109
0.000065
0.000005
-0.000196
-0.000572
-0.001009
-0.001338
-0.001410
-0.001152
-0.000675
-0.000246
-0.000016
0.000121
0.000307
0.000498
0.000534
0.000368
0.000130
0.000006
0.000133
0.000485
0.000835
0.000979
0.000965
0.000967
0.001028
0.001056
0.000936
0.000647
0.000337
0.000205
0.000273
0.000394
0.000399
0.000210
-0.000099
-0.000378
-0.000606
-0.000894
-0.001257
-0.001544
-0.001611
-0.001429
-0.001100
-0.000811
-0.000701
-0.000718
-0.000696
-0.000571
-0.000434
-0.000337
-0.000195
0.000030
0.000266
0.000452
0.000582
0.000660
0.000737
0.000888
0.001054
0.001067
0.000886
0.000668
0.000575
0.000609
0.000643
0.000566
0.000372
0.000133
-0.000091
-0.000264
-0.000377
-0.000469
-0.000542
-0.000513
-0.000372
-0.000260
-0.000255
-0.000259
-0.000217
-0.000223
-0.000308
-0.000367
-0.000342
-0.000267
-0.000151
-0.000002
0.000117
0.000169
0.000159
0.000085
0.000000
-0.000009
0.000048
0.000065
0.000030
0.000074
0.000231
0.000329
0.000251
0.000071
-0.000098
-0.000203
-0.000232
-0.000207
-0.000163
-0.000101
0.000003
0.000122
0.000217
0.000294
0.000349
0.000346
0.000293
0.000246
0.000213
0.000147
0.000063
0.000051
0.000098
0.000073
-0.000042
-0.000136
-0.000194
-0.000298
-0.000471
-0.000693
-0.000928
-0.001102
-0.001163
-0.001064
-0.000726
-0.000218
0.000212
0.000383
0.000346
0.000267
0.000210
0.000135
0.000071
0.000092
0.000171
0.000286
0.000557
0.001004
0.001347
0.001367
0.001215
0.001106
0.001008
0.000789
0.000486
0.000284
0.000266
0.000369
0.000497
0.000504
0.000276
-0.000108
-0.000502
-0.000879
-0.001254
-0.001559
-0.001667
-0.001511
-0.001122
-0.000625
-0.000268
-0.000273
-0.000564
-0.000860
-0.001005
-0.001011
-0.000879
-0.000584
-0.000183
0.000226
0.000602
0.000871
0.000893
0.000656
0.000363
0.000235
0.000291
0.000394
0.000475
0.000579
0.000714
0.000788
0.000721
0.000530
0.000252
-0.000071
-0.000286
-0.000224
0.000032
0.000232
0.000312
0.000394
0.000484
0.000420
0.000138
-0.000204
-0.000441
-0.000536
-0.000502
-0.000380
-0.000255
-0.000172
-0.000097
-0.000022
0.000009
-0.000022
-0.000086
-0.000136
-0.000108
-0.000289
-0.001625
-0.003931
-0.004273
-0.000348
0.005127
0.006786
0.003487
-0.000077
0.000485
0.003798
0.004649
0.000531
-0.005170
-0.007148
-0.004308
-0.000558
0.000205
-0.001629
-0.002623
-0.000750
0.002296
0.003196
0.000972
-0.001768
-0.001993
0.000095
0.001811
0.001771
0.001159
0.001424
0.002363
0.002743
0.001846
0.000179
-0.000968
-0.000842
-0.000181
-0.000364
-0.001872
-0.004476
-0.008098
-0.011725
-0.012469
-0.008360
-0.001704
0.003013
0.004560
0.005911
0.009438
0.013330
0.013692
0.009053
0.002425
-0.000833
0.001988
0.007622
0.009934
0.006964
0.002907
0.001985
0.002748
0.000527
-0.006230
-0.014003
-0.017609
-0.014840
-0.008686
-0.004769
-0.005440
-0.007478
-0.006933
-0.004311
-0.002960
-0.004153
-0.005854
-0.005185
-0.000920
0.005470
0.010627
0.012200
0.011176
0.010281
0.010533
0.010800
0.009888
0.007628
0.004807
0.002959
0.003158
0.004173
0.003153
-0.000876
-0.005515
-0.007923
-0.007917
-0.007458
-0.008352
-0.010788
-0.013036
-0.012908
-0.010453
-0.008134
-0.007150
-0.005462
-0.001404
0.003322
0.006714
0.009231
0.011355
0.012487
0.013211
0.014336
0.014482
0.012229
0.008440
0.004373
0.000478
-0.002610
-0.004881
-0.007489
-0.010261
-0.011331
-0.010615
-0.010176
-0.010496
-0.010035
-0.008102
-0.005038
-0.001137
0.002474
0.004417
0.005274
0.006338
0.007093
0.006736
0.006016
0.005464
0.004642
0.003812
0.003379
0.002443
0.000452
-0.001469
-0.002369
-0.002525
-0.002285
-0.001970
-0.002192
-0.002647
-0.002374
-0.001711
-0.001611
-0.001742
-0.001393
-0.000745
-0.000278
-0.000296
-0.000811
-0.001271
-0.000992
-0.000082
0.000401
-0.000171
-0.000746
-0.000221
0.000787
0.001374
0.000268
-0.005952
-0.018103
-0.028104
-0.024356
-0.004960
0.016912
0.025502
0.022588
0.025054
0.037103
0.042131
0.030235
0.012635
0.001263
-0.004645
-0.007931
-0.008643
-0.010449
-0.017802
-0.027549
-0.031846
-0.028677
-0.024703
-0.026744
-0.032805
-0.033622
-0.022912
-0.004936
0.009573
0.015966
0.020490
0.029023
0.037765
0.040765
0.037998
0.031217
0.021515
0.013219
0.010627
0.010658
0.006244
-0.003852
-0.013776
-0.018642
-0.020308
-0.023830
-0.030523
-0.036743
-0.037653
-0.031206
-0.020340
-0.010111
-0.001992
0.005528
0.012651
0.019233
0.025467
0.028558
0.025727
0.020420
0.017597
0.016672
0.015744
0.015110
0.012446
0.004665
-0.004755
-0.010271
-0.012978
-0.017353
-0.023606
-0.027515
-0.025666
-0.019617
-0.013887
-0.009926
-0.005836
-0.001063
0.003752
0.009068
0.014213
0.016660
0.016104
0.015319
0.015939
0.016198
0.013447
0.007848
0.002465
-0.000891
-0.003832
-0.007891
-0.011780
-0.013882
-0.014149
-0.012742
-0.009864
-0.006641
-0.004124
-0.002116
0.000215
0.002942
0.004796
0.004624
0.003431
0.003315
0.004469
0.005295
0.005027
0.004197
0.003318
0.002674
0.002241
0.001430
0.000174
-0.000687
-0.000821
-0.000569
-0.000002
0.000399
-0.000795
-0.003405
-0.004784
-0.004353
-0.004862
-0.007435
-0.009945
-0.009512
-0.005022
0.000505
0.002285
-0.000589
-0.004731
-0.006705
-0.007593
-0.010144
-0.007452
0.009419
0.028256
0.030753
0.026072
0.032209
0.040036
0.031639
0.014248
0.003989
-0.003294
-0.017005
-0.029284
-0.030526
-0.028531
-0.033431
-0.038590
-0.033921
-0.024166
-0.017896
-0.013724
-0.008871
-0.004524
0.001438
0.011199
0.020793
0.027993
0.034975
0.039830
0.039621
0.037352
0.033802
0.023281
0.006192
-0.007683
-0.013943
-0.018539
-0.024783
-0.027881
-0.025985
-0.024235
-0.024129
-0.021903
-0.018338
-0.017022
-0.015377
-0.008691
0.001572
0.011140
0.018714
0.024323
0.027896
0.030083
0.030100
0.025546
0.016748
0.006864
-0.001673
-0.006939
-0.008441
-0.009729
-0.013394
-0.016166
-0.015158
-0.012989
-0.012765
-0.013799
-0.013723
-0.011382
-0.007212
-0.001909
0.003949
0.008834
0.011625
0.013798
0.016398
0.017031
0.013764
0.008545
0.004421
0.002096
0.000148
-0.002290
-0.004214
-0.004907
-0.005365
-0.006238
-0.006967
-0.007640
-0.008728
-0.009086
-0.007159
-0.003663
-0.000758
0.000815
0.002137
0.003915
0.005219
0.004897
0.003376
0.002143
0.001907
0.002357
0.003243
0.004269
0.004656
0.004040
0.002949
0.001892
0.000666
-0.001273
-0.003552
-0.004585
-0.003691
-0.002347
-0.002157
-0.002741
-0.002810
-0.002292
-0.001720
-0.001514
-0.003169
-0.006277
-0.006161
-0.001579
0.001729
0.000831
0.000128
0.003785
0.009532
0.010608
0.004221
-0.004439
-0.012417
-0.021793
-0.023109
-0.004158
0.018641
0.021389
0.016853
0.028638
0.044383
0.038308
0.015527
-0.000222
-0.005426
-0.014467
-0.027183
-0.029321
-0.023497
-0.024851
-0.028964
-0.021367
-0.008851
-0.007962
-0.016659
-0.020110
-0.012081
0.000834
0.009543
0.013358
0.019896
0.031829
0.040491
0.039331
0.033479
0.027204
0.015436
-0.001352
-0.011154
-0.011234
-0.014103
-0.023287
-0.026427
-0.018992
-0.012563
-0.014691
-0.018597
-0.016946
-0.012387
-0.009613
-0.006622
-0.000038
0.008060
0.014510
0.020047
0.025783
0.029362
0.026996
0.018656
0.010061
0.005311
-0.000458
-0.011684
-0.020299
-0.017397
-0.009853
-0.008835
-0.011428
-0.009409
-0.004810
-0.004083
-0.006492
-0.006364
-0.002496
0.000415
0.001332
0.005542
0.012509
0.014164
0.009964
0.007794
0.008980
0.007272
0.001011
-0.004118
-0.003798
-0.001339
-0.002015
-0.004090
-0.003191
-0.001571
-0.003160
-0.005441
-0.004942
-0.003833
-0.004892
-0.005925
-0.003589
0.000608
0.002167
0.000789
0.000810
0.003392
0.004613
0.003079
0.002274
0.003768
0.004996
0.004580
0.004147
0.004495
0.003900
0.001201
-0.001648
-0.002524
-0.003031
-0.005447
-0.007708
-0.006352
-0.002615
-0.000791
-0.001630
-0.001707
0.000535
0.002108
0.000647
-0.001407
-0.001008
0.000390
-0.000417
-0.002591
-0.001918
0.001761
0.001985
-0.004600
-0.010812
-0.010122
-0.008943
-0.013187
-0.011161
0.007800
0.028436
0.031953
0.028381
0.034828
0.041273
0.029948
0.008816
-0.003439
-0.009143
-0.021487
-0.035744
-0.037426
-0.029745
-0.027095
-0.029217
-0.025468
-0.016501
-0.011634
-0.011904
-0.009821
-0.001339
0.009407
0.016478
0.020855
0.028801
0.039761
0.043909
0.037096
0.027821
0.021850
0.012839
-0.002597
-0.015435
-0.019988
-0.023203
-0.029141
-0.030636
-0.024120
-0.017467
-0.016576
-0.016672
-0.012262
-0.005999
-0.002512
-0.000277
0.005134
0.013505
0.020437
0.023778
0.025686
0.027761
0.027112
0.020552
0.010817
0.003016
-0.003442
-0.011925
-0.019883
-0.022151
-0.020449
-0.020136
-0.020356
-0.016746
-0.011057
-0.009322
-0.011654
-0.010188
-0.000054
0.011199
0.015008
0.017380
0.026001
0.033494
0.031234
0.023273
0.016198
0.009587
-0.000418
-0.013118
-0.021288
-0.022281
-0.022878
-0.024957
-0.022166
-0.014651
-0.009069
-0.006270
-0.001962
0.004791
0.009996
0.011030
0.011674
0.015663
0.018700
0.015373
0.008753
0.004486
0.001465
-0.004226
-0.011214
-0.014715
-0.013757
-0.011554
-0.009380
-0.005012
0.001656
0.006658
0.008071
0.008727
0.010036
0.009207
0.005106
0.000781
-0.001360
-0.002545
-0.004848
-0.007269
-0.006991
-0.004510
-0.002930
-0.002556
-0.001047
0.002265
0.004748
0.004309
0.003661
0.004745
0.003797
-0.000249
-0.003178
-0.004164
-0.005555
-0.008885
-0.015512
-0.023256
-0.026998
-0.024270
-0.012493
0.008109
0.026734
0.036312
0.044214
0.052826
0.052816
0.041715
0.026331
0.009948
-0.008480
-0.027074
-0.039401
-0.041648
-0.039011
-0.037936
-0.036385
-0.030452
-0.022530
-0.016506
-0.012775
-0.009641
-0.005272
0.001033
0.009403
0.020283
0.032233
0.041418
0.045245
0.044505
0.041487
0.035812
0.023899
0.006109
-0.010598
-0.022134
-0.030821
-0.036725
-0.036757
-0.032154
-0.027037
-0.022168
-0.016081
-0.009187
-0.003821
-0.001349
-0.000171
0.002602
0.007913
0.014446
0.020707
0.026148
0.030244
0.031476
0.028780
0.023126
0.015410
0.004796
-0.008304
-0.020304
-0.027804
-0.030821
-0.031172
-0.029148
-0.023856
-0.016273
-0.008902
-0.002543
0.003312
0.007892
0.010258
0.011255
0.011700
0.011070
0.010903
0.014674
0.019930
0.020228
0.017023
0.015366
0.013068
0.006504
-0.003172
-0.012740
-0.019024
-0.022426
-0.025569
-0.025856
-0.020326
-0.013694
-0.009680
-0.004850
0.002313
0.008495
0.011604
0.012178
0.012472
0.013908
0.014196
0.012024
0.009911
0.008154
0.004441
-0.000363
-0.003826
-0.006313
-0.009308
-0.012512
-0.013849
-0.011615
-0.007236
-0.003698
-0.000982
0.002630
0.006165
0.007621
0.007342
0.006473
0.004939
0.002410
-0.000548
-0.002523
-0.002841
-0.002890
-0.003663
-0.003427
-0.000883
0.002103
0.003591
0.004096
0.004652
0.005071
0.004529
0.002785
0.000301
-0.003087
-0.007473
-0.010653
-0.010804
-0.010595
-0.013871
-0.019823
-0.024308
-0.023709
-0.014301
0.004176
0.022578
0.032882
0.039990
0.049242
0.054515
0.049392
0.036752
0.021357
0.002986
-0.018134
-0.035419
-0.042832
-0.044135
-0.046134
-0.046631
-0.039754
-0.027819
-0.017573
-0.010849
-0.005624
-0.000574
0.004536
0.009886
0.015910
0.023013
0.030654
0.036781
0.039799
0.040684
0.039766
0.033516
0.020133
0.004472
-0.008825
-0.021094
-0.033203
-0.041261
-0.042766
-0.039668
-0.033790
-0.025048
-0.014403
-0.004682
0.002153
0.006841
0.011008
0.014629
0.016600
0.016970
0.017337
0.019131
0.021777
0.023150
0.022089
0.019002
0.013843
0.005870
-0.004132
-0.013798
-0.021944
-0.029078
-0.034327
-0.034800
-0.029621
-0.021420
-0.012466
-0.002941
0.006485
0.014105
0.018936
0.020377
0.018276
0.015114
0.013749
0.012972
0.011058
0.009827
0.010180
0.010208
0.008553
0.004696
-0.000884
-0.006886
-0.013723
-0.021243
-0.026032
-0.026099
-0.023078
-0.018082
-0.010744
-0.001638
0.007346
0.014132
0.017796
0.018874
0.017731
0.014087
0.008827
0.003988
0.000437
-0.002437
-0.004700
-0.005563
-0.005068
-0.004321
-0.004101
-0.004224
-0.004074
-0.003551
-0.003061
-0.002339
-0.000742
0.001260
0.002877
0.004246
0.005375
0.005675
0.004844
0.002905
0.000256
-0.002264
-0.004278
-0.005658
-0.005675
-0.004128
-0.001974
0.000293
0.003152
0.006540
0.008820
0.008161
0.004941
0.001005
-0.002874
-0.006586
-0.009710
-0.012790
-0.016969
-0.021591
-0.024645
-0.023819
-0.015322
0.001532
0.018554
0.028483
0.035332
0.043914
0.049707
0.046912
0.036540
0.022832
0.007368
-0.010032
-0.026130
-0.035944
-0.040160
-0.043180
-0.044348
-0.039779
-0.030444
-0.020641
-0.012097
-0.004633
0.001344
0.005828
0.010063
0.014835
0.019510
0.023704
0.027535
0.030135
0.031018
0.030862
0.028695
0.022626
0.013460
0.002916
-0.008941
-0.020831
-0.029545
-0.034177
-0.036389
-0.036348
-0.032369
-0.024221
-0.014134
-0.004354
0.004500
0.011998
0.016971
0.019266
0.020258
0.020748
0.020101
0.017856
0.014950
0.012779
0.011463
0.009710
0.006357
0.001460
-0.004136
-0.009884
-0.015813
-0.021421
-0.025196
-0.026432
-0.025811
-0.023021
-0.016737
-0.007677
0.001608
0.009544
0.015457
0.018939
0.020989
0.022337
0.021391
0.017721
0.013738
0.010570
0.007471
0.004244
0.000639
-0.003396
-0.007155
-0.011041
-0.015307
-0.018095
-0.018670
-0.018405
-0.017049
-0.013280
-0.007569
-0.001077
0.005266
0.010392
0.014191
0.016736
0.016898
0.014422
0.010559
0.005876
0.000666
-0.004080
-0.007703
-0.009767
-0.009839
-0.008462
-0.006402
-0.003641
-0.000501
0.002206
0.004156
0.005128
0.004964
0.004205
0.003305
0.002148
0.000876
-0.000233
-0.001227
-0.002028
-0.002395
-0.002314
-0.001910
-0.001445
-0.001266
-0.001165
-0.000271
0.001521
0.002741
0.002290
0.000953
0.000087
0.000008
-0.000305
-0.002090
-0.005885
-0.012682
-0.022425
-0.028921
-0.023402
-0.007951
0.004978
0.011840
0.021617
0.036718
0.048148
0.050191
0.045532
0.036861
0.022641
0.002961
-0.016213
-0.029857
-0.039776
-0.048364
-0.053030
-0.050485
-0.040729
-0.026274
-0.011480
-0.000343
0.007434
0.014629
0.020799
0.023092
0.021770
0.019976
0.018518
0.016050
0.014077
0.015410
0.018344
0.018563
0.014826
0.008940
0.003034
-0.002332
-0.009187
-0.019105
-0.029120
-0.034549
-0.034766
-0.032149
-0.027168
-0.018633
-0.007513
0.003269
0.012681
0.021749
0.029440
0.032399
0.029723
0.024358
0.019148
0.014012
0.007483
-0.000250
-0.006924
-0.010795
-0.012301
-0.012961
-0.013517
-0.013553
-0.013003
-0.012908
-0.013410
-0.012838
-0.010523
-0.008008
-0.006002
-0.002998
0.002013
0.007649
0.011798
0.014461
0.017392
0.020556
0.021830
0.020298
0.016704
0.011868
0.006215
-0.000491
-0.007984
-0.014455
-0.018697
-0.021108
-0.021787
-0.020242
-0.016442
-0.011095
-0.005562
-0.000643
0.004252
0.009194
0.012702
0.013818
0.013184
0.011802
0.009990
0.007403
0.003980
0.000570
-0.002171
-0.004495
-0.006473
-0.007555
-0.007536
-0.006986
-0.006352
-0.005108
-0.002579
0.000629
0.003157
0.004580
0.005563
0.006523
0.006847
0.005769
0.003548
0.001084
-0.001120
-0.002908
-0.004156
-0.004782
-0.004595
-0.003677
-0.002553
-0.001128
0.000987
0.002916
0.003498
0.002895
0.001782
0.000510
-0.000956
-0.003446
-0.008654
-0.017467
-0.025631
-0.024473
-0.013070
-0.001922
0.004120
0.012498
0.026488
0.038720
0.043349
0.042436
0.039435
0.032404
0.017870
-0.000672
-0.016237
-0.028127
-0.039368
-0.048821
-0.052496
-0.048215
-0.037245
-0.024054
-0.012175
-0.000368
0.012957
0.024348
0.029507
0.029647
0.028746
0.026717
0.020760
0.012539
0.007072
0.004921
0.002530
-0.001136
-0.003891
-0.004178
-0.003145
-0.003798
-0.007198
-0.010650
-0.012126
-0.013415
-0.016259
-0.018744
-0.017855
-0.013596
-0.008514
-0.003428
0.003538
0.012435
0.019886
0.023804
0.025600
0.026451
0.024995
0.019644
0.011220
0.002386
-0.005260
-0.012296
-0.019214
-0.024513
-0.026176
-0.024380
-0.021268
-0.017661
-0.012168
-0.004655
0.002325
0.006985
0.010302
0.013509
0.015780
0.015178
0.011671
0.008510
0.008125
0.008124
0.005934
0.003646
0.003532
0.004207
0.003416
0.000380
-0.003263
-0.004949
-0.005902
-0.009114
-0.012846
-0.013752
-0.012524
-0.010912
-0.008847
-0.005740
-0.001162
0.003804
0.007100
0.009349
0.012066
0.013419
0.011429
0.007607
0.004173
0.001631
-0.000846
-0.004160
-0.007157
-0.007675
-0.006306
-0.005326
-0.004864
-0.003571
-0.001306
0.000797
0.001896
0.002448
0.003274
0.003872
0.003319
0.002250
0.001917
0.002154
0.001860
0.000697
-0.000526
-0.000931
-0.000754
-0.000936
-0.001536
-0.001667
-0.001139
-0.000862
-0.001287
-0.001667
-0.001447
-0.001380
-0.002732
-0.006464
-0.012568
-0.017755
-0.016790
-0.010024
-0.003447
0.001515
0.008999
0.019276
0.027533
0.031172
0.032565
0.033743
0.031177
0.021022
0.007088
-0.004592
-0.014636
-0.025864
-0.036482
-0.042816
-0.043322
-0.038739
-0.031184
-0.021941
-0.010442
0.002675
0.014124
0.021874
0.027405
0.031864
0.032890
0.028374
0.020945
0.014616
0.009151
0.002095
-0.005952
-0.011972
-0.014676
-0.015476
-0.015862
-0.015309
-0.012774
-0.009120
-0.006132
-0.004127
-0.002055
0.000684
0.003059
0.003643
0.003356
0.004538
0.006744
0.007383
0.006550
0.006731
0.008329
0.009387
0.008847
0.007490
0.006107
0.004194
0.000826
-0.003716
-0.008106
-0.011639
-0.014794
-0.017791
-0.019409
-0.018323
-0.015086
-0.011178
-0.006649
-0.000540
0.006601
0.012332
0.015161
0.016765
0.019201
0.020955
0.019510
0.015729
0.011618
0.007204
0.001906
-0.004000
-0.009005
-0.011596
-0.013055
-0.015274
-0.016543
-0.014845
-0.011595
-0.008550
-0.005796
-0.002784
0.001162
0.005188
0.007445
0.008549
0.009939
0.010455
0.009008
0.006764
0.004753
0.002864
0.000623
-0.002166
-0.004489
-0.005295
-0.005437
-0.005998
-0.006385
-0.005735
-0.004202
-0.002490
-0.001056
0.000504
0.002595
0.004282
0.004655
0.004520
0.004873
0.005252
0.004735
0.003237
0.001567
0.000470
-0.000365
-0.001585
-0.002860
-0.003577
-0.003968
-0.004381
-0.004459
-0.003805
-0.003196
-0.004759
-0.009348
-0.013453
-0.012367
-0.006972
-0.002054
0.001550
0.006539
0.012622
0.016803
0.018860
0.021740
0.025597
0.025463
0.018735
0.010340
0.004795
-0.000634
-0.009397
-0.019318
-0.026426
-0.029574
-0.029841
-0.028308
-0.024952
-0.019281
-0.011897
-0.004231
0.003416
0.011642
0.019312
0.023702
0.024502
0.024594
0.024979
0.022647
0.015850
0.007471
0.000656
-0.005142
-0.011571
-0.017800
-0.021598
-0.022320
-0.021044
-0.018530
-0.014538
-0.008906
-0.002426
0.003486
0.008259
0.012610
0.016327
0.017527
0.015938
0.013909
0.012402
0.009631
0.004891
0.000146
-0.002888
-0.004699
-0.006577
-0.008586
-0.009623
-0.009231
-0.008351
-0.007883
-0.007514
-0.006637
-0.005580
-0.004927
-0.004218
-0.002622
-0.000538
0.000908
0.001652
0.002624
0.004292
0.006336
0.008335
0.010168
0.011827
0.012836
0.012382
0.010365
0.007565
0.004770
0.002063
-0.001289
-0.005562
-0.009430
-0.011730
-0.012970
-0.013634
-0.013456
-0.012449
-0.010513
-0.007378
-0.003503
0.000525
0.004270
0.007075
0.009032
0.010745
0.011667
0.010999
0.009192
0.006998
0.004593
0.001901
-0.001113
-0.004039
-0.006150
-0.007333
-0.007991
-0.008214
-0.007742
-0.006302
-0.004046
-0.001784
0.000011
0.001740
0.003530
0.005002
0.006140
0.006989
0.007196
0.006592
0.005432
0.003937
0.002154
0.000061
-0.002375
-0.005296
-0.009083
-0.013472
-0.016414
-0.015563
-0.011206
-0.005781
-0.000832
0.003482
0.007140
0.010489
0.014469
0.018901
0.021232
0.019250
0.014830
0.011479
0.008652
0.003347
-0.004076
-0.010699
-0.015300
-0.018113
-0.019198
-0.018938
-0.017933
-0.015994
-0.012581
-0.007922
-0.002866
0.001859
0.005892
0.009449
0.013175
0.016719
0.018254
0.016926
0.014349
0.011944
0.008706
0.003500
-0.002514
-0.007505
-0.011097
-0.013649
-0.015152
-0.015516
-0.014677
-0.012338
-0.008486
-0.003854
0.000635
0.004413
0.007405
0.010108
0.012719
0.014120
0.013236
0.010951
0.008879
0.007031
0.004403
0.000904
-0.002606
-0.005381
-0.007254
-0.008572
-0.009707
-0.010563
-0.010765
-0.010063
-0.008384
-0.006021
-0.003743
-0.001971
-0.000097
0.002449
0.004970
0.006382
0.006728
0.006752
0.006566
0.005842
0.004826
0.004151
0.003990
0.004037
0.003932
0.003442
0.002594
0.001668
0.000862
-0.000014
-0.001383
-0.003317
-0.005224
-0.006385
-0.006771
-0.007002
-0.007338
-0.007177
-0.005974
-0.004030
-0.001952
-0.000013
0.001764
0.003413
0.004870
0.005851
0.006128
0.005814
0.005128
0.004174
0.002999
0.001682
0.000392
-0.000672
-0.001457
-0.002095
-0.002725
-0.003300
-0.003582
-0.003396
-0.002879
-0.002363
-0.001970
-0.001436
-0.000478
0.000776
0.001910
0.002694
0.003225
0.003605
0.003703
0.003217
0.001786
-0.000873
-0.004466
-0.007523
-0.008130
-0.006036
-0.003244
-0.001593
-0.000787
0.000315
0.002116
0.004679
0.007534
0.009042
0.008412
0.007406
0.007458
0.007000
0.004371
0.000874
-0.001591
-0.003167
-0.004528
-0.005570
-0.006416
-0.007342
-0.007834
-0.007472
-0.006867
-0.006540
-0.006026
-0.004698
-0.002426
0.000508
0.003294
0.005232
0.006788
0.008606
0.009851
0.009295
0.007311
0.005206
0.003353
0.001262
-0.001241
-0.003833
-0.006024
-0.007254
-0.007306
-0.006626
-0.005765
-0.004795
-0.003432
-0.001480
0.000702
0.002252
0.002884
0.003465
0.004685
0.005861
0.006088
0.005579
0.004931
0.004202
0.003272
0.002063
0.000378
-0.001645
-0.003416
-0.004704
-0.005786
-0.006737
-0.007346
-0.007457
-0.006854
-0.005434
-0.003661
-0.002042
-0.000364
0.001613
0.003263
0.003936
0.004087
0.004641
0.005709
0.006578
0.006636
0.005973
0.005174
0.004592
0.003977
0.002899
0.001349
-0.000273
-0.001599
-0.002636
-0.003725
-0.005072
-0.006317
-0.006891
-0.006745
-0.006251
-0.005571
-0.004567
-0.003158
-0.001494
0.000099
0.001384
0.002401
0.003285
0.004026
0.004473
0.004520
0.004272
0.003974
0.003705
0.003252
0.002419
0.001390
0.000531
-0.000140
-0.000932
-0.001913
-0.002726
-0.003120
-0.003248
-0.003302
-0.003227
-0.002881
-0.002280
-0.001646
-0.001115
-0.000635
-0.000418
-0.000939
-0.002013
-0.002450
-0.001174
0.001414
0.003599
0.004168
0.003659
0.003390
0.003838
0.004461
0.004549
0.003837
0.002728
0.001945
0.001505
0.000564
-0.001182
-0.002825
-0.003604
-0.003768
-0.003731
-0.003536
-0.003262
-0.002937
-0.002324
-0.001573
-0.001325
-0.001595
-0.001592
-0.000937
-0.000031
0.000724
0.001305
0.001976
0.002908
0.003677
0.003646
0.002915
0.002166
0.001703
0.001278
0.000631
-0.000286
-0.001330
-0.002090
-0.002210
-0.001957
-0.001874
-0.001924
-0.001644
-0.001001
-0.000407
-0.000124
-0.000066
0.000056
0.000471
0.001018
0.001296
0.001292
0.001389
0.001691
0.001913
0.001830
0.001407
0.000797
0.000283
-0.000110
-0.000700
-0.001581
-0.002356
-0.002671
-0.002603
-0.002402
-0.002202
-0.001930
-0.001455
-0.001019
-0.000993
-0.000985
-0.000195
0.001241
0.002381
0.002774
0.002762
0.002774
0.002914
0.003002
0.002760
0.002127
0.001473
0.001155
0.000892
0.000174
-0.000826
-0.001525
-0.001803
-0.001926
-0.002027
-0.002036
-0.001788
-0.001299
-0.000909
-0.000842
-0.000956
-0.001066
-0.001130
-0.001189
-0.001306
-0.001383
-0.001190
-0.000699
-0.000104
0.000454
0.000950
0.001433
0.001937
0.002331
0.002447
0.002386
0.002379
0.002357
0.002011
0.001296
0.000516
-0.000179
-0.001105
-0.002603
-0.004415
-0.005652
-0.005280
-0.003101
-0.000590
0.000461
0.000313
0.000616
0.001765
0.002826
0.003253
0.003163
0.002808
0.002529
0.002434
0.001966
0.000741
-0.000467
-0.000794
-0.000615
-0.000648
-0.000796
-0.000726
-0.000491
-0.000290
-0.000431
-0.001137
-0.001977
-0.002264
-0.002008
-0.001706
-0.001502
-0.001150
-0.000451
0.000478
0.001152
0.001131
0.000666
0.000471
0.000719
0.000903
0.000715
0.000373
0.000189
0.000308
0.000645
0.000887
0.000903
0.000979
0.001199
0.001154
0.000669
0.000078
-0.000350
-0.000622
-0.000827
-0.001074
-0.001327
-0.001306
-0.000926
-0.000545
-0.000435
-0.000424
-0.000271
-0.000055
-0.000034
-0.000335
-0.000747
-0.000865
-0.000572
-0.000136
0.000208
0.000428
0.000585
0.000749
0.000888
0.000866
0.000659
0.000453
0.000375
0.000286
0.000008
-0.000359
-0.000536
-0.000436
-0.000237
-0.000118
-0.000088
0.000005
0.000330
0.000771
0.000971
0.000832
0.000614
0.000502
0.000435
0.000300
0.000074
-0.000208
-0.000467
-0.000600
-0.000638
-0.000716
-0.000817
-0.000836
-0.000822
-0.000830
-0.000727
-0.000422
-0.000068
0.000165
0.000292
0.000381
0.000440
0.000474
0.000533
0.000624
0.000644
0.000535
0.000388
0.000287
0.000161
-0.000048
-0.000199
-0.000192
-0.000187
-0.000293
-0.000373
-0.000302
-0.000151
-0.000073
-0.000098
-0.000142
-0.000132
-0.000021
0.000164
0.000260
0.000186
0.000070
0.000006
-0.000113
-0.000427
-0.000987
-0.001804
-0.002475
-0.002007
-0.000105
0.001832
0.002348
0.001750
0.001169
0.001009
0.001058
0.001107
0.000992
0.000695
0.000540
0.000583
0.000192
-0.000779
-0.001417
-0.001233
-0.000785
-0.000512
-0.000298
-0.000000
0.000371
0.000604
0.000401
-0.000107
-0.000428
-0.000399
-0.000299
-0.000397
-0.000665
-0.000786
-0.000533
-0.000172
-0.000126
-0.000364
-0.000506
-0.000344
-0.000008
0.000255
0.000350
0.000411
0.000602
0.000866
0.000937
0.000754
0.000647
0.000788
0.000844
0.000543
0.000074
-0.000273
-0.000451
-0.000612
-0.000879
-0.001084
-0.000960
-0.000623
-0.000401
-0.000367
-0.000339
-0.000144
0.000183
0.000382
0.000289
0.000097
0.000051
0.000092
0.000035
-0.000057
0.000046
0.000332
0.000560
0.000630
0.000603
0.000535
0.000455
0.000329
0.000114
-0.000096
-0.000118
0.000027
-0.000029
-0.000464
-0.000851
-0.000765
-0.000367
-0.000063
0.000020
0.000057
0.000195
0.000336
0.000313
0.000157
0.000049
0.000066
0.000107
0.000087
0.000009
-0.000132
-0.000357
-0.000752
-0.001476
-0.002402
-0.002906
-0.002364
-0.000905
0.000521
0.001187
0.001387
0.001699
0.002111
0.002309
0.002180
0.001887
0.001657
0.001506
0.001248
0.000692
-0.000107
-0.000717
-0.000871
-0.000845
-0.000840
-0.000653
-0.000211
0.000174
0.000158
-0.000315
-0.000934
-0.001328
-0.001464
-0.001552
-0.001647
-0.001540
-0.001058
-0.000357
0.000182
0.000405
0.000510
0.000645
0.000685
0.000510
0.000239
0.000099
0.000181
0.000341
0.000431
0.000463
0.000514
0.000679
0.000979
0.001201
0.001122
0.000849
0.000608
0.000386
0.000092
-0.000192
-0.000322
-0.000302
-0.000289
-0.000388
-0.000493
-0.000438
-0.000264
-0.000198
-0.000371
-0.000651
-0.000825
-0.000893
-0.001008
-0.001199
-0.001324
-0.001243
-0.000974
-0.000670
-0.000405
-0.000086
0.000356
0.000813
0.001105
0.001206
0.001243
0.001287
0.001301
0.001219
0.001025
0.000785
0.000571
0.000393
0.000224
0.000066
-0.000063
-0.000148
-0.000211
-0.000316
-0.000499
-0.000671
-0.000722
-0.000678
-0.000621
-0.000543
-0.000425
-0.000344
-0.000332
-0.000263
-0.000075
0.000082
0.000107
0.000080
0.000067
0.000053
0.000048
0.000077
0.000136
0.000170
0.000119
0.000053
0.000104
0.000231
0.000268
0.000189
0.000113
0.000067
-0.000027
-0.000126
-0.000090
0.000067
0.000189
0.000211
0.000210
0.000245
0.000290
0.000301
0.000276
0.000213
0.000090
-0.000108
-0.000362
-0.000607
-0.000749
-0.000725
-0.000556
-0.000350
-0.000140
0.000099
0.000265
0.000241
0.000092
-0.000053
-0.000122
-0.000013
0.000265
0.000403
0.000209
-0.000060
-0.000092
0.000101
0.000297
0.000312
0.000113
-0.000182
-0.000379
-0.000358
-0.000203
-0.000058
0.000062
0.000137
0.000083
-0.000093
-0.000257
-0.000264
-0.000075
0.000174
0.000295
0.000237
0.000149
0.000213
0.000350
0.000319
0.000106
-0.000074
-0.000076
0.000043
0.000046
-0.000179
-0.000363
-0.000258
-0.000081
-0.000150
-0.000353
-0.000370
-0.000174
0.000019
0.000091
0.000096
0.000160
0.000351
0.000520
0.000420
0.000101
-0.000039
0.000207
0.000534
0.000544
0.000253
-0.000053
-0.000251
-0.000413
-0.000541
-0.000545
-0.000421
-0.000302
-0.000290
-0.000293
-0.000157
0.000052
0.000097
-0.000085
-0.000274
-0.000231
0.000052
0.000364
0.000469
0.000351
0.000289
0.000462
0.000595
0.000384
0.000022
-0.000113
-0.000006
0.000036
-0.000190
-0.000490
-0.000481
-0.000144
0.000052
-0.000201
-0.000548
-0.000475
-0.000040
0.000245
0.000137
-0.000003
0.000253
0.000682
0.000660
0.000135
-0.000210
0.000046
0.000431
0.000286
-0.000273
-0.000541
-0.000234
0.000169
0.000107
-0.000341
-0.000568
-0.000279
0.000103
0.000082
-0.000225
-0.000333
-0.000023
0.000391
0.000380
-0.000044
-0.000261
0.000044
0.000423
0.000321
-0.000119
-0.000242
0.000110
0.000376
0.000191
-0.000150
-0.000202
0.000046
0.000196
0.000029
-0.000195
-0.000172
-0.000013
-0.000088
-0.000446
-0.000604
-0.000252
0.000198
0.000240
-0.000012
-0.000104
0.000105
0.000337
0.000355
0.000265
0.000238
0.000227
0.000049
-0.000286
-0.000458
-0.000276
-0.000003
0.000005
-0.000213
-0.000320
-0.000166
0.000032
0.000040
-0.000079
-0.000117
0.000074
0.000433
0.000674
0.000652
0.000510
0.000388
0.000297
0.000202
0.000133
0.000182
0.000197
-0.000099
-0.000543
-0.000715
-0.000500
-0.000173
-0.000116
-0.000359
-0.000534
-0.000408
-0.000072
0.000182
0.000121
-0.000058
-0.000029
0.000157
0.000239
0.000092
-0.000085
0.000012
0.000272
0.000364
0.000236
0.000044
-0.000043
-0.000013
-0.000044
-0.000192
-0.000292
-0.000274
-0.000268
-0.000376
-0.000479
-0.000375
-0.000140
-0.000046
-0.000087
0.000004
0.000293
0.000561
0.000616
0.000486
0.000376
0.000392
0.000403
0.000264
-0.000002
-0.000227
-0.000241
-0.000131
-0.000142
-0.000267
-0.000339
-0.000305
-0.000189
-0.000055
0.000039
0.000100
0.000121
0.000077
0.000001
-0.000030
0.000050
0.000175
0.000171
0.000009
-0.000133
-0.000074
0.000153
0.000295
0.000212
0.000059
-0.000014
-0.000051
-0.000106
-0.000159
-0.000189
-0.000216
-0.000266
-0.000321
-0.000314
-0.000197
-0.000016
0.000095
0.000088
0.000080
0.000157
0.000255
0.000287
0.000248
0.000192
0.000170
0.000162
0.000080
-0.000068
-0.000150
-0.000095
0.000004
0.000022
-0.000052
-0.000160
-0.000224
-0.000186
-0.000107
-0.000085
-0.000079
0.000011
0.000121
0.000088
-0.000051
-0.000086
0.000014
0.000087
0.000054
0.000016
0.000073
0.000156
0.000157
0.000128
0.000172
0.000238
0.000254
0.000233
0.000182
0.000069
-0.000123
-0.000384
-0.000637
-0.000766
-0.000719
-0.000528
-0.000242
0.000064
0.000283
0.000356
0.000322
0.000286
0.000374
0.000595
0.000766
0.000722
0.000473
0.000152
-0.000077
-0.000162
-0.000206
-0.000269
-0.000317
-0.000344
-0.000373
-0.000417
-0.000500
-0.000601
-0.000605
-0.000457
-0.000277
-0.000188
-0.000145
-0.000051
0.000092
0.000230
0.000327
0.000370
0.000376
0.000360
0.000333
0.000339
0.000391
0.000421
0.000358
0.000208
0.000034
-0.000115
-0.000262
-0.000440
-0.000589
-0.000591
-0.000425
-0.000219
-0.000072
0.000085
0.000292
0.000435
0.000456
0.000443
0.000441
0.000393
0.000282
0.000189
0.000141
0.000044
-0.000124
-0.000249
-0.000266
-0.000233
-0.000240
-0.000319
-0.000407
-0.000384
-0.000255
-0.000171
-0.000169
-0.000120
0.000006
0.000123
0.000215
0.000309
0.000371
0.000385
0.000381
0.000340
0.000244
0.000123
-0.000005
-0.000124
-0.000195
-0.000239
-0.000297
-0.000332
-0.000300
-0.000242
-0.000215
-0.000214
-0.000208
-0.000182
-0.000131
-0.000030
0.000119
0.000272
0.000377
0.000413
0.000407
0.000375
0.000306
0.000189
0.000039
-0.000096
-0.000163
-0.000158
-0.000131
-0.000120
-0.000096
-0.000025
0.000012
-0.000038
-0.000086
-0.000068
-0.000063
-0.000112
-0.000133
-0.000082
-0.000036
-0.000063
-0.000104
-0.000078
-0.000032
-0.000024
0.000014
0.000132
0.000225
0.000192
0.000139
0.000200
0.000277
0.000220
0.000091
-0.000001
-0.000071
-0.000162
-0.000255
-0.000311
-0.000325
-0.000292
-0.000195
-0.000038
0.000111
0.000179
0.000192
0.000223
0.000257
0.000245
0.000186
0.000101
-0.000005
-0.000121
-0.000240
-0.000349
-0.000399
-0.000360
-0.000262
-0.000134
0.000026
0.000192
0.000318
0.000367
0.000257
-0.000032
-0.000284
-0.000287
-0.000146
-0.000096
-0.000143
-0.000149
-0.000070
0.000064
0.000230
0.000380
0.000457
0.000426
0.000322
0.000240
0.000203
0.000139
0.000050
-0.000018
-0.000070
-0.000137
-0.000211
-0.000225
-0.000137
-0.000016
0.000062
0.000094
0.000111
0.000125
0.000096
0.000009
-0.000072
-0.000096
-0.000090
-0.000099
-0.000121
-0.000114
-0.000086
-0.000104
-0.000170
-0.000225
-0.000245
-0.000247
-0.000216
-0.000126
-0.000030
0.000013
0.000034
0.000080
0.000153
0.000209
0.000207
0.000171
0.000149
0.000164
0.000195
0.000171
0.000059
-0.000086
-0.000221
-0.000356
-0.000430
-0.000368
-0.000238
-0.000146
-0.000064
0.000061
0.000178
0.000224
0.000221
0.000195
0.000131
0.000073
0.000108
0.000214
0.000311
0.000367
0.000344
0.000223
0.000093
0.000035
0.000016
-0.000030
-0.000123
-0.000233
-0.000334
-0.000403
-0.000405
-0.000349
-0.000288
-0.000231
-0.000169
-0.000120
-0.000071
0.000026
0.000161
0.000271
0.000327
0.000343
0.000316
0.000245
0.000151
0.000054
-0.000015
-0.000027
-0.000005
-0.000010
-0.000066
-0.000154
-0.000230
-0.000262
-0.000278
-0.000288
-0.000225
-0.000090
0.000035
0.000127
0.000203
0.000235
0.000194
0.000133
0.000123
0.000135
0.000102
0.000030
-0.000011
0.000014
0.000039
-0.000004
-0.000045
-0.000001
0.000068
0.000062
-0.000001
-0.000050
-0.000072
-0.000108
-0.000181
-0.000244
-0.000239
-0.000146
0.000017
0.000164
0.000193
0.000138
0.000115
0.000130
0.000112
0.000054
0.000012
0.000017
0.000065
0.000117
0.000116
0.000052
-0.000030
-0.000094
-0.000164
-0.000298
-0.000399
-0.000248
0.000090
0.000293
0.000261
0.000169
0.000139
0.000138
0.000131
0.000122
0.000095
0.000048
0.000002
-0.000050
-0.000119
-0.000181
-0.000255
-0.000372
-0.000457
-0.000431
-0.000347
-0.000300
-0.000300
-0.000252
-0.000081
0.000140
0.000266
0.000255
0.000192
0.000192
0.000272
0.000350
0.000353
0.000302
0.000265
0.000274
0.000266
0.000145
-0.000052
-0.000155
-0.000110
-0.000063
-0.000112
-0.000205
-0.000257
-0.000214
-0.000124
-0.000095
-0.000096
-0.000010
0.000115
0.000140
0.000092
0.000089
0.000141
0.000182
0.000192
0.000164
0.000092
0.000014
-0.000039
-0.000119
-0.000230
-0.000243
-0.000088
0.000108
0.000189
0.000144
0.000043
-0.000070
-0.000178
-0.000257
-0.000253
-0.000144
-0.000027
-0.000035
-0.000136
-0.000154
-0.000020
0.000152
0.000253
0.000279
0.000254
0.000178
0.000076
0.000005
-0.000022
-0.000039
-0.000044
-0.000025
-0.000007
-0.000022
-0.000076
-0.000145
-0.000185
-0.000178
-0.000119
-0.000017
0.000053
0.000019
-0.000071
-0.000108
-0.000070
-0.000024
0.000026
0.000126
0.000240
0.000313
0.000349
0.000342
0.000264
0.000127
-0.000027
-0.000170
-0.000266
-0.000287
-0.000276
-0.000255
-0.000165
-0.000021
0.000065
0.000046
-0.000016
-0.000048
-0.000057
-0.000103
-0.000160
-0.000101
0.000089
0.000245
0.000242
0.000156
0.000121
0.000152
0.000182
0.000193
0.000194
0.000143
-0.000001
-0.000163
-0.000236
-0.000245
-0.000265
-0.000265
-0.000210
-0.000157
-0.000140
-0.000127
-0.000098
-0.000069
-0.000036
0.000028
0.000137
0.000263
0.000330
0.000285
0.000210
0.000236
0.000295
0.000169
-0.000144
-0.000368
-0.000356
-0.000274
-0.000287
-0.000315
-0.000240
-0.000137
-0.000101
-0.000096
-0.000082
-0.000067
-0.000017
0.000103
0.000290
0.000506
0.000652
0.000647
0.000551
0.000470
0.000392
0.000295
0.000213
0.000140
0.000031
-0.000100
-0.000207
-0.000301
-0.000446
-0.000613
-0.000674
-0.000598
-0.000476
-0.000350
-0.000200
-0.000051
0.000064
0.000155
0.000220
0.000246
0.000264
0.000301
0.000303
0.000216
0.000096
0.000059
0.000074
-0.000013
-0.000197
-0.000308
-0.000301
-0.000271
-0.000249
-0.000216
-0.000206
-0.000223
-0.000206
-0.000146
-0.000071
0.000025
0.000117
0.000163
0.000183
0.000228
0.000299
0.000351
0.000362
0.000322
0.000235
0.000150
0.000111
0.000085
0.000027
-0.000063
-0.000151
-0.000172
-0.000114
-0.000074
-0.000113
-0.000171
-0.000171
-0.000103
-0.000006
0.000033
-0.000033
-0.000081
-0.000001
0.000102
0.000100
0.000049
0.000033
0.000033
0.000023
0.000028
0.000044
0.000019
-0.000061
-0.000154
-0.000200
-0.000165
-0.000082
-0.000050
-0.000104
-0.000131
-0.000042
0.000102
0.000203
0.000236
0.000219
0.000165
0.000083
0.000008
-0.000013
0.000035
0.000098
0.000087
-0.000007
-0.000091
-0.000087
-0.000028
0.000001
-0.000015
-0.000044
-0.000065
-0.000086
-0.000149
-0.000269
-0.000358
-0.000337
-0.000238
-0.000110
0.000048
0.000225
0.000371
0.000454
0.000461
0.000393
0.000311
0.000263
0.000187
0.000025
-0.000160
-0.000275
-0.000301
-0.000281
-0.000224
-0.000135
-0.000075
-0.000077
-0.000085
-0.000036
0.000027
0.000017
-0.000063
-0.000122
-0.000114
-0.000056
0.000001
0.000004
0.000051
0.000284
0.000553
0.000614
0.000514
0.000435
0.000393
0.000274
0.000028
-0.000250
-0.000423
-0.000457
-0.000416
-0.000377
-0.000410
-0.000510
-0.000563
-0.000511
-0.000423
-0.000334
-0.000230
-0.000109
0.000044
0.000216
0.000328
0.000340
0.000319
0.000333
0.000348
0.000319
0.000269
0.000224
0.000140
-0.000020
-0.000179
-0.000181
-0.000013
0.000100
-0.000010
-0.000183
-0.000211
-0.000119
-0.000025
0.000043
0.000117
0.000229
0.000370
0.000417
0.000278
0.000094
0.000033
0.000025
-0.000069
-0.000200
-0.000230
-0.000162
-0.000110
-0.000101
-0.000084
-0.000076
-0.000110
-0.000148
-0.000161
-0.000157
-0.000096
0.000030
0.000103
0.000057
0.000024
0.000103
0.000188
0.000177
0.000150
0.000170
0.000140
-0.000010
-0.000188
-0.000250
-0.000147
-0.000005
0.000011
-0.000077
-0.000126
-0.000102
-0.000051
0.000007
0.000045
0.000036
0.000020
0.000058
0.000156
0.000255
0.000259
0.000139
0.000007
-0.000028
-0.000018
-0.000054
-0.000139
-0.000218
-0.000234
-0.000181
-0.000080
0.000065
0.000197
0.000214
0.000116
-0.000007
-0.000102
-0.000153
-0.000130
-0.000030
0.000069
0.000077
0.000026
0.000005
-0.000023
-0.000089
-0.000106
-0.000047
0.000017
0.000083
0.000186
0.000273
0.000272
0.000176
0.000026
-0.000113
-0.000171
-0.000159
-0.000149
-0.000154
-0.000157
-0.000148
-0.000117
-0.000081
-0.000047
0.000009
0.000047
0.000031
0.000047
0.000167
0.000317
0.000366
0.000269
0.000102
-0.000051
-0.000162
-0.000201
-0.000161
-0.000124
-0.000170
-0.000244
-0.000244
-0.000187
-0.000131
-0.000015
0.000198
0.000303
0.000099
-0.000215
-0.000285
-0.000133
-0.000030
-0.000011
0.000082
0.000233
0.000284
0.000199
0.000066
-0.000039
-0.000060
0.000025
0.000117
0.000106
0.000059
0.000103
0.000207
0.000285
0.000356
0.000422
0.000360
0.000118
-0.000157
