6880
-0.000316
-0.000294
-0.000246
-0.000163
-0.000112
-0.000114
-0.000115
-0.000106
-0.000128
-0.000174
-0.000195
-0.000173
-0.000119
-0.000043
0.000060
0.000199
0.000355
0.000466
0.000450
0.000324
0.000215
0.000214
0.000270
0.000253
0.000099
-0.000122
-0.000266
-0.000274
-0.000246
-0.000278
-0.000341
-0.000392
-0.000450
-0.000457
-0.000303
-0.000072
0.000014
-0.000044
-0.000052
0.000045
0.000146
0.000185
0.000183
0.000179
0.000216
0.000292
0.000322
0.000246
0.000141
0.000104
0.000105
0.000081
0.000036
0.000001
-0.000010
0.000040
0.000139
0.000188
0.000125
0.000016
-0.000059
-0.000106
-0.000159
-0.000213
-0.000267
-0.000296
-0.000254
-0.000185
-0.000179
-0.000227
-0.000249
-0.000202
-0.000121
-0.000070
-0.000078
-0.000079
0.000004
0.000112
0.000168
0.000202
0.000218
0.000173
0.000113
0.000101
0.000100
0.000074
0.000081
0.000160
0.000261
0.000310
0.000268
0.000164
0.000075
0.000041
0.000017
-0.000070
-0.000217
-0.000315
-0.000291
-0.000204
-0.000121
-0.000047
-0.000012
-0.000039
-0.000077
-0.000070
-0.000033
-0.000009
0.000015
0.000083
0.000141
0.000107
0.000045
0.000067
0.000144
0.000171
0.000107
0.000002
-0.000086
-0.000124
-0.000119
-0.000118
-0.000122
-0.000081
-0.000014
0.000013
-0.000016
-0.000069
-0.000103
-0.000068
0.000045
0.000169
0.000221
0.000197
0.000156
0.000116
0.000049
0.000016
0.000113
0.000280
0.000351
0.000262
0.000099
-0.000040
-0.000148
-0.000255
-0.000348
-0.000386
-0.000388
-0.000422
-0.000498
-0.000545
-0.000500
-0.000363
-0.000206
-0.000119
-0.000092
-0.000021
0.000111
0.000204
0.000226
0.000247
0.000292
0.000316
0.000315
0.000334
0.000415
0.000523
0.000547
0.000434
0.000256
0.000120
0.000052
-0.000006
-0.000127
-0.000304
-0.000432
-0.000425
-0.000316
-0.000185
-0.000081
-0.000032
-0.000019
-0.000000
0.000005
-0.000015
-0.000023
-0.000019
-0.000041
-0.000050
0.000019
0.000124
0.000152
0.000089
0.000052
0.000102
0.000161
0.000134
0.000040
-0.000043
-0.000079
-0.000087
-0.000088
-0.000065
-0.000002
0.000069
0.000119
0.000156
0.000178
0.000150
0.000070
-0.000006
-0.000050
-0.000120
-0.000263
-0.000379
-0.000357
-0.000252
-0.000186
-0.000181
-0.000167
-0.000093
0.000024
0.000127
0.000169
0.000157
0.000157
0.000178
0.000154
0.000074
0.000006
-0.000027
-0.000050
-0.000048
-0.000024
-0.000017
0.000005
0.000070
0.000092
0.000037
0.000012
0.000059
0.000097
0.000091
0.000078
0.000070
0.000060
0.000067
0.000100
0.000108
0.000044
-0.000015
0.000026
0.000075
-0.000010
-0.000156
-0.000204
-0.000172
-0.000195
-0.000282
-0.000293
-0.000155
0.000008
0.000073
0.000089
0.000107
0.000084
0.000033
0.000024
0.000054
0.000072
0.000053
0.000032
0.000042
0.000067
0.000073
0.000051
0.000011
-0.000033
-0.000046
-0.000021
-0.000011
-0.000046
-0.000042
0.000047
0.000097
0.000010
-0.000094
-0.000092
-0.000026
0.000024
0.000028
0.000013
0.000070
0.000182
0.000124
-0.000174
-0.000422
-0.000427
-0.000337
-0.000293
-0.000240
-0.000115
0.000048
0.000188
0.000292
0.000357
0.000359
0.000298
0.000200
0.000113
0.000112
0.000193
0.000234
0.000185
0.000117
0.000060
0.000008
-0.000003
0.000014
-0.000007
-0.000044
-0.000031
0.000015
0.000013
-0.000084
-0.000214
-0.000280
-0.000266
-0.000199
-0.000098
-0.000016
-0.000013
-0.000069
-0.000099
-0.000043
0.000050
0.000082
0.000060
0.000062
0.000081
0.000080
0.000073
0.000026
-0.000090
-0.000185
-0.000215
-0.000243
-0.000254
-0.000203
-0.000143
-0.000100
-0.000036
0.000031
0.000066
0.000088
0.000113
0.000132
0.000146
0.000143
0.000106
0.000078
0.000101
0.000102
0.000037
0.000030
0.000126
0.000164
0.000103
0.000101
0.000178
0.000199
0.000157
0.000130
0.000099
0.000023
-0.000062
-0.000116
-0.000132
-0.000102
-0.000046
-0.000040
-0.000123
-0.000217
-0.000256
-0.000268
-0.000258
-0.000207
-0.000150
-0.000112
-0.000073
-0.000013
0.000043
0.000073
0.000103
0.000151
0.000171
0.000126
0.000046
-0.000000
0.000036
0.000094
0.000064
-0.000020
-0.000015
0.000066
0.000077
0.000012
-0.000023
-0.000042
-0.000097
-0.000133
-0.000081
0.000041
0.000165
0.000217
0.000159
0.000007
-0.000163
-0.000243
-0.000184
-0.000070
-0.000064
-0.000162
-0.000159
0.000033
0.000237
0.000271
0.000168
0.000058
-0.000017
-0.000057
-0.000021
0.000047
0.000010
-0.000095
-0.000077
0.000074
0.000189
0.000156
-0.000003
-0.000144
-0.000141
-0.000040
0.000030
0.000041
0.000030
0.000016
0.000033
0.000104
0.000173
0.000158
0.000071
-0.000021
-0.000099
-0.000129
-0.000020
0.000195
0.000330
0.000338
0.000308
0.000235
0.000074
-0.000112
-0.000224
-0.000248
-0.000250
-0.000292
-0.000369
-0.000459
-0.000545
-0.000577
-0.000507
-0.000353
-0.000194
-0.000106
-0.000070
0.000034
0.000237
0.000394
0.000398
0.000350
0.000379
0.000451
0.000467
0.000419
0.000334
0.000193
0.000033
-0.000049
-0.000067
-0.000122
-0.000213
-0.000249
-0.000207
-0.000167
-0.000186
-0.000214
-0.000206
-0.000181
-0.000118
0.000021
0.000193
0.000291
0.000269
0.000182
0.000091
0.000001
-0.000050
-0.000017
0.000052
0.000089
0.000085
0.000068
0.000074
0.000071
-0.000008
-0.000116
-0.000173
-0.000190
-0.000161
-0.000048
0.000093
0.000179
0.000206
0.000201
0.000173
0.000117
0.000018
-0.000106
-0.000192
-0.000190
-0.000132
-0.000082
-0.000045
0.000006
0.000031
-0.000054
-0.000252
-0.000427
-0.000432
-0.000301
-0.000213
-0.000235
-0.000264
-0.000209
-0.000062
0.000125
0.000255
0.000250
0.000176
0.000172
0.000270
0.000373
0.000387
0.000321
0.000276
0.000305
0.000337
0.000300
0.000226
0.000171
0.000144
0.000150
0.000165
0.000123
0.000014
-0.000072
-0.000070
-0.000041
-0.000083
-0.000196
-0.000284
-0.000289
-0.000277
-0.000341
-0.000434
-0.000457
-0.000462
-0.000503
-0.000469
-0.000351
-0.000322
-0.000376
-0.000294
-0.000053
0.000153
0.000273
0.000412
0.000575
0.000677
0.000678
0.000600
0.000488
0.000369
0.000272
0.000221
0.000192
0.000140
0.000074
0.000024
-0.000016
-0.000071
-0.000116
-0.000115
-0.000083
-0.000093
-0.000191
-0.000329
-0.000401
-0.000398
-0.000361
-0.000273
-0.000183
-0.000252
-0.000458
-0.000585
-0.000591
-0.000560
-0.000428
-0.000156
0.000083
0.000190
0.000293
0.000455
0.000577
0.000626
0.000654
0.000658
0.000597
0.000475
0.000365
0.000332
0.000336
0.000281
0.000169
0.000072
0.000008
-0.000062
-0.000144
-0.000185
-0.000126
-0.000030
-0.000024
-0.000121
-0.000240
-0.000319
-0.000374
-0.000450
-0.000495
-0.000437
-0.000322
-0.000210
-0.000071
0.000090
0.000188
0.000188
0.000119
0.000021
-0.000021
0.000035
0.000102
0.000106
0.000048
-0.000057
-0.000151
-0.000173
-0.000149
-0.000113
-0.000062
0.000001
0.000088
0.000202
0.000272
0.000250
0.000195
0.000155
0.000120
0.000083
0.000023
-0.000082
-0.000160
-0.000128
-0.000058
-0.000084
-0.000184
-0.000237
-0.000197
-0.000111
-0.000043
-0.000044
-0.000124
-0.000207
-0.000174
-0.000005
0.000181
0.000256
0.000218
0.000162
0.000134
0.000106
0.000092
0.000137
0.000193
0.000170
0.000135
0.000236
0.000416
0.000435
0.000230
0.000007
-0.000059
0.000003
0.000068
0.000042
-0.000059
-0.000179
-0.000307
-0.000399
-0.000415
-0.000416
-0.000419
-0.000374
-0.000323
-0.000318
-0.000271
-0.000142
-0.000062
-0.000113
-0.000199
-0.000189
-0.000059
0.000106
0.000222
0.000340
0.000524
0.000632
0.000502
0.000272
0.000197
0.000284
0.000348
0.000285
0.000148
0.000054
0.000073
0.000158
0.000174
0.000074
-0.000037
-0.000071
-0.000053
-0.000048
-0.000101
-0.000223
-0.000377
-0.000481
-0.000462
-0.000364
-0.000329
-0.000401
-0.000461
-0.000380
-0.000162
0.000047
0.000091
-0.000001
-0.000024
0.000137
0.000353
0.000423
0.000299
0.000085
-0.000070
-0.000020
0.000264
0.000577
0.000655
0.000492
0.000335
0.000334
0.000362
0.000255
0.000028
-0.000189
-0.000305
-0.000326
-0.000325
-0.000375
-0.000443
-0.000443
-0.000363
-0.000279
-0.000265
-0.000302
-0.000289
-0.000188
-0.000083
-0.000034
-0.000001
0.000020
-0.000002
-0.000007
0.000058
0.000106
0.000033
-0.000123
-0.000225
-0.000171
-0.000010
0.000055
-0.000079
-0.000227
-0.000167
0.000055
0.000275
0.000407
0.000398
0.000273
0.000218
0.000356
0.000576
0.000685
0.000607
0.000418
0.000279
0.000285
0.000343
0.000275
0.000063
-0.000125
-0.000159
-0.000075
-0.000002
-0.000054
-0.000232
-0.000375
-0.000382
-0.000366
-0.000438
-0.000538
-0.000591
-0.000627
-0.000658
-0.000605
-0.000440
-0.000264
-0.000152
-0.000068
0.000048
0.000183
0.000259
0.000244
0.000222
0.000259
0.000315
0.000363
0.000439
0.000513
0.000508
0.000462
0.000465
0.000501
0.000474
0.000339
0.000155
0.000024
-0.000050
-0.000137
-0.000257
-0.000374
-0.000436
-0.000436
-0.000435
-0.000463
-0.000476
-0.000440
-0.000358
-0.000255
-0.000182
-0.000165
-0.000169
-0.000152
-0.000081
0.000061
0.000223
0.000304
0.000285
0.000242
0.000220
0.000207
0.000230
0.000303
0.000334
0.000223
0.000043
-0.000056
-0.000043
0.000004
0.000009
-0.000052
-0.000143
-0.000207
-0.000197
-0.000094
0.000017
0.000039
0.000027
0.000080
0.000159
0.000151
0.000075
0.000067
0.000131
0.000145
0.000112
0.000118
0.000121
0.000024
-0.000138
-0.000253
-0.000267
-0.000202
-0.000141
-0.000165
-0.000228
-0.000174
0.000005
0.000101
0.000005
-0.000105
-0.000051
0.000015
-0.000151
-0.000422
-0.000492
-0.000350
-0.000171
-0.000014
0.000111
0.000180
0.000251
0.000386
0.000497
0.000497
0.000460
0.000438
0.000370
0.000275
0.000222
0.000187
0.000109
0.000010
-0.000048
-0.000028
0.000022
-0.000042
-0.000269
-0.000493
-0.000532
-0.000415
-0.000308
-0.000311
-0.000359
-0.000315
-0.000169
-0.000071
-0.000117
-0.000204
-0.000181
-0.000013
0.000260
0.000540
0.000649
0.000544
0.000399
0.000328
0.000276
0.000211
0.000155
0.000108
0.000093
0.000147
0.000218
0.000184
-0.000022
-0.000320
-0.000512
-0.000507
-0.000437
-0.000423
-0.000430
-0.000410
-0.000368
-0.000293
-0.000183
-0.000092
-0.000061
-0.000090
-0.000133
-0.000085
0.000091
0.000260
0.000287
0.000227
0.000242
0.000370
0.000483
0.000484
0.000416
0.000362
0.000336
0.000310
0.000291
0.000276
0.000203
0.000051
-0.000084
-0.000143
-0.000189
-0.000274
-0.000404
-0.000561
-0.000663
-0.000641
-0.000537
-0.000428
-0.000335
-0.000228
-0.000070
0.000087
0.000135
0.000070
0.000025
0.000109
0.000269
0.000361
0.000333
0.000240
0.000146
0.000111
0.000132
0.000113
0.000037
-0.000003
0.000019
0.000041
0.000044
0.000047
0.000062
0.000085
0.000061
-0.000037
-0.000126
-0.000156
-0.000159
-0.000112
0.000012
0.000118
0.000111
0.000042
-0.000008
-0.000045
-0.000078
-0.000076
-0.000033
0.000039
0.000136
0.000223
0.000265
0.000253
0.000182
0.000095
0.000043
0.000000
-0.000065
-0.000133
-0.000174
-0.000171
-0.000151
-0.000146
-0.000141
-0.000121
-0.000120
-0.000161
-0.000195
-0.000176
-0.000147
-0.000144
-0.000131
-0.000089
-0.000081
-0.000111
-0.000033
0.000219
0.000460
0.000539
0.000538
0.000525
0.000425
0.000228
0.000051
-0.000022
0.000003
0.000022
-0.000100
-0.000339
-0.000522
-0.000567
-0.000525
-0.000461
-0.000440
-0.000510
-0.000625
-0.000618
-0.000370
-0.000004
0.000253
0.000307
0.000188
0.000041
0.000098
0.000380
0.000603
0.000575
0.000437
0.000383
0.000430
0.000513
0.000528
0.000354
0.000058
-0.000110
-0.000048
0.000100
0.000181
0.000189
0.000158
0.000057
-0.000065
-0.000082
-0.000027
-0.000067
-0.000229
-0.000373
-0.000402
-0.000357
-0.000323
-0.000341
-0.000389
-0.000417
-0.000396
-0.000352
-0.000303
-0.000218
-0.000089
0.000050
0.000187
0.000302
0.000328
0.000259
0.000223
0.000307
0.000444
0.000528
0.000511
0.000399
0.000262
0.000174
0.000119
0.000025
-0.000138
-0.000334
-0.000465
-0.000448
-0.000333
-0.000255
-0.000251
-0.000260
-0.000229
-0.000158
-0.000074
-0.000002
0.000043
0.000057
0.000054
0.000076
0.000135
0.000156
0.000081
-0.000035
-0.000101
-0.000091
-0.000028
0.000042
0.000101
0.000166
0.000228
0.000241
0.000171
0.000069
0.000055
0.000115
0.000082
-0.000075
-0.000181
-0.000138
-0.000006
0.000134
0.000224
0.000215
0.000150
0.000082
-0.000017
-0.000128
-0.000134
-0.000034
0.000015
-0.000025
0.000003
0.000132
0.000196
0.000089
-0.000086
-0.000169
-0.000150
-0.000140
-0.000172
-0.000189
-0.000181
-0.000164
-0.000124
-0.000105
-0.000168
-0.000243
-0.000225
-0.000108
0.000025
0.000055
-0.000025
-0.000087
-0.000066
0.000002
0.000071
0.000111
0.000124
0.000124
0.000122
0.000178
0.000330
0.000413
0.000185
-0.000246
-0.000455
-0.000288
-0.000077
-0.000174
-0.000515
-0.000713
-0.000459
0.000109
0.000498
0.000436
0.000130
-0.000063
0.000033
0.000388
0.000783
0.000883
0.000582
0.000185
0.000056
0.000224
0.000428
0.000366
-0.000019
-0.000402
-0.000364
0.000074
0.000446
0.000397
0.000051
-0.000255
-0.000326
-0.000201
-0.000085
-0.000154
-0.000362
-0.000510
-0.000442
-0.000200
-0.000017
-0.000087
-0.000340
-0.000508
-0.000407
-0.000153
-0.000012
-0.000091
-0.000255
-0.000315
-0.000170
0.000126
0.000316
0.000193
-0.000058
-0.000093
0.000110
0.000312
0.000387
0.000358
0.000277
0.000226
0.000256
0.000308
0.000290
0.000180
0.000056
0.000022
0.000093
0.000140
0.000022
-0.000215
-0.000375
-0.000376
-0.000293
-0.000219
-0.000222
-0.000289
-0.000323
-0.000273
-0.000143
0.000022
0.000099
0.000027
-0.000052
0.000011
0.000170
0.000292
0.000301
0.000215
0.000127
0.000099
0.000127
0.000214
0.000287
0.000222
0.000065
-0.000012
0.000037
0.000094
0.000065
0.000000
0.000014
0.000080
0.000076
0.000014
-0.000010
-0.000015
-0.000070
-0.000139
-0.000150
-0.000128
-0.000162
-0.000255
-0.000299
-0.000234
-0.000142
-0.000102
-0.000106
-0.000117
-0.000104
-0.000055
-0.000003
-0.000020
-0.000112
-0.000181
-0.000148
-0.000062
-0.000004
0.000026
0.000051
0.000085
0.000155
0.000246
0.000291
0.000253
0.000171
0.000136
0.000198
0.000275
0.000221
-0.000003
-0.000288
-0.000499
-0.000551
-0.000408
-0.000155
-0.000010
-0.000076
-0.000188
-0.000153
0.000022
0.000218
0.000302
0.000197
0.000032
0.000036
0.000201
0.000295
0.000211
0.000122
0.000233
0.000535
0.000864
0.001034
0.000948
0.000676
0.000359
0.000105
-0.000045
-0.000154
-0.000322
-0.000556
-0.000745
-0.000798
-0.000761
-0.000731
-0.000724
-0.000735
-0.000787
-0.000812
-0.000688
-0.000448
-0.000265
-0.000213
-0.000178
-0.000017
0.000229
0.000387
0.000389
0.000351
0.000399
0.000507
0.000562
0.000528
0.000479
0.000452
0.000395
0.000331
0.000332
0.000339
0.000264
0.000123
-0.000012
-0.000069
-0.000053
-0.000083
-0.000218
-0.000344
-0.000339
-0.000219
-0.000093
-0.000056
-0.000132
-0.000220
-0.000191
-0.000080
-0.000053
-0.000157
-0.000259
-0.000250
-0.000192
-0.000166
-0.000122
-0.000004
0.000149
0.000309
0.000478
0.000591
0.000553
0.000354
0.000123
0.000032
0.000117
0.000210
0.000151
0.000014
-0.000043
-0.000033
-0.000066
-0.000170
-0.000274
-0.000306
-0.000279
-0.000252
-0.000221
-0.000140
-0.000052
-0.000036
-0.000061
-0.000039
0.000024
0.000027
-0.000064
-0.000141
-0.000128
-0.000083
-0.000083
-0.000119
-0.000122
-0.000035
0.000115
0.000228
0.000249
0.000217
0.000169
0.000101
0.000027
-0.000045
-0.000144
-0.000276
-0.000397
-0.000430
-0.000301
-0.000065
0.000085
0.000074
0.000033
0.000045
0.000041
0.000027
0.000052
0.000007
-0.000164
-0.000252
-0.000111
0.000159
0.000440
0.000626
0.000599
0.000422
0.000331
0.000433
0.000594
0.000626
0.000475
0.000254
0.000158
0.000254
0.000359
0.000253
-0.000015
-0.000208
-0.000223
-0.000208
-0.000330
-0.000568
-0.000790
-0.000888
-0.000800
-0.000576
-0.000412
-0.000436
-0.000550
-0.000581
-0.000490
-0.000319
-0.000113
-0.000017
-0.000140
-0.000272
-0.000141
0.000115
0.000183
0.000101
0.000158
0.000451
0.000794
0.000957
0.000879
0.000682
0.000527
0.000464
0.000451
0.000424
0.000308
0.000097
-0.000084
-0.000140
-0.000126
-0.000118
-0.000152
-0.000268
-0.000438
-0.000512
-0.000422
-0.000306
-0.000289
-0.000329
-0.000335
-0.000268
-0.000147
-0.000026
0.000025
-0.000002
0.000009
0.000172
0.000405
0.000519
0.000454
0.000318
0.000257
0.000288
0.000295
0.000256
0.000285
0.000363
0.000324
0.000159
-0.000042
-0.000287
-0.000544
-0.000651
-0.000591
-0.000510
-0.000475
-0.000484
-0.000509
-0.000475
-0.000349
-0.000217
-0.000156
-0.000138
-0.000067
0.000067
0.000168
0.000203
0.000242
0.000297
0.000326
0.000360
0.000426
0.000443
0.000362
0.000255
0.000184
0.000134
0.000104
0.000100
0.000098
0.000085
0.000043
-0.000114
-0.000453
-0.000841
-0.001007
-0.000829
-0.000441
-0.000104
0.000016
-0.000037
-0.000077
0.000034
0.000225
0.000247
-0.000007
-0.000275
-0.000201
0.000232
0.000691
0.000865
0.000741
0.000565
0.000558
0.000680
0.000730
0.000593
0.000320
0.000089
0.000072
0.000221
0.000282
0.000149
-0.000049
-0.000192
-0.000265
-0.000312
-0.000443
-0.000718
-0.000984
-0.001014
-0.000785
-0.000482
-0.000326
-0.000375
-0.000447
-0.000333
-0.000071
0.000106
0.000048
-0.000151
-0.000268
-0.000150
0.000195
0.000533
0.000619
0.000508
0.000437
0.000498
0.000593
0.000572
0.000355
0.000032
-0.000207
-0.000242
-0.000120
-0.000016
-0.000076
-0.000254
-0.000335
-0.000196
0.000015
0.000052
-0.000106
-0.000272
-0.000313
-0.000250
-0.000200
-0.000218
-0.000182
0.000041
0.000396
0.000712
0.000837
0.000708
0.000419
0.000183
0.000152
0.000240
0.000233
0.000053
-0.000183
-0.000293
-0.000222
-0.000119
-0.000153
-0.000302
-0.000430
-0.000473
-0.000460
-0.000456
-0.000480
-0.000470
-0.000359
-0.000152
0.000062
0.000177
0.000165
0.000105
0.000113
0.000215
0.000289
0.000226
0.000047
-0.000121
-0.000138
0.000005
0.000166
0.000235
0.000223
0.000195
0.000204
0.000259
0.000260
0.000106
-0.000116
-0.000172
0.000028
0.000277
0.000303
0.000123
-0.000010
-0.000049
-0.000219
-0.000549
-0.000750
-0.000630
-0.000327
-0.000072
0.000046
0.000062
0.000049
0.000066
0.000079
-0.000053
-0.000363
-0.000597
-0.000492
-0.000109
0.000280
0.000480
0.000517
0.000562
0.000692
0.000796
0.000724
0.000467
0.000189
0.000111
0.000299
0.000559
0.000621
0.000468
0.000291
0.000179
0.000053
-0.000157
-0.000433
-0.000724
-0.000927
-0.000875
-0.000545
-0.000194
-0.000104
-0.000255
-0.000405
-0.000415
-0.000377
-0.000421
-0.000528
-0.000558
-0.000381
0.000008
0.000433
0.000631
0.000475
0.000177
0.000097
0.000293
0.000442
0.000261
-0.000125
-0.000331
-0.000194
0.000084
0.000220
0.000098
-0.000154
-0.000290
-0.000185
0.000047
0.000158
0.000051
-0.000087
-0.000037
0.000144
0.000229
0.000137
0.000014
0.000031
0.000175
0.000276
0.000220
0.000064
-0.000069
-0.000065
0.000139
0.000418
0.000490
0.000260
-0.000027
-0.000098
-0.000003
0.000013
-0.000120
-0.000260
-0.000297
-0.000222
-0.000083
-0.000003
-0.000078
-0.000233
-0.000298
-0.000240
-0.000139
-0.000052
-0.000048
-0.000182
-0.000327
-0.000317
-0.000213
-0.000176
-0.000224
-0.000206
-0.000024
0.000205
0.000300
0.000268
0.000257
0.000335
0.000440
0.000466
0.000362
0.000213
0.000178
0.000284
0.000406
0.000416
0.000278
0.000069
-0.000095
-0.000172
-0.000186
-0.000163
-0.000142
-0.000164
-0.000248
-0.000395
-0.000582
-0.000741
-0.000758
-0.000612
-0.000440
-0.000339
-0.000219
0.000048
0.000381
0.000509
0.000288
-0.000118
-0.000416
-0.000399
-0.000035
0.000436
0.000674
0.000646
0.000621
0.000719
0.000721
0.000451
0.000072
-0.000128
-0.000078
0.000145
0.000470
0.000696
0.000593
0.000275
0.000090
0.000080
-0.000062
-0.000455
-0.000813
-0.000875
-0.000704
-0.000460
-0.000235
-0.000138
-0.000209
-0.000321
-0.000336
-0.000266
-0.000253
-0.000369
-0.000428
-0.000186
0.000269
0.000612
0.000672
0.000468
0.000117
-0.000143
-0.000152
-0.000054
-0.000075
-0.000190
-0.000194
0.000003
0.000254
0.000331
0.000167
-0.000096
-0.000266
-0.000240
-0.000077
-0.000000
-0.000134
-0.000250
-0.000062
0.000314
0.000523
0.000408
0.000103
-0.000125
-0.000098
0.000116
0.000259
0.000161
-0.000014
0.000053
0.000372
0.000576
0.000405
0.000042
-0.000163
-0.000109
-0.000004
-0.000069
-0.000310
-0.000517
-0.000475
-0.000169
0.000179
0.000299
0.000126
-0.000142
-0.000269
-0.000212
-0.000128
-0.000173
-0.000316
-0.000368
-0.000189
0.000107
0.000268
0.000214
0.000091
0.000032
0.000031
0.000042
0.000043
0.000017
0.000004
0.000095
0.000250
0.000274
0.000081
-0.000142
-0.000187
-0.000074
0.000047
0.000098
0.000057
-0.000036
-0.000036
0.000117
0.000233
0.000169
0.000104
0.000230
0.000461
0.000581
0.000469
0.000186
-0.000095
-0.000232
-0.000243
-0.000268
-0.000188
0.000514
0.001642
0.001663
-0.000262
-0.002606
-0.003480
-0.003055
-0.002785
-0.003461
-0.004545
-0.004534
-0.002475
0.000341
0.001722
0.001993
0.003635
0.006900
0.008606
0.006539
0.002843
0.001172
0.001827
0.001902
-0.000227
-0.002691
-0.002714
0.000088
0.003492
0.004727
0.002598
-0.001332
-0.003712
-0.002913
-0.001360
-0.002485
-0.005582
-0.006331
-0.002923
0.001199
0.001916
-0.000768
-0.003948
-0.005487
-0.004968
-0.003097
-0.001521
-0.001398
-0.001312
0.001140
0.005169
0.007015
0.005056
0.001830
0.000235
0.000481
0.001513
0.002733
0.003505
0.003238
0.002526
0.002217
0.001554
-0.000345
-0.001989
-0.001561
-0.000218
0.000292
0.001112
0.003297
0.004459
0.002496
-0.000761
-0.002753
-0.003410
-0.003507
-0.003435
-0.003958
-0.004965
-0.004462
-0.001931
-0.000470
-0.002246
-0.004603
-0.004110
-0.001540
0.000279
0.000614
0.000441
0.000686
0.002153
0.004494
0.005440
0.003946
0.002536
0.003398
0.004716
0.004060
0.002273
0.001188
0.000812
0.000756
0.001135
0.001101
-0.000280
-0.001916
-0.002506
-0.002932
-0.004038
-0.004609
-0.003980
-0.003345
-0.002876
-0.001394
0.000398
0.000411
-0.001035
-0.001724
-0.001197
-0.000512
0.000233
0.001289
0.002066
0.002548
0.003535
0.004386
0.003448
0.001314
0.000329
0.000834
0.001336
0.001690
0.002518
0.002735
0.001225
-0.000666
-0.001476
-0.002199
-0.004060
-0.006097
-0.006532
-0.005085
-0.003936
-0.006575
-0.013556
-0.019028
-0.014832
-0.000694
0.011845
0.011747
0.005106
0.009119
0.025057
0.032163
0.018616
0.001574
0.001073
0.010601
0.012245
0.006016
0.003497
0.004232
-0.000867
-0.010313
-0.014703
-0.014334
-0.018225
-0.026857
-0.029743
-0.021857
-0.011135
-0.006445
-0.007334
-0.008717
-0.007405
-0.002017
0.005808
0.010131
0.008382
0.007681
0.014819
0.024446
0.027003
0.023096
0.019785
0.018066
0.014379
0.009807
0.007590
0.005015
-0.002421
-0.011028
-0.012965
-0.009439
-0.009803
-0.016913
-0.023498
-0.024349
-0.022119
-0.019767
-0.016811
-0.013621
-0.010922
-0.006177
0.001921
0.007965
0.006413
0.002206
0.006608
0.020133
0.029644
0.028221
0.024472
0.025251
0.025404
0.019864
0.010566
0.000567
-0.007662
-0.011928
-0.013424
-0.014756
-0.016382
-0.019019
-0.023045
-0.024438
-0.019992
-0.014461
-0.013466
-0.013513
-0.007789
0.002597
0.010770
0.013715
0.013934
0.014446
0.015888
0.016768
0.015406
0.012357
0.009405
0.006699
0.004150
0.003002
0.002122
-0.001974
-0.008118
-0.010799
-0.009064
-0.007383
-0.007952
-0.008745
-0.007706
-0.004828
-0.001856
-0.000918
-0.001977
-0.002848
-0.002275
-0.000720
0.001245
0.002849
0.003011
0.002387
0.003306
0.005998
0.007451
0.005627
0.002601
0.001783
0.003404
0.004625
0.003668
0.001902
0.001350
0.001623
0.000825
-0.001424
-0.004131
-0.007084
-0.009993
-0.011037
-0.009335
-0.006909
-0.005681
-0.005437
-0.006425
-0.009400
-0.012928
-0.014947
-0.013010
-0.002493
0.014690
0.025713
0.026603
0.030683
0.041255
0.041291
0.024659
0.008409
0.003701
0.001465
-0.006467
-0.013437
-0.012273
-0.009968
-0.017055
-0.028376
-0.030657
-0.026718
-0.030294
-0.038669
-0.036019
-0.021341
-0.008141
-0.000719
0.007865
0.019221
0.027342
0.029727
0.029958
0.030134
0.028246
0.024059
0.021139
0.021111
0.021441
0.019143
0.012402
0.001736
-0.008325
-0.014824
-0.021731
-0.031578
-0.038023
-0.035968
-0.030295
-0.026418
-0.021934
-0.014298
-0.007443
-0.004647
-0.001981
0.005023
0.013147
0.016924
0.018638
0.024061
0.030797
0.030810
0.023995
0.019607
0.021145
0.019063
0.007104
-0.004589
-0.006621
-0.006927
-0.014193
-0.022075
-0.023652
-0.023130
-0.024601
-0.024618
-0.020022
-0.013782
-0.010318
-0.008063
-0.001219
0.009377
0.015341
0.014699
0.015169
0.019670
0.021708
0.018023
0.013442
0.011238
0.008661
0.003690
-0.001066
-0.003493
-0.005879
-0.010376
-0.014155
-0.013615
-0.010788
-0.010162
-0.011013
-0.008895
-0.003711
0.000051
0.000838
0.001715
0.004128
0.005685
0.005245
0.004988
0.005823
0.005542
0.003351
0.001944
0.002972
0.003927
0.002169
-0.000512
-0.000803
0.000630
0.000591
-0.001198
-0.002226
-0.001808
-0.001702
-0.002405
-0.002441
-0.001551
-0.001171
-0.001556
-0.001541
-0.000766
-0.000086
-0.000482
-0.001563
-0.001425
-0.000196
-0.000507
-0.001783
-0.000791
0.001692
0.002311
0.000273
-0.004029
-0.010006
-0.015318
-0.018077
-0.016335
-0.005665
0.011455
0.022022
0.023102
0.027978
0.038555
0.037847
0.020692
0.004543
0.000922
-0.000186
-0.009015
-0.018101
-0.017353
-0.013286
-0.017248
-0.024362
-0.023553
-0.019790
-0.024783
-0.033488
-0.030991
-0.016597
-0.003256
0.003446
0.010983
0.023780
0.034247
0.035473
0.031712
0.028875
0.025212
0.018419
0.012032
0.009318
0.008338
0.005417
-0.000556
-0.006897
-0.010332
-0.012997
-0.020351
-0.030734
-0.035240
-0.030971
-0.024956
-0.021571
-0.015989
-0.005088
0.004975
0.009135
0.011982
0.017720
0.021368
0.018957
0.016459
0.019387
0.022977
0.020947
0.015418
0.010658
0.004826
-0.003930
-0.010813
-0.012542
-0.013441
-0.016149
-0.016673
-0.012722
-0.008056
-0.007240
-0.009745
-0.010388
-0.006979
-0.003646
-0.002740
-0.000757
0.003851
0.007833
0.009990
0.012076
0.013321
0.011390
0.007296
0.004413
0.003838
0.003456
0.001439
-0.000934
-0.001474
-0.000972
-0.001982
-0.004571
-0.006667
-0.007638
-0.008171
-0.007993
-0.006523
-0.004412
-0.002621
-0.000940
0.001407
0.004026
0.005279
0.004542
0.003481
0.003753
0.004547
0.004193
0.002957
0.002129
0.001677
0.000891
0.000068
-0.000220
-0.000505
-0.001445
-0.002218
-0.001799
-0.001056
-0.001313
-0.002118
-0.002449
-0.002320
-0.001900
-0.000934
-0.000085
-0.000532
-0.001013
0.000747
0.002794
0.001979
0.000453
0.000524
0.000035
-0.000912
-0.000025
0.000730
-0.000917
-0.004052
-0.008633
-0.013550
-0.014981
-0.013318
-0.010805
-0.002689
0.012751
0.024145
0.025517
0.027254
0.033015
0.030644
0.017038
0.005255
0.000802
-0.005029
-0.015364
-0.021624
-0.020064
-0.018262
-0.021133
-0.023515
-0.021195
-0.018070
-0.017623
-0.016360
-0.009984
-0.000334
0.006771
0.009206
0.012119
0.020217
0.028712
0.029894
0.025285
0.021373
0.018089
0.011522
0.003061
-0.002995
-0.006746
-0.010849
-0.014783
-0.015926
-0.014525
-0.013988
-0.015681
-0.016362
-0.013534
-0.010008
-0.008691
-0.006838
-0.001052
0.006100
0.010333
0.012496
0.015362
0.017624
0.016801
0.014268
0.012385
0.010063
0.005416
0.000054
-0.003107
-0.004337
-0.006387
-0.011410
-0.018975
-0.023166
-0.017045
-0.006000
-0.002004
-0.001760
0.004966
0.012830
0.013097
0.009691
0.007333
0.004907
0.002168
-0.000279
-0.001957
-0.001863
-0.001681
-0.003426
-0.004014
-0.001483
-0.001221
-0.005631
-0.007343
-0.002437
0.002530
0.003184
0.003269
0.005668
0.008256
0.008323
0.005787
0.002593
-0.000273
-0.003776
-0.007216
-0.007767
-0.006041
-0.005832
-0.006804
-0.005000
-0.000710
0.001776
0.001590
0.001930
0.004072
0.005885
0.005890
0.005106
0.004767
0.004417
0.003047
0.001120
-0.000201
-0.001428
-0.003694
-0.005832
-0.005719
-0.003985
-0.003125
-0.003250
-0.002146
0.000344
0.001879
0.001636
0.000985
0.000671
0.000594
0.001096
0.002169
0.002985
0.003133
0.002992
0.002885
0.002169
-0.000076
-0.002459
-0.002538
-0.001664
-0.003305
-0.007698
-0.012885
-0.017007
-0.018446
-0.017438
-0.013458
-0.002782
0.012455
0.022241
0.025115
0.030413
0.038238
0.037461
0.026286
0.015052
0.008067
-0.000592
-0.013029
-0.022474
-0.024343
-0.023397
-0.025345
-0.027437
-0.024617
-0.019584
-0.017722
-0.017336
-0.013585
-0.007214
-0.002346
0.001123
0.007272
0.016804
0.024734
0.027608
0.028233
0.029408
0.028490
0.022852
0.014914
0.007725
0.001036
-0.005828
-0.011687
-0.015143
-0.016336
-0.016900
-0.017950
-0.018293
-0.016587
-0.014395
-0.013865
-0.013664
-0.010929
-0.005906
-0.001083
0.003204
0.008710
0.015154
0.019748
0.021359
0.021581
0.020896
0.017615
0.011674
0.005630
0.000932
-0.003397
-0.007873
-0.011231
-0.012657
-0.013538
-0.015772
-0.018543
-0.018608
-0.015229
-0.011339
-0.007040
0.001084
0.011105
0.017065
0.019410
0.021706
0.022002
0.017524
0.010167
0.003005
-0.002621
-0.006935
-0.010668
-0.012984
-0.012459
-0.010391
-0.009249
-0.008333
-0.005571
-0.002344
-0.001055
-0.000287
0.002134
0.004975
0.006453
0.007035
0.007549
0.007553
0.006073
0.002979
-0.000420
-0.002827
-0.004677
-0.006706
-0.007721
-0.006343
-0.003660
-0.001370
0.000905
0.003894
0.006475
0.007388
0.007084
0.006344
0.004847
0.002136
-0.001154
-0.003739
-0.005125
-0.006062
-0.006951
-0.006842
-0.005240
-0.003318
-0.002061
-0.000911
0.000800
0.002550
0.003437
0.003431
0.003360
0.003886
0.004716
0.005093
0.004789
0.003947
0.002582
0.000984
-0.000583
-0.002495
-0.004290
-0.004493
-0.004158
-0.006847
-0.012601
-0.016538
-0.016396
-0.015741
-0.014826
-0.007052
0.007346
0.017480
0.020555
0.026106
0.035381
0.037610
0.029612
0.019859
0.012678
0.003692
-0.008970
-0.019966
-0.024601
-0.025131
-0.026572
-0.028523
-0.025876
-0.018465
-0.012773
-0.011299
-0.009013
-0.003423
0.001203
0.002585
0.004897
0.010964
0.016973
0.019240
0.020236
0.022933
0.024674
0.021789
0.015650
0.009757
0.004541
-0.001613
-0.008658
-0.014320
-0.016770
-0.016988
-0.017150
-0.016903
-0.014290
-0.010262
-0.007923
-0.007166
-0.004949
-0.001087
0.001364
0.001889
0.003555
0.007480
0.011036
0.012552
0.013539
0.014953
0.014935
0.011992
0.007593
0.003761
0.000178
-0.004441
-0.009416
-0.012545
-0.013044
-0.012285
-0.011623
-0.011227
-0.011007
-0.010374
-0.007632
-0.002223
0.004044
0.009497
0.013643
0.016362
0.017955
0.018046
0.015345
0.010069
0.003813
-0.002566
-0.008415
-0.012577
-0.014494
-0.014633
-0.013645
-0.011613
-0.008303
-0.004061
0.000116
0.003239
0.004981
0.005949
0.006749
0.007117
0.006784
0.006002
0.004777
0.003009
0.001183
-0.000260
-0.001584
-0.003154
-0.004704
-0.005545
-0.005297
-0.004228
-0.002801
-0.001122
0.000966
0.003313
0.005322
0.006535
0.006847
0.006025
0.003881
0.001020
-0.001566
-0.003624
-0.005557
-0.007306
-0.008072
-0.007290
-0.005294
-0.002763
-0.000083
0.002451
0.004431
0.005558
0.005694
0.005018
0.004136
0.003245
0.002045
0.001133
0.001279
0.001430
0.000445
-0.000628
-0.000898
-0.001434
-0.002699
-0.003601
-0.003850
-0.004565
-0.006972
-0.011225
-0.015346
-0.016883
-0.015964
-0.012838
-0.005053
0.006746
0.016422
0.022020
0.028415
0.036199
0.038891
0.033467
0.024226
0.014969
0.004422
-0.008654
-0.020784
-0.027894
-0.031067
-0.033519
-0.034171
-0.029733
-0.021345
-0.013653
-0.008468
-0.003905
0.001162
0.005310
0.007156
0.007904
0.009954
0.013113
0.015044
0.015844
0.017840
0.020644
0.021233
0.018752
0.015007
0.010871
0.005306
-0.002181
-0.009900
-0.015541
-0.018787
-0.020960
-0.022186
-0.020951
-0.016933
-0.012076
-0.007926
-0.003899
0.000609
0.004307
0.005867
0.006353
0.007691
0.009563
0.010194
0.009702
0.009868
0.010844
0.010957
0.009532
0.007446
0.005142
0.002051
-0.002037
-0.006210
-0.009377
-0.011513
-0.013217
-0.014161
-0.013248
-0.010575
-0.007823
-0.006358
-0.005500
-0.002852
0.002377
0.007057
0.008984
0.011110
0.015136
0.017278
0.015789
0.013852
0.012411
0.008961
0.002970
-0.003514
-0.008666
-0.012131
-0.014882
-0.017340
-0.017860
-0.015101
-0.010722
-0.006987
-0.003180
0.002014
0.006679
0.008604
0.009146
0.010087
0.010277
0.008415
0.005570
0.003356
0.001964
0.000470
-0.001594
-0.003216
-0.003329
-0.002824
-0.003230
-0.003954
-0.003273
-0.001579
-0.000779
-0.000816
-0.000015
0.001556
0.002290
0.001907
0.001497
0.001409
0.000876
-0.000604
-0.002331
-0.003192
-0.003227
-0.003337
-0.003433
-0.002415
-0.000216
0.001828
0.003053
0.004178
0.005393
0.005750
0.004987
0.003862
0.002669
0.001161
-0.000590
-0.002226
-0.003366
-0.003837
-0.003951
-0.003985
-0.003803
-0.003502
-0.003518
-0.003953
-0.004931
-0.007119
-0.010432
-0.012698
-0.011099
-0.005095
0.002608
0.008987
0.014515
0.021370
0.028177
0.031178
0.029891
0.026250
0.019874
0.009472
-0.003046
-0.014047
-0.022295
-0.028939
-0.034184
-0.036004
-0.032796
-0.025953
-0.018106
-0.009920
-0.001028
0.007070
0.012149
0.014462
0.015867
0.016658
0.015662
0.012820
0.009869
0.008373
0.008010
0.007606
0.007163
0.007171
0.006813
0.004914
0.001776
-0.001521
-0.004759
-0.008480
-0.012627
-0.016022
-0.017438
-0.016801
-0.014829
-0.011814
-0.007541
-0.002364
0.002639
0.006846
0.010405
0.013155
0.014291
0.013444
0.011250
0.008574
0.005736
0.002773
0.000033
-0.002030
-0.003419
-0.004405
-0.005000
-0.005071
-0.004806
-0.004661
-0.004814
-0.004894
-0.004515
-0.003903
-0.003464
-0.002976
-0.001946
-0.000492
0.000626
0.000621
-0.000005
0.001196
0.005323
0.009236
0.010278
0.010597
0.011983
0.012110
0.009398
0.005396
0.001233
-0.003482
-0.008799
-0.013562
-0.016079
-0.016081
-0.015119
-0.013876
-0.011016
-0.005850
-0.000089
0.004359
0.007739
0.010822
0.012577
0.011966
0.010096
0.008284
0.006219
0.003325
0.000110
-0.002270
-0.003305
-0.003843
-0.004729
-0.005297
-0.004657
-0.003524
-0.003140
-0.003192
-0.002435
-0.000907
0.000219
0.000801
0.001733
0.003015
0.003714
0.003550
0.003152
0.002927
0.002396
0.000983
-0.000810
-0.001909
-0.002198
-0.002364
-0.002460
-0.001889
-0.000642
0.000505
0.001041
0.001259
0.001520
0.001565
0.000995
0.000042
-0.000678
-0.001145
-0.001955
-0.003040
-0.003515
-0.003209
-0.002825
-0.002731
-0.003177
-0.004764
-0.007119
-0.008082
-0.005590
-0.000391
0.004483
0.007922
0.011975
0.017197
0.020704
0.020923
0.019703
0.017840
0.013117
0.004672
-0.004608
-0.011958
-0.017906
-0.023611
-0.027710
-0.028128
-0.025183
-0.020620
-0.014682
-0.006653
0.002179
0.009014
0.013171
0.016295
0.018828
0.019261
0.016940
0.013164
0.009276
0.005319
0.001134
-0.002333
-0.004054
-0.004664
-0.005548
-0.006566
-0.006422
-0.004980
-0.003576
-0.003100
-0.003107
-0.002926
-0.002598
-0.002415
-0.002196
-0.001505
-0.000412
0.000579
0.001514
0.003063
0.005212
0.006921
0.007504
0.007287
0.006652
0.005362
0.003134
0.000258
-0.002725
-0.005605
-0.008302
-0.010332
-0.011068
-0.010486
-0.009094
-0.007081
-0.004175
-0.000450
0.003341
0.006509
0.008921
0.010545
0.011083
0.010306
0.008265
0.005147
0.001509
-0.001557
-0.003346
-0.004252
-0.004645
-0.004137
-0.002765
-0.001369
-0.000348
0.000504
0.001138
0.001172
0.000288
-0.001316
-0.002821
-0.003716
-0.004286
-0.004599
-0.004244
-0.003274
-0.002000
-0.000205
0.002164
0.004242
0.005272
0.005522
0.005480
0.005091
0.004203
0.002876
0.001249
-0.000363
-0.001635
-0.002578
-0.003221
-0.003432
-0.003423
-0.003531
-0.003451
-0.002716
-0.001634
-0.000824
-0.000247
0.000544
0.001570
0.002451
0.002955
0.003149
0.003208
0.003149
0.002714
0.001771
0.000636
-0.000416
-0.001470
-0.002463
-0.003077
-0.003270
-0.003203
-0.002812
-0.001964
-0.000780
0.000371
0.001119
0.001374
0.001296
0.001034
0.000605
-0.000034
-0.000716
-0.001097
-0.001357
-0.002439
-0.004911
-0.007598
-0.008124
-0.005458
-0.001178
0.002862
0.006823
0.011218
0.014740
0.016011
0.015987
0.016089
0.015051
0.010430
0.002814
-0.004441
-0.009769
-0.014636
-0.019815
-0.023639
-0.024646
-0.023084
-0.019170
-0.012694
-0.004892
0.002037
0.007724
0.013409
0.018908
0.022291
0.022519
0.020361
0.016689
0.011538
0.005228
-0.000993
-0.006303
-0.011096
-0.015401
-0.017856
-0.017401
-0.014899
-0.011899
-0.008552
-0.003993
0.001539
0.006396
0.009519
0.011383
0.012520
0.012512
0.011008
0.008540
0.005740
0.002683
-0.000505
-0.003169
-0.004776
-0.005543
-0.005953
-0.006071
-0.005731
-0.004978
-0.004050
-0.003236
-0.002785
-0.002688
-0.002642
-0.002433
-0.002169
-0.001896
-0.001323
-0.000214
0.001360
0.003230
0.005150
0.006752
0.007789
0.008278
0.008161
0.006980
0.004528
0.001688
-0.000450
-0.002030
-0.003611
-0.004871
-0.005401
-0.005442
-0.005183
-0.004458
-0.003056
-0.001106
0.000407
0.000640
0.000540
0.001346
0.002230
0.001900
0.000822
-0.000045
-0.000601
-0.000836
-0.000754
-0.000957
-0.001656
-0.001943
-0.001344
-0.000649
-0.000282
0.000231
0.001029
0.001895
0.002750
0.003264
0.003212
0.002940
0.002554
0.001732
0.000554
-0.000666
-0.001939
-0.003108
-0.003564
-0.003203
-0.002740
-0.002478
-0.001868
-0.000612
0.000905
0.002154
0.002770
0.002838
0.002851
0.002852
0.002317
0.001195
0.000035
-0.000894
-0.001654
-0.002164
-0.002390
-0.002545
-0.002682
-0.002606
-0.002305
-0.001893
-0.001301
-0.000485
0.000280
0.000363
-0.000953
-0.003410
-0.005131
-0.004309
-0.001255
0.002300
0.005193
0.007303
0.008760
0.009567
0.010231
0.011583
0.012603
0.010362
0.004661
-0.000323
-0.002302
-0.004544
-0.009789
-0.015382
-0.017898
-0.017755
-0.016413
-0.013764
-0.010177
-0.006816
-0.003242
0.001675
0.007128
0.011386
0.014083
0.015771
0.016550
0.016131
0.014389
0.011232
0.006623
0.001262
-0.003617
-0.007593
-0.011245
-0.014669
-0.016733
-0.016266
-0.013566
-0.010119
-0.006772
-0.002942
0.001979
0.007174
0.011122
0.013367
0.014474
0.014469
0.012917
0.010330
0.007548
0.004199
-0.000239
-0.004699
-0.007751
-0.009595
-0.011177
-0.012338
-0.012316
-0.011125
-0.009194
-0.006678
-0.003953
-0.001536
0.000844
0.003698
0.006411
0.007939
0.008445
0.008748
0.008781
0.007986
0.006511
0.004827
0.002932
0.000810
-0.001006
-0.002070
-0.002728
-0.003546
-0.004344
-0.004459
-0.003750
-0.002772
-0.002021
-0.001502
-0.000990
-0.000438
-0.000056
-0.000008
-0.000137
-0.000254
-0.000414
-0.000552
-0.000371
0.000074
0.000386
0.000442
0.000435
0.000483
0.000549
0.000539
0.000415
0.000315
0.000404
0.000546
0.000506
0.000418
0.000550
0.000834
0.001064
0.001187
0.001192
0.001083
0.000884
0.000576
0.000193
-0.000180
-0.000546
-0.000901
-0.001103
-0.001089
-0.001018
-0.001059
-0.001162
-0.001162
-0.001014
-0.000768
-0.000448
-0.000101
0.000224
0.000519
0.000688
0.000624
0.000467
0.000342
0.000084
-0.000342
-0.000720
-0.001233
-0.002521
-0.004738
-0.006949
-0.007557
-0.005396
-0.001150
0.002617
0.004232
0.004940
0.006620
0.009167
0.011550
0.012868
0.011760
0.008213
0.005177
0.004357
0.002771
-0.002245
-0.008058
-0.010995
-0.011675
-0.012369
-0.012981
-0.012578
-0.011525
-0.010085
-0.007533
-0.003788
-0.000080
0.002696
0.005221
0.008535
0.011969
0.013585
0.012799
0.011177
0.010109
0.008852
0.005894
0.001489
-0.002623
-0.005509
-0.007575
-0.009253
-0.010471
-0.011032
-0.010598
-0.008706
-0.005555
-0.002247
0.000446
0.002827
0.005271
0.007481
0.009035
0.009657
0.009079
0.007601
0.006179
0.004984
0.002903
-0.000430
-0.003530
-0.005266
-0.006473
-0.008057
-0.009362
-0.009604
-0.009097
-0.008148
-0.006409
-0.003964
-0.001593
0.000492
0.002844
0.005453
0.007411
0.008130
0.008017
0.007756
0.007474
0.006782
0.005394
0.003609
0.002055
0.000952
-0.000062
-0.001301
-0.002532
-0.003343
-0.003751
-0.004124
-0.004622
-0.005067
-0.005278
-0.005147
-0.004557
-0.003614
-0.002710
-0.001947
-0.000881
0.000701
0.002220
0.003043
0.003345
0.003683
0.004039
0.003934
0.003312
0.002670
0.002308
0.001966
0.001312
0.000445
-0.000284
-0.000774
-0.001208
-0.001693
-0.002119
-0.002368
-0.002424
-0.002249
-0.001878
-0.001568
-0.001410
-0.001067
-0.000334
0.000468
0.000982
0.001264
0.001516
0.001753
0.001891
0.001843
0.001511
0.000970
0.000500
0.000189
-0.000221
-0.000875
-0.001566
-0.002089
-0.002398
-0.002429
-0.002337
-0.002831
-0.004451
-0.006203
-0.005698
-0.001935
0.002470
0.004137
0.003579
0.003867
0.005662
0.007243
0.007835
0.007417
0.005613
0.003595
0.003578
0.004505
0.002863
-0.001171
-0.003727
-0.003684
-0.003632
-0.004789
-0.005898
-0.006403
-0.006806
-0.006856
-0.006219
-0.005677
-0.005740
-0.005255
-0.002855
0.000696
0.003029
0.003389
0.003791
0.005792
0.007816
0.007690
0.006019
0.004738
0.004102
0.003313
0.002363
0.001336
-0.000293
-0.002123
-0.002677
-0.001938
-0.001783
-0.002954
-0.003901
-0.003504
-0.002615
-0.002191
-0.002054
-0.001836
-0.001353
-0.000254
0.001212
0.001866
0.001354
0.000992
0.001680
0.002408
0.002011
0.000900
0.000016
-0.000502
-0.000794
-0.000830
-0.000942
-0.001498
-0.001940
-0.001439
-0.000453
-0.000234
-0.000859
-0.001138
-0.000504
0.000278
0.000438
0.000234
0.000451
0.001399
0.002580
0.003200
0.002970
0.002368
0.002107
0.002402
0.002615
0.001889
0.000423
-0.000617
-0.000825
-0.001101
-0.002090
-0.003195
-0.003568
-0.003177
-0.002610
-0.002374
-0.002442
-0.002264
-0.001563
-0.000900
-0.000774
-0.000767
-0.000281
0.000572
0.001291
0.001583
0.001573
0.001699
0.002199
0.002725
0.002786
0.002419
0.002076
0.001978
0.001845
0.001289
0.000334
-0.000537
-0.000875
-0.000847
-0.001035
-0.001551
-0.001903
-0.001812
-0.001550
-0.001430
-0.001416
-0.001308
-0.001048
-0.000757
-0.000582
-0.000558
-0.000548
-0.000378
-0.000222
-0.000711
-0.002194
-0.003590
-0.002753
0.000579
0.003375
0.003283
0.002134
0.002578
0.003959
0.004406
0.003884
0.002841
0.001220
0.000190
0.001038
0.002040
0.000641
-0.001913
-0.002498
-0.001198
-0.000427
-0.000832
-0.001330
-0.001533
-0.001666
-0.001602
-0.001615
-0.002438
-0.003647
-0.003619
-0.001959
-0.000482
-0.000628
-0.001215
-0.000387
0.001365
0.002166
0.001724
0.001171
0.000980
0.000962
0.001278
0.001735
0.001386
0.000378
0.000358
0.001657
0.002348
0.001445
0.000473
0.000623
0.001040
0.000863
0.000374
-0.000245
-0.001021
-0.001287
-0.000724
-0.000451
-0.001265
-0.002082
-0.001733
-0.000905
-0.000827
-0.001375
-0.001725
-0.001662
-0.001327
-0.000779
-0.000368
-0.000453
-0.000507
0.000267
0.001448
0.001885
0.001500
0.001252
0.001519
0.001654
0.001196
0.000593
0.000360
0.000328
0.000216
0.000134
-0.000002
-0.000420
-0.000510
0.000431
0.001417
0.001060
0.000102
0.000049
0.000501
0.000301
-0.000385
-0.000928
-0.001296
-0.001342
-0.000956
-0.000815
-0.001264
-0.001439
-0.000837
-0.000223
-0.000164
-0.000279
-0.000166
0.000164
0.000477
0.000461
0.000129
0.000021
0.000413
0.000838
0.000857
0.000631
0.000537
0.000707
0.000889
0.000701
0.000219
-0.000041
0.000049
0.000121
0.000042
-0.000030
-0.000065
-0.000078
-0.000041
-0.000071
-0.000241
-0.000380
-0.000360
-0.000301
-0.000403
-0.000696
-0.000964
-0.000934
-0.000589
-0.000290
-0.000506
-0.001416
-0.002662
-0.003125
-0.001630
0.001012
0.002223
0.001409
0.000897
0.001879
0.002816
0.002660
0.002096
0.001433
0.000587
0.000472
0.001335
0.001418
-0.000108
-0.001386
-0.001047
-0.000278
-0.000316
-0.000675
-0.000677
-0.000508
-0.000417
-0.000464
-0.000892
-0.001697
-0.002184
-0.001676
-0.000624
-0.000247
-0.000690
-0.000661
0.000385
0.001229
0.000970
0.000331
0.000061
-0.000035
0.000025
0.000440
0.000589
0.000030
-0.000201
0.000647
0.001465
0.001275
0.000894
0.001134
0.001418
0.001230
0.000935
0.000624
0.000019
-0.000466
-0.000319
-0.000129
-0.000631
-0.001289
-0.001254
-0.000854
-0.000883
-0.001315
-0.001656
-0.001749
-0.001620
-0.001289
-0.000980
-0.000908
-0.000799
-0.000223
0.000600
0.001026
0.000963
0.000961
0.001325
0.001686
0.001571
0.001020
0.000475
0.000310
0.000545
0.000855
0.000881
0.000618
0.000376
0.000399
0.000623
0.000701
0.000317
-0.000292
-0.000540
-0.000402
-0.000415
-0.000750
-0.001101
-0.001268
-0.001199
-0.000903
-0.000638
-0.000589
-0.000486
-0.000134
0.000128
0.000026
-0.000181
-0.000175
0.000009
0.000169
0.000190
0.000119
0.000083
0.000152
0.000290
0.000434
0.000523
0.000532
0.000531
0.000590
0.000590
0.000399
0.000173
0.000128
0.000198
0.000204
0.000141
0.000091
0.000092
0.000129
0.000111
-0.000034
-0.000166
-0.000177
-0.000265
-0.000582
-0.000885
-0.000941
-0.000917
-0.001064
-0.001489
-0.002280
-0.003168
-0.003206
-0.001740
0.000386
0.001639
0.001765
0.001841
0.002462
0.003103
0.003220
0.002802
0.001979
0.001074
0.000670
0.000788
0.000580
-0.000348
-0.001146
-0.001054
-0.000576
-0.000447
-0.000496
-0.000331
-0.000134
-0.000170
-0.000418
-0.000919
-0.001605
-0.001904
-0.001471
-0.000894
-0.000772
-0.000729
-0.000181
0.000640
0.001113
0.001071
0.000738
0.000347
0.000118
0.000154
0.000173
-0.000142
-0.000501
-0.000319
0.000306
0.000673
0.000556
0.000433
0.000668
0.001065
0.001221
0.000966
0.000465
0.000059
-0.000058
-0.000035
-0.000157
-0.000444
-0.000612
-0.000526
-0.000424
-0.000560
-0.000865
-0.001114
-0.001188
-0.001117
-0.001062
-0.001164
-0.001257
-0.001006
-0.000437
0.000061
0.000297
0.000456
0.000696
0.000954
0.001137
0.001198
0.001075
0.000787
0.000473
0.000187
0.000015
0.000217
0.000666
0.000749
0.000547
0.000877
0.001544
0.001463
0.000706
0.000248
0.000069
-0.000359
-0.000771
-0.000938
-0.001262
-0.001644
-0.001502
-0.001092
-0.001057
-0.001136
-0.000791
-0.000266
-0.000022
0.000012
0.000067
0.000177
0.000336
0.000469
0.000430
0.000261
0.000206
0.000351
0.000523
0.000531
0.000387
0.000291
0.000325
0.000330
0.000203
0.000042
-0.000051
-0.000036
0.000099
0.000225
0.000198
0.000115
0.000146
0.000194
0.000051
-0.000227
-0.000425
-0.000509
-0.000552
-0.000550
-0.000494
-0.000412
-0.000311
-0.000341
-0.000694
-0.001115
-0.001091
-0.000750
-0.000742
-0.000997
-0.000674
0.000366
0.001200
0.001299
0.001175
0.001246
0.001329
0.001421
0.001629
0.001548
0.000974
0.000565
0.000719
0.000803
0.000350
-0.000134
-0.000193
-0.000110
-0.000179
-0.000334
-0.000576
-0.000933
-0.001187
-0.001258
-0.001453
-0.001764
-0.001628
-0.000931
-0.000315
-0.000138
-0.000054
0.000186
0.000383
0.000448
0.000552
0.000594
0.000306
-0.000070
-0.000064
0.000196
0.000265
0.000212
0.000379
0.000663
0.000725
0.000573
0.000426
0.000301
0.000198
0.000229
0.000262
0.000033
-0.000321
-0.000453
-0.000384
-0.000331
-0.000306
-0.000272
-0.000270
-0.000275
-0.000272
-0.000352
-0.000515
-0.000600
-0.000539
-0.000441
-0.000386
-0.000324
-0.000208
-0.000044
0.000153
0.000317
0.000388
0.000423
0.000499
0.000574
0.000608
0.000651
0.000682
0.000619
0.000534
0.000484
0.000317
0.000040
-0.000054
0.000067
0.000132
0.000131
0.000185
0.000169
0.000045
-0.000008
-0.000036
-0.000212
-0.000386
-0.000374
-0.000354
-0.000495
-0.000635
-0.000648
-0.000660
-0.000723
-0.000737
-0.000681
-0.000564
-0.000321
-0.000021
0.000135
0.000149
0.000223
0.000428
0.000625
0.000650
0.000512
0.000408
0.000466
0.000563
0.000522
0.000366
0.000268
0.000293
0.000318
0.000256
0.000169
0.000111
0.000020
-0.000162
-0.000390
-0.000545
-0.000568
-0.000513
-0.000454
-0.000417
-0.000414
-0.000450
-0.000466
-0.000386
-0.000228
-0.000091
-0.000030
0.000028
0.000139
0.000191
0.000072
-0.000101
-0.000092
0.000097
0.000225
0.000192
0.000160
0.000239
0.000335
0.000351
0.000280
0.000155
0.000121
0.000275
0.000406
0.000279
0.000068
0.000060
0.000204
0.000275
0.000223
0.000158
0.000147
0.000170
0.000201
0.000213
0.000133
-0.000105
-0.000452
-0.000755
-0.000874
-0.000815
-0.000722
-0.000663
-0.000554
-0.000399
-0.000313
-0.000266
-0.000106
0.000178
0.000335
0.000157
-0.000131
-0.000127
0.000151
0.000379
0.000463
0.000536
0.000641
0.000726
0.000783
0.000777
0.000624
0.000359
0.000149
0.000056
-0.000053
-0.000248
-0.000376
-0.000338
-0.000285
-0.000356
-0.000444
-0.000382
-0.000219
-0.000113
-0.000066
0.000004
0.000060
0.000028
-0.000065
-0.000147
-0.000214
-0.000325
-0.000470
-0.000457
-0.000171
0.000072
-0.000031
-0.000082
0.000410
0.000900
0.000646
0.000130
0.000149
0.000431
0.000430
0.000247
0.000075
-0.000091
-0.000098
0.000085
0.000100
-0.000196
-0.000387
-0.000196
0.000034
-0.000002
-0.000092
-0.000055
-0.000071
-0.000226
-0.000387
-0.000474
-0.000446
-0.000310
-0.000192
-0.000137
-0.000063
0.000016
0.000018
-0.000048
-0.000145
-0.000239
-0.000229
-0.000076
0.000139
0.000353
0.000544
0.000664
0.000690
0.000663
0.000627
0.000500
0.000076
-0.000719
-0.001576
-0.001869
-0.001267
-0.000363
-0.000002
0.000003
0.000381
0.000982
0.001201
0.001104
0.000970
0.000709
0.000443
0.000481
0.000495
0.000006
-0.000565
-0.000566
-0.000265
-0.000257
-0.000431
-0.000373
-0.000080
0.000245
0.000414
0.000219
-0.000236
-0.000506
-0.000480
-0.000495
-0.000666
-0.000711
-0.000455
-0.000047
0.000283
0.000403
0.000288
0.000060
-0.000034
0.000078
0.000147
0.000047
0.000038
0.000285
0.000543
0.000595
0.000550
0.000545
0.000581
0.000629
0.000594
0.000366
0.000016
-0.000291
-0.000517
-0.000699
-0.000805
-0.000784
-0.000662
-0.000506
-0.000387
-0.000384
-0.000483
-0.000517
-0.000378
-0.000199
-0.000150
-0.000179
-0.000141
-0.000008
0.000147
0.000263
0.000358
0.000471
0.000625
0.000847
0.001067
0.001111
0.000921
0.000635
0.000379
0.000122
-0.000190
-0.000462
-0.000571
-0.000562
-0.000549
-0.000548
-0.000524
-0.000460
-0.000337
-0.000194
-0.000118
-0.000109
-0.000089
-0.000062
-0.000086
-0.000104
-0.000009
0.000132
0.000165
0.000087
0.000004
-0.000031
-0.000015
0.000059
0.000134
0.000112
0.000025
-0.000020
-0.000036
-0.000081
-0.000117
-0.000081
0.000017
0.000123
0.000215
0.000297
0.000352
0.000374
0.000394
0.000403
0.000363
0.000286
0.000201
0.000112
0.000000
-0.000160
-0.000335
-0.000437
-0.000434
-0.000387
-0.000357
-0.000322
-0.000242
-0.000132
-0.000057
-0.000062
-0.000074
-0.000011
0.000064
0.000079
0.000100
0.000178
0.000245
0.000225
0.000127
0.000011
-0.000089
-0.000160
-0.000195
-0.000206
-0.000191
-0.000148
-0.000090
-0.000002
0.000122
0.000227
0.000265
0.000270
0.000289
0.000295
0.000247
0.000187
0.000164
0.000139
0.000054
-0.000067
-0.000142
-0.000133
-0.000099
-0.000111
-0.000167
-0.000222
-0.000245
-0.000254
-0.000260
-0.000231
-0.000164
-0.000098
-0.000052
-0.000012
0.000035
0.000071
0.000072
0.000031
-0.000013
0.000022
0.000140
0.000227
0.000226
0.000201
0.000179
0.000101
-0.000034
-0.000114
-0.000073
0.000014
0.000058
0.000084
0.000129
0.000154
0.000125
0.000063
-0.000013
-0.000085
-0.000129
-0.000152
-0.000189
-0.000281
-0.000520
-0.000941
-0.001175
-0.000699
0.000207
0.000706
0.000766
0.000958
0.001253
0.001270
0.001023
0.000656
0.000195
-0.000176
-0.000270
-0.000294
-0.000525
-0.000802
-0.000826
-0.000701
-0.000635
-0.000471
-0.000127
0.000079
0.000009
-0.000120
-0.000213
-0.000294
-0.000347
-0.000389
-0.000380
-0.000219
0.000052
0.000334
0.000582
0.000697
0.000650
0.000598
0.000608
0.000557
0.000425
0.000307
0.000240
0.000200
0.000131
-0.000012
-0.000172
-0.000231
-0.000156
-0.000070
-0.000095
-0.000149
-0.000113
-0.000099
-0.000245
-0.000422
-0.000441
-0.000326
-0.000200
-0.000103
-0.000051
-0.000054
-0.000038
0.000040
0.000046
-0.000087
-0.000189
-0.000138
-0.000094
-0.000211
-0.000337
-0.000266
-0.000055
0.000154
0.000318
0.000398
0.000428
0.000554
0.000702
0.000578
0.000203
-0.000072
-0.000152
-0.000210
-0.000262
-0.000212
-0.000095
0.000023
0.000100
0.000064
-0.000070
-0.000145
-0.000093
-0.000068
-0.000192
-0.000313
-0.000277
-0.000174
-0.000125
-0.000093
-0.000017
0.000111
0.000291
0.000442
0.000423
0.000238
0.000056
-0.000017
-0.000042
-0.000126
-0.000235
-0.000219
-0.000072
0.000055
0.000078
0.000048
0.000023
0.000033
0.000080
0.000118
0.000108
0.000057
-0.000027
-0.000124
-0.000172
-0.000165
-0.000143
-0.000104
-0.000047
-0.000007
0.000011
0.000007
-0.000015
-0.000029
-0.000032
-0.000058
-0.000081
-0.000051
-0.000009
0.000004
0.000054
0.000163
0.000240
0.000212
0.000108
0.000004
-0.000049
-0.000043
-0.000008
0.000017
0.000023
0.000020
0.000020
0.000022
0.000020
0.000009
-0.000028
-0.000090
-0.000120
-0.000098
-0.000090
-0.000118
-0.000106
-0.000041
0.000014
0.000062
0.000144
0.000224
0.000237
0.000165
0.000044
-0.000065
-0.000145
-0.000224
-0.000270
-0.000230
-0.000119
0.000007
0.000090
0.000122
0.000163
0.000217
0.000203
0.000138
0.000177
0.000352
0.000497
0.000464
0.000267
0.000040
-0.000094
-0.000163
-0.000270
-0.000405
-0.000445
-0.000372
-0.000328
-0.000367
-0.000398
-0.000370
-0.000322
-0.000305
-0.000292
-0.000191
-0.000041
0.000043
0.000109
0.000189
0.000201
0.000236
0.000405
0.000510
0.000398
0.000286
0.000330
0.000347
0.000184
-0.000026
-0.000159
-0.000264
-0.000333
-0.000295
-0.000222
-0.000204
-0.000154
-0.000022
0.000065
0.000052
0.000035
0.000066
0.000108
0.000112
0.000051
0.000004
0.000057
0.000124
0.000102
0.000057
0.000077
0.000161
0.000266
0.000316
0.000261
0.000138
0.000000
-0.000089
-0.000088
-0.000070
-0.000117
-0.000181
-0.000197
-0.000134
0.000005
0.000104
0.000069
-0.000024
-0.000108
-0.000198
-0.000259
-0.000262
-0.000267
-0.000319
-0.000342
-0.000248
-0.000107
-0.000065
-0.000124
-0.000131
0.000008
0.000226
0.000385
0.000409
0.000356
0.000334
0.000368
0.000398
0.000379
0.000305
0.000188
0.000069
-0.000022
-0.000106
-0.000184
-0.000220
-0.000231
-0.000265
-0.000273
-0.000213
-0.000165
-0.000188
-0.000207
-0.000141
-0.000030
0.000021
-0.000013
-0.000066
-0.000072
-0.000018
0.000050
0.000089
0.000122
0.000156
0.000134
0.000060
0.000021
0.000037
0.000044
0.000016
-0.000030
-0.000087
-0.000111
-0.000034
0.000131
0.000273
0.000295
0.000205
0.000086
0.000019
-0.000004
-0.000048
-0.000084
-0.000036
0.000033
0.000035
0.000011
-0.000015
-0.000059
-0.000091
-0.000122
-0.000201
-0.000253
-0.000214
-0.000216
-0.000309
-0.000314
-0.000141
0.000077
0.000198
0.000239
0.000313
0.000414
0.000342
-0.000018
-0.000446
-0.000604
-0.000443
-0.000225
-0.000107
0.000023
0.000231
0.000395
0.000449
0.000466
0.000469
0.000387
0.000241
0.000156
0.000131
0.000046
-0.000056
-0.000037
0.000043
0.000020
-0.000102
-0.000242
-0.000406
-0.000562
-0.000552
-0.000309
-0.000038
0.000054
0.000049
0.000116
0.000188
0.000142
0.000039
0.000002
0.000069
0.000231
0.000426
0.000526
0.000466
0.000320
0.000178
0.000047
-0.000071
-0.000122
-0.000109
-0.000123
-0.000221
-0.000363
-0.000483
-0.000541
-0.000545
-0.000518
-0.000443
-0.000290
-0.000108
0.000006
0.000009
-0.000025
0.000020
0.000122
0.000161
0.000110
0.000039
0.000010
0.000043
0.000118
0.000197
0.000274
0.000391
0.000539
0.000607
0.000517
0.000305
0.000075
-0.000075
-0.000130
-0.000130
-0.000095
-0.000036
-0.000009
-0.000063
-0.000158
-0.000206
-0.000192
-0.000185
-0.000219
-0.000246
-0.000220
-0.000187
-0.000212
-0.000263
-0.000278
-0.000244
-0.000171
-0.000056
0.000081
0.000177
0.000212
0.000262
0.000344
0.000352
0.000243
0.000146
0.000159
0.000205
0.000192
0.000162
0.000160
0.000145
0.000092
-0.000012
-0.000167
-0.000274
-0.000222
-0.000079
-0.000018
-0.000060
-0.000084
-0.000055
-0.000057
-0.000116
-0.000165
-0.000146
-0.000058
0.000051
0.000089
0.000027
-0.000049
-0.000071
-0.000082
-0.000110
-0.000101
-0.000020
0.000076
0.000095
0.000043
0.000007
0.000036
0.000090
0.000117
0.000095
0.000033
-0.000010
0.000014
0.000051
0.000025
-0.000024
-0.000019
0.000028
0.000043
0.000023
0.000063
0.000172
0.000208
0.000101
-0.000032
-0.000075
-0.000099
-0.000201
-0.000254
-0.000119
0.000059
0.000100
0.000068
0.000074
0.000076
0.000033
0.000012
0.000040
0.000052
0.000028
0.000017
0.000011
-0.000045
-0.000164
-0.000286
-0.000318
-0.000216
-0.000032
0.000098
0.000074
-0.000047
-0.000121
-0.000109
-0.000096
-0.000135
-0.000134
-0.000004
0.000152
0.000195
0.000167
0.000155
0.000162
0.000133
0.000020
-0.000127
-0.000183
-0.000124
-0.000053
-0.000045
-0.000058
-0.000026
0.000041
0.000082
0.000108
0.000188
0.000308
0.000355
0.000283
0.000170
0.000098
0.000067
0.000066
0.000078
0.000059
0.000008
-0.000022
-0.000032
-0.000079
-0.000161
-0.000201
-0.000173
-0.000142
-0.000147
-0.000143
-0.000115
-0.000114
-0.000144
-0.000129
-0.000039
0.000028
-0.000023
-0.000117
-0.000138
-0.000110
-0.000113
-0.000139
-0.000103
0.000023
0.000156
0.000227
0.000270
0.000299
0.000255
0.000127
0.000023
0.000032
0.000096
0.000104
0.000060
0.000046
0.000079
0.000098
0.000071
0.000016
-0.000049
-0.000096
-0.000113
-0.000122
-0.000127
-0.000121
-0.000129
-0.000142
-0.000103
-0.000014
0.000060
0.000099
0.000084
-0.000022
-0.000166
-0.000233
-0.000195
-0.000104
-0.000028
-0.000044
-0.000157
-0.000233
-0.000145
0.000066
0.000257
0.000356
0.000387
0.000393
0.000380
0.000309
0.000180
0.000068
0.000017
0.000009
0.000030
0.000048
-0.000013
-0.000175
-0.000342
-0.000402
-0.000343
-0.000222
-0.000102
-0.000030
-0.000006
-0.000010
-0.000032
-0.000048
-0.000035
-0.000001
0.000034
0.000059
0.000081
0.000097
0.000061
-0.000034
-0.000099
-0.000078
-0.000003
0.000088
0.000195
0.000249
0.000121
-0.000168
-0.000399
-0.000418
-0.000304
-0.000178
-0.000020
0.000197
0.000369
0.000414
0.000377
0.000327
0.000277
0.000249
0.000271
0.000281
0.000189
0.000043
-0.000052
-0.000095
-0.000145
-0.000211
-0.000259
-0.000264
-0.000245
-0.000238
-0.000244
-0.000231
-0.000198
-0.000167
-0.000117
-0.000028
0.000050
0.000089
0.000121
0.000151
0.000161
0.000151
0.000147
0.000161
0.000169
0.000154
0.000135
0.000109
0.000069
0.000031
-0.000029
-0.000150
-0.000281
-0.000332
-0.000315
-0.000318
-0.000344
-0.000304
-0.000197
-0.000125
-0.000103
-0.000057
0.000015
0.000059
0.000069
0.000099
0.000183
0.000305
0.000416
0.000438
0.000331
0.000178
0.000088
0.000063
0.000043
0.000030
0.000063
0.000078
-0.000025
-0.000165
-0.000191
-0.000111
-0.000035
-0.000003
0.000032
0.000079
0.000075
0.000022
-0.000026
-0.000054
-0.000081
-0.000131
-0.000188
-0.000194
-0.000156
-0.000147
-0.000164
-0.000118
-0.000001
0.000088
0.000095
0.000057
0.000022
0.000013
0.000043
0.000095
0.000139
0.000173
0.000202
0.000199
0.000134
0.000043
-0.000017
-0.000038
-0.000030
-0.000007
0.000000
-0.000036
-0.000103
-0.000149
-0.000154
-0.000162
-0.000187
-0.000170
-0.000110
-0.000061
-0.000030
0.000013
0.000069
0.000112
0.000112
0.000067
0.000020
0.000026
0.000078
0.000109
0.000098
0.000089
0.000065
-0.000004
-0.000063
-0.000060
-0.000002
0.000065
0.000073
0.000032
0.000032
0.000074
0.000060
-0.000045
-0.000171
-0.000224
-0.000179
-0.000090
-0.000008
0.000041
0.000002
-0.000119
-0.000168
-0.000054
0.000095
0.000150
0.000109
0.000018
-0.000007
0.000162
0.000416
0.000501
0.000393
0.000276
0.000219
0.000139
-0.000015
-0.000195
-0.000306
-0.000312
-0.000275
-0.000256
-0.000261
-0.000289
-0.000354
-0.000424
-0.000428
-0.000352
-0.000235
-0.000089
0.000054
0.000100
0.000056
0.000061
0.000147
0.000223
0.000272
0.000336
0.000376
0.000332
0.000230
0.000141
0.000093
0.000032
-0.000100
-0.000242
-0.000274
-0.000191
-0.000085
0.000008
0.000108
0.000195
0.000224
0.000202
0.000173
0.000158
0.000144
0.000117
0.000058
-0.000023
-0.000075
-0.000059
-0.000022
-0.000033
-0.000092
-0.000153
-0.000180
-0.000176
-0.000172
-0.000183
-0.000176
-0.000139
-0.000091
-0.000031
0.000046
0.000105
0.000097
0.000033
-0.000006
0.000063
0.000239
0.000367
0.000295
0.000092
-0.000083
-0.000189
-0.000236
-0.000221
-0.000174
-0.000141
-0.000138
-0.000156
-0.000162
-0.000095
0.000063
0.000209
0.000237
0.000171
0.000104
0.000077
0.000059
0.000009
-0.000034
-0.000007
0.000055
0.000081
0.000076
0.000072
0.000051
-0.000005
-0.000045
-0.000014
0.000067
0.000133
0.000152
0.000131
0.000064
-0.000059
-0.000180
-0.000227
-0.000208
-0.000183
-0.000167
-0.000120
-0.000046
-0.000016
-0.000060
-0.000109
-0.000074
0.000045
0.000153
0.000193
0.000203
0.000217
0.000199
0.000088
-0.000073
-0.000135
-0.000058
0.000025
0.000030
0.000003
-0.000036
-0.000088
-0.000099
-0.000051
-0.000003
0.000004
0.000000
0.000007
-0.000016
-0.000082
-0.000132
-0.000124
-0.000060
0.000044
0.000122
0.000109
0.000069
0.000083
0.000081
0.000012
-0.000035
-0.000004
0.000081
0.000169
0.000129
-0.000105
-0.000342
-0.000411
-0.000383
-0.000361
-0.000302
-0.000163
-0.000010
0.000085
0.000130
0.000175
0.000257
0.000355
0.000419
0.000445
0.000451
0.000409
0.000291
0.000154
0.000068
0.000026
0.000015
0.000051
0.000065
-0.000029
-0.000168
-0.000226
-0.000195
-0.000169
-0.000199
-0.000248
-0.000265
-0.000251
-0.000245
-0.000274
-0.000301
-0.000236
-0.000051
0.000153
0.000265
0.000280
0.000245
0.000188
0.000126
0.000069
0.000014
-0.000009
0.000017
0.000039
0.000014
-0.000051
-0.000139
-0.000205
-0.000199
-0.000150
-0.000111
-0.000085
-0.000040
0.000016
0.000036
0.000002
-0.000057
-0.000084
-0.000013
0.000123
0.000179
0.000111
0.000055
0.000094
0.000151
0.000145
0.000094
0.000079
0.000141
0.000173
0.000063
-0.000095
-0.000160
-0.000153
-0.000141
-0.000099
-0.000006
0.000073
0.000085
0.000053
-0.000003
-0.000067
-0.000077
-0.000015
0.000034
0.000012
-0.000060
-0.000125
-0.000129
-0.000076
-0.000021
0.000006
0.000029
0.000076
0.000119
0.000115
0.000092
0.000078
0.000042
-0.000037
-0.000131
-0.000191
-0.000172
-0.000088
-0.000035
-0.000042
-0.000042
-0.000016
0.000009
0.000059
0.000132
0.000178
0.000183
0.000150
0.000078
0.000012
-0.000020
-0.000043
-0.000064
-0.000054
-0.000012
0.000004
-0.000051
-0.000130
-0.000133
-0.000041
0.000049
0.000048
0.000015
0.000036
0.000064
0.000043
0.000025
0.000055
0.000089
0.000084
0.000044
-0.000027
-0.000107
-0.000143
-0.000110
-0.000019
0.000114
0.000205
0.000159
0.000032
-0.000058
-0.000121
-0.000230
-0.000316
-0.000240
-0.000031
0.000109
0.000059
-0.000057
0.000022
0.000329
0.000594
0.000636
0.000521
0.000355
0.000177
-0.000003
-0.000172
-0.000296
-0.000372
-0.000431
-0.000453
-0.000423
-0.000400
-0.000404
-0.000394
-0.000373
-0.000348
-0.000265
-0.000113
0.000036
0.000145
0.000221
0.000254
0.000250
0.000241
0.000260
0.000312
0.000352
0.000341
0.000310
0.000283
0.000234
0.000126
-0.000022
-0.000147
-0.000232
-0.000296
-0.000301
-0.000200
-0.000060
0.000013
0.000001
-0.000039
-0.000050
-0.000016
0.000028
0.000052
0.000071
0.000093
0.000121
0.000160
0.000160
0.000081
-0.000026
-0.000091
-0.000091
-0.000054
-0.000038
-0.000048
-0.000037
0.000010
0.000052
0.000059
0.000025
-0.000028
-0.000034
0.000027
0.000071
0.000044
-0.000001
0.000014
0.000072
0.000047
-0.000128
-0.000308
-0.000309
-0.000177
-0.000083
-0.000041
0.000024
0.000081
0.000071
0.000036
0.000037
0.000073
0.000103
0.000103
0.000082
0.000062
0.000056
0.000061
0.000055
0.000039
0.000047
0.000077
0.000085
0.000054
0.000005
-0.000032
-0.000040
-0.000042
-0.000066
-0.000083
-0.000070
-0.000082
-0.000144
-0.000170
-0.000119
-0.000063
-0.000038
0.000006
0.000081
0.000128
0.000135
0.000126
0.000079
-0.000004
-0.000055
-0.000025
0.000057
0.000108
0.000085
0.000050
0.000030
-0.000034
-0.000138
-0.000197
-0.000175
-0.000094
-0.000000
0.000070
0.000122
0.000132
0.000038
-0.000085
-0.000100
-0.000043
-0.000028
-0.000012
0.000054
0.000067
-0.000025
-0.000121
-0.000147
-0.000129
-0.000091
-0.000022
0.000069
0.000159
0.000226
0.000237
0.000166
0.000043
-0.000026
0.000026
0.000074
-0.000067
-0.000312
-0.000420
-0.000366
-0.000290
-0.000249
-0.000211
-0.000144
-0.000024
0.000145
0.000301
0.000394
0.000434
0.000441
0.000425
0.000384
0.000334
0.000310
0.000287
0.000176
-0.000008
-0.000126
-0.000132
-0.000124
-0.000167
-0.000235
-0.000278
-0.000258
-0.000196
-0.000153
-0.000150
-0.000159
-0.000147
-0.000129
-0.000128
-0.000125
-0.000106
-0.000061
0.000048
0.000223
0.000373
0.000398
0.000291
0.000131
-0.000001
-0.000074
-0.000095
-0.000092
-0.000100
-0.000127
-0.000140
-0.000151
-0.000201
-0.000260
-0.000263
-0.000210
-0.000135
-0.000072
-0.000040
-0.000027
-0.000010
0.000027
0.000105
0.000210
0.000293
0.000332
0.000325
0.000257
0.000138
0.000035
0.000006
0.000018
-0.000011
-0.000072
-0.000060
0.000032
0.000067
-0.000016
-0.000116
-0.000142
-0.000091
0.000015
0.000100
0.000082
-0.000029
-0.000135
-0.000157
-0.000125
-0.000084
-0.000023
0.000043
0.000051
0.000003
-0.000027
-0.000015
0.000001
0.000016
0.000056
0.000117
0.000138
0.000063
-0.000059
-0.000108
-0.000071
-0.000052
-0.000098
-0.000143
-0.000112
-0.000005
0.000091
0.000106
0.000075
0.000058
0.000052
0.000047
0.000066
0.000105
0.000139
0.000141
0.000085
-0.000013
-0.000093
-0.000137
-0.000182
-0.000231
-0.000249
-0.000201
-0.000101
-0.000009
0.000056
0.000131
0.000224
0.000280
0.000244
0.000137
0.000047
0.000011
-0.000005
-0.000030
-0.000063
-0.000090
-0.000080
-0.000019
0.000027
-0.000014
-0.000084
-0.000096
-0.000073
-0.000026
0.000051
0.000070
0.000004
-0.000008
0.000072
0.000081
-0.000065
-0.000186
-0.000112
0.000014
-0.000025
-0.000093
0.000080
0.000386
0.000501
0.000387
0.000237
0.000126
0.000021
-0.000072
-0.000132
-0.000179
-0.000222
-0.000228
-0.000181
-0.000134
-0.000164
-0.000265
-0.000337
-0.000325
-0.000278
-0.000245
-0.000223
-0.000188
-0.000095
0.000057
0.000187
0.000224
0.000184
0.000145
0.000163
0.000229
0.000268
0.000224
0.000152
0.000131
0.000100
-0.000042
-0.000184
-0.000140
0.000018
0.000068
0.000017
0.000031
0.000104
0.000110
0.000050
0.000016
0.000021
0.000046
0.000102
0.000153
0.000150
0.000102
0.000056
0.000039
0.000025
-0.000040
-0.000135
-0.000177
-0.000155
-0.000148
-0.000157
-0.000094
0.000006
-0.000008
-0.000110
-0.000131
-0.000057
-0.000010
-0.000031
-0.000078
-0.000099
-0.000054
0.000035
0.000113
0.000165
0.000180
0.000124
0.000018
-0.000053
-0.000030
0.000047
0.000070
-0.000001
-0.000087
-0.000124
-0.000140
-0.000150
-0.000113
-0.000029
0.000050
0.000105
0.000160
0.000204
0.000209
0.000164
0.000094
0.000062
0.000075
0.000056
-0.000012
-0.000066
-0.000087
-0.000088
-0.000076
-0.000079
-0.000125
-0.000176
-0.000168
-0.000099
-0.000042
-0.000017
0.000024
0.000070
0.000068
0.000031
0.000013
0.000029
0.000047
0.000049
0.000015
-0.000052
-0.000051
0.000068
0.000159
0.000124
0.000054
0.000035
0.000031
-0.000004
-0.000053
-0.000076
-0.000056
-0.000025
-0.000031
-0.000059
-0.000072
-0.000073
-0.000051
-0.000001
0.000043
0.000060
0.000062
0.000064
0.000070
0.000065
0.000032
-0.000019
-0.000075
-0.000099
-0.000065
-0.000045
-0.000100
-0.000134
-0.000088
-0.000094
-0.000145
-0.000015
0.000202
0.000143
-0.000135
-0.000274
-0.000230
-0.000200
-0.000189
-0.000092
0.000060
0.000187
0.000276
0.000308
0.000295
0.000294
0.000326
0.000340
0.000294
0.000224
0.000192
0.000173
0.000106
0.000034
0.000031
0.000033
-0.000053
-0.000169
-0.000200
-0.000169
-0.000166
-0.000197
-0.000230
-0.000258
-0.000256
-0.000191
-0.000104
-0.000073
-0.000098
-0.000105
-0.000041
0.000083
0.000199
0.000237
0.000206
0.000150
0.000071
-0.000025
-0.000102
-0.000146
-0.000163
-0.000145
-0.000107
-0.000092
-0.000093
-0.000069
-0.000034
-0.000040
-0.000087
-0.000108
-0.000078
-0.000035
0.000026
0.000108
0.000148
0.000135
0.000127
0.000114
0.000043
-0.000034
-0.000030
0.000026
0.000057
0.000066
0.000101
0.000177
0.000241
0.000188
0.000037
-0.000027
0.000032
0.000042
-0.000038
-0.000095
-0.000099
-0.000092
-0.000081
-0.000060
-0.000056
-0.000067
-0.000064
-0.000057
-0.000075
-0.000105
-0.000117
-0.000087
-0.000015
0.000074
0.000139
0.000151
0.000129
0.000113
0.000092
0.000026
-0.000059
-0.000098
-0.000109
-0.000149
-0.000185
-0.000144
-0.000046
0.000018
0.000021
0.000017
0.000034
0.000059
0.000108
0.000168
0.000174
0.000126
0.000072
0.000008
-0.000054
-0.000064
-0.000032
-0.000014
-0.000025
-0.000025
-0.000006
-0.000016
-0.000079
-0.000117
-0.000048
0.000053
0.000067
0.000019
0.000003
0.000034
0.000064
0.000047
0.000003
-0.000008
0.000014
0.000019
0.000008
-0.000009
-0.000053
-0.000093
-0.000071
-0.000003
0.000042
0.000042
0.000018
-0.000010
-0.000027
-0.000009
0.000034
0.000035
-0.000042
-0.000144
-0.000194
-0.000171
-0.000075
0.000140
0.000432
0.000590
0.000524
0.000400
0.000334
0.000235
0.000032
-0.000178
-0.000273
-0.000272
-0.000282
-0.000335
-0.000382
-0.000400
-0.000423
-0.000439
-0.000375
-0.000243
-0.000146
-0.000115
-0.000117
-0.000125
-0.000106
-0.000038
0.000051
0.000116
0.000181
0.000282
0.000394
0.000464
0.000460
0.000368
0.000245
0.000174
0.000116
-0.000002
-0.000094
-0.000063
0.000007
0.000028
0.000041
0.000051
-0.000028
-0.000163
-0.000197
-0.000085
0.000046
0.000085
0.000048
0.000005
-0.000013
-0.000021
-0.000054
