4800
-0.000218
-0.000240
-0.000182
-0.000148
-0.000174
-0.000083
0.000238
0.000571
0.000690
0.000661
0.000610
0.000507
0.000327
0.000178
0.000126
0.000074
-0.000083
-0.000303
-0.000453
-0.000491
-0.000498
-0.000518
-0.000496
-0.000444
-0.000461
-0.000525
-0.000503
-0.000372
-0.000231
-0.000106
0.000029
0.000101
0.000066
0.000070
0.000212
0.000361
0.000386
0.000359
0.000385
0.000430
0.000393
0.000265
0.000148
0.000099
0.000066
0.000002
-0.000057
-0.000073
-0.000083
-0.000119
-0.000125
-0.000047
0.000045
0.000042
-0.000020
-0.000038
-0.000008
0.000036
0.000116
0.000232
0.000314
0.000292
0.000164
0.000020
-0.000047
-0.000065
-0.000124
-0.000203
-0.000212
-0.000170
-0.000153
-0.000154
-0.000149
-0.000137
-0.000111
-0.000088
-0.000100
-0.000113
-0.000082
-0.000047
-0.000061
-0.000083
-0.000050
0.000006
0.000017
-0.000006
0.000016
0.000116
0.000215
0.000228
0.000192
0.000191
0.000201
0.000141
0.000034
-0.000013
0.000009
-0.000014
-0.000134
-0.000240
-0.000258
-0.000248
-0.000267
-0.000268
-0.000168
0.000018
0.000174
0.000255
0.000313
0.000365
0.000345
0.000245
0.000143
0.000079
0.000027
-0.000031
-0.000076
-0.000096
-0.000120
-0.000140
-0.000118
-0.000083
-0.000074
-0.000086
-0.000117
-0.000127
-0.000069
0.000010
0.000041
0.000052
0.000089
0.000118
0.000108
0.000091
0.000107
0.000139
0.000134
0.000071
-0.000026
-0.000100
-0.000115
-0.000106
-0.000150
-0.000258
-0.000350
-0.000343
-0.000223
-0.000031
0.000135
0.000193
0.000178
0.000175
0.000183
0.000143
0.000038
-0.000078
-0.000145
-0.000165
-0.000153
-0.000108
-0.000059
0.000006
0.000100
0.000076
-0.000166
-0.000402
-0.000412
-0.000297
-0.000193
-0.000029
0.000239
0.000482
0.000584
0.000556
0.000461
0.000358
0.000264
0.000185
0.000142
0.000141
0.000154
0.000157
0.000139
0.000072
-0.000038
-0.000106
-0.000079
-0.000032
-0.000062
-0.000131
-0.000145
-0.000138
-0.000206
-0.000340
-0.000430
-0.000408
-0.000334
-0.000294
-0.000284
-0.000261
-0.000201
-0.000068
0.000102
0.000201
0.000225
0.000266
0.000348
0.000413
0.000413
0.000324
0.000163
0.000008
-0.000059
-0.000059
-0.000075
-0.000156
-0.000257
-0.000311
-0.000339
-0.000370
-0.000343
-0.000239
-0.000143
-0.000091
-0.000036
0.000059
0.000175
0.000271
0.000309
0.000283
0.000238
0.000240
0.000283
0.000299
0.000248
0.000154
0.000054
-0.000045
-0.000134
-0.000177
-0.000188
-0.000202
-0.000173
-0.000063
0.000042
0.000058
0.000056
0.000111
0.000162
0.000129
0.000051
0.000005
-0.000026
-0.000104
-0.000218
-0.000285
-0.000264
-0.000219
-0.000212
-0.000225
-0.000224
-0.000191
-0.000133
-0.000064
0.000041
0.000176
0.000262
0.000278
0.000281
0.000290
0.000265
0.000190
0.000100
0.000005
-0.000095
-0.000162
-0.000138
-0.000007
0.000139
0.000185
0.000151
0.000111
0.000066
0.000017
0.000028
0.000122
0.000190
0.000110
-0.000065
-0.000177
-0.000209
-0.000247
-0.000281
-0.000251
-0.000198
-0.000182
-0.000153
-0.000059
0.000034
0.000067
0.000062
0.000073
0.000131
0.000173
0.000128
0.000053
0.000035
0.000060
0.000068
0.000007
-0.000106
-0.000164
-0.000116
-0.000066
-0.000066
-0.000029
0.000051
0.000086
0.000058
0.000024
0.000027
0.000029
-0.000031
-0.000064
0.000072
0.000287
0.000377
0.000317
0.000202
0.000089
-0.000015
-0.000098
-0.000135
-0.000140
-0.000152
-0.000156
-0.000133
-0.000142
-0.000214
-0.000263
-0.000210
-0.000089
0.000002
-0.000028
-0.000185
-0.000302
-0.000230
-0.000043
0.000093
0.000136
0.000125
0.000102
0.000123
0.000187
0.000209
0.000145
0.000063
0.000041
0.000050
0.000027
-0.000014
-0.000033
-0.000030
0.000001
0.000051
0.000082
0.000104
0.000126
0.000087
-0.000002
-0.000026
0.000027
0.000053
0.000040
0.000058
0.000113
0.000146
0.000092
-0.000041
-0.000131
-0.000082
0.000025
0.000047
-0.000024
-0.000114
-0.000195
-0.000228
-0.000157
-0.000023
0.000083
0.000157
0.000210
0.000199
0.000116
0.000003
-0.000114
-0.000195
-0.000207
-0.000177
-0.000150
-0.000140
-0.000149
-0.000171
-0.000178
-0.000153
-0.000093
-0.000008
0.000056
0.000068
0.000059
0.000089
0.000147
0.000148
0.000081
0.000049
0.000099
0.000155
0.000131
0.000047
-0.000022
-0.000020
0.000041
0.000081
0.000057
0.000067
0.000167
0.000209
0.000106
0.000002
-0.000000
0.000017
-0.000011
-0.000058
-0.000082
-0.000063
-0.000027
-0.000024
-0.000042
-0.000050
-0.000061
-0.000099
-0.000136
-0.000112
-0.000048
-0.000047
-0.000114
-0.000131
-0.000063
-0.000014
-0.000022
0.000003
0.000094
0.000158
0.000137
0.000061
-0.000001
-0.000001
0.000051
0.000097
0.000105
0.000082
0.000036
-0.000024
-0.000057
-0.000039
0.000001
0.000049
0.000098
0.000129
0.000147
0.000176
0.000182
0.000088
-0.000077
-0.000182
-0.000195
-0.000197
-0.000209
-0.000172
-0.000048
0.000118
0.000133
-0.000129
-0.000439
-0.000507
-0.000399
-0.000321
-0.000281
-0.000182
-0.000042
0.000053
0.000104
0.000162
0.000236
0.000312
0.000348
0.000310
0.000253
0.000238
0.000240
0.000206
0.000159
0.000166
0.000209
0.000181
0.000039
-0.000114
-0.000147
-0.000079
-0.000051
-0.000102
-0.000131
-0.000102
-0.000100
-0.000166
-0.000233
-0.000229
-0.000149
-0.000015
0.000123
0.000207
0.000252
0.000295
0.000308
0.000261
0.000184
0.000095
-0.000022
-0.000119
-0.000149
-0.000184
-0.000268
-0.000345
-0.000393
-0.000386
-0.000269
-0.000101
-0.000019
-0.000039
-0.000093
-0.000126
-0.000088
0.000043
0.000194
0.000255
0.000206
0.000148
0.000157
0.000195
0.000202
0.000179
0.000159
0.000145
0.000121
0.000079
0.000039
0.000005
-0.000059
-0.000135
-0.000145
-0.000098
-0.000075
-0.000072
-0.000033
0.000024
0.000027
-0.000027
-0.000086
-0.000128
-0.000146
-0.000124
-0.000073
-0.000038
-0.000054
-0.000119
-0.000185
-0.000192
-0.000134
-0.000052
0.000035
0.000137
0.000196
0.000095
-0.000098
-0.000109
0.000119
0.000323
0.000335
0.000238
0.000148
0.000126
0.000184
0.000234
0.000152
-0.000039
-0.000151
-0.000055
0.000135
0.000214
0.000116
-0.000056
-0.000136
-0.000062
0.000046
0.000035
-0.000101
-0.000227
-0.000221
-0.000115
-0.000035
-0.000056
-0.000184
-0.000371
-0.000495
-0.000455
-0.000323
-0.000255
-0.000259
-0.000202
-0.000040
0.000099
0.000079
-0.000055
-0.000127
-0.000021
0.000204
0.000389
0.000434
0.000368
0.000303
0.000322
0.000403
0.000449
0.000400
0.000275
0.000143
0.000069
0.000053
0.000024
-0.000071
-0.000192
-0.000207
0.000010
0.000355
0.000536
0.000429
0.000197
0.000024
-0.000084
-0.000163
-0.000200
-0.000234
-0.000342
-0.000491
-0.000567
-0.000527
-0.000450
-0.000429
-0.000478
-0.000529
-0.000480
-0.000293
-0.000080
0.000005
-0.000017
0.000018
0.000144
0.000240
0.000253
0.000239
0.000249
0.000290
0.000350
0.000398
0.000421
0.000431
0.000401
0.000284
0.000126
0.000016
-0.000034
-0.000064
-0.000086
-0.000074
-0.000037
-0.000033
-0.000098
-0.000167
-0.000148
-0.000082
-0.000094
-0.000167
-0.000137
0.000039
0.000166
0.000098
-0.000038
-0.000083
-0.000046
0.000010
0.000046
0.000016
-0.000067
-0.000097
-0.000001
0.000156
0.000235
0.000188
0.000091
0.000030
0.000038
0.000076
0.000088
0.000080
0.000069
0.000031
-0.000054
-0.000186
-0.000330
-0.000414
-0.000402
-0.000341
-0.000284
-0.000215
-0.000109
-0.000000
0.000070
0.000111
0.000145
0.000161
0.000136
0.000076
0.000014
-0.000032
-0.000067
-0.000102
-0.000131
-0.000127
-0.000058
0.000060
0.000177
0.000245
0.000214
0.000097
0.000020
0.000016
-0.000003
-0.000029
0.000024
0.000159
0.000299
0.000354
0.000277
0.000157
0.000137
0.000212
0.000251
0.000212
0.000152
0.000097
0.000058
0.000059
0.000079
0.000037
-0.000109
-0.000298
-0.000424
-0.000429
-0.000374
-0.000348
-0.000328
-0.000254
-0.000152
-0.000082
-0.000099
-0.000222
-0.000367
-0.000413
-0.000339
-0.000229
-0.000143
-0.000042
0.000113
0.000263
0.000326
0.000326
0.000344
0.000382
0.000377
0.000332
0.000299
0.000294
0.000300
0.000285
0.000206
0.000076
-0.000010
-0.000002
0.000040
-0.000007
-0.000200
-0.000403
-0.000446
-0.000406
-0.000441
-0.000514
-0.000477
-0.000308
-0.000142
-0.000077
-0.000034
0.000116
0.000330
0.000458
0.000470
0.000435
0.000385
0.000333
0.000293
0.000265
0.000247
0.000227
0.000204
0.000174
0.000130
0.000072
-0.000016
-0.000151
-0.000271
-0.000326
-0.000345
-0.000349
-0.000316
-0.000249
-0.000159
-0.000059
-0.000004
-0.000034
-0.000098
-0.000128
-0.000125
-0.000100
-0.000042
0.000013
0.000022
0.000012
0.000011
-0.000042
-0.000206
-0.000421
-0.000551
-0.000485
-0.000236
0.000032
0.000140
0.000063
-0.000071
-0.000115
-0.000045
0.000045
0.000111
0.000190
0.000315
0.000456
0.000557
0.000598
0.000574
0.000461
0.000300
0.000226
0.000284
0.000345
0.000317
0.000258
0.000250
0.000279
0.000281
0.000221
0.000099
-0.000092
-0.000332
-0.000521
-0.000550
-0.000446
-0.000346
-0.000323
-0.000367
-0.000482
-0.000638
-0.000771
-0.000842
-0.000821
-0.000671
-0.000384
-0.000026
0.000265
0.000373
0.000329
0.000267
0.000274
0.000328
0.000369
0.000366
0.000380
0.000496
0.000641
0.000646
0.000478
0.000253
0.000061
-0.000081
-0.000171
-0.000182
-0.000122
-0.000045
0.000029
0.000078
0.000013
-0.000198
-0.000411
-0.000430
-0.000237
-0.000010
0.000083
0.000053
0.000008
-0.000002
-0.000011
-0.000075
-0.000162
-0.000179
-0.000102
0.000024
0.000147
0.000226
0.000241
0.000199
0.000111
0.000010
-0.000060
-0.000085
-0.000100
-0.000109
-0.000071
0.000009
0.000079
0.000097
0.000040
-0.000067
-0.000141
-0.000152
-0.000156
-0.000159
-0.000094
0.000050
0.000191
0.000238
0.000172
0.000044
-0.000077
-0.000075
0.000099
0.000263
0.000216
0.000041
-0.000085
-0.000199
-0.000385
-0.000523
-0.000481
-0.000339
-0.000242
-0.000221
-0.000229
-0.000231
-0.000243
-0.000270
-0.000275
-0.000194
-0.000013
0.000203
0.000410
0.000645
0.000817
0.000776
0.000637
0.000574
0.000522
0.000422
0.000412
0.000544
0.000671
0.000684
0.000576
0.000350
0.000033
-0.000309
-0.000632
-0.000883
-0.000964
-0.000843
-0.000622
-0.000435
-0.000344
-0.000336
-0.000370
-0.000431
-0.000554
-0.000692
-0.000657
-0.000376
-0.000001
0.000317
0.000522
0.000562
0.000419
0.000179
-0.000019
-0.000075
0.000028
0.000244
0.000481
0.000639
0.000665
0.000547
0.000278
-0.000050
-0.000252
-0.000223
-0.000026
0.000196
0.000318
0.000277
0.000129
-0.000005
-0.000103
-0.000254
-0.000461
-0.000579
-0.000508
-0.000295
-0.000063
0.000063
0.000053
0.000000
-0.000003
0.000036
0.000056
0.000081
0.000206
0.000388
0.000451
0.000336
0.000156
0.000026
-0.000043
-0.000123
-0.000261
-0.000400
-0.000435
-0.000328
-0.000163
-0.000088
-0.000164
-0.000268
-0.000241
-0.000090
0.000069
0.000185
0.000285
0.000385
0.000461
0.000468
0.000364
0.000149
-0.000083
-0.000191
-0.000157
-0.000095
-0.000055
0.000013
0.000103
0.000129
0.000029
-0.000181
-0.000428
-0.000653
-0.000803
-0.000772
-0.000501
-0.000101
0.000211
0.000289
0.000163
-0.000025
-0.000156
-0.000182
-0.000139
-0.000083
0.000005
0.000195
0.000496
0.000802
0.000915
0.000741
0.000425
0.000201
0.000160
0.000237
0.000373
0.000552
0.000722
0.000793
0.000696
0.000429
0.000103
-0.000147
-0.000343
-0.000633
-0.000969
-0.001086
-0.000916
-0.000691
-0.000585
-0.000569
-0.000591
-0.000646
-0.000686
-0.000648
-0.000515
-0.000274
0.000079
0.000463
0.000731
0.000770
0.000587
0.000316
0.000082
-0.000093
-0.000194
-0.000133
0.000151
0.000591
0.000973
0.001045
0.000755
0.000320
-0.000008
-0.000195
-0.000353
-0.000494
-0.000492
-0.000243
0.000175
0.000490
0.000436
0.000055
-0.000274
-0.000268
-0.000049
0.000071
-0.000275
-0.001595
-0.003509
-0.003775
-0.000704
0.003496
0.004789
0.002861
0.001537
0.003208
0.005498
0.004577
0.000182
-0.004025
-0.004711
-0.002652
-0.001625
-0.003530
-0.006000
-0.005701
-0.002707
-0.000136
-0.000073
-0.001391
-0.001576
0.000387
0.003001
0.003836
0.002451
0.001148
0.001993
0.004032
0.004712
0.003299
0.001459
0.000867
0.001458
0.001932
0.001245
-0.000334
-0.001469
-0.001333
-0.000925
-0.002220
-0.005780
-0.009677
-0.011058
-0.008644
-0.003897
0.000210
0.001937
0.002399
0.003923
0.006747
0.008272
0.006332
0.002444
0.000535
0.002636
0.006919
0.009878
0.009444
0.006178
0.002406
-0.000041
-0.001690
-0.004359
-0.008078
-0.010472
-0.009722
-0.006661
-0.003525
-0.002140
-0.003347
-0.006353
-0.008676
-0.008376
-0.006069
-0.003584
-0.001524
0.000812
0.004012
0.007751
0.010628
0.010839
0.008112
0.004775
0.003747
0.005460
0.007668
0.008180
0.006852
0.004928
0.003342
0.001880
-0.000523
-0.004495
-0.008890
-0.011492
-0.011809
-0.011665
-0.011422
-0.008565
-0.003183
-0.000156
-0.001437
-0.002154
0.000954
0.004147
0.003872
0.002378
0.003029
0.005890
0.009144
0.010424
0.007944
0.003454
0.000950
0.000699
-0.000611
-0.003196
-0.003937
-0.002603
-0.001709
-0.001586
-0.001441
-0.002268
-0.004137
-0.004796
-0.003592
-0.002076
-0.000612
0.000985
0.001578
0.001188
0.001596
0.002413
0.001468
-0.000478
-0.000731
0.000593
0.001470
0.001498
0.001155
0.000356
-0.000278
0.000198
0.000988
0.000914
0.000668
0.000929
0.000655
-0.000563
-0.001378
-0.001115
-0.000647
-0.000766
-0.001427
-0.002061
-0.002076
-0.001687
-0.001763
-0.002272
-0.002029
-0.000631
-0.000172
-0.004255
-0.012953
-0.018477
-0.011866
0.003631
0.014251
0.014722
0.015015
0.022354
0.028700
0.024617
0.014034
0.005728
0.000546
-0.003911
-0.005744
-0.004308
-0.004929
-0.011367
-0.019835
-0.024348
-0.023702
-0.021658
-0.022158
-0.023900
-0.020618
-0.009458
0.003738
0.011798
0.015093
0.018025
0.021140
0.022487
0.022669
0.022719
0.020567
0.015113
0.010226
0.009259
0.009087
0.004557
-0.004397
-0.013638
-0.019733
-0.022049
-0.022481
-0.023148
-0.023188
-0.020031
-0.013825
-0.007059
-0.001052
0.003512
0.004942
0.003125
0.002574
0.009122
0.020933
0.027762
0.025452
0.022024
0.022068
0.019389
0.010235
-0.001287
-0.011008
-0.017206
-0.019524
-0.019454
-0.018298
-0.017070
-0.017616
-0.018167
-0.014049
-0.006660
-0.001777
0.000509
0.004462
0.011086
0.017461
0.020203
0.018686
0.015548
0.012560
0.008823
0.004305
0.000138
-0.004009
-0.008076
-0.009976
-0.008931
-0.007048
-0.006518
-0.007274
-0.007209
-0.004835
-0.001674
0.000036
0.000820
0.002241
0.003959
0.004995
0.005175
0.004218
0.001946
-0.000550
-0.001683
-0.001205
-0.000331
0.000040
0.000123
0.000198
0.000387
0.000957
0.001377
0.000776
-0.000227
-0.000599
-0.000818
-0.001350
-0.001589
-0.002799
-0.008829
-0.019534
-0.025825
-0.018232
-0.000669
0.012970
0.018088
0.023679
0.033391
0.037517
0.030208
0.018660
0.009082
-0.000873
-0.010997
-0.014891
-0.012209
-0.011844
-0.018314
-0.025074
-0.025485
-0.022460
-0.022443
-0.025146
-0.024337
-0.016219
-0.003135
0.010210
0.021377
0.029771
0.033788
0.032301
0.028061
0.024506
0.019851
0.010808
0.000881
-0.003559
-0.003352
-0.004239
-0.008299
-0.013832
-0.019268
-0.023268
-0.024320
-0.022904
-0.021127
-0.018310
-0.011375
-0.000931
0.008816
0.015922
0.020541
0.021296
0.016955
0.010628
0.008892
0.013073
0.014879
0.009717
0.005723
0.007657
0.007164
-0.001307
-0.012095
-0.019127
-0.022078
-0.022787
-0.021164
-0.015346
-0.007347
-0.002615
-0.000568
0.003599
0.008071
0.007931
0.005099
0.005200
0.009295
0.013206
0.013176
0.010553
0.008444
0.005726
0.000268
-0.005338
-0.007835
-0.008387
-0.008663
-0.007250
-0.003355
0.000288
0.000701
-0.001288
-0.002337
-0.001419
-0.000857
-0.001754
-0.001838
0.000127
0.001911
0.001947
0.001514
0.001501
0.000976
-0.000334
-0.000911
0.000384
0.002236
0.002575
0.002154
0.003172
0.004588
0.003824
0.001687
0.000200
-0.001209
-0.003412
-0.005466
-0.006355
-0.005893
-0.004366
-0.002767
-0.003026
-0.007216
-0.014533
-0.019281
-0.015906
-0.005549
0.006362
0.017020
0.027085
0.036013
0.039991
0.036155
0.026247
0.013665
0.000246
-0.011937
-0.019865
-0.022857
-0.023580
-0.024293
-0.024169
-0.021872
-0.019156
-0.018923
-0.020396
-0.019550
-0.013926
-0.004426
0.006711
0.017751
0.027482
0.034398
0.037089
0.035507
0.030402
0.021865
0.010400
-0.001074
-0.008925
-0.012629
-0.014690
-0.016701
-0.017882
-0.017733
-0.017403
-0.017736
-0.018033
-0.017110
-0.014250
-0.009068
-0.001479
0.007570
0.015874
0.021409
0.023457
0.021664
0.016508
0.011662
0.010063
0.007911
0.001958
-0.002269
-0.000985
-0.000354
-0.005030
-0.011242
-0.014833
-0.015916
-0.016192
-0.015821
-0.012578
-0.006286
-0.000842
0.002642
0.006926
0.010881
0.010764
0.007729
0.005926
0.006407
0.006802
0.005135
0.002855
0.002484
0.002802
0.000910
-0.002351
-0.004280
-0.004970
-0.005677
-0.005642
-0.003745
-0.001049
0.000419
0.000443
0.000601
0.001328
0.000836
-0.001611
-0.003634
-0.003282
-0.001985
-0.001535
-0.001205
0.000166
0.001956
0.002953
0.003253
0.003802
0.004311
0.003509
0.001997
0.001895
0.002954
0.002734
0.000892
-0.000658
-0.001441
-0.002673
-0.004637
-0.006179
-0.006365
-0.005585
-0.005123
-0.006596
-0.011196
-0.017087
-0.018971
-0.013182
-0.001515
0.011179
0.021809
0.030967
0.039064
0.042431
0.037556
0.026347
0.012855
-0.001207
-0.014610
-0.024613
-0.029468
-0.030523
-0.030070
-0.028184
-0.023980
-0.019189
-0.016694
-0.015916
-0.013472
-0.007671
0.000330
0.008908
0.017723
0.026845
0.034949
0.039506
0.038721
0.032697
0.022858
0.010784
-0.001747
-0.012317
-0.019434
-0.023820
-0.026162
-0.025396
-0.021286
-0.016242
-0.012641
-0.010409
-0.008289
-0.005688
-0.002528
0.001466
0.006536
0.012336
0.017628
0.020378
0.019735
0.018032
0.017119
0.014088
0.006634
-0.001420
-0.005963
-0.007950
-0.010050
-0.012865
-0.014496
-0.013289
-0.011128
-0.010216
-0.008921
-0.005707
-0.002203
0.000573
0.003529
0.006778
0.009151
0.009690
0.008834
0.007949
0.006909
0.004326
0.000846
-0.001175
-0.001295
-0.001276
-0.002039
-0.002540
-0.001973
-0.001211
-0.001177
-0.001410
-0.001157
-0.000667
-0.000598
-0.000679
-0.000191
0.000283
-0.000483
-0.002059
-0.002993
-0.003109
-0.003218
-0.003345
-0.002552
-0.000377
0.002132
0.003684
0.004544
0.005588
0.006403
0.005954
0.004336
0.002743
0.001706
0.000292
-0.001958
-0.003859
-0.004739
-0.005358
-0.005970
-0.005930
-0.004896
-0.003303
-0.002884
-0.005911
-0.011961
-0.016896
-0.016705
-0.010729
-0.000584
0.011756
0.024300
0.034983
0.041688
0.042677
0.037339
0.026209
0.010896
-0.005737
-0.020464
-0.031101
-0.036860
-0.037846
-0.034662
-0.028474
-0.021128
-0.014545
-0.009541
-0.005526
-0.001787
0.001551
0.004673
0.009077
0.015760
0.023273
0.029214
0.032486
0.032705
0.029169
0.021669
0.011140
-0.000795
-0.012386
-0.022097
-0.028551
-0.030603
-0.028236
-0.022950
-0.016544
-0.009923
-0.003493
0.001951
0.005521
0.007240
0.008026
0.008592
0.008712
0.008060
0.008064
0.010829
0.014777
0.015518
0.012262
0.008089
0.004458
0.000084
-0.006027
-0.012409
-0.016186
-0.016660
-0.015484
-0.013077
-0.008827
-0.003897
-0.000245
0.001813
0.003242
0.004569
0.005266
0.004902
0.004396
0.004776
0.005387
0.005091
0.004171
0.003473
0.002689
0.000909
-0.001537
-0.003123
-0.003223
-0.002815
-0.002671
-0.002122
-0.000467
0.001434
0.002218
0.001864
0.001183
0.000329
-0.000967
-0.002433
-0.003448
-0.003875
-0.004021
-0.003811
-0.002753
-0.000893
0.000873
0.001847
0.002474
0.003552
0.004667
0.004567
0.003051
0.001232
0.000358
0.001301
0.003412
0.003998
0.001918
-0.000410
-0.001307
-0.002038
-0.003703
-0.005802
-0.007678
-0.010048
-0.014124
-0.018524
-0.020442
-0.018701
-0.011845
0.000855
0.015211
0.026675
0.035669
0.042830
0.045313
0.040568
0.029410
0.014789
-0.000936
-0.016518
-0.029841
-0.038221
-0.040960
-0.039274
-0.034575
-0.027893
-0.019743
-0.010940
-0.003406
0.001764
0.005592
0.009139
0.012430
0.015652
0.019505
0.024150
0.028086
0.029217
0.027317
0.023288
0.016836
0.007491
-0.003674
-0.014672
-0.023676
-0.029678
-0.032385
-0.031297
-0.026070
-0.017946
-0.009258
-0.001496
0.005117
0.010368
0.013482
0.014164
0.013280
0.011659
0.009101
0.005763
0.004086
0.006725
0.011297
0.011903
0.008025
0.004642
0.002873
-0.000860
-0.007775
-0.014910
-0.018586
-0.018390
-0.016947
-0.014444
-0.008606
-0.000970
0.004227
0.006348
0.007766
0.009346
0.009518
0.007020
0.003546
0.001863
0.001752
0.001285
0.000763
0.001500
0.002662
0.002431
0.000863
-0.000322
-0.000453
-0.000887
-0.002411
-0.003513
-0.002806
-0.001337
-0.000898
-0.001309
-0.001144
-0.000529
-0.000994
-0.002691
-0.003930
-0.003642
-0.002688
-0.002169
-0.001543
0.000241
0.002808
0.005102
0.006705
0.007508
0.007364
0.006164
0.004088
0.001898
-0.000156
-0.002803
-0.005513
-0.006403
-0.005401
-0.004319
-0.004338
-0.005802
-0.008802
-0.012985
-0.017101
-0.017775
-0.011718
-0.001220
0.008423
0.017124
0.027596
0.037519
0.041928
0.039551
0.032065
0.020600
0.005444
-0.011669
-0.026723
-0.036563
-0.041455
-0.042864
-0.040492
-0.032934
-0.020828
-0.007902
0.002486
0.010135
0.015699
0.018469
0.018246
0.016786
0.015898
0.015422
0.014209
0.012589
0.012191
0.012924
0.012342
0.008764
0.002974
-0.003495
-0.009994
-0.016281
-0.021401
-0.023927
-0.023373
-0.020435
-0.015601
-0.008715
-0.000333
0.007458
0.012535
0.014724
0.015111
0.013845
0.010405
0.005903
0.002987
0.002281
0.001404
-0.000311
-0.000276
0.001899
0.003138
0.001829
-0.000828
-0.003088
-0.004595
-0.006803
-0.009638
-0.010255
-0.008057
-0.005596
-0.003644
-0.000920
0.002685
0.005660
0.006403
0.005174
0.003929
0.003138
0.001449
-0.000931
-0.002026
-0.001158
0.000413
0.001586
0.002651
0.004143
0.005289
0.004839
0.003057
0.001266
-0.000213
-0.002123
-0.004459
-0.006029
-0.006164
-0.005573
-0.004989
-0.004174
-0.002735
-0.001008
0.000292
0.001077
0.001887
0.002682
0.002856
0.002540
0.002459
0.002648
0.002378
0.001374
0.000783
0.001674
0.002815
0.002533
0.001432
0.000594
-0.000035
-0.000406
-0.000513
-0.000833
-0.001899
-0.004788
-0.009801
-0.014537
-0.016159
-0.014084
-0.010046
-0.006348
-0.001992
0.006376
0.017522
0.026527
0.031791
0.033814
0.031257
0.023397
0.012514
0.001782
-0.007936
-0.018155
-0.028555
-0.035358
-0.035883
-0.031364
-0.024476
-0.016761
-0.008369
0.000426
0.008060
0.013351
0.016725
0.018221
0.016875
0.013079
0.009213
0.007244
0.006633
0.005506
0.003776
0.003027
0.003375
0.003245
0.001848
-0.000412
-0.003203
-0.006514
-0.009937
-0.012329
-0.012825
-0.011914
-0.010485
-0.008397
-0.004905
-0.000146
0.004389
0.007327
0.008885
0.009690
0.009166
0.006760
0.003704
0.001935
0.001572
0.000995
-0.000134
-0.000113
0.001546
0.002843
0.002236
0.000428
-0.001218
-0.002625
-0.004714
-0.007201
-0.008396
-0.007910
-0.006941
-0.005668
-0.003212
0.000210
0.003187
0.004790
0.005481
0.006110
0.006307
0.005083
0.002822
0.000995
0.000163
-0.000260
-0.000552
-0.000279
0.000634
0.001456
0.001649
0.001534
0.001420
0.000765
-0.001003
-0.003295
-0.004868
-0.005369
-0.005404
-0.005192
-0.004197
-0.002212
0.000095
0.001970
0.003367
0.004460
0.004892
0.004291
0.003062
0.001890
0.000966
0.000107
-0.000665
-0.000926
-0.000494
0.000071
0.000208
-0.000216
-0.001538
-0.004225
-0.007944
-0.011392
-0.012894
-0.011393
-0.007484
-0.002815
0.002243
0.008881
0.016922
0.023684
0.026952
0.026859
0.024071
0.018494
0.010337
0.000609
-0.009555
-0.019126
-0.026996
-0.031950
-0.033012
-0.030189
-0.024570
-0.017240
-0.008708
0.000397
0.008893
0.015657
0.020116
0.021973
0.021189
0.018384
0.014561
0.010323
0.005850
0.001510
-0.001951
-0.003919
-0.004530
-0.004497
-0.004221
-0.003675
-0.003167
-0.003294
-0.004095
-0.005035
-0.005824
-0.006641
-0.007414
-0.007461
-0.006261
-0.004105
-0.001622
0.000977
0.003862
0.006771
0.008748
0.009432
0.009543
0.009073
0.007214
0.004614
0.002574
0.000872
-0.000999
-0.002757
-0.004105
-0.004616
-0.004369
-0.004481
-0.005108
-0.005304
-0.005104
-0.004874
-0.004266
-0.003190
-0.001828
-0.000176
0.001602
0.003281
0.004672
0.005480
0.005629
0.005213
0.004258
0.002920
0.001469
0.000103
-0.001075
-0.001964
-0.002258
-0.001806
-0.001093
-0.000566
-0.000105
0.000347
0.000548
0.000310
-0.000369
-0.001145
-0.001644
-0.001979
-0.002262
-0.002210
-0.001712
-0.001014
-0.000298
0.000403
0.001158
0.001935
0.002370
0.002251
0.001891
0.001574
0.001213
0.000763
0.000425
0.000245
-0.000258
-0.001683
-0.003905
-0.006148
-0.007769
-0.008317
-0.007341
-0.004961
-0.001884
0.001695
0.006151
0.011166
0.015473
0.017968
0.018361
0.016816
0.013474
0.008412
0.001938
-0.005207
-0.012057
-0.017804
-0.021854
-0.023657
-0.022878
-0.019791
-0.015057
-0.009178
-0.002606
0.003990
0.009857
0.014302
0.016912
0.017749
0.017008
0.014751
0.011251
0.007109
0.002951
-0.000773
-0.003839
-0.006122
-0.007446
-0.007706
-0.007062
-0.005857
-0.004404
-0.002899
-0.001529
-0.000557
-0.000148
-0.000188
-0.000476
-0.000935
-0.001469
-0.001871
-0.002042
-0.002019
-0.001513
0.000038
0.002304
0.004070
0.005231
0.006710
0.008199
0.008596
0.007654
0.005565
0.002837
0.000174
-0.002725
-0.006119
-0.008885
-0.010279
-0.010617
-0.009949
-0.008293
-0.005960
-0.003102
-0.000088
0.002623
0.005085
0.007218
0.008452
0.008506
0.007728
0.006598
0.005143
0.003140
0.000762
-0.001505
-0.003294
-0.004459
-0.005138
-0.005411
-0.005019
-0.004013
-0.002856
-0.001647
-0.000280
0.001072
0.002164
0.002775
0.002874
0.002769
0.002455
0.001602
0.000450
-0.000490
-0.001186
-0.001754
-0.002200
-0.002469
-0.002305
-0.001586
-0.000639
0.000208
0.000832
0.001004
0.000477
-0.000608
-0.001775
-0.002553
-0.002633
-0.001960
-0.000792
0.000627
0.002411
0.004609
0.006784
0.008487
0.009581
0.009925
0.009295
0.007510
0.004475
0.000486
-0.003775
-0.007828
-0.011521
-0.014536
-0.016292
-0.016401
-0.014911
-0.012050
-0.008040
-0.003276
0.001664
0.006292
0.010296
0.013421
0.015378
0.015830
0.014617
0.012025
0.008615
0.004766
0.000644
-0.003432
-0.006856
-0.009124
-0.010240
-0.010460
-0.009852
-0.008441
-0.006448
-0.004103
-0.001532
0.001053
0.003297
0.004890
0.005733
0.005822
0.005215
0.004231
0.003202
0.002033
0.000755
-0.000019
-0.000045
0.000172
0.000274
0.000295
0.000382
0.000632
0.000646
-0.000073
-0.001184
-0.002144
-0.003107
-0.004236
-0.005155
-0.005544
-0.005420
-0.004804
-0.003560
-0.001600
0.000785
0.003028
0.004823
0.006237
0.007281
0.007643
0.007036
0.005639
0.003880
0.001970
-0.000029
-0.001990
-0.003692
-0.004856
-0.005400
-0.005471
-0.005082
-0.004182
-0.002999
-0.001841
-0.000803
0.000126
0.000978
0.001739
0.002327
0.002697
0.002818
0.002610
0.002119
0.001498
0.000795
0.000037
-0.000622
-0.001029
-0.001279
-0.001680
-0.002319
-0.002872
-0.003131
-0.003235
-0.003121
-0.002402
-0.001047
0.000502
0.002004
0.003563
0.005164
0.006545
0.007446
0.007772
0.007597
0.006875
0.005308
0.002880
0.000132
-0.002546
-0.005279
-0.007997
-0.010101
-0.011138
-0.011175
-0.010401
-0.008862
-0.006636
-0.003908
-0.000885
0.002173
0.004994
0.007401
0.009182
0.010079
0.010064
0.009364
0.008104
0.006171
0.003589
0.000801
-0.001697
-0.003806
-0.005666
-0.007146
-0.007846
-0.007693
-0.007071
-0.006096
-0.004461
-0.002199
0.000176
0.002276
0.003987
0.005077
0.005261
0.004738
0.004034
0.003280
0.002353
0.001467
0.000914
0.000662
0.000457
0.000101
-0.000175
-0.000067
-0.000121
-0.001039
-0.002294
-0.003030
-0.003410
-0.003898
-0.004366
-0.004389
-0.003753
-0.002615
-0.001251
0.000267
0.001873
0.003246
0.004152
0.004713
0.005040
0.004912
0.004110
0.002885
0.001731
0.000761
-0.000271
-0.001400
-0.002270
-0.002593
-0.002614
-0.002747
-0.002865
-0.002577
-0.001969
-0.001448
-0.001097
-0.000672
-0.000068
0.000491
0.000801
0.000964
0.001091
0.001065
0.000806
0.000429
0.000047
-0.000343
-0.000811
-0.001351
-0.001794
-0.002036
-0.002162
-0.002075
-0.001417
-0.000139
0.001312
0.002536
0.003589
0.004660
0.005606
0.006064
0.005924
0.005371
0.004448
0.002950
0.000925
-0.001117
-0.002870
-0.004595
-0.006373
-0.007664
-0.008059
-0.007802
-0.007161
-0.006038
-0.004414
-0.002546
-0.000653
0.001219
0.003073
0.004789
0.006104
0.006853
0.007181
0.007257
0.006873
0.005739
0.004013
0.002065
-0.000053
-0.002396
-0.004624
-0.006225
-0.007094
-0.007450
-0.007280
-0.006289
-0.004443
-0.002186
0.000029
0.002097
0.003914
0.005087
0.005390
0.005177
0.004840
0.004299
0.003501
0.002742
0.002075
0.001206
0.000115
-0.000838
-0.001375
-0.001753
-0.002630
-0.004029
-0.005008
-0.005028
-0.004708
-0.004638
-0.004428
-0.003491
-0.001973
-0.000386
0.001144
0.002734
0.004204
0.005182
0.005573
0.005552
0.005164
0.004319
0.003206
0.002172
0.001158
-0.000089
-0.001373
-0.002241
-0.002674
-0.003054
-0.003579
-0.003991
-0.003894
-0.003308
-0.002687
-0.002200
-0.001499
-0.000414
0.000707
0.001577
0.002311
0.002982
0.003396
0.003440
0.003155
0.002490
0.001372
-0.000026
-0.001385
-0.002629
-0.003873
-0.004873
-0.005037
-0.004224
-0.002938
-0.001587
-0.000138
0.001510
0.003185
0.004565
0.005543
0.006274
0.006712
0.006474
0.005472
0.004111
0.002569
0.000571
-0.001815
-0.003918
-0.005347
-0.006397
-0.007204
-0.007425
-0.007003
-0.006266
-0.005288
-0.003892
-0.002145
-0.000298
0.001515
0.003244
0.004784
0.005994
0.006753
0.007031
0.006867
0.006229
0.005061
0.003462
0.001617
-0.000341
-0.002273
-0.003981
-0.005269
-0.005989
-0.006088
-0.005650
-0.004780
-0.003551
-0.002186
-0.000989
0.000014
0.000964
0.001778
0.002432
0.003257
0.004266
0.004845
0.004745
0.004452
0.004216
0.003693
0.002586
0.000980
-0.000787
-0.002317
-0.003573
-0.004850
-0.006075
-0.006707
-0.006512
-0.005790
-0.004745
-0.003260
-0.001410
0.000437
0.002091
0.003585
0.004761
0.005365
0.005503
0.005468
0.005184
0.004408
0.003352
0.002480
0.001790
0.000873
-0.000339
-0.001501
-0.002468
-0.003402
-0.004344
-0.005122
-0.005544
-0.005463
-0.004871
-0.003901
-0.002663
-0.001222
0.000285
0.001678
0.002810
0.003571
0.003875
0.003681
0.003057
0.002246
0.001532
0.000993
0.000582
0.000319
0.000206
0.000173
0.000201
0.000281
0.000350
0.000372
0.000372
0.000310
0.000079
-0.000278
-0.000567
-0.000784
-0.001069
-0.001301
-0.001258
-0.001043
-0.000900
-0.000868
-0.000887
-0.000952
-0.001011
-0.000955
-0.000769
-0.000529
-0.000238
0.000206
0.000769
0.001128
0.001083
0.000934
0.001012
0.001161
0.001078
0.000800
0.000536
0.000329
0.000118
-0.000097
-0.000318
-0.000550
-0.000700
-0.000694
-0.000616
-0.000614
-0.000698
-0.000711
-0.000582
-0.000408
-0.000043
0.000759
0.001605
0.001887
0.001839
0.002013
0.002226
0.002016
0.001386
0.000592
-0.000140
-0.000694
-0.001235
-0.001929
-0.002563
-0.002909
-0.003102
-0.003255
-0.003158
-0.002643
-0.001881
-0.001112
-0.000317
0.000575
0.001416
0.002106
0.002747
0.003268
0.003362
0.003013
0.002617
0.002367
0.001967
0.001248
0.000535
0.000041
-0.000437
-0.000981
-0.001407
-0.001711
-0.002029
-0.002326
-0.002493
-0.002529
-0.002485
-0.002345
-0.002031
-0.001559
-0.001091
-0.000741
-0.000432
0.000009
0.000669
0.001453
0.002200
0.002827
0.003212
0.003219
0.002969
0.002730
0.002504
0.002110
0.001559
0.000973
0.000357
-0.000257
-0.000755
-0.001205
-0.001810
-0.002480
-0.002865
-0.002900
-0.002837
-0.002686
-0.002257
-0.001636
-0.001056
-0.000531
0.000019
0.000557
0.001019
0.001401
0.001720
0.001953
0.002002
0.001839
0.001609
0.001420
0.001206
0.000880
0.000480
0.000079
-0.000333
-0.000821
-0.001335
-0.001681
-0.001742
-0.001597
-0.001371
-0.001116
-0.000838
-0.000545
-0.000276
-0.000132
-0.000114
0.000063
0.000669
0.001462
0.001906
0.001914
0.001882
0.002009
0.002046
0.001734
0.001134
0.000450
-0.000213
-0.000845
-0.001464
-0.002066
-0.002566
-0.002810
-0.002743
-0.002434
-0.001893
-0.001112
-0.000292
0.000305
0.000628
0.000796
0.000915
0.000972
0.000894
0.000720
0.000652
0.000873
0.001303
0.001633
0.001687
0.001664
0.001796
0.001892
0.001593
0.000880
0.000002
-0.000816
-0.001449
-0.001902
-0.002278
-0.002608
-0.002829
-0.002905
-0.002822
-0.002520
-0.001964
-0.001268
-0.000578
0.000111
0.000828
0.001477
0.001978
0.002369
0.002686
0.002915
0.003056
0.003065
0.002845
0.002376
0.001736
0.000988
0.000174
-0.000607
-0.001235
-0.001664
-0.001962
-0.002242
-0.002535
-0.002727
-0.002701
-0.002471
-0.002135
-0.001765
-0.001358
-0.000875
-0.000319
0.000266
0.000854
0.001406
0.001859
0.002188
0.002407
0.002503
0.002450
0.002249
0.001907
0.001445
0.000931
0.000448
0.000007
-0.000442
-0.000910
-0.001304
-0.001529
-0.001631
-0.001715
-0.001823
-0.001903
-0.001797
-0.001419
-0.000966
-0.000601
-0.000173
0.000404
0.000902
0.001166
0.001296
0.001349
0.001302
0.001189
0.001027
0.000786
0.000533
0.000385
0.000332
0.000242
0.000051
-0.000173
-0.000385
-0.000615
-0.000853
-0.001079
-0.001301
-0.001463
-0.001465
-0.001289
-0.000981
-0.000596
-0.000188
0.000235
0.000686
0.001112
0.001409
0.001519
0.001463
0.001312
0.001116
0.000885
0.000641
0.000396
0.000112
-0.000247
-0.000649
-0.001045
-0.001391
-0.001605
-0.001599
-0.001401
-0.001110
-0.000757
-0.000367
-0.000007
0.000324
0.000659
0.000953
0.001154
0.001270
0.001314
0.001261
0.001083
0.000817
0.000562
0.000375
0.000219
0.000060
-0.000061
-0.000133
-0.000241
-0.000427
-0.000598
-0.000692
-0.000807
-0.001017
-0.001210
-0.001247
-0.001123
-0.000908
-0.000644
-0.000337
-0.000005
0.000306
0.000538
0.000676
0.000733
0.000733
0.000700
0.000664
0.000674
0.000664
0.000452
0.000144
0.000076
0.000219
0.000206
-0.000017
-0.000135
-0.000054
-0.000021
-0.000130
-0.000195
-0.000155
-0.000110
-0.000072
-0.000042
-0.000088
-0.000156
-0.000142
-0.000095
-0.000103
-0.000145
-0.000179
-0.000213
-0.000264
-0.000290
-0.000208
-0.000007
0.000217
0.000369
0.000424
0.000391
0.000268
0.000072
-0.000112
-0.000212
-0.000269
-0.000352
-0.000440
-0.000446
-0.000313
-0.000112
0.000045
0.000166
0.000294
0.000363
0.000329
0.000269
0.000216
0.000078
-0.000189
-0.000488
-0.000700
-0.000786
-0.000748
-0.000592
-0.000325
-0.000007
0.000258
0.000432
0.000559
0.000654
0.000696
0.000679
0.000640
0.000640
0.000657
0.000616
0.000502
0.000355
0.000201
0.000048
-0.000117
-0.000271
-0.000341
-0.000326
-0.000349
-0.000469
-0.000585
-0.000625
-0.000648
-0.000703
-0.000735
-0.000695
-0.000593
-0.000436
-0.000216
0.000011
0.000176
0.000296
0.000429
0.000578
0.000719
0.000840
0.000895
0.000822
0.000646
0.000499
0.000435
0.000348
0.000166
-0.000045
-0.000224
-0.000354
-0.000404
-0.000400
-0.000424
-0.000473
-0.000445
-0.000334
-0.000267
-0.000279
-0.000269
-0.000191
-0.000087
-0.000010
-0.000016
-0.000084
-0.000088
-0.000003
0.000044
0.000035
0.000089
0.000212
0.000258
0.000149
-0.000011
-0.000070
-0.000018
0.000013
-0.000059
-0.000147
-0.000137
-0.000053
0.000014
0.000042
0.000067
0.000117
0.000191
0.000224
0.000147
0.000030
0.000000
0.000027
-0.000035
-0.000217
-0.000403
-0.000461
-0.000384
-0.000242
-0.000037
0.000237
0.000490
0.000609
0.000578
0.000466
0.000329
0.000187
0.000088
0.000022
-0.000077
-0.000102
0.000110
0.000400
0.000470
0.000327
0.000207
0.000175
0.000076
-0.000133
-0.000310
-0.000421
-0.000569
-0.000726
-0.000780
-0.000721
-0.000586
-0.000419
-0.000305
-0.000301
-0.000354
-0.000328
-0.000186
-0.000042
0.000040
0.000147
0.000335
0.000475
0.000443
0.000365
0.000409
0.000526
0.000577
0.000536
0.000476
0.000505
0.000633
0.000679
0.000470
0.000113
-0.000127
-0.000173
-0.000196
-0.000345
-0.000545
-0.000633
-0.000587
-0.000503
-0.000442
-0.000429
-0.000443
-0.000397
-0.000260
-0.000104
0.000054
0.000272
0.000468
0.000477
0.000302
0.000105
-0.000001
-0.000050
-0.000116
-0.000167
-0.000132
-0.000040
0.000024
0.000059
0.000093
0.000092
0.000059
0.000067
0.000092
0.000053
-0.000030
-0.000088
-0.000140
-0.000238
-0.000380
-0.000492
-0.000473
-0.000256
0.000110
0.000426
0.000525
0.000496
0.000509
0.000531
0.000448
0.000277
0.000135
0.000081
0.000049
-0.000006
-0.000007
0.000075
0.000147
0.000134
0.000054
-0.000037
-0.000113
-0.000206
-0.000353
-0.000544
-0.000700
-0.000703
-0.000527
-0.000311
-0.000167
-0.000022
0.000199
0.000422
0.000548
0.000548
0.000437
0.000249
0.000028
-0.000132
-0.000144
-0.000049
0.000046
0.000116
0.000171
0.000182
0.000147
0.000119
0.000099
0.000048
-0.000031
-0.000102
-0.000122
-0.000078
-0.000031
-0.000011
0.000031
0.000110
0.000164
0.000168
0.000164
0.000161
0.000103
-0.000039
-0.000237
-0.000466
-0.000680
-0.000797
-0.000812
-0.000796
-0.000761
-0.000654
-0.000441
-0.000157
0.000119
0.000332
0.000450
0.000505
0.000575
0.000679
0.000734
0.000622
0.000344
0.000095
0.000040
0.000098
0.000102
0.000053
0.000031
0.000008
-0.000107
-0.000275
-0.000321
-0.000199
-0.000084
-0.000118
-0.000215
-0.000205
-0.000046
0.000182
0.000390
0.000517
0.000552
0.000548
0.000531
0.000466
0.000346
0.000191
0.000029
-0.000109
-0.000202
-0.000256
-0.000312
-0.000401
-0.000465
-0.000451
-0.000407
-0.000365
-0.000283
-0.000180
-0.000146
-0.000181
-0.000183
-0.000090
0.000050
0.000139
0.000144
0.000124
0.000132
0.000149
0.000144
0.000125
0.000111
0.000090
0.000050
0.000005
-0.000033
-0.000050
-0.000007
0.000082
0.000135
0.000130
0.000122
0.000119
0.000090
0.000040
0.000000
-0.000008
-0.000012
-0.000069
-0.000172
-0.000206
-0.000098
0.000055
0.000101
0.000031
-0.000042
-0.000049
-0.000053
-0.000120
-0.000199
-0.000198
-0.000128
-0.000079
-0.000106
-0.000165
-0.000197
-0.000221
-0.000277
-0.000324
-0.000295
-0.000172
0.000002
0.000134
0.000199
0.000296
0.000458
0.000584
0.000603
0.000558
0.000507
0.000449
0.000339
0.000177
0.000025
-0.000069
-0.000123
-0.000190
-0.000273
-0.000342
-0.000402
-0.000471
-0.000525
-0.000533
-0.000468
-0.000348
-0.000242
-0.000160
-0.000045
0.000093
0.000239
0.000434
0.000622
0.000668
0.000581
0.000482
0.000399
0.000305
0.000202
0.000081
-0.000062
-0.000181
-0.000236
-0.000242
-0.000243
-0.000270
-0.000326
-0.000364
-0.000321
-0.000209
-0.000093
0.000031
0.000179
0.000272
0.000263
0.000215
0.000200
0.000209
0.000187
0.000115
0.000031
-0.000061
-0.000179
-0.000291
-0.000344
-0.000312
-0.000218
-0.000159
-0.000175
-0.000197
-0.000205
-0.000186
-0.000035
0.000227
0.000406
0.000429
0.000385
0.000329
0.000258
0.000181
0.000100
0.000009
-0.000085
-0.000163
-0.000213
-0.000276
-0.000380
-0.000453
-0.000449
-0.000421
-0.000401
-0.000349
-0.000272
-0.000211
-0.000146
0.000001
0.000227
0.000405
0.000452
0.000422
0.000376
0.000327
0.000275
0.000198
0.000109
0.000066
0.000090
0.000164
0.000258
0.000302
0.000239
0.000151
0.000172
0.000230
0.000144
-0.000046
-0.000150
-0.000159
-0.000200
-0.000270
-0.000292
-0.000277
-0.000257
-0.000225
-0.000196
-0.000179
-0.000130
-0.000051
0.000001
0.000023
0.000056
0.000097
0.000095
0.000043
0.000019
0.000081
0.000184
0.000261
0.000283
0.000249
0.000188
0.000136
0.000092
0.000018
-0.000084
-0.000143
-0.000149
-0.000166
-0.000193
-0.000173
-0.000114
-0.000086
-0.000131
-0.000190
-0.000170
-0.000080
0.000007
0.000073
0.000135
0.000161
0.000088
-0.000061
-0.000164
-0.000160
-0.000137
-0.000165
-0.000177
-0.000130
-0.000077
-0.000069
-0.000101
-0.000130
-0.000113
-0.000039
0.000059
0.000137
0.000182
0.000194
0.000180
0.000221
0.000364
0.000501
0.000504
0.000406
0.000285
0.000154
0.000022
-0.000101
-0.000214
-0.000294
-0.000315
-0.000274
-0.000184
-0.000082
-0.000032
-0.000059
-0.000081
-0.000022
0.000047
0.000033
-0.000030
-0.000085
-0.000157
-0.000225
-0.000208
-0.000123
-0.000055
-0.000012
0.000050
0.000131
0.000169
0.000122
0.000044
-0.000007
-0.000050
-0.000071
-0.000014
0.000078
0.000140
0.000239
0.000386
0.000453
0.000396
0.000305
0.000231
0.000155
0.000039
-0.000104
-0.000184
-0.000233
-0.000426
-0.000718
-0.000825
-0.000649
-0.000375
-0.000188
-0.000085
0.000020
0.000125
0.000175
0.000191
0.000223
0.000241
0.000185
0.000074
-0.000008
-0.000004
0.000082
0.000179
0.000208
0.000197
0.000266
0.000413
0.000454
0.000286
0.000063
-0.000029
-0.000017
-0.000030
-0.000098
-0.000167
-0.000198
-0.000198
-0.000209
-0.000248
-0.000279
-0.000246
-0.000147
-0.000048
-0.000051
-0.000172
-0.000265
-0.000201
-0.000058
0.000031
0.000073
0.000117
0.000123
0.000050
-0.000029
-0.000020
0.000048
0.000086
0.000070
0.000037
0.000021
0.000040
0.000058
0.000023
-0.000024
0.000008
0.000088
0.000121
0.000102
0.000093
0.000091
0.000043
-0.000041
-0.000082
-0.000039
0.000053
0.000145
0.000202
0.000201
0.000163
0.000145
0.000167
0.000194
0.000180
0.000118
0.000033
-0.000059
-0.000168
-0.000284
-0.000364
-0.000389
-0.000380
-0.000356
-0.000292
-0.000170
-0.000069
-0.000068
-0.000130
-0.000172
-0.000147
-0.000056
0.000075
0.000195
0.000254
0.000254
0.000233
0.000191
0.000117
0.000071
0.000101
0.000147
0.000136
0.000113
0.000121
0.000089
-0.000020
-0.000121
-0.000139
-0.000089
-0.000069
-0.000131
-0.000201
-0.000202
-0.000176
-0.000178
-0.000162
-0.000098
-0.000050
-0.000045
-0.000005
0.000104
0.000234
0.000314
0.000319
0.000298
0.000297
0.000272
0.000189
0.000079
-0.000021
-0.000098
-0.000164
-0.000252
-0.000327
-0.000301
-0.000173
-0.000057
-0.000039
-0.000101
-0.000146
-0.000092
0.000025
0.000093
0.000100
0.000140
0.000203
0.000191
0.000129
0.000133
0.000196
0.000236
0.000238
0.000195
0.000062
-0.000098
-0.000096
0.000094
0.000222
0.000147
0.000009
-0.000081
-0.000176
-0.000295
-0.000350
-0.000295
-0.000209
-0.000166
-0.000138
-0.000102
-0.000115
-0.000194
-0.000277
-0.000314
-0.000292
-0.000199
-0.000045
0.000118
0.000242
0.000285
0.000215
0.000077
-0.000028
-0.000061
-0.000050
-0.000026
0.000026
0.000120
0.000190
0.000170
0.000097
0.000048
0.000063
0.000132
0.000205
0.000217
0.000139
0.000031
-0.000028
-0.000011
0.000032
0.000003
-0.000092
-0.000131
-0.000074
-0.000012
-0.000013
-0.000050
-0.000077
-0.000087
-0.000057
0.000022
0.000076
0.000059
0.000048
0.000080
0.000086
0.000056
0.000065
0.000113
0.000117
0.000047
-0.000032
-0.000065
-0.000071
-0.000092
-0.000121
-0.000114
-0.000077
-0.000058
-0.000067
-0.000107
-0.000182
-0.000220
-0.000160
-0.000029
0.000092
0.000152
0.000173
0.000191
0.000193
0.000182
0.000187
0.000201
0.000173
0.000093
0.000010
-0.000052
-0.000095
-0.000120
-0.000135
-0.000144
-0.000138
-0.000108
-0.000049
0.000016
0.000023
-0.000045
-0.000125
-0.000160
-0.000143
-0.000076
0.000014
0.000062
0.000053
0.000061
0.000144
0.000227
0.000199
0.000090
0.000018
0.000004
-0.000015
-0.000064
-0.000127
-0.000158
-0.000113
-0.000045
-0.000041
-0.000059
-0.000031
-0.000022
-0.000080
-0.000110
-0.000022
0.000106
0.000127
0.000026
-0.000061
-0.000030
0.000062
0.000107
0.000096
0.000092
0.000120
0.000142
0.000115
0.000043
-0.000035
-0.000094
-0.000133
-0.000132
-0.000073
-0.000026
-0.000046
-0.000060
-0.000022
0.000011
0.000013
0.000014
0.000018
0.000009
0.000009
0.000023
-0.000059
-0.000265
-0.000379
-0.000267
-0.000107
-0.000053
-0.000015
0.000101
0.000230
0.000293
0.000302
0.000265
0.000209
0.000221
0.000300
0.000328
0.000260
0.000158
0.000064
-0.000036
-0.000107
-0.000084
-0.000018
-0.000033
-0.000123
-0.000174
-0.000151
-0.000118
-0.000111
-0.000110
-0.000122
-0.000163
-0.000199
-0.000189
-0.000162
-0.000136
-0.000062
0.000072
0.000169
0.000175
0.000175
0.000210
0.000193
0.000084
-0.000048
-0.000129
-0.000127
-0.000072
-0.000057
-0.000144
-0.000274
-0.000322
-0.000255
-0.000160
-0.000104
-0.000064
-0.000000
0.000089
0.000176
0.000224
0.000241
0.000289
0.000365
0.000361
0.000209
0.000007
-0.000092
-0.000073
-0.000059
-0.000131
-0.000243
-0.000310
-0.000292
-0.000208
-0.000099
-0.000002
0.000085
0.000175
0.000250
0.000285
0.000276
0.000214
0.000133
0.000091
0.000052
-0.000051
-0.000143
-0.000127
-0.000062
-0.000021
-0.000003
-0.000033
-0.000122
-0.000194
-0.000189
-0.000136
-0.000075
-0.000044
-0.000076
-0.000132
-0.000122
-0.000039
0.000047
0.000121
0.000225
0.000324
0.000332
0.000236
0.000078
-0.000066
-0.000101
-0.000025
0.000034
-0.000026
-0.000136
-0.000156
-0.000079
-0.000034
-0.000061
-0.000072
-0.000043
-0.000048
-0.000077
-0.000050
0.000009
0.000020
-0.000025
-0.000058
-0.000011
0.000068
0.000093
0.000101
0.000141
0.000169
0.000170
0.000175
0.000171
0.000123
0.000012
-0.000130
-0.000222
-0.000238
-0.000213
-0.000159
-0.000073
0.000013
0.000068
0.000077
0.000036
-0.000030
-0.000055
-0.000007
0.000058
0.000076
0.000049
-0.000010
-0.000085
-0.000143
-0.000183
-0.000198
-0.000069
0.000239
0.000515
0.000592
0.000532
0.000393
0.000178
-0.000051
-0.000208
-0.000266
-0.000260
-0.000240
-0.000217
-0.000170
-0.000121
-0.000128
-0.000198
-0.000300
-0.000408
-0.000466
-0.000407
-0.000255
-0.000116
-0.000022
0.000084
0.000195
0.000224
0.000173
0.000155
0.000214
0.000274
0.000281
0.000272
0.000259
0.000188
0.000032
-0.000122
-0.000147
-0.000035
0.000118
0.000243
0.000272
0.000167
0.000018
-0.000066
-0.000107
-0.000162
-0.000162
-0.000048
0.000051
0.000004
-0.000104
-0.000104
0.000006
0.000072
0.000027
-0.000025
0.000004
0.000066
0.000055
-0.000040
-0.000085
-0.000010
0.000052
-0.000007
-0.000095
-0.000088
-0.000008
0.000034
-0.000001
-0.000028
0.000040
0.000143
0.000140
0.000026
-0.000059
-0.000072
-0.000096
-0.000146
-0.000149
-0.000119
-0.000137
-0.000202
-0.000228
-0.000162
-0.000059
0.000021
0.000091
0.000174
0.000244
0.000264
0.000236
0.000180
0.000129
0.000118
0.000118
0.000100
0.000084
0.000053
-0.000015
-0.000053
-0.000019
-0.000004
-0.000073
-0.000152
-0.000153
-0.000092
-0.000060
-0.000107
-0.000183
-0.000191
-0.000104
0.000003
0.000052
0.000049
0.000051
0.000077
0.000085
0.000054
0.000022
-0.000014
-0.000083
-0.000126
-0.000079
0.000018
0.000098
0.000130
0.000118
0.000091
0.000081
0.000093
0.000109
0.000110
0.000071
-0.000006
-0.000073
-0.000112
-0.000140
-0.000135
-0.000070
0.000003
0.000012
-0.000036
-0.000082
-0.000080
-0.000040
-0.000015
0.000005
0.000068
0.000127
0.000117
0.000056
-0.000015
-0.000074
-0.000102
-0.000108
-0.000096
-0.000060
-0.000076
-0.000199
-0.000303
-0.000264
-0.000175
-0.000168
-0.000184
-0.000095
0.000096
0.000299
0.000454
0.000522
0.000493
0.000419
0.000361
0.000303
0.000205
0.000108
0.000059
0.000021
-0.000029
-0.000062
-0.000067
-0.000065
-0.000081
-0.000128
-0.000174
-0.000172
-0.000150
-0.000153
-0.000166
-0.000178
-0.000205
-0.000218
-0.000175
-0.000110
-0.000061
0.000006
0.000112
0.000201
0.000230
0.000236
0.000251
0.000207
0.000063
-0.000077
-0.000138
-0.000182
-0.000246
-0.000275
-0.000232
-0.000170
-0.000131
-0.000078
0.000023
0.000124
0.000163
0.000135
0.000070
0.000005
-0.000045
-0.000104
-0.000168
-0.000177
-0.000124
-0.000043
0.000065
0.000183
0.000268
0.000302
0.000278
0.000191
0.000068
-0.000042
-0.000111
-0.000144
-0.000113
0.000001
0.000110
0.000142
0.000140
0.000161
0.000200
0.000224
0.000169
0.000021
-0.000125
-0.000195
-0.000245
-0.000314
-0.000336
-0.000276
-0.000188
-0.000127
-0.000119
-0.000134
-0.000086
0.000012
0.000052
0.000045
0.000113
0.000264
0.000368
0.000336
0.000207
0.000081
0.000014
0.000004
0.000015
0.000001
-0.000046
-0.000085
-0.000100
-0.000106
-0.000109
-0.000103
-0.000118
-0.000163
-0.000161
-0.000078
0.000007
0.000021
-0.000030
-0.000075
-0.000036
0.000060
0.000116
0.000114
0.000093
0.000075
0.000098
0.000149
0.000151
0.000124
0.000143
0.000181
0.000165
0.000082
-0.000031
-0.000130
-0.000186
-0.000202
-0.000186
-0.000157
-0.000151
-0.000163
-0.000142
-0.000084
-0.000031
0.000003
0.000023
0.000038
0.000068
0.000122
0.000166
0.000171
0.000147
0.000104
0.000030
-0.000065
-0.000093
0.000060
0.000305
0.000413
0.000349
0.000249
0.000155
0.000044
-0.000077
-0.000199
-0.000313
-0.000388
-0.000396
-0.000363
-0.000325
-0.000276
-0.000221
-0.000196
-0.000181
-0.000156
