6080
-0.000086
-0.000005
0.000112
0.000147
0.000062
-0.000070
-0.000138
-0.000093
0.000001
0.000045
-0.000003
-0.000095
-0.000124
-0.000063
0.000010
0.000047
0.000064
0.000059
0.000029
0.000013
0.000027
0.000072
0.000156
0.000198
0.000095
-0.000088
-0.000196
-0.000175
-0.000086
-0.000004
0.000010
-0.000071
-0.000173
-0.000192
-0.000116
-0.000010
0.000061
0.000049
-0.000031
-0.000069
0.000023
0.000201
0.000294
0.000139
-0.000181
-0.000387
-0.000377
-0.000284
-0.000218
-0.000154
-0.000033
0.000136
0.000256
0.000276
0.000280
0.000339
0.000395
0.000367
0.000253
0.000135
0.000124
0.000196
0.000211
0.000144
0.000073
0.000005
-0.000089
-0.000135
-0.000084
-0.000036
-0.000089
-0.000204
-0.000272
-0.000270
-0.000279
-0.000319
-0.000308
-0.000218
-0.000124
-0.000075
-0.000029
0.000056
0.000163
0.000259
0.000304
0.000260
0.000164
0.000103
0.000080
0.000023
-0.000072
-0.000138
-0.000144
-0.000129
-0.000153
-0.000222
-0.000255
-0.000195
-0.000098
-0.000051
-0.000042
-0.000015
-0.000003
-0.000022
0.000025
0.000140
0.000192
0.000165
0.000155
0.000161
0.000104
0.000003
-0.000025
0.000041
0.000101
0.000106
0.000108
0.000123
0.000078
-0.000047
-0.000137
-0.000110
-0.000032
-0.000003
-0.000039
-0.000075
-0.000072
-0.000074
-0.000096
-0.000071
0.000014
0.000084
0.000106
0.000131
0.000163
0.000133
0.000048
-0.000021
-0.000075
-0.000139
-0.000170
-0.000127
-0.000070
-0.000065
-0.000089
-0.000081
-0.000021
0.000041
0.000026
-0.000035
-0.000016
0.000078
0.000095
0.000013
-0.000005
0.000107
0.000198
0.000155
0.000068
0.000027
-0.000033
-0.000154
-0.000220
-0.000144
-0.000021
0.000052
0.000087
0.000092
0.000054
0.000008
-0.000022
-0.000046
-0.000052
-0.000033
-0.000011
-0.000020
-0.000051
-0.000057
-0.000045
-0.000051
-0.000050
0.000024
0.000183
0.000320
0.000298
0.000142
0.000033
0.000035
0.000013
-0.000104
-0.000201
-0.000196
-0.000164
-0.000173
-0.000165
-0.000097
-0.000027
0.000004
0.000037
0.000072
0.000047
-0.000040
-0.000107
-0.000027
0.000233
0.000490
0.000544
0.000420
0.000274
0.000165
0.000052
-0.000086
-0.000220
-0.000309
-0.000340
-0.000322
-0.000273
-0.000236
-0.000254
-0.000303
-0.000326
-0.000297
-0.000224
-0.000137
-0.000085
-0.000060
0.000002
0.000113
0.000218
0.000271
0.000264
0.000245
0.000258
0.000257
0.000206
0.000156
0.000126
0.000081
0.000020
-0.000033
-0.000075
-0.000126
-0.000172
-0.000166
-0.000104
-0.000050
-0.000021
0.000024
0.000088
0.000116
0.000094
0.000102
0.000170
0.000192
0.000118
0.000039
0.000027
0.000044
0.000018
-0.000065
-0.000154
-0.000182
-0.000177
-0.000201
-0.000176
-0.000037
0.000081
0.000059
0.000001
0.000037
0.000101
0.000088
0.000055
0.000076
0.000090
0.000059
0.000017
-0.000030
-0.000092
-0.000135
-0.000162
-0.000203
-0.000204
-0.000125
-0.000049
-0.000034
-0.000028
0.000035
0.000143
0.000197
0.000150
0.000101
0.000133
0.000165
0.000096
-0.000018
-0.000043
0.000032
0.000065
-0.000022
-0.000093
-0.000049
-0.000017
-0.000093
-0.000148
-0.000082
-0.000001
-0.000025
-0.000113
-0.000143
-0.000077
0.000031
0.000096
0.000080
0.000040
0.000060
0.000129
0.000140
0.000067
-0.000003
-0.000016
0.000018
0.000059
0.000058
0.000019
-0.000013
-0.000009
0.000031
0.000071
0.000064
0.000014
-0.000043
-0.000080
-0.000082
-0.000056
-0.000038
-0.000048
-0.000071
-0.000075
-0.000048
-0.000036
-0.000073
-0.000088
-0.000036
0.000016
0.000029
0.000021
0.000002
-0.000004
0.000028
0.000044
-0.000011
-0.000084
-0.000090
-0.000032
0.000019
0.000015
0.000026
0.000133
0.000278
0.000295
0.000078
-0.000245
-0.000406
-0.000363
-0.000313
-0.000319
-0.000265
-0.000126
0.000010
0.000122
0.000253
0.000388
0.000469
0.000473
0.000419
0.000350
0.000283
0.000207
0.000128
0.000049
-0.000026
-0.000048
-0.000009
0.000002
-0.000060
-0.000136
-0.000176
-0.000177
-0.000136
-0.000103
-0.000135
-0.000199
-0.000238
-0.000249
-0.000248
-0.000234
-0.000208
-0.000142
0.000014
0.000221
0.000331
0.000273
0.000167
0.000145
0.000149
0.000062
-0.000075
-0.000143
-0.000136
-0.000128
-0.000136
-0.000127
-0.000073
-0.000003
0.000014
-0.000029
-0.000044
0.000010
0.000053
0.000004
-0.000098
-0.000160
-0.000120
0.000025
0.000182
0.000226
0.000156
0.000107
0.000133
0.000123
0.000020
-0.000064
-0.000037
0.000037
0.000059
0.000034
0.000012
0.000008
0.000005
-0.000013
-0.000027
-0.000007
0.000015
-0.000016
-0.000057
-0.000045
-0.000018
-0.000035
-0.000080
-0.000108
-0.000121
-0.000138
-0.000132
-0.000047
0.000097
0.000183
0.000148
0.000067
-0.000007
-0.000079
-0.000107
-0.000059
0.000040
0.000159
0.000209
0.000107
-0.000058
-0.000097
0.000029
0.000161
0.000148
0.000017
-0.000071
-0.000043
0.000016
-0.000000
-0.000095
-0.000171
-0.000137
-0.000008
0.000142
0.000225
0.000166
-0.000005
-0.000135
-0.000112
-0.000019
-0.000028
-0.000153
-0.000249
-0.000243
-0.000187
-0.000126
-0.000069
-0.000037
-0.000029
0.000020
0.000114
0.000155
0.000108
0.000069
0.000110
0.000195
0.000258
0.000266
0.000216
0.000145
0.000083
0.000030
0.000003
0.000010
-0.000006
-0.000083
-0.000148
-0.000126
-0.000057
-0.000026
-0.000068
-0.000186
-0.000348
-0.000401
-0.000198
0.000131
0.000318
0.000308
0.000237
0.000180
0.000116
0.000032
-0.000063
-0.000131
-0.000148
-0.000150
-0.000145
-0.000090
0.000000
0.000070
0.000114
0.000147
0.000167
0.000163
0.000113
0.000017
-0.000036
0.000007
0.000042
-0.000039
-0.000156
-0.000173
-0.000126
-0.000161
-0.000278
-0.000355
-0.000360
-0.000339
-0.000284
-0.000186
-0.000091
-0.000039
-0.000025
0.000015
0.000143
0.000300
0.000395
0.000450
0.000501
0.000490
0.000408
0.000345
0.000321
0.000247
0.000093
-0.000032
-0.000041
-0.000006
-0.000036
-0.000105
-0.000142
-0.000167
-0.000213
-0.000228
-0.000218
-0.000244
-0.000235
-0.000096
0.000080
0.000142
0.000063
-0.000085
-0.000216
-0.000274
-0.000298
-0.000351
-0.000392
-0.000348
-0.000235
-0.000114
0.000013
0.000175
0.000331
0.000397
0.000392
0.000402
0.000423
0.000397
0.000330
0.000255
0.000190
0.000161
0.000162
0.000140
0.000079
0.000024
-0.000006
-0.000038
-0.000098
-0.000187
-0.000230
-0.000144
-0.000020
0.000000
-0.000032
-0.000036
-0.000103
-0.000297
-0.000483
-0.000508
-0.000401
-0.000273
-0.000183
-0.000132
-0.000081
0.000000
0.000080
0.000102
0.000075
0.000086
0.000182
0.000267
0.000246
0.000186
0.000163
0.000138
0.000095
0.000075
0.000060
0.000041
0.000058
0.000080
0.000061
0.000059
0.000116
0.000146
0.000098
0.000044
0.000039
0.000037
-0.000015
-0.000109
-0.000210
-0.000279
-0.000300
-0.000326
-0.000383
-0.000361
-0.000201
-0.000018
0.000073
0.000111
0.000164
0.000199
0.000195
0.000202
0.000201
0.000131
0.000027
-0.000019
0.000022
0.000051
-0.000097
-0.000399
-0.000574
-0.000446
-0.000166
0.000037
0.000123
0.000170
0.000235
0.000328
0.000393
0.000350
0.000215
0.000120
0.000145
0.000202
0.000182
0.000111
0.000069
0.000072
0.000097
0.000124
0.000128
0.000100
0.000058
0.000014
-0.000049
-0.000130
-0.000203
-0.000256
-0.000295
-0.000339
-0.000388
-0.000393
-0.000333
-0.000279
-0.000247
-0.000139
0.000055
0.000196
0.000220
0.000201
0.000183
0.000161
0.000138
0.000112
0.000075
0.000026
-0.000037
-0.000112
-0.000200
-0.000283
-0.000297
-0.000200
-0.000048
0.000064
0.000118
0.000194
0.000326
0.000436
0.000435
0.000291
0.000028
-0.000217
-0.000271
-0.000155
-0.000043
0.000007
0.000056
0.000093
0.000100
0.000151
0.000248
0.000246
0.000100
-0.000040
-0.000064
-0.000031
-0.000056
-0.000188
-0.000369
-0.000464
-0.000395
-0.000234
-0.000123
-0.000085
-0.000028
0.000074
0.000120
0.000052
-0.000068
-0.000166
-0.000196
-0.000116
0.000057
0.000206
0.000247
0.000225
0.000218
0.000234
0.000250
0.000244
0.000181
0.000092
0.000059
0.000062
0.000009
-0.000087
-0.000144
-0.000140
-0.000110
-0.000082
-0.000077
-0.000117
-0.000177
-0.000179
-0.000094
-0.000014
-0.000029
-0.000105
-0.000156
-0.000144
-0.000072
0.000023
0.000088
0.000115
0.000138
0.000156
0.000128
0.000051
-0.000012
-0.000004
0.000074
0.000151
0.000141
0.000053
-0.000017
-0.000015
0.000042
0.000114
0.000150
0.000151
0.000181
0.000230
0.000182
0.000031
-0.000119
-0.000219
-0.000288
-0.000320
-0.000268
-0.000157
-0.000103
-0.000130
-0.000132
-0.000071
-0.000027
-0.000031
-0.000061
-0.000077
0.000042
0.000342
0.000614
0.000648
0.000525
0.000428
0.000355
0.000221
0.000075
-0.000026
-0.000153
-0.000334
-0.000459
-0.000475
-0.000461
-0.000482
-0.000511
-0.000490
-0.000426
-0.000377
-0.000319
-0.000188
-0.000039
0.000026
0.000017
0.000017
0.000046
0.000083
0.000151
0.000253
0.000351
0.000397
0.000375
0.000325
0.000277
0.000219
0.000136
0.000014
-0.000145
-0.000266
-0.000254
-0.000113
0.000064
0.000200
0.000287
0.000337
0.000318
0.000210
0.000104
0.000080
0.000081
0.000019
-0.000113
-0.000274
-0.000432
-0.000563
-0.000630
-0.000602
-0.000459
-0.000224
0.000002
0.000125
0.000162
0.000167
0.000121
-0.000033
-0.000252
-0.000364
-0.000243
0.000047
0.000338
0.000546
0.000696
0.000782
0.000740
0.000558
0.000294
0.000026
-0.000143
-0.000123
0.000078
0.000325
0.000459
0.000431
0.000320
0.000205
0.000083
-0.000065
-0.000228
-0.000371
-0.000460
-0.000493
-0.000489
-0.000466
-0.000447
-0.000453
-0.000459
-0.000413
-0.000315
-0.000193
-0.000078
-0.000030
-0.000064
-0.000097
-0.000095
-0.000108
-0.000114
-0.000028
0.000159
0.000339
0.000399
0.000344
0.000274
0.000254
0.000256
0.000240
0.000204
0.000160
0.000122
0.000072
-0.000031
-0.000166
-0.000270
-0.000289
-0.000202
-0.000059
0.000061
0.000119
0.000129
0.000133
0.000176
0.000236
0.000238
0.000140
0.000024
0.000028
0.000145
0.000201
0.000097
-0.000064
-0.000147
-0.000132
-0.000089
-0.000135
-0.000308
-0.000436
-0.000365
-0.000196
-0.000104
-0.000140
-0.000236
-0.000255
-0.000129
0.000029
0.000092
0.000080
0.000071
0.000048
-0.000066
-0.000198
-0.000167
0.000025
0.000170
0.000165
0.000101
0.000063
0.000025
-0.000073
-0.000243
-0.000427
-0.000494
-0.000314
0.000060
0.000398
0.000565
0.000628
0.000664
0.000658
0.000547
0.000228
-0.000278
-0.000669
-0.000620
-0.000185
0.000272
0.000503
0.000516
0.000404
0.000248
0.000081
-0.000136
-0.000422
-0.000627
-0.000477
0.000110
0.000807
0.001188
0.001120
0.000737
0.000272
-0.000057
-0.000204
-0.000324
-0.000554
-0.000787
-0.000776
-0.000442
-0.000046
0.000024
-0.000348
-0.000825
-0.000946
-0.000634
-0.000252
-0.000144
-0.000270
-0.000311
-0.000058
0.000335
0.000503
0.000300
-0.000033
-0.000168
-0.000012
0.000263
0.000382
0.000225
-0.000022
-0.000085
0.000086
0.000289
0.000314
0.000149
-0.000024
-0.000021
0.000136
0.000210
0.000032
-0.000260
-0.000380
-0.000203
0.000144
0.000416
0.000422
0.000186
-0.000045
-0.000067
0.000044
0.000089
0.000028
-0.000009
0.000095
0.000304
0.000429
0.000349
0.000145
-0.000027
-0.000092
-0.000086
-0.000101
-0.000177
-0.000279
-0.000328
-0.000279
-0.000191
-0.000163
-0.000192
-0.000203
-0.000180
-0.000172
-0.000212
-0.000266
-0.000270
-0.000200
-0.000080
0.000059
0.000194
0.000299
0.000325
0.000241
0.000121
0.000082
0.000129
0.000187
0.000240
0.000274
0.000223
0.000100
-0.000019
-0.000139
-0.000279
-0.000367
-0.000390
-0.000466
-0.000600
-0.000582
-0.000291
0.000074
0.000283
0.000344
0.000357
0.000392
0.000459
0.000397
0.000009
-0.000587
-0.000939
-0.000714
-0.000069
0.000524
0.000731
0.000588
0.000377
0.000292
0.000284
0.000199
-0.000043
-0.000294
-0.000126
0.000680
0.001613
0.001879
0.001325
0.000490
-0.000096
-0.000330
-0.000416
-0.000587
-0.000852
-0.000957
-0.000673
-0.000156
0.000074
-0.000329
-0.001098
-0.001609
-0.001509
-0.000983
-0.000463
-0.000215
-0.000174
-0.000066
0.000280
0.000669
0.000691
0.000249
-0.000237
-0.000261
0.000212
0.000727
0.000834
0.000516
0.000136
0.000034
0.000195
0.000298
0.000106
-0.000252
-0.000432
-0.000252
0.000141
0.000365
0.000166
-0.000245
-0.000376
-0.000066
0.000350
0.000495
0.000310
0.000028
-0.000047
0.000175
0.000413
0.000331
0.000011
-0.000139
0.000033
0.000270
0.000297
0.000106
-0.000136
-0.000231
-0.000132
0.000003
0.000030
-0.000037
-0.000125
-0.000177
-0.000152
-0.000084
-0.000110
-0.000269
-0.000360
-0.000237
-0.000075
-0.000107
-0.000329
-0.000538
-0.000534
-0.000302
-0.000018
0.000150
0.000202
0.000237
0.000311
0.000384
0.000351
0.000182
0.000007
-0.000022
0.000084
0.000185
0.000183
0.000119
0.000090
0.000130
0.000200
0.000234
0.000183
0.000072
-0.000009
0.000007
0.000072
0.000006
-0.000369
-0.000963
-0.001348
-0.001157
-0.000530
0.000036
0.000300
0.000432
0.000569
0.000607
0.000454
0.000073
-0.000579
-0.001216
-0.001199
-0.000287
0.000887
0.001473
0.001321
0.000926
0.000656
0.000440
0.000111
-0.000335
-0.000706
-0.000608
0.000238
0.001444
0.002080
0.001600
0.000404
-0.000635
-0.001015
-0.000888
-0.000717
-0.000760
-0.000819
-0.000473
0.000328
0.000919
0.000522
-0.000719
-0.001769
-0.001848
-0.001106
-0.000191
0.000366
0.000410
0.000222
0.000280
0.000661
0.000778
0.000042
-0.001168
-0.001675
-0.000906
0.000396
0.001101
0.000856
0.000204
-0.000105
0.000187
0.000643
0.000600
-0.000041
-0.000601
-0.000361
0.000541
0.001229
0.001009
0.000083
-0.000616
-0.000393
0.000367
0.000641
0.000068
-0.000650
-0.000699
-0.000008
0.000793
0.000907
0.000134
-0.000731
-0.000721
0.000020
0.000337
-0.000387
-0.001523
-0.002511
-0.003697
-0.004818
-0.003861
0.000640
0.006597
0.009935
0.009292
0.007351
0.006998
0.007363
0.004959
-0.001440
-0.008466
-0.011768
-0.010929
-0.008957
-0.007897
-0.007086
-0.005160
-0.002118
0.000522
0.001167
0.000146
-0.000347
0.000961
0.002883
0.003894
0.004483
0.005971
0.007901
0.008345
0.006391
0.003124
0.000490
-0.000356
-0.000071
-0.000287
-0.001198
-0.001129
0.000626
0.002011
0.000609
-0.003228
-0.006835
-0.008170
-0.007866
-0.008666
-0.012026
-0.014698
-0.011066
-0.001059
0.007354
0.007555
0.003448
0.003981
0.010464
0.015303
0.012768
0.005829
0.001918
0.005185
0.012902
0.017515
0.013509
0.003843
-0.002680
-0.002266
-0.001041
-0.005999
-0.014623
-0.018447
-0.014502
-0.008005
-0.005009
-0.007005
-0.011676
-0.015100
-0.014250
-0.010134
-0.006759
-0.005387
-0.002878
0.002718
0.008801
0.012338
0.013532
0.013418
0.011761
0.009679
0.010318
0.014037
0.016586
0.014862
0.010903
0.007932
0.006128
0.003986
0.000413
-0.005184
-0.011536
-0.014837
-0.013255
-0.010676
-0.011771
-0.015262
-0.016579
-0.015068
-0.013643
-0.012894
-0.010777
-0.007131
-0.003514
0.000516
0.006299
0.012421
0.016048
0.016676
0.016101
0.016051
0.016883
0.017189
0.014940
0.010454
0.006816
0.005616
0.004266
-0.000177
-0.006630
-0.011727
-0.014023
-0.014695
-0.015447
-0.016573
-0.016575
-0.014211
-0.010698
-0.008063
-0.006064
-0.003299
-0.000067
0.002629
0.005242
0.008344
0.010948
0.012003
0.011844
0.011352
0.010920
0.010164
0.008173
0.004989
0.002381
0.001476
0.000833
-0.001157
-0.003697
-0.005291
-0.006077
-0.006833
-0.007475
-0.007659
-0.007470
-0.006968
-0.006074
-0.004818
-0.003245
-0.001557
-0.000193
0.000922
0.002431
0.004208
0.005205
0.005190
0.005080
0.005050
0.004179
0.002478
0.001283
0.001218
0.001353
0.000727
-0.000450
-0.001278
-0.001173
-0.000425
-0.000195
-0.003079
-0.013404
-0.029657
-0.034585
-0.011985
0.020551
0.027863
0.013274
0.013791
0.034138
0.039813
0.020118
0.002280
-0.000162
-0.002631
-0.010948
-0.010208
0.001642
0.003296
-0.014377
-0.030026
-0.026387
-0.017538
-0.021703
-0.032030
-0.032846
-0.021673
-0.004246
0.012259
0.020233
0.020268
0.020901
0.023734
0.023411
0.021378
0.022092
0.021114
0.014111
0.009608
0.015661
0.021302
0.010344
-0.011001
-0.022424
-0.021800
-0.023622
-0.029909
-0.030369
-0.025185
-0.021804
-0.017899
-0.008442
0.000810
0.002057
-0.001478
-0.000762
0.006892
0.016178
0.021110
0.021489
0.022544
0.027274
0.030566
0.026066
0.015965
0.006020
-0.003151
-0.011229
-0.014710
-0.014731
-0.016870
-0.021325
-0.023355
-0.021160
-0.017453
-0.015946
-0.016469
-0.013659
-0.004919
0.004689
0.010985
0.015732
0.019682
0.020690
0.019473
0.018483
0.016729
0.011782
0.004769
-0.000303
-0.001572
-0.001915
-0.004933
-0.009489
-0.011882
-0.011983
-0.012299
-0.012740
-0.011283
-0.008024
-0.004484
-0.000623
0.004071
0.007830
0.008245
0.006187
0.004840
0.005071
0.004944
0.003525
0.002103
0.001616
0.001383
0.000812
0.000380
0.000221
-0.000402
-0.001453
-0.001886
-0.001200
0.000053
0.000321
-0.001655
-0.004137
-0.004412
-0.003514
-0.003716
-0.004379
-0.004771
-0.005095
-0.003564
0.000623
0.004065
0.004312
0.003508
0.003798
0.001450
-0.010533
-0.025958
-0.021680
0.006882
0.027820
0.022682
0.018277
0.033861
0.043799
0.026644
0.003167
-0.004298
-0.007833
-0.021773
-0.029822
-0.016397
-0.002703
-0.013123
-0.030543
-0.026903
-0.013048
-0.015714
-0.028979
-0.028129
-0.012003
0.001993
0.010461
0.022753
0.036350
0.039282
0.032516
0.028000
0.027805
0.022906
0.009556
-0.003740
-0.005548
0.002410
0.004666
-0.005743
-0.017256
-0.020594
-0.022861
-0.030314
-0.034191
-0.027600
-0.019880
-0.017821
-0.010752
0.007585
0.022272
0.020708
0.013685
0.015616
0.020864
0.017433
0.010382
0.012258
0.019193
0.018103
0.011463
0.010029
0.008565
-0.004052
-0.020753
-0.026952
-0.024226
-0.023671
-0.025183
-0.019910
-0.008434
-0.001335
-0.001471
-0.000492
0.004425
0.006380
0.004588
0.007263
0.015188
0.019148
0.016402
0.014197
0.014892
0.011800
0.002432
-0.006184
-0.009013
-0.009742
-0.011759
-0.011773
-0.007744
-0.004430
-0.005083
-0.005708
-0.003263
-0.001405
-0.002694
-0.003027
0.001001
0.005892
0.007177
0.006189
0.006187
0.006133
0.003521
-0.000014
-0.001339
-0.001256
-0.002082
-0.002559
-0.000513
0.002098
0.002057
0.000401
0.000248
0.001228
0.000630
-0.001387
-0.002180
-0.001342
-0.000925
-0.001679
-0.002490
-0.002846
-0.003397
-0.004374
-0.004656
-0.003326
-0.001568
-0.000450
0.001521
0.004882
0.006890
0.006370
0.005730
0.004770
-0.003143
-0.021185
-0.034062
-0.021099
0.007712
0.020681
0.017077
0.025325
0.045352
0.046124
0.022179
0.001500
-0.004019
-0.011245
-0.025536
-0.028112
-0.014793
-0.009485
-0.021554
-0.027313
-0.013994
-0.004352
-0.015831
-0.030137
-0.025437
-0.009433
0.000936
0.008669
0.023546
0.038763
0.042485
0.037910
0.033850
0.028345
0.015512
-0.000906
-0.010350
-0.008734
-0.004675
-0.008709
-0.017336
-0.018301
-0.012257
-0.012750
-0.022269
-0.027848
-0.024083
-0.019598
-0.016510
-0.005744
0.011852
0.022096
0.020998
0.020374
0.024861
0.024339
0.014838
0.007208
0.008465
0.011325
0.008390
0.003121
0.000500
-0.002804
-0.010989
-0.019274
-0.021455
-0.021019
-0.023039
-0.022368
-0.013228
-0.001822
0.003471
0.004987
0.008430
0.012092
0.011825
0.009382
0.009053
0.010362
0.009968
0.008262
0.007841
0.007179
0.002770
-0.003730
-0.007486
-0.008268
-0.009637
-0.011559
-0.010368
-0.005716
-0.001499
0.000381
0.001692
0.003033
0.002673
0.000944
0.000638
0.002029
0.002341
0.000989
0.000585
0.001868
0.002239
0.000455
-0.001313
-0.001366
-0.000889
-0.001033
-0.000681
0.001022
0.002557
0.002644
0.002510
0.003196
0.003112
0.000872
-0.001859
-0.002900
-0.002789
-0.003311
-0.004426
-0.004669
-0.003668
-0.002755
-0.002887
-0.002928
-0.001550
0.000282
0.001297
0.002491
0.004767
0.006444
0.005972
0.003562
-0.003875
-0.020121
-0.033095
-0.021741
0.006265
0.019381
0.016785
0.027486
0.049752
0.050121
0.024428
0.004251
0.001598
-0.004945
-0.024601
-0.036503
-0.029613
-0.022966
-0.027667
-0.025896
-0.009028
0.000321
-0.012624
-0.026906
-0.020338
-0.003874
0.002355
0.003899
0.016550
0.034981
0.043365
0.041643
0.038963
0.034939
0.023823
0.006910
-0.008415
-0.017021
-0.020929
-0.025117
-0.027598
-0.021543
-0.010828
-0.009342
-0.018200
-0.021567
-0.013523
-0.007839
-0.011141
-0.010231
0.002406
0.014956
0.019418
0.024125
0.032714
0.033918
0.022468
0.009919
0.005493
0.002715
-0.005850
-0.013598
-0.011406
-0.005304
-0.007184
-0.014151
-0.015118
-0.011448
-0.011954
-0.014888
-0.012558
-0.006108
-0.001467
0.002348
0.009541
0.017011
0.017662
0.012450
0.009089
0.008939
0.006247
0.000591
-0.001998
-0.000415
0.000082
-0.002320
-0.003879
-0.003117
-0.003263
-0.005728
-0.007261
-0.005887
-0.004176
-0.003678
-0.001773
0.002458
0.005025
0.003548
0.001371
0.001403
0.001450
-0.000682
-0.002676
-0.001915
0.000009
0.000527
0.000546
0.002048
0.003828
0.003559
0.002098
0.001739
0.002010
0.001123
-0.000107
0.000189
0.001026
0.000204
-0.001630
-0.002351
-0.002180
-0.002876
-0.004417
-0.005115
-0.004507
-0.003823
-0.003177
-0.001305
0.001037
0.001703
0.001458
0.002655
0.004531
0.004806
0.003947
0.003682
0.003477
0.000055
-0.011289
-0.028123
-0.032737
-0.013497
0.009469
0.014541
0.017672
0.037901
0.054216
0.042162
0.019238
0.012575
0.012322
-0.005570
-0.033083
-0.042871
-0.034341
-0.029688
-0.031213
-0.022522
-0.007008
-0.005121
-0.016066
-0.017737
-0.004899
0.003360
-0.001039
-0.000735
0.015252
0.032265
0.037007
0.037485
0.042115
0.042847
0.030430
0.009605
-0.007883
-0.017156
-0.023115
-0.030350
-0.034484
-0.029908
-0.021622
-0.017922
-0.015525
-0.006947
0.001668
-0.001060
-0.009142
-0.006881
0.004126
0.009585
0.009885
0.017163
0.029364
0.032533
0.025406
0.019417
0.017040
0.008958
-0.007282
-0.020639
-0.023051
-0.021099
-0.021963
-0.019686
-0.009426
-0.000952
-0.002207
-0.005118
-0.001183
0.004043
0.002909
-0.000153
0.003106
0.009913
0.011802
0.010054
0.011445
0.013327
0.008517
-0.000447
-0.005560
-0.006259
-0.007649
-0.010048
-0.008996
-0.004440
-0.001693
-0.001903
-0.000426
0.003275
0.003881
0.000413
-0.001555
0.000310
0.001817
0.000617
-0.000034
0.001663
0.002439
0.000317
-0.001759
-0.001542
-0.001186
-0.002427
-0.002945
-0.000818
0.001644
0.002142
0.002511
0.004611
0.006110
0.004541
0.001788
0.000657
0.000258
-0.001604
-0.004018
-0.004508
-0.003382
-0.002984
-0.003567
-0.003347
-0.002061
-0.001374
-0.001744
-0.001509
0.000068
0.001316
0.001207
0.001288
0.002705
0.003826
0.003164
0.002399
0.002735
-0.000795
-0.014277
-0.029670
-0.027510
-0.007402
0.007011
0.009620
0.021298
0.043549
0.049995
0.035306
0.024983
0.027245
0.018547
-0.011744
-0.039051
-0.042374
-0.035378
-0.037114
-0.039124
-0.027452
-0.012105
-0.008723
-0.011076
-0.004696
0.006339
0.007483
0.000529
0.001091
0.012125
0.021742
0.026331
0.033385
0.042198
0.042065
0.029907
0.015219
0.005899
-0.002124
-0.016516
-0.033935
-0.042426
-0.038679
-0.032024
-0.027937
-0.020019
-0.005382
0.005219
0.003920
0.000233
0.004935
0.011419
0.009359
0.004586
0.007807
0.015558
0.018934
0.020067
0.024702
0.027761
0.020593
0.006326
-0.004837
-0.011490
-0.020078
-0.030551
-0.035227
-0.032171
-0.027564
-0.022472
-0.010735
0.006227
0.017568
0.019682
0.019814
0.021565
0.020622
0.015385
0.010463
0.008253
0.005473
0.000496
-0.002825
-0.002341
-0.002599
-0.007650
-0.014042
-0.016572
-0.016166
-0.015922
-0.014109
-0.008033
-0.000528
0.004312
0.007714
0.012488
0.016658
0.016224
0.011606
0.006695
0.002900
-0.001317
-0.005513
-0.007078
-0.006192
-0.005776
-0.006262
-0.005229
-0.002319
-0.000099
0.000363
0.000896
0.002395
0.003247
0.002823
0.002962
0.004347
0.004762
0.002805
0.000356
-0.000622
-0.001233
-0.003221
-0.005515
-0.005984
-0.004880
-0.003750
-0.002604
-0.000537
0.002071
0.003767
0.004196
0.004552
0.004986
0.003779
0.000606
-0.002427
-0.004071
-0.005209
-0.007925
-0.014983
-0.024108
-0.023816
-0.008968
0.006195
0.011248
0.018460
0.034878
0.043875
0.036833
0.030159
0.031973
0.024827
-0.000719
-0.025038
-0.030604
-0.029019
-0.036235
-0.043351
-0.036051
-0.022732
-0.018532
-0.018478
-0.009184
0.005079
0.008935
0.002448
0.001347
0.011003
0.019675
0.021121
0.023668
0.031405
0.035621
0.030844
0.023533
0.019346
0.013646
0.000464
-0.016641
-0.028833
-0.033279
-0.034276
-0.034535
-0.031220
-0.022492
-0.012964
-0.007379
-0.002680
0.005757
0.013460
0.013170
0.008519
0.008687
0.013015
0.014411
0.013792
0.017118
0.021864
0.020383
0.013801
0.009492
0.007100
-0.000350
-0.012839
-0.022597
-0.026369
-0.028111
-0.029374
-0.026353
-0.018340
-0.010669
-0.005822
0.000245
0.009435
0.017793
0.022294
0.023658
0.023307
0.021985
0.019458
0.015399
0.010814
0.005965
-0.000543
-0.008072
-0.013803
-0.016977
-0.019051
-0.020721
-0.021381
-0.020002
-0.015945
-0.009767
-0.002748
0.004104
0.009895
0.013748
0.015666
0.016512
0.016445
0.014405
0.009985
0.004643
0.000125
-0.003150
-0.005534
-0.007132
-0.007871
-0.007938
-0.007543
-0.006375
-0.004144
-0.001571
0.000334
0.001571
0.002689
0.003813
0.004703
0.005019
0.004467
0.003066
0.001219
-0.000565
-0.002064
-0.003350
-0.004304
-0.004563
-0.004004
-0.002766
-0.001087
0.000606
0.002040
0.003168
0.003551
0.002813
0.001497
0.000251
-0.000909
-0.002133
-0.004745
-0.011916
-0.022140
-0.024240
-0.012004
0.001857
0.006021
0.010990
0.026050
0.038341
0.037333
0.033836
0.035657
0.030254
0.009013
-0.013767
-0.023155
-0.026106
-0.034622
-0.043054
-0.040570
-0.031494
-0.025420
-0.019935
-0.008642
0.003792
0.007976
0.005290
0.005419
0.010782
0.014823
0.015319
0.017058
0.021068
0.023270
0.023469
0.024954
0.026210
0.022216
0.012688
0.001789
-0.008437
-0.018195
-0.026049
-0.030507
-0.032787
-0.033724
-0.031275
-0.024114
-0.014190
-0.004259
0.003974
0.009581
0.012945
0.015305
0.016741
0.016729
0.016056
0.015311
0.013364
0.010469
0.009682
0.011631
0.011992
0.008034
0.002775
-0.001218
-0.006206
-0.013385
-0.019090
-0.021081
-0.022326
-0.024579
-0.024192
-0.018463
-0.010699
-0.004621
0.001202
0.009015
0.016876
0.021966
0.024552
0.025882
0.025357
0.021602
0.015309
0.009179
0.003947
-0.002523
-0.010212
-0.015772
-0.018061
-0.019326
-0.020368
-0.019573
-0.016447
-0.012443
-0.008552
-0.004117
0.001480
0.007021
0.010765
0.012916
0.014764
0.015993
0.015139
0.012165
0.008370
0.004325
-0.000107
-0.004336
-0.007330
-0.008843
-0.009336
-0.009050
-0.007702
-0.005132
-0.002011
0.000580
0.002235
0.003265
0.003841
0.003866
0.003382
0.002528
0.001406
0.000166
-0.001040
-0.002058
-0.002655
-0.002779
-0.002619
-0.002205
-0.001432
-0.000377
0.000810
0.001856
0.002225
0.001743
0.000874
0.000015
-0.001002
-0.003747
-0.010302
-0.017715
-0.017638
-0.008617
-0.000540
0.001995
0.007543
0.020186
0.030506
0.032109
0.031051
0.031757
0.027693
0.013815
-0.002839
-0.013569
-0.020614
-0.030351
-0.040617
-0.043963
-0.038998
-0.030860
-0.022789
-0.013248
-0.001414
0.009291
0.015523
0.018615
0.021555
0.023874
0.022820
0.018142
0.013214
0.011268
0.011598
0.010820
0.007938
0.005632
0.005168
0.003456
-0.001827
-0.007744
-0.011089
-0.014244
-0.020325
-0.026053
-0.026207
-0.022040
-0.018313
-0.014845
-0.007976
0.001874
0.010457
0.016096
0.020640
0.024728
0.026214
0.023640
0.018590
0.013570
0.008904
0.003105
-0.003916
-0.009681
-0.012280
-0.013074
-0.014191
-0.014971
-0.013651
-0.010987
-0.009152
-0.008167
-0.006230
-0.003086
-0.000632
0.000073
0.000474
0.002373
0.005344
0.007757
0.009701
0.012474
0.015472
0.016744
0.016003
0.014241
0.011516
0.006971
0.000399
-0.006705
-0.012390
-0.016587
-0.020152
-0.022215
-0.021184
-0.017308
-0.012145
-0.006615
-0.000730
0.005284
0.010300
0.013232
0.014265
0.014224
0.013232
0.010933
0.007663
0.004445
0.001767
-0.000787
-0.003293
-0.004982
-0.005537
-0.005753
-0.006289
-0.006647
-0.006008
-0.004554
-0.003160
-0.001932
-0.000169
0.002110
0.003872
0.004593
0.004873
0.005163
0.004880
0.003405
0.001219
-0.000673
-0.002016
-0.003258
-0.004444
-0.004963
-0.004536
-0.003638
-0.002629
-0.001302
0.000281
0.000942
-0.001131
-0.005738
-0.008649
-0.006229
-0.001679
-0.000000
0.001015
0.006164
0.013433
0.017547
0.018454
0.019792
0.021534
0.019308
0.011452
0.002284
-0.004483
-0.010950
-0.019655
-0.027645
-0.030609
-0.029263
-0.026940
-0.023378
-0.015910
-0.005458
0.003770
0.010076
0.015453
0.021112
0.025183
0.025397
0.022083
0.017492
0.012941
0.007808
0.001606
-0.004165
-0.007735
-0.009738
-0.011839
-0.013433
-0.012552
-0.009659
-0.007542
-0.007140
-0.006292
-0.003567
-0.000705
0.000321
0.000453
0.001651
0.003662
0.004940
0.005525
0.006737
0.008509
0.009197
0.008316
0.007378
0.007201
0.006374
0.003503
-0.000611
-0.004141
-0.006635
-0.009108
-0.011996
-0.014186
-0.014533
-0.013287
-0.011198
-0.008153
-0.003779
0.001204
0.005462
0.008726
0.011673
0.014093
0.014771
0.013360
0.010898
0.008459
0.006136
0.003322
-0.000095
-0.003236
-0.005419
-0.006844
-0.007710
-0.007966
-0.007866
-0.007614
-0.007023
-0.005903
-0.004215
-0.002243
-0.000700
0.000211
0.001324
0.003124
0.004789
0.005421
0.005231
0.004870
0.004462
0.003781
0.002743
0.001419
-0.000065
-0.001565
-0.002840
-0.003495
-0.003430
-0.003131
-0.002850
-0.002146
-0.000892
0.000240
0.000763
0.000979
0.001352
0.001759
0.001722
0.001276
0.000994
0.001097
0.001227
0.001105
0.000823
0.000450
-0.000154
-0.001009
-0.001810
-0.002274
-0.002609
-0.003644
-0.005994
-0.008545
-0.008974
-0.006820
-0.003891
-0.000894
0.003219
0.008091
0.011342
0.011970
0.012278
0.014490
0.016362
0.013785
0.007682
0.002989
0.000653
-0.003027
-0.009018
-0.013955
-0.016200
-0.017537
-0.018334
-0.016612
-0.012573
-0.008914
-0.006266
-0.002616
0.002922
0.008695
0.012570
0.014116
0.014634
0.015233
0.015269
0.013192
0.008825
0.003871
-0.000292
-0.004063
-0.007986
-0.011202
-0.012735
-0.012973
-0.012580
-0.010976
-0.007477
-0.003300
-0.000351
0.001674
0.004477
0.007771
0.009532
0.009301
0.008575
0.008130
0.007163
0.005183
0.002844
0.000701
-0.001281
-0.002975
-0.004117
-0.004829
-0.005358
-0.005764
-0.006018
-0.005874
-0.005020
-0.003843
-0.003236
-0.003115
-0.002283
-0.000412
0.001226
0.001829
0.002323
0.003620
0.005081
0.005718
0.005660
0.005500
0.005148
0.004178
0.002800
0.001667
0.000865
-0.000053
-0.001099
-0.001860
-0.002256
-0.002619
-0.003242
-0.003835
-0.003630
-0.002797
-0.002685
-0.003442
-0.003409
-0.002056
-0.000853
-0.000535
-0.000142
0.000974
0.002280
0.003150
0.003511
0.003540
0.003284
0.002613
0.001561
0.000565
-0.000122
-0.000869
-0.001778
-0.002171
-0.001763
-0.001195
-0.000951
-0.000765
-0.000225
0.000550
0.000894
0.000525
0.000130
0.000266
0.000485
0.000309
0.000091
0.000233
0.000501
0.000605
0.000658
0.000704
0.000500
0.000005
-0.000588
-0.001411
-0.002791
-0.004523
-0.005764
-0.005606
-0.003848
-0.001439
0.000340
0.001357
0.002540
0.004418
0.006628
0.008267
0.008340
0.006931
0.005545
0.004979
0.004018
0.001627
-0.001285
-0.003498
-0.004995
-0.006006
-0.006461
-0.006782
-0.007424
-0.007733
-0.006822
-0.005083
-0.003561
-0.002425
-0.000972
0.001232
0.003789
0.005856
0.006903
0.007123
0.007065
0.006862
0.006103
0.004455
0.002174
-0.000083
-0.001862
-0.003232
-0.004425
-0.005368
-0.005816
-0.005629
-0.004775
-0.003471
-0.002233
-0.001244
-0.000003
0.001732
0.003256
0.003983
0.004334
0.004777
0.004997
0.004678
0.004001
0.002993
0.001493
-0.000147
-0.001387
-0.002388
-0.003617
-0.004905
-0.005675
-0.005705
-0.005177
-0.004361
-0.003505
-0.002628
-0.001454
0.000022
0.001291
0.002063
0.002660
0.003393
0.004099
0.004552
0.004768
0.004753
0.004419
0.003816
0.003080
0.002190
0.001056
-0.000252
-0.001503
-0.002531
-0.003381
-0.004117
-0.004589
-0.004606
-0.004208
-0.003616
-0.002988
-0.002275
-0.001354
-0.000257
0.000777
0.001552
0.002144
0.002679
0.003019
0.003023
0.002835
0.002583
0.002155
0.001536
0.000924
0.000357
-0.000289
-0.000908
-0.001291
-0.001479
-0.001630
-0.001780
-0.001882
-0.001818
-0.001515
-0.001138
-0.000871
-0.000589
-0.000083
0.000520
0.000927
0.001137
0.001342
0.001408
0.000931
-0.000039
-0.000815
-0.000867
-0.000407
0.000018
0.000163
0.000198
0.000388
0.000767
0.001107
0.001161
0.000924
0.000653
0.000580
0.000590
0.000391
-0.000031
-0.000382
-0.000449
-0.000328
-0.000208
-0.000105
0.000026
0.000109
0.000053
-0.000209
-0.000743
-0.001374
-0.001700
-0.001619
-0.001412
-0.001225
-0.000986
-0.000629
-0.000117
0.000486
0.000991
0.001267
0.001354
0.001366
0.001312
0.001072
0.000637
0.000189
-0.000110
-0.000245
-0.000282
-0.000318
-0.000410
-0.000471
-0.000317
0.000052
0.000333
0.000343
0.000304
0.000440
0.000597
0.000531
0.000308
0.000190
0.000232
0.000254
0.000148
-0.000024
-0.000232
-0.000485
-0.000709
-0.000885
-0.001093
-0.001272
-0.001232
-0.000999
-0.000784
-0.000629
-0.000418
-0.000143
0.000140
0.000435
0.000703
0.000844
0.000846
0.000836
0.000906
0.000970
0.000929
0.000835
0.000737
0.000540
0.000232
0.000034
0.000116
0.000331
0.000385
0.000205
-0.000026
-0.000197
-0.000408
-0.000705
-0.000936
-0.001042
-0.001148
-0.001251
-0.001206
-0.001029
-0.000864
-0.000687
-0.000336
0.000147
0.000489
0.000585
0.000627
0.000714
0.000705
0.000583
0.000465
0.000242
-0.000380
-0.001367
-0.001981
-0.001358
0.000167
0.001132
0.001006
0.000813
0.001204
0.001692
0.001952
0.001987
0.001510
0.000671
0.000316
0.000513
0.000308
-0.000506
-0.001104
-0.001197
-0.001175
-0.001113
-0.000980
-0.000987
-0.001044
-0.000876
-0.000745
-0.000952
-0.001123
-0.000865
-0.000382
-0.000006
0.000214
0.000406
0.000695
0.001031
0.001205
0.001115
0.000814
0.000384
0.000053
0.000060
0.000210
0.000102
-0.000099
0.000111
0.000590
0.000747
0.000549
0.000383
0.000332
0.000268
0.000076
-0.000328
-0.000722
-0.000737
-0.000516
-0.000446
-0.000472
-0.000374
-0.000248
-0.000204
-0.000125
0.000011
0.000045
-0.000055
-0.000175
-0.000302
-0.000504
-0.000723
-0.000768
-0.000523
-0.000158
-0.000040
-0.000256
-0.000411
-0.000164
0.000347
0.000794
0.001073
0.001256
0.001369
0.001391
0.001305
0.001052
0.000610
0.000135
-0.000187
-0.000401
-0.000669
-0.000927
-0.000947
-0.000735
-0.000542
-0.000475
-0.000441
-0.000404
-0.000415
-0.000482
-0.000526
-0.000423
-0.000108
0.000289
0.000515
0.000497
0.000406
0.000367
0.000357
0.000337
0.000276
0.000113
-0.000162
-0.000441
-0.000610
-0.000636
-0.000499
-0.000194
0.000124
0.000256
0.000276
0.000406
0.000608
0.000702
0.000687
0.000575
0.000309
0.000037
0.000001
0.000125
0.000161
0.000101
0.000080
0.000078
0.000009
-0.000097
-0.000191
-0.000304
-0.000510
-0.000785
-0.000952
-0.000881
-0.000681
-0.000528
-0.000422
-0.000263
-0.000054
0.000128
0.000300
0.000505
0.000645
0.000625
0.000513
0.000410
0.000388
0.000469
0.000507
0.000379
0.000209
0.000112
0.000015
-0.000095
-0.000153
-0.000236
-0.000451
-0.000655
-0.000638
-0.000461
-0.000320
-0.000210
0.000018
0.000355
0.000568
0.000527
0.000396
0.000354
0.000327
0.000176
-0.000048
-0.000182
-0.000171
-0.000126
-0.000159
-0.000243
-0.000292
-0.000282
-0.000240
-0.000226
-0.000276
-0.000313
-0.000256
-0.000147
-0.000036
0.000102
0.000257
0.000337
0.000302
0.000268
0.000310
0.000303
0.000218
0.000208
0.000259
0.000214
0.000096
0.000019
-0.000039
-0.000113
-0.000151
-0.000123
-0.000077
-0.000092
-0.000226
-0.000415
-0.000509
-0.000479
-0.000489
-0.000624
-0.000675
-0.000393
0.000123
0.000556
0.000774
0.000871
0.000936
0.000942
0.000808
0.000494
0.000061
-0.000372
-0.000704
-0.000878
-0.000852
-0.000606
-0.000218
0.000071
0.000047
-0.000202
-0.000371
-0.000328
-0.000207
-0.000127
-0.000025
0.000174
0.000430
0.000666
0.000822
0.000885
0.000882
0.000794
0.000584
0.000301
0.000038
-0.000187
-0.000395
-0.000561
-0.000651
-0.000679
-0.000640
-0.000532
-0.000426
-0.000347
-0.000204
0.000033
0.000222
0.000255
0.000207
0.000184
0.000185
0.000195
0.000239
0.000284
0.000269
0.000231
0.000258
0.000318
0.000253
0.000001
-0.000281
-0.000393
-0.000364
-0.000369
-0.000436
-0.000446
-0.000351
-0.000232
-0.000157
-0.000084
0.000014
0.000076
0.000080
0.000115
0.000215
0.000268
0.000212
0.000165
0.000231
0.000320
0.000275
0.000133
0.000090
0.000149
0.000082
-0.000177
-0.000411
-0.000481
-0.000492
-0.000541
-0.000547
-0.000421
-0.000213
0.000009
0.000254
0.000497
0.000670
0.000776
0.000812
0.000707
0.000469
0.000213
0.000025
-0.000118
-0.000277
-0.000465
-0.000671
-0.000883
-0.000997
-0.000903
-0.000684
-0.000482
-0.000280
0.000004
0.000321
0.000536
0.000610
0.000640
0.000699
0.000731
0.000673
0.000572
0.000474
0.000337
0.000145
-0.000033
-0.000156
-0.000236
-0.000249
-0.000175
-0.000115
-0.000192
-0.000323
-0.000335
-0.000288
-0.000354
-0.000494
-0.000534
-0.000431
-0.000277
-0.000136
-0.000013
0.000143
0.000372
0.000602
0.000713
0.000704
0.000652
0.000559
0.000387
0.000164
-0.000058
-0.000248
-0.000382
-0.000453
-0.000482
-0.000498
-0.000490
-0.000423
-0.000314
-0.000183
-0.000014
0.000195
0.000393
0.000512
0.000542
0.000526
0.000496
0.000441
0.000321
0.000128
-0.000097
-0.000299
-0.000435
-0.000479
-0.000455
-0.000480
-0.000635
-0.000724
-0.000530
-0.000227
-0.000090
-0.000069
-0.000003
0.000085
0.000124
0.000201
0.000433
0.000708
0.000779
0.000614
0.000421
0.000311
0.000190
0.000008
-0.000166
-0.000314
-0.000436
-0.000436
-0.000307
-0.000235
-0.000300
-0.000347
-0.000280
-0.000228
-0.000274
-0.000276
-0.000090
0.000184
0.000363
0.000448
0.000538
0.000604
0.000544
0.000355
0.000161
0.000066
0.000026
-0.000051
-0.000119
-0.000093
-0.000031
-0.000046
-0.000135
-0.000234
-0.000335
-0.000438
-0.000472
-0.000387
-0.000240
-0.000086
0.000112
0.000363
0.000547
0.000582
0.000551
0.000543
0.000527
0.000433
0.000266
0.000112
0.000003
-0.000128
-0.000304
-0.000427
-0.000475
-0.000587
-0.000790
-0.000891
-0.000770
-0.000535
-0.000335
-0.000207
-0.000096
0.000060
0.000244
0.000378
0.000480
0.000639
0.000816
0.000877
0.000798
0.000648
0.000441
0.000186
-0.000027
-0.000165
-0.000336
-0.000564
-0.000695
-0.000644
-0.000489
-0.000336
-0.000210
-0.000119
-0.000079
-0.000042
0.000042
0.000091
0.000032
-0.000025
0.000054
0.000246
0.000416
0.000463
0.000405
0.000347
0.000374
0.000415
0.000296
0.000028
-0.000171
-0.000219
-0.000267
-0.000398
-0.000541
-0.000644
-0.000692
-0.000647
-0.000525
-0.000362
-0.000140
0.000134
0.000376
0.000526
0.000610
0.000664
0.000673
0.000620
0.000496
0.000300
0.000101
-0.000006
-0.000065
-0.000199
-0.000351
-0.000339
-0.000204
-0.000214
-0.000447
-0.000637
-0.000576
-0.000410
-0.000314
-0.000201
0.000032
0.000271
0.000362
0.000331
0.000299
0.000316
0.000348
0.000350
0.000312
0.000299
0.000346
0.000305
0.000052
-0.000247
-0.000400
-0.000464
-0.000566
-0.000696
-0.000741
-0.000596
-0.000299
-0.000032
0.000110
0.000245
0.000460
0.000634
0.000648
0.000573
0.000519
0.000496
0.000457
0.000385
0.000285
0.000129
-0.000060
-0.000151
-0.000083
0.000018
0.000010
-0.000128
-0.000328
-0.000490
-0.000572
-0.000615
-0.000647
-0.000605
-0.000451
-0.000269
-0.000151
-0.000046
0.000151
0.000404
0.000557
0.000560
0.000514
0.000483
0.000439
0.000335
0.000153
-0.000045
-0.000162
-0.000206
-0.000257
-0.000333
-0.000406
-0.000458
-0.000464
-0.000417
-0.000376
-0.000363
-0.000277
-0.000045
0.000226
0.000400
0.000487
0.000571
0.000644
0.000609
0.000446
0.000261
0.000134
0.000027
-0.000110
-0.000252
-0.000359
-0.000443
-0.000501
-0.000494
-0.000403
-0.000256
-0.000139
-0.000086
0.000014
0.000197
0.000331
0.000375
0.000413
0.000472
0.000491
0.000428
0.000304
0.000162
0.000037
-0.000058
-0.000114
-0.000149
-0.000209
-0.000309
-0.000396
-0.000410
-0.000360
-0.000341
-0.000395
-0.000424
-0.000341
-0.000171
0.000004
0.000118
0.000158
0.000155
0.000145
0.000178
0.000294
0.000426
0.000478
0.000476
0.000490
0.000521
0.000493
0.000343
0.000099
-0.000136
-0.000293
-0.000413
-0.000545
-0.000625
-0.000587
-0.000477
-0.000356
-0.000250
-0.000173
-0.000074
0.000073
0.000184
0.000207
0.000193
0.000190
0.000187
0.000163
0.000140
0.000177
0.000279
0.000349
0.000287
0.000138
0.000017
-0.000080
-0.000215
-0.000306
-0.000259
-0.000154
-0.000108
-0.000103
-0.000075
-0.000045
-0.000047
-0.000048
0.000004
0.000117
0.000229
0.000249
0.000206
0.000260
0.000427
0.000510
0.000412
0.000264
0.000140
-0.000034
-0.000288
-0.000522
-0.000637
-0.000667
-0.000698
-0.000718
-0.000678
-0.000586
-0.000462
-0.000311
-0.000130
0.000054
0.000194
0.000305
0.000431
0.000515
0.000484
0.000423
0.000446
0.000511
0.000519
0.000464
0.000406
0.000354
0.000255
0.000111
-0.000025
-0.000188
-0.000440
-0.000710
-0.000862
-0.000830
-0.000629
-0.000356
-0.000125
0.000040
0.000193
0.000372
0.000530
0.000555
0.000422
0.000229
0.000084
0.000028
-0.000002
-0.000051
-0.000029
0.000097
0.000162
0.000076
-0.000015
0.000012
0.000051
-0.000042
-0.000184
-0.000222
-0.000174
-0.000092
0.000008
0.000043
0.000011
0.000062
0.000231
0.000358
0.000333
0.000208
0.000096
0.000014
-0.000101
-0.000241
-0.000381
-0.000544
-0.000654
-0.000572
-0.000353
-0.000185
-0.000121
-0.000079
-0.000019
0.000005
-0.000072
-0.000186
-0.000146
0.000107
0.000384
0.000500
0.000509
0.000573
0.000709
0.000765
0.000618
0.000346
0.000150
0.000090
0.000014
-0.000171
-0.000353
-0.000413
-0.000393
-0.000380
-0.000377
-0.000320
-0.000203
-0.000124
-0.000133
-0.000152
-0.000123
-0.000099
-0.000105
-0.000067
0.000054
0.000179
0.000240
0.000253
0.000211
0.000090
-0.000068
-0.000190
-0.000252
-0.000255
-0.000197
-0.000094
-0.000008
0.000015
0.000023
0.000053
0.000077
0.000145
0.000302
0.000399
0.000338
0.000259
0.000263
0.000261
0.000197
0.000142
0.000133
0.000103
0.000023
-0.000043
-0.000088
-0.000177
-0.000300
-0.000379
-0.000415
-0.000466
-0.000500
-0.000489
-0.000469
-0.000407
-0.000302
-0.000280
-0.000345
-0.000333
-0.000179
0.000048
0.000285
0.000489
0.000617
0.000665
0.000656
0.000634
0.000642
0.000642
0.000558
0.000401
0.000236
0.000078
-0.000098
-0.000266
-0.000335
-0.000296
-0.000268
-0.000299
-0.000297
-0.000197
-0.000065
0.000036
0.000136
0.000252
0.000300
0.000198
-0.000019
-0.000214
-0.000305
-0.000363
-0.000459
-0.000513
-0.000443
-0.000311
-0.000193
-0.000069
0.000059
0.000123
0.000116
0.000111
0.000162
0.000229
0.000221
0.000118
0.000022
0.000043
0.000178
0.000308
0.000337
0.000298
0.000261
0.000213
0.000113
-0.000016
-0.000134
-0.000240
-0.000345
-0.000434
-0.000479
-0.000473
-0.000430
-0.000339
-0.000212
-0.000093
0.000026
0.000170
0.000276
0.000264
0.000194
0.000197
0.000290
0.000359
0.000329
0.000257
0.000218
0.000161
0.000012
-0.000174
-0.000285
-0.000248
-0.000095
0.000031
0.000060
0.000057
0.000064
0.000056
-0.000018
-0.000175
-0.000275
-0.000192
-0.000036
0.000031
0.000017
0.000010
0.000057
0.000118
0.000134
0.000117
0.000098
0.000071
0.000027
-0.000033
-0.000104
-0.000171
-0.000250
-0.000343
-0.000365
-0.000270
-0.000164
-0.000111
-0.000009
0.000181
0.000331
0.000374
0.000367
0.000319
0.000212
0.000142
0.000168
0.000173
0.000088
0.000016
0.000016
0.000030
0.000018
-0.000064
-0.000238
-0.000388
-0.000393
-0.000302
-0.000212
-0.000120
-0.000011
0.000063
0.000062
0.000021
0.000024
0.000086
0.000124
0.000119
0.000139
0.000177
0.000162
0.000129
0.000165
0.000196
0.000077
-0.000151
-0.000316
-0.000337
-0.000271
-0.000201
-0.000170
-0.000217
-0.000258
-0.000058
0.000339
0.000553
0.000480
0.000399
0.000439
0.000434
0.000292
0.000134
0.000018
-0.000126
-0.000279
-0.000329
-0.000301
-0.000333
-0.000433
-0.000508
-0.000547
-0.000600
-0.000635
-0.000578
-0.000428
-0.000238
-0.000045
0.000148
0.000334
0.000465
0.000506
0.000526
0.000610
0.000695
0.000672
0.000545
0.000429
0.000394
0.000334
0.000117
-0.000176
-0.000373
-0.000450
-0.000483
-0.000502
-0.000463
-0.000333
-0.000198
-0.000126
-0.000065
0.000018
0.000071
0.000061
0.000027
0.000055
0.000150
0.000210
0.000221
0.000268
0.000333
0.000327
0.000263
0.000194
0.000112
-0.000002
-0.000120
-0.000197
-0.000234
-0.000264
-0.000277
-0.000252
-0.000240
-0.000253
-0.000199
-0.000057
0.000060
0.000052
-0.000037
-0.000085
-0.000071
-0.000051
-0.000021
0.000034
0.000051
0.000006
-0.000013
0.000074
0.000257
0.000429
0.000459
0.000332
0.000159
0.000031
-0.000067
-0.000171
-0.000265
-0.000318
-0.000320
-0.000263
-0.000149
-0.000018
0.000064
0.000096
0.000123
0.000134
0.000117
0.000130
0.000183
0.000192
0.000124
0.000030
-0.000058
-0.000139
-0.000184
-0.000190
-0.000202
-0.000208
-0.000141
-0.000038
-0.000003
-0.000007
0.000035
0.000087
0.000090
0.000094
0.000136
0.000151
0.000084
-0.000031
-0.000114
-0.000109
-0.000039
0.000027
0.000073
0.000128
0.000174
0.000131
-0.000000
-0.000102
-0.000117
-0.000112
-0.000137
-0.000167
-0.000159
-0.000084
0.000027
0.000082
0.000068
0.000070
0.000117
0.000139
0.000111
0.000069
0.000036
0.000040
0.000092
0.000119
0.000061
0.000006
0.000056
0.000067
-0.000199
-0.000609
-0.000763
-0.000593
-0.000379
-0.000271
-0.000178
-0.000004
0.000195
0.000290
0.000278
0.000310
0.000454
0.000599
0.000649
0.000628
0.000544
0.000383
0.000203
0.000068
-0.000052
-0.000163
-0.000215
-0.000231
-0.000291
-0.000365
-0.000306
-0.000123
-0.000050
-0.000171
-0.000252
-0.000175
-0.000126
-0.000196
-0.000243
-0.000177
-0.000062
0.000047
0.000172
0.000314
0.000419
0.000441
0.000384
0.000275
0.000110
-0.000114
-0.000318
-0.000415
-0.000409
-0.000345
-0.000296
-0.000315
-0.000333
-0.000236
-0.000038
0.000143
0.000209
0.000129
-0.000002
-0.000015
0.000103
0.000182
0.000167
0.000193
0.000315
0.000395
0.000349
0.000271
0.000218
0.000110
-0.000073
-0.000222
-0.000276
-0.000289
-0.000307
-0.000295
-0.000213
-0.000108
-0.000042
0.000012
0.000098
0.000160
0.000116
0.000034
0.000053
0.000168
0.000256
0.000250
0.000183
0.000117
0.000050
-0.000061
-0.000181
-0.000226
-0.000178
-0.000115
-0.000118
-0.000178
-0.000232
-0.000247
-0.000189
-0.000051
0.000070
0.000106
0.000130
0.000195
0.000221
0.000131
-0.000006
-0.000065
-0.000030
0.000018
0.000023
0.000002
0.000001
0.000036
0.000070
0.000071
0.000050
0.000023
0.000002
0.000016
0.000059
0.000082
0.000033
-0.000105
-0.000245
-0.000250
-0.000153
-0.000118
-0.000118
-0.000020
0.000124
0.000177
0.000149
0.000137
0.000155
0.000136
0.000060
-0.000005
-0.000014
0.000000
-0.000014
-0.000063
-0.000108
-0.000108
-0.000049
0.000018
0.000023
-0.000029
-0.000062
-0.000018
0.000075
0.000120
0.000068
0.000006
0.000016
0.000047
-0.000003
-0.000123
-0.000116
0.000143
0.000451
0.000520
0.000355
0.000174
0.000071
-0.000044
-0.000219
-0.000365
-0.000424
-0.000417
-0.000368
-0.000329
-0.000331
-0.000303
-0.000220
-0.000171
-0.000177
-0.000137
-0.000024
0.000062
0.000068
0.000075
0.000166
0.000273
0.000278
0.000169
0.000053
0.000051
0.000175
0.000286
0.000275
0.000188
0.000111
0.000056
0.000018
-0.000031
-0.000129
-0.000229
-0.000212
-0.000049
0.000142
0.000237
0.000239
0.000215
0.000177
0.000105
0.000024
-0.000010
-0.000005
-0.000052
-0.000176
-0.000264
-0.000237
-0.000176
-0.000169
-0.000145
-0.000025
0.000094
0.000080
-0.000004
-0.000015
0.000031
0.000054
0.000077
0.000114
0.000112
0.000081
0.000089
0.000111
0.000071
-0.000011
-0.000070
-0.000093
-0.000125
-0.000193
-0.000238
-0.000181
-0.000096
-0.000103
-0.000164
-0.000181
-0.000153
-0.000083
0.000043
0.000204
0.000330
0.000339
0.000259
0.000227
0.000254
0.000222
0.000134
0.000088
0.000073
0.000005
-0.000111
-0.000198
-0.000215
-0.000197
-0.000193
-0.000195
-0.000163
-0.000111
-0.000092
-0.000098
-0.000102
-0.000103
-0.000078
-0.000005
0.000094
0.000186
0.000262
0.000311
0.000293
0.000200
0.000086
-0.000010
-0.000073
-0.000072
-0.000038
-0.000036
-0.000058
-0.000056
-0.000031
-0.000033
-0.000080
-0.000131
-0.000130
-0.000098
-0.000083
-0.000056
0.000017
0.000075
0.000066
0.000032
0.000033
0.000054
0.000060
0.000074
0.000109
0.000109
0.000048
-0.000007
-0.000015
-0.000034
-0.000100
-0.000154
-0.000158
-0.000153
-0.000146
-0.000080
0.000045
0.000138
0.000172
0.000218
0.000293
0.000264
0.000014
-0.000304
-0.000419
-0.000315
-0.000215
-0.000229
-0.000256
-0.000198
-0.000078
0.000049
0.000150
0.000199
0.000199
0.000198
0.000236
0.000298
0.000363
0.000416
0.000398
0.000267
0.000106
0.000030
0.000009
-0.000040
-0.000105
-0.000115
-0.000053
0.000026
0.000041
-0.000024
-0.000109
-0.000189
-0.000296
-0.000396
-0.000407
-0.000338
-0.000238
-0.000111
0.000007
0.000050
0.000031
0.000009
0.000014
0.000026
0.000041
0.000080
0.000140
0.000190
0.000196
0.000145
0.000077
0.000042
0.000039
0.000039
0.000032
0.000040
0.000046
-0.000024
-0.000169
-0.000284
-0.000295
-0.000240
-0.000189
-0.000132
-0.000027
0.000067
0.000078
0.000061
0.000084
0.000101
0.000099
0.000164
0.000278
0.000302
0.000237
0.000199
0.000177
0.000098
-0.000016
-0.000119
-0.000201
-0.000207
-0.000136
-0.000118
-0.000197
-0.000201
-0.000068
0.000009
-0.000065
-0.000132
-0.000087
-0.000021
-0.000002
0.000011
0.000040
0.000096
0.000200
0.000289
0.000253
0.000116
-0.000008
-0.000061
-0.000042
0.000016
0.000044
0.000021
-0.000038
-0.000116
-0.000170
-0.000163
-0.000120
-0.000104
-0.000134
-0.000145
-0.000086
-0.000001
0.000031
0.000026
0.000046
0.000057
0.000025
0.000022
0.000091
0.000165
0.000164
0.000133
0.000157
0.000181
0.000122
0.000037
-0.000007
-0.000059
-0.000157
-0.000235
-0.000237
-0.000205
-0.000158
-0.000051
0.000076
0.000112
0.000074
0.000061
0.000077
0.000075
0.000063
0.000063
0.000079
0.000113
0.000144
0.000124
0.000053
-0.000017
-0.000067
-0.000131
-0.000222
-0.000263
-0.000211
-0.000180
-0.000265
-0.000272
0.000033
0.000473
0.000703
0.000690
0.000578
0.000408
0.000187
-0.000045
-0.000231
-0.000293
-0.000237
-0.000191
-0.000248
-0.000356
-0.000414
-0.000419
-0.000432
-0.000428
-0.000366
-0.000289
-0.000229
-0.000166
-0.000105
-0.000051
0.000043
0.000185
0.000313
0.000384
0.000414
0.000423
0.000414
0.000369
0.000277
0.000186
0.000161
0.000176
0.000166
0.000116
0.000021
-0.000120
-0.000251
-0.000302
-0.000279
-0.000242
-0.000225
-0.000185
-0.000067
0.000087
0.000154
0.000100
0.000041
0.000059
0.000122
0.000195
0.000240
0.000199
0.000105
0.000035
-0.000031
-0.000122
-0.000174
-0.000160
-0.000157
-0.000169
-0.000130
-0.000069
-0.000059
-0.000059
0.000015
0.000126
0.000164
0.000104
0.000019
-0.000034
-0.000061
-0.000087
-0.000115
-0.000125
-0.000104
-0.000061
-0.000007
0.000045
0.000070
0.000040
-0.000032
-0.000037
0.000064
0.000148
0.000122
0.000064
0.000064
0.000087
0.000078
0.000073
0.000106
0.000119
0.000054
-0.000037
-0.000049
-0.000001
-0.000009
-0.000084
-0.000129
-0.000114
-0.000089
-0.000063
-0.000015
0.000023
0.000001
-0.000058
-0.000101
-0.000118
-0.000098
-0.000026
0.000062
0.000129
0.000165
0.000149
0.000065
-0.000046
-0.000119
-0.000126
-0.000081
-0.000010
0.000047
0.000058
0.000018
-0.000033
-0.000025
0.000034
0.000042
-0.000041
-0.000118
-0.000103
-0.000038
-0.000004
-0.000013
-0.000016
0.000008
0.000024
0.000022
0.000060
0.000167
0.000253
0.000228
0.000125
0.000032
-0.000015
-0.000017
0.000009
0.000018
-0.000046
-0.000169
-0.000252
-0.000238
-0.000133
0.000055
0.000176
0.000016
-0.000315
-0.000477
-0.000411
-0.000299
-0.000188
-0.000053
0.000056
0.000133
0.000252
0.000397
0.000452
0.000374
0.000275
0.000238
0.000213
0.000174
0.000178
0.000225
0.000228
0.000161
0.000087
0.000032
-0.000051
-0.000144
-0.000161
-0.000093
-0.000040
-0.000080
-0.000172
-0.000236
-0.000250
-0.000233
-0.000214
-0.000188
-0.000120
-0.000058
-0.000068
-0.000061
0.000022
0.000073
0.000060
0.000085
0.000129
0.000101
0.000052
0.000049
0.000047
0.000003
-0.000052
-0.000105
-0.000163
-0.000204
-0.000219
-0.000214
-0.000173
-0.000087
-0.000005
0.000046
0.000102
0.000180
0.000221
0.000181
0.000124
0.000121
0.000139
0.000106
0.000010
-0.000072
-0.000076
-0.000010
0.000077
0.000109
0.000059
0.000012
0.000035
0.000079
0.000091
0.000072
0.000032
-0.000013
-0.000016
0.000023
0.000005
-0.000132
-0.000306
-0.000385
-0.000316
-0.000173
-0.000079
-0.000028
0.000067
0.000192
0.000264
0.000267
0.000235
0.000180
0.000106
0.000018
-0.000074
-0.000142
-0.000152
-0.000109
-0.000057
-0.000035
-0.000039
-0.000027
0.000029
0.000099
0.000123
0.000065
-0.000035
-0.000085
-0.000066
-0.000052
-0.000081
-0.000116
-0.000120
-0.000109
-0.000101
-0.000051
0.000053
0.000116
0.000103
0.000097
0.000113
0.000103
0.000109
0.000155
0.000153
0.000084
0.000009
-0.000067
-0.000156
-0.000201
-0.000152
-0.000046
0.000035
0.000045
0.000003
-0.000034
-0.000041
-0.000021
0.000027
0.000076
0.000087
0.000082
0.000101
0.000105
0.000048
-0.000017
-0.000054
-0.000073
-0.000055
-0.000027
-0.000056
-0.000094
-0.000070
-0.000058
-0.000121
-0.000109
0.000092
0.000315
0.000386
0.000374
0.000392
0.000367
0.000199
-0.000025
-0.000179
-0.000277
-0.000336
-0.000338
-0.000351
-0.000417
-0.000430
-0.000336
-0.000231
-0.000180
-0.000145
-0.000100
-0.000052
0.000023
0.000126
0.000178
0.000153
0.000122
0.000104
0.000067
0.000043
0.000079
0.000146
0.000195
0.000197
0.000152
0.000091
0.000053
0.000048
0.000068
0.000071
0.000021
-0.000042
-0.000067
-0.000041
0.000040
0.000141
0.000196
0.000174
0.000084
-0.000016
-0.000038
0.000015
0.000048
0.000019
-0.000044
-0.000127
-0.000205
-0.000212
-0.000144
-0.000094
-0.000108
-0.000108
-0.000053
-0.000022
-0.000021
0.000031
0.000109
0.000132
0.000099
0.000072
0.000083
0.000091
0.000066
0.000032
0.000001
-0.000037
-0.000061
-0.000065
-0.000113
-0.000252
-0.000391
-0.000387
-0.000221
-0.000018
0.000112
0.000166
0.000186
0.000208
0.000229
0.000229
0.000227
0.000251
0.000291
0.000308
0.000253
0.000099
-0.000095
-0.000217
-0.000233
-0.000221
-0.000217
-0.000182
-0.000121
-0.000074
-0.000054
-0.000056
-0.000082
-0.000114
-0.000118
-0.000082
-0.000026
0.000049
0.000148
0.000230
0.000236
0.000147
0.000003
-0.000112
-0.000112
-0.000003
0.000087
0.000043
-0.000075
-0.000122
-0.000072
-0.000010
0.000020
0.000047
0.000067
0.000054
0.000011
-0.000028
-0.000016
0.000037
0.000060
0.000032
0.000003
-0.000009
-0.000029
-0.000058
-0.000076
-0.000071
-0.000044
-0.000024
-0.000016
0.000019
0.000073
0.000088
0.000041
-0.000056
-0.000164
-0.000212
-0.000150
-0.000026
0.000051
0.000080
0.000166
0.000274
0.000188
-0.000133
-0.000422
-0.000477
-0.000359
-0.000204
-0.000066
0.000065
0.000169
0.000208
0.000210
0.000224
0.000260
0.000301
0.000311
0.000259
0.000188
0.000152
0.000129
0.000083
0.000041
0.000035
0.000017
-0.000057
-0.000113
-0.000075
0.000006
0.000056
0.000048
-0.000033
-0.000142
-0.000186
-0.000172
-0.000181
-0.000219
-0.000244
-0.000225
-0.000128
0.000010
0.000083
0.000077
0.000082
0.000120
0.000133
0.000112
0.000076
-0.000001
-0.000122
-0.000217
-0.000227
-0.000167
-0.000095
-0.000052
-0.000036
-0.000037
-0.000038
-0.000022
0.000006
0.000025
0.000041
0.000079
0.000143
0.000187
0.000164
0.000099
0.000054
0.000029
-0.000014
-0.000066
-0.000065
0.000012
0.000086
0.000083
0.000033
0.000001
0.000002
0.000028
0.000059
0.000074
0.000087
0.000117
0.000122
0.000047
-0.000059
-0.000094
-0.000078
-0.000119
-0.000223
-0.000277
-0.000195
-0.000048
0.000018
-0.000001
-0.000005
0.000028
0.000042
0.000012
-0.000030
-0.000041
-0.000016
0.000006
0.000018
0.000067
0.000148
0.000174
0.000102
0.000003
-0.000037
0.000006
0.000073
0.000054
-0.000065
-0.000158
-0.000148
-0.000099
-0.000085
-0.000070
-0.000010
0.000061
0.000112
0.000144
0.000129
0.000069
0.000023
0.000005
-0.000019
-0.000036
-0.000006
0.000039
0.000030
-0.000020
-0.000023
0.000028
0.000072
0.000075
0.000023
-0.000055
-0.000097
-0.000087
-0.000066
-0.000048
-0.000030
-0.000019
-0.000029
-0.000054
-0.000048
0.000006
0.000049
0.000047
0.000059
0.000112
0.000107
-0.000008
-0.000131
-0.000139
-0.000037
0.000080
0.000133
0.000093
-0.000016
-0.000066
0.000080
0.000316
0.000396
0.000298
0.000186
0.000132
0.000114
0.000090
-0.000011
-0.000184
-0.000333
-0.000410
-0.000445
-0.000451
-0.000438
-0.000425
-0.000387
-0.000274
-0.000113
-0.000013
-0.000039
-0.000124
-0.000151
-0.000089
0.000027
0.000170
0.000288
0.000327
0.000334
0.000387
0.000441
0.000417
0.000349
0.000287
0.000209
0.000078
-0.000072
-0.000161
-0.000162
-0.000128
-0.000126
-0.000167
-0.000183
-0.000135
-0.000086
-0.000059
-0.000013
0.000047
0.000088
0.000114
0.000141
0.000161
0.000152
0.000103
0.000030
-0.000029
-0.000051
-0.000052
-0.000065
-0.000090
-0.000082
-0.000005
0.000078
0.000076
-0.000003
-0.000070
-0.000066
-0.000010
0.000035
0.000038
-0.000004
-0.000076
-0.000123
-0.000121
-0.000127
-0.000161
-0.000167
-0.000128
-0.000094
-0.000080
-0.000045
0.000015
0.000038
0.000015
0.000012
0.000049
0.000066
0.000075
0.000165
0.000295
0.000313
0.000200
0.000082
0.000041
0.000054
0.000072
0.000063
0.000038
0.000022
-0.000008
-0.000077
-0.000149
-0.000177
-0.000164
-0.000143
-0.000140
-0.000154
-0.000140
-0.000082
-0.000015
0.000036
0.000071
0.000097
0.000111
0.000101
0.000069
0.000028
-0.000014
-0.000036
-0.000016
0.000040
0.000108
0.000132
0.000057
-0.000082
-0.000155
-0.000100
-0.000006
0.000014
-0.000027
-0.000038
0.000015
0.000072
0.000069
0.000005
-0.000073
-0.000106
-0.000080
-0.000031
-0.000005
-0.000008
0.000003
0.000048
0.000073
0.000033
-0.000034
-0.000031
0.000065
0.000137
0.000096
-0.000002
-0.000074
-0.000112
-0.000112
-0.000055
0.000024
0.000051
-0.000029
-0.000188
-0.000282
-0.000241
-0.000167
-0.000145
-0.000144
-0.000106
0.000011
0.000182
0.000302
0.000309
0.000261
0.000237
0.000241
0.000242
0.000217
0.000164
0.000129
0.000129
0.000097
0.000027
-0.000004
0.000009
0.000016
-0.000007
-0.000045
-0.000059
-0.000047
-0.000059
-0.000107
-0.000146
-0.000156
-0.000168
-0.000187
-0.000167
-0.000110
-0.000075
-0.000043
0.000026
0.000057
-0.000002
-0.000059
-0.000017
0.000068
0.000087
0.000047
0.000042
0.000069
0.000046
-0.000037
-0.000134
-0.000207
-0.000225
-0.000184
-0.000115
-0.000050
-0.000034
-0.000064
-0.000036
0.000087
0.000190
0.000195
0.000173
0.000162
0.000109
0.000036
0.000025
0.000057
0.000034
-0.000042
-0.000059
-0.000000
0.000012
-0.000064
-0.000118
-0.000076
0.000007
0.000059
0.000093
0.000151
0.000226
0.000253
0.000174
0.000002
-0.000174
-0.000255
-0.000224
-0.000142
-0.000090
-0.000088
-0.000066
0.000013
0.000066
0.000018
-0.000092
-0.000157
-0.000123
-0.000041
0.000021
0.000055
0.000085
0.000105
0.000077
-0.000001
-0.000048
0.000019
0.000134
0.000160
0.000092
0.000046
0.000075
0.000099
0.000044
-0.000034
-0.000055
-0.000027
-0.000006
-0.000023
-0.000047
-0.000067
-0.000101
-0.000097
-0.000003
0.000090
0.000056
-0.000043
-0.000063
-0.000021
-0.000030
-0.000081
-0.000093
-0.000065
-0.000038
-0.000009
0.000032
0.000065
0.000080
0.000084
0.000070
0.000025
-0.000020
-0.000015
0.000026
0.000044
0.000032
0.000032
0.000045
0.000052
0.000070
0.000108
0.000115
0.000040
-0.000075
-0.000126
-0.000087
-0.000044
-0.000045
-0.000057
-0.000091
-0.000154
-0.000111
0.000107
0.000334
0.000399
0.000317
0.000200
0.000109
0.000059
0.000057
0.000045
-0.000064
-0.000242
-0.000377
-0.000418
-0.000391
-0.000341
-0.000312
-0.000321
-0.000338
-0.000321
-0.000265
-0.000171
-0.000030
0.000099
0.000132
0.000134
0.000224
0.000324
0.000293
0.000193
0.000181
0.000278
0.000364
0.000358
0.000290
0.000217
0.000144
0.000038
-0.000095
-0.000186
-0.000193
-0.000165
-0.000141
-0.000094
-0.000044
-0.000059
-0.000117
-0.000137
-0.000080
0.000032
0.000126
0.000147
0.000141
0.000157
0.000144
0.000055
-0.000045
-0.000053
0.000016
0.000064
0.000056
0.000030
0.000001
-0.000042
-0.000077
-0.000092
-0.000114
-0.000126
-0.000088
-0.000043
-0.000050
-0.000089
-0.000093
-0.000043
-0.000010
-0.000046
-0.000079
-0.000036
0.000019
0.000009
-0.000006
0.000058
0.000135
0.000108
0.000004
-0.000055
-0.000032
0.000006
-0.000012
-0.000062
-0.000025
0.000116
0.000208
0.000193
0.000168
0.000167
0.000131
0.000056
0.000002
-0.000015
-0.000034
-0.000077
-0.000104
-0.000076
-0.000034
-0.000064
-0.000137
-0.000140
-0.000086
-0.000070
-0.000092
-0.000108
-0.000115
-0.000085
-0.000004
0.000048
0.000020
-0.000009
0.000035
0.000097
0.000094
0.000061
0.000075
0.000089
0.000048
0.000005
0.000021
0.000072
0.000088
0.000057
0.000038
0.000037
-0.000004
-0.000097
-0.000180
-0.000200
-0.000162
-0.000092
-0.000012
0.000061
0.000128
0.000177
0.000174
0.000103
-0.000004
-0.000066
