4160
-0.000035
-0.000004
-0.000001
-0.000050
-0.000067
-0.000005
0.000044
0.000022
-0.000004
0.000027
0.000105
0.000158
0.000127
0.000066
0.000071
0.000104
0.000052
-0.000081
-0.000173
-0.000172
-0.000136
-0.000099
-0.000018
0.000085
0.000093
-0.000010
-0.000094
-0.000089
-0.000056
-0.000051
-0.000067
-0.000079
-0.000085
-0.000065
-0.000005
0.000066
0.000100
0.000077
0.000021
-0.000017
-0.000019
-0.000023
-0.000068
-0.000097
-0.000029
0.000086
0.000140
0.000144
0.000163
0.000175
0.000133
0.000056
0.000022
0.000050
-0.000038
-0.000339
-0.000588
-0.000532
-0.000312
-0.000186
-0.000159
-0.000088
0.000050
0.000195
0.000324
0.000405
0.000391
0.000322
0.000272
0.000251
0.000241
0.000250
0.000254
0.000195
0.000096
0.000045
0.000033
-0.000015
-0.000108
-0.000177
-0.000168
-0.000110
-0.000073
-0.000077
-0.000098
-0.000131
-0.000185
-0.000232
-0.000233
-0.000181
-0.000133
-0.000153
-0.000196
-0.000143
0.000003
0.000111
0.000128
0.000120
0.000129
0.000139
0.000142
0.000118
0.000022
-0.000109
-0.000160
-0.000095
-0.000004
0.000044
0.000062
0.000049
0.000001
-0.000024
-0.000001
0.000001
-0.000050
-0.000074
-0.000015
0.000071
0.000095
0.000029
-0.000074
-0.000124
-0.000084
-0.000026
-0.000035
-0.000052
0.000007
0.000074
0.000060
0.000007
-0.000005
0.000024
0.000077
0.000164
0.000237
0.000207
0.000103
0.000047
0.000030
-0.000038
-0.000121
-0.000129
-0.000088
-0.000075
-0.000091
-0.000081
-0.000012
0.000077
0.000106
0.000054
-0.000007
-0.000014
-0.000001
-0.000015
-0.000018
-0.000002
-0.000042
-0.000111
-0.000092
-0.000009
0.000008
-0.000061
-0.000126
-0.000127
-0.000085
-0.000053
-0.000039
-0.000008
0.000058
0.000118
0.000133
0.000104
0.000063
0.000068
0.000114
0.000104
0.000014
-0.000063
-0.000065
-0.000014
0.000052
0.000135
0.000216
0.000196
0.000042
-0.000136
-0.000231
-0.000232
-0.000182
-0.000095
0.000009
0.000052
0.000005
-0.000043
-0.000026
0.000001
-0.000011
-0.000018
0.000005
0.000006
-0.000021
-0.000012
0.000042
0.000090
0.000100
0.000082
0.000058
0.000043
0.000019
-0.000054
-0.000135
-0.000129
-0.000050
-0.000011
-0.000005
0.000095
0.000294
0.000433
0.000418
0.000313
0.000186
0.000047
-0.000076
-0.000149
-0.000182
-0.000203
-0.000245
-0.000318
-0.000377
-0.000358
-0.000267
-0.000187
-0.000169
-0.000205
-0.000255
-0.000246
-0.000142
0.000012
0.000143
0.000200
0.000171
0.000131
0.000166
0.000233
0.000240
0.000204
0.000178
0.000161
0.000136
0.000101
0.000086
0.000095
0.000053
-0.000048
-0.000107
-0.000106
-0.000134
-0.000178
-0.000134
-0.000010
0.000097
0.000132
0.000078
-0.000027
-0.000053
0.000051
0.000157
0.000165
0.000117
0.000062
0.000021
0.000016
0.000009
-0.000032
-0.000052
-0.000025
-0.000020
-0.000076
-0.000135
-0.000153
-0.000139
-0.000100
-0.000050
-0.000006
0.000029
0.000055
0.000073
0.000088
0.000084
0.000029
-0.000054
-0.000128
-0.000192
-0.000218
-0.000150
-0.000004
0.000139
0.000190
0.000125
0.000021
-0.000002
0.000072
0.000127
0.000089
0.000030
0.000036
0.000075
0.000069
0.000010
-0.000052
-0.000106
-0.000155
-0.000149
-0.000092
-0.000055
-0.000040
0.000009
0.000078
0.000093
0.000043
-0.000015
-0.000042
-0.000039
-0.000020
0.000013
0.000074
0.000157
0.000204
0.000187
0.000137
0.000064
-0.000042
-0.000149
-0.000202
-0.000179
-0.000117
-0.000051
0.000005
0.000020
0.000005
0.000007
0.000034
0.000079
0.000093
-0.000003
-0.000150
-0.000190
-0.000112
-0.000047
-0.000044
-0.000030
0.000024
0.000054
0.000020
-0.000052
-0.000089
-0.000024
0.000099
0.000160
0.000113
0.000056
0.000104
0.000196
0.000160
-0.000005
-0.000122
-0.000110
-0.000075
-0.000106
-0.000139
-0.000062
0.000104
0.000172
0.000004
-0.000257
-0.000377
-0.000337
-0.000259
-0.000191
-0.000100
0.000029
0.000153
0.000223
0.000266
0.000316
0.000318
0.000228
0.000137
0.000145
0.000223
0.000266
0.000235
0.000181
0.000146
0.000113
0.000055
-0.000046
-0.000173
-0.000228
-0.000134
0.000007
0.000029
-0.000053
-0.000122
-0.000169
-0.000231
-0.000268
-0.000268
-0.000288
-0.000312
-0.000262
-0.000149
-0.000021
0.000122
0.000258
0.000315
0.000275
0.000191
0.000091
-0.000018
-0.000096
-0.000122
-0.000156
-0.000188
-0.000100
0.000095
0.000207
0.000157
0.000050
-0.000033
-0.000091
-0.000103
-0.000046
0.000046
0.000111
0.000120
0.000092
0.000064
0.000030
-0.000038
-0.000129
-0.000179
-0.000150
-0.000073
0.000002
0.000065
0.000109
0.000100
0.000054
0.000037
0.000042
-0.000002
-0.000077
-0.000090
-0.000018
0.000070
0.000111
0.000117
0.000122
0.000099
0.000028
-0.000077
-0.000209
-0.000300
-0.000242
-0.000060
0.000099
0.000176
0.000195
0.000156
0.000071
-0.000005
-0.000061
-0.000131
-0.000202
-0.000187
-0.000057
0.000081
0.000133
0.000113
0.000071
0.000030
0.000004
0.000003
0.000013
-0.000002
-0.000032
-0.000013
0.000066
0.000138
0.000128
0.000023
-0.000096
-0.000154
-0.000165
-0.000155
-0.000099
-0.000013
0.000040
0.000052
0.000063
0.000088
0.000110
0.000091
0.000018
-0.000052
-0.000071
-0.000075
-0.000075
-0.000010
0.000093
0.000105
0.000016
-0.000049
-0.000036
0.000004
0.000020
0.000007
-0.000008
0.000024
0.000081
0.000073
0.000003
-0.000020
0.000018
0.000026
-0.000017
-0.000074
-0.000128
-0.000133
-0.000048
0.000041
0.000056
0.000109
0.000272
0.000374
0.000295
0.000151
0.000050
-0.000032
-0.000117
-0.000174
-0.000156
-0.000078
-0.000032
-0.000065
-0.000128
-0.000198
-0.000286
-0.000361
-0.000377
-0.000329
-0.000234
-0.000133
-0.000062
0.000008
0.000095
0.000147
0.000123
0.000049
-0.000003
0.000054
0.000204
0.000318
0.000318
0.000269
0.000234
0.000185
0.000087
-0.000024
-0.000085
-0.000093
-0.000095
-0.000104
-0.000095
-0.000054
-0.000006
0.000019
0.000036
0.000073
0.000099
0.000076
0.000038
0.000051
0.000112
0.000136
0.000111
0.000149
0.000254
0.000264
0.000104
-0.000098
-0.000186
-0.000163
-0.000144
-0.000169
-0.000172
-0.000119
-0.000052
-0.000016
-0.000020
-0.000062
-0.000125
-0.000174
-0.000166
-0.000091
-0.000016
-0.000015
-0.000062
-0.000084
-0.000056
-0.000029
-0.000057
-0.000097
-0.000085
-0.000034
0.000032
0.000116
0.000183
0.000177
0.000143
0.000155
0.000188
0.000181
0.000125
0.000031
-0.000082
-0.000161
-0.000167
-0.000112
-0.000049
-0.000026
-0.000038
-0.000059
-0.000091
-0.000155
-0.000209
-0.000172
-0.000080
-0.000039
-0.000018
0.000080
0.000214
0.000286
0.000288
0.000253
0.000179
0.000076
0.000018
0.000051
0.000120
0.000150
0.000137
0.000102
0.000038
-0.000040
-0.000098
-0.000121
-0.000113
-0.000084
-0.000054
0.000005
0.000120
0.000189
0.000115
-0.000013
-0.000056
-0.000037
-0.000062
-0.000150
-0.000228
-0.000262
-0.000272
-0.000258
-0.000201
-0.000109
-0.000022
0.000017
0.000014
0.000011
0.000018
0.000019
0.000034
0.000059
0.000029
-0.000025
0.000020
0.000167
0.000291
0.000337
0.000298
0.000128
-0.000127
-0.000301
-0.000344
-0.000343
-0.000302
-0.000142
0.000119
0.000333
0.000392
0.000333
0.000255
0.000207
0.000165
0.000070
-0.000068
-0.000137
-0.000075
0.000039
0.000087
0.000029
-0.000086
-0.000170
-0.000170
-0.000119
-0.000097
-0.000104
-0.000049
0.000082
0.000168
0.000095
-0.000102
-0.000259
-0.000296
-0.000335
-0.000574
-0.000906
-0.000710
0.000290
0.001093
0.000513
-0.000922
-0.001395
-0.000228
0.001236
0.001411
0.000224
-0.001058
-0.001230
-0.000296
0.000613
0.000525
-0.000167
-0.000101
0.001350
0.003278
0.004219
0.003509
0.001754
0.000232
-0.000337
-0.000408
-0.000827
-0.001674
-0.002217
-0.001908
-0.001105
-0.000713
-0.001281
-0.002548
-0.003734
-0.004194
-0.003830
-0.002966
-0.001962
-0.000909
0.000301
0.001615
0.002683
0.003192
0.003127
0.002730
0.002378
0.002382
0.002753
0.003177
0.003276
0.002952
0.002452
0.001953
0.001303
0.000313
-0.001023
-0.002493
-0.003502
-0.003482
-0.002804
-0.002487
-0.002748
-0.002768
-0.002078
-0.001235
-0.000989
-0.001421
-0.001906
-0.001659
-0.000502
0.000836
0.001526
0.001677
0.002058
0.002808
0.003179
0.002686
0.001769
0.001103
0.000935
0.001076
0.001101
0.000768
0.000375
0.000223
-0.000021
-0.000698
-0.001424
-0.001780
-0.002039
-0.002464
-0.002638
-0.002223
-0.001599
-0.001180
-0.000882
-0.000476
0.000164
0.000990
0.001525
0.001285
0.000708
0.000762
0.001432
0.001691
0.001119
0.000436
0.000281
0.000340
-0.000330
-0.002354
-0.004961
-0.006248
-0.005201
-0.002691
0.000053
0.002736
0.005299
0.007450
0.009070
0.009709
0.008404
0.005289
0.002167
0.000366
-0.000575
-0.001533
-0.002680
-0.003889
-0.004938
-0.005531
-0.005811
-0.006379
-0.007464
-0.008505
-0.008645
-0.007426
-0.005126
-0.002440
0.000181
0.002710
0.005237
0.007635
0.009309
0.009556
0.008452
0.006941
0.005796
0.004979
0.004126
0.003040
0.001731
0.000441
-0.000685
-0.001959
-0.003712
-0.005771
-0.007671
-0.008939
-0.009188
-0.008404
-0.006974
-0.005259
-0.003320
-0.001038
0.001520
0.003782
0.005031
0.005359
0.005616
0.006173
0.006618
0.006686
0.006466
0.005920
0.005016
0.003835
0.002230
0.000030
-0.002521
-0.005023
-0.007090
-0.008225
-0.008252
-0.007599
-0.006628
-0.005252
-0.003439
-0.001521
0.000111
0.001321
0.002272
0.003227
0.004256
0.005126
0.005564
0.005579
0.005301
0.004680
0.003639
0.002247
0.000542
-0.001363
-0.003031
-0.004036
-0.004357
-0.004179
-0.003677
-0.003053
-0.002366
-0.001518
-0.000639
-0.000110
-0.000018
0.000082
0.000637
0.001431
0.001733
0.001236
0.000429
-0.000073
-0.000094
0.000072
-0.000109
-0.001088
-0.003002
-0.005339
-0.006980
-0.007028
-0.004849
0.000038
0.006044
0.009803
0.011340
0.014389
0.018479
0.017928
0.011491
0.004585
0.000467
-0.002877
-0.007081
-0.011023
-0.013369
-0.013940
-0.013528
-0.012923
-0.011818
-0.010170
-0.009415
-0.009721
-0.008512
-0.004382
0.000615
0.004415
0.007570
0.011410
0.015809
0.019131
0.019616
0.017105
0.013247
0.009495
0.005650
0.001227
-0.002897
-0.005762
-0.007958
-0.009999
-0.010821
-0.010163
-0.009995
-0.011289
-0.012259
-0.011373
-0.009202
-0.006710
-0.004098
-0.001067
0.002947
0.007805
0.011991
0.014184
0.014561
0.013371
0.010124
0.005783
0.003311
0.003490
0.002937
-0.000401
-0.003350
-0.002956
-0.001592
-0.002963
-0.006858
-0.010187
-0.010859
-0.009671
-0.008515
-0.007316
-0.004835
-0.001578
0.001281
0.004140
0.007159
0.008644
0.007614
0.005803
0.005330
0.005769
0.004989
0.002545
0.000479
0.000152
0.000271
-0.000781
-0.002626
-0.004013
-0.004646
-0.004852
-0.004554
-0.003599
-0.002490
-0.001793
-0.001221
-0.000127
0.001225
0.001655
0.000746
-0.000208
0.000110
0.001206
0.001753
0.001644
0.001973
0.003228
0.004447
0.004600
0.003647
0.001775
-0.000884
-0.003686
-0.005859
-0.007128
-0.007917
-0.009417
-0.012332
-0.015378
-0.015781
-0.010251
0.001728
0.013161
0.016788
0.017924
0.025720
0.034947
0.033574
0.022346
0.011396
0.004346
-0.002626
-0.011251
-0.018589
-0.022575
-0.025032
-0.027167
-0.026285
-0.020787
-0.014894
-0.013707
-0.015232
-0.012311
-0.003252
0.005310
0.009035
0.011997
0.018297
0.025592
0.030054
0.030593
0.027447
0.021647
0.014629
0.006915
-0.000716
-0.006823
-0.012058
-0.018074
-0.022734
-0.022100
-0.017589
-0.015085
-0.016170
-0.016190
-0.012291
-0.007306
-0.004039
-0.001439
0.002267
0.007206
0.012741
0.017964
0.021908
0.023830
0.022874
0.018987
0.013894
0.008773
0.002335
-0.006563
-0.015757
-0.020323
-0.017983
-0.013727
-0.013157
-0.013420
-0.009422
-0.003275
0.000318
0.000770
0.000251
0.001118
0.003702
0.005839
0.006965
0.008473
0.009358
0.008103
0.006552
0.006216
0.004954
0.000863
-0.004128
-0.006451
-0.005406
-0.004044
-0.004567
-0.005015
-0.003040
-0.000095
0.001216
0.001030
0.000767
0.000470
-0.000292
-0.000955
-0.000916
-0.000737
-0.001285
-0.002172
-0.001947
-0.000182
0.001431
0.001294
0.000481
0.001160
0.003200
0.004514
0.004110
0.002993
0.002409
0.002336
0.002043
0.001360
0.000371
-0.001247
-0.003187
-0.004510
-0.005405
-0.006427
-0.006995
-0.006946
-0.006745
-0.006026
-0.005666
-0.008265
-0.013280
-0.014917
-0.007276
0.006854
0.016342
0.018438
0.024163
0.036593
0.042801
0.035937
0.024082
0.013949
0.003476
-0.009736
-0.022853
-0.031161
-0.034558
-0.036902
-0.037773
-0.032285
-0.020889
-0.011275
-0.008340
-0.007630
-0.002157
0.006726
0.011700
0.012073
0.014279
0.020369
0.026475
0.030216
0.031353
0.029576
0.025299
0.018487
0.008635
-0.002149
-0.011243
-0.019725
-0.028773
-0.034623
-0.032885
-0.025993
-0.020531
-0.017563
-0.012270
-0.003571
0.003704
0.006796
0.007919
0.009461
0.011670
0.013934
0.015817
0.017819
0.020163
0.020902
0.018492
0.014466
0.009907
0.003217
-0.005938
-0.015414
-0.023542
-0.028441
-0.027572
-0.022336
-0.017100
-0.011897
-0.003966
0.005401
0.012510
0.015440
0.014224
0.011441
0.010089
0.009220
0.006672
0.003627
0.001808
0.000866
0.000417
0.000310
-0.000466
-0.002626
-0.005450
-0.007344
-0.007248
-0.005875
-0.004857
-0.004213
-0.002243
0.001453
0.004832
0.005991
0.005098
0.003369
0.001551
-0.000422
-0.002840
-0.005202
-0.006286
-0.005587
-0.003579
-0.000643
0.002744
0.005431
0.006803
0.007404
0.007549
0.006818
0.004879
0.001883
-0.001193
-0.002997
-0.003678
-0.004537
-0.005535
-0.005742
-0.005272
-0.004650
-0.004030
-0.003575
-0.003126
-0.002372
-0.001491
-0.000353
0.001492
0.003150
0.003059
0.001284
-0.000786
-0.002008
-0.002049
-0.001630
-0.001674
-0.001512
0.001492
0.009113
0.017832
0.021188
0.019337
0.018509
0.018987
0.014567
0.004049
-0.007260
-0.015774
-0.022177
-0.027597
-0.030779
-0.029585
-0.024659
-0.018835
-0.012758
-0.004884
0.004170
0.010738
0.012558
0.012259
0.013866
0.016599
0.016609
0.014071
0.012687
0.013372
0.013877
0.012668
0.009581
0.005090
0.000093
-0.005266
-0.011353
-0.017059
-0.020611
-0.022114
-0.022604
-0.021157
-0.015897
-0.007943
-0.001084
0.003366
0.007666
0.012673
0.015980
0.015882
0.013585
0.011223
0.009786
0.008670
0.006864
0.004728
0.003190
0.001602
-0.000967
-0.003597
-0.005557
-0.008233
-0.012513
-0.016426
-0.017076
-0.014326
-0.011075
-0.008568
-0.004032
0.004133
0.012400
0.016642
0.017171
0.016619
0.015562
0.012394
0.006486
-0.000165
-0.005085
-0.008051
-0.010131
-0.011143
-0.010201
-0.007891
-0.005724
-0.003942
-0.001626
0.001192
0.003006
0.003014
0.002646
0.003568
0.005021
0.004987
0.003368
0.001971
0.001536
0.000786
-0.001228
-0.003599
-0.004960
-0.005115
-0.004697
-0.003900
-0.002206
0.000434
0.003000
0.004726
0.005984
0.006939
0.006646
0.004509
0.001534
-0.000828
-0.002349
-0.003777
-0.005418
-0.006543
-0.006134
-0.004382
-0.002844
-0.002061
-0.000625
0.001802
0.003427
0.003651
0.003577
0.003127
0.001621
-0.000204
-0.001627
-0.003289
-0.005778
-0.008183
-0.008657
-0.006728
-0.004541
-0.003429
0.000162
0.009648
0.019731
0.022517
0.020644
0.021746
0.023782
0.018898
0.007211
-0.003866
-0.010689
-0.016583
-0.024390
-0.030818
-0.031319
-0.026888
-0.021668
-0.016901
-0.010590
-0.001809
0.006335
0.010126
0.011121
0.013503
0.016578
0.016534
0.013677
0.011777
0.012332
0.013432
0.012722
0.009840
0.006672
0.004734
0.002525
-0.002424
-0.009198
-0.014209
-0.016562
-0.018906
-0.021691
-0.021353
-0.016574
-0.010971
-0.006961
-0.002433
0.004280
0.010973
0.014742
0.015488
0.015327
0.015600
0.015095
0.012066
0.007508
0.004134
0.002220
-0.000421
-0.004003
-0.006166
-0.006496
-0.007226
-0.008965
-0.010081
-0.009936
-0.009361
-0.008842
-0.007808
-0.005334
-0.001600
0.002201
0.005580
0.008644
0.011074
0.012435
0.012239
0.010189
0.007032
0.003626
-0.000024
-0.003630
-0.006363
-0.007838
-0.008110
-0.007446
-0.006090
-0.003965
-0.001468
0.000419
0.001483
0.002184
0.002574
0.002426
0.001693
0.000668
-0.000096
-0.000444
-0.000662
-0.000778
-0.000634
-0.000301
0.000052
0.000287
0.000423
0.000697
0.001133
0.001451
0.001588
0.001758
0.001994
0.002033
0.001660
0.001023
0.000397
-0.000297
-0.001234
-0.002127
-0.002582
-0.002885
-0.003530
-0.004012
-0.003380
-0.001853
-0.000379
0.000754
0.001620
0.002106
0.002148
0.001640
0.000623
-0.000482
-0.001924
-0.004574
-0.007568
-0.008643
-0.007799
-0.006936
-0.005206
0.000818
0.010603
0.018167
0.020690
0.022596
0.026397
0.027115
0.020637
0.010119
0.000407
-0.008118
-0.017500
-0.027268
-0.033958
-0.035263
-0.032605
-0.028377
-0.022509
-0.013641
-0.002681
0.006905
0.013015
0.017118
0.020747
0.022388
0.020517
0.016814
0.013798
0.011703
0.009416
0.006612
0.004092
0.002972
0.003169
0.002542
-0.000718
-0.005247
-0.008555
-0.011046
-0.014797
-0.019117
-0.021010
-0.019722
-0.017191
-0.014081
-0.008953
-0.001564
0.006018
0.011964
0.016293
0.019756
0.022197
0.022312
0.019234
0.014189
0.009319
0.004866
-0.000585
-0.006884
-0.011597
-0.013309
-0.013556
-0.014146
-0.014349
-0.012410
-0.008548
-0.004871
-0.002855
-0.001619
0.000792
0.004204
0.006348
0.006815
0.007557
0.009055
0.009753
0.008830
0.006929
0.005140
0.003718
0.001476
-0.002090
-0.005185
-0.006507
-0.007160
-0.008035
-0.008161
-0.006563
-0.003823
-0.001380
0.000200
0.001713
0.003597
0.004782
0.004220
0.002509
0.001086
0.000364
-0.000470
-0.001773
-0.002603
-0.002110
-0.000732
0.000516
0.001297
0.002134
0.003323
0.004063
0.003555
0.002364
0.001444
0.000656
-0.000589
-0.002015
-0.002763
-0.002602
-0.002208
-0.002173
-0.002230
-0.001891
-0.001487
-0.001608
-0.001734
-0.000950
0.000297
0.000939
0.000974
0.001034
0.001392
0.001712
0.001275
-0.000006
-0.001502
-0.003229
-0.005320
-0.006819
-0.007392
-0.007776
-0.006678
-0.001593
0.005992
0.011641
0.014788
0.018708
0.023532
0.025085
0.021317
0.014952
0.008599
0.001264
-0.008521
-0.018983
-0.026711
-0.030484
-0.031639
-0.031256
-0.028424
-0.021728
-0.012027
-0.002372
0.005537
0.012647
0.019174
0.023158
0.023671
0.022136
0.019705
0.016120
0.011309
0.006207
0.001988
-0.000680
-0.001961
-0.002840
-0.004116
-0.005149
-0.004873
-0.004206
-0.005218
-0.007685
-0.009481
-0.010276
-0.011528
-0.013144
-0.013254
-0.011067
-0.007737
-0.004307
-0.000257
0.005217
0.011333
0.016248
0.019001
0.020031
0.019960
0.018415
0.014510
0.008500
0.001905
-0.004235
-0.009916
-0.014891
-0.018223
-0.019241
-0.018165
-0.015759
-0.012527
-0.008365
-0.003292
0.001921
0.006376
0.009686
0.011800
0.012790
0.012631
0.011201
0.008844
0.006188
0.003405
0.000554
-0.001988
-0.003958
-0.005371
-0.006342
-0.006945
-0.006909
-0.005977
-0.004606
-0.003302
-0.001829
-0.000004
0.001756
0.003055
0.003804
0.004054
0.003846
0.003104
0.001870
0.000487
-0.000789
-0.001901
-0.002714
-0.003081
-0.002965
-0.002365
-0.001356
-0.000065
0.001366
0.002682
0.003605
0.004042
0.004013
0.003538
0.002708
0.001669
0.000521
-0.000662
-0.001779
-0.002733
-0.003405
-0.003737
-0.003878
-0.003884
-0.003468
-0.002523
-0.001456
-0.000602
0.000079
0.000658
0.001164
0.001526
0.001476
0.000902
-0.000127
-0.001573
-0.003064
-0.004361
-0.005804
-0.006314
-0.003484
0.001853
0.005865
0.008169
0.011818
0.016775
0.019557
0.018688
0.016125
0.013456
0.009214
0.001595
-0.007476
-0.014489
-0.019268
-0.023731
-0.027716
-0.029206
-0.026823
-0.021096
-0.014246
-0.007703
-0.000556
0.007569
0.014623
0.019153
0.022012
0.023905
0.023901
0.021042
0.016120
0.011030
0.006532
0.001955
-0.002957
-0.007490
-0.010702
-0.011889
-0.011458
-0.010838
-0.010291
-0.008652
-0.006125
-0.004408
-0.003649
-0.002409
-0.000673
-0.000060
-0.000921
-0.001515
-0.000567
0.001046
0.002047
0.002721
0.004065
0.006150
0.008214
0.009537
0.009878
0.009437
0.008271
0.006039
0.002798
-0.000680
-0.003984
-0.007456
-0.011007
-0.013492
-0.013982
-0.013023
-0.011491
-0.008947
-0.004860
-0.000108
0.004300
0.008135
0.011154
0.013018
0.013518
0.012471
0.010221
0.007486
0.004395
0.000835
-0.002791
-0.005861
-0.007768
-0.008309
-0.008204
-0.007952
-0.006919
-0.004927
-0.002898
-0.001267
0.000235
0.001536
0.002343
0.002649
0.002698
0.002752
0.002756
0.002453
0.001872
0.001277
0.000887
0.000735
0.000523
0.000016
-0.000450
-0.000547
-0.000508
-0.000554
-0.000548
-0.000353
0.000005
0.000359
0.000538
0.000626
0.000760
0.000733
0.000287
-0.000418
-0.000927
-0.000993
-0.000941
-0.001225
-0.001593
-0.001499
-0.001208
-0.001352
-0.001772
-0.001831
-0.001522
-0.001531
-0.002254
-0.003235
-0.003825
-0.004048
-0.003998
-0.002758
0.000439
0.004379
0.007293
0.009359
0.011708
0.013927
0.014548
0.013504
0.011991
0.009823
0.005613
-0.000010
-0.004750
-0.008336
-0.012199
-0.016144
-0.018713
-0.019463
-0.018577
-0.016165
-0.012932
-0.009599
-0.005891
-0.001494
0.003084
0.007320
0.011115
0.014118
0.015700
0.016008
0.015879
0.015273
0.013313
0.010074
0.006403
0.002487
-0.001519
-0.004825
-0.007353
-0.009847
-0.012014
-0.012681
-0.011842
-0.010481
-0.008811
-0.006522
-0.004033
-0.001875
0.000336
0.002878
0.004882
0.005701
0.006023
0.006411
0.006425
0.005917
0.005307
0.004487
0.003171
0.001846
0.000998
0.000135
-0.001364
-0.003168
-0.004510
-0.005074
-0.004997
-0.004597
-0.004222
-0.003887
-0.003175
-0.001921
-0.000538
0.000715
0.002009
0.003179
0.003820
0.004124
0.004437
0.004435
0.003730
0.002595
0.001553
0.000870
0.000506
0.000137
-0.000488
-0.001142
-0.001474
-0.001595
-0.001868
-0.002372
-0.002873
-0.003108
-0.003073
-0.002968
-0.002754
-0.002215
-0.001489
-0.000860
-0.000220
0.000622
0.001423
0.001856
0.002037
0.002201
0.002289
0.002193
0.001978
0.001741
0.001586
0.001592
0.001642
0.001511
0.001193
0.000884
0.000626
0.000187
-0.000534
-0.001264
-0.001717
-0.001942
-0.002161
-0.002442
-0.002657
-0.002649
-0.002395
-0.002035
-0.001864
-0.002391
-0.003875
-0.005406
-0.005236
-0.002839
0.000108
0.001667
0.001993
0.002740
0.004604
0.006926
0.009145
0.010646
0.010288
0.008282
0.006769
0.006667
0.006146
0.003510
-0.000518
-0.004062
-0.006035
-0.006648
-0.007031
-0.008262
-0.010146
-0.011279
-0.010697
-0.008906
-0.006990
-0.005471
-0.004305
-0.002970
-0.000613
0.002681
0.005413
0.006550
0.006787
0.007180
0.007833
0.008296
0.008022
0.006541
0.004273
0.002592
0.002053
0.001499
-0.000012
-0.001724
-0.002629
-0.002883
-0.002942
-0.002850
-0.002869
-0.003315
-0.003695
-0.003317
-0.002453
-0.001872
-0.001776
-0.001833
-0.001655
-0.000990
-0.000031
0.000534
0.000361
0.000073
0.000389
0.001065
0.001409
0.001300
0.001093
0.000997
0.000908
0.000637
0.000297
0.000350
0.000987
0.001696
0.001859
0.001491
0.001044
0.000839
0.000945
0.001150
0.000988
0.000256
-0.000561
-0.000805
-0.000509
-0.000402
-0.000995
-0.001873
-0.002116
-0.001438
-0.000561
-0.000273
-0.000529
-0.000746
-0.000622
-0.000377
-0.000349
-0.000520
-0.000551
-0.000293
0.000012
0.000150
0.000227
0.000354
0.000424
0.000418
0.000482
0.000549
0.000342
-0.000099
-0.000329
-0.000171
-0.000021
-0.000151
-0.000253
0.000036
0.000655
0.001312
0.001771
0.001962
0.001971
0.001879
0.001606
0.001021
0.000170
-0.000651
-0.001178
-0.001483
-0.001778
-0.002313
-0.003743
-0.006443
-0.008505
-0.006661
-0.001398
0.002258
0.001794
0.000430
0.001191
0.003217
0.005397
0.007515
0.007350
0.003694
0.000869
0.002623
0.005182
0.003711
-0.000071
-0.002497
-0.003144
-0.002174
0.000186
0.001077
-0.001241
-0.003533
-0.003021
-0.001697
-0.001673
-0.002344
-0.003331
-0.004427
-0.003764
-0.001061
0.000460
-0.000591
-0.001312
-0.000045
0.001392
0.002038
0.002406
0.001758
0.000143
0.000025
0.001762
0.002265
0.000697
-0.000263
0.000282
0.000739
0.000948
0.001537
0.001466
0.000409
0.000282
0.001525
0.001964
0.000847
-0.000185
-0.000409
-0.000489
-0.000537
-0.000634
-0.001445
-0.002574
-0.002699
-0.001917
-0.001547
-0.001880
-0.002145
-0.001867
-0.000994
0.000178
0.000819
0.000560
0.000087
-0.000068
0.000036
0.000661
0.001883
0.002692
0.002444
0.001944
0.001877
0.001951
0.001921
0.001782
0.001259
0.000365
-0.000272
-0.000448
-0.000675
-0.001162
-0.001682
-0.002119
-0.002217
-0.001710
-0.001063
-0.000871
-0.000863
-0.000632
-0.000436
-0.000407
-0.000226
0.000054
0.000144
0.000216
0.000456
0.000625
0.000708
0.001019
0.001427
0.001471
0.001134
0.000745
0.000405
0.000041
-0.000259
-0.000444
-0.000660
-0.000837
-0.000705
-0.000427
-0.000424
-0.000613
-0.000583
-0.000290
0.000011
0.000286
0.000615
0.000751
0.000153
-0.001740
-0.004567
-0.005816
-0.003150
0.001196
0.002622
0.000940
-0.000098
0.000858
0.002280
0.003794
0.004991
0.003663
0.000605
0.000338
0.003088
0.003719
0.000747
-0.001962
-0.002507
-0.002088
-0.000900
0.000623
0.000296
-0.001663
-0.002174
-0.000813
-0.000117
-0.000857
-0.001815
-0.002356
-0.002086
-0.000753
0.000274
-0.000268
-0.000979
-0.000285
0.000804
0.001125
0.001097
0.000760
-0.000096
-0.000294
0.000657
0.000966
-0.000095
-0.000635
0.000177
0.000903
0.000998
0.001119
0.000973
0.000394
0.000541
0.001431
0.001329
0.000013
-0.000857
-0.000802
-0.000687
-0.000723
-0.000780
-0.001071
-0.001222
-0.000602
0.000247
0.000342
-0.000166
-0.000536
-0.000570
-0.000398
-0.000257
-0.000529
-0.001070
-0.001256
-0.001168
-0.001367
-0.001540
-0.000813
0.000885
0.002642
0.003473
0.003222
0.002615
0.002361
0.002294
0.001711
0.000507
-0.000625
-0.001080
-0.000860
-0.000506
-0.000689
-0.001357
-0.001615
-0.001011
-0.000189
0.000121
-0.000021
-0.000142
-0.000058
-0.000045
-0.000474
-0.001224
-0.001726
-0.001681
-0.001339
-0.001084
-0.000898
-0.000371
0.000571
0.001415
0.001817
0.001944
0.001994
0.002041
0.002083
0.001843
0.001024
-0.000067
-0.000766
-0.000972
-0.001151
-0.001489
-0.001895
-0.002836
-0.004734
-0.005998
-0.004121
-0.000027
0.002247
0.001494
0.000652
0.001487
0.002724
0.003636
0.004427
0.003857
0.001739
0.001063
0.002829
0.003437
0.000995
-0.001622
-0.002313
-0.002150
-0.001723
-0.000824
-0.000586
-0.001402
-0.001472
-0.000313
0.000178
-0.000663
-0.001489
-0.001541
-0.001077
-0.000415
-0.000180
-0.000686
-0.000920
-0.000129
0.000773
0.000975
0.000824
0.000531
0.000283
0.000731
0.001333
0.000631
-0.000800
-0.001009
-0.000143
0.000256
0.000194
0.000367
0.000443
0.000455
0.001141
0.001831
0.001225
0.000074
-0.000145
0.000124
-0.000099
-0.000468
-0.000644
-0.000937
-0.001007
-0.000431
-0.000025
-0.000513
-0.001166
-0.001206
-0.000938
-0.000789
-0.000763
-0.000902
-0.001098
-0.000953
-0.000509
-0.000315
-0.000399
0.000090
0.001559
0.002915
0.002982
0.002275
0.002052
0.002345
0.002202
0.001258
-0.000005
-0.001017
-0.001390
-0.001154
-0.001031
-0.001507
-0.001871
-0.001337
-0.000366
0.000216
0.000384
0.000484
0.000663
0.000900
0.000880
0.000283
-0.000567
-0.001090
-0.001235
-0.001333
-0.001569
-0.001747
-0.001423
-0.000556
0.000300
0.000781
0.001091
0.001423
0.001644
0.001612
0.001339
0.000880
0.000323
-0.000230
-0.001070
-0.002861
-0.005062
-0.005170
-0.002055
0.001320
0.001894
0.001001
0.001350
0.002634
0.003438
0.003804
0.003405
0.001601
0.000209
0.001102
0.002114
0.000589
-0.001826
-0.002531
-0.002041
-0.001501
-0.000777
-0.000397
-0.000953
-0.001146
-0.000151
0.000409
-0.000551
-0.001703
-0.001743
-0.000974
-0.000208
0.000040
-0.000234
-0.000283
0.000447
0.001337
0.001593
0.001270
0.000703
0.000276
0.000432
0.000723
0.000232
-0.000565
-0.000540
0.000020
0.000284
0.000367
0.000388
0.000098
0.000042
0.000709
0.001044
0.000259
-0.000458
-0.000192
0.000148
-0.000070
-0.000315
-0.000502
-0.000849
-0.000800
-0.000223
-0.000144
-0.000824
-0.001196
-0.000889
-0.000636
-0.000718
-0.000832
-0.000959
-0.001106
-0.000908
-0.000307
0.000133
0.000128
0.000211
0.000905
0.001897
0.002498
0.002547
0.002412
0.002307
0.002086
0.001600
0.000850
-0.000043
-0.000777
-0.001145
-0.001348
-0.001566
-0.001593
-0.001296
-0.000869
-0.000468
-0.000103
0.000178
0.000352
0.000449
0.000377
0.000017
-0.000531
-0.001017
-0.001279
-0.001335
-0.001299
-0.001240
-0.001092
-0.000745
-0.000190
0.000435
0.000939
0.001282
0.001586
0.001833
0.001763
0.001142
-0.000125
-0.001870
-0.003215
-0.002925
-0.001086
0.000514
0.000735
0.000523
0.001052
0.002032
0.002598
0.002473
0.001829
0.001104
0.000954
0.001312
0.001080
-0.000190
-0.001452
-0.001826
-0.001646
-0.001403
-0.001110
-0.000829
-0.000648
-0.000347
0.000059
0.000013
-0.000632
-0.001131
-0.000926
-0.000407
-0.000182
-0.000261
-0.000215
0.000219
0.000828
0.001139
0.000914
0.000428
0.000185
0.000313
0.000365
-0.000038
-0.000552
-0.000544
-0.000028
0.000447
0.000635
0.000683
0.000722
0.000847
0.001076
0.001109
0.000667
0.000071
-0.000175
-0.000180
-0.000341
-0.000658
-0.000923
-0.001069
-0.001022
-0.000781
-0.000644
-0.000792
-0.000939
-0.000820
-0.000641
-0.000671
-0.000782
-0.000803
-0.000826
-0.000752
-0.000278
0.000336
0.000494
0.000462
0.001048
0.001987
0.002303
0.002119
0.002150
0.002110
0.001503
0.000775
0.000294
-0.000291
-0.000962
-0.001237
-0.001240
-0.001368
-0.001357
-0.000891
-0.000336
-0.000019
0.000254
0.000583
0.000806
0.000853
0.000677
0.000207
-0.000392
-0.000837
-0.001051
-0.001184
-0.001372
-0.001465
-0.001188
-0.000650
-0.000215
0.000108
0.000482
0.000765
0.000782
0.000482
-0.000420
-0.001928
-0.002886
-0.002028
-0.000006
0.001168
0.000935
0.000737
0.001504
0.002524
0.002998
0.002831
0.002128
0.001432
0.001475
0.001739
0.000947
-0.000679
-0.001720
-0.001829
-0.001723
-0.001657
-0.001435
-0.001070
-0.000556
0.000046
0.000225
-0.000289
-0.000853
-0.000821
-0.000489
-0.000459
-0.000701
-0.000742
-0.000346
0.000240
0.000564
0.000477
0.000285
0.000351
0.000672
0.000835
0.000483
-0.000109
-0.000270
0.000101
0.000421
0.000393
0.000320
0.000447
0.000730
0.001039
0.001117
0.000796
0.000390
0.000255
0.000185
-0.000109
-0.000477
-0.000746
-0.000937
-0.000995
-0.000948
-0.001036
-0.001216
-0.001139
-0.000835
-0.000731
-0.000941
-0.001116
-0.000965
-0.000555
-0.000163
0.000029
0.000154
0.000507
0.001047
0.001398
0.001423
0.001331
0.001304
0.001302
0.001106
0.000590
0.000076
0.000077
0.000508
0.000668
0.000257
-0.000229
-0.000345
-0.000218
-0.000125
-0.000213
-0.000493
-0.000684
-0.000472
-0.000105
-0.000127
-0.000513
-0.000721
-0.000546
-0.000315
-0.000241
-0.000187
-0.000054
0.000072
0.000104
-0.000003
-0.000231
-0.000410
-0.000392
-0.000281
-0.000282
-0.000377
-0.000341
-0.000075
0.000275
0.000528
0.000666
0.000770
0.000874
0.000946
0.000913
0.000700
0.000387
0.000201
0.000189
0.000172
0.000030
-0.000199
-0.000398
-0.000482
-0.000498
-0.000548
-0.000621
-0.000648
-0.000649
-0.000695
-0.000775
-0.000763
-0.000579
-0.000325
-0.000131
0.000033
0.000233
0.000450
0.000651
0.000785
0.000737
0.000527
0.000377
0.000380
0.000383
0.000277
0.000130
0.000008
-0.000078
-0.000105
-0.000090
-0.000116
-0.000175
-0.000114
0.000082
0.000189
0.000111
0.000066
0.000193
0.000335
0.000403
0.000488
0.000554
0.000464
0.000261
0.000091
-0.000030
-0.000149
-0.000283
-0.000461
-0.000671
-0.000806
-0.000839
-0.000887
-0.000980
-0.001009
-0.000897
-0.000662
-0.000351
-0.000016
0.000277
0.000506
0.000716
0.000902
0.000981
0.000936
0.000843
0.000757
0.000660
0.000510
0.000287
0.000026
-0.000180
-0.000279
-0.000345
-0.000439
-0.000529
-0.000625
-0.000734
-0.000693
-0.000370
0.000088
0.000366
0.000136
-0.000749
-0.001867
-0.002322
-0.001665
-0.000478
0.000329
0.000599
0.000893
0.001508
0.002040
0.002025
0.001553
0.001101
0.000992
0.001082
0.000944
0.000416
-0.000186
-0.000496
-0.000587
-0.000761
-0.000964
-0.000824
-0.000274
0.000268
0.000427
0.000221
-0.000129
-0.000397
-0.000488
-0.000553
-0.000778
-0.001031
-0.000973
-0.000544
-0.000109
0.000002
-0.000073
0.000002
0.000228
0.000338
0.000247
0.000111
0.000058
0.000082
0.000120
0.000130
0.000168
0.000351
0.000639
0.000806
0.000759
0.000666
0.000651
0.000626
0.000467
0.000174
-0.000142
-0.000350
-0.000431
-0.000502
-0.000639
-0.000742
-0.000693
-0.000558
-0.000472
-0.000473
-0.000528
-0.000582
-0.000564
-0.000473
-0.000389
-0.000326
-0.000184
0.000094
0.000396
0.000574
0.000623
0.000643
0.000691
0.000724
0.000652
0.000475
0.000295
0.000183
0.000082
-0.000086
-0.000258
-0.000325
-0.000308
-0.000260
-0.000152
0.000024
0.000217
0.000420
0.000613
0.000616
0.000232
-0.000402
-0.000772
-0.000515
0.000022
0.000201
0.000018
-0.000029
0.000174
0.000261
0.000025
-0.000317
-0.000473
-0.000439
-0.000467
-0.000721
-0.001010
-0.001012
-0.000713
-0.000376
-0.000120
0.000189
0.000617
0.001037
0.001281
0.001242
0.000991
0.000743
0.000573
0.000379
0.000143
-0.000066
-0.000229
-0.000312
-0.000285
-0.000225
-0.000209
-0.000197
-0.000153
-0.000145
-0.000216
-0.000248
-0.000154
-0.000063
-0.000103
-0.000175
-0.000158
-0.000064
0.000090
0.000270
0.000320
0.000178
0.000034
0.000044
0.000075
-0.000071
-0.000322
-0.000441
-0.000380
-0.000278
-0.000222
-0.000202
-0.000179
-0.000079
0.000131
0.000319
0.000324
0.000219
0.000155
0.000104
0.000024
-0.000012
0.000016
0.000067
0.000155
0.000273
0.000352
0.000339
0.000199
-0.000030
-0.000221
-0.000302
-0.000306
-0.000294
-0.000341
-0.000433
-0.000442
-0.000327
-0.000189
-0.000076
0.000090
0.000348
0.000595
0.000700
0.000665
0.000556
0.000372
0.000116
-0.000101
-0.000208
-0.000276
-0.000352
-0.000391
-0.000367
-0.000311
-0.000267
-0.000263
-0.000255
-0.000168
-0.000018
0.000085
0.000091
0.000068
0.000104
0.000197
0.000293
0.000357
0.000327
0.000180
0.000060
0.000092
0.000158
0.000106
0.000013
0.000014
0.000049
-0.000029
-0.000217
-0.000369
-0.000372
-0.000273
-0.000211
-0.000220
-0.000193
-0.000065
0.000067
0.000075
0.000005
0.000002
0.000089
0.000145
0.000090
0.000025
0.000131
0.000366
0.000475
0.000374
0.000232
0.000186
0.000184
0.000112
-0.000049
-0.000208
-0.000269
-0.000232
-0.000196
-0.000236
-0.000271
-0.000186
-0.000062
-0.000058
-0.000145
-0.000188
-0.000174
-0.000159
-0.000121
-0.000048
0.000019
0.000115
0.000278
0.000399
0.000367
0.000232
0.000094
0.000042
0.000140
0.000299
0.000349
0.000245
0.000045
-0.000189
-0.000337
-0.000302
-0.000184
-0.000140
-0.000149
-0.000111
-0.000040
-0.000025
-0.000114
-0.000236
-0.000294
-0.000295
-0.000286
-0.000239
-0.000116
0.000035
0.000132
0.000151
0.000135
0.000119
0.000112
0.000108
0.000094
0.000058
0.000017
-0.000014
-0.000065
-0.000120
-0.000081
0.000069
0.000190
0.000191
0.000184
0.000270
0.000342
0.000276
0.000153
0.000122
0.000175
0.000174
0.000045
-0.000142
-0.000264
-0.000281
-0.000249
-0.000233
-0.000239
-0.000247
-0.000236
-0.000176
-0.000056
0.000106
0.000268
0.000343
0.000282
0.000194
0.000182
0.000126
-0.000069
-0.000210
-0.000143
-0.000037
-0.000056
-0.000099
-0.000077
-0.000070
-0.000114
-0.000143
-0.000147
-0.000144
-0.000096
-0.000013
0.000046
0.000085
0.000141
0.000203
0.000220
0.000153
0.000040
-0.000011
0.000042
0.000092
0.000047
-0.000027
-0.000055
-0.000084
-0.000135
-0.000131
-0.000068
-0.000029
-0.000019
-0.000003
0.000011
0.000006
0.000006
0.000035
0.000068
0.000092
0.000121
0.000117
0.000073
0.000066
0.000086
0.000075
0.000074
0.000098
0.000053
-0.000071
-0.000150
-0.000115
-0.000052
-0.000061
-0.000126
-0.000198
-0.000257
-0.000250
-0.000148
-0.000041
-0.000010
-0.000024
-0.000025
0.000013
0.000075
0.000110
0.000090
0.000058
0.000075
0.000117
0.000112
0.000099
0.000167
0.000251
0.000218
0.000087
-0.000011
-0.000029
-0.000022
-0.000049
-0.000122
-0.000189
-0.000202
-0.000213
-0.000259
-0.000245
-0.000109
0.000026
0.000044
0.000055
0.000187
0.000334
0.000326
0.000144
-0.000128
-0.000359
-0.000438
-0.000418
-0.000403
-0.000346
-0.000166
0.000052
0.000192
0.000256
0.000328
0.000454
0.000557
0.000528
0.000388
0.000269
0.000219
0.000163
0.000076
0.000022
0.000004
-0.000028
-0.000046
0.000008
0.000083
0.000066
-0.000058
-0.000212
-0.000337
-0.000412
-0.000420
-0.000389
-0.000369
-0.000338
-0.000256
-0.000138
-0.000017
0.000059
0.000078
0.000104
0.000149
0.000165
0.000177
0.000223
0.000251
0.000222
0.000171
0.000127
0.000071
0.000006
-0.000042
-0.000083
-0.000142
-0.000207
-0.000255
-0.000263
-0.000211
-0.000134
-0.000089
-0.000067
-0.000034
0.000003
0.000065
0.000183
0.000264
0.000165
-0.000005
0.000013
0.000175
0.000210
0.000099
0.000036
0.000053
0.000048
0.000021
0.000003
-0.000021
-0.000024
0.000016
0.000017
-0.000071
-0.000133
-0.000081
0.000003
0.000019
-0.000016
-0.000047
-0.000064
-0.000085
-0.000097
-0.000066
-0.000005
0.000045
0.000068
0.000066
0.000056
0.000076
0.000126
0.000148
0.000075
-0.000057
-0.000116
-0.000070
-0.000048
-0.000102
-0.000110
-0.000020
0.000045
-0.000004
-0.000111
-0.000188
-0.000195
-0.000156
-0.000130
-0.000113
-0.000049
0.000047
0.000107
0.000130
0.000172
0.000242
0.000273
0.000232
0.000168
0.000111
0.000052
-0.000018
-0.000096
-0.000171
-0.000217
-0.000197
-0.000097
0.000043
0.000152
0.000173
0.000111
0.000058
0.000085
0.000139
0.000143
0.000082
-0.000013
-0.000080
-0.000090
-0.000069
-0.000073
-0.000139
-0.000227
-0.000227
-0.000121
-0.000016
0.000019
0.000004
-0.000030
-0.000048
-0.000034
-0.000026
-0.000055
-0.000110
-0.000114
0.000069
0.000393
0.000578
0.000528
0.000435
0.000402
0.000317
0.000127
-0.000065
-0.000191
-0.000296
-0.000415
-0.000525
-0.000602
-0.000611
-0.000514
-0.000361
-0.000239
-0.000162
-0.000093
-0.000008
0.000088
0.000168
0.000229
0.000275
0.000286
0.000246
0.000188
0.000158
0.000172
0.000207
0.000215
0.000171
0.000100
0.000010
-0.000113
-0.000234
-0.000309
-0.000331
-0.000295
-0.000213
-0.000117
-0.000009
0.000105
0.000192
0.000249
0.000310
0.000375
0.000408
0.000384
0.000300
0.000181
0.000093
0.000080
0.000075
-0.000012
-0.000154
-0.000243
-0.000248
-0.000254
-0.000330
-0.000417
-0.000404
-0.000288
-0.000169
-0.000135
-0.000160
-0.000116
0.000050
0.000237
0.000329
0.000313
0.000266
0.000231
0.000172
0.000088
0.000035
0.000012
-0.000025
-0.000066
-0.000078
-0.000084
-0.000092
-0.000064
-0.000036
-0.000097
-0.000213
-0.000239
-0.000141
-0.000033
0.000006
0.000022
0.000062
0.000122
0.000191
0.000254
0.000288
0.000267
0.000191
0.000103
0.000042
-0.000015
-0.000083
-0.000128
-0.000139
-0.000136
-0.000151
-0.000187
-0.000186
-0.000111
-0.000010
0.000055
0.000093
0.000124
0.000125
0.000088
0.000048
0.000008
-0.000035
-0.000054
-0.000054
-0.000060
-0.000066
-0.000055
-0.000048
-0.000053
-0.000039
0.000001
0.000042
0.000067
0.000066
0.000054
0.000043
0.000005
-0.000035
-0.000010
0.000056
0.000060
0.000003
-0.000022
-0.000011
-0.000007
0.000011
0.000048
0.000056
0.000054
0.000077
0.000067
-0.000025
-0.000149
-0.000233
-0.000254
-0.000228
-0.000188
-0.000156
-0.000085
0.000088
0.000261
0.000197
-0.000088
-0.000280
-0.000235
-0.000121
-0.000050
0.000029
0.000139
0.000236
0.000301
0.000336
0.000335
0.000313
0.000286
0.000211
0.000070
-0.000046
-0.000044
0.000009
-0.000018
-0.000124
-0.000192
-0.000170
-0.000119
-0.000068
0.000023
0.000122
0.000157
0.000122
0.000072
0.000046
0.000031
-0.000026
-0.000117
-0.000177
-0.000185
-0.000174
-0.000175
-0.000181
-0.000139
-0.000057
-0.000038
-0.000102
-0.000128
-0.000062
0.000017
0.000057
0.000065
0.000042
0.000012
0.000035
0.000097
0.000129
0.000116
0.000078
0.000039
0.000027
0.000007
-0.000076
-0.000176
-0.000194
-0.000133
-0.000079
-0.000044
0.000014
0.000077
0.000088
0.000016
-0.000087
-0.000089
0.000042
0.000159
0.000144
0.000045
-0.000013
0.000028
0.000125
0.000205
0.000239
0.000227
0.000177
0.000134
0.000130
0.000109
0.000013
-0.000101
-0.000150
-0.000171
-0.000226
-0.000268
-0.000239
-0.000182
-0.000153
-0.000136
-0.000109
-0.000091
-0.000072
-0.000001
0.000101
0.000151
0.000141
0.000119
0.000093
0.000050
0.000017
0.000020
0.000025
-0.000004
-0.000032
-0.000010
0.000034
0.000054
0.000055
0.000040
-0.000019
-0.000118
-0.000171
-0.000098
0.000046
0.000122
0.000088
0.000032
0.000016
0.000015
0.000005
-0.000000
-0.000020
-0.000066
-0.000072
-0.000018
0.000026
0.000038
0.000056
0.000066
0.000042
0.000035
0.000082
0.000120
0.000092
0.000030
-0.000034
-0.000104
-0.000149
-0.000129
-0.000096
-0.000113
-0.000131
-0.000048
0.000109
0.000188
0.000126
0.000017
-0.000055
-0.000097
-0.000136
-0.000162
-0.000141
-0.000076
-0.000036
-0.000023
0.000111
0.000408
0.000617
0.000564
0.000393
0.000252
0.000130
0.000003
-0.000128
-0.000260
-0.000358
-0.000396
-0.000410
-0.000414
-0.000382
-0.000328
-0.000276
-0.000216
-0.000151
-0.000083
0.000010
0.000094
0.000085
0.000003
-0.000028
0.000043
0.000104
0.000065
0.000018
0.000092
0.000255
0.000373
0.000361
0.000247
0.000151
0.000161
0.000199
0.000132
-0.000006
-0.000084
-0.000084
-0.000097
-0.000150
-0.000182
-0.000147
-0.000068
-0.000016
-0.000008
0.000011
0.000063
0.000083
0.000037
-0.000015
-0.000013
0.000028
0.000066
0.000097
0.000119
0.000109
0.000070
0.000047
0.000032
-0.000041
-0.000161
-0.000210
-0.000145
-0.000076
-0.000123
-0.000212
-0.000163
0.000005
0.000104
0.000101
0.000090
0.000090
0.000081
0.000069
0.000036
-0.000027
-0.000067
-0.000048
0.000007
0.000061
0.000078
0.000050
0.000020
-0.000012
-0.000079
-0.000138
-0.000126
-0.000064
0.000002
0.000051
0.000056
0.000012
-0.000013
0.000020
0.000028
-0.000016
-0.000010
0.000050
0.000044
-0.000030
-0.000058
-0.000003
0.000051
0.000059
0.000078
0.000122
0.000115
0.000035
-0.000040
-0.000047
-0.000018
-0.000024
-0.000085
-0.000166
-0.000212
-0.000161
-0.000027
0.000080
0.000118
0.000166
0.000222
0.000211
