4800
0.000018
0.000055
0.000067
0.000062
0.000110
0.000198
0.000200
0.000093
0.000022
0.000052
0.000074
-0.000004
-0.000120
-0.000170
-0.000151
-0.000127
-0.000102
-0.000037
0.000025
-0.000011
-0.000086
-0.000033
0.000126
0.000179
0.000074
-0.000020
-0.000011
0.000028
0.000016
-0.000040
-0.000075
-0.000059
-0.000025
-0.000003
0.000004
-0.000002
-0.000030
-0.000098
-0.000147
-0.000083
0.000079
0.000199
0.000186
0.000105
0.000065
0.000060
0.000018
-0.000061
-0.000102
-0.000070
-0.000039
-0.000068
-0.000084
-0.000032
0.000022
0.000030
0.000020
0.000023
0.000018
-0.000009
-0.000020
-0.000021
-0.000063
-0.000105
-0.000040
0.000044
-0.000010
-0.000061
0.000046
0.000165
0.000159
0.000107
0.000086
0.000057
0.000025
0.000042
0.000014
-0.000176
-0.000398
-0.000452
-0.000388
-0.000339
-0.000259
-0.000061
0.000154
0.000253
0.000275
0.000321
0.000392
0.000435
0.000408
0.000324
0.000240
0.000176
0.000109
0.000057
0.000026
-0.000006
-0.000022
-0.000028
-0.000083
-0.000173
-0.000217
-0.000204
-0.000186
-0.000160
-0.000100
-0.000071
-0.000154
-0.000270
-0.000263
-0.000127
-0.000000
0.000033
0.000029
0.000062
0.000125
0.000158
0.000160
0.000159
0.000142
0.000104
0.000065
0.000011
-0.000072
-0.000135
-0.000125
-0.000081
-0.000096
-0.000159
-0.000151
-0.000069
-0.000042
-0.000085
-0.000064
0.000048
0.000115
0.000077
0.000006
-0.000042
-0.000079
-0.000103
-0.000085
-0.000027
0.000014
0.000027
0.000061
0.000118
0.000136
0.000131
0.000171
0.000227
0.000207
0.000132
0.000099
0.000094
0.000026
-0.000088
-0.000137
-0.000105
-0.000079
-0.000106
-0.000135
-0.000101
-0.000035
-0.000018
-0.000051
-0.000067
-0.000040
-0.000017
-0.000034
-0.000075
-0.000089
-0.000054
-0.000011
0.000016
0.000047
0.000068
0.000071
0.000093
0.000139
0.000171
0.000191
0.000187
0.000113
0.000011
-0.000036
-0.000065
-0.000112
-0.000124
-0.000108
-0.000138
-0.000172
-0.000111
-0.000011
-0.000016
-0.000107
-0.000128
-0.000047
0.000031
0.000077
0.000110
0.000085
-0.000008
-0.000076
-0.000045
0.000028
0.000047
0.000030
0.000044
0.000055
0.000040
0.000076
0.000170
0.000209
0.000147
0.000058
0.000008
0.000013
0.000028
-0.000005
-0.000063
-0.000094
-0.000106
-0.000117
-0.000113
-0.000105
-0.000115
-0.000129
-0.000103
-0.000019
0.000071
0.000117
0.000112
0.000049
-0.000040
-0.000038
0.000113
0.000308
0.000412
0.000374
0.000236
0.000097
0.000017
-0.000034
-0.000105
-0.000202
-0.000284
-0.000310
-0.000309
-0.000328
-0.000333
-0.000274
-0.000186
-0.000153
-0.000200
-0.000248
-0.000191
-0.000033
0.000089
0.000102
0.000116
0.000167
0.000137
0.000058
0.000081
0.000186
0.000248
0.000241
0.000211
0.000170
0.000117
0.000080
0.000071
0.000055
0.000023
0.000017
0.000034
0.000033
0.000019
0.000002
-0.000032
-0.000059
-0.000054
-0.000058
-0.000084
-0.000061
0.000024
0.000072
0.000006
-0.000095
-0.000088
0.000029
0.000106
0.000069
0.000002
-0.000013
0.000014
0.000024
-0.000016
-0.000064
-0.000070
-0.000075
-0.000111
-0.000093
0.000045
0.000179
0.000140
0.000005
-0.000039
-0.000018
-0.000071
-0.000162
-0.000169
-0.000136
-0.000182
-0.000239
-0.000153
0.000043
0.000180
0.000209
0.000231
0.000286
0.000298
0.000226
0.000119
0.000032
-0.000017
-0.000054
-0.000112
-0.000140
-0.000082
-0.000034
-0.000061
-0.000061
-0.000015
-0.000045
-0.000125
-0.000109
0.000005
0.000103
0.000139
0.000140
0.000086
-0.000016
-0.000080
-0.000078
-0.000076
-0.000104
-0.000140
-0.000136
-0.000064
0.000035
0.000104
0.000139
0.000141
0.000097
0.000055
0.000067
0.000081
0.000034
-0.000024
-0.000031
-0.000024
-0.000064
-0.000128
-0.000135
-0.000086
-0.000044
-0.000020
0.000012
0.000063
0.000109
0.000092
-0.000008
-0.000102
-0.000093
-0.000031
-0.000016
-0.000036
-0.000036
-0.000017
0.000006
0.000042
0.000068
0.000063
0.000055
0.000052
0.000031
-0.000002
-0.000028
-0.000051
-0.000048
0.000033
0.000111
0.000018
-0.000207
-0.000351
-0.000328
-0.000241
-0.000158
-0.000044
0.000073
0.000103
0.000101
0.000176
0.000254
0.000227
0.000162
0.000165
0.000243
0.000326
0.000326
0.000234
0.000130
0.000059
0.000017
0.000021
0.000057
0.000028
-0.000105
-0.000223
-0.000238
-0.000226
-0.000247
-0.000240
-0.000197
-0.000170
-0.000132
-0.000045
0.000039
0.000055
0.000047
0.000101
0.000167
0.000149
0.000103
0.000135
0.000194
0.000160
0.000020
-0.000143
-0.000248
-0.000278
-0.000249
-0.000194
-0.000170
-0.000172
-0.000136
-0.000056
0.000015
0.000027
-0.000006
-0.000009
0.000028
0.000045
0.000015
-0.000026
-0.000032
0.000014
0.000089
0.000158
0.000182
0.000165
0.000131
0.000070
0.000009
0.000034
0.000126
0.000163
0.000138
0.000135
0.000132
0.000062
-0.000031
-0.000065
-0.000055
-0.000070
-0.000111
-0.000127
-0.000114
-0.000110
-0.000106
-0.000075
-0.000042
-0.000052
-0.000091
-0.000111
-0.000116
-0.000130
-0.000132
-0.000078
0.000022
0.000111
0.000173
0.000229
0.000249
0.000205
0.000139
0.000075
0.000000
-0.000032
0.000015
0.000040
-0.000049
-0.000163
-0.000183
-0.000149
-0.000152
-0.000144
-0.000045
0.000079
0.000137
0.000134
0.000101
0.000051
0.000026
0.000049
0.000054
-0.000009
-0.000097
-0.000153
-0.000151
-0.000097
-0.000059
-0.000072
-0.000062
0.000010
0.000072
0.000069
0.000036
0.000020
0.000030
0.000055
0.000086
0.000087
0.000051
0.000025
0.000046
0.000070
0.000032
-0.000044
-0.000057
0.000029
0.000112
0.000093
-0.000000
-0.000067
-0.000068
-0.000072
-0.000115
-0.000127
-0.000091
-0.000117
-0.000176
-0.000038
0.000308
0.000534
0.000484
0.000371
0.000338
0.000270
0.000097
-0.000066
-0.000134
-0.000158
-0.000216
-0.000323
-0.000435
-0.000502
-0.000510
-0.000452
-0.000330
-0.000205
-0.000120
-0.000048
0.000013
0.000022
-0.000010
-0.000008
0.000037
0.000041
-0.000025
-0.000030
0.000147
0.000392
0.000487
0.000419
0.000336
0.000308
0.000294
0.000239
0.000132
0.000008
-0.000099
-0.000174
-0.000212
-0.000195
-0.000138
-0.000100
-0.000075
0.000001
0.000081
0.000071
0.000031
0.000060
0.000107
0.000070
-0.000037
-0.000106
-0.000095
-0.000064
-0.000077
-0.000109
-0.000111
-0.000127
-0.000203
-0.000256
-0.000183
-0.000027
0.000079
0.000082
0.000066
0.000101
0.000134
0.000105
0.000029
-0.000017
0.000037
0.000127
0.000114
0.000022
-0.000015
0.000014
0.000020
-0.000025
-0.000060
-0.000037
0.000017
0.000045
0.000042
0.000050
0.000096
0.000144
0.000125
0.000032
-0.000046
-0.000041
-0.000024
-0.000098
-0.000202
-0.000216
-0.000162
-0.000133
-0.000102
0.000011
0.000148
0.000192
0.000147
0.000107
0.000116
0.000156
0.000206
0.000221
0.000131
-0.000056
-0.000207
-0.000208
-0.000103
-0.000035
-0.000029
0.000018
0.000120
0.000157
0.000096
0.000040
0.000028
-0.000019
-0.000130
-0.000217
-0.000213
-0.000154
-0.000096
-0.000072
-0.000112
-0.000157
-0.000103
-0.000001
0.000024
-0.000005
-0.000003
0.000018
0.000007
-0.000023
-0.000022
0.000007
0.000020
0.000024
0.000039
0.000050
0.000048
0.000052
0.000072
0.000082
0.000043
-0.000022
-0.000034
0.000007
0.000034
0.000031
0.000040
0.000100
0.000149
-0.000001
-0.000360
-0.000614
-0.000557
-0.000369
-0.000275
-0.000219
-0.000074
0.000104
0.000228
0.000329
0.000429
0.000473
0.000447
0.000404
0.000377
0.000354
0.000318
0.000282
0.000268
0.000251
0.000204
0.000167
0.000165
0.000145
0.000069
-0.000020
-0.000068
-0.000111
-0.000219
-0.000372
-0.000471
-0.000448
-0.000346
-0.000254
-0.000216
-0.000224
-0.000237
-0.000212
-0.000147
-0.000078
-0.000036
-0.000000
0.000041
0.000042
-0.000026
-0.000101
-0.000111
-0.000090
-0.000112
-0.000149
-0.000116
-0.000036
-0.000038
-0.000116
-0.000104
0.000055
0.000242
0.000320
0.000304
0.000310
0.000367
0.000383
0.000313
0.000233
0.000207
0.000178
0.000094
-0.000016
-0.000112
-0.000177
-0.000209
-0.000234
-0.000264
-0.000252
-0.000187
-0.000120
-0.000053
0.000030
0.000067
0.000031
0.000011
0.000038
0.000034
-0.000022
-0.000070
-0.000089
-0.000094
-0.000095
-0.000107
-0.000091
0.000010
0.000126
0.000136
0.000054
0.000011
0.000076
0.000170
0.000195
0.000145
0.000067
-0.000003
-0.000038
-0.000040
-0.000048
-0.000082
-0.000126
-0.000160
-0.000139
-0.000038
0.000035
-0.000049
-0.000219
-0.000284
-0.000195
-0.000077
-0.000060
-0.000131
-0.000178
-0.000159
-0.000103
-0.000028
0.000049
0.000109
0.000149
0.000191
0.000276
0.000404
0.000480
0.000456
0.000405
0.000385
0.000375
0.000339
0.000277
0.000224
0.000182
0.000096
-0.000046
-0.000162
-0.000208
-0.000239
-0.000268
-0.000242
-0.000184
-0.000188
-0.000259
-0.000303
-0.000295
-0.000313
-0.000392
-0.000455
-0.000431
-0.000355
-0.000285
-0.000207
-0.000101
-0.000011
0.000013
0.000014
0.000137
0.000430
0.000721
0.000841
0.000815
0.000722
0.000570
0.000340
0.000085
-0.000105
-0.000202
-0.000249
-0.000296
-0.000345
-0.000376
-0.000390
-0.000377
-0.000323
-0.000261
-0.000257
-0.000318
-0.000350
-0.000258
-0.000094
0.000027
0.000073
0.000097
0.000144
0.000195
0.000205
0.000186
0.000193
0.000251
0.000321
0.000327
0.000244
0.000098
-0.000051
-0.000125
-0.000109
-0.000066
-0.000049
-0.000057
-0.000049
-0.000009
0.000046
0.000098
0.000130
0.000120
0.000060
-0.000029
-0.000085
-0.000064
0.000007
0.000049
0.000020
-0.000060
-0.000121
-0.000119
-0.000098
-0.000112
-0.000147
-0.000177
-0.000204
-0.000208
-0.000151
-0.000090
-0.000136
-0.000265
-0.000322
-0.000247
-0.000120
-0.000015
0.000049
0.000111
0.000229
0.000387
0.000508
0.000542
0.000473
0.000343
0.000282
0.000375
0.000545
0.000607
0.000478
0.000283
0.000175
0.000128
0.000048
-0.000055
-0.000120
-0.000152
-0.000190
-0.000256
-0.000367
-0.000511
-0.000631
-0.000689
-0.000693
-0.000656
-0.000584
-0.000503
-0.000419
-0.000282
-0.000085
0.000092
0.000205
0.000311
0.000453
0.000548
0.000512
0.000404
0.000305
0.000236
0.000218
0.000215
0.000162
0.000057
-0.000074
-0.000200
-0.000253
-0.000180
-0.000061
-0.000031
-0.000087
-0.000114
-0.000074
-0.000025
-0.000021
-0.000060
-0.000093
-0.000082
-0.000049
-0.000020
0.000026
0.000096
0.000150
0.000170
0.000161
0.000138
0.000163
0.000241
0.000269
0.000205
0.000151
0.000132
0.000059
-0.000068
-0.000154
-0.000160
-0.000144
-0.000181
-0.000236
-0.000221
-0.000168
-0.000138
-0.000088
-0.000072
-0.000222
-0.000437
-0.000492
-0.000397
-0.000324
-0.000295
-0.000176
0.000045
0.000214
0.000277
0.000327
0.000420
0.000506
0.000504
0.000390
0.000260
0.000211
0.000200
0.000150
0.000084
0.000034
-0.000023
-0.000056
-0.000055
-0.000132
-0.000320
-0.000452
-0.000403
-0.000266
-0.000210
-0.000275
-0.000331
-0.000242
-0.000013
0.000226
0.000371
0.000407
0.000380
0.000371
0.000431
0.000515
0.000578
0.000598
0.000537
0.000431
0.000327
0.000155
-0.000106
-0.000320
-0.000415
-0.000444
-0.000443
-0.000421
-0.000428
-0.000506
-0.000601
-0.000616
-0.000529
-0.000427
-0.000393
-0.000363
-0.000227
-0.000046
0.000074
0.000151
0.000233
0.000295
0.000326
0.000362
0.000416
0.000471
0.000494
0.000424
0.000264
0.000128
0.000064
-0.000001
-0.000103
-0.000181
-0.000177
-0.000119
-0.000105
-0.000173
-0.000240
-0.000225
-0.000158
-0.000124
-0.000158
-0.000191
-0.000147
-0.000068
-0.000019
0.000022
0.000084
0.000144
0.000197
0.000275
0.000367
0.000386
0.000331
0.000335
0.000423
0.000432
0.000288
0.000121
0.000022
-0.000056
-0.000154
-0.000260
-0.000347
-0.000370
-0.000344
-0.000361
-0.000431
-0.000447
-0.000372
-0.000286
-0.000240
-0.000188
-0.000101
-0.000027
0.000016
0.000078
0.000143
0.000136
0.000096
0.000116
0.000170
0.000177
0.000128
0.000058
0.000028
0.000089
0.000203
0.000256
0.000200
0.000109
0.000065
0.000047
0.000014
-0.000001
0.000017
-0.000024
-0.000208
-0.000455
-0.000591
-0.000555
-0.000424
-0.000297
-0.000198
-0.000069
0.000116
0.000282
0.000362
0.000366
0.000332
0.000307
0.000335
0.000396
0.000467
0.000601
0.000791
0.000875
0.000773
0.000609
0.000482
0.000330
0.000107
-0.000103
-0.000244
-0.000390
-0.000616
-0.000871
-0.001057
-0.001156
-0.001176
-0.001098
-0.000922
-0.000717
-0.000542
-0.000359
-0.000117
0.000128
0.000279
0.000344
0.000412
0.000492
0.000535
0.000543
0.000502
0.000395
0.000318
0.000351
0.000395
0.000339
0.000214
0.000090
-0.000039
-0.000203
-0.000340
-0.000365
-0.000303
-0.000229
-0.000146
-0.000078
-0.000082
-0.000112
-0.000082
-0.000004
0.000077
0.000154
0.000230
0.000264
0.000235
0.000195
0.000195
0.000216
0.000220
0.000184
0.000115
0.000072
0.000105
0.000156
0.000131
0.000068
0.000050
0.000016
-0.000081
-0.000153
-0.000151
-0.000171
-0.000273
-0.000369
-0.000382
-0.000323
-0.000234
-0.000184
-0.000187
-0.000168
-0.000126
-0.000136
-0.000185
-0.000177
-0.000087
-0.000001
0.000006
-0.000025
-0.000024
-0.000001
0.000034
0.000125
0.000269
0.000412
0.000503
0.000495
0.000392
0.000277
0.000194
0.000095
-0.000031
-0.000113
-0.000121
-0.000136
-0.000191
-0.000196
-0.000134
-0.000106
-0.000148
-0.000210
-0.000249
-0.000234
-0.000202
-0.000236
-0.000327
-0.000389
-0.000364
-0.000248
-0.000065
0.000128
0.000239
0.000253
0.000295
0.000449
0.000630
0.000740
0.000776
0.000745
0.000657
0.000557
0.000458
0.000352
0.000251
0.000144
-0.000022
-0.000245
-0.000443
-0.000563
-0.000638
-0.000691
-0.000707
-0.000697
-0.000674
-0.000595
-0.000438
-0.000265
-0.000142
-0.000033
0.000112
0.000213
0.000170
0.000076
0.000083
0.000144
0.000156
0.000162
0.000194
0.000235
0.000279
0.000219
-0.000011
-0.000215
-0.000213
-0.000123
-0.000125
-0.000165
-0.000101
0.000034
0.000083
0.000014
-0.000043
-0.000003
0.000067
0.000087
0.000086
0.000134
0.000234
0.000326
0.000352
0.000292
0.000182
0.000088
0.000055
0.000059
0.000053
0.000054
0.000090
0.000120
0.000091
0.000027
-0.000029
-0.000104
-0.000188
-0.000190
-0.000090
0.000018
0.000066
0.000064
0.000037
-0.000013
-0.000080
-0.000141
-0.000176
-0.000174
-0.000167
-0.000208
-0.000268
-0.000279
-0.000266
-0.000298
-0.000341
-0.000323
-0.000242
-0.000136
-0.000040
0.000010
0.000033
0.000062
0.000084
0.000101
0.000154
0.000250
0.000334
0.000374
0.000386
0.000370
0.000307
0.000250
0.000243
0.000242
0.000181
0.000058
-0.000059
-0.000117
-0.000153
-0.000206
-0.000248
-0.000277
-0.000310
-0.000317
-0.000299
-0.000332
-0.000430
-0.000512
-0.000501
-0.000380
-0.000213
-0.000096
-0.000032
0.000047
0.000146
0.000242
0.000348
0.000440
0.000487
0.000558
0.000663
0.000698
0.000678
0.000700
0.000743
0.000701
0.000550
0.000360
0.000185
0.000011
-0.000188
-0.000375
-0.000487
-0.000530
-0.000562
-0.000580
-0.000565
-0.000572
-0.000644
-0.000710
-0.000647
-0.000450
-0.000294
-0.000261
-0.000186
-0.000003
0.000132
0.000186
0.000287
0.000407
0.000420
0.000366
0.000346
0.000336
0.000277
0.000183
0.000119
0.000096
0.000057
-0.000021
-0.000116
-0.000205
-0.000237
-0.000182
-0.000130
-0.000169
-0.000196
-0.000119
-0.000065
-0.000122
-0.000153
-0.000099
-0.000095
-0.000111
0.000021
0.000202
0.000213
0.000146
0.000218
0.000327
0.000134
-0.000522
-0.001063
-0.000361
0.001390
0.002259
0.001040
-0.001464
-0.002772
-0.000568
0.002922
0.002780
0.000084
0.000207
0.002570
0.002628
0.000919
0.000304
-0.000259
-0.001845
-0.002364
-0.001543
-0.001904
-0.003276
-0.003133
-0.001850
-0.001590
-0.001831
-0.001061
-0.000198
-0.000215
0.000141
0.001227
0.001369
0.000648
0.000986
0.002064
0.001989
0.001162
0.001133
0.001469
0.001325
0.001423
0.001984
0.001874
0.001019
0.000530
0.000505
0.000220
-0.000325
-0.000761
-0.001182
-0.001656
-0.001876
-0.002103
-0.003419
-0.005698
-0.006669
-0.005150
-0.003398
-0.003211
-0.002342
0.001176
0.004397
0.004145
0.002833
0.004125
0.006178
0.005293
0.003455
0.005068
0.008248
0.007680
0.004571
0.004228
0.005236
0.002019
-0.003458
-0.004533
-0.002457
-0.003695
-0.007156
-0.006884
-0.004313
-0.005415
-0.009014
-0.009375
-0.007156
-0.007292
-0.008847
-0.006813
-0.001913
0.000575
0.000422
0.002070
0.005637
0.006900
0.005703
0.006202
0.008949
0.010284
0.009515
0.009708
0.011105
0.010281
0.006569
0.003374
0.002052
0.000034
-0.003572
-0.005929
-0.005849
-0.006045
-0.008023
-0.009599
-0.009479
-0.009659
-0.011134
-0.011573
-0.009466
-0.006650
-0.004749
-0.002599
0.000801
0.003815
0.004745
0.004649
0.005564
0.007122
0.007372
0.007240
0.010187
0.015178
0.015943
0.011066
0.006799
0.005719
0.003249
-0.001715
-0.004778
-0.005274
-0.006597
-0.008677
-0.008958
-0.008796
-0.011433
-0.015000
-0.014554
-0.010267
-0.006474
-0.004069
-0.000933
0.002650
0.004953
0.006155
0.007090
0.007609
0.007776
0.008392
0.009734
0.010767
0.009860
0.006797
0.003403
0.000949
-0.001227
-0.003496
-0.005046
-0.005639
-0.005704
-0.005186
-0.004338
-0.004276
-0.005252
-0.005954
-0.005328
-0.003741
-0.002076
-0.000651
0.000647
0.001727
0.002452
0.003164
0.004129
0.004635
0.003925
0.002988
0.003480
0.004698
0.004288
0.002334
0.001119
0.000893
-0.000069
-0.002071
-0.004059
-0.005622
-0.006604
-0.006787
-0.006775
-0.007042
-0.006690
-0.004977
-0.003188
-0.002854
-0.002273
0.002058
0.009387
0.014531
0.015604
0.015626
0.015505
0.013293
0.009746
0.006855
0.003426
-0.001625
-0.005791
-0.007039
-0.007345
-0.009628
-0.013626
-0.016773
-0.017982
-0.018039
-0.016764
-0.013321
-0.008907
-0.005165
-0.001151
0.004335
0.009565
0.012334
0.013250
0.014045
0.014889
0.015368
0.015825
0.015983
0.014419
0.010887
0.006963
0.003407
-0.000715
-0.005685
-0.010301
-0.013578
-0.015390
-0.015871
-0.015385
-0.014455
-0.013356
-0.012067
-0.010265
-0.007503
-0.003924
-0.000241
0.003352
0.007252
0.011253
0.014433
0.016181
0.016445
0.015310
0.013058
0.010242
0.007292
0.004287
0.001030
-0.002638
-0.006202
-0.008748
-0.010473
-0.012087
-0.012702
-0.011405
-0.009595
-0.008687
-0.007627
-0.005027
-0.001717
0.000484
0.001685
0.004455
0.009322
0.012161
0.011071
0.009832
0.009800
0.007792
0.003936
0.001475
0.000148
-0.001896
-0.003691
-0.004003
-0.003859
-0.004787
-0.006517
-0.006964
-0.005358
-0.003890
-0.003720
-0.002673
0.000190
0.002443
0.002875
0.002903
0.002863
0.001815
0.000346
-0.000110
0.000303
0.000441
0.000296
0.000825
0.002002
0.002551
0.001966
0.001164
0.000617
0.000002
-0.000315
0.000254
0.001147
0.001056
-0.000364
-0.001639
-0.001643
-0.001453
-0.001934
-0.002223
-0.001853
-0.001255
-0.000639
-0.000363
-0.000621
-0.000617
0.000095
0.000752
0.000727
0.000217
-0.000443
-0.001137
-0.001588
-0.001817
-0.002915
-0.004968
-0.005457
-0.003083
-0.000548
-0.000153
0.000339
0.004492
0.011364
0.015700
0.015122
0.013418
0.013270
0.011334
0.005488
-0.000189
-0.002895
-0.005747
-0.010506
-0.013471
-0.012615
-0.011981
-0.014651
-0.017109
-0.015369
-0.011689
-0.010003
-0.008881
-0.004594
0.002025
0.007358
0.010969
0.014617
0.017709
0.018310
0.016848
0.015299
0.013840
0.010997
0.006673
0.002805
0.000587
-0.001194
-0.004199
-0.008322
-0.012072
-0.014249
-0.015060
-0.015539
-0.015566
-0.013831
-0.010335
-0.006585
-0.003025
0.001010
0.004981
0.007532
0.008900
0.010512
0.012309
0.012761
0.011708
0.010751
0.010336
0.008875
0.005566
0.001710
-0.001584
-0.004768
-0.008115
-0.010719
-0.011989
-0.012373
-0.012064
-0.010746
-0.009592
-0.010315
-0.009554
-0.001763
0.008269
0.010427
0.008242
0.011684
0.016345
0.013477
0.008398
0.008030
0.007625
0.003250
-0.000888
-0.002112
-0.002991
-0.006183
-0.010581
-0.012124
-0.010256
-0.009705
-0.010777
-0.007565
-0.000510
0.003050
0.002560
0.003938
0.007407
0.008238
0.006134
0.004577
0.004189
0.002909
0.000630
-0.000527
-0.000295
-0.001065
-0.003365
-0.004488
-0.003213
-0.001640
-0.001113
-0.000378
0.001268
0.002489
0.002411
0.001982
0.001972
0.001548
-0.000020
-0.001724
-0.002271
-0.001936
-0.001754
-0.001954
-0.002005
-0.001481
-0.000420
0.000787
0.001527
0.001399
0.000974
0.001141
0.001207
-0.000160
-0.001951
-0.002300
-0.002127
-0.003218
-0.004464
-0.003881
-0.002375
-0.002004
-0.001789
0.000902
0.004964
0.006275
0.004820
0.005291
0.009043
0.011986
0.011722
0.010206
0.008935
0.006810
0.002852
-0.002005
-0.006262
-0.009736
-0.013154
-0.016149
-0.017218
-0.015940
-0.013478
-0.010880
-0.008308
-0.005482
-0.002296
0.000753
0.003351
0.006210
0.009592
0.012129
0.013042
0.013701
0.015069
0.015572
0.013380
0.009242
0.005244
0.001736
-0.002374
-0.006641
-0.009266
-0.010386
-0.011754
-0.013155
-0.012750
-0.010640
-0.008718
-0.007559
-0.006055
-0.003605
-0.000846
0.001668
0.004276
0.007247
0.009849
0.011243
0.011609
0.011493
0.010729
0.008814
0.005810
0.002429
-0.000555
-0.002907
-0.004913
-0.006659
-0.007815
-0.008341
-0.008759
-0.009512
-0.009970
-0.008511
-0.005237
-0.003040
-0.002496
0.000161
0.005481
0.008500
0.008252
0.009771
0.013459
0.013746
0.009921
0.006804
0.005275
0.002018
-0.003382
-0.007871
-0.009718
-0.010289
-0.011163
-0.011189
-0.008604
-0.005130
-0.003472
-0.002207
0.001012
0.004180
0.004812
0.004746
0.006154
0.007381
0.006383
0.004255
0.002771
0.001451
-0.000939
-0.003745
-0.005165
-0.004890
-0.004108
-0.003185
-0.001401
0.001021
0.002737
0.003376
0.003751
0.003900
0.003061
0.001535
0.000398
-0.000322
-0.001303
-0.002345
-0.002718
-0.002412
-0.002093
-0.002239
-0.002466
-0.001839
-0.000503
0.000133
-0.000162
0.000004
0.000798
0.000830
-0.000011
-0.000561
-0.000724
-0.001288
-0.002236
-0.002585
-0.001691
-0.000507
-0.000327
0.000130
0.003278
0.007452
0.007977
0.004552
0.002400
0.004818
0.008555
0.008504
0.005082
0.003188
0.003571
0.001592
-0.003682
-0.007312
-0.007863
-0.009989
-0.014896
-0.017092
-0.013565
-0.008662
-0.006877
-0.006322
-0.003032
0.002041
0.005104
0.006152
0.008022
0.010322
0.010206
0.008378
0.008494
0.010804
0.011490
0.008719
0.005146
0.003270
0.001756
-0.001504
-0.005553
-0.008258
-0.009745
-0.011281
-0.012456
-0.011656
-0.008626
-0.005287
-0.003528
-0.002568
-0.000266
0.003038
0.004908
0.005049
0.005537
0.006854
0.007398
0.006906
0.006896
0.007517
0.006860
0.004121
0.001089
-0.000699
-0.002235
-0.004822
-0.007496
-0.008651
-0.008548
-0.008386
-0.008370
-0.007597
-0.005102
-0.001754
-0.000034
0.000494
0.003338
0.007873
0.009135
0.007206
0.007833
0.011401
0.011624
0.007204
0.003569
0.002337
-0.000388
-0.005536
-0.009376
-0.010162
-0.010301
-0.011262
-0.010799
-0.007043
-0.002466
-0.000449
0.000271
0.002842
0.005973
0.006469
0.005447
0.005719
0.006174
0.004498
0.001972
0.000893
0.000448
-0.001284
-0.003669
-0.004571
-0.003618
-0.002281
-0.001429
-0.000464
0.001131
0.002604
0.003099
0.002985
0.002804
0.002042
0.000345
-0.001323
-0.002129
-0.002645
-0.003320
-0.003328
-0.002339
-0.001543
-0.001576
-0.001333
-0.000015
0.001267
0.001314
0.000868
0.001159
0.001642
0.001017
-0.000383
-0.001233
-0.001543
-0.002169
-0.002763
-0.002298
-0.000857
0.000724
0.002344
0.004366
0.005743
0.003965
-0.000970
-0.003702
0.000477
0.007076
0.007715
0.003794
0.003957
0.008420
0.008992
0.003985
-0.000310
-0.002426
-0.007351
-0.015100
-0.018555
-0.014709
-0.009937
-0.010063
-0.011053
-0.006184
0.001985
0.005800
0.005225
0.005972
0.007969
0.006795
0.004028
0.005184
0.009298
0.010448
0.008050
0.006948
0.008415
0.008678
0.005719
0.001283
-0.003110
-0.007383
-0.011119
-0.013434
-0.013724
-0.011988
-0.009547
-0.007937
-0.006109
-0.001974
0.002935
0.004881
0.003832
0.003203
0.004230
0.004964
0.004545
0.004619
0.006001
0.006944
0.006126
0.005117
0.005508
0.005426
0.002241
-0.002910
-0.006970
-0.009134
-0.009850
-0.009125
-0.008089
-0.008011
-0.007552
-0.004791
-0.000670
0.002379
0.004177
0.006463
0.009038
0.009903
0.009327
0.009193
0.008620
0.005306
0.000487
-0.002627
-0.003979
-0.005671
-0.007839
-0.008862
-0.008056
-0.006414
-0.004958
-0.003240
-0.000686
0.001540
0.002438
0.003265
0.004986
0.006070
0.005251
0.003664
0.002577
0.001540
-0.000202
-0.002201
-0.003502
-0.003944
-0.003957
-0.003519
-0.002242
-0.000361
0.001275
0.002307
0.003124
0.003910
0.004183
0.003488
0.002119
0.000761
-0.000438
-0.001723
-0.002869
-0.003435
-0.003404
-0.003003
-0.002506
-0.002083
-0.001355
0.000049
0.001453
0.002002
0.001818
0.001221
0.000306
-0.000525
-0.001098
-0.001781
-0.002516
-0.002818
-0.002630
-0.001914
-0.000373
0.001494
0.003050
0.004564
0.004483
0.000193
-0.004101
-0.000095
0.008855
0.010061
0.003864
0.003579
0.010521
0.012007
0.005372
0.000891
0.000756
-0.003687
-0.013577
-0.018953
-0.015348
-0.011111
-0.013428
-0.016295
-0.010981
-0.001432
0.002772
0.002733
0.005583
0.009547
0.008199
0.004337
0.005600
0.010293
0.010589
0.006793
0.006048
0.009135
0.010239
0.007797
0.005011
0.002189
-0.002336
-0.007121
-0.010175
-0.012181
-0.013561
-0.013599
-0.012951
-0.011813
-0.008189
-0.002304
0.001918
0.002904
0.003589
0.005709
0.007183
0.006580
0.005685
0.006000
0.006125
0.004807
0.003930
0.005384
0.007037
0.005639
0.002077
-0.000375
-0.001589
-0.004025
-0.007599
-0.009665
-0.009964
-0.010897
-0.012262
-0.010591
-0.005206
0.000116
0.003133
0.005556
0.008489
0.010471
0.010864
0.010984
0.010671
0.008069
0.003942
0.001253
0.000256
-0.001393
-0.004443
-0.007370
-0.008871
-0.009030
-0.008527
-0.007632
-0.006147
-0.004275
-0.002564
-0.000549
0.002541
0.005532
0.006589
0.006216
0.006035
0.005875
0.004658
0.002546
0.000328
-0.001728
-0.003480
-0.004517
-0.004413
-0.003252
-0.001843
-0.000798
0.000299
0.001990
0.003678
0.004155
0.003272
0.002110
0.001278
0.000276
-0.001090
-0.002194
-0.002820
-0.003310
-0.003478
-0.002821
-0.001594
-0.000617
-0.000268
-0.000081
0.000662
0.001724
0.001872
0.000754
-0.000406
-0.000722
-0.000797
-0.001343
-0.001987
-0.001942
-0.000991
0.000487
0.002082
0.003049
0.001500
-0.002630
-0.003929
0.001369
0.006642
0.005100
0.002570
0.006373
0.011351
0.010264
0.006734
0.006155
0.004967
-0.001423
-0.009325
-0.012560
-0.011818
-0.012824
-0.016664
-0.017443
-0.012176
-0.006138
-0.003345
-0.000424
0.004658
0.007722
0.006961
0.006712
0.009038
0.010118
0.007780
0.005487
0.006003
0.007000
0.006335
0.005837
0.006182
0.004607
0.000866
-0.001808
-0.003137
-0.005761
-0.009387
-0.011648
-0.012577
-0.012980
-0.011734
-0.008363
-0.004656
-0.001826
0.000823
0.003945
0.006902
0.008570
0.008760
0.008308
0.007551
0.006146
0.004670
0.004116
0.003865
0.002657
0.000955
0.000027
-0.000387
-0.001421
-0.003024
-0.004461
-0.005964
-0.007771
-0.008749
-0.008377
-0.008141
-0.008313
-0.006266
-0.001184
0.003509
0.005810
0.008072
0.011423
0.013293
0.012317
0.010139
0.007764
0.004394
-0.000118
-0.004320
-0.006825
-0.007906
-0.008890
-0.009797
-0.009031
-0.006315
-0.003590
-0.001898
-0.000306
0.001520
0.002667
0.003030
0.003434
0.003865
0.003591
0.002704
0.002020
0.001791
0.001528
0.000789
-0.000352
-0.001383
-0.001848
-0.001872
-0.001781
-0.001458
-0.000760
0.000012
0.000769
0.001804
0.002826
0.003057
0.002497
0.001811
0.001117
0.000060
-0.001307
-0.002569
-0.003426
-0.003830
-0.003788
-0.003144
-0.001915
-0.000649
0.000169
0.000630
0.000919
0.000991
0.000815
0.000321
-0.000671
-0.001956
-0.002850
-0.002797
-0.001658
-0.000038
0.000564
-0.000034
0.001128
0.005626
0.009267
0.008516
0.007151
0.008988
0.010332
0.007256
0.002982
0.001299
-0.000201
-0.004793
-0.010272
-0.012452
-0.011563
-0.011388
-0.012960
-0.012884
-0.009336
-0.005378
-0.003373
-0.001205
0.002581
0.005509
0.006133
0.006698
0.008467
0.009489
0.008690
0.007729
0.007595
0.007126
0.005896
0.005032
0.004307
0.002193
-0.000658
-0.002281
-0.003398
-0.005835
-0.008416
-0.009142
-0.009032
-0.009671
-0.009812
-0.007866
-0.004992
-0.002995
-0.001408
0.001207
0.004520
0.006795
0.007498
0.007834
0.008365
0.008096
0.006667
0.005175
0.004166
0.002936
0.001151
-0.000612
-0.002025
-0.003288
-0.004393
-0.005173
-0.005831
-0.006457
-0.006465
-0.005572
-0.004633
-0.004255
-0.003622
-0.002254
-0.001298
-0.001076
0.000407
0.003857
0.006605
0.007240
0.008152
0.010467
0.011632
0.010116
0.007417
0.004730
0.001667
-0.002142
-0.006264
-0.009583
-0.011264
-0.011870
-0.012071
-0.010967
-0.007906
-0.004303
-0.001474
0.001152
0.004141
0.006659
0.007833
0.007777
0.007017
0.005949
0.004712
0.003155
0.001332
-0.000163
-0.001021
-0.001754
-0.002636
-0.003034
-0.002612
-0.002069
-0.001839
-0.001390
-0.000433
0.000500
0.001023
0.001228
0.001219
0.001119
0.000962
0.000486
-0.000280
-0.000868
-0.001259
-0.001807
-0.002308
-0.002343
-0.002092
-0.001871
-0.001574
-0.001037
-0.000369
0.000123
0.000169
-0.000070
-0.000051
0.000416
0.000787
0.000292
-0.000846
-0.000699
0.001960
0.004768
0.004955
0.004278
0.005852
0.008256
0.008092
0.005796
0.004212
0.003506
0.001265
-0.003108
-0.006929
-0.008194
-0.008790
-0.011049
-0.013221
-0.012388
-0.009536
-0.007330
-0.005489
-0.002393
0.001376
0.004244
0.006133
0.007777
0.009184
0.009841
0.009512
0.008379
0.006821
0.005378
0.004381
0.003262
0.001266
-0.000894
-0.001964
-0.002492
-0.003732
-0.005044
-0.005192
-0.004905
-0.005504
-0.006379
-0.006055
-0.004664
-0.003601
-0.003252
-0.002468
-0.000548
0.001573
0.002967
0.004129
0.005565
0.006584
0.006639
0.006274
0.005931
0.005240
0.003864
0.001944
-0.000211
-0.002204
-0.003707
-0.004858
-0.006005
-0.006957
-0.007041
-0.006098
-0.004806
-0.003624
-0.002203
-0.000528
0.000532
0.000869
0.001784
0.003716
0.005236
0.005514
0.005591
0.006205
0.006542
0.005826
0.004440
0.003092
0.001810
0.000066
-0.002218
-0.004235
-0.005420
-0.006263
-0.007110
-0.007331
-0.006516
-0.005155
-0.003672
-0.002018
-0.000196
0.001602
0.003121
0.004127
0.004654
0.004950
0.004959
0.004357
0.003237
0.002137
0.001297
0.000457
-0.000569
-0.001550
-0.002201
-0.002574
-0.002800
-0.002749
-0.002273
-0.001490
-0.000631
0.000146
0.000787
0.001278
0.001564
0.001636
0.001507
0.001104
0.000424
-0.000308
-0.000947
-0.001594
-0.002250
-0.002688
-0.002810
-0.002680
-0.002291
-0.001815
-0.001637
-0.001655
-0.001293
-0.000476
0.000377
0.001351
0.002878
0.004643
0.005842
0.006423
0.006906
0.007262
0.006976
0.005867
0.004210
0.002326
0.000213
-0.002316
-0.004978
-0.007127
-0.008637
-0.009699
-0.010075
-0.009546
-0.008385
-0.006753
-0.004551
-0.002048
0.000355
0.002702
0.005001
0.006826
0.007890
0.008329
0.008261
0.007564
0.006177
0.004442
0.002818
0.001226
-0.000671
-0.002562
-0.003785
-0.004402
-0.004937
-0.005307
-0.005035
-0.004188
-0.003261
-0.002400
-0.001354
-0.000115
0.000912
0.001557
0.002119
0.002691
0.002979
0.002967
0.002877
0.002619
0.002127
0.001688
0.001310
0.000669
-0.000141
-0.000741
-0.001179
-0.001712
-0.002282
-0.002718
-0.003048
-0.003310
-0.003395
-0.003157
-0.002649
-0.002117
-0.001573
-0.000726
0.000419
0.001479
0.002315
0.003088
0.003777
0.004245
0.004561
0.004784
0.004766
0.004370
0.003618
0.002591
0.001333
-0.000120
-0.001620
-0.002968
-0.004148
-0.005185
-0.005803
-0.005755
-0.005320
-0.004803
-0.003927
-0.002523
-0.001016
0.000359
0.001766
0.003045
0.003877
0.004303
0.004384
0.004028
0.003338
0.002512
0.001599
0.000688
-0.000125
-0.000924
-0.001707
-0.002236
-0.002425
-0.002423
-0.002288
-0.001944
-0.001403
-0.000790
-0.000160
0.000531
0.001253
0.001829
0.002153
0.002330
0.002418
0.002231
0.001576
0.000529
-0.000638
-0.001765
-0.002990
-0.004579
-0.006384
-0.007593
-0.007244
-0.005096
-0.002011
0.000800
0.002950
0.004766
0.006413
0.007963
0.009605
0.010812
0.010176
0.007382
0.004466
0.003185
0.002173
-0.000822
-0.005107
-0.008227
-0.009486
-0.009767
-0.009509
-0.008929
-0.008492
-0.007819
-0.005870
-0.002739
0.000283
0.002423
0.004053
0.005728
0.007378
0.008587
0.009080
0.008538
0.006738
0.004444
0.002810
0.001416
-0.001101
-0.004286
-0.006183
-0.006392
-0.006263
-0.006291
-0.005693
-0.004245
-0.002534
-0.000735
0.001272
0.002948
0.003676
0.003892
0.004333
0.004731
0.004399
0.003384
0.002159
0.001062
0.000377
0.000027
-0.000656
-0.001941
-0.003035
-0.003246
-0.003046
-0.003187
-0.003572
-0.003623
-0.003142
-0.002338
-0.001370
-0.000367
0.000347
0.000658
0.001041
0.001824
0.002484
0.002451
0.002047
0.001962
0.002341
0.002833
0.003058
0.002792
0.002182
0.001772
0.001805
0.001732
0.000932
-0.000387
-0.001508
-0.002159
-0.002674
-0.003394
-0.004232
-0.004755
-0.004552
-0.003678
-0.002645
-0.001785
-0.000919
0.000140
0.001285
0.002292
0.002890
0.002981
0.002895
0.002933
0.002902
0.002502
0.001795
0.001048
0.000455
0.000062
-0.000317
-0.000972
-0.001835
-0.002421
-0.002439
-0.002138
-0.001870
-0.001594
-0.001053
-0.000263
0.000482
0.001043
0.001544
0.001995
0.002134
0.001647
0.000340
-0.001601
-0.003292
-0.003582
-0.002304
-0.000738
-0.000193
-0.000449
-0.000273
0.000942
0.002731
0.004324
0.004976
0.004210
0.002884
0.002757
0.003646
0.003112
0.000335
-0.002422
-0.003349
-0.003204
-0.003239
-0.003671
-0.004334
-0.004830
-0.004494
-0.003345
-0.002237
-0.001679
-0.001213
-0.000086
0.001710
0.003352
0.004226
0.004505
0.004518
0.004413
0.004316
0.003887
0.002371
0.000096
-0.001467
-0.001960
-0.002608
-0.003906
-0.004890
-0.004899
-0.004215
-0.003123
-0.001828
-0.000825
-0.000208
0.000728
0.002249
0.003473
0.003700
0.003380
0.003228
0.003341
0.003436
0.003165
0.002220
0.000822
-0.000232
-0.000674
-0.001224
-0.002429
-0.003842
-0.004688
-0.004733
-0.004326
-0.003906
-0.003539
-0.002925
-0.001787
-0.000200
0.001338
0.002282
0.002607
0.002750
0.003010
0.003383
0.003753
0.003807
0.003253
0.002502
0.002287
0.002352
0.001794
0.000701
-0.000127
-0.000726
-0.001548
-0.002293
-0.002734
-0.003450
-0.004373
-0.004459
-0.003657
-0.003037
-0.002743
-0.001976
-0.000652
0.000646
0.001606
0.002194
0.002511
0.002762
0.002932
0.002825
0.002414
0.001840
0.001316
0.000972
0.000651
0.000158
-0.000383
-0.000819
-0.001234
-0.001581
-0.001696
-0.001720
-0.001791
-0.001678
-0.001285
-0.000875
-0.000519
-0.000020
0.000579
0.000931
0.000771
0.000180
-0.000402
-0.000511
-0.000160
0.000247
0.000469
0.000562
0.000652
0.000887
0.001348
0.001783
0.001758
0.001288
0.000963
0.001131
0.001328
0.000964
0.000155
-0.000607
-0.001114
-0.001391
-0.001495
-0.001622
-0.001876
-0.001960
-0.001648
-0.001251
-0.001101
-0.001045
-0.000811
-0.000426
-0.000010
0.000466
0.000959
0.001234
0.001276
0.001417
0.001694
0.001685
0.001255
0.000778
0.000468
0.000165
-0.000213
-0.000583
-0.000921
-0.001202
-0.001324
-0.001258
-0.001106
-0.000942
-0.000704
-0.000326
0.000111
0.000439
0.000585
0.000680
0.000910
0.001236
0.001434
0.001421
0.001286
0.001092
0.000858
0.000566
0.000156
-0.000368
-0.000878
-0.001264
-0.001533
-0.001739
-0.001910
-0.001980
-0.001824
-0.001443
-0.001001
-0.000604
-0.000209
0.000155
0.000313
0.000323
0.000642
0.001491
0.002329
0.002502
0.002172
0.001984
0.002081
0.002112
0.001858
0.001287
0.000474
-0.000219
-0.000505
-0.000717
-0.001322
-0.002117
-0.002539
-0.002495
-0.002315
-0.002185
-0.002041
-0.001756
-0.001246
-0.000650
-0.000257
-0.000075
0.000192
0.000665
0.001158
0.001481
0.001605
0.001648
0.001762
0.001953
0.002035
0.001780
0.001178
0.000548
0.000195
0.000010
-0.000309
-0.000795
-0.001243
-0.001521
-0.001620
-0.001562
-0.001444
-0.001412
-0.001507
-0.001562
-0.001326
-0.000780
-0.000194
0.000244
0.000629
0.001021
0.001340
0.001598
0.001814
0.001827
0.001580
0.001316
0.001224
0.001141
0.000861
0.000442
0.000005
-0.000411
-0.000730
-0.000897
-0.001004
-0.001144
-0.001265
-0.001260
-0.001140
-0.001009
-0.000897
-0.000744
-0.000523
-0.000267
-0.000015
0.000197
0.000359
0.000532
0.000755
0.000950
0.001001
0.000918
0.000809
0.000765
0.000713
0.000425
-0.000110
-0.000545
-0.000654
-0.000609
-0.000639
-0.000707
-0.000656
-0.000488
-0.000333
-0.000239
-0.000125
0.000028
0.000138
0.000217
0.000375
0.000574
0.000666
0.000622
0.000533
0.000492
0.000530
0.000546
0.000384
0.000077
-0.000167
-0.000283
-0.000386
-0.000518
-0.000625
-0.000702
-0.000785
-0.000884
-0.001029
-0.001214
-0.001191
-0.000680
0.000112
0.000652
0.000812
0.000919
0.001138
0.001280
0.001189
0.000964
0.000759
0.000633
0.000609
0.000606
0.000407
-0.000024
-0.000390
-0.000462
-0.000388
-0.000383
-0.000446
-0.000530
-0.000628
-0.000711
-0.000790
-0.000947
-0.001155
-0.001166
-0.000832
-0.000423
-0.000239
-0.000127
0.000220
0.000677
0.000890
0.000844
0.000821
0.000936
0.001003
0.000857
0.000608
0.000417
0.000234
-0.000013
-0.000252
-0.000539
-0.001058
-0.001600
-0.001676
-0.001237
-0.000629
-0.000044
0.000411
0.000610
0.000673
0.000864
0.001126
0.001166
0.000985
0.000806
0.000657
0.000516
0.000424
0.000254
-0.000156
-0.000598
-0.000730
-0.000597
-0.000480
-0.000442
-0.000397
-0.000352
-0.000373
-0.000482
-0.000621
-0.000716
-0.000723
-0.000566
-0.000257
-0.000006
0.000118
0.000329
0.000660
0.000847
0.000785
0.000602
0.000390
0.000271
0.000345
0.000409
0.000228
-0.000032
-0.000119
-0.000076
-0.000030
-0.000003
-0.000015
-0.000096
-0.000172
-0.000136
-0.000016
0.000046
-0.000026
-0.000137
-0.000150
-0.000082
-0.000054
-0.000069
-0.000046
-0.000034
-0.000098
-0.000169
-0.000205
-0.000269
-0.000393
-0.000522
-0.000573
-0.000509
-0.000376
-0.000217
-0.000022
0.000185
0.000340
0.000423
0.000476
0.000576
0.000745
0.000836
0.000732
0.000575
0.000540
0.000530
0.000357
0.000050
-0.000235
-0.000456
-0.000616
-0.000664
-0.000617
-0.000517
-0.000374
-0.000306
-0.000370
-0.000379
-0.000237
-0.000134
-0.000188
-0.000221
-0.000083
0.000143
0.000349
0.000462
0.000412
0.000291
0.000262
0.000295
0.000253
0.000144
0.000081
0.000062
0.000020
-0.000052
-0.000189
-0.000426
-0.000625
-0.000573
-0.000304
-0.000097
-0.000096
-0.000091
0.000115
0.000359
0.000413
0.000358
0.000381
0.000482
0.000536
0.000480
0.000351
0.000244
0.000188
0.000092
-0.000112
-0.000328
-0.000420
-0.000400
-0.000401
-0.000504
-0.000594
-0.000506
-0.000286
-0.000124
-0.000076
-0.000065
-0.000031
0.000055
0.000191
0.000307
0.000298
0.000184
0.000147
0.000251
0.000312
0.000193
0.000002
-0.000099
-0.000059
0.000055
0.000108
0.000061
0.000043
0.000100
0.000070
-0.000102
-0.000201
-0.000103
0.000010
-0.000015
-0.000072
-0.000029
0.000054
0.000033
-0.000084
-0.000096
0.000085
0.000236
0.000184
0.000085
0.000100
0.000142
0.000108
0.000019
-0.000071
-0.000138
-0.000196
-0.000293
-0.000400
-0.000391
-0.000270
-0.000194
-0.000210
-0.000214
-0.000129
0.000025
0.000154
0.000125
-0.000088
-0.000194
0.000170
0.000796
0.001006
0.000638
0.000241
0.000193
0.000273
0.000177
-0.000066
-0.000297
-0.000431
-0.000397
-0.000252
-0.000235
-0.000376
-0.000425
-0.000286
-0.000112
-0.000019
0.000016
0.000055
0.000113
0.000126
0.000000
-0.000238
-0.000407
-0.000361
-0.000164
0.000006
0.000061
0.000081
0.000197
0.000391
0.000512
0.000493
0.000373
0.000180
-0.000003
-0.000083
-0.000107
-0.000150
-0.000142
-0.000010
0.000162
0.000233
0.000207
0.000196
0.000223
0.000205
0.000123
0.000024
-0.000077
-0.000159
-0.000186
-0.000227
-0.000340
-0.000371
-0.000208
-0.000036
-0.000042
-0.000127
-0.000111
0.000008
0.000139
0.000196
0.000099
-0.000085
-0.000132
0.000007
0.000120
0.000096
0.000071
0.000165
0.000320
0.000437
0.000444
0.000309
0.000078
-0.000127
-0.000210
-0.000249
-0.000369
-0.000485
-0.000419
-0.000208
-0.000065
-0.000073
-0.000132
-0.000168
-0.000192
-0.000177
-0.000099
-0.000036
-0.000065
-0.000122
-0.000093
0.000032
0.000190
0.000298
0.000292
0.000225
0.000182
0.000139
0.000077
0.000028
-0.000037
-0.000138
-0.000197
-0.000169
-0.000108
-0.000029
0.000069
0.000108
0.000057
0.000046
0.000178
0.000326
0.000341
0.000297
0.000286
0.000255
0.000208
0.000234
0.000253
0.000086
-0.000220
-0.000441
-0.000520
-0.000588
-0.000673
-0.000686
-0.000606
-0.000470
-0.000295
-0.000101
0.000053
0.000162
0.000297
0.000479
0.000644
0.000708
0.000606
0.000384
0.000210
0.000190
0.000218
0.000136
0.000001
-0.000041
-0.000064
-0.000212
-0.000406
-0.000471
-0.000398
-0.000297
-0.000226
-0.000169
-0.000089
0.000011
0.000114
0.000199
0.000239
0.000219
0.000167
0.000153
0.000196
0.000217
0.000141
-0.000001
-0.000121
-0.000168
-0.000129
-0.000049
-0.000031
-0.000092
-0.000133
-0.000122
-0.000136
-0.000189
-0.000226
-0.000258
-0.000292
-0.000255
-0.000129
-0.000017
0.000028
0.000098
0.000261
0.000426
0.000463
0.000400
0.000385
0.000450
0.000453
0.000283
0.000075
0.000042
0.000150
0.000200
0.000112
-0.000067
-0.000266
-0.000429
-0.000535
-0.000606
-0.000669
-0.000695
-0.000622
-0.000469
-0.000345
-0.000255
-0.000090
0.000129
0.000251
0.000271
0.000324
0.000424
0.000482
0.000475
0.000423
0.000318
0.000173
0.000035
-0.000078
-0.000155
-0.000167
-0.000124
-0.000100
-0.000110
-0.000078
0.000009
0.000056
0.000040
0.000023
0.000020
0.000009
0.000032
0.000094
0.000118
0.000103
0.000112
0.000115
0.000060
-0.000023
-0.000096
-0.000145
-0.000155
-0.000110
-0.000025
0.000062
0.000116
0.000134
0.000147
0.000174
0.000173
0.000104
-0.000009
-0.000093
-0.000112
-0.000107
-0.000135
-0.000208
-0.000280
-0.000294
-0.000221
-0.000091
0.000023
0.000085
0.000099
0.000078
0.000038
0.000005
-0.000006
-0.000008
-0.000020
-0.000024
0.000022
0.000086
0.000089
0.000034
0.000009
0.000067
0.000177
0.000257
0.000235
0.000131
0.000040
0.000026
0.000038
-0.000013
-0.000115
-0.000180
-0.000198
-0.000203
-0.000182
-0.000133
-0.000121
-0.000167
-0.000177
-0.000090
0.000020
0.000068
0.000081
0.000112
0.000138
0.000101
0.000025
-0.000019
-0.000037
-0.000065
-0.000063
0.000012
0.000121
0.000196
0.000223
0.000235
0.000231
0.000161
0.000018
-0.000088
-0.000037
0.000074
0.000023
-0.000172
-0.000294
-0.000286
-0.000250
-0.000231
-0.000209
-0.000165
-0.000069
0.000081
0.000214
0.000258
0.000230
0.000198
0.000178
0.000134
0.000078
0.000062
0.000074
0.000034
-0.000086
-0.000207
-0.000277
-0.000320
-0.000299
-0.000172
-0.000031
0.000023
0.000036
0.000092
0.000213
0.000283
0.000127
-0.000144
-0.000213
-0.000068
0.000051
0.000056
0.000040
0.000072
0.000113
0.000096
0.000048
0.000046
0.000088
0.000121
0.000105
0.000036
-0.000014
0.000011
0.000053
0.000042
0.000002
-0.000030
-0.000058
-0.000061
-0.000018
0.000047
0.000099
0.000101
0.000049
0.000008
0.000007
-0.000007
-0.000070
-0.000124
-0.000118
-0.000082
-0.000066
-0.000091
-0.000123
-0.000087
0.000015
0.000062
-0.000019
-0.000118
-0.000089
-0.000019
-0.000108
-0.000284
-0.000290
-0.000131
-0.000022
-0.000007
0.000027
0.000089
0.000104
0.000077
0.000105
0.000210
0.000292
0.000264
0.000149
0.000049
0.000038
0.000080
0.000073
-0.000006
-0.000086
-0.000110
-0.000092
-0.000091
-0.000133
-0.000185
-0.000208
-0.000183
-0.000104
0.000015
0.000145
0.000236
0.000232
0.000160
0.000150
0.000225
0.000239
0.000145
0.000083
0.000094
0.000020
-0.000209
-0.000389
-0.000332
-0.000158
-0.000088
-0.000127
-0.000154
-0.000140
-0.000118
-0.000070
0.000015
0.000097
0.000146
0.000178
0.000198
0.000166
0.000076
-0.000020
-0.000076
-0.000084
-0.000048
-0.000013
-0.000043
-0.000098
-0.000078
-0.000013
0.000000
-0.000007
0.000044
0.000112
0.000118
0.000068
0.000022
0.000020
0.000051
0.000072
0.000053
0.000030
0.000061
0.000113
0.000089
-0.000018
-0.000106
-0.000125
-0.000110
-0.000092
-0.000108
-0.000173
-0.000214
-0.000187
-0.000120
-0.000041
0.000030
0.000097
0.000185
0.000240
0.000187
0.000101
0.000103
0.000150
0.000124
0.000044
0.000025
0.000082
0.000106
0.000052
-0.000021
-0.000065
-0.000110
-0.000188
-0.000279
-0.000347
-0.000332
-0.000168
0.000073
0.000252
0.000378
0.000477
0.000440
0.000266
0.000143
0.000147
0.000135
0.000004
-0.000170
-0.000286
-0.000319
-0.000308
-0.000317
-0.000360
-0.000367
-0.000297
-0.000238
-0.000280
-0.000361
-0.000349
-0.000232
-0.000104
-0.000026
0.000025
0.000109
0.000242
0.000374
0.000451
0.000482
0.000532
0.000595
0.000559
0.000382
0.000202
0.000105
-0.000007
-0.000178
-0.000291
-0.000282
-0.000230
-0.000190
-0.000153
-0.000152
-0.000208
-0.000235
-0.000144
-0.000001
0.000079
0.000093
0.000109
0.000160
0.000195
0.000145
0.000035
-0.000045
-0.000068
-0.000055
-0.000016
0.000037
0.000063
0.000039
0.000001
-0.000019
-0.000026
0.000001
0.000051
0.000041
-0.000043
-0.000085
-0.000019
0.000051
-0.000002
-0.000146
-0.000226
-0.000163
-0.000039
0.000021
0.000011
-0.000009
-0.000022
-0.000004
0.000054
0.000085
0.000102
0.000168
0.000174
0.000004
-0.000182
-0.000165
-0.000035
-0.000012
-0.000077
-0.000064
0.000055
0.000141
0.000108
0.000046
0.000051
0.000081
0.000102
0.000130
0.000119
0.000024
-0.000080
-0.000109
-0.000082
-0.000068
-0.000099
-0.000157
-0.000156
-0.000047
0.000090
0.000145
0.000122
0.000093
0.000054
-0.000024
-0.000065
-0.000009
0.000019
-0.000073
-0.000157
-0.000080
0.000087
0.000134
0.000028
-0.000060
-0.000071
-0.000082
-0.000081
-0.000019
0.000041
0.000026
0.000010
0.000049
0.000049
-0.000027
-0.000061
-0.000023
-0.000019
-0.000054
-0.000016
0.000089
0.000117
0.000045
-0.000000
0.000013
-0.000006
-0.000067
-0.000089
-0.000058
-0.000026
-0.000010
0.000026
0.000092
0.000055
-0.000173
-0.000400
-0.000408
-0.000290
-0.000206
-0.000100
0.000093
0.000269
0.000341
0.000359
0.000381
0.000380
0.000318
0.000238
0.000201
0.000185
0.000162
0.000135
0.000067
-0.000051
-0.000114
-0.000067
-0.000040
-0.000142
-0.000257
-0.000234
-0.000126
-0.000083
-0.000145
-0.000206
-0.000172
-0.000113
-0.000111
-0.000100
-0.000024
0.000061
0.000106
0.000122
0.000151
0.000185
0.000163
0.000078
-0.000017
-0.000084
-0.000115
-0.000113
-0.000105
-0.000148
-0.000236
-0.000241
-0.000106
0.000011
0.000007
-0.000014
0.000063
0.000215
0.000341
0.000363
0.000265
0.000087
-0.000081
-0.000149
-0.000116
-0.000039
0.000013
0.000001
-0.000068
-0.000173
-0.000249
-0.000208
-0.000088
-0.000025
-0.000059
-0.000085
-0.000001
0.000127
0.000155
0.000092
0.000068
0.000127
0.000194
0.000214
0.000195
0.000153
0.000117
0.000104
0.000055
-0.000089
-0.000253
-0.000297
-0.000201
-0.000065
0.000027
0.000049
0.000012
-0.000034
-0.000059
-0.000076
-0.000072
-0.000029
0.000030
0.000058
0.000061
0.000074
0.000069
-0.000013
-0.000160
-0.000265
-0.000213
-0.000042
0.000065
0.000041
0.000019
0.000082
0.000139
0.000103
0.000033
0.000022
0.000059
0.000086
0.000095
0.000082
0.000051
0.000053
0.000060
-0.000019
-0.000114
-0.000072
0.000050
0.000082
0.000017
-0.000056
-0.000115
-0.000157
-0.000143
-0.000074
-0.000047
-0.000113
-0.000156
-0.000074
0.000041
0.000067
0.000063
0.000140
0.000246
0.000267
0.000190
0.000084
0.000023
0.000020
0.000001
-0.000068
-0.000130
-0.000125
-0.000041
0.000061
0.000048
-0.000118
-0.000267
-0.000179
0.000100
0.000268
0.000226
0.000186
0.000234
0.000248
0.000184
0.000076
-0.000053
-0.000161
-0.000211
-0.000225
-0.000227
-0.000199
-0.000164
-0.000203
-0.000314
-0.000391
-0.000377
-0.000299
-0.000174
-0.000021
0.000104
0.000169
0.000198
0.000200
0.000153
0.000087
0.000086
0.000155
0.000210
0.000227
0.000259
0.000279
0.000205
0.000062
-0.000035
-0.000045
-0.000049
-0.000106
-0.000151
-0.000120
-0.000072
-0.000052
-0.000046
-0.000060
-0.000082
-0.000073
-0.000030
0.000045
0.000141
0.000211
0.000215
0.000158
0.000067
-0.000018
-0.000020
0.000070
0.000119
0.000049
-0.000021
-0.000010
0.000010
-0.000032
-0.000109
-0.000166
-0.000169
-0.000129
-0.000076
-0.000046
-0.000055
-0.000061
-0.000045
-0.000053
-0.000108
-0.000160
-0.000156
-0.000098
0.000001
0.000103
0.000126
0.000080
0.000088
0.000180
0.000218
0.000137
0.000071
0.000115
0.000178
0.000150
0.000044
-0.000087
-0.000212
-0.000271
-0.000228
-0.000140
-0.000074
-0.000025
0.000031
0.000059
0.000027
0.000017
0.000111
0.000197
0.000153
