5280
-0.000113
-0.000246
-0.000451
-0.000504
-0.000276
-0.000006
0.000015
-0.000144
-0.000211
-0.000083
0.000164
0.000422
0.000561
0.000490
0.000311
0.000237
0.000284
0.000247
0.000025
-0.000259
-0.000463
-0.000497
-0.000311
-0.000013
0.000158
0.000125
0.000032
-0.000009
-0.000000
0.000073
0.000193
0.000228
0.000111
-0.000043
-0.000080
0.000039
0.000188
0.000197
0.000071
-0.000002
0.000103
0.000261
0.000246
0.000032
-0.000194
-0.000279
-0.000243
-0.000181
-0.000164
-0.000186
-0.000212
-0.000233
-0.000212
-0.000069
0.000162
0.000279
0.000190
0.000093
0.000172
0.000280
0.000185
-0.000073
-0.000284
-0.000326
-0.000226
-0.000103
-0.000076
-0.000124
-0.000128
-0.000079
-0.000030
0.000082
0.000292
0.000438
0.000369
0.000189
0.000099
0.000126
0.000142
0.000075
-0.000030
-0.000105
-0.000109
-0.000059
-0.000031
-0.000095
-0.000214
-0.000263
-0.000197
-0.000098
-0.000042
-0.000024
-0.000031
-0.000049
-0.000030
0.000020
0.000042
0.000060
0.000103
0.000119
0.000102
0.000094
0.000040
-0.000101
-0.000188
-0.000121
-0.000007
0.000068
0.000124
0.000150
0.000129
0.000079
0.000018
-0.000021
-0.000024
-0.000032
-0.000060
-0.000081
-0.000091
-0.000087
-0.000033
0.000048
0.000099
0.000117
0.000121
0.000117
0.000123
0.000115
0.000031
-0.000093
-0.000162
-0.000170
-0.000144
-0.000070
-0.000003
-0.000032
-0.000107
-0.000104
-0.000028
0.000038
0.000060
0.000072
0.000107
0.000083
-0.000106
-0.000346
-0.000439
-0.000386
-0.000290
-0.000173
-0.000043
0.000040
0.000082
0.000161
0.000283
0.000396
0.000471
0.000496
0.000469
0.000409
0.000351
0.000295
0.000196
0.000041
-0.000110
-0.000182
-0.000179
-0.000168
-0.000198
-0.000240
-0.000211
-0.000105
-0.000041
-0.000085
-0.000156
-0.000197
-0.000247
-0.000301
-0.000248
-0.000059
0.000116
0.000171
0.000173
0.000175
0.000119
0.000011
-0.000062
-0.000063
-0.000021
0.000027
0.000050
0.000041
0.000045
0.000084
0.000103
0.000039
-0.000083
-0.000188
-0.000231
-0.000207
-0.000142
-0.000086
-0.000057
-0.000030
0.000023
0.000071
0.000062
0.000017
0.000008
0.000040
0.000082
0.000103
0.000057
-0.000037
-0.000081
-0.000054
-0.000015
0.000015
0.000050
0.000092
0.000113
0.000091
0.000064
0.000079
0.000106
0.000099
0.000100
0.000166
0.000232
0.000198
0.000099
0.000023
-0.000020
-0.000036
-0.000022
-0.000027
-0.000077
-0.000095
-0.000062
-0.000072
-0.000147
-0.000194
-0.000180
-0.000171
-0.000202
-0.000223
-0.000206
-0.000200
-0.000229
-0.000233
-0.000161
-0.000054
0.000024
0.000068
0.000105
0.000129
0.000145
0.000192
0.000274
0.000344
0.000359
0.000302
0.000199
0.000107
0.000055
0.000037
0.000032
0.000034
0.000057
0.000069
0.000023
-0.000047
-0.000084
-0.000099
-0.000113
-0.000124
-0.000134
-0.000118
-0.000028
0.000064
0.000017
-0.000131
-0.000215
-0.000210
-0.000210
-0.000227
-0.000173
-0.000031
0.000080
0.000085
0.000062
0.000060
0.000045
0.000036
0.000069
0.000105
0.000113
0.000082
0.000026
0.000034
0.000135
0.000196
0.000117
-0.000019
-0.000032
0.000113
0.000254
0.000275
0.000241
0.000208
0.000124
-0.000016
-0.000106
-0.000129
-0.000198
-0.000309
-0.000358
-0.000346
-0.000328
-0.000305
-0.000254
-0.000171
-0.000108
-0.000116
-0.000133
-0.000081
0.000009
0.000098
0.000177
0.000185
0.000074
-0.000064
-0.000084
0.000025
0.000131
0.000140
0.000113
0.000130
0.000154
0.000123
0.000074
0.000075
0.000112
0.000114
0.000080
0.000049
0.000019
-0.000017
-0.000030
-0.000019
-0.000022
-0.000037
-0.000005
0.000081
0.000150
0.000149
0.000086
-0.000004
-0.000096
-0.000168
-0.000167
-0.000095
-0.000053
-0.000087
-0.000114
-0.000075
-0.000026
-0.000047
-0.000113
-0.000147
-0.000117
-0.000048
0.000028
0.000104
0.000171
0.000201
0.000203
0.000205
0.000176
0.000096
0.000020
-0.000006
0.000019
0.000046
0.000004
-0.000071
-0.000062
-0.000017
-0.000052
-0.000113
-0.000104
-0.000067
-0.000047
-0.000004
0.000030
-0.000035
-0.000137
-0.000151
-0.000105
-0.000088
-0.000056
0.000043
0.000109
0.000080
0.000059
0.000106
0.000156
0.000183
0.000201
0.000167
0.000064
-0.000030
-0.000062
-0.000070
-0.000103
-0.000131
-0.000066
0.000070
0.000142
0.000116
0.000088
0.000090
0.000029
-0.000105
-0.000181
-0.000166
-0.000176
-0.000223
-0.000203
-0.000091
0.000049
0.000157
0.000149
0.000023
-0.000072
-0.000038
0.000045
0.000056
-0.000013
-0.000055
-0.000005
0.000070
0.000091
0.000056
-0.000029
-0.000118
-0.000140
-0.000109
-0.000107
-0.000131
-0.000088
0.000064
0.000215
0.000234
0.000141
0.000043
-0.000026
-0.000091
-0.000133
-0.000074
0.000102
0.000244
0.000141
-0.000175
-0.000399
-0.000363
-0.000220
-0.000170
-0.000181
-0.000114
0.000024
0.000125
0.000178
0.000240
0.000308
0.000324
0.000296
0.000297
0.000302
0.000232
0.000132
0.000076
0.000038
-0.000002
-0.000004
0.000021
0.000032
0.000040
0.000039
-0.000047
-0.000204
-0.000290
-0.000297
-0.000370
-0.000530
-0.000594
-0.000432
-0.000145
0.000078
0.000175
0.000222
0.000316
0.000471
0.000546
0.000427
0.000240
0.000169
0.000199
0.000240
0.000253
0.000190
0.000042
-0.000129
-0.000284
-0.000399
-0.000414
-0.000359
-0.000354
-0.000377
-0.000283
-0.000108
-0.000048
-0.000118
-0.000140
-0.000081
-0.000059
-0.000068
0.000012
0.000156
0.000217
0.000177
0.000150
0.000178
0.000198
0.000149
0.000052
-0.000022
-0.000028
0.000015
0.000066
0.000077
0.000032
-0.000024
-0.000043
-0.000026
-0.000001
0.000000
-0.000038
-0.000065
-0.000026
0.000030
0.000028
0.000015
0.000057
0.000088
0.000045
0.000004
0.000015
0.000011
-0.000023
-0.000015
0.000071
0.000173
0.000204
0.000141
0.000011
-0.000138
-0.000232
-0.000237
-0.000204
-0.000194
-0.000213
-0.000222
-0.000169
-0.000074
-0.000020
-0.000031
-0.000040
-0.000006
0.000044
0.000110
0.000166
0.000139
0.000043
0.000019
0.000119
0.000227
0.000250
0.000196
0.000071
-0.000108
-0.000245
-0.000270
-0.000220
-0.000147
-0.000046
0.000092
0.000217
0.000265
0.000202
0.000039
-0.000148
-0.000270
-0.000305
-0.000302
-0.000261
-0.000158
-0.000018
0.000133
0.000303
0.000443
0.000463
0.000387
0.000305
0.000209
0.000077
0.000005
0.000094
0.000289
0.000407
0.000330
0.000132
0.000039
0.000136
0.000187
-0.000012
-0.000285
-0.000358
-0.000251
-0.000179
-0.000216
-0.000279
-0.000333
-0.000410
-0.000492
-0.000541
-0.000590
-0.000656
-0.000631
-0.000416
-0.000093
0.000150
0.000222
0.000194
0.000180
0.000243
0.000331
0.000299
0.000116
-0.000034
0.000026
0.000225
0.000363
0.000357
0.000274
0.000207
0.000185
0.000161
0.000055
-0.000136
-0.000264
-0.000201
0.000000
0.000160
0.000191
0.000207
0.000300
0.000375
0.000336
0.000250
0.000205
0.000170
0.000120
0.000103
0.000124
0.000118
0.000064
-0.000003
-0.000116
-0.000337
-0.000582
-0.000701
-0.000698
-0.000671
-0.000659
-0.000618
-0.000501
-0.000337
-0.000196
-0.000087
0.000007
0.000078
0.000138
0.000210
0.000287
0.000388
0.000492
0.000498
0.000394
0.000334
0.000395
0.000373
0.000049
-0.000367
-0.000458
-0.000205
0.000064
0.000176
0.000180
0.000150
0.000142
0.000109
-0.000072
-0.000376
-0.000614
-0.000655
-0.000497
-0.000211
0.000058
0.000186
0.000251
0.000441
0.000722
0.000822
0.000607
0.000255
0.000025
0.000029
0.000223
0.000463
0.000576
0.000511
0.000410
0.000350
0.000164
-0.000255
-0.000714
-0.000960
-0.000931
-0.000715
-0.000426
-0.000203
-0.000177
-0.000266
-0.000248
-0.000168
-0.000261
-0.000478
-0.000554
-0.000390
-0.000056
0.000296
0.000487
0.000475
0.000391
0.000360
0.000363
0.000282
0.000053
-0.000247
-0.000429
-0.000327
-0.000009
0.000245
0.000257
0.000148
0.000097
0.000079
-0.000036
-0.000259
-0.000455
-0.000487
-0.000316
-0.000017
0.000274
0.000461
0.000528
0.000523
0.000518
0.000531
0.000412
0.000040
-0.000338
-0.000344
-0.000002
0.000328
0.000392
0.000249
0.000088
0.000008
-0.000029
-0.000090
-0.000192
-0.000262
-0.000206
-0.000073
-0.000024
-0.000121
-0.000271
-0.000361
-0.000367
-0.000347
-0.000366
-0.000444
-0.000530
-0.000498
-0.000289
-0.000020
0.000182
0.000309
0.000402
0.000496
0.000570
0.000518
0.000327
0.000160
0.000119
0.000107
-0.000023
-0.000283
-0.000482
-0.000421
-0.000131
0.000171
0.000322
0.000291
0.000145
0.000017
-0.000026
-0.000138
-0.000490
-0.000902
-0.000986
-0.000655
-0.000195
0.000126
0.000267
0.000347
0.000499
0.000722
0.000828
0.000633
0.000247
0.000054
0.000250
0.000592
0.000752
0.000702
0.000608
0.000562
0.000502
0.000277
-0.000210
-0.000800
-0.001137
-0.001035
-0.000674
-0.000365
-0.000242
-0.000222
-0.000175
-0.000100
-0.000146
-0.000406
-0.000744
-0.000906
-0.000740
-0.000290
0.000210
0.000507
0.000563
0.000536
0.000526
0.000454
0.000238
-0.000061
-0.000294
-0.000327
-0.000121
0.000174
0.000305
0.000213
0.000101
0.000107
0.000097
-0.000090
-0.000365
-0.000493
-0.000396
-0.000201
-0.000009
0.000157
0.000270
0.000361
0.000475
0.000520
0.000385
0.000152
0.000017
0.000076
0.000311
0.000570
0.000600
0.000381
0.000211
0.000246
0.000290
0.000164
-0.000088
-0.000322
-0.000433
-0.000399
-0.000304
-0.000280
-0.000384
-0.000549
-0.000631
-0.000568
-0.000489
-0.000518
-0.000577
-0.000512
-0.000318
-0.000112
-0.000006
0.000001
0.000037
0.000181
0.000320
0.000331
0.000251
0.000186
0.000214
0.000354
0.000544
0.000638
0.000561
0.000439
0.000390
0.000260
-0.000139
-0.000600
-0.000740
-0.000498
-0.000102
0.000241
0.000442
0.000493
0.000444
0.000339
0.000117
-0.000323
-0.000926
-0.001438
-0.001532
-0.001105
-0.000473
-0.000040
0.000170
0.000395
0.000702
0.000929
0.000890
0.000526
0.000038
-0.000161
0.000132
0.000641
0.000983
0.001125
0.001257
0.001365
0.001206
0.000644
-0.000236
-0.001172
-0.001717
-0.001550
-0.000933
-0.000481
-0.000415
-0.000407
-0.000187
0.000016
-0.000184
-0.000755
-0.001276
-0.001366
-0.000920
-0.000162
0.000513
0.000893
0.001065
0.001145
0.001102
0.000821
0.000240
-0.000465
-0.000859
-0.000665
-0.000072
0.000496
0.000761
0.000727
0.000560
0.000331
-0.000070
-0.000693
-0.001279
-0.001397
-0.000878
-0.000015
0.000678
0.000911
0.000819
0.000663
0.000477
0.000162
-0.000255
-0.000591
-0.000602
-0.000170
0.000519
0.001037
0.001074
0.000765
0.000529
0.000483
0.000326
-0.000119
-0.000622
-0.000834
-0.000634
-0.000227
0.000051
0.000032
-0.000185
-0.000383
-0.000466
-0.000569
-0.000798
-0.000966
-0.000802
-0.000337
0.000131
0.000342
0.000256
0.000052
-0.000072
-0.000103
-0.000143
-0.000207
-0.000202
-0.000011
0.000366
0.000731
0.000857
0.000727
0.000508
0.000330
0.000218
0.000139
0.000074
0.000103
0.000295
0.000490
0.000489
0.000303
-0.000026
-0.000483
-0.000892
-0.001020
-0.000851
-0.000547
-0.000238
0.000037
0.000254
0.000356
0.000245
-0.000117
-0.000630
-0.001089
-0.001292
-0.001170
-0.000801
-0.000292
0.000239
0.000695
0.001067
0.001308
0.001300
0.001047
0.000702
0.000429
0.000360
0.000574
0.000965
0.001295
0.001404
0.001228
0.000773
0.000138
-0.000572
-0.001291
-0.001867
-0.002047
-0.001748
-0.001219
-0.000771
-0.000457
-0.000144
0.000151
0.000183
-0.000160
-0.000618
-0.000820
-0.000632
-0.000144
0.000434
0.000861
0.001069
0.001184
0.001234
0.001056
0.000572
-0.000062
-0.000549
-0.000660
-0.000414
-0.000066
0.000149
0.000227
0.000251
0.000175
-0.000078
-0.000422
-0.000722
-0.000906
-0.000866
-0.000524
-0.000045
0.000333
0.000581
0.000727
0.000671
0.000394
0.000038
-0.000258
-0.000414
-0.000358
-0.000081
0.000316
0.000659
0.000785
0.000676
0.000452
0.000185
-0.000101
-0.000318
-0.000399
-0.000326
-0.000093
0.000213
0.000377
0.000248
-0.000066
-0.000318
-0.000444
-0.000550
-0.000650
-0.000653
-0.000494
-0.000229
-0.000011
0.000062
0.000014
-0.000100
-0.000223
-0.000278
-0.000211
-0.000074
0.000050
0.000190
0.000371
0.000468
0.000407
0.000265
0.000109
-0.000008
-0.000006
0.000116
0.000304
0.000483
0.000551
0.000499
0.000441
0.000409
0.000318
0.000160
0.000042
0.000029
0.000179
0.001057
0.003247
0.004713
0.001272
-0.006472
-0.010951
-0.007738
-0.002525
-0.002199
-0.004207
-0.001231
0.006635
0.010867
0.006010
-0.002750
-0.006217
-0.002297
0.002957
0.003731
0.000716
-0.000681
0.002977
0.008540
0.009435
0.003815
-0.002912
-0.004994
-0.003087
-0.002010
-0.003661
-0.004657
-0.001259
0.005038
0.008656
0.006314
0.000168
-0.005257
-0.007285
-0.006516
-0.005394
-0.005028
-0.003695
-0.000015
0.003758
0.004358
0.001919
-0.001059
-0.003249
-0.004566
-0.004797
-0.003957
-0.002347
0.000206
0.003638
0.006691
0.007998
0.007397
0.005570
0.003235
0.001023
-0.000349
-0.000371
0.000589
0.001554
0.002149
0.002647
0.002780
0.001754
-0.000561
-0.003550
-0.006418
-0.008082
-0.007906
-0.006782
-0.005654
-0.003674
-0.000130
0.003277
0.004395
0.003245
0.001309
-0.000060
-0.000203
0.000334
0.000556
0.000984
0.002845
0.005227
0.005808
0.004037
0.001289
-0.001081
-0.002388
-0.002692
-0.002761
-0.002758
-0.001781
0.000161
0.001432
0.001078
-0.000167
-0.001503
-0.002594
-0.002887
-0.002231
-0.001204
0.000023
0.001533
0.002591
0.002519
0.001760
0.000868
-0.000078
-0.000625
-0.000242
0.000647
0.001327
0.001716
0.001784
0.001345
0.000744
0.000365
-0.000194
-0.001150
-0.001701
-0.001245
-0.000344
0.000040
-0.000441
-0.001252
-0.001535
-0.001218
-0.001212
-0.002101
-0.002986
-0.002259
0.000032
0.001423
-0.000303
-0.004750
-0.010037
-0.013863
-0.012722
-0.004685
0.005714
0.011541
0.013814
0.019574
0.027649
0.027240
0.015144
0.002676
-0.000918
-0.000559
-0.003787
-0.008398
-0.009164
-0.007113
-0.005742
-0.005679
-0.007414
-0.012972
-0.021018
-0.025360
-0.022492
-0.016366
-0.011289
-0.005429
0.003409
0.012144
0.017730
0.020838
0.021242
0.017684
0.013200
0.012195
0.012952
0.010844
0.006922
0.005778
0.006978
0.005770
0.000921
-0.004778
-0.010569
-0.017405
-0.022752
-0.022986
-0.019862
-0.017440
-0.014641
-0.008272
-0.000356
0.004707
0.006728
0.007793
0.008062
0.007718
0.008451
0.010238
0.011156
0.011361
0.012669
0.014262
0.013197
0.008797
0.002935
-0.003278
-0.009597
-0.014357
-0.015938
-0.015618
-0.015209
-0.013464
-0.008929
-0.003943
-0.001475
-0.000721
0.000247
0.000604
-0.000640
-0.000615
0.004283
0.011706
0.015610
0.015902
0.017440
0.019036
0.014807
0.005567
-0.002731
-0.008332
-0.012491
-0.014687
-0.014386
-0.012584
-0.010425
-0.008697
-0.006858
-0.003798
-0.001304
-0.001441
-0.001287
0.002327
0.006792
0.008893
0.009646
0.010102
0.009204
0.006856
0.003950
0.000754
-0.002359
-0.004721
-0.005919
-0.005535
-0.003976
-0.002900
-0.002757
-0.002007
-0.000195
0.001181
0.001419
0.001394
0.001735
0.002199
0.002365
0.002026
0.001274
0.000215
-0.001198
-0.002521
-0.002971
-0.002784
-0.002873
-0.002926
-0.001960
-0.000377
0.000807
0.001679
0.002635
0.003324
0.003421
0.003192
0.002876
0.002276
0.000922
-0.001270
-0.003292
-0.004000
-0.003578
-0.002774
-0.001426
0.000787
0.002255
-0.000880
-0.010900
-0.021119
-0.018189
-0.002073
0.008593
0.006526
0.009931
0.027337
0.037566
0.027019
0.013302
0.010686
0.006539
-0.008722
-0.020132
-0.016929
-0.013718
-0.020874
-0.022741
-0.009101
0.000834
-0.007959
-0.018367
-0.013249
-0.004433
-0.006012
-0.008443
0.000183
0.011925
0.016302
0.019109
0.027224
0.032225
0.025180
0.013492
0.007588
0.003738
-0.005371
-0.015437
-0.018254
-0.014784
-0.011684
-0.011145
-0.010487
-0.008469
-0.007147
-0.007792
-0.008310
-0.006687
-0.004099
-0.001774
0.002217
0.009666
0.017378
0.020031
0.017906
0.015966
0.014707
0.009488
0.000313
-0.006594
-0.009012
-0.010968
-0.013450
-0.012651
-0.008521
-0.006246
-0.007689
-0.008678
-0.006677
-0.004823
-0.004960
-0.002587
0.004987
0.012229
0.014914
0.016681
0.019166
0.017734
0.011438
0.004997
0.000195
-0.005135
-0.011088
-0.014476
-0.013480
-0.010894
-0.009986
-0.009018
-0.005493
-0.002178
-0.001492
-0.000407
0.002842
0.005269
0.005619
0.006359
0.008198
0.008651
0.006436
0.003472
0.001370
-0.001328
-0.005515
-0.008323
-0.007756
-0.006133
-0.005147
-0.003041
0.000786
0.003898
0.004986
0.005471
0.006267
0.006106
0.004155
0.002014
0.001087
0.000127
-0.001984
-0.003767
-0.004071
-0.004196
-0.004874
-0.004685
-0.003078
-0.001599
-0.001040
-0.000214
0.001586
0.003244
0.003666
0.003242
0.003346
0.004665
0.005416
0.003392
0.000067
-0.001620
-0.002265
-0.004736
-0.011162
-0.021484
-0.028245
-0.020125
-0.001480
0.008676
0.008589
0.017682
0.037223
0.042652
0.028010
0.017074
0.018114
0.010529
-0.011511
-0.024593
-0.019568
-0.017306
-0.025888
-0.025710
-0.011712
-0.006444
-0.016567
-0.019429
-0.006776
0.000187
-0.008028
-0.011709
0.001661
0.016944
0.020940
0.023203
0.032373
0.037649
0.029515
0.017317
0.011259
0.005144
-0.008513
-0.022042
-0.025232
-0.022108
-0.022172
-0.023541
-0.018192
-0.008427
-0.003927
-0.005283
-0.004055
0.001722
0.005223
0.004491
0.005804
0.011739
0.016868
0.017941
0.018728
0.020852
0.018994
0.010221
0.000027
-0.006132
-0.010602
-0.017268
-0.023136
-0.022844
-0.017739
-0.013540
-0.010855
-0.005503
0.001877
0.005164
0.003354
0.002997
0.006903
0.009569
0.008747
0.010679
0.017016
0.019602
0.015411
0.011375
0.009042
0.001875
-0.009659
-0.017541
-0.019712
-0.020437
-0.020618
-0.017022
-0.009301
-0.002108
0.001496
0.004484
0.009124
0.011462
0.009355
0.007606
0.008597
0.008340
0.005535
0.003721
0.003421
0.001298
-0.003174
-0.006799
-0.008130
-0.009205
-0.010766
-0.009921
-0.005432
-0.000654
0.002255
0.005328
0.009154
0.010646
0.008679
0.006033
0.004329
0.001981
-0.001679
-0.004329
-0.004531
-0.004172
-0.004676
-0.004520
-0.002891
-0.001677
-0.001747
-0.001378
0.000258
0.001875
0.002742
0.003221
0.003067
0.002113
0.001678
0.002690
0.003457
0.001842
-0.000996
-0.002206
-0.002583
-0.006608
-0.016396
-0.026478
-0.025969
-0.011775
0.003094
0.007828
0.013180
0.030285
0.043974
0.037770
0.025348
0.023844
0.020668
-0.000092
-0.023124
-0.027070
-0.021651
-0.026565
-0.034170
-0.026630
-0.012220
-0.009825
-0.013283
-0.006661
0.002292
-0.001711
-0.009720
-0.003809
0.011059
0.017685
0.017009
0.022760
0.034024
0.036469
0.027664
0.019525
0.015299
0.005228
-0.012670
-0.026733
-0.030023
-0.029200
-0.030339
-0.028635
-0.019392
-0.008561
-0.003163
0.000145
0.006635
0.011917
0.010323
0.006683
0.008352
0.012871
0.013698
0.012073
0.013393
0.016312
0.014832
0.008551
0.002511
-0.002039
-0.008806
-0.018003
-0.024146
-0.023913
-0.020489
-0.017639
-0.013712
-0.005718
0.003741
0.009281
0.010752
0.012295
0.014282
0.013156
0.009124
0.006906
0.008057
0.008802
0.007166
0.005885
0.005533
0.002197
-0.004760
-0.010522
-0.013136
-0.015755
-0.018489
-0.017184
-0.011459
-0.005443
-0.000586
0.005135
0.011148
0.013787
0.012400
0.010383
0.009171
0.006409
0.001699
-0.001605
-0.002329
-0.003157
-0.005050
-0.005861
-0.005187
-0.005145
-0.005928
-0.005305
-0.002782
-0.000461
0.000790
0.002695
0.005840
0.008033
0.007960
0.007007
0.006076
0.003966
0.000237
-0.003284
-0.005173
-0.006136
-0.006915
-0.006659
-0.004756
-0.002377
-0.000631
0.000992
0.002897
0.004048
0.003679
0.002591
0.001795
0.001196
0.000338
-0.000431
-0.000470
-0.000095
-0.000246
-0.001240
-0.003266
-0.007944
-0.016363
-0.023385
-0.019632
-0.005662
0.005224
0.008240
0.015794
0.031921
0.040362
0.033697
0.026666
0.025747
0.016293
-0.006277
-0.022986
-0.023606
-0.023495
-0.032875
-0.037417
-0.026127
-0.012758
-0.010858
-0.011280
-0.003741
0.003001
0.000430
-0.002363
0.004004
0.012700
0.014732
0.014844
0.021111
0.029718
0.031510
0.026611
0.021355
0.015352
0.003639
-0.011441
-0.021908
-0.026083
-0.029433
-0.033521
-0.032692
-0.024030
-0.013015
-0.005259
0.000932
0.008433
0.014240
0.015042
0.013687
0.013999
0.014490
0.012363
0.009483
0.009281
0.010708
0.009933
0.006264
0.002383
-0.000744
-0.005200
-0.011701
-0.017458
-0.019991
-0.020454
-0.020536
-0.018259
-0.011175
-0.001961
0.004558
0.008638
0.013482
0.017580
0.017211
0.014051
0.011807
0.009344
0.005076
0.002214
0.002578
0.002682
0.000438
-0.002298
-0.004657
-0.007430
-0.010438
-0.012893
-0.013926
-0.012924
-0.010647
-0.007269
-0.001577
0.004906
0.008811
0.010544
0.012092
0.012046
0.009111
0.005309
0.001958
-0.001507
-0.004522
-0.005914
-0.005759
-0.004874
-0.004018
-0.003249
-0.001936
-0.000384
0.000400
0.000857
0.001766
0.002340
0.002213
0.002580
0.003677
0.004075
0.003089
0.001622
0.000465
-0.000739
-0.002467
-0.004153
-0.004884
-0.004720
-0.004232
-0.003328
-0.001533
0.000964
0.003087
0.003893
0.003917
0.004241
0.004348
0.003152
0.001089
-0.001010
-0.002981
-0.004150
-0.004109
-0.004362
-0.006759
-0.012088
-0.018112
-0.017264
-0.005920
0.005904
0.009100
0.011707
0.022552
0.032154
0.030263
0.024650
0.023451
0.018547
0.002634
-0.013801
-0.018835
-0.019564
-0.027237
-0.034601
-0.029325
-0.017951
-0.014252
-0.014754
-0.008632
0.000332
0.002696
0.001409
0.004923
0.011781
0.014447
0.013499
0.016374
0.023642
0.027364
0.023984
0.018738
0.014875
0.008834
-0.001316
-0.011561
-0.018267
-0.023147
-0.028601
-0.031586
-0.027698
-0.019111
-0.011783
-0.006273
0.001023
0.009118
0.013629
0.014571
0.015346
0.016275
0.014832
0.011149
0.008563
0.008332
0.007878
0.005264
0.002256
0.000847
-0.000539
-0.004283
-0.009383
-0.012924
-0.014385
-0.015760
-0.017061
-0.015432
-0.010379
-0.005349
-0.001823
0.003049
0.009828
0.013963
0.013356
0.011947
0.012280
0.011289
0.007142
0.003710
0.003688
0.003667
0.000831
-0.001953
-0.002246
-0.002901
-0.006320
-0.009835
-0.010732
-0.010280
-0.010121
-0.009022
-0.005382
-0.000622
0.002662
0.004700
0.007313
0.009602
0.009051
0.006272
0.003949
0.002204
-0.000381
-0.003051
-0.003981
-0.003455
-0.003113
-0.003048
-0.002031
-0.000184
0.000867
0.000787
0.001054
0.002020
0.002307
0.001634
0.001363
0.001926
0.002080
0.001173
0.000159
-0.000323
-0.001094
-0.002671
-0.003925
-0.003891
-0.003305
-0.002900
-0.001971
-0.000050
0.001808
0.002602
0.002832
0.003341
0.003822
0.003417
0.002055
0.000438
-0.000736
-0.001459
-0.002403
-0.004343
-0.008618
-0.015729
-0.020298
-0.014684
-0.002613
0.003873
0.005306
0.013180
0.025652
0.029807
0.026435
0.025973
0.025644
0.015010
-0.002025
-0.011971
-0.014607
-0.020876
-0.030288
-0.031236
-0.023253
-0.018267
-0.018338
-0.013584
-0.003388
0.002278
0.001646
0.002464
0.006889
0.009435
0.008743
0.010178
0.015927
0.020837
0.020731
0.018771
0.018728
0.017856
0.012354
0.003854
-0.004178
-0.011554
-0.019326
-0.025718
-0.027668
-0.025217
-0.021364
-0.017428
-0.011552
-0.003275
0.004490
0.009715
0.013080
0.015062
0.015103
0.013441
0.011262
0.009338
0.007633
0.005699
0.003522
0.002140
0.002038
0.001753
-0.000012
-0.002331
-0.004061
-0.006237
-0.009888
-0.013146
-0.013785
-0.012827
-0.012169
-0.010576
-0.006134
-0.000629
0.003244
0.006394
0.010431
0.013543
0.013304
0.010839
0.009087
0.008481
0.007039
0.004304
0.002208
0.001236
-0.000532
-0.003284
-0.005069
-0.005957
-0.007681
-0.009907
-0.010778
-0.009816
-0.007990
-0.005936
-0.003318
0.000160
0.003560
0.005677
0.006896
0.008029
0.008283
0.006787
0.004444
0.002409
0.000583
-0.001375
-0.003068
-0.003920
-0.003910
-0.003495
-0.002841
-0.001568
0.000253
0.001739
0.002378
0.002518
0.002530
0.002349
0.001798
0.000959
0.000052
-0.000914
-0.001886
-0.002572
-0.002878
-0.002891
-0.002528
-0.001693
-0.000619
0.000126
0.000317
0.000612
0.001621
0.002561
0.002251
0.001333
0.001315
0.001923
0.001896
0.000693
-0.003140
-0.010932
-0.017729
-0.015469
-0.006553
-0.001789
-0.001486
0.004670
0.016551
0.022812
0.022231
0.023834
0.026868
0.021202
0.006806
-0.004574
-0.008995
-0.014900
-0.024595
-0.029062
-0.025154
-0.020974
-0.019806
-0.014773
-0.004147
0.004031
0.005831
0.006175
0.008551
0.010231
0.009260
0.008384
0.009424
0.010150
0.009168
0.008907
0.010942
0.012617
0.011360
0.007727
0.002815
-0.002841
-0.008191
-0.012436
-0.016014
-0.019213
-0.020780
-0.019351
-0.015281
-0.009854
-0.003572
0.003309
0.009275
0.012952
0.015194
0.017074
0.017345
0.014557
0.009756
0.004856
0.000378
-0.003550
-0.006190
-0.007394
-0.007942
-0.008065
-0.007218
-0.005545
-0.003975
-0.002722
-0.001572
-0.001307
-0.002403
-0.003286
-0.002596
-0.001417
-0.000744
0.000686
0.003580
0.006188
0.007340
0.008250
0.009598
0.009608
0.006845
0.002858
-0.000004
-0.001911
-0.004370
-0.006955
-0.007937
-0.007284
-0.006291
-0.005067
-0.002835
-0.000081
0.001664
0.002036
0.002030
0.002091
0.001744
0.000877
0.000076
-0.000235
-0.000191
-0.000071
0.000138
0.000616
0.001214
0.001425
0.000979
0.000156
-0.000537
-0.000862
-0.000991
-0.001129
-0.001083
-0.000547
0.000353
0.001302
0.002196
0.002873
0.002935
0.002245
0.001156
0.000011
-0.001149
-0.002288
-0.003187
-0.003593
-0.003383
-0.002608
-0.001502
-0.000398
0.000478
0.001156
0.001833
0.002495
0.002714
0.002143
0.001129
0.000379
0.000118
-0.000078
-0.001309
-0.005168
-0.010709
-0.012611
-0.007985
-0.002239
-0.000607
0.000836
0.007025
0.013914
0.016004
0.016026
0.018287
0.019412
0.013728
0.003820
-0.002724
-0.005740
-0.011240
-0.018984
-0.022986
-0.022186
-0.020153
-0.017242
-0.011470
-0.004128
0.001718
0.005616
0.008946
0.012089
0.014374
0.015206
0.014019
0.010632
0.006697
0.004647
0.004013
0.001957
-0.001557
-0.003666
-0.004094
-0.005177
-0.006807
-0.006827
-0.005711
-0.006017
-0.007618
-0.007538
-0.004923
-0.002565
-0.002133
-0.001558
0.000918
0.003990
0.006227
0.008056
0.009776
0.010601
0.010082
0.008621
0.006667
0.004321
0.001391
-0.002346
-0.006500
-0.009854
-0.011404
-0.011614
-0.011653
-0.011296
-0.009154
-0.005313
-0.001615
0.001208
0.004164
0.007313
0.009183
0.009327
0.009033
0.008917
0.007849
0.005157
0.002204
0.000432
-0.000709
-0.002281
-0.003833
-0.004456
-0.004308
-0.003931
-0.003423
-0.002775
-0.002010
-0.001115
-0.000281
0.000314
0.000795
0.001198
0.001279
0.000850
0.000117
-0.000364
-0.000411
-0.000592
-0.001127
-0.001311
-0.000808
-0.000198
0.000137
0.000380
0.000692
0.001026
0.001205
0.001124
0.000982
0.001014
0.001084
0.000932
0.000597
0.000368
0.000391
0.000453
0.000249
-0.000181
-0.000565
-0.000852
-0.001144
-0.001346
-0.001268
-0.000881
-0.000357
0.000036
0.000198
0.000357
0.000655
0.000794
0.000476
-0.000141
-0.000682
-0.000939
-0.000931
-0.001064
-0.002374
-0.005298
-0.007676
-0.006485
-0.002456
0.000505
0.001202
0.002348
0.005240
0.007804
0.009062
0.010802
0.012967
0.012182
0.007822
0.004230
0.003167
0.000693
-0.005098
-0.010763
-0.013730
-0.014838
-0.014711
-0.013207
-0.011271
-0.009564
-0.006791
-0.002011
0.003011
0.006290
0.008611
0.011139
0.012636
0.012189
0.011379
0.010811
0.008405
0.003719
-0.000314
-0.002177
-0.004058
-0.007501
-0.010601
-0.011308
-0.010328
-0.009054
-0.007392
-0.005019
-0.002372
0.000484
0.003835
0.006881
0.008451
0.008853
0.008982
0.008488
0.006814
0.004708
0.002810
0.000448
-0.002464
-0.004358
-0.004514
-0.004558
-0.005649
-0.006361
-0.005416
-0.004049
-0.003597
-0.003303
-0.002226
-0.000971
-0.000178
0.000705
0.002020
0.003001
0.003215
0.003322
0.003706
0.003880
0.003598
0.003101
0.002369
0.001431
0.000854
0.000815
0.000557
-0.000334
-0.001119
-0.001190
-0.001114
-0.001522
-0.002069
-0.002237
-0.002141
-0.002040
-0.001865
-0.001558
-0.001244
-0.000930
-0.000522
-0.000062
0.000332
0.000529
0.000471
0.000413
0.000692
0.001126
0.001178
0.000815
0.000605
0.000833
0.001027
0.000688
0.000086
-0.000168
-0.000049
-0.000007
-0.000156
-0.000226
-0.000165
-0.000137
-0.000078
0.000175
0.000503
0.000623
0.000469
0.000235
0.000124
0.000145
0.000166
0.000122
0.000057
-0.000067
-0.000372
-0.000752
-0.000904
-0.000894
-0.001349
-0.002885
-0.005227
-0.006662
-0.005281
-0.001703
0.001017
0.001517
0.001852
0.003548
0.005248
0.006043
0.006885
0.007239
0.005392
0.002995
0.003229
0.004395
0.002379
-0.001722
-0.003748
-0.003626
-0.003906
-0.004626
-0.004806
-0.005377
-0.006644
-0.006588
-0.004678
-0.003406
-0.003613
-0.002843
-0.000154
0.002298
0.003530
0.004789
0.006138
0.006395
0.006038
0.006214
0.005981
0.003979
0.001345
-0.000064
-0.000764
-0.002332
-0.004467
-0.005768
-0.006018
-0.005696
-0.004750
-0.003416
-0.002440
-0.001553
0.000264
0.002648
0.004154
0.004586
0.004886
0.005099
0.004623
0.003826
0.003259
0.002271
0.000408
-0.001171
-0.001693
-0.002392
-0.004069
-0.005319
-0.005110
-0.004555
-0.004578
-0.004402
-0.003469
-0.002470
-0.001655
-0.000298
0.001564
0.002883
0.003449
0.004053
0.004832
0.005227
0.005187
0.004901
0.004135
0.002888
0.001677
0.000688
-0.000257
-0.001082
-0.001789
-0.002662
-0.003532
-0.003857
-0.003777
-0.003871
-0.003996
-0.003591
-0.002722
-0.001771
-0.000754
0.000327
0.001253
0.002008
0.002654
0.002977
0.002876
0.002571
0.002168
0.001642
0.001115
0.000678
0.000278
-0.000093
-0.000412
-0.000681
-0.000825
-0.000787
-0.000740
-0.000858
-0.001001
-0.000941
-0.000678
-0.000376
-0.000141
0.000030
0.000175
0.000294
0.000366
0.000422
0.000486
0.000430
0.000190
0.000042
0.000140
-0.000144
-0.001622
-0.003580
-0.003759
-0.001412
0.000917
0.000798
-0.000426
-0.000168
0.001149
0.001806
0.002132
0.002628
0.002187
0.001156
0.001863
0.003701
0.003170
0.000313
-0.001164
-0.000511
-0.000225
-0.000774
-0.000898
-0.001036
-0.001751
-0.001741
-0.000777
-0.000933
-0.002557
-0.003163
-0.001946
-0.001008
-0.001181
-0.000993
-0.000149
0.000217
0.000436
0.001399
0.001961
0.000995
0.000085
0.000843
0.001859
0.001287
0.000085
0.000016
0.000754
0.001165
0.001271
0.001313
0.000982
0.000549
0.000640
0.000733
-0.000095
-0.001302
-0.001748
-0.001628
-0.001698
-0.001740
-0.001392
-0.001055
-0.000752
0.000168
0.001278
0.001260
0.000382
0.000185
0.000682
0.000566
-0.000230
-0.000721
-0.000837
-0.001029
-0.000987
-0.000492
-0.000236
-0.000500
-0.000569
-0.000183
0.000205
0.000604
0.001141
0.001287
0.000885
0.000668
0.000805
0.000707
0.000492
0.000655
0.000859
0.000776
0.000901
0.001271
0.001065
0.000279
-0.000196
-0.000320
-0.000707
-0.001210
-0.001392
-0.001479
-0.001722
-0.001913
-0.001911
-0.001747
-0.001386
-0.000901
-0.000424
0.000082
0.000615
0.001030
0.001310
0.001485
0.001442
0.001190
0.000972
0.000916
0.000933
0.000980
0.001044
0.000979
0.000696
0.000324
0.000024
-0.000169
-0.000333
-0.000626
-0.001036
-0.001213
-0.000966
-0.000718
-0.001144
-0.002476
-0.003818
-0.003447
-0.001124
0.000790
0.000540
-0.000355
0.000025
0.001059
0.001686
0.002221
0.002456
0.001680
0.001226
0.002651
0.003954
0.002596
0.000307
-0.000156
0.000256
-0.000214
-0.000764
-0.000741
-0.001126
-0.001734
-0.001385
-0.000911
-0.001828
-0.003044
-0.002728
-0.001655
-0.001357
-0.001335
-0.000724
-0.000054
0.000471
0.001506
0.002485
0.002191
0.001341
0.001473
0.002049
0.001546
0.000324
-0.000231
-0.000151
-0.000224
-0.000303
-0.000093
-0.000087
-0.000363
-0.000194
0.000311
0.000158
-0.000604
-0.000930
-0.000670
-0.000506
-0.000496
-0.000342
-0.000243
-0.000240
0.000110
0.000628
0.000530
-0.000082
-0.000366
-0.000261
-0.000318
-0.000547
-0.000683
-0.000802
-0.000837
-0.000604
-0.000435
-0.000483
-0.000052
0.001029
0.001704
0.001522
0.001388
0.001664
0.001596
0.001019
0.000523
0.000143
-0.000322
-0.000500
-0.000368
-0.000562
-0.000984
-0.000901
-0.000421
-0.000155
-0.000012
0.000246
0.000312
0.000046
-0.000220
-0.000379
-0.000618
-0.000861
-0.000788
-0.000383
-0.000049
-0.000003
0.000084
0.000471
0.000786
0.000622
0.000179
-0.000149
-0.000300
-0.000403
-0.000500
-0.000523
-0.000334
0.000107
0.000602
0.000928
0.001029
0.000966
0.000863
0.000789
0.000525
-0.000377
-0.001996
-0.003379
-0.003076
-0.001174
0.000248
0.000026
-0.000366
0.000445
0.001535
0.001807
0.001610
0.001131
0.000190
-0.000178
0.000785
0.001409
0.000324
-0.000769
-0.000176
0.000909
0.001072
0.000855
0.000709
0.000237
-0.000187
-0.000127
-0.000537
-0.001961
-0.002962
-0.002449
-0.001449
-0.001027
-0.000771
-0.000229
0.000377
0.001035
0.001671
0.001607
0.000771
0.000225
0.000430
0.000529
0.000031
-0.000466
-0.000554
-0.000427
-0.000124
0.000318
0.000449
0.000163
0.000114
0.000593
0.000947
0.000712
0.000350
0.000376
0.000612
0.000623
0.000270
-0.000283
-0.000694
-0.000709
-0.000513
-0.000600
-0.001083
-0.001444
-0.001285
-0.000890
-0.000701
-0.000713
-0.000662
-0.000401
0.000035
0.000420
0.000505
0.000407
0.000493
0.000793
0.000988
0.000932
0.000740
0.000548
0.000452
0.000428
0.000310
0.000085
-0.000017
0.000105
0.000261
0.000280
0.000166
0.000034
0.000047
0.000204
0.000192
-0.000147
-0.000455
-0.000406
-0.000199
-0.000148
-0.000239
-0.000304
-0.000304
-0.000279
-0.000249
-0.000244
-0.000347
-0.000581
-0.000770
-0.000707
-0.000483
-0.000357
-0.000326
-0.000164
0.000145
0.000385
0.000481
0.000553
0.000663
0.000757
0.000798
0.000799
0.000735
0.000595
0.000500
0.000525
0.000504
0.000284
-0.000040
-0.000345
-0.000669
-0.001017
-0.001243
-0.001268
-0.001168
-0.000988
-0.000782
-0.000689
-0.000643
-0.000353
0.000138
0.000429
0.000470
0.000622
0.000945
0.001179
0.001288
0.001302
0.001003
0.000434
0.000092
0.000079
-0.000094
-0.000568
-0.000904
-0.000882
-0.000710
-0.000560
-0.000386
-0.000086
0.000312
0.000628
0.000769
0.000819
0.000810
0.000666
0.000415
0.000146
-0.000217
-0.000716
-0.001052
-0.000991
-0.000747
-0.000585
-0.000410
-0.000048
0.000369
0.000554
0.000424
0.000143
-0.000080
-0.000133
-0.000067
-0.000048
-0.000191
-0.000346
-0.000165
0.000392
0.000887
0.000960
0.000723
0.000483
0.000371
0.000316
0.000154
-0.000233
-0.000691
-0.000848
-0.000637
-0.000451
-0.000523
-0.000563
-0.000286
0.000072
0.000105
-0.000153
-0.000347
-0.000303
-0.000182
-0.000196
-0.000319
-0.000367
-0.000263
-0.000070
0.000127
0.000265
0.000366
0.000522
0.000731
0.000876
0.000877
0.000746
0.000584
0.000551
0.000619
0.000574
0.000369
0.000180
0.000090
0.000004
-0.000295
-0.001178
-0.002730
-0.003889
-0.003190
-0.001108
0.000133
-0.000124
-0.000206
0.000749
0.001735
0.002132
0.002161
0.001639
0.000842
0.001058
0.002112
0.001953
0.000340
-0.000668
-0.000500
-0.000384
-0.000491
-0.000395
-0.000565
-0.000923
-0.000567
0.000024
-0.000470
-0.001559
-0.001751
-0.001127
-0.000682
-0.000570
-0.000512
-0.000322
0.000359
0.001394
0.001829
0.001303
0.000605
0.000309
0.000221
0.000063
-0.000371
-0.001103
-0.001514
-0.001047
-0.000257
0.000053
0.000069
0.000357
0.000910
0.001416
0.001629
0.001371
0.000871
0.000661
0.000666
0.000327
-0.000311
-0.000684
-0.000668
-0.000500
-0.000273
-0.000154
-0.000393
-0.000784
-0.000913
-0.000907
-0.001160
-0.001536
-0.001562
-0.001102
-0.000429
0.000103
0.000353
0.000497
0.000849
0.001431
0.001815
0.001679
0.001268
0.000932
0.000642
0.000246
-0.000235
-0.000679
-0.000912
-0.000772
-0.000374
-0.000065
0.000034
0.000117
0.000307
0.000458
0.000371
0.000017
-0.000425
-0.000710
-0.000760
-0.000727
-0.000730
-0.000668
-0.000413
-0.000030
0.000312
0.000478
0.000426
0.000277
0.000209
0.000207
0.000093
-0.000160
-0.000326
-0.000221
0.000042
0.000187
0.000104
-0.000020
0.000004
0.000125
0.000180
0.000123
0.000005
-0.000099
-0.000091
0.000057
0.000204
0.000227
0.000264
0.000517
0.000857
0.000942
0.000728
0.000507
0.000416
0.000279
-0.000032
-0.000392
-0.000597
-0.000622
-0.000669
-0.000860
-0.001051
-0.001110
-0.001063
-0.000899
-0.000605
-0.000311
-0.000135
-0.000014
0.000165
0.000370
0.000505
0.000586
0.000698
0.000828
0.000863
0.000763
0.000633
0.000574
0.000559
0.000466
0.000216
-0.000100
-0.000312
-0.000418
-0.000571
-0.000772
-0.000834
-0.000707
-0.000556
-0.000453
-0.000288
-0.000037
0.000165
0.000286
0.000445
0.000644
0.000700
0.000565
0.000438
0.000407
0.000280
-0.000067
-0.000451
-0.000648
-0.000665
-0.000638
-0.000621
-0.000564
-0.000423
-0.000222
0.000007
0.000246
0.000444
0.000555
0.000572
0.000525
0.000443
0.000291
0.000057
-0.000110
-0.000088
-0.000015
-0.000055
-0.000104
-0.000023
0.000110
0.000164
0.000119
-0.000018
-0.000216
-0.000343
-0.000327
-0.000288
-0.000324
-0.000334
-0.000202
0.000025
0.000211
0.000197
0.000010
0.000041
0.000487
0.000793
0.000445
-0.000119
-0.000247
-0.000091
-0.000102
-0.000278
-0.000432
-0.000435
-0.000140
0.000272
0.000263
-0.000142
-0.000262
0.000059
0.000320
0.000350
0.000320
0.000188
-0.000010
-0.000032
0.000023
-0.000141
-0.000409
-0.000442
-0.000229
-0.000048
-0.000012
0.000038
0.000201
0.000340
0.000367
0.000391
0.000411
0.000298
0.000118
0.000040
0.000027
-0.000051
-0.000203
-0.000334
-0.000385
-0.000424
-0.000528
-0.000594
-0.000475
-0.000248
-0.000081
0.000055
0.000273
0.000517
0.000644
0.000669
0.000680
0.000657
0.000559
0.000451
0.000348
0.000127
-0.000231
-0.000520
-0.000588
-0.000581
-0.000737
-0.001000
-0.001038
-0.000712
-0.000348
-0.000274
-0.000343
-0.000253
-0.000004
0.000263
0.000473
0.000572
0.000593
0.000666
0.000787
0.000794
0.000628
0.000435
0.000369
0.000328
0.000076
-0.000325
-0.000577
-0.000618
-0.000631
-0.000678
-0.000656
-0.000512
-0.000298
-0.000097
0.000053
0.000182
0.000301
0.000396
0.000522
0.000706
0.000773
0.000574
0.000263
0.000071
-0.000033
-0.000195
-0.000365
-0.000420
-0.000410
-0.000440
-0.000471
-0.000410
-0.000304
-0.000228
-0.000115
0.000092
0.000249
0.000233
0.000176
0.000232
0.000299
0.000247
0.000126
-0.000003
-0.000140
-0.000223
-0.000190
-0.000084
0.000042
0.000167
0.000254
0.000283
0.000295
0.000255
0.000061
-0.000182
-0.000246
-0.000191
-0.000239
-0.000347
-0.000308
-0.000149
-0.000068
-0.000089
-0.000056
0.000075
0.000192
0.000238
0.000264
0.000286
0.000206
0.000027
-0.000058
0.000012
0.000056
-0.000027
-0.000103
-0.000035
0.000124
0.000208
0.000159
0.000091
0.000108
0.000141
0.000046
-0.000178
-0.000361
-0.000373
-0.000270
-0.000200
-0.000242
-0.000336
-0.000287
-0.000009
0.000291
0.000379
0.000282
0.000159
0.000129
0.000211
0.000289
0.000269
0.000206
0.000168
0.000090
-0.000105
-0.000317
-0.000380
-0.000331
-0.000326
-0.000410
-0.000527
-0.000592
-0.000489
-0.000195
0.000128
0.000325
0.000446
0.000570
0.000597
0.000438
0.000225
0.000132
0.000129
0.000047
-0.000128
-0.000240
-0.000242
-0.000221
-0.000211
-0.000194
-0.000183
-0.000196
-0.000190
-0.000108
-0.000014
-0.000017
-0.000039
0.000081
0.000285
0.000408
0.000461
0.000535
0.000586
0.000513
0.000357
0.000282
0.000301
0.000235
0.000018
-0.000200
-0.000321
-0.000449
-0.000645
-0.000754
-0.000669
-0.000531
-0.000433
-0.000273
-0.000064
0.000054
0.000130
0.000294
0.000474
0.000520
0.000432
0.000333
0.000289
0.000221
0.000050
-0.000151
-0.000258
-0.000286
-0.000342
-0.000444
-0.000495
-0.000447
-0.000343
-0.000194
0.000002
0.000169
0.000265
0.000364
0.000514
0.000621
0.000589
0.000446
0.000295
0.000185
0.000027
-0.000272
-0.000626
-0.000826
-0.000782
-0.000626
-0.000547
-0.000621
-0.000746
-0.000598
0.000135
0.001173
0.001737
0.001562
0.001162
0.000958
0.000806
0.000403
-0.000277
-0.000909
-0.001108
-0.000835
-0.000476
-0.000391
-0.000458
-0.000346
-0.000068
0.000157
0.000258
0.000249
0.000190
0.000218
0.000303
0.000205
-0.000143
-0.000466
-0.000491
-0.000284
-0.000160
-0.000204
-0.000135
0.000181
0.000492
0.000554
0.000366
0.000061
-0.000179
-0.000236
-0.000175
-0.000111
-0.000057
0.000052
0.000259
0.000481
0.000560
0.000488
0.000429
0.000413
0.000270
-0.000024
-0.000261
-0.000419
-0.000691
-0.001035
-0.001203
-0.001152
-0.001014
-0.000795
-0.000448
-0.000052
0.000281
0.000503
0.000619
0.000697
0.000784
0.000804
0.000673
0.000484
0.000401
0.000393
0.000302
0.000117
-0.000007
0.000007
0.000052
0.000009
-0.000102
-0.000184
-0.000200
-0.000212
-0.000300
-0.000397
-0.000348
-0.000143
0.000079
0.000217
0.000286
0.000361
0.000445
0.000448
0.000339
0.000174
-0.000010
-0.000217
-0.000415
-0.000559
-0.000658
-0.000738
-0.000767
-0.000674
-0.000448
-0.000196
-0.000009
0.000160
0.000333
0.000415
0.000383
0.000374
0.000425
0.000376
0.000165
-0.000025
-0.000049
0.000017
0.000051
0.000030
0.000013
0.000052
0.000084
0.000056
0.000038
0.000035
-0.000058
-0.000231
-0.000319
-0.000242
-0.000100
-0.000018
0.000018
0.000094
0.000204
0.000269
0.000265
0.000209
0.000091
-0.000067
-0.000169
-0.000169
-0.000133
-0.000140
-0.000177
-0.000170
-0.000083
0.000027
0.000077
0.000066
0.000053
0.000060
0.000081
0.000103
0.000099
0.000091
0.000105
0.000117
0.000087
0.000014
-0.000049
-0.000040
0.000016
0.000031
-0.000045
-0.000156
-0.000196
-0.000152
-0.000104
-0.000088
-0.000078
-0.000052
-0.000002
0.000061
0.000096
0.000080
0.000046
0.000029
0.000040
0.000067
0.000048
-0.000041
-0.000074
0.000015
0.000080
0.000034
0.000005
0.000065
0.000118
0.000070
-0.000029
-0.000072
-0.000085
-0.000156
-0.000245
-0.000245
-0.000151
-0.000034
0.000051
0.000117
0.000229
0.000359
0.000349
0.000170
-0.000004
-0.000062
-0.000074
-0.000115
-0.000123
-0.000053
0.000008
0.000012
0.000060
0.000173
0.000199
0.000113
0.000105
0.000216
0.000273
0.000182
-0.000024
-0.000250
-0.000375
-0.000365
-0.000294
-0.000231
-0.000212
-0.000250
-0.000292
-0.000267
-0.000208
-0.000158
-0.000056
0.000112
0.000220
0.000176
0.000051
-0.000028
0.000001
0.000103
0.000173
0.000153
0.000078
0.000034
0.000044
0.000033
-0.000020
-0.000019
0.000075
0.000160
0.000151
0.000118
0.000139
0.000138
0.000022
-0.000117
-0.000138
-0.000092
-0.000113
-0.000154
-0.000086
0.000049
0.000105
0.000057
0.000005
0.000008
0.000040
0.000072
0.000105
0.000128
0.000118
0.000105
0.000157
0.000211
0.000120
-0.000081
-0.000237
-0.000285
-0.000219
-0.000104
-0.000054
-0.000058
-0.000018
0.000048
0.000071
0.000044
0.000024
0.000037
0.000017
-0.000082
-0.000169
-0.000176
-0.000122
-0.000005
0.000135
0.000161
0.000042
-0.000059
-0.000032
-0.000004
-0.000085
-0.000139
-0.000030
0.000121
0.000147
0.000092
0.000086
0.000124
0.000127
0.000083
0.000042
-0.000004
-0.000086
-0.000136
-0.000096
-0.000049
-0.000028
0.000038
0.000124
0.000130
0.000077
0.000031
-0.000034
-0.000118
-0.000150
-0.000153
-0.000191
-0.000202
-0.000143
-0.000100
-0.000068
0.000057
0.000228
0.000295
0.000238
0.000182
0.000179
0.000137
0.000019
-0.000079
-0.000093
-0.000060
-0.000032
-0.000009
0.000024
0.000024
-0.000040
-0.000111
-0.000120
-0.000062
0.000002
-0.000014
-0.000125
-0.000230
-0.000209
-0.000045
0.000163
0.000284
0.000285
0.000275
0.000294
0.000202
-0.000035
-0.000217
-0.000212
-0.000127
-0.000100
-0.000126
-0.000141
-0.000129
-0.000121
-0.000120
-0.000069
-0.000005
-0.000106
-0.000358
-0.000475
-0.000359
-0.000200
-0.000099
0.000013
0.000178
0.000356
0.000469
0.000483
0.000430
0.000371
0.000346
0.000314
0.000192
0.000021
-0.000052
-0.000000
0.000063
0.000082
0.000118
0.000195
0.000219
0.000108
-0.000074
-0.000204
-0.000233
-0.000190
-0.000134
-0.000112
-0.000150
-0.000243
-0.000335
-0.000366
-0.000338
-0.000287
-0.000217
-0.000093
0.000084
0.000233
0.000271
0.000234
0.000199
0.000170
0.000131
0.000125
0.000165
0.000158
0.000045
-0.000086
-0.000166
-0.000255
-0.000378
-0.000451
-0.000416
-0.000302
-0.000155
0.000007
0.000132
0.000152
0.000127
0.000197
0.000338
0.000373
0.000262
0.000152
0.000132
0.000119
0.000041
-0.000047
-0.000093
-0.000114
-0.000134
-0.000124
-0.000037
0.000110
0.000210
0.000199
0.000139
0.000116
0.000110
0.000033
-0.000111
-0.000192
-0.000128
-0.000022
-0.000023
-0.000106
-0.000146
-0.000126
-0.000114
-0.000092
-0.000018
0.000011
-0.000101
-0.000246
-0.000279
-0.000247
-0.000218
-0.000098
0.000145
0.000336
0.000360
0.000334
0.000352
0.000338
0.000210
0.000037
-0.000073
-0.000118
-0.000161
-0.000216
-0.000217
-0.000129
-0.000022
0.000004
-0.000029
0.000003
0.000114
0.000165
0.000088
-0.000004
-0.000006
0.000045
0.000070
0.000064
0.000059
0.000078
0.000131
0.000159
0.000092
-0.000030
-0.000119
-0.000154
-0.000177
-0.000205
-0.000226
-0.000282
-0.000359
-0.000308
-0.000089
0.000122
0.000151
0.000073
0.000088
0.000192
0.000218
0.000140
0.000077
0.000098
0.000169
0.000207
0.000173
0.000133
0.000113
0.000020
-0.000159
-0.000306
-0.000352
-0.000257
-0.000011
0.000230
0.000286
0.000195
0.000109
0.000062
-0.000010
-0.000087
-0.000073
0.000024
0.000069
0.000002
-0.000086
-0.000123
-0.000162
-0.000219
-0.000220
-0.000184
-0.000236
-0.000350
-0.000354
-0.000181
0.000041
0.000161
0.000159
0.000114
0.000080
0.000060
0.000055
0.000090
0.000175
0.000256
0.000229
0.000096
0.000035
0.000099
0.000085
-0.000099
-0.000264
-0.000255
-0.000166
-0.000122
-0.000088
0.000023
0.000191
0.000329
0.000400
0.000415
0.000356
0.000211
0.000067
0.000005
-0.000024
-0.000091
-0.000155
-0.000124
-0.000025
0.000023
-0.000029
-0.000121
-0.000167
-0.000152
-0.000125
-0.000086
-0.000025
-0.000008
-0.000078
-0.000131
-0.000091
-0.000052
-0.000054
-0.000006
0.000097
0.000158
0.000132
0.000056
-0.000014
-0.000044
-0.000066
-0.000129
-0.000199
-0.000228
-0.000234
-0.000201
-0.000055
0.000179
0.000356
0.000377
0.000293
0.000200
0.000139
0.000132
0.000166
0.000143
0.000003
-0.000164
-0.000228
-0.000175
-0.000084
-0.000011
0.000023
0.000012
-0.000051
-0.000153
-0.000235
-0.000261
-0.000245
-0.000180
-0.000040
0.000139
0.000286
0.000366
0.000373
0.000318
0.000230
0.000124
0.000013
-0.000047
-0.000049
-0.000073
-0.000159
-0.000251
-0.000290
-0.000261
-0.000178
-0.000090
-0.000061
-0.000095
-0.000135
-0.000125
-0.000046
0.000052
0.000066
0.000029
0.000118
0.000325
0.000402
0.000248
0.000067
0.000039
0.000078
0.000051
-0.000016
-0.000053
-0.000095
-0.000187
-0.000294
-0.000345
-0.000299
-0.000171
-0.000018
0.000126
0.000261
0.000366
0.000405
0.000378
0.000278
0.000070
-0.000195
-0.000400
-0.000516
-0.000564
-0.000497
-0.000307
-0.000119
-0.000021
0.000058
0.000188
0.000320
0.000372
0.000332
0.000255
0.000195
0.000187
0.000226
0.000242
0.000209
0.000208
0.000265
0.000269
0.000156
0.000010
-0.000071
-0.000098
-0.000128
-0.000190
-0.000305
-0.000443
-0.000492
-0.000413
-0.000284
-0.000153
-0.000016
0.000077
0.000068
0.000010
0.000010
0.000079
0.000139
0.000131
0.000075
0.000044
0.000077
0.000132
0.000140
0.000078
-0.000005
-0.000031
0.000018
0.000052
-0.000015
-0.000134
-0.000165
-0.000080
-0.000024
-0.000088
-0.000144
-0.000079
0.000012
0.000005
-0.000061
-0.000060
0.000034
0.000088
0.000010
-0.000069
0.000008
0.000138
0.000116
-0.000008
-0.000056
-0.000022
0.000014
0.000081
0.000189
0.000211
0.000128
0.000101
0.000150
0.000118
-0.000017
-0.000124
-0.000155
-0.000196
-0.000293
-0.000370
-0.000328
-0.000175
-0.000043
-0.000018
-0.000021
0.000056
0.000169
0.000204
0.000164
0.000157
0.000225
0.000290
0.000286
0.000235
0.000169
0.000083
-0.000009
-0.000072
-0.000113
-0.000163
-0.000214
-0.000233
-0.000222
-0.000214
-0.000225
-0.000217
-0.000165
-0.000084
0.000005
0.000072
0.000088
0.000073
0.000080
0.000127
0.000186
0.000208
0.000198
0.000189
0.000147
0.000029
-0.000108
-0.000178
-0.000163
-0.000113
-0.000093
-0.000113
-0.000135
-0.000128
-0.000093
-0.000034
0.000015
-0.000000
-0.000034
0.000045
0.000182
0.000186
0.000104
0.000129
0.000216
0.000216
0.000177
0.000184
0.000180
0.000068
-0.000132
-0.000264
-0.000204
-0.000063
-0.000040
-0.000159
-0.000311
-0.000334
-0.000114
0.000183
0.000286
0.000227
0.000222
0.000302
0.000341
0.000276
0.000133
-0.000059
-0.000235
-0.000316
-0.000329
-0.000346
-0.000365
-0.000369
-0.000355
-0.000285
-0.000158
-0.000046
-0.000013
-0.000044
-0.000059
-0.000004
0.000093
0.000179
0.000228
0.000218
0.000143
0.000083
0.000113
0.000175
0.000170
0.000117
0.000090
0.000111
0.000136
0.000121
0.000092
0.000075
0.000018
-0.000059
-0.000041
0.000052
0.000071
-0.000017
-0.000114
-0.000146
-0.000100
-0.000010
0.000042
0.000006
-0.000079
-0.000133
-0.000108
-0.000025
0.000044
0.000072
0.000126
0.000225
0.000270
0.000192
0.000035
-0.000132
-0.000244
-0.000240
-0.000166
-0.000143
-0.000181
-0.000191
-0.000136
-0.000059
0.000010
0.000068
0.000097
0.000096
0.000067
-0.000003
-0.000073
-0.000067
0.000004
0.000070
0.000091
0.000099
0.000141
0.000190
0.000187
0.000148
0.000114
0.000061
-0.000025
-0.000088
-0.000095
-0.000090
-0.000133
-0.000223
-0.000266
-0.000184
-0.000034
0.000071
0.000106
0.000123
0.000147
0.000172
0.000195
0.000182
0.000098
-0.000004
-0.000045
-0.000049
-0.000072
-0.000093
-0.000086
-0.000101
-0.000161
-0.000179
-0.000097
-0.000025
-0.000079
-0.000167
-0.000129
0.000013
0.000128
0.000165
0.000181
0.000199
0.000150
0.000045
0.000002
0.000023
-0.000027
-0.000155
-0.000220
-0.000183
-0.000131
-0.000093
-0.000040
0.000027
0.000082
0.000088
0.000045
0.000037
0.000135
0.000253
0.000230
0.000085
-0.000009
-0.000006
-0.000006
-0.000046
-0.000071
-0.000051
-0.000025
-0.000031
-0.000019
0.000073
0.000195
0.000193
-0.000018
-0.000270
-0.000339
-0.000266
-0.000247
-0.000314
-0.000338
-0.000236
-0.000058
0.000074
0.000094
0.000080
0.000125
0.000197
0.000239
0.000285
0.000350
0.000381
0.000358
0.000289
0.000181
0.000115
0.000153
0.000199
0.000148
0.000036
-0.000046
-0.000072
-0.000090
-0.000167
-0.000308
-0.000456
-0.000527
-0.000495
-0.000425
-0.000333
-0.000180
-0.000028
0.000054
0.000129
0.000261
0.000393
0.000426
0.000352
0.000270
0.000240
0.000205
0.000103
-0.000035
-0.000124
-0.000130
-0.000131
-0.000201
-0.000306
-0.000372
-0.000366
-0.000294
-0.000183
-0.000061
0.000046
0.000137
0.000236
0.000299
0.000226
0.000061
-0.000011
0.000050
0.000111
0.000089
0.000024
-0.000030
-0.000069
-0.000115
-0.000147
-0.000134
-0.000089
-0.000029
0.000038
0.000042
-0.000049
-0.000123
-0.000091
0.000000
0.000094
0.000187
0.000254
0.000245
0.000150
0.000050
0.000012
-0.000023
-0.000100
-0.000135
-0.000090
-0.000041
-0.000020
0.000031
0.000116
0.000182
0.000202
0.000184
0.000143
0.000096
0.000048
0.000016
0.000014
-0.000024
-0.000180
-0.000369
-0.000416
-0.000313
-0.000202
-0.000169
-0.000177
-0.000140
-0.000050
0.000024
0.000045
0.000024
-0.000002
0.000013
0.000066
0.000098
0.000067
0.000029
0.000070
0.000160
0.000196
0.000156
0.000091
0.000055
0.000074
0.000105
0.000072
-0.000017
-0.000060
-0.000001
0.000079
0.000061
-0.000022
-0.000036
0.000003
-0.000029
-0.000093
-0.000061
0.000043
0.000111
0.000099
0.000024
-0.000064
-0.000095
-0.000037
0.000029
0.000013
-0.000035
-0.000018
0.000033
0.000009
-0.000139
-0.000295
-0.000242
0.000030
0.000254
0.000279
0.000242
0.000258
0.000240
0.000094
-0.000126
-0.000282
-0.000254
-0.000090
0.000008
-0.000038
-0.000092
-0.000092
-0.000141
-0.000268
-0.000381
-0.000405
-0.000336
-0.000238
-0.000151
-0.000030
0.000134
0.000269
0.000341
0.000340
0.000252
0.000163
0.000197
0.000306
0.000321
0.000213
0.000103
0.000051
0.000022
-0.000023
-0.000102
-0.000196
-0.000226
-0.000154
-0.000048
0.000039
0.000114
0.000135
0.000061
-0.000031
-0.000057
-0.000041
-0.000012
0.000026
0.000029
-0.000015
-0.000021
0.000027
0.000019
-0.000059
-0.000104
-0.000088
-0.000036
0.000034
0.000041
-0.000042
-0.000102
-0.000103
-0.000126
-0.000145
-0.000079
0.000029
0.000091
0.000083
0.000043
0.000036
0.000074
0.000084
0.000042
0.000013
0.000018
-0.000008
-0.000089
-0.000133
-0.000063
0.000054
0.000110
0.000121
0.000184
0.000266
0.000228
0.000066
-0.000054
-0.000050
-0.000016
-0.000026
-0.000051
-0.000052
-0.000022
-0.000005
-0.000087
-0.000214
-0.000213
-0.000076
0.000042
0.000058
0.000010
-0.000048
-0.000104
-0.000146
-0.000153
-0.000158
-0.000170
-0.000118
-0.000014
0.000035
0.000055
0.000148
0.000258
0.000270
0.000209
0.000178
0.000186
0.000173
0.000134
0.000107
0.000091
0.000031
-0.000093
-0.000198
-0.000176
-0.000067
-0.000001
0.000015
0.000035
0.000039
0.000001
-0.000045
-0.000074
-0.000106
-0.000157
-0.000209
-0.000268
-0.000345
-0.000378
-0.000267
-0.000024
0.000201
0.000307
0.000332
0.000330
0.000284
0.000208
0.000157
0.000097
-0.000039
-0.000175
-0.000176
-0.000026
0.000156
0.000174
-0.000039
-0.000297
-0.000419
-0.000430
-0.000385
-0.000271
-0.000108
0.000047
0.000160
0.000211
0.000216
0.000219
0.000224
0.000215
0.000222
0.000282
0.000365
0.000382
0.000292
0.000157
0.000060
0.000021
0.000006
-0.000018
-0.000046
-0.000061
-0.000075
-0.000106
-0.000163
-0.000236
-0.000310
-0.000348
-0.000327
-0.000285
-0.000255
-0.000197
-0.000084
0.000034
0.000127
0.000220
