6080
0.000057
0.000074
0.000083
0.000104
0.000101
0.000056
0.000023
0.000041
0.000063
0.000053
0.000021
-0.000024
-0.000062
-0.000075
-0.000070
-0.000074
-0.000076
-0.000003
0.000122
0.000153
0.000059
-0.000008
0.000021
0.000009
-0.000135
-0.000279
-0.000289
-0.000206
-0.000119
-0.000060
-0.000023
0.000031
0.000103
0.000135
0.000108
0.000063
0.000038
0.000042
0.000040
0.000001
-0.000042
-0.000067
-0.000101
-0.000134
-0.000109
-0.000004
0.000122
0.000186
0.000196
0.000204
0.000185
0.000099
0.000002
-0.000010
0.000048
0.000048
-0.000064
-0.000190
-0.000230
-0.000178
-0.000081
0.000013
0.000068
0.000066
0.000007
-0.000067
-0.000086
-0.000032
0.000031
0.000046
0.000026
0.000008
-0.000005
-0.000017
-0.000013
-0.000007
-0.000015
0.000005
0.000077
0.000140
0.000129
0.000039
-0.000051
-0.000063
-0.000042
-0.000040
-0.000006
0.000076
0.000114
0.000065
-0.000014
-0.000072
-0.000116
-0.000138
-0.000119
-0.000086
-0.000074
-0.000077
-0.000071
-0.000059
-0.000036
0.000008
0.000038
0.000044
0.000068
0.000103
0.000088
0.000023
-0.000024
0.000006
0.000116
0.000212
0.000184
0.000091
0.000094
0.000138
0.000002
-0.000262
-0.000381
-0.000338
-0.000325
-0.000374
-0.000373
-0.000271
-0.000090
0.000098
0.000211
0.000250
0.000287
0.000337
0.000361
0.000367
0.000377
0.000380
0.000340
0.000230
0.000088
0.000005
0.000005
0.000023
0.000021
0.000024
0.000028
-0.000019
-0.000110
-0.000197
-0.000276
-0.000374
-0.000460
-0.000448
-0.000297
-0.000112
-0.000027
-0.000029
-0.000008
0.000065
0.000116
0.000125
0.000147
0.000167
0.000121
0.000028
-0.000027
-0.000020
0.000005
0.000014
-0.000001
-0.000046
-0.000097
-0.000107
-0.000098
-0.000135
-0.000201
-0.000223
-0.000166
-0.000053
0.000046
0.000085
0.000121
0.000194
0.000219
0.000172
0.000159
0.000188
0.000143
0.000038
-0.000021
-0.000038
-0.000068
-0.000083
-0.000050
-0.000015
-0.000005
0.000039
0.000122
0.000152
0.000110
0.000057
-0.000007
-0.000086
-0.000117
-0.000089
-0.000065
-0.000067
-0.000078
-0.000095
-0.000118
-0.000133
-0.000140
-0.000119
-0.000039
0.000067
0.000114
0.000074
0.000010
-0.000013
0.000023
0.000100
0.000170
0.000185
0.000153
0.000109
0.000055
-0.000029
-0.000125
-0.000179
-0.000165
-0.000094
0.000011
0.000087
0.000066
-0.000002
-0.000023
-0.000021
-0.000054
-0.000069
-0.000018
0.000026
-0.000005
-0.000054
-0.000049
0.000013
0.000088
0.000125
0.000105
0.000066
0.000041
0.000012
-0.000035
-0.000065
-0.000056
-0.000035
-0.000021
0.000013
0.000053
0.000032
-0.000027
-0.000021
0.000049
0.000072
-0.000002
-0.000107
-0.000178
-0.000187
-0.000099
0.000064
0.000169
0.000137
0.000055
0.000042
0.000097
0.000137
0.000135
0.000133
0.000101
-0.000009
-0.000063
0.000056
0.000193
0.000185
0.000114
0.000087
0.000029
-0.000130
-0.000262
-0.000227
-0.000116
-0.000099
-0.000184
-0.000269
-0.000305
-0.000292
-0.000224
-0.000139
-0.000107
-0.000131
-0.000124
-0.000032
0.000073
0.000105
0.000088
0.000075
0.000069
0.000052
0.000018
-0.000014
0.000000
0.000087
0.000199
0.000246
0.000196
0.000121
0.000094
0.000109
0.000121
0.000101
0.000046
0.000012
0.000052
0.000106
0.000069
-0.000019
-0.000029
0.000021
0.000008
-0.000068
-0.000090
-0.000035
0.000006
-0.000018
-0.000074
-0.000107
-0.000075
0.000000
0.000031
-0.000017
-0.000061
-0.000049
-0.000032
-0.000023
0.000019
0.000074
0.000115
0.000134
0.000081
-0.000031
-0.000083
-0.000047
-0.000033
-0.000088
-0.000142
-0.000148
-0.000131
-0.000118
-0.000094
-0.000047
-0.000025
-0.000052
-0.000035
0.000075
0.000168
0.000159
0.000101
0.000057
0.000044
0.000066
0.000100
0.000115
0.000115
0.000127
0.000138
0.000101
0.000012
-0.000090
-0.000169
-0.000187
-0.000143
-0.000101
-0.000085
-0.000033
0.000058
0.000105
0.000082
0.000050
0.000035
0.000009
-0.000032
-0.000062
-0.000071
-0.000080
-0.000090
-0.000078
-0.000056
-0.000053
-0.000048
-0.000008
0.000056
0.000126
0.000191
0.000226
0.000196
0.000076
-0.000072
-0.000116
-0.000061
-0.000012
0.000005
-0.000003
-0.000054
-0.000123
-0.000142
-0.000087
0.000003
0.000074
0.000088
0.000048
0.000003
-0.000023
-0.000043
-0.000056
-0.000049
-0.000045
-0.000090
-0.000153
-0.000136
-0.000034
0.000044
0.000066
0.000091
0.000149
0.000200
0.000205
0.000211
0.000263
0.000221
-0.000032
-0.000329
-0.000482
-0.000539
-0.000555
-0.000428
-0.000142
0.000096
0.000164
0.000170
0.000218
0.000269
0.000271
0.000227
0.000174
0.000160
0.000193
0.000238
0.000262
0.000252
0.000210
0.000153
0.000119
0.000119
0.000092
0.000001
-0.000099
-0.000153
-0.000199
-0.000278
-0.000331
-0.000328
-0.000334
-0.000343
-0.000258
-0.000099
-0.000001
-0.000016
-0.000057
-0.000015
0.000110
0.000234
0.000280
0.000224
0.000120
0.000067
0.000075
0.000058
-0.000023
-0.000093
-0.000101
-0.000105
-0.000167
-0.000232
-0.000223
-0.000157
-0.000112
-0.000115
-0.000115
-0.000059
0.000029
0.000103
0.000147
0.000136
0.000083
0.000073
0.000159
0.000283
0.000328
0.000245
0.000102
-0.000007
-0.000051
-0.000069
-0.000085
-0.000056
0.000024
0.000063
0.000014
-0.000037
-0.000032
-0.000037
-0.000099
-0.000133
-0.000091
-0.000063
-0.000099
-0.000112
-0.000064
-0.000057
-0.000127
-0.000148
-0.000054
0.000054
0.000105
0.000154
0.000210
0.000198
0.000114
0.000049
0.000038
0.000031
0.000005
-0.000003
0.000005
-0.000012
-0.000040
-0.000033
-0.000012
-0.000010
-0.000004
-0.000001
-0.000034
-0.000068
-0.000085
-0.000124
-0.000131
-0.000016
0.000136
0.000180
0.000120
0.000030
-0.000066
-0.000135
-0.000121
-0.000040
0.000024
0.000040
0.000051
0.000075
0.000072
0.000026
-0.000033
-0.000072
-0.000071
-0.000067
-0.000096
-0.000103
-0.000046
0.000024
0.000056
0.000082
0.000127
0.000142
0.000092
0.000028
-0.000013
-0.000066
-0.000106
-0.000046
0.000076
0.000129
0.000093
0.000041
0.000021
0.000029
0.000028
-0.000047
-0.000191
-0.000239
-0.000035
0.000274
0.000405
0.000345
0.000275
0.000242
0.000158
0.000020
-0.000082
-0.000133
-0.000191
-0.000275
-0.000359
-0.000415
-0.000415
-0.000356
-0.000282
-0.000241
-0.000234
-0.000221
-0.000209
-0.000229
-0.000180
0.000026
0.000261
0.000375
0.000399
0.000402
0.000353
0.000240
0.000143
0.000117
0.000126
0.000130
0.000106
0.000036
-0.000054
-0.000081
-0.000036
-0.000028
-0.000095
-0.000120
-0.000043
0.000037
0.000032
0.000004
0.000044
0.000115
0.000105
0.000021
-0.000019
0.000014
0.000032
0.000001
0.000000
0.000058
0.000080
0.000023
-0.000028
-0.000018
0.000029
0.000067
0.000028
-0.000105
-0.000223
-0.000201
-0.000046
0.000109
0.000141
0.000067
-0.000011
-0.000056
-0.000095
-0.000130
-0.000155
-0.000192
-0.000237
-0.000240
-0.000166
-0.000041
0.000078
0.000147
0.000167
0.000174
0.000177
0.000146
0.000099
0.000095
0.000119
0.000097
0.000027
-0.000058
-0.000103
-0.000044
0.000071
0.000084
-0.000010
-0.000035
0.000063
0.000133
0.000058
-0.000103
-0.000200
-0.000171
-0.000082
-0.000013
0.000033
0.000078
0.000094
0.000048
-0.000015
-0.000026
0.000015
0.000042
0.000016
-0.000034
-0.000064
-0.000068
-0.000042
-0.000000
0.000011
-0.000010
-0.000016
0.000009
0.000037
0.000035
-0.000020
-0.000092
-0.000105
-0.000058
-0.000009
0.000010
-0.000008
-0.000021
0.000020
0.000082
0.000094
0.000056
0.000009
-0.000029
-0.000057
-0.000050
-0.000006
0.000031
0.000013
-0.000027
-0.000001
0.000065
0.000053
-0.000006
0.000013
0.000105
0.000161
0.000133
0.000071
0.000071
0.000159
0.000161
-0.000118
-0.000524
-0.000697
-0.000572
-0.000391
-0.000289
-0.000172
0.000029
0.000215
0.000277
0.000241
0.000208
0.000233
0.000290
0.000318
0.000313
0.000330
0.000350
0.000305
0.000216
0.000174
0.000168
0.000075
-0.000119
-0.000236
-0.000183
-0.000092
-0.000103
-0.000190
-0.000249
-0.000226
-0.000170
-0.000159
-0.000174
-0.000142
-0.000064
-0.000002
0.000014
0.000001
0.000003
0.000041
0.000071
0.000051
0.000027
0.000066
0.000096
0.000008
-0.000121
-0.000151
-0.000105
-0.000091
-0.000103
-0.000067
0.000018
0.000078
0.000055
-0.000026
-0.000059
0.000014
0.000092
0.000048
-0.000063
-0.000076
0.000011
0.000059
0.000048
0.000071
0.000125
0.000146
0.000142
0.000102
-0.000013
-0.000139
-0.000154
-0.000045
0.000069
0.000093
0.000048
-0.000015
-0.000073
-0.000084
-0.000016
0.000065
0.000071
-0.000023
-0.000134
-0.000155
-0.000087
-0.000018
0.000021
0.000044
0.000062
0.000077
0.000084
0.000071
0.000061
0.000075
0.000071
0.000023
-0.000002
0.000044
0.000085
0.000034
-0.000074
-0.000132
-0.000098
-0.000034
-0.000020
-0.000045
-0.000055
-0.000073
-0.000130
-0.000177
-0.000150
-0.000074
-0.000016
0.000020
0.000065
0.000120
0.000162
0.000151
0.000065
-0.000032
-0.000062
-0.000032
0.000021
0.000084
0.000148
0.000184
0.000160
0.000108
0.000070
0.000021
-0.000041
-0.000044
0.000000
-0.000022
-0.000118
-0.000177
-0.000173
-0.000179
-0.000195
-0.000149
-0.000041
0.000057
0.000088
0.000065
0.000038
0.000016
-0.000044
-0.000110
-0.000053
0.000134
0.000275
0.000274
0.000204
0.000139
0.000083
-0.000019
-0.000161
-0.000155
0.000087
0.000323
0.000334
0.000193
0.000064
-0.000010
-0.000066
-0.000127
-0.000184
-0.000189
-0.000122
-0.000072
-0.000132
-0.000262
-0.000369
-0.000406
-0.000369
-0.000316
-0.000314
-0.000312
-0.000219
-0.000073
0.000049
0.000148
0.000246
0.000303
0.000304
0.000326
0.000389
0.000392
0.000285
0.000152
0.000080
0.000053
-0.000010
-0.000093
-0.000109
-0.000079
-0.000078
-0.000060
0.000011
0.000052
0.000033
0.000029
0.000058
0.000067
0.000040
0.000014
0.000013
0.000000
-0.000062
-0.000136
-0.000141
-0.000055
0.000044
0.000094
0.000120
0.000128
0.000069
-0.000015
-0.000040
-0.000017
0.000008
0.000013
-0.000020
-0.000083
-0.000116
-0.000070
0.000025
0.000081
0.000057
0.000012
-0.000008
-0.000049
-0.000133
-0.000177
-0.000124
-0.000041
-0.000032
-0.000092
-0.000149
-0.000156
-0.000084
0.000050
0.000148
0.000142
0.000098
0.000113
0.000176
0.000204
0.000170
0.000115
0.000070
0.000039
0.000046
0.000091
0.000105
0.000032
-0.000084
-0.000157
-0.000170
-0.000163
-0.000147
-0.000100
-0.000038
-0.000011
-0.000020
-0.000029
-0.000038
-0.000062
-0.000094
-0.000136
-0.000141
-0.000030
0.000124
0.000176
0.000147
0.000143
0.000152
0.000108
0.000025
-0.000035
-0.000037
0.000000
0.000012
-0.000034
-0.000071
-0.000070
-0.000085
-0.000102
-0.000036
0.000089
0.000149
0.000107
0.000056
0.000053
0.000056
0.000026
-0.000027
-0.000059
-0.000028
0.000021
-0.000001
-0.000068
-0.000098
-0.000099
-0.000094
-0.000078
-0.000099
-0.000158
-0.000137
-0.000024
0.000022
-0.000072
-0.000162
-0.000078
0.000118
0.000147
-0.000101
-0.000315
-0.000219
-0.000008
0.000013
-0.000074
-0.000045
0.000082
0.000178
0.000234
0.000290
0.000334
0.000365
0.000434
0.000522
0.000528
0.000434
0.000316
0.000206
0.000137
0.000149
0.000153
0.000035
-0.000132
-0.000225
-0.000258
-0.000304
-0.000353
-0.000382
-0.000419
-0.000471
-0.000501
-0.000518
-0.000518
-0.000454
-0.000325
-0.000182
-0.000053
0.000046
0.000106
0.000138
0.000185
0.000258
0.000307
0.000297
0.000252
0.000222
0.000229
0.000252
0.000275
0.000288
0.000244
0.000118
-0.000040
-0.000152
-0.000156
-0.000046
0.000093
0.000141
0.000061
-0.000076
-0.000180
-0.000226
-0.000239
-0.000241
-0.000242
-0.000246
-0.000254
-0.000294
-0.000392
-0.000498
-0.000540
-0.000482
-0.000309
-0.000059
0.000142
0.000183
0.000112
0.000091
0.000175
0.000239
0.000176
0.000087
0.000158
0.000407
0.000642
0.000699
0.000629
0.000579
0.000611
0.000669
0.000652
0.000525
0.000376
0.000289
0.000251
0.000218
0.000154
0.000031
-0.000140
-0.000297
-0.000449
-0.000659
-0.000874
-0.000973
-0.000948
-0.000855
-0.000726
-0.000592
-0.000493
-0.000446
-0.000407
-0.000326
-0.000231
-0.000192
-0.000202
-0.000152
0.000023
0.000251
0.000432
0.000537
0.000590
0.000625
0.000663
0.000685
0.000634
0.000484
0.000314
0.000242
0.000282
0.000309
0.000219
0.000062
-0.000027
0.000004
0.000057
-0.000007
-0.000164
-0.000255
-0.000246
-0.000242
-0.000278
-0.000318
-0.000359
-0.000379
-0.000324
-0.000231
-0.000218
-0.000305
-0.000367
-0.000322
-0.000205
-0.000065
0.000079
0.000217
0.000342
0.000409
0.000322
0.000063
-0.000137
-0.000011
0.000327
0.000544
0.000550
0.000481
0.000424
0.000370
0.000288
0.000176
0.000049
-0.000094
-0.000264
-0.000399
-0.000426
-0.000396
-0.000421
-0.000490
-0.000492
-0.000403
-0.000321
-0.000281
-0.000205
-0.000055
0.000086
0.000125
0.000068
0.000024
0.000091
0.000186
0.000082
-0.000273
-0.000617
-0.000618
-0.000184
0.000384
0.000608
0.000370
0.000050
-0.000025
0.000029
-0.000019
-0.000209
-0.000478
-0.000598
-0.000249
0.000441
0.000903
0.000915
0.000777
0.000694
0.000647
0.000703
0.000791
0.000613
0.000233
0.000127
0.000373
0.000503
0.000297
0.000050
-0.000026
-0.000054
-0.000164
-0.000391
-0.000752
-0.001111
-0.001187
-0.000931
-0.000648
-0.000559
-0.000535
-0.000438
-0.000350
-0.000355
-0.000426
-0.000505
-0.000556
-0.000511
-0.000257
0.000182
0.000552
0.000658
0.000639
0.000721
0.000809
0.000668
0.000362
0.000159
0.000163
0.000300
0.000467
0.000515
0.000344
0.000080
-0.000088
-0.000163
-0.000261
-0.000416
-0.000568
-0.000640
-0.000544
-0.000272
-0.000012
0.000032
-0.000076
-0.000093
0.000062
0.000233
0.000245
0.000107
-0.000035
-0.000047
0.000093
0.000265
0.000328
0.000298
0.000284
0.000322
0.000351
0.000275
0.000060
-0.000133
-0.000098
0.000099
0.000217
0.000190
0.000111
0.000026
-0.000051
-0.000121
-0.000238
-0.000412
-0.000536
-0.000560
-0.000537
-0.000491
-0.000418
-0.000352
-0.000314
-0.000285
-0.000213
-0.000088
-0.000001
-0.000004
0.000019
0.000177
0.000379
0.000430
0.000306
0.000189
0.000183
0.000212
0.000236
0.000303
0.000395
0.000484
0.000612
0.000679
0.000460
0.000052
-0.000154
-0.000075
-0.000005
-0.000108
-0.000294
-0.000539
-0.000937
-0.001380
-0.001489
-0.001055
-0.000399
-0.000019
0.000065
0.000200
0.000438
0.000757
0.001652
0.002613
0.001091
-0.003387
-0.006104
-0.003200
0.001756
0.002695
-0.000093
-0.001249
0.001452
0.004566
0.003877
-0.000610
-0.004286
-0.002431
0.004008
0.008413
0.006176
0.000755
-0.000894
0.002208
0.004094
0.000518
-0.005288
-0.007043
-0.003000
0.002516
0.003788
-0.000716
-0.006493
-0.007373
-0.003026
-0.000039
-0.003087
-0.008094
-0.007965
-0.002233
0.003285
0.004229
0.001378
-0.001503
-0.000995
0.002755
0.005295
0.003169
-0.000643
-0.000402
0.004291
0.008355
0.008232
0.005076
0.001874
0.000642
0.001552
0.002543
0.001066
-0.002413
-0.004427
-0.003037
-0.000455
-0.000155
-0.002674
-0.005257
-0.005173
-0.002531
0.000009
-0.000116
-0.002654
-0.004532
-0.003404
-0.000623
0.000618
-0.000511
-0.001623
-0.000322
0.002838
0.004954
0.003957
0.000960
-0.000828
0.000287
0.002630
0.003523
0.002593
0.001668
0.002062
0.003067
0.002876
0.000542
-0.002719
-0.004407
-0.003437
-0.001385
-0.000456
-0.001014
-0.001795
-0.001791
-0.001152
-0.000698
-0.001054
-0.001886
-0.001912
-0.000298
0.002031
0.003207
0.002449
0.000774
-0.000176
0.000264
0.001270
0.001541
0.000854
0.000399
0.001188
0.002402
0.002030
-0.000533
-0.003173
-0.003467
-0.002050
-0.001421
-0.001715
-0.001653
-0.004183
-0.013685
-0.023619
-0.018255
0.002797
0.016053
0.008096
0.000729
0.016092
0.035969
0.029909
0.005793
-0.005227
0.002176
0.009365
0.008435
0.004252
-0.001614
-0.006798
-0.005796
-0.003422
-0.010257
-0.022009
-0.025735
-0.022492
-0.021059
-0.018413
-0.009082
-0.001551
-0.003567
-0.004783
0.005417
0.016816
0.015158
0.006833
0.007213
0.016012
0.022155
0.022263
0.019342
0.014238
0.009318
0.008536
0.007987
0.000446
-0.010029
-0.013986
-0.013121
-0.014483
-0.016412
-0.015564
-0.016067
-0.018874
-0.016653
-0.008521
-0.003671
-0.004875
-0.004552
0.000805
0.006973
0.011492
0.014740
0.015488
0.014346
0.015441
0.018506
0.017529
0.011235
0.005332
0.002263
-0.000923
-0.004410
-0.006088
-0.008142
-0.012644
-0.015184
-0.012693
-0.010627
-0.013927
-0.018501
-0.017340
-0.009526
-0.001084
0.002618
0.005126
0.012741
0.021142
0.021571
0.016817
0.015058
0.014547
0.009687
0.003599
0.001707
0.001308
-0.002798
-0.009354
-0.013491
-0.013897
-0.013710
-0.015376
-0.016224
-0.012088
-0.004818
-0.000062
0.001841
0.004809
0.008460
0.009397
0.008318
0.008112
0.008437
0.007278
0.004504
0.001739
0.000365
-0.000459
-0.002790
-0.005741
-0.005912
-0.003247
-0.001421
-0.001637
-0.001433
0.000221
0.001561
0.001555
0.001285
0.001768
0.002428
0.002150
0.000972
0.000025
-0.000410
-0.001660
-0.003825
-0.004308
-0.002429
-0.001453
-0.002063
-0.000644
0.002394
0.002277
0.000320
0.001952
0.000893
-0.016388
-0.039218
-0.032384
0.006398
0.026903
0.007355
-0.000419
0.035257
0.060833
0.034348
0.001341
0.005087
0.012754
-0.006264
-0.019839
-0.004798
0.004816
-0.014165
-0.030129
-0.018102
-0.004074
-0.015272
-0.035753
-0.038751
-0.024856
-0.009833
-0.002269
-0.000027
0.006739
0.022451
0.034089
0.031155
0.025960
0.028026
0.023581
0.008381
0.003878
0.014786
0.014918
-0.003490
-0.013895
-0.005395
-0.001332
-0.014740
-0.028517
-0.029830
-0.026852
-0.025643
-0.021225
-0.012675
-0.004467
0.002895
0.010109
0.015916
0.020693
0.022649
0.017118
0.009281
0.010982
0.018397
0.016440
0.006936
0.004563
0.007925
0.003773
-0.006684
-0.012840
-0.016174
-0.022847
-0.027084
-0.022070
-0.014220
-0.011107
-0.008881
-0.002401
0.005143
0.008907
0.008482
0.006080
0.005202
0.008808
0.015315
0.019750
0.020090
0.018661
0.016871
0.012987
0.005689
-0.003832
-0.013111
-0.019591
-0.021717
-0.020207
-0.017548
-0.015365
-0.012835
-0.008661
-0.003532
0.000736
0.003368
0.005110
0.007414
0.010940
0.014289
0.015234
0.013380
0.010251
0.006977
0.003384
-0.000923
-0.005563
-0.009412
-0.011335
-0.010891
-0.008663
-0.005916
-0.003498
-0.001225
0.001294
0.003597
0.004772
0.004628
0.003850
0.003295
0.003398
0.003776
0.003493
0.001994
-0.000366
-0.002504
-0.003413
-0.003280
-0.003381
-0.004166
-0.003993
-0.001560
0.001166
0.001894
0.001675
0.001384
-0.000134
-0.001025
0.001533
0.003099
-0.002864
-0.013386
-0.020227
-0.019954
-0.012816
-0.001304
0.008519
0.014914
0.023969
0.035545
0.038388
0.028394
0.016145
0.008773
0.001000
-0.009606
-0.015984
-0.016423
-0.018365
-0.022172
-0.019837
-0.013239
-0.013723
-0.021599
-0.025252
-0.020619
-0.014417
-0.009737
-0.002719
0.008131
0.019475
0.028576
0.034719
0.036734
0.033523
0.026022
0.016740
0.008311
0.001908
-0.003975
-0.010504
-0.014579
-0.013489
-0.011693
-0.014889
-0.020321
-0.021963
-0.020710
-0.020291
-0.018820
-0.013019
-0.004886
0.002763
0.011051
0.020072
0.025845
0.026174
0.023492
0.019945
0.015195
0.009281
0.003285
-0.001806
-0.004846
-0.005709
-0.006604
-0.009008
-0.011412
-0.012938
-0.015045
-0.017448
-0.017510
-0.014898
-0.011563
-0.007165
-0.000168
0.007173
0.011278
0.013996
0.018878
0.021678
0.016344
0.008868
0.008721
0.010950
0.006509
0.000467
0.000333
0.000980
-0.003874
-0.010560
-0.013826
-0.014867
-0.017019
-0.018523
-0.014678
-0.007184
-0.002531
-0.000325
0.004788
0.011112
0.012555
0.009757
0.007989
0.008000
0.006598
0.003467
0.001641
0.001716
0.000566
-0.002610
-0.004351
-0.003644
-0.004035
-0.006262
-0.006287
-0.003021
-0.000271
0.000485
0.001924
0.004618
0.005498
0.003593
0.001841
0.001669
0.000785
-0.001611
-0.002745
-0.001801
-0.001647
-0.002977
-0.002826
-0.000435
0.001060
0.000248
-0.000219
0.001092
0.001675
-0.000045
-0.002119
-0.002624
-0.001340
0.001045
0.002539
0.001239
-0.003393
-0.011929
-0.021207
-0.021076
-0.007818
0.005234
0.008200
0.013257
0.030427
0.043686
0.037242
0.023367
0.017920
0.012345
-0.004749
-0.022034
-0.025731
-0.023530
-0.026413
-0.027565
-0.019255
-0.010971
-0.012764
-0.017698
-0.015540
-0.009295
-0.006766
-0.006727
-0.002040
0.009530
0.022778
0.031602
0.035353
0.036984
0.036064
0.028705
0.015677
0.003727
-0.004464
-0.013253
-0.022837
-0.025956
-0.021315
-0.017749
-0.019017
-0.018166
-0.012423
-0.008983
-0.010998
-0.011795
-0.007045
-0.000516
0.004838
0.011125
0.019055
0.025357
0.027761
0.026948
0.023655
0.017561
0.008591
-0.001835
-0.010450
-0.014727
-0.016264
-0.017960
-0.018423
-0.014960
-0.010306
-0.008950
-0.009379
-0.007678
-0.005016
-0.004053
-0.002590
0.002219
0.007988
0.011112
0.012356
0.014187
0.016231
0.016900
0.016428
0.015036
0.011495
0.006035
0.000660
-0.004211
-0.009475
-0.014721
-0.018427
-0.019656
-0.018962
-0.017407
-0.014659
-0.009956
-0.004332
0.000584
0.004764
0.008876
0.012507
0.014636
0.014993
0.014007
0.011811
0.008209
0.003772
-0.000095
-0.002889
-0.005543
-0.008273
-0.009640
-0.008804
-0.006881
-0.005050
-0.003081
-0.000744
0.001189
0.002356
0.003419
0.004490
0.004740
0.004001
0.003143
0.002556
0.001660
0.000220
-0.001140
-0.001977
-0.002564
-0.003312
-0.003967
-0.003599
-0.002075
-0.000506
0.000821
0.002350
0.002791
0.001170
-0.000140
0.000390
0.000247
-0.001332
-0.000944
0.000898
-0.003527
-0.017076
-0.026836
-0.018113
0.000472
0.006942
0.004134
0.015374
0.037927
0.043831
0.030543
0.022898
0.024172
0.013033
-0.011412
-0.025698
-0.023679
-0.023534
-0.031212
-0.031700
-0.020557
-0.012678
-0.014561
-0.015091
-0.008176
-0.002197
-0.003546
-0.006182
-0.000800
0.012388
0.023683
0.027382
0.029470
0.035334
0.038015
0.029621
0.015885
0.006435
-0.001491
-0.015069
-0.028627
-0.031145
-0.025825
-0.024120
-0.024970
-0.018941
-0.008179
-0.003191
-0.004261
-0.002890
0.002427
0.005712
0.005695
0.007685
0.014184
0.020991
0.023487
0.022261
0.020528
0.018229
0.011972
0.001450
-0.008218
-0.013749
-0.018392
-0.024176
-0.026004
-0.020635
-0.013854
-0.010737
-0.007536
-0.000856
0.004771
0.005470
0.004996
0.007155
0.008793
0.005846
0.002345
0.006839
0.017775
0.022332
0.017247
0.013912
0.014657
0.008852
-0.003935
-0.013427
-0.017411
-0.021062
-0.024784
-0.023633
-0.015992
-0.008007
-0.004976
-0.002885
0.002564
0.006851
0.006424
0.006470
0.010386
0.012979
0.010857
0.008699
0.009835
0.010058
0.005302
-0.001576
-0.005734
-0.007542
-0.010093
-0.012172
-0.010227
-0.005805
-0.003174
-0.001445
0.002588
0.006884
0.007471
0.005463
0.004309
0.003898
0.002116
-0.000507
-0.001451
-0.000734
-0.001142
-0.003134
-0.003766
-0.002111
-0.001031
-0.001915
-0.002214
-0.000193
0.001816
0.001559
0.001065
0.003000
0.005037
0.003201
-0.000495
-0.001165
-0.000196
-0.001968
-0.004501
-0.003451
-0.001266
-0.004379
-0.014428
-0.024488
-0.023245
-0.008909
0.004210
0.006848
0.011985
0.030011
0.045227
0.042245
0.032624
0.030007
0.023712
0.002083
-0.021033
-0.028297
-0.027593
-0.034132
-0.041778
-0.036619
-0.023210
-0.014884
-0.011804
-0.006710
-0.000394
0.001813
0.000626
0.001948
0.008891
0.017627
0.022309
0.023900
0.028614
0.035962
0.036866
0.027356
0.014919
0.005720
-0.004690
-0.019933
-0.032357
-0.034787
-0.032649
-0.032666
-0.030139
-0.019415
-0.006393
0.000663
0.003501
0.007774
0.012492
0.013538
0.011908
0.011780
0.013795
0.015214
0.014837
0.014252
0.014736
0.014517
0.010286
0.002143
-0.005548
-0.010724
-0.016425
-0.023426
-0.026804
-0.024279
-0.020063
-0.016352
-0.009778
0.000207
0.008320
0.011817
0.013669
0.014842
0.011758
0.005510
0.004391
0.010686
0.015845
0.015374
0.014620
0.015614
0.012985
0.004170
-0.006926
-0.015935
-0.022705
-0.028442
-0.030250
-0.024614
-0.014823
-0.006908
-0.001013
0.005894
0.012549
0.015085
0.013645
0.011726
0.010327
0.007968
0.005277
0.004564
0.005391
0.004461
0.000615
-0.003195
-0.004860
-0.006243
-0.008767
-0.010367
-0.009245
-0.006494
-0.003445
0.000301
0.004862
0.008392
0.009082
0.007633
0.006019
0.004513
0.001816
-0.002137
-0.005511
-0.006972
-0.006906
-0.005985
-0.004343
-0.002343
-0.000498
0.001337
0.003472
0.005148
0.005042
0.003667
0.003269
0.003887
0.003037
0.000444
-0.001617
-0.002534
-0.003505
-0.004612
-0.004565
-0.003332
-0.003776
-0.008708
-0.016923
-0.023146
-0.020616
-0.008103
0.004653
0.009866
0.016161
0.032072
0.046153
0.045377
0.037200
0.032131
0.023188
0.002456
-0.019679
-0.030311
-0.034310
-0.041804
-0.047809
-0.041730
-0.027369
-0.016502
-0.010548
-0.003577
0.004312
0.008725
0.009348
0.009345
0.011047
0.014269
0.017165
0.019785
0.024603
0.030768
0.032527
0.026895
0.018058
0.010369
0.001468
-0.012141
-0.026407
-0.034518
-0.037112
-0.038431
-0.036365
-0.026823
-0.013533
-0.003319
0.003867
0.011796
0.019439
0.022519
0.020456
0.016741
0.013967
0.011789
0.009313
0.007138
0.006514
0.007212
0.007007
0.004327
0.000609
-0.002601
-0.007154
-0.014528
-0.021283
-0.023685
-0.023238
-0.022286
-0.018958
-0.011885
-0.004233
0.002523
0.011255
0.020246
0.023340
0.022684
0.024981
0.026828
0.021974
0.013911
0.007387
0.001025
-0.006631
-0.014489
-0.020305
-0.022569
-0.023403
-0.024284
-0.021751
-0.014452
-0.006762
-0.001294
0.004036
0.010497
0.015805
0.017784
0.017363
0.016182
0.013915
0.009621
0.003940
-0.001003
-0.004368
-0.007838
-0.011552
-0.012669
-0.010758
-0.008675
-0.007104
-0.004269
-0.000080
0.003725
0.006200
0.007807
0.008970
0.009123
0.007655
0.005123
0.002634
0.000312
-0.002574
-0.005798
-0.007984
-0.008597
-0.008336
-0.007550
-0.005925
-0.003329
-0.000034
0.003379
0.006201
0.008179
0.009499
0.009867
0.008495
0.005468
0.001909
-0.001517
-0.004831
-0.007483
-0.008289
-0.007336
-0.007195
-0.010362
-0.015697
-0.019392
-0.017974
-0.010151
0.000517
0.008195
0.014144
0.024577
0.036936
0.041974
0.039001
0.034188
0.027059
0.012786
-0.005696
-0.019970
-0.028557
-0.036704
-0.044404
-0.045166
-0.037628
-0.027966
-0.019642
-0.010498
-0.000238
0.007846
0.012257
0.014439
0.015901
0.017330
0.018688
0.019504
0.020174
0.021545
0.022846
0.022152
0.018884
0.014098
0.008105
-0.000547
-0.011906
-0.022389
-0.028986
-0.032839
-0.035154
-0.033874
-0.027615
-0.018454
-0.008617
0.001721
0.012037
0.020026
0.023958
0.024536
0.023303
0.020627
0.016243
0.010673
0.005298
0.001519
-0.000277
-0.001199
-0.002427
-0.003662
-0.004558
-0.006361
-0.009738
-0.013041
-0.015040
-0.016656
-0.018067
-0.017242
-0.013537
-0.009774
-0.006771
0.000886
0.015214
0.026346
0.027148
0.025947
0.029294
0.029233
0.020028
0.007695
-0.002042
-0.009865
-0.017949
-0.025175
-0.027128
-0.023508
-0.020202
-0.018621
-0.013512
-0.004233
0.003408
0.006800
0.009290
0.013198
0.015980
0.015208
0.012708
0.010987
0.009394
0.005781
0.000286
-0.004066
-0.005999
-0.008158
-0.011350
-0.012448
-0.010576
-0.008268
-0.006259
-0.002945
0.002075
0.006941
0.009657
0.010371
0.010570
0.010345
0.008270
0.004042
-0.000398
-0.003274
-0.005243
-0.007471
-0.009118
-0.008933
-0.007350
-0.005533
-0.003713
-0.001173
0.002123
0.004803
0.006216
0.007351
0.008308
0.007750
0.005633
0.003394
0.001339
-0.001352
-0.004189
-0.005737
-0.006958
-0.011831
-0.021782
-0.029221
-0.023536
-0.008327
0.000251
0.000660
0.009705
0.029763
0.042115
0.040497
0.038565
0.040188
0.032811
0.012980
-0.005849
-0.015359
-0.023640
-0.036994
-0.047127
-0.046401
-0.039635
-0.032273
-0.022690
-0.010766
-0.000390
0.007085
0.012787
0.016635
0.018685
0.019968
0.020042
0.017881
0.015326
0.015496
0.017765
0.018309
0.015956
0.013026
0.009680
0.003456
-0.004722
-0.011523
-0.017846
-0.026055
-0.033008
-0.034091
-0.030263
-0.024806
-0.017696
-0.007751
0.003404
0.012954
0.020337
0.026124
0.029106
0.027781
0.023048
0.016782
0.010126
0.004077
-0.001061
-0.005890
-0.009685
-0.010799
-0.009963
-0.009293
-0.008771
-0.007792
-0.007976
-0.010272
-0.012178
-0.011589
-0.009817
-0.008022
-0.004883
0.000518
0.007110
0.013302
0.017981
0.020916
0.022278
0.021175
0.016628
0.009811
0.002698
-0.004271
-0.011023
-0.016336
-0.019013
-0.019040
-0.017027
-0.013483
-0.008751
-0.003414
0.001426
0.004934
0.007282
0.008726
0.008917
0.007988
0.006774
0.005413
0.003482
0.001473
0.000244
-0.000515
-0.001642
-0.003008
-0.003937
-0.004409
-0.004757
-0.004735
-0.003854
-0.002241
-0.000438
0.001366
0.003321
0.005280
0.006650
0.006904
0.005985
0.004273
0.002200
-0.000124
-0.002636
-0.004836
-0.006178
-0.006678
-0.006507
-0.005498
-0.003588
-0.001208
0.001058
0.002919
0.004460
0.005658
0.006148
0.005831
0.004833
0.002858
0.000129
-0.002484
-0.006587
-0.015149
-0.024400
-0.024616
-0.014855
-0.006415
-0.004369
0.001200
0.016691
0.032044
0.036773
0.035408
0.035814
0.034228
0.023621
0.007355
-0.006488
-0.017096
-0.028040
-0.038361
-0.043912
-0.043116
-0.036937
-0.027136
-0.016402
-0.006477
0.003722
0.014714
0.023071
0.025658
0.024784
0.024219
0.022892
0.017999
0.011386
0.007055
0.004818
0.001840
-0.001781
-0.003895
-0.004654
-0.005873
-0.007977
-0.010384
-0.012914
-0.015055
-0.015949
-0.015827
-0.015244
-0.013090
-0.008035
-0.001264
0.005038
0.010853
0.017090
0.022575
0.025058
0.024027
0.020580
0.015577
0.009184
0.001580
-0.006426
-0.013422
-0.018316
-0.021158
-0.022408
-0.021694
-0.018538
-0.013911
-0.009235
-0.004410
0.001269
0.007140
0.011846
0.014879
0.016512
0.017148
0.016648
0.014377
0.010783
0.007421
0.004420
0.000565
-0.003905
-0.007550
-0.010033
-0.011836
-0.013109
-0.013700
-0.012945
-0.010199
-0.006278
-0.002523
0.001108
0.005064
0.008619
0.010753
0.011287
0.010541
0.008829
0.006292
0.002988
-0.000661
-0.003913
-0.006365
-0.008052
-0.008918
-0.008638
-0.007061
-0.004593
-0.001927
0.000515
0.002772
0.004889
0.006428
0.006888
0.006477
0.005702
0.004558
0.002904
0.001069
-0.000555
-0.001939
-0.003160
-0.004172
-0.004820
-0.004788
-0.003884
-0.002560
-0.001512
-0.000672
0.000571
0.002154
0.003267
0.003546
0.003459
0.003339
0.002863
0.001770
0.000108
-0.002643
-0.007510
-0.013957
-0.018486
-0.017514
-0.012139
-0.006902
-0.002765
0.004103
0.014617
0.023589
0.027265
0.028391
0.030058
0.029419
0.022151
0.010004
-0.001151
-0.009420
-0.017886
-0.027731
-0.035533
-0.038022
-0.035248
-0.028947
-0.020964
-0.012567
-0.003524
0.006660
0.016275
0.022753
0.026129
0.027996
0.027707
0.023529
0.016923
0.011193
0.006322
-0.000203
-0.007924
-0.013445
-0.015584
-0.016401
-0.017290
-0.017318
-0.015314
-0.011401
-0.006584
-0.002070
0.001451
0.004439
0.007667
0.010554
0.011708
0.011202
0.010492
0.009958
0.008603
0.006281
0.004017
0.002108
-0.000112
-0.002668
-0.004741
-0.006054
-0.007243
-0.008789
-0.010385
-0.011354
-0.011199
-0.009956
-0.008254
-0.006431
-0.003736
0.000471
0.005243
0.009096
0.011782
0.013882
0.015391
0.015594
0.014008
0.010905
0.006900
0.002478
-0.002069
-0.006519
-0.010374
-0.012880
-0.013840
-0.013632
-0.012202
-0.009284
-0.005534
-0.002065
0.000895
0.003846
0.006688
0.008478
0.008696
0.007951
0.007011
0.005840
0.003987
0.001506
-0.000907
-0.002717
-0.004113
-0.005429
-0.006394
-0.006483
-0.005679
-0.004401
-0.002951
-0.001299
0.000618
0.002559
0.004211
0.005503
0.006372
0.006591
0.006023
0.004777
0.003135
0.001380
-0.000437
-0.002392
-0.004181
-0.005159
-0.005154
-0.004709
-0.004131
-0.003027
-0.001277
0.000397
0.001469
0.002235
0.002928
0.003122
0.002165
-0.000443
-0.004604
-0.008940
-0.011220
-0.010209
-0.006868
-0.003194
0.000075
0.003760
0.008161
0.012330
0.015717
0.018319
0.019046
0.016549
0.011807
0.007460
0.004112
-0.000609
-0.008089
-0.015684
-0.019785
-0.020232
-0.019372
-0.018482
-0.017074
-0.014145
-0.009120
-0.002738
0.003111
0.007449
0.011166
0.015021
0.018054
0.019001
0.017911
0.015410
0.011716
0.007168
0.002384
-0.002634
-0.008079
-0.013017
-0.016074
-0.017105
-0.016865
-0.015574
-0.012925
-0.008893
-0.003747
0.002012
0.007338
0.011270
0.014004
0.016231
0.017537
0.016716
0.013567
0.009165
0.004519
-0.000024
-0.004299
-0.008141
-0.011417
-0.013704
-0.014441
-0.013772
-0.012422
-0.010591
-0.007935
-0.004607
-0.001213
0.002012
0.004990
0.007352
0.009006
0.010344
0.011272
0.011087
0.009764
0.008030
0.006064
0.003510
0.000488
-0.002530
-0.005226
-0.007242
-0.008313
-0.008661
-0.008478
-0.007432
-0.005365
-0.002898
-0.000730
0.001105
0.002821
0.004255
0.005089
0.005274
0.004951
0.004212
0.003114
0.001801
0.000439
-0.000856
-0.001947
-0.002780
-0.003498
-0.004124
-0.004400
-0.004224
-0.003776
-0.003030
-0.001794
-0.000254
0.001192
0.002496
0.003832
0.005038
0.005676
0.005604
0.005084
0.004335
0.003325
0.001949
0.000246
-0.001514
-0.002937
-0.003773
-0.004116
-0.004249
-0.004281
-0.004086
-0.003613
-0.002966
-0.002181
-0.001375
-0.001102
-0.001899
-0.003237
-0.003446
-0.001457
0.001551
0.003338
0.003580
0.004001
0.005388
0.006825
0.007809
0.008313
0.007470
0.005111
0.003194
0.002910
0.002288
-0.000767
-0.004949
-0.007446
-0.007788
-0.007644
-0.008054
-0.008593
-0.008291
-0.006477
-0.003719
-0.001646
-0.000722
0.000544
0.003056
0.005598
0.006866
0.007193
0.007379
0.007354
0.006700
0.005390
0.003480
0.000964
-0.001746
-0.003950
-0.005488
-0.006750
-0.007755
-0.007940
-0.006995
-0.005244
-0.003185
-0.001177
0.000669
0.002615
0.004801
0.006596
0.007216
0.006854
0.006391
0.006078
0.005351
0.003880
0.002035
0.000370
-0.000899
-0.002051
-0.003617
-0.005577
-0.007051
-0.007400
-0.007165
-0.007115
-0.006991
-0.006028
-0.004174
-0.002004
0.000153
0.002292
0.004311
0.006092
0.007635
0.008654
0.008669
0.007743
0.006416
0.004954
0.003280
0.001357
-0.000713
-0.002621
-0.003963
-0.004753
-0.005435
-0.006056
-0.006103
-0.005407
-0.004462
-0.003661
-0.002812
-0.001669
-0.000397
0.000785
0.001920
0.002945
0.003615
0.003958
0.004186
0.004168
0.003617
0.002697
0.001853
0.001128
0.000161
-0.001093
-0.002159
-0.002718
-0.002995
-0.003267
-0.003456
-0.003252
-0.002435
-0.001181
0.000029
0.000945
0.001719
0.002501
0.003211
0.003685
0.003768
0.003373
0.002606
0.001728
0.000880
-0.000026
-0.001147
-0.002762
-0.005339
-0.008443
-0.009816
-0.007641
-0.003651
-0.001333
-0.001179
-0.000562
0.002026
0.005439
0.008016
0.008779
0.007606
0.006120
0.006378
0.007443
0.006213
0.002339
-0.001113
-0.002309
-0.002571
-0.003466
-0.004897
-0.006059
-0.006318
-0.005612
-0.004966
-0.005432
-0.006160
-0.005283
-0.002832
-0.000772
0.000015
0.000801
0.002710
0.005032
0.006434
0.006537
0.005844
0.005018
0.004407
0.003689
0.002176
-0.000096
-0.002093
-0.002957
-0.002977
-0.003021
-0.003417
-0.003665
-0.003082
-0.001719
-0.000518
-0.000190
-0.000222
0.000307
0.001274
0.001752
0.001463
0.001105
0.001309
0.001917
0.002297
0.001997
0.001130
0.000268
-0.000262
-0.000860
-0.001900
-0.002793
-0.002749
-0.002125
-0.001868
-0.001992
-0.001796
-0.001123
-0.000333
0.000353
0.000772
0.000860
0.000978
0.001432
0.001796
0.001511
0.000919
0.000831
0.001281
0.001672
0.001860
0.002133
0.002454
0.002490
0.002036
0.001117
-0.000021
-0.001035
-0.001844
-0.002683
-0.003625
-0.004329
-0.004469
-0.004129
-0.003542
-0.002735
-0.001701
-0.000591
0.000436
0.001312
0.001984
0.002403
0.002558
0.002479
0.002256
0.002087
0.002085
0.002108
0.002006
0.001871
0.001785
0.001570
0.001080
0.000480
-0.000072
-0.000705
-0.001469
-0.002065
-0.002360
-0.002689
-0.003169
-0.003270
-0.002647
-0.002025
-0.002600
-0.004233
-0.004848
-0.002692
0.000978
0.003025
0.002502
0.001712
0.002674
0.004637
0.005796
0.005399
0.003854
0.002508
0.002685
0.003531
0.002642
-0.000099
-0.002090
-0.002176
-0.001997
-0.002656
-0.003267
-0.003061
-0.002327
-0.001524
-0.001177
-0.001679
-0.002256
-0.001720
-0.000540
-0.000234
-0.000855
-0.001031
-0.000155
0.001028
0.001636
0.001490
0.001106
0.001157
0.001673
0.001886
0.001242
0.000245
-0.000209
-0.000023
0.000150
-0.000097
-0.000503
-0.000587
-0.000229
0.000176
0.000151
-0.000248
-0.000454
-0.000097
0.000471
0.000585
0.000193
-0.000029
0.000356
0.000926
0.000989
0.000477
-0.000044
-0.000142
-0.000063
-0.000379
-0.001212
-0.002139
-0.002831
-0.003232
-0.003056
-0.001992
-0.000681
-0.000121
0.000055
0.000948
0.002263
0.002858
0.002723
0.002554
0.002363
0.001897
0.001372
0.000889
0.000172
-0.000547
-0.000647
-0.000319
-0.000152
0.000040
0.000532
0.000842
0.000565
-0.000059
-0.000664
-0.001125
-0.001449
-0.001676
-0.001866
-0.002006
-0.001866
-0.001291
-0.000621
-0.000294
-0.000155
0.000168
0.000550
0.000701
0.000699
0.000702
0.000663
0.000557
0.000483
0.000507
0.000604
0.000785
0.001086
0.001349
0.001345
0.001150
0.001003
0.000821
0.000385
-0.000197
-0.000672
-0.001028
-0.001418
-0.002135
-0.003449
-0.004715
-0.004417
-0.002259
-0.000119
0.000472
0.000431
0.001228
0.002489
0.003059
0.002819
0.002161
0.001390
0.001198
0.001817
0.002068
0.001146
0.000161
0.000170
0.000419
0.000027
-0.000487
-0.000451
-0.000182
-0.000140
-0.000351
-0.000859
-0.001577
-0.001939
-0.001676
-0.001396
-0.001593
-0.001790
-0.001356
-0.000527
0.000016
0.000093
0.000062
0.000247
0.000634
0.000955
0.000953
0.000689
0.000501
0.000582
0.000775
0.000769
0.000493
0.000282
0.000409
0.000672
0.000724
0.000575
0.000496
0.000589
0.000655
0.000451
-0.000023
-0.000454
-0.000530
-0.000384
-0.000423
-0.000705
-0.000898
-0.000851
-0.000783
-0.000892
-0.001164
-0.001490
-0.001682
-0.001617
-0.001476
-0.001374
-0.000887
0.000237
0.001271
0.001565
0.001639
0.002066
0.002426
0.002239
0.001722
0.001210
0.000755
0.000363
0.000042
-0.000291
-0.000591
-0.000621
-0.000408
-0.000236
-0.000072
0.000261
0.000582
0.000650
0.000504
0.000222
-0.000171
-0.000560
-0.000869
-0.001179
-0.001503
-0.001648
-0.001485
-0.001195
-0.001015
-0.000849
-0.000493
-0.000034
0.000337
0.000625
0.000876
0.001037
0.001083
0.001027
0.000886
0.000700
0.000516
0.000352
0.000253
0.000217
0.000103
-0.000132
-0.000275
-0.000215
-0.000116
-0.000172
-0.000634
-0.001657
-0.002576
-0.002256
-0.000789
0.000417
0.000682
0.000699
0.001021
0.001412
0.001556
0.001319
0.000719
0.000230
0.000332
0.000615
0.000372
-0.000148
-0.000316
-0.000248
-0.000267
-0.000243
-0.000089
0.000098
0.000389
0.000714
0.000678
0.000175
-0.000380
-0.000668
-0.000776
-0.000905
-0.001066
-0.001059
-0.000730
-0.000280
-0.000055
-0.000055
-0.000043
0.000027
0.000041
-0.000034
-0.000123
-0.000118
0.000027
0.000234
0.000347
0.000331
0.000365
0.000582
0.000864
0.001026
0.001013
0.000849
0.000636
0.000529
0.000483
0.000290
-0.000025
-0.000200
-0.000178
-0.000200
-0.000371
-0.000534
-0.000654
-0.000876
-0.001177
-0.001373
-0.001432
-0.001429
-0.001334
-0.001129
-0.001008
-0.001197
-0.001360
-0.000628
0.001062
0.002354
0.002338
0.001890
0.002010
0.002307
0.002014
0.001214
0.000455
-0.000009
-0.000194
-0.000251
-0.000496
-0.000944
-0.001101
-0.000829
-0.000599
-0.000526
-0.000220
0.000366
0.000790
0.000726
0.000348
0.000085
0.000056
0.000042
-0.000107
-0.000354
-0.000543
-0.000511
-0.000358
-0.000412
-0.000711
-0.000879
-0.000758
-0.000657
-0.000733
-0.000702
-0.000373
0.000044
0.000298
0.000453
0.000699
0.001001
0.001185
0.001183
0.000993
0.000674
0.000448
0.000425
0.000344
-0.000158
-0.001202
-0.002396
-0.002777
-0.001813
-0.000457
-0.000021
-0.000258
0.000031
0.000920
0.001443
0.001271
0.000862
0.000553
0.000573
0.001029
0.001386
0.001115
0.000674
0.000661
0.000734
0.000375
-0.000168
-0.000380
-0.000201
0.000032
-0.000138
-0.000871
-0.001671
-0.001911
-0.001658
-0.001438
-0.001390
-0.001140
-0.000471
0.000307
0.000765
0.000820
0.000686
0.000593
0.000590
0.000555
0.000390
0.000184
0.000133
0.000239
0.000286
0.000225
0.000256
0.000438
0.000626
0.000706
0.000629
0.000473
0.000418
0.000463
0.000359
-0.000020
-0.000461
-0.000654
-0.000578
-0.000500
-0.000565
-0.000600
-0.000472
-0.000297
-0.000206
-0.000243
-0.000442
-0.000746
-0.000980
-0.001046
-0.000992
-0.000852
-0.000572
-0.000167
0.000127
0.000109
0.000029
0.000287
0.000781
0.001206
0.001560
0.001725
0.001418
0.000909
0.000683
0.000561
0.000166
-0.000292
-0.000416
-0.000274
-0.000141
-0.000015
0.000078
-0.000054
-0.000240
-0.000167
-0.000017
0.000000
0.000070
0.000202
0.000097
-0.000313
-0.000758
-0.001002
-0.001095
-0.001173
-0.001156
-0.000912
-0.000503
-0.000063
0.000303
0.000509
0.000600
0.000706
0.000840
0.000932
0.000974
0.000995
0.000955
0.000739
0.000308
-0.000130
-0.000322
-0.000360
-0.000535
-0.000930
-0.001521
-0.002320
-0.002904
-0.002456
-0.001010
0.000216
0.000549
0.000777
0.001537
0.002254
0.002320
0.001951
0.001490
0.001083
0.000979
0.001111
0.000868
0.000145
-0.000358
-0.000425
-0.000599
-0.000997
-0.001129
-0.000824
-0.000424
-0.000266
-0.000417
-0.000729
-0.000946
-0.000880
-0.000589
-0.000310
-0.000139
0.000105
0.000528
0.000907
0.001015
0.000890
0.000667
0.000415
0.000140
-0.000208
-0.000653
-0.001022
-0.001090
-0.000915
-0.000720
-0.000507
-0.000135
0.000325
0.000658
0.000804
0.000862
0.000903
0.000919
0.000848
0.000662
0.000396
0.000138
0.000075
0.000299
0.000544
0.000463
0.000077
-0.000301
-0.000493
-0.000594
-0.000784
-0.001109
-0.001440
-0.001597
-0.001545
-0.001385
-0.001156
-0.000785
-0.000264
0.000243
0.000546
0.000664
0.000794
0.001014
0.001197
0.001223
0.001081
0.000830
0.000554
0.000312
0.000097
-0.000134
-0.000343
-0.000378
-0.000193
0.000000
0.000017
-0.000051
-0.000050
-0.000046
-0.000152
-0.000174
0.000151
0.000560
0.000583
0.000310
0.000098
-0.000073
-0.000287
-0.000389
-0.000364
-0.000403
-0.000487
-0.000405
-0.000202
-0.000097
-0.000024
0.000181
0.000350
0.000312
0.000238
0.000280
0.000300
0.000161
-0.000063
-0.000246
-0.000371
-0.000441
-0.000421
-0.000322
-0.000192
-0.000047
0.000099
0.000235
0.000384
0.000546
0.000596
0.000426
0.000161
-0.000014
-0.000122
-0.000257
-0.000385
-0.000430
-0.000386
-0.000280
-0.000153
-0.000123
-0.000296
-0.000607
-0.000826
-0.000644
0.000052
0.000783
0.000893
0.000469
0.000121
0.000022
-0.000031
-0.000036
0.000100
0.000288
0.000421
0.000524
0.000561
0.000374
0.000011
-0.000207
-0.000191
-0.000200
-0.000317
-0.000259
0.000091
0.000366
0.000235
-0.000088
-0.000222
-0.000133
0.000032
0.000196
0.000273
0.000218
0.000163
0.000236
0.000331
0.000253
-0.000002
-0.000243
-0.000337
-0.000356
-0.000428
-0.000518
-0.000549
-0.000576
-0.000661
-0.000713
-0.000613
-0.000380
-0.000117
0.000112
0.000295
0.000471
0.000661
0.000782
0.000740
0.000566
0.000397
0.000337
0.000347
0.000318
0.000220
0.000108
0.000011
-0.000115
-0.000280
-0.000367
-0.000317
-0.000243
-0.000198
-0.000124
-0.000117
-0.000316
-0.000566
-0.000606
-0.000499
-0.000470
-0.000483
-0.000357
-0.000110
0.000107
0.000287
0.000464
0.000559
0.000533
0.000423
0.000165
-0.000215
-0.000289
0.000207
0.000651
0.000348
-0.000108
0.000337
0.001248
0.001314
0.000577
0.000203
0.000462
0.000608
0.000283
-0.000218
-0.000630
-0.000818
-0.000737
-0.000688
-0.000918
-0.001017
-0.000556
0.000055
0.000212
0.000072
0.000145
0.000385
0.000310
-0.000176
-0.000654
-0.000808
-0.000719
-0.000605
-0.000565
-0.000505
-0.000253
0.000133
0.000373
0.000391
0.000427
0.000602
0.000726
0.000678
0.000598
0.000608
0.000634
0.000547
0.000281
-0.000176
-0.000777
-0.001339
-0.001555
-0.001268
-0.000752
-0.000386
-0.000149
0.000207
0.000662
0.000966
0.001032
0.000963
0.000844
0.000704
0.000568
0.000437
0.000295
0.000158
0.000036
-0.000099
-0.000198
-0.000158
-0.000052
-0.000053
-0.000187
-0.000370
-0.000545
-0.000670
-0.000708
-0.000680
-0.000650
-0.000603
-0.000413
-0.000054
0.000302
0.000529
0.000663
0.000713
0.000636
0.000467
0.000285
0.000101
-0.000096
-0.000264
-0.000342
-0.000316
-0.000196
-0.000019
0.000131
0.000183
0.000161
0.000150
0.000149
0.000085
-0.000040
-0.000186
-0.000323
-0.000386
-0.000337
-0.000208
-0.000022
0.000202
0.000401
0.000483
0.000398
0.000214
0.000071
0.000008
-0.000094
-0.000316
-0.000562
-0.000691
-0.000656
-0.000493
-0.000287
-0.000108
0.000029
0.000123
0.000163
0.000205
0.000300
0.000390
0.000409
0.000396
0.000385
0.000358
0.000325
0.000288
0.000219
0.000155
0.000156
0.000175
0.000121
-0.000037
-0.000278
-0.000463
-0.000402
-0.000176
-0.000057
-0.000095
-0.000128
-0.000115
-0.000139
-0.000168
-0.000115
-0.000019
0.000027
0.000005
-0.000023
0.000015
0.000112
0.000170
0.000114
-0.000019
-0.000154
-0.000213
-0.000181
-0.000144
-0.000171
-0.000239
-0.000296
-0.000311
-0.000279
-0.000222
-0.000142
-0.000013
0.000146
0.000269
0.000331
0.000353
0.000374
0.000409
0.000440
0.000447
0.000413
0.000317
0.000161
0.000007
-0.000079
-0.000132
-0.000177
-0.000161
-0.000121
-0.000140
-0.000163
-0.000150
-0.000181
-0.000262
-0.000297
-0.000264
-0.000216
-0.000166
-0.000100
-0.000051
-0.000008
0.000115
0.000333
0.000523
0.000574
0.000518
0.000420
0.000281
0.000126
0.000030
-0.000003
-0.000069
-0.000205
-0.000325
-0.000354
-0.000351
-0.000424
-0.000604
-0.000765
-0.000689
-0.000356
-0.000013
0.000235
0.000483
0.000651
0.000630
0.000574
0.000629
0.000652
0.000485
0.000260
0.000152
0.000048
-0.000207
-0.000490
-0.000638
-0.000676
-0.000678
-0.000648
-0.000534
-0.000299
-0.000036
0.000104
0.000123
0.000127
0.000158
0.000197
0.000229
0.000247
0.000233
0.000164
0.000073
0.000079
0.000193
0.000234
0.000115
0.000002
0.000050
0.000200
0.000279
0.000195
0.000064
0.000045
0.000104
0.000118
0.000055
-0.000066
-0.000216
-0.000346
-0.000430
-0.000450
-0.000411
-0.000351
-0.000255
-0.000118
0.000035
0.000208
0.000357
0.000380
0.000277
0.000126
-0.000034
-0.000182
-0.000302
-0.000374
-0.000343
-0.000195
-0.000044
-0.000002
-0.000036
-0.000002
0.000169
0.000332
0.000317
0.000181
0.000042
-0.000103
-0.000188
-0.000055
0.000176
0.000165
-0.000054
-0.000117
0.000027
0.000124
0.000110
0.000094
0.000068
-0.000022
-0.000096
-0.000087
-0.000061
-0.000042
0.000012
0.000086
0.000162
0.000244
0.000310
0.000350
0.000349
0.000258
0.000111
0.000016
-0.000026
-0.000084
-0.000167
-0.000222
-0.000214
-0.000170
-0.000129
-0.000101
-0.000099
-0.000162
-0.000245
-0.000246
-0.000188
-0.000178
-0.000212
-0.000190
-0.000049
0.000151
0.000279
0.000295
0.000300
0.000347
0.000378
0.000349
0.000252
0.000098
-0.000034
-0.000096
-0.000182
-0.000344
-0.000439
-0.000352
-0.000199
-0.000138
-0.000149
-0.000140
-0.000126
-0.000175
-0.000276
-0.000333
-0.000294
-0.000203
-0.000101
0.000009
0.000114
0.000220
0.000348
0.000435
0.000435
0.000428
0.000467
0.000465
0.000354
0.000202
0.000060
-0.000102
-0.000233
-0.000261
-0.000245
-0.000246
-0.000208
-0.000107
-0.000041
-0.000038
0.000020
0.000157
0.000222
0.000146
0.000024
-0.000040
-0.000032
-0.000011
-0.000021
-0.000041
-0.000052
-0.000082
-0.000144
-0.000188
-0.000204
-0.000259
-0.000317
-0.000254
-0.000091
0.000013
0.000013
0.000036
0.000162
0.000310
0.000389
0.000404
0.000383
0.000336
0.000264
0.000141
-0.000025
-0.000147
-0.000187
-0.000215
-0.000258
-0.000265
-0.000214
-0.000159
-0.000144
-0.000125
-0.000058
0.000002
0.000006
0.000021
0.000096
0.000150
0.000103
0.000027
0.000049
0.000174
0.000279
0.000276
0.000187
0.000073
-0.000023
-0.000095
-0.000155
-0.000211
-0.000259
-0.000284
-0.000267
-0.000204
-0.000111
-0.000039
-0.000029
-0.000029
0.000032
0.000131
0.000200
0.000237
0.000269
0.000233
0.000117
0.000109
0.000287
0.000417
0.000347
0.000242
0.000201
0.000084
-0.000143
-0.000302
-0.000314
-0.000306
-0.000353
-0.000382
-0.000363
-0.000355
-0.000367
-0.000339
-0.000256
-0.000185
-0.000149
-0.000079
0.000037
0.000116
0.000115
0.000076
0.000051
0.000044
0.000048
0.000093
0.000209
0.000329
0.000341
0.000252
0.000176
0.000163
0.000169
0.000153
0.000120
0.000079
0.000011
-0.000069
-0.000082
-0.000004
0.000068
0.000062
0.000013
-0.000049
-0.000144
-0.000248
-0.000285
-0.000230
-0.000160
-0.000133
-0.000098
0.000004
0.000128
0.000198
0.000206
0.000191
0.000165
0.000127
0.000105
0.000115
0.000119
0.000086
0.000032
-0.000029
-0.000101
-0.000155
-0.000176
-0.000190
-0.000181
-0.000113
-0.000027
0.000008
-0.000005
-0.000008
0.000018
0.000045
0.000047
0.000029
-0.000010
-0.000082
-0.000167
-0.000234
-0.000252
-0.000170
0.000005
0.000151
0.000192
0.000186
0.000173
0.000135
0.000068
0.000022
0.000070
0.000194
0.000266
0.000218
0.000123
0.000061
-0.000001
-0.000130
-0.000277
-0.000346
-0.000333
-0.000287
-0.000240
-0.000189
-0.000112
0.000008
0.000171
0.000325
0.000371
0.000301
0.000224
0.000185
0.000122
0.000034
-0.000009
-0.000012
-0.000029
-0.000051
-0.000079
-0.000171
-0.000306
-0.000366
-0.000318
-0.000229
-0.000146
-0.000078
-0.000013
0.000091
0.000215
0.000276
0.000262
0.000238
0.000184
0.000056
-0.000039
0.000008
0.000089
0.000057
-0.000031
-0.000066
-0.000055
-0.000028
0.000027
0.000091
0.000105
0.000043
-0.000056
-0.000142
-0.000199
-0.000211
-0.000172
-0.000060
0.000134
0.000239
0.000053
-0.000256
-0.000371
-0.000319
-0.000297
-0.000271
-0.000121
0.000068
0.000136
0.000120
0.000163
0.000241
0.000259
0.000266
0.000323
0.000348
0.000271
0.000172
0.000139
0.000122
0.000044
-0.000030
-0.000002
0.000073
0.000076
0.000041
0.000091
0.000194
0.000217
0.000151
0.000065
-0.000054
-0.000236
-0.000406
-0.000504
-0.000568
-0.000614
-0.000580
-0.000432
-0.000203
0.000011
0.000125
0.000175
0.000230
0.000275
0.000269
0.000225
0.000180
0.000156
0.000126
0.000064
0.000007
-0.000042
-0.000118
-0.000190
-0.000206
-0.000183
-0.000141
-0.000063
0.000020
0.000044
0.000009
-0.000020
0.000011
0.000079
0.000120
0.000098
0.000061
0.000080
0.000133
0.000124
0.000034
-0.000033
-0.000005
0.000055
0.000071
0.000070
0.000105
0.000153
0.000165
0.000149
0.000107
0.000013
-0.000103
-0.000171
-0.000178
-0.000185
-0.000218
-0.000225
-0.000198
-0.000200
-0.000233
-0.000227
-0.000155
-0.000039
0.000079
0.000161
0.000195
0.000207
0.000234
0.000283
0.000324
0.000301
0.000194
0.000061
-0.000035
-0.000102
-0.000165
-0.000225
-0.000256
-0.000214
-0.000108
-0.000016
0.000010
0.000012
0.000042
0.000058
0.000003
-0.000059
-0.000039
0.000056
0.000128
0.000088
-0.000034
-0.000107
-0.000063
0.000027
0.000064
0.000043
0.000034
0.000051
0.000050
0.000021
-0.000027
-0.000072
-0.000061
0.000009
0.000053
0.000034
0.000025
0.000059
0.000043
-0.000067
-0.000178
-0.000193
-0.000115
-0.000025
0.000014
0.000034
0.000083
0.000128
0.000136
0.000143
0.000167
0.000155
0.000077
0.000011
-0.000008
-0.000096
-0.000247
-0.000251
-0.000067
0.000118
0.000210
0.000221
0.000169
0.000113
0.000095
0.000046
-0.000054
-0.000088
-0.000014
0.000039
-0.000012
-0.000107
-0.000164
-0.000168
-0.000163
-0.000242
-0.000421
-0.000538
-0.000470
-0.000322
-0.000241
-0.000183
-0.000045
0.000108
0.000173
0.000212
0.000314
0.000404
0.000403
0.000382
0.000384
0.000327
0.000215
0.000165
0.000139
0.000005
-0.000169
-0.000207
-0.000122
-0.000061
-0.000058
-0.000047
-0.000014
-0.000020
-0.000071
-0.000082
-0.000051
-0.000060
-0.000074
0.000005
0.000113
0.000131
0.000104
0.000133
0.000191
0.000201
0.000155
0.000064
-0.000059
-0.000151
-0.000181
-0.000187
-0.000163
-0.000119
-0.000137
-0.000188
-0.000145
-0.000028
0.000035
0.000038
0.000052
0.000041
-0.000044
-0.000115
-0.000101
-0.000088
-0.000111
-0.000061
0.000080
0.000189
0.000223
0.000246
0.000262
0.000215
0.000137
0.000117
0.000121
0.000051
-0.000074
-0.000190
-0.000273
-0.000292
-0.000254
-0.000194
-0.000114
-0.000031
0.000033
0.000099
0.000156
0.000145
0.000079
0.000053
0.000093
0.000107
0.000053
0.000024
0.000064
0.000082
0.000003
-0.000110
-0.000146
-0.000089
-0.000019
0.000014
0.000019
0.000009
-0.000021
-0.000066
-0.000084
-0.000053
-0.000047
-0.000102
-0.000127
-0.000081
-0.000027
0.000041
0.000132
0.000187
0.000214
0.000249
0.000224
0.000120
0.000047
0.000024
-0.000039
-0.000157
-0.000273
-0.000324
-0.000275
-0.000176
-0.000109
-0.000070
-0.000027
-0.000013
-0.000042
-0.000042
0.000016
0.000075
0.000133
0.000224
0.000315
0.000363
0.000382
0.000380
0.000278
-0.000008
-0.000373
-0.000569
-0.000528
-0.000433
-0.000427
-0.000430
-0.000330
-0.000185
-0.000115
-0.000080
0.000064
0.000317
0.000520
0.000603
0.000629
0.000596
0.000479
0.000354
0.000288
0.000249
0.000182
0.000042
-0.000155
-0.000268
-0.000225
-0.000151
-0.000142
-0.000155
-0.000157
-0.000181
-0.000243
-0.000319
-0.000366
-0.000332
-0.000216
-0.000102
-0.000050
-0.000015
0.000058
0.000131
0.000145
0.000142
0.000178
0.000198
0.000143
0.000074
0.000078
0.000115
0.000073
-0.000068
-0.000212
-0.000252
-0.000171
-0.000069
-0.000055
-0.000134
-0.000215
-0.000213
-0.000125
0.000006
0.000148
0.000264
0.000302
0.000256
0.000162
0.000054
-0.000027
-0.000042
-0.000007
0.000028
0.000051
0.000058
0.000030
-0.000002
-0.000006
-0.000020
-0.000051
-0.000041
-0.000014
-0.000055
-0.000135
-0.000144
-0.000067
0.000005
0.000027
0.000044
0.000067
0.000042
0.000022
0.000112
0.000215
0.000163
0.000022
-0.000054
-0.000098
-0.000196
-0.000284
-0.000265
-0.000164
-0.000066
-0.000002
0.000045
0.000088
0.000132
0.000157
0.000141
0.000110
0.000083
0.000062
0.000056
0.000029
-0.000034
-0.000043
0.000031
0.000071
0.000024
-0.000043
-0.000160
-0.000427
-0.000679
-0.000496
0.000145
0.000632
0.000583
0.000416
0.000531
0.000604
0.000244
-0.000227
-0.000317
-0.000195
-0.000237
-0.000349
-0.000307
-0.000123
0.000069
0.000076
-0.000130
-0.000228
0.000023
0.000371
0.000376
0.000023
-0.000240
-0.000194
-0.000127
-0.000264
-0.000399
-0.000300
-0.000111
-0.000072
-0.000115
-0.000016
0.000226
0.000390
0.000357
0.000246
0.000161
0.000083
0.000077
0.000192
0.000310
0.000368
0.000387
0.000333
0.000217
0.000136
0.000094
-0.000013
-0.000232
-0.000439
-0.000481
-0.000380
-0.000308
-0.000392
-0.000541
-0.000507
-0.000259
-0.000086
-0.000162
-0.000253
-0.000140
0.000013
0.000007
-0.000022
0.000092
0.000222
0.000200
0.000125
0.000185
0.000326
0.000371
0.000303
0.000223
0.000155
0.000100
0.000116
0.000173
0.000124
-0.000031
-0.000113
-0.000071
-0.000020
0.000002
0.000082
0.000220
0.000242
0.000094
-0.000002
0.000066
0.000125
0.000032
-0.000144
-0.000264
-0.000297
-0.000313
-0.000338
-0.000340
-0.000277
-0.000127
0.000040
0.000102
0.000075
0.000058
0.000057
0.000021
-0.000035
-0.000058
-0.000031
0.000039
0.000118
0.000155
0.000179
0.000225
0.000183
0.000010
-0.000109
-0.000052
0.000052
0.000039
-0.000075
-0.000155
-0.000143
-0.000095
-0.000035
0.000057
0.000134
0.000118
0.000043
0.000045
0.000146
0.000185
0.000079
-0.000026
-0.000007
0.000032
-0.000022
-0.000107
-0.000155
-0.000199
-0.000217
-0.000171
-0.000116
-0.000098
-0.000083
-0.000041
-0.000006
0.000012
0.000034
0.000029
-0.000011
0.000003
0.000098
0.000165
0.000170
0.000209
0.000283
0.000273
0.000149
0.000010
-0.000063
-0.000073
-0.000053
-0.000035
-0.000027
-0.000038
-0.000078
-0.000118
-0.000134
-0.000133
-0.000117
-0.000111
-0.000122
-0.000098
-0.000018
0.000047
0.000059
0.000073
0.000099
0.000061
-0.000033
-0.000071
-0.000035
-0.000017
-0.000027
0.000008
0.000076
0.000119
0.000162
0.000215
0.000166
-0.000033
-0.000228
-0.000269
-0.000213
-0.000162
-0.000073
0.000039
-0.000002
-0.000192
-0.000286
-0.000169
0.000011
0.000069
0.000009
-0.000014
0.000074
0.000205
0.000286
0.000256
0.000154
0.000126
0.000217
0.000290
0.000237
0.000128
0.000103
0.000158
0.000171
0.000114
0.000046
-0.000012
-0.000055
-0.000065
-0.000064
-0.000086
-0.000130
-0.000154
-0.000141
-0.000146
-0.000200
-0.000266
-0.000299
-0.000282
-0.000232
-0.000175
-0.000082
0.000047
0.000126
0.000138
0.000166
0.000211
0.000181
0.000081
0.000019
0.000027
0.000041
0.000034
0.000044
0.000057
0.000012
-0.000072
-0.000135
-0.000170
-0.000180
-0.000172
-0.000196
-0.000254
-0.000258
-0.000172
-0.000068
-0.000008
0.000029
0.000098
0.000194
0.000259
0.000295
0.000317
0.000291
0.000192
0.000063
-0.000033
-0.000049
0.000012
0.000100
0.000158
0.000161
0.000120
0.000078
0.000065
0.000060
0.000024
-0.000054
-0.000162
-0.000253
-0.000286
-0.000285
-0.000274
-0.000242
-0.000181
-0.000111
-0.000045
0.000026
0.000103
0.000158
0.000152
0.000082
-0.000001
-0.000028
0.000004
0.000025
0.000015
0.000031
0.000059
0.000024
-0.000029
-0.000028
-0.000040
-0.000096
-0.000088
0.000022
0.000115
0.000117
0.000095
0.000107
0.000111
0.000073
0.000055
0.000082
0.000078
0.000001
-0.000080
-0.000105
-0.000092
-0.000060
-0.000000
0.000069
0.000082
0.000014
-0.000063
-0.000088
-0.000089
-0.000108
-0.000114
-0.000048
0.000059
0.000093
0.000044
0.000015
0.000023
-0.000008
-0.000078
-0.000127
-0.000122
-0.000053
0.000048
0.000121
0.000139
0.000120
0.000082
0.000043
0.000032
0.000058
0.000072
0.000021
-0.000073
-0.000150
-0.000150
0.000005
0.000279
0.000463
0.000442
0.000313
0.000190
0.000063
-0.000086
-0.000192
-0.000217
-0.000254
-0.000400
-0.000549
-0.000506
-0.000319
-0.000202
-0.000176
-0.000107
-0.000029
-0.000064
-0.000145
-0.000121
-0.000002
0.000104
0.000168
0.000220
0.000245
0.000204
0.000131
0.000097
0.000122
0.000164
0.000162
0.000108
0.000069
0.000066
0.000067
0.000069
0.000053
-0.000024
-0.000116
-0.000142
-0.000113
-0.000089
-0.000089
-0.000082
-0.000018
0.000101
0.000200
0.000225
0.000193
0.000139
0.000087
0.000064
0.000054
0.000001
-0.000085
-0.000125
-0.000135
-0.000183
-0.000229
-0.000201
-0.000104
0.000014
0.000103
0.000119
0.000085
0.000089
0.000139
0.000134
0.000029
-0.000095
-0.000147
-0.000127
-0.000120
-0.000151
-0.000141
-0.000077
-0.000036
-0.000025
0.000022
0.000110
0.000174
0.000171
0.000112
0.000025
-0.000074
-0.000133
-0.000101
-0.000021
0.000028
0.000086
0.000185
0.000212
0.000112
0.000017
0.000012
0.000032
-0.000007
-0.000074
-0.000092
-0.000083
-0.000099
-0.000088
-0.000030
-0.000023
-0.000099
-0.000159
-0.000128
-0.000047
0.000020
0.000070
0.000115
0.000154
0.000174
0.000159
0.000122
0.000076
0.000010
-0.000024
0.000022
0.000066
0.000020
-0.000051
-0.000046
-0.000010
-0.000050
-0.000122
-0.000122
-0.000088
-0.000107
-0.000136
-0.000098
-0.000048
-0.000058
-0.000061
-0.000004
0.000038
0.000025
0.000017
0.000053
0.000089
0.000078
0.000046
0.000032
0.000040
0.000058
0.000068
0.000070
0.000072
0.000051
-0.000010
-0.000072
-0.000066
0.000015
0.000110
0.000167
0.000111
-0.000127
-0.000413
-0.000522
-0.000446
-0.000321
-0.000216
-0.000121
-0.000010
0.000108
0.000178
0.000196
0.000224
0.000281
0.000312
0.000316
0.000352
0.000404
0.000380
0.000262
0.000133
0.000063
0.000044
0.000042
0.000046
0.000034
-0.000014
-0.000070
-0.000094
-0.000111
-0.000167
-0.000260
-0.000338
-0.000362
-0.000335
-0.000272
-0.000186
-0.000106
-0.000047
-0.000019
-0.000021
-0.000000
0.000100
0.000212
0.000216
0.000135
0.000096
0.000116
0.000094
0.000003
-0.000085
-0.000119
-0.000110
-0.000099
-0.000125
-0.000188
-0.000214
-0.000151
-0.000057
0.000006
0.000047
0.000088
0.000136
0.000178
0.000160
0.000058
-0.000038
-0.000047
-0.000006
0.000022
0.000041
0.000079
0.000129
0.000130
0.000051
-0.000012
0.000024
0.000079
0.000041
-0.000037
-0.000012
0.000110
0.000172
0.000113
0.000025
-0.000050
-0.000127
-0.000176
-0.000167
-0.000142
-0.000147
-0.000167
-0.000137
0.000007
0.000205
0.000289
0.000188
0.000011
-0.000104
-0.000135
-0.000145
-0.000170
-0.000172
-0.000129
-0.000094
-0.000083
-0.000021
0.000100
0.000175
0.000166
0.000144
0.000154
0.000157
0.000119
0.000060
0.000002
-0.000041
-0.000037
-0.000002
0.000003
-0.000032
-0.000074
-0.000097
-0.000063
0.000007
0.000015
-0.000035
-0.000047
0.000013
0.000107
0.000173
0.000123
-0.000024
-0.000138
-0.000169
-0.000158
-0.000108
-0.000006
0.000078
0.000054
-0.000042
-0.000089
-0.000057
-0.000008
0.000024
0.000047
0.000067
0.000096
0.000128
0.000112
0.000029
-0.000037
-0.000006
0.000077
0.000116
0.000105
0.000088
0.000058
0.000004
-0.000071
-0.000159
-0.000145
0.000034
0.000181
0.000160
0.000134
0.000208
0.000239
0.000141
-0.000001
-0.000105
-0.000157
-0.000193
-0.000273
-0.000410
-0.000521
-0.000503
-0.000379
-0.000228
-0.000072
0.000029
-0.000004
-0.000071
-0.000012
0.000140
0.000223
0.000192
0.000135
0.000124
0.000150
0.000180
0.000205
0.000212
0.000193
0.000172
0.000144
0.000067
-0.000040
-0.000100
-0.000113
-0.000139
-0.000195
-0.000217
-0.000136
0.000009
0.000089
0.000064
0.000059
0.000127
0.000150
0.000093
0.000063
0.000089
0.000101
0.000061
-0.000004
-0.000043
-0.000022
0.000029
0.000070
0.000088
0.000068
0.000015
-0.000048
-0.000105
-0.000148
-0.000151
-0.000087
-0.000008
0.000007
-0.000031
-0.000057
