5440
-0.000008
-0.000101
-0.000153
-0.000115
-0.000035
0.000036
0.000058
-0.000053
-0.000281
-0.000448
-0.000479
-0.000451
-0.000380
-0.000231
-0.000046
0.000123
0.000274
0.000376
0.000424
0.000481
0.000536
0.000505
0.000389
0.000285
0.000264
0.000271
0.000193
0.000050
-0.000037
-0.000067
-0.000131
-0.000229
-0.000304
-0.000318
-0.000255
-0.000159
-0.000115
-0.000125
-0.000131
-0.000136
-0.000164
-0.000169
-0.000090
0.000033
0.000109
0.000116
0.000095
0.000055
0.000011
0.000014
0.000030
0.000018
0.000036
0.000077
0.000046
-0.000048
-0.000114
-0.000147
-0.000179
-0.000183
-0.000118
-0.000038
-0.000035
-0.000086
-0.000083
-0.000020
0.000027
0.000049
0.000066
0.000079
0.000103
0.000153
0.000181
0.000131
0.000057
0.000066
0.000137
0.000150
0.000085
0.000010
-0.000044
-0.000073
-0.000072
-0.000041
0.000003
0.000026
0.000014
-0.000018
-0.000055
-0.000081
-0.000055
0.000026
0.000084
0.000059
-0.000015
-0.000067
-0.000081
-0.000088
-0.000117
-0.000163
-0.000184
-0.000127
-0.000018
0.000048
0.000050
0.000053
0.000093
0.000136
0.000137
0.000097
0.000035
-0.000012
-0.000015
0.000015
0.000053
0.000075
0.000058
0.000030
0.000047
0.000095
0.000113
0.000083
0.000036
0.000012
0.000011
-0.000031
-0.000143
-0.000236
-0.000205
-0.000100
-0.000050
-0.000095
-0.000150
-0.000117
0.000002
0.000114
0.000166
0.000152
0.000054
-0.000080
-0.000132
-0.000073
0.000006
0.000032
0.000017
0.000001
-0.000007
-0.000032
-0.000068
-0.000061
-0.000005
0.000036
0.000045
0.000075
0.000137
0.000149
0.000055
-0.000058
-0.000077
-0.000021
0.000025
0.000038
0.000041
0.000031
0.000026
0.000046
0.000044
0.000018
0.000092
0.000284
0.000425
0.000404
0.000302
0.000217
0.000116
-0.000046
-0.000192
-0.000268
-0.000354
-0.000480
-0.000540
-0.000455
-0.000290
-0.000196
-0.000223
-0.000237
-0.000183
-0.000190
-0.000254
-0.000211
-0.000045
0.000100
0.000155
0.000182
0.000242
0.000320
0.000365
0.000348
0.000287
0.000240
0.000226
0.000196
0.000145
0.000116
0.000068
-0.000069
-0.000229
-0.000305
-0.000289
-0.000227
-0.000136
0.000004
0.000168
0.000223
0.000105
-0.000035
-0.000046
0.000013
0.000028
0.000019
0.000041
0.000068
0.000057
0.000026
0.000003
-0.000014
-0.000033
-0.000022
0.000042
0.000114
0.000133
0.000094
0.000041
-0.000009
-0.000056
-0.000066
-0.000029
-0.000021
-0.000080
-0.000124
-0.000081
0.000005
0.000025
-0.000055
-0.000162
-0.000230
-0.000267
-0.000267
-0.000185
-0.000040
0.000067
0.000093
0.000087
0.000102
0.000162
0.000245
0.000282
0.000247
0.000202
0.000163
0.000084
-0.000032
-0.000160
-0.000265
-0.000247
-0.000103
0.000052
0.000150
0.000151
0.000058
-0.000022
-0.000032
-0.000040
-0.000093
-0.000138
-0.000119
-0.000050
0.000013
0.000027
-0.000005
-0.000044
-0.000050
-0.000008
0.000058
0.000091
0.000056
0.000001
-0.000007
0.000030
0.000073
0.000101
0.000123
0.000133
0.000073
-0.000072
-0.000188
-0.000162
-0.000037
0.000061
0.000082
0.000064
0.000059
0.000071
0.000061
0.000006
-0.000080
-0.000177
-0.000213
-0.000104
0.000079
0.000141
0.000035
-0.000073
-0.000058
0.000004
-0.000006
-0.000087
-0.000135
-0.000101
-0.000035
0.000000
-0.000026
-0.000081
-0.000038
0.000143
0.000238
0.000059
-0.000211
-0.000313
-0.000266
-0.000210
-0.000159
-0.000048
0.000108
0.000224
0.000253
0.000224
0.000191
0.000181
0.000197
0.000208
0.000184
0.000190
0.000248
0.000222
0.000070
-0.000061
-0.000095
-0.000096
-0.000108
-0.000119
-0.000102
-0.000029
0.000056
0.000044
-0.000062
-0.000153
-0.000187
-0.000203
-0.000208
-0.000143
0.000016
0.000184
0.000253
0.000224
0.000156
0.000099
0.000079
0.000076
0.000054
0.000003
-0.000106
-0.000247
-0.000302
-0.000234
-0.000159
-0.000159
-0.000187
-0.000141
-0.000042
-0.000044
-0.000186
-0.000312
-0.000280
-0.000094
0.000161
0.000360
0.000382
0.000268
0.000190
0.000203
0.000205
0.000129
0.000028
-0.000026
-0.000045
-0.000062
-0.000056
-0.000018
0.000030
0.000078
0.000097
0.000063
0.000057
0.000127
0.000141
0.000018
-0.000115
-0.000146
-0.000128
-0.000127
-0.000150
-0.000201
-0.000249
-0.000218
-0.000125
-0.000097
-0.000162
-0.000183
-0.000066
0.000097
0.000138
0.000017
-0.000090
0.000024
0.000277
0.000401
0.000329
0.000208
0.000140
0.000119
0.000112
0.000087
0.000043
0.000020
0.000058
0.000116
0.000099
-0.000006
-0.000097
-0.000123
-0.000126
-0.000135
-0.000142
-0.000131
-0.000111
-0.000134
-0.000206
-0.000266
-0.000258
-0.000165
-0.000031
0.000085
0.000164
0.000194
0.000162
0.000091
0.000013
-0.000023
0.000023
0.000101
0.000129
0.000109
0.000116
0.000185
0.000240
0.000166
0.000009
-0.000071
-0.000064
-0.000084
-0.000124
-0.000092
-0.000004
0.000064
0.000075
0.000033
-0.000032
-0.000044
0.000031
0.000085
0.000001
-0.000171
-0.000317
-0.000422
-0.000458
-0.000323
-0.000070
0.000114
0.000202
0.000298
0.000402
0.000403
0.000276
0.000149
0.000105
0.000072
-0.000026
-0.000147
-0.000217
-0.000226
-0.000194
-0.000163
-0.000191
-0.000260
-0.000267
-0.000204
-0.000179
-0.000196
-0.000156
-0.000059
0.000032
0.000092
0.000132
0.000177
0.000242
0.000290
0.000259
0.000154
0.000058
0.000013
-0.000010
-0.000018
0.000008
0.000022
-0.000037
-0.000110
-0.000077
0.000065
0.000203
0.000250
0.000218
0.000185
0.000201
0.000247
0.000251
0.000170
0.000054
-0.000006
0.000009
0.000047
0.000050
-0.000001
-0.000073
-0.000127
-0.000166
-0.000195
-0.000214
-0.000250
-0.000314
-0.000340
-0.000272
-0.000165
-0.000104
-0.000098
-0.000110
-0.000087
0.000007
0.000118
0.000144
0.000089
0.000067
0.000117
0.000120
0.000019
-0.000057
-0.000031
0.000009
0.000030
0.000070
0.000104
0.000096
0.000098
0.000142
0.000163
0.000115
0.000045
0.000022
0.000048
0.000094
0.000126
0.000075
-0.000090
-0.000267
-0.000296
-0.000168
-0.000030
0.000038
0.000085
0.000129
0.000143
0.000138
0.000140
0.000110
0.000014
-0.000092
-0.000121
-0.000075
-0.000049
-0.000095
-0.000170
-0.000216
-0.000184
-0.000085
-0.000035
-0.000068
-0.000046
0.000058
0.000070
-0.000054
-0.000174
-0.000220
-0.000219
-0.000201
-0.000204
-0.000249
-0.000273
-0.000200
-0.000030
0.000175
0.000307
0.000300
0.000279
0.000413
0.000614
0.000656
0.000518
0.000361
0.000253
0.000166
0.000100
0.000035
-0.000088
-0.000222
-0.000232
-0.000081
0.000109
0.000187
0.000129
0.000003
-0.000125
-0.000197
-0.000216
-0.000295
-0.000526
-0.000796
-0.000877
-0.000759
-0.000636
-0.000554
-0.000395
-0.000165
0.000014
0.000114
0.000189
0.000281
0.000426
0.000619
0.000749
0.000720
0.000607
0.000568
0.000648
0.000709
0.000591
0.000367
0.000221
0.000157
0.000090
0.000028
0.000006
-0.000011
-0.000101
-0.000250
-0.000349
-0.000377
-0.000410
-0.000470
-0.000516
-0.000513
-0.000461
-0.000408
-0.000380
-0.000342
-0.000275
-0.000184
-0.000074
0.000020
0.000028
-0.000034
-0.000051
0.000012
0.000074
0.000095
0.000102
0.000090
0.000049
0.000059
0.000176
0.000288
0.000292
0.000240
0.000226
0.000227
0.000155
0.000043
-0.000003
0.000015
0.000018
0.000019
0.000072
0.000131
0.000098
-0.000013
-0.000085
-0.000095
-0.000102
-0.000103
-0.000077
-0.000023
0.000059
0.000104
0.000013
-0.000154
-0.000207
-0.000081
0.000065
0.000058
-0.000081
-0.000188
-0.000162
-0.000070
-0.000042
-0.000084
-0.000102
-0.000061
0.000004
0.000060
0.000091
0.000085
0.000045
-0.000024
-0.000095
-0.000079
0.000074
0.000222
0.000225
0.000164
0.000158
0.000191
0.000217
0.000230
0.000214
0.000136
0.000013
-0.000096
-0.000165
-0.000195
-0.000183
-0.000152
-0.000121
-0.000082
-0.000053
-0.000055
-0.000071
-0.000093
-0.000114
-0.000101
-0.000048
-0.000001
-0.000002
-0.000051
-0.000102
-0.000075
0.000033
0.000130
0.000165
0.000176
0.000211
0.000244
0.000174
-0.000005
-0.000147
-0.000174
-0.000154
-0.000138
-0.000096
-0.000009
0.000073
0.000090
0.000057
0.000022
-0.000016
-0.000042
-0.000024
0.000011
-0.000011
-0.000105
-0.000196
-0.000205
-0.000131
-0.000048
-0.000049
-0.000110
-0.000047
0.000242
0.000542
0.000595
0.000458
0.000331
0.000200
-0.000036
-0.000310
-0.000530
-0.000693
-0.000739
-0.000584
-0.000302
-0.000067
0.000032
0.000009
-0.000036
0.000010
0.000119
0.000153
0.000093
0.000069
0.000188
0.000382
0.000490
0.000484
0.000445
0.000387
0.000293
0.000202
0.000152
0.000129
0.000094
0.000027
-0.000055
-0.000108
-0.000115
-0.000132
-0.000222
-0.000370
-0.000495
-0.000556
-0.000542
-0.000464
-0.000388
-0.000346
-0.000260
-0.000076
0.000114
0.000214
0.000249
0.000262
0.000263
0.000259
0.000229
0.000167
0.000152
0.000242
0.000365
0.000414
0.000369
0.000254
0.000125
0.000057
0.000050
0.000048
0.000073
0.000138
0.000146
0.000038
-0.000102
-0.000187
-0.000225
-0.000242
-0.000258
-0.000295
-0.000316
-0.000299
-0.000308
-0.000351
-0.000338
-0.000246
-0.000179
-0.000199
-0.000221
-0.000143
0.000012
0.000126
0.000161
0.000192
0.000256
0.000313
0.000324
0.000284
0.000223
0.000158
0.000089
0.000028
0.000002
0.000046
0.000133
0.000183
0.000161
0.000102
0.000046
-0.000001
-0.000062
-0.000165
-0.000298
-0.000405
-0.000513
-0.000703
-0.000888
-0.000850
-0.000523
-0.000078
0.000245
0.000359
0.000379
0.000433
0.000503
0.000528
0.000485
0.000382
0.000289
0.000309
0.000459
0.000622
0.000646
0.000498
0.000309
0.000216
0.000199
0.000161
0.000087
0.000003
-0.000070
-0.000077
-0.000011
-0.000027
-0.000260
-0.000618
-0.000894
-0.001004
-0.001023
-0.001020
-0.000963
-0.000812
-0.000565
-0.000243
0.000044
0.000150
0.000081
-0.000011
0.000004
0.000165
0.000430
0.000623
0.000588
0.000434
0.000375
0.000436
0.000509
0.000512
0.000445
0.000389
0.000401
0.000455
0.000525
0.000585
0.000558
0.000399
0.000159
-0.000105
-0.000352
-0.000510
-0.000522
-0.000409
-0.000294
-0.000330
-0.000507
-0.000651
-0.000645
-0.000582
-0.000587
-0.000637
-0.000615
-0.000460
-0.000212
0.000004
0.000098
0.000128
0.000220
0.000390
0.000517
0.000526
0.000522
0.000582
0.000613
0.000567
0.000525
0.000499
0.000404
0.000199
-0.000023
-0.000135
-0.000138
-0.000148
-0.000232
-0.000327
-0.000332
-0.000282
-0.000301
-0.000384
-0.000428
-0.000413
-0.000380
-0.000321
-0.000265
-0.000273
-0.000308
-0.000338
-0.000466
-0.000729
-0.000888
-0.000673
-0.000165
0.000308
0.000555
0.000595
0.000532
0.000502
0.000568
0.000606
0.000468
0.000269
0.000303
0.000639
0.001016
0.001161
0.001026
0.000728
0.000440
0.000301
0.000282
0.000220
0.000072
-0.000025
0.000027
0.000170
0.000236
0.000039
-0.000447
-0.000973
-0.001274
-0.001339
-0.001286
-0.001176
-0.001036
-0.000875
-0.000672
-0.000453
-0.000312
-0.000322
-0.000440
-0.000522
-0.000454
-0.000199
0.000201
0.000571
0.000741
0.000765
0.000798
0.000854
0.000851
0.000770
0.000686
0.000691
0.000800
0.000912
0.000886
0.000678
0.000379
0.000125
-0.000022
-0.000118
-0.000243
-0.000384
-0.000430
-0.000353
-0.000310
-0.000427
-0.000618
-0.000751
-0.000804
-0.000789
-0.000710
-0.000627
-0.000584
-0.000526
-0.000387
-0.000194
-0.000019
0.000112
0.000233
0.000361
0.000461
0.000501
0.000481
0.000431
0.000395
0.000387
0.000374
0.000308
0.000194
0.000081
-0.000015
-0.000036
0.000142
0.000447
0.000615
0.000578
0.000490
0.000423
0.000316
0.000143
-0.000037
-0.000191
-0.000326
-0.000399
-0.000391
-0.000368
-0.000406
-0.000533
-0.000682
-0.000736
-0.000664
-0.000518
-0.000391
-0.000424
-0.000683
-0.001086
-0.001424
-0.001428
-0.000994
-0.000329
0.000229
0.000493
0.000534
0.000540
0.000598
0.000683
0.000764
0.000762
0.000661
0.000675
0.000988
0.001425
0.001606
0.001380
0.000947
0.000612
0.000545
0.000683
0.000806
0.000780
0.000695
0.000669
0.000648
0.000483
0.000078
-0.000552
-0.001237
-0.001721
-0.001865
-0.001737
-0.001506
-0.001308
-0.001174
-0.001073
-0.001019
-0.001067
-0.001216
-0.001346
-0.001245
-0.000799
-0.000157
0.000424
0.000808
0.000968
0.000979
0.000993
0.001024
0.000976
0.000891
0.000895
0.000997
0.001126
0.001194
0.001114
0.000846
0.000399
-0.000092
-0.000395
-0.000412
-0.000241
-0.000048
0.000063
0.000100
0.000088
-0.000051
-0.000377
-0.000750
-0.000987
-0.001068
-0.001010
-0.000785
-0.000497
-0.000326
-0.000266
-0.000208
-0.000160
-0.000160
-0.000133
0.000018
0.000275
0.000527
0.000676
0.000695
0.000606
0.000454
0.000278
0.000132
0.000067
0.000077
0.000125
0.000197
0.000289
0.000332
0.000229
-0.000006
-0.000242
-0.000377
-0.000394
-0.000311
-0.000159
0.000013
0.000134
0.000143
0.000043
-0.000089
-0.000181
-0.000193
-0.000115
0.000022
0.000163
0.000257
0.000256
0.000145
-0.000027
-0.000201
-0.000357
-0.000477
-0.000514
-0.000455
-0.000451
-0.000723
-0.001197
-0.001417
-0.001039
-0.000297
0.000279
0.000461
0.000460
0.000534
0.000611
0.000443
0.000051
-0.000278
-0.000348
-0.000088
0.000499
0.001161
0.001513
0.001434
0.001128
0.000834
0.000649
0.000583
0.000607
0.000704
0.000915
0.001210
0.001394
0.001251
0.000707
-0.000104
-0.000854
-0.001306
-0.001501
-0.001549
-0.001442
-0.001186
-0.000915
-0.000775
-0.000812
-0.001023
-0.001376
-0.001695
-0.001724
-0.001377
-0.000784
-0.000143
0.000354
0.000627
0.000762
0.000823
0.000773
0.000632
0.000545
0.000647
0.000932
0.001303
0.001596
0.001604
0.001241
0.000647
0.000056
-0.000395
-0.000682
-0.000807
-0.000787
-0.000675
-0.000507
-0.000290
-0.000080
0.000002
-0.000116
-0.000360
-0.000560
-0.000597
-0.000454
-0.000198
0.000054
0.000188
0.000176
0.000127
0.000125
0.000058
-0.000149
-0.000283
-0.000128
0.000211
0.000531
0.000766
0.000883
0.000839
0.000649
0.000368
0.000066
-0.000165
-0.000254
-0.000218
-0.000123
0.000002
0.000117
0.000105
-0.000090
-0.000355
-0.000544
-0.000610
-0.000564
-0.000413
-0.000210
-0.000046
0.000018
-0.000042
-0.000207
-0.000374
-0.000401
-0.000261
-0.000047
0.000190
0.000434
0.000602
0.000618
0.000490
0.000283
0.000106
0.000024
-0.000017
-0.000059
-0.000030
0.000093
0.000210
0.000241
0.000201
0.000121
-0.000043
-0.000408
-0.000971
-0.001452
-0.001473
-0.000939
-0.000189
0.000316
0.000412
0.000262
0.000090
-0.000032
-0.000184
-0.000398
-0.000567
-0.000495
-0.000018
0.000768
0.001436
0.001621
0.001375
0.000975
0.000608
0.000379
0.000338
0.000400
0.000497
0.000687
0.000960
0.001137
0.001043
0.000631
-0.000038
-0.000775
-0.001295
-0.001423
-0.001228
-0.000891
-0.000499
-0.000085
0.000171
0.000047
-0.000432
-0.001006
-0.001423
-0.001525
-0.001255
-0.000710
-0.000116
0.000317
0.000509
0.000488
0.000280
-0.000098
-0.000497
-0.000677
-0.000524
-0.000100
0.000486
0.001062
0.001348
0.001196
0.000778
0.000343
-0.000035
-0.000364
-0.000561
-0.000493
-0.000159
0.000213
0.000392
0.000400
0.000368
0.000279
0.000037
-0.000303
-0.000523
-0.000467
-0.000210
0.000061
0.000231
0.000288
0.000278
0.000258
0.000210
0.000084
-0.000057
-0.000086
0.000019
0.000199
0.000420
0.000620
0.000661
0.000466
0.000173
-0.000025
-0.000119
-0.000200
-0.000246
-0.000199
-0.000106
-0.000058
-0.000096
-0.000235
-0.000456
-0.000661
-0.000755
-0.000737
-0.000633
-0.000435
-0.000177
0.000037
0.000104
0.000003
-0.000172
-0.000278
-0.000238
-0.000090
0.000091
0.000278
0.000471
0.000611
0.000628
0.000540
0.000407
0.000271
0.000185
0.000176
0.000239
0.000346
0.000428
0.000420
0.000316
0.000144
-0.000037
-0.000174
-0.000273
-0.000350
-0.000379
-0.000386
-0.000517
-0.000877
-0.001289
-0.001355
-0.000925
-0.000371
-0.000114
-0.000058
0.000126
0.000400
0.000477
0.000292
-0.000042
-0.000422
-0.000607
-0.000291
0.000462
0.001177
0.001499
0.001490
0.001326
0.001027
0.000627
0.000274
0.000050
0.000001
0.000256
0.000829
0.001369
0.001424
0.000924
0.000182
-0.000521
-0.001101
-0.001501
-0.001602
-0.001374
-0.000961
-0.000521
-0.000172
-0.000095
-0.000420
-0.000980
-0.001407
-0.001480
-0.001236
-0.000798
-0.000258
0.000273
0.000675
0.000891
0.000892
0.000643
0.000220
-0.000089
-0.000057
0.000156
0.000293
0.000423
0.000646
0.000767
0.000639
0.000394
0.000131
-0.000188
-0.000484
-0.000560
-0.000346
-0.000004
0.000210
0.000169
0.000037
0.000098
0.000328
0.000367
0.000062
-0.000226
-0.000115
0.000288
0.000548
0.000411
0.000036
-0.000213
-0.000100
0.000221
0.000285
-0.000059
-0.000359
-0.000274
-0.000057
-0.000022
-0.000108
-0.000151
-0.000062
0.000243
0.000636
0.000637
-0.000372
-0.002254
-0.003115
-0.000969
0.002854
0.004433
0.002419
-0.000072
0.000036
0.001552
0.000887
-0.002718
-0.005613
-0.004299
-0.000178
0.002344
0.001529
-0.000417
-0.001079
-0.000428
0.000072
-0.000649
-0.002069
-0.002207
0.000118
0.003145
0.003903
0.002034
-0.000031
-0.000538
-0.000021
0.000416
0.000468
0.000375
0.000715
0.001871
0.002915
0.002287
0.000117
-0.001740
-0.002176
-0.001623
-0.000630
0.000366
0.000331
-0.001697
-0.005844
-0.010855
-0.012928
-0.008545
-0.000919
0.002391
0.001151
0.003367
0.011186
0.015979
0.011711
0.003255
-0.002191
-0.002625
0.001440
0.007902
0.011158
0.007990
0.003667
0.003935
0.004868
-0.000381
-0.009459
-0.014567
-0.013566
-0.009307
-0.003542
0.001323
0.000924
-0.004401
-0.008266
-0.007634
-0.006569
-0.008213
-0.009831
-0.007611
-0.001478
0.005694
0.010675
0.011415
0.008063
0.003603
0.002214
0.004773
0.007174
0.006234
0.004800
0.006603
0.009932
0.011182
0.009496
0.004596
-0.003026
-0.008489
-0.007507
-0.004247
-0.005231
-0.008421
-0.007833
-0.004349
-0.002730
-0.003398
-0.004957
-0.008322
-0.012015
-0.010944
-0.005130
-0.001561
-0.003715
-0.007051
-0.005146
0.005095
0.018682
0.022811
0.013871
0.007235
0.013847
0.021206
0.015250
0.002877
-0.002774
-0.001136
0.001687
0.001748
-0.003451
-0.012422
-0.018447
-0.018291
-0.015722
-0.013607
-0.011572
-0.010090
-0.007750
-0.000716
0.007749
0.008607
0.002730
0.000671
0.005535
0.010770
0.012231
0.010506
0.007054
0.004829
0.005337
0.004635
-0.000039
-0.004618
-0.005437
-0.003916
-0.001354
0.001539
0.001446
-0.002342
-0.004604
-0.002787
-0.001232
-0.002770
-0.004821
-0.005162
-0.003817
-0.001093
0.000917
-0.000286
-0.002648
-0.002202
0.000827
0.003757
0.004992
0.003736
0.001278
0.000856
0.002373
0.002083
-0.000598
-0.002130
-0.000949
0.001146
0.001921
-0.001969
-0.013180
-0.023951
-0.018429
0.002424
0.015362
0.012027
0.013763
0.029321
0.036320
0.023703
0.009475
0.003725
-0.003818
-0.014254
-0.014670
-0.004874
-0.001184
-0.010711
-0.020380
-0.018777
-0.014935
-0.020783
-0.028956
-0.027278
-0.018372
-0.008192
0.003908
0.014749
0.019019
0.020402
0.023298
0.024281
0.022127
0.019968
0.016304
0.010242
0.008299
0.012692
0.014281
0.006619
-0.004115
-0.010278
-0.014254
-0.021014
-0.027418
-0.028355
-0.025954
-0.023092
-0.016703
-0.006495
0.000471
0.001035
0.000870
0.004339
0.009114
0.012293
0.014518
0.017178
0.020050
0.022453
0.023498
0.021026
0.013922
0.004831
-0.003318
-0.011347
-0.020245
-0.026184
-0.024125
-0.015943
-0.009267
-0.006918
-0.004529
-0.000088
0.002498
0.001005
-0.001072
0.000008
0.003586
0.007336
0.010793
0.013547
0.013135
0.008287
0.002167
-0.001418
-0.003155
-0.005555
-0.007468
-0.005859
-0.001494
0.001536
0.001482
0.000236
-0.000742
-0.001916
-0.003125
-0.003073
-0.001707
-0.000521
-0.000106
0.000455
0.001253
0.000765
-0.001592
-0.003777
-0.003540
-0.001372
0.000798
0.002612
0.004675
0.006428
0.006854
0.006127
0.004907
0.003049
0.000432
-0.001861
-0.002677
-0.002542
-0.002900
-0.003859
-0.004276
-0.003944
-0.003734
-0.003814
-0.003514
-0.002592
-0.001476
-0.000517
0.000281
0.000964
0.001567
0.001167
-0.000845
-0.001418
0.001478
0.003789
0.002434
-0.000879
-0.006583
-0.015881
-0.019712
-0.006337
0.014461
0.020603
0.015822
0.022543
0.037464
0.036257
0.017371
0.001717
-0.003958
-0.010804
-0.020710
-0.022318
-0.015220
-0.014625
-0.023555
-0.025221
-0.015096
-0.011150
-0.020144
-0.025542
-0.017640
-0.005791
0.003265
0.013199
0.023851
0.030035
0.031985
0.032655
0.030656
0.024396
0.015506
0.005879
-0.001341
-0.002398
-0.000715
-0.004347
-0.012237
-0.015940
-0.015286
-0.017842
-0.024166
-0.027148
-0.024496
-0.020340
-0.015325
-0.005744
0.006527
0.013743
0.014729
0.016851
0.022095
0.023219
0.017741
0.012808
0.012316
0.011874
0.008988
0.006185
0.003519
-0.001519
-0.008056
-0.013512
-0.018517
-0.025462
-0.032258
-0.031152
-0.020311
-0.008533
0.000672
0.011721
0.021769
0.025148
0.023815
0.020428
0.015135
0.009094
0.003518
0.000697
0.001791
0.001667
-0.003628
-0.009610
-0.012405
-0.014606
-0.017465
-0.017765
-0.013726
-0.007066
0.000075
0.006824
0.012480
0.015224
0.013698
0.009641
0.006149
0.003402
-0.000369
-0.004135
-0.005185
-0.004048
-0.003393
-0.003943
-0.004616
-0.004539
-0.003734
-0.002496
-0.000238
0.003310
0.006482
0.008081
0.008953
0.008917
0.006165
0.001118
-0.003252
-0.005492
-0.006624
-0.007247
-0.006845
-0.005552
-0.003795
-0.001738
-0.000468
-0.000291
0.000638
0.002309
0.002912
0.003109
0.003419
0.002179
-0.000262
-0.001703
-0.001452
-0.000604
-0.000860
-0.001790
-0.000905
-0.000437
-0.007961
-0.022279
-0.026048
-0.008457
0.012629
0.017209
0.017498
0.031739
0.046327
0.039906
0.020936
0.009503
0.003175
-0.010900
-0.026252
-0.027083
-0.018694
-0.019763
-0.028339
-0.025595
-0.012249
-0.008874
-0.019205
-0.024849
-0.017514
-0.008027
-0.002332
0.006343
0.019895
0.030866
0.035776
0.037587
0.037286
0.032575
0.022055
0.008106
-0.002619
-0.005828
-0.006861
-0.012527
-0.018522
-0.017259
-0.012967
-0.014810
-0.020973
-0.023210
-0.021340
-0.020613
-0.019370
-0.011634
0.000595
0.009408
0.014212
0.021166
0.029544
0.031066
0.024269
0.017217
0.013865
0.009808
0.003199
-0.001800
-0.003582
-0.005305
-0.008520
-0.012071
-0.017007
-0.025848
-0.033866
-0.029661
-0.013356
-0.000333
0.003706
0.009637
0.021176
0.028756
0.026033
0.016627
0.008549
0.005226
0.002661
-0.000971
-0.002458
-0.003298
-0.007572
-0.011738
-0.010785
-0.008583
-0.010786
-0.014195
-0.011584
-0.002585
0.006071
0.009721
0.010600
0.012043
0.012488
0.009240
0.003880
-0.000761
-0.004699
-0.007976
-0.008511
-0.006001
-0.003645
-0.003682
-0.004153
-0.001999
0.001961
0.004060
0.003848
0.004610
0.007189
0.008685
0.007559
0.005053
0.001966
-0.001948
-0.005770
-0.007601
-0.007298
-0.006872
-0.007112
-0.005897
-0.001904
0.001792
0.001702
0.000123
0.001366
0.004230
0.004991
0.003873
0.003281
0.003375
0.002348
-0.000268
-0.002649
-0.003815
-0.004784
-0.005509
-0.004761
-0.003412
-0.003948
-0.007586
-0.014177
-0.019544
-0.013866
0.004120
0.019045
0.022689
0.027311
0.039039
0.043884
0.032775
0.016574
0.006521
-0.002140
-0.016514
-0.029362
-0.030791
-0.026821
-0.028329
-0.030483
-0.023239
-0.013194
-0.013367
-0.019641
-0.018202
-0.008693
-0.001048
0.003734
0.012273
0.024177
0.033447
0.038434
0.040268
0.038113
0.031190
0.020277
0.007326
-0.003938
-0.011051
-0.016318
-0.021872
-0.024381
-0.021314
-0.017457
-0.017954
-0.020195
-0.019202
-0.016063
-0.014520
-0.013072
-0.007348
0.001930
0.010233
0.016897
0.024373
0.030925
0.031656
0.026744
0.021119
0.015943
0.008315
-0.001147
-0.008255
-0.011760
-0.013745
-0.015465
-0.017257
-0.020158
-0.024228
-0.026147
-0.020934
-0.009271
0.000577
0.005531
0.012615
0.023176
0.028672
0.025721
0.019337
0.013706
0.008767
0.002371
-0.005107
-0.009782
-0.011131
-0.012738
-0.014367
-0.013011
-0.010266
-0.009512
-0.009049
-0.005090
0.001599
0.006898
0.009147
0.010504
0.012524
0.013009
0.009556
0.003858
-0.000944
-0.004584
-0.007952
-0.010037
-0.009690
-0.007824
-0.005706
-0.003205
0.000161
0.003749
0.006047
0.006749
0.007369
0.008339
0.007954
0.005537
0.002435
-0.000478
-0.003304
-0.005790
-0.007453
-0.008146
-0.007694
-0.006039
-0.003768
-0.001269
0.001487
0.003321
0.003304
0.003425
0.005003
0.005633
0.004012
0.002315
0.001731
0.000913
-0.001140
-0.003672
-0.005427
-0.006213
-0.006323
-0.005501
-0.004224
-0.004029
-0.004873
-0.005942
-0.009314
-0.014068
-0.010039
0.006153
0.019645
0.021949
0.025529
0.036481
0.040743
0.029910
0.015494
0.007980
0.000386
-0.015843
-0.031793
-0.034605
-0.029801
-0.029945
-0.031427
-0.024228
-0.013873
-0.011946
-0.014710
-0.011020
-0.002342
0.002520
0.004344
0.010095
0.019824
0.028719
0.034824
0.037516
0.036194
0.031975
0.024577
0.012514
-0.000750
-0.009962
-0.016654
-0.024449
-0.029869
-0.028153
-0.022901
-0.020274
-0.018904
-0.014341
-0.008644
-0.006843
-0.007369
-0.004470
0.002069
0.007648
0.011627
0.017410
0.024557
0.028370
0.027461
0.024767
0.020903
0.013608
0.003545
-0.005863
-0.013122
-0.018389
-0.021300
-0.022055
-0.021814
-0.021006
-0.019216
-0.016637
-0.013488
-0.007860
0.001445
0.010587
0.016169
0.020703
0.025686
0.027680
0.024916
0.019103
0.011858
0.004112
-0.003994
-0.011967
-0.017218
-0.018777
-0.019120
-0.018815
-0.015779
-0.010508
-0.005596
-0.001458
0.003046
0.007660
0.010835
0.011705
0.011032
0.010054
0.008456
0.005053
0.000566
-0.002990
-0.005394
-0.007535
-0.008800
-0.008115
-0.005935
-0.003354
-0.000725
0.002265
0.005655
0.008334
0.009067
0.008305
0.007114
0.005125
0.001838
-0.001687
-0.004458
-0.006659
-0.008228
-0.008658
-0.007923
-0.006173
-0.003853
-0.001852
0.000043
0.002577
0.004749
0.005575
0.006029
0.006314
0.005315
0.003721
0.002928
0.001886
-0.000900
-0.004174
-0.005779
-0.006040
-0.006583
-0.007151
-0.006776
-0.006348
-0.006727
-0.007806
-0.010673
-0.013136
-0.007022
0.007834
0.018764
0.021688
0.026973
0.036446
0.038760
0.030233
0.019781
0.012405
0.001970
-0.015510
-0.030840
-0.034325
-0.031764
-0.032985
-0.034072
-0.027373
-0.017860
-0.013834
-0.012131
-0.006196
0.000845
0.003322
0.004416
0.009794
0.018072
0.025370
0.030963
0.034286
0.034484
0.032562
0.027917
0.018363
0.006303
-0.003855
-0.013022
-0.023195
-0.030691
-0.031578
-0.028384
-0.025423
-0.022203
-0.016460
-0.009990
-0.006153
-0.004095
-0.000746
0.003549
0.006379
0.008378
0.012305
0.018018
0.022548
0.024688
0.025342
0.023963
0.019194
0.011975
0.003974
-0.004689
-0.013290
-0.019877
-0.023966
-0.026116
-0.025972
-0.023598
-0.020495
-0.017237
-0.011590
-0.001834
0.008741
0.015641
0.019299
0.022271
0.024668
0.024957
0.021834
0.015999
0.009624
0.002897
-0.004662
-0.010901
-0.014329
-0.016501
-0.018293
-0.018550
-0.016290
-0.011727
-0.006214
-0.001043
0.003618
0.007526
0.009770
0.010260
0.009959
0.009091
0.006763
0.002955
-0.000814
-0.003347
-0.004755
-0.005546
-0.005792
-0.005120
-0.003434
-0.001345
0.000773
0.003187
0.005562
0.006876
0.006931
0.006385
0.005483
0.003864
0.001281
-0.001914
-0.004921
-0.007165
-0.008649
-0.009281
-0.008392
-0.005999
-0.003508
-0.001428
0.001360
0.004454
0.005965
0.006307
0.007133
0.007716
0.006444
0.003286
-0.000520
-0.003104
-0.004008
-0.005087
-0.006740
-0.007059
-0.006390
-0.007201
-0.009683
-0.012311
-0.013360
-0.009237
0.001154
0.011115
0.015695
0.020446
0.029486
0.035685
0.032937
0.025868
0.019471
0.010518
-0.004035
-0.018599
-0.026094
-0.028447
-0.031730
-0.034670
-0.031722
-0.024035
-0.017416
-0.012688
-0.006794
-0.000655
0.002206
0.002960
0.005837
0.011034
0.015793
0.019608
0.023101
0.025644
0.027193
0.027867
0.025655
0.019373
0.011236
0.002771
-0.006955
-0.016811
-0.023379
-0.026307
-0.028100
-0.028714
-0.025788
-0.019642
-0.013218
-0.007768
-0.002581
0.001976
0.004767
0.006377
0.008416
0.011088
0.013429
0.015222
0.017101
0.018958
0.019679
0.018696
0.016115
0.011434
0.004427
-0.003458
-0.010805
-0.017642
-0.023629
-0.027392
-0.028149
-0.025489
-0.018963
-0.009915
-0.001002
0.006581
0.012731
0.017018
0.019374
0.019815
0.017897
0.014048
0.009521
0.005124
0.001633
-0.000532
-0.002425
-0.004993
-0.007457
-0.008900
-0.009461
-0.009390
-0.008754
-0.007718
-0.006163
-0.003837
-0.000923
0.002149
0.004816
0.006289
0.006296
0.005466
0.004284
0.002585
0.000372
-0.001860
-0.003553
-0.004279
-0.003922
-0.002726
-0.000909
0.001296
0.003393
0.005010
0.006068
0.006341
0.005578
0.003897
0.001609
-0.000915
-0.003179
-0.004725
-0.005381
-0.005426
-0.005259
-0.004674
-0.003328
-0.001832
-0.000820
0.000221
0.001503
0.002304
0.002625
0.002961
0.003124
0.002907
0.002329
0.001304
0.000144
-0.000903
-0.002672
-0.006617
-0.013505
-0.020857
-0.021740
-0.012378
-0.000016
0.006842
0.011516
0.020644
0.031052
0.036046
0.035557
0.032168
0.024639
0.011351
-0.003887
-0.014969
-0.021427
-0.027366
-0.033008
-0.034626
-0.031560
-0.025932
-0.018402
-0.009888
-0.003476
-0.000880
0.000034
0.002066
0.005047
0.007448
0.009412
0.011608
0.013879
0.016830
0.021032
0.024602
0.025360
0.023380
0.018942
0.011852
0.003710
-0.003473
-0.010219
-0.017648
-0.024434
-0.028186
-0.028233
-0.025515
-0.020897
-0.014953
-0.008861
-0.003739
0.000811
0.005568
0.009646
0.011726
0.012230
0.012413
0.012719
0.013164
0.013945
0.014751
0.014425
0.012331
0.009319
0.006141
0.002173
-0.003140
-0.009195
-0.015114
-0.020034
-0.022902
-0.023170
-0.020800
-0.015941
-0.009704
-0.003460
0.002912
0.009614
0.015152
0.018061
0.018348
0.016761
0.014201
0.011134
0.007367
0.003174
-0.000544
-0.003459
-0.005743
-0.007311
-0.008085
-0.008268
-0.008093
-0.007693
-0.006997
-0.005812
-0.004208
-0.002487
-0.000829
0.000833
0.002577
0.004172
0.005191
0.005349
0.004694
0.003581
0.002267
0.000699
-0.000953
-0.002153
-0.002580
-0.002230
-0.001179
0.000289
0.001768
0.003018
0.003873
0.004191
0.003966
0.003137
0.001637
-0.000248
-0.002131
-0.003788
-0.004931
-0.005349
-0.005177
-0.004511
-0.003257
-0.001555
0.000247
0.001945
0.003274
0.003808
0.003588
0.003114
0.002249
-0.000167
-0.005241
-0.012215
-0.017802
-0.018517
-0.014067
-0.007375
-0.000829
0.006224
0.015128
0.024612
0.031766
0.034974
0.034008
0.028731
0.019542
0.008053
-0.003774
-0.014584
-0.023796
-0.031066
-0.035455
-0.035720
-0.031644
-0.024437
-0.016014
-0.008012
-0.000970
0.005287
0.010320
0.013159
0.013784
0.013184
0.012019
0.010505
0.009261
0.009053
0.009789
0.010534
0.010533
0.009806
0.008691
0.007095
0.004412
0.000259
-0.004816
-0.009732
-0.013867
-0.017100
-0.019142
-0.019498
-0.017913
-0.014524
-0.009815
-0.004381
0.001386
0.007040
0.011795
0.015016
0.016631
0.016714
0.014982
0.011347
0.007139
0.004312
0.002726
0.000412
-0.002927
-0.005537
-0.006588
-0.006979
-0.007799
-0.009046
-0.009538
-0.008623
-0.007208
-0.005951
-0.004369
-0.002242
0.000185
0.002743
0.004965
0.006560
0.007887
0.008822
0.008683
0.007576
0.006073
0.004194
0.001855
-0.000600
-0.002617
-0.003779
-0.004272
-0.004744
-0.005199
-0.004891
-0.003694
-0.002459
-0.001772
-0.001377
-0.000833
-0.000055
0.000665
0.000969
0.000968
0.001046
0.001188
0.001163
0.001065
0.001088
0.001117
0.000899
0.000463
0.000246
0.000536
0.000963
0.001056
0.001065
0.001470
0.002036
0.002131
0.001656
0.001030
0.000485
-0.000206
-0.001266
-0.002440
-0.003247
-0.003597
-0.003728
-0.003646
-0.003376
-0.003816
-0.006155
-0.009782
-0.011883
-0.010203
-0.005551
-0.000537
0.003776
0.008574
0.014385
0.019463
0.022185
0.023032
0.022771
0.020477
0.014948
0.006968
-0.001239
-0.008478
-0.015256
-0.021876
-0.027027
-0.028881
-0.026959
-0.022444
-0.016845
-0.010755
-0.004142
0.002571
0.008483
0.013140
0.016593
0.018537
0.018301
0.016009
0.012973
0.010295
0.007636
0.004085
-0.000174
-0.003810
-0.005845
-0.006671
-0.007322
-0.008071
-0.008270
-0.007529
-0.006305
-0.005199
-0.004276
-0.003273
-0.002168
-0.001151
-0.000077
0.001451
0.003274
0.004695
0.005514
0.006302
0.007366
0.008189
0.008091
0.007007
0.005383
0.003487
0.001170
-0.001679
-0.004788
-0.007669
-0.009995
-0.011652
-0.012408
-0.011885
-0.010073
-0.007359
-0.004042
-0.000330
0.003451
0.006895
0.009558
0.011173
0.011845
0.011659
0.010491
0.008397
0.005720
0.002842
0.000146
-0.002182
-0.004284
-0.006061
-0.007000
-0.007073
-0.006957
-0.006909
-0.006396
-0.005084
-0.003336
-0.001680
-0.000302
0.000943
0.002129
0.003041
0.003529
0.003741
0.003788
0.003574
0.003051
0.002355
0.001669
0.001022
0.000308
-0.000420
-0.000866
-0.000937
-0.000930
-0.001069
-0.001158
-0.000901
-0.000374
0.000002
-0.000012
-0.000172
-0.000140
-0.000010
-0.000096
-0.000381
-0.000627
-0.000765
-0.000834
-0.000929
-0.001501
-0.003183
-0.005792
-0.007903
-0.007988
-0.005845
-0.002560
0.000800
0.003971
0.006985
0.009729
0.012217
0.014322
0.015234
0.014119
0.011162
0.007346
0.003444
-0.000544
-0.005116
-0.010228
-0.014658
-0.017003
-0.017090
-0.015806
-0.013878
-0.011345
-0.007996
-0.003942
0.000327
0.004313
0.007740
0.010454
0.012312
0.013238
0.013230
0.012267
0.010275
0.007327
0.003802
0.000187
-0.003261
-0.006417
-0.008931
-0.010322
-0.010517
-0.009918
-0.008798
-0.006967
-0.004301
-0.001247
0.001548
0.003809
0.005551
0.006758
0.007363
0.007322
0.006639
0.005411
0.003854
0.002235
0.000716
-0.000622
-0.001678
-0.002439
-0.003051
-0.003554
-0.003784
-0.003754
-0.003755
-0.003829
-0.003622
-0.003006
-0.002375
-0.001989
-0.001499
-0.000573
0.000525
0.001482
0.002381
0.003258
0.003950
0.004431
0.004688
0.004558
0.004038
0.003341
0.002564
0.001620
0.000493
-0.000625
-0.001571
-0.002400
-0.003106
-0.003482
-0.003501
-0.003403
-0.003250
-0.002850
-0.002166
-0.001418
-0.000772
-0.000189
0.000401
0.000926
0.001235
0.001317
0.001329
0.001384
0.001423
0.001385
0.001323
0.001293
0.001226
0.000984
0.000545
0.000043
-0.000374
-0.000625
-0.000672
-0.000561
-0.000392
-0.000143
0.000219
0.000387
-0.000162
-0.001695
-0.004015
-0.006387
-0.007604
-0.006739
-0.004115
-0.001107
0.001234
0.003004
0.004857
0.007082
0.009265
0.010584
0.010551
0.009415
0.007788
0.005988
0.003732
0.000579
-0.003159
-0.006381
-0.008340
-0.009283
-0.009775
-0.009944
-0.009627
-0.008787
-0.007608
-0.006281
-0.004683
-0.002467
0.000367
0.003311
0.005905
0.008075
0.009828
0.010971
0.011235
0.010482
0.008740
0.006202
0.003216
0.000127
-0.002850
-0.005603
-0.007935
-0.009451
-0.009825
-0.009134
-0.007798
-0.006174
-0.004256
-0.001870
0.000780
0.003064
0.004584
0.005547
0.006297
0.006746
0.006534
0.005593
0.004302
0.003112
0.002078
0.000870
-0.000642
-0.002095
-0.003129
-0.003800
-0.004303
-0.004676
-0.004958
-0.005119
-0.004839
-0.003983
-0.002973
-0.002110
-0.001099
0.000281
0.001748
0.002995
0.003988
0.004791
0.005388
0.005594
0.005236
0.004467
0.003613
0.002761
0.001711
0.000372
-0.000983
-0.001993
-0.002633
-0.003104
-0.003435
-0.003552
-0.003491
-0.003284
-0.002949
-0.002630
-0.002357
-0.001915
-0.001218
-0.000467
0.000171
0.000733
0.001294
0.001855
0.002366
0.002710
0.002782
0.002662
0.002528
0.002339
0.001891
0.001133
0.000206
-0.000827
-0.002151
-0.003907
-0.005530
-0.005793
-0.004238
-0.002110
-0.000838
-0.000248
0.000740
0.002418
0.004102
0.004937
0.004526
0.003480
0.003164
0.003904
0.004245
0.003059
0.001145
-0.000173
-0.000692
-0.001042
-0.001773
-0.002876
-0.003737
-0.003922
-0.003960
-0.004485
-0.005020
-0.004623
-0.003303
-0.001910
-0.000962
-0.000152
0.001015
0.002434
0.003546
0.004024
0.003977
0.003752
0.003588
0.003246
0.002313
0.000998
0.000034
-0.000244
-0.000193
-0.000305
-0.000714
-0.001165
-0.001283
-0.001116
-0.001215
-0.001794
-0.002257
-0.002050
-0.001428
-0.000937
-0.000681
-0.000392
0.000100
0.000711
0.001282
0.001721
0.001905
0.001684
0.001167
0.000715
0.000441
0.000114
-0.000315
-0.000651
-0.000869
-0.000989
-0.000926
-0.000783
-0.000802
-0.000933
-0.000928
-0.000752
-0.000544
-0.000320
0.000008
0.000418
0.000809
0.001132
0.001386
0.001551
0.001613
0.001585
0.001461
0.001202
0.000851
0.000533
0.000270
-0.000059
-0.000543
-0.001080
-0.001495
-0.001772
-0.001957
-0.001946
-0.001646
-0.001210
-0.000903
-0.000793
-0.000698
-0.000454
-0.000143
0.000062
0.000173
0.000361
0.000756
0.001272
0.001652
0.001765
0.001686
0.001471
0.001027
0.000213
-0.000897
-0.001927
-0.002522
-0.002613
-0.002272
-0.001509
-0.000405
0.000697
0.001456
0.001894
0.002225
0.002468
0.002489
0.002285
0.001920
0.001404
0.000847
0.000413
0.000021
-0.000480
-0.000936
-0.001121
-0.001115
-0.001122
-0.001162
-0.001200
-0.001308
-0.001543
-0.001804
-0.001922
-0.001828
-0.001556
-0.001142
-0.000603
-0.000028
0.000475
0.000886
0.001240
0.001502
0.001594
0.001517
0.001382
0.001295
0.001226
0.001064
0.000801
0.000571
0.000466
0.000421
0.000349
0.000255
0.000164
0.000027
-0.000227
-0.000604
-0.001031
-0.001352
-0.001425
-0.001294
-0.001144
-0.001065
-0.000981
-0.000766
-0.000372
0.000059
0.000285
0.000299
0.000391
0.000682
0.000886
0.000772
0.000549
0.000489
0.000457
0.000228
0.000007
0.000099
0.000330
0.000359
0.000159
-0.000104
-0.000262
-0.000234
-0.000143
-0.000127
-0.000117
-0.000033
0.000068
0.000138
0.000174
0.000131
-0.000034
-0.000276
-0.000459
-0.000450
-0.000271
-0.000075
0.000049
0.000116
0.000137
0.000093
-0.000016
-0.000154
-0.000265
-0.000314
-0.000304
-0.000259
-0.000208
-0.000216
-0.000393
-0.000784
-0.001274
-0.001682
-0.001829
-0.001579
-0.001037
-0.000467
0.000176
0.001155
0.002274
0.002912
0.002875
0.002602
0.002391
0.002099
0.001698
0.001360
0.001028
0.000580
0.000172
-0.000126
-0.000522
-0.000978
-0.001205
-0.001254
-0.001385
-0.001530
-0.001491
-0.001375
-0.001395
-0.001499
-0.001503
-0.001393
-0.001241
-0.001007
-0.000651
-0.000241
0.000186
0.000639
0.001023
0.001213
0.001260
0.001299
0.001338
0.001275
0.001096
0.000915
0.000797
0.000698
0.000543
0.000303
0.000075
0.000000
0.000037
0.000024
-0.000104
-0.000351
-0.000682
-0.000935
-0.000937
-0.000778
-0.000700
-0.000763
-0.000751
-0.000388
0.000248
0.000659
0.000567
0.000285
0.000146
0.000041
-0.000233
-0.000593
-0.000810
-0.000819
-0.000743
-0.000695
-0.000665
-0.000496
-0.000081
0.000360
0.000564
0.000662
0.000906
0.001206
0.001334
0.001304
0.001261
0.001196
0.000966
0.000505
-0.000040
-0.000376
-0.000341
-0.000136
-0.000101
-0.000261
-0.000362
-0.000347
-0.000435
-0.000707
-0.000977
-0.001071
-0.000977
-0.000779
-0.000565
-0.000354
-0.000159
-0.000115
-0.000442
-0.001067
-0.001331
-0.000697
0.000306
0.000744
0.000625
0.000655
0.001006
0.001262
0.001269
0.001182
0.001056
0.000970
0.000920
0.000508
-0.000368
-0.001017
-0.001020
-0.000858
-0.000883
-0.000737
-0.000210
0.000326
0.000519
0.000400
0.000197
0.000142
0.000243
0.000122
-0.000486
-0.001105
-0.000968
-0.000122
0.000572
0.000623
0.000434
0.000467
0.000533
0.000263
-0.000191
-0.000372
-0.000222
-0.000133
-0.000299
-0.000476
-0.000392
-0.000114
0.000035
-0.000103
-0.000210
0.000153
0.000836
0.001201
0.001019
0.000690
0.000489
0.000199
-0.000326
-0.000766
-0.000814
-0.000609
-0.000419
-0.000274
-0.000110
0.000084
0.000246
0.000207
-0.000155
-0.000641
-0.000907
-0.000953
-0.001051
-0.001183
-0.001069
-0.000683
-0.000261
0.000102
0.000520
0.001098
0.001772
0.002270
0.002340
0.002064
0.001703
0.001300
0.000711
-0.000038
-0.000657
-0.000891
-0.000807
-0.000653
-0.000524
-0.000387
-0.000294
-0.000356
-0.000600
-0.000904
-0.001057
-0.000966
-0.000786
-0.000693
-0.000663
-0.000595
-0.000474
-0.000350
-0.000229
-0.000083
0.000108
0.000329
0.000487
0.000518
0.000501
0.000521
0.000528
0.000489
0.000493
0.000608
0.000754
0.000815
0.000749
0.000543
0.000206
-0.000176
-0.000527
-0.000827
-0.001003
-0.000988
-0.000865
-0.000743
-0.000572
-0.000261
0.000107
0.000330
0.000351
0.000292
0.000254
0.000231
0.000157
-0.000002
-0.000159
-0.000172
-0.000047
0.000085
0.000198
0.000361
0.000553
0.000689
0.000722
0.000628
0.000434
0.000217
0.000011
-0.000182
-0.000335
-0.000400
-0.000354
-0.000267
-0.000201
-0.000133
-0.000049
0.000049
0.000162
0.000247
0.000277
0.000315
0.000400
0.000468
0.000428
0.000272
0.000072
-0.000134
-0.000397
-0.000752
-0.001060
-0.001041
-0.000660
-0.000237
0.000029
0.000247
0.000452
0.000490
0.000343
0.000182
0.000109
0.000061
-0.000055
-0.000229
-0.000389
-0.000524
-0.000681
-0.000838
-0.000912
-0.000868
-0.000726
-0.000516
-0.000258
0.000076
0.000468
0.000750
0.000742
0.000505
0.000257
0.000053
-0.000176
-0.000295
-0.000083
0.000370
0.000692
0.000649
0.000401
0.000225
0.000180
0.000189
0.000186
0.000152
0.000144
0.000206
0.000241
0.000177
0.000159
0.000342
0.000594
0.000677
0.000631
0.000665
0.000754
0.000664
0.000303
-0.000179
-0.000577
-0.000809
-0.000909
-0.000930
-0.000902
-0.000854
-0.000801
-0.000737
-0.000655
-0.000553
-0.000409
-0.000227
-0.000074
0.000012
0.000074
0.000202
0.000413
0.000589
0.000643
0.000648
0.000677
0.000658
0.000521
0.000297
0.000025
-0.000243
-0.000409
-0.000444
-0.000441
-0.000411
-0.000206
0.000165
0.000385
0.000274
0.000091
0.000106
0.000158
-0.000025
-0.000351
-0.000548
-0.000605
-0.000667
-0.000722
-0.000670
-0.000466
-0.000122
0.000268
0.000583
0.000832
0.001079
0.001216
0.001078
0.000741
0.000449
0.000253
-0.000008
-0.000345
-0.000562
-0.000569
-0.000493
-0.000502
-0.000576
-0.000548
-0.000402
-0.000287
-0.000247
-0.000215
-0.000172
-0.000100
0.000054
0.000210
0.000233
0.000204
0.000276
0.000352
0.000291
0.000179
0.000148
0.000160
0.000102
-0.000050
-0.000227
-0.000353
-0.000379
-0.000303
-0.000177
-0.000062
0.000054
0.000183
0.000253
0.000266
0.000302
0.000309
0.000213
0.000104
0.000065
0.000018
-0.000064
-0.000085
-0.000051
-0.000056
-0.000064
-0.000012
-0.000042
-0.000274
-0.000517
-0.000543
-0.000409
-0.000286
-0.000199
-0.000116
-0.000053
0.000011
0.000130
0.000290
0.000438
0.000573
0.000703
0.000788
0.000765
0.000632
0.000469
0.000337
0.000211
0.000088
0.000034
0.000054
0.000047
-0.000045
-0.000168
-0.000256
-0.000312
-0.000371
-0.000420
-0.000430
-0.000415
-0.000385
-0.000318
-0.000213
-0.000114
-0.000070
-0.000098
-0.000180
-0.000262
-0.000290
-0.000251
-0.000183
-0.000132
-0.000092
-0.000037
0.000003
-0.000008
-0.000023
0.000003
0.000026
0.000048
0.000162
0.000322
0.000309
0.000082
-0.000106
-0.000074
0.000069
0.000157
0.000153
0.000137
0.000182
0.000239
0.000201
0.000072
-0.000005
0.000008
-0.000087
-0.000444
-0.000855
-0.000943
-0.000657
-0.000266
0.000070
0.000382
0.000649
0.000795
0.000794
0.000650
0.000394
0.000137
0.000025
0.000026
-0.000006
-0.000051
-0.000010
0.000037
0.000012
0.000031
0.000172
0.000318
0.000362
0.000312
0.000210
0.000076
-0.000085
-0.000284
-0.000507
-0.000681
-0.000711
-0.000604
-0.000485
-0.000436
-0.000388
-0.000266
-0.000126
-0.000031
0.000043
0.000130
0.000224
0.000311
0.000368
0.000301
0.000099
0.000016
0.000226
0.000472
0.000494
0.000427
0.000430
0.000362
0.000097
-0.000189
-0.000275
-0.000240
-0.000260
-0.000279
-0.000182
-0.000088
-0.000116
-0.000186
-0.000183
-0.000080
0.000067
0.000182
0.000222
0.000182
0.000095
0.000003
-0.000089
-0.000188
-0.000236
-0.000185
-0.000173
-0.000300
-0.000395
-0.000331
-0.000260
-0.000278
-0.000229
-0.000048
0.000161
0.000343
0.000458
0.000468
0.000449
0.000442
0.000342
0.000175
0.000165
0.000321
0.000390
0.000292
0.000184
0.000117
-0.000020
-0.000223
-0.000357
-0.000395
-0.000417
-0.000463
-0.000492
-0.000456
-0.000377
-0.000312
-0.000267
-0.000256
-0.000328
-0.000379
-0.000216
0.000095
0.000289
0.000316
0.000345
0.000413
0.000393
0.000276
0.000197
0.000220
0.000273
0.000281
0.000221
0.000145
0.000134
0.000161
0.000110
-0.000022
-0.000088
-0.000020
0.000041
-0.000045
-0.000217
-0.000313
-0.000283
-0.000243
-0.000260
-0.000193
0.000045
0.000275
0.000319
0.000263
0.000247
0.000239
0.000169
0.000096
0.000091
0.000133
0.000156
0.000127
0.000078
0.000047
0.000034
0.000019
-0.000042
-0.000180
-0.000330
-0.000405
-0.000406
-0.000394
-0.000397
-0.000387
-0.000346
-0.000299
-0.000295
-0.000341
-0.000332
-0.000149
0.000146
0.000376
0.000466
0.000452
0.000381
0.000326
0.000336
0.000349
0.000274
0.000132
0.000006
-0.000076
-0.000148
-0.000257
-0.000352
-0.000283
-0.000063
0.000097
0.000123
0.000130
0.000162
0.000131
0.000043
0.000044
0.000120
0.000093
-0.000037
-0.000112
-0.000114
-0.000139
-0.000197
-0.000183
-0.000070
0.000023
0.000047
0.000078
0.000082
-0.000036
-0.000165
-0.000139
-0.000028
0.000013
0.000010
0.000059
0.000115
0.000083
0.000001
-0.000017
0.000046
0.000123
0.000199
0.000271
0.000288
0.000255
0.000223
0.000172
0.000096
0.000041
0.000007
-0.000035
-0.000078
-0.000114
-0.000159
-0.000196
-0.000170
-0.000094
-0.000064
-0.000107
-0.000171
-0.000242
-0.000297
-0.000277
-0.000195
-0.000109
-0.000042
0.000014
0.000064
0.000133
0.000244
0.000301
0.000158
-0.000104
-0.000254
-0.000248
-0.000215
-0.000204
-0.000164
-0.000079
-0.000003
0.000035
0.000089
0.000186
0.000272
0.000331
0.000404
0.000459
0.000417
0.000288
0.000158
0.000086
0.000056
0.000008
-0.000090
-0.000195
-0.000223
-0.000178
-0.000157
-0.000189
-0.000212
-0.000186
-0.000169
-0.000213
-0.000243
-0.000188
-0.000127
-0.000094
0.000001
0.000131
0.000157
0.000090
0.000093
0.000241
0.000407
0.000421
0.000245
0.000002
-0.000165
-0.000244
-0.000291
-0.000302
-0.000264
-0.000220
-0.000189
-0.000126
-0.000056
-0.000070
-0.000097
0.000014
0.000185
0.000241
0.000226
0.000267
0.000317
0.000284
0.000200
0.000143
0.000116
0.000104
0.000078
-0.000020
-0.000151
-0.000210
-0.000206
-0.000219
-0.000243
-0.000208
-0.000095
0.000013
0.000063
0.000102
0.000161
0.000197
0.000208
0.000245
0.000269
0.000190
0.000038
-0.000070
-0.000124
-0.000182
-0.000261
-0.000343
-0.000392
-0.000337
-0.000193
-0.000099
-0.000071
0.000026
0.000166
0.000205
0.000163
0.000148
0.000164
0.000142
0.000043
-0.000089
-0.000156
-0.000099
0.000043
0.000144
0.000118
0.000034
-0.000006
-0.000011
-0.000053
-0.000168
-0.000316
-0.000408
-0.000366
-0.000213
-0.000055
0.000047
0.000118
0.000193
0.000264
0.000318
0.000341
0.000304
0.000244
0.000222
0.000198
0.000108
0.000001
-0.000040
-0.000051
-0.000136
-0.000267
-0.000322
-0.000270
-0.000177
-0.000111
-0.000113
-0.000145
-0.000100
0.000049
0.000169
0.000177
0.000165
0.000203
0.000224
0.000178
0.000113
0.000074
0.000066
0.000065
0.000027
-0.000031
-0.000073
-0.000148
-0.000264
-0.000238
0.000002
0.000214
0.000226
0.000163
0.000170
0.000225
0.000234
0.000152
0.000011
-0.000104
-0.000153
-0.000181
-0.000236
-0.000298
-0.000320
-0.000306
-0.000284
-0.000265
-0.000235
-0.000184
-0.000141
-0.000120
-0.000090
-0.000014
0.000107
0.000209
0.000233
0.000230
0.000277
0.000319
0.000235
0.000081
0.000029
0.000086
0.000107
0.000053
-0.000008
-0.000099
-0.000246
-0.000333
-0.000260
-0.000069
0.000123
0.000219
0.000223
0.000198
0.000161
0.000107
0.000065
0.000051
0.000033
0.000009
0.000023
0.000075
0.000081
-0.000011
-0.000138
-0.000207
-0.000202
-0.000171
-0.000129
-0.000062
0.000007
0.000046
0.000053
0.000046
0.000024
-0.000034
-0.000124
-0.000150
-0.000029
0.000137
0.000167
0.000069
0.000012
0.000035
-0.000004
-0.000134
-0.000196
-0.000128
-0.000045
-0.000035
-0.000054
-0.000027
0.000030
0.000059
0.000060
0.000091
0.000171
0.000234
0.000243
0.000253
0.000295
0.000292
0.000159
-0.000061
-0.000206
-0.000219
-0.000210
-0.000248
-0.000278
-0.000230
-0.000111
-0.000007
0.000006
-0.000049
-0.000082
-0.000040
0.000024
0.000049
0.000094
0.000199
0.000250
0.000174
0.000062
-0.000015
-0.000061
-0.000041
0.000054
0.000110
0.000066
0.000014
-0.000008
-0.000069
-0.000144
-0.000134
-0.000063
-0.000036
-0.000073
-0.000107
-0.000095
-0.000084
-0.000139
-0.000208
-0.000138
0.000055
0.000156
0.000112
0.000122
0.000271
0.000378
0.000311
0.000167
0.000069
-0.000018
-0.000155
-0.000272
-0.000292
-0.000284
-0.000316
-0.000302
-0.000180
-0.000038
0.000046
0.000113
0.000220
0.000300
0.000190
-0.000088
-0.000283
-0.000268
-0.000177
-0.000125
-0.000087
-0.000018
0.000072
0.000165
0.000246
0.000275
0.000251
0.000233
0.000246
0.000234
0.000165
0.000110
0.000128
0.000165
0.000142
0.000074
0.000012
-0.000038
-0.000097
-0.000168
-0.000193
-0.000109
0.000038
0.000119
0.000087
-0.000008
-0.000115
-0.000190
-0.000219
-0.000229
-0.000240
-0.000208
-0.000097
0.000002
-0.000045
-0.000179
-0.000203
-0.000076
0.000050
0.000088
0.000129
0.000224
0.000247
0.000121
-0.000016
-0.000019
0.000058
0.000071
-0.000004
-0.000075
-0.000103
-0.000102
-0.000069
-0.000032
-0.000031
-0.000067
-0.000119
-0.000143
-0.000125
-0.000108
-0.000082
0.000014
0.000161
0.000270
0.000283
0.000199
0.000076
-0.000015
-0.000044
-0.000019
0.000027
0.000071
0.000101
0.000095
0.000062
0.000045
0.000085
0.000144
0.000123
0.000008
-0.000122
-0.000229
-0.000296
-0.000295
-0.000262
-0.000244
-0.000208
-0.000133
-0.000041
0.000071
0.000171
0.000212
0.000230
0.000244
0.000201
0.000113
0.000060
0.000050
0.000053
0.000069
0.000084
0.000070
0.000031
-0.000029
-0.000122
-0.000227
-0.000295
-0.000308
-0.000259
-0.000133
0.000023
0.000112
0.000083
-0.000000
-0.000004
0.000111
0.000227
0.000241
0.000181
0.000119
0.000071
0.000034
0.000023
0.000028
0.000031
0.000017
-0.000014
-0.000040
-0.000069
-0.000123
-0.000168
-0.000155
-0.000100
-0.000036
0.000017
0.000021
-0.000015
-0.000021
-0.000005
-0.000015
-0.000020
-0.000004
-0.000005
0.000005
0.000072
0.000139
0.000125
0.000043
-0.000028
-0.000046
-0.000048
-0.000082
-0.000143
-0.000196
-0.000179
-0.000024
0.000224
0.000434
0.000527
0.000498
0.000378
0.000215
0.000082
0.000014
-0.000060
-0.000198
-0.000357
-0.000477
-0.000529
-0.000508
-0.000443
-0.000352
-0.000233
-0.000139
-0.000131
-0.000167
-0.000148
-0.000042
0.000087
0.000171
0.000193
0.000151
0.000071
0.000040
0.000120
0.000255
0.000317
0.000275
0.000246
0.000296
0.000326
0.000271
0.000190
0.000088
-0.000067
-0.000179
-0.000164
-0.000125
-0.000156
-0.000188
-0.000152
-0.000092
-0.000046
0.000007
0.000040
0.000003
-0.000057
-0.000074
-0.000036
0.000043
0.000098
0.000088
0.000088
0.000137
0.000156
0.000113
0.000087
0.000096
0.000067
-0.000021
-0.000094
-0.000111
-0.000099
-0.000083
-0.000099
-0.000175
-0.000223
-0.000189
-0.000159
-0.000169
-0.000166
-0.000143
-0.000117
-0.000058
0.000064
0.000207
0.000290
0.000278
0.000216
0.000169
0.000170
0.000224
0.000275
0.000223
0.000086
-0.000007
-0.000055
-0.000157
-0.000271
-0.000285
-0.000225
-0.000187
-0.000178
-0.000170
-0.000168
-0.000152
-0.000076
0.000033
0.000102
0.000136
0.000194
0.000273
0.000320
0.000298
0.000228
0.000168
0.000127
0.000052
-0.000068
-0.000182
-0.000250
-0.000271
-0.000285
-0.000304
-0.000258
-0.000140
-0.000063
-0.000049
-0.000006
0.000101
0.000226
0.000305
0.000282
0.000180
0.000100
0.000063
0.000014
-0.000035
-0.000032
0.000020
0.000085
0.000132
0.000100
-0.000032
-0.000198
-0.000339
-0.000406
-0.000324
-0.000133
-0.000003
0.000009
0.000000
0.000044
0.000108
0.000133
0.000127
0.000119
0.000094
0.000051
0.000042
0.000107
0.000193
0.000160
-0.000064
-0.000319
-0.000399
-0.000339
-0.000293
-0.000276
-0.000224
-0.000117
0.000010
0.000106
0.000173
0.000216
0.000192
0.000148
0.000220
0.000381
0.000446
0.000364
0.000262
0.000221
0.000210
0.000202
0.000200
0.000153
0.000040
-0.000062
-0.000116
-0.000159
-0.000202
-0.000247
-0.000301
-0.000333
-0.000333
-0.000327
-0.000300
-0.000241
-0.000207
-0.000215
-0.000155
0.000046
0.000248
0.000290
0.000229
0.000181
0.000142
0.000093
0.000063
0.000039
-0.000005
-0.000036
-0.000047
-0.000076
-0.000083
-0.000021
0.000031
0.000024
0.000023
0.000020
-0.000054
-0.000145
-0.000172
-0.000160
-0.000152
-0.000129
-0.000051
0.000078
0.000215
0.000292
0.000267
0.000177
0.000098
0.000064
0.000035
-0.000029
-0.000082
-0.000066
-0.000009
0.000046
0.000076
0.000064
0.000018
-0.000031
-0.000067
-0.000085
-0.000089
-0.000098
-0.000105
-0.000082
-0.000036
-0.000019
-0.000062
-0.000111
-0.000103
-0.000034
0.000072
0.000177
0.000236
0.000237
0.000214
0.000160
0.000048
-0.000075
-0.000137
-0.000131
-0.000106
-0.000091
-0.000063
-0.000026
-0.000032
-0.000074
-0.000084
-0.000043
-0.000001
-0.000014
-0.000068
-0.000079
-0.000020
0.000000
-0.000059
-0.000076
0.000010
0.000118
0.000190
0.000215
0.000189
0.000143
0.000096
0.000027
-0.000070
-0.000151
-0.000162
-0.000092
0.000002
0.000036
0.000034
0.000071
0.000110
0.000078
0.000008
-0.000013
0.000017
0.000011
-0.000067
-0.000155
-0.000193
-0.000182
-0.000140
-0.000077
0.000004
0.000083
0.000129
0.000144
0.000157
0.000178
0.000208
0.000209
0.000119
-0.000033
-0.000159
-0.000217
-0.000166
0.000001
0.000165
0.000234
0.000241
0.000226
0.000175
0.000091
-0.000007
-0.000114
-0.000235
-0.000333
-0.000347
-0.000295
-0.000259
-0.000265
-0.000288
-0.000327
-0.000357
-0.000325
-0.000213
-0.000056
0.000076
0.000122
0.000125
0.000181
0.000265
0.000289
0.000246
0.000204
0.000205
0.000218
0.000218
0.000213
0.000189
0.000137
0.000074
0.000027
0.000018
0.000020
-0.000053
-0.000190
-0.000237
-0.000137
-0.000031
-0.000018
-0.000030
0.000017
0.000095
0.000126
0.000111
0.000112
0.000112
0.000026
-0.000111
-0.000155
-0.000065
0.000043
0.000066
0.000056
0.000108
0.000174
0.000135
0.000004
-0.000089
-0.000107
-0.000129
-0.000166
-0.000141
-0.000078
-0.000071
-0.000086
-0.000051
-0.000033
-0.000093
-0.000157
-0.000144
-0.000064
0.000015
0.000027
-0.000008
-0.000015
0.000025
0.000081
0.000133
0.000158
0.000147
0.000124
0.000100
0.000084
0.000098
0.000132
0.000113
0.000016
-0.000087
-0.000129
-0.000124
-0.000119
-0.000132
-0.000134
-0.000094
-0.000048
-0.000051
-0.000083
-0.000041
0.000099
0.000195
0.000154
0.000092
0.000121
0.000193
0.000218
0.000176
0.000115
0.000068
0.000021
-0.000026
-0.000047
-0.000079
-0.000191
-0.000334
-0.000357
-0.000235
-0.000117
-0.000072
-0.000033
0.000018
0.000020
-0.000037
-0.000076
-0.000039
0.000037
0.000076
0.000057
0.000019
0.000001
0.000016
0.000046
0.000057
0.000048
0.000043
0.000040
0.000023
0.000019
0.000040
0.000032
-0.000035
-0.000100
-0.000103
-0.000052
0.000019
0.000099
0.000158
0.000144
0.000058
-0.000007
0.000041
0.000148
0.000074
-0.000244
-0.000482
-0.000426
-0.000287
-0.000241
-0.000200
-0.000104
-0.000013
0.000048
0.000113
0.000174
0.000218
0.000272
0.000316
0.000313
0.000299
0.000332
0.000403
