5760
-0.000196
-0.000140
-0.000194
-0.000240
-0.000168
-0.000032
0.000029
0.000025
0.000085
0.000206
0.000238
0.000147
0.000051
0.000048
0.000131
0.000234
0.000298
0.000274
0.000158
0.000044
0.000009
0.000009
-0.000006
-0.000029
-0.000053
-0.000077
-0.000073
-0.000033
0.000005
0.000025
0.000056
0.000070
0.000015
-0.000044
-0.000000
0.000089
0.000083
0.000001
-0.000038
-0.000019
0.000002
-0.000004
-0.000015
0.000009
0.000054
0.000072
0.000066
0.000047
0.000020
-0.000002
-0.000021
-0.000059
-0.000099
-0.000107
-0.000079
-0.000063
-0.000101
-0.000150
-0.000140
-0.000096
-0.000075
-0.000072
-0.000052
-0.000032
-0.000039
-0.000032
0.000020
0.000071
0.000079
0.000087
0.000106
0.000059
-0.000032
-0.000020
0.000111
0.000203
0.000194
0.000157
0.000113
0.000039
-0.000014
-0.000009
-0.000013
-0.000046
-0.000046
-0.000006
-0.000008
-0.000082
-0.000123
-0.000058
0.000016
0.000013
-0.000005
-0.000001
-0.000031
-0.000084
-0.000072
0.000006
0.000052
0.000001
-0.000089
-0.000108
-0.000066
-0.000049
-0.000041
0.000004
0.000054
0.000087
0.000123
0.000132
0.000073
0.000007
0.000039
0.000135
0.000143
0.000037
-0.000059
-0.000085
-0.000096
-0.000128
-0.000147
-0.000116
-0.000061
-0.000054
-0.000083
-0.000041
0.000080
0.000148
0.000114
0.000078
0.000078
0.000058
0.000021
-0.000009
-0.000055
-0.000110
-0.000153
-0.000189
-0.000161
-0.000017
0.000163
0.000214
0.000065
-0.000158
-0.000262
-0.000231
-0.000183
-0.000163
-0.000134
-0.000087
-0.000036
0.000053
0.000177
0.000242
0.000219
0.000226
0.000331
0.000417
0.000368
0.000269
0.000230
0.000184
0.000077
0.000004
0.000017
0.000056
0.000072
0.000034
-0.000065
-0.000146
-0.000154
-0.000157
-0.000213
-0.000264
-0.000263
-0.000254
-0.000283
-0.000303
-0.000239
-0.000128
-0.000047
0.000041
0.000207
0.000356
0.000311
0.000110
-0.000015
-0.000007
-0.000028
-0.000118
-0.000153
-0.000100
-0.000039
-0.000026
-0.000059
-0.000068
-0.000010
0.000049
0.000043
-0.000019
-0.000096
-0.000131
-0.000097
-0.000042
-0.000016
0.000010
0.000072
0.000153
0.000207
0.000198
0.000136
0.000098
0.000117
0.000108
0.000033
-0.000034
-0.000043
-0.000015
0.000024
0.000034
0.000008
-0.000001
0.000019
0.000007
-0.000039
-0.000068
-0.000079
-0.000090
-0.000103
-0.000114
-0.000113
-0.000087
-0.000019
0.000062
0.000105
0.000122
0.000113
0.000045
-0.000030
-0.000056
-0.000055
-0.000016
0.000077
0.000120
0.000010
-0.000150
-0.000181
-0.000080
0.000011
0.000015
-0.000031
-0.000050
-0.000001
0.000086
0.000131
0.000097
0.000015
-0.000067
-0.000125
-0.000128
-0.000090
-0.000098
-0.000173
-0.000200
-0.000104
0.000049
0.000166
0.000216
0.000234
0.000279
0.000335
0.000323
0.000218
0.000089
-0.000000
-0.000071
-0.000140
-0.000147
-0.000092
-0.000074
-0.000122
-0.000148
-0.000137
-0.000159
-0.000183
-0.000120
-0.000022
-0.000010
-0.000051
-0.000012
0.000111
0.000186
0.000153
0.000101
0.000101
0.000104
0.000052
-0.000023
-0.000052
-0.000032
-0.000051
-0.000138
-0.000110
0.000137
0.000377
0.000393
0.000291
0.000239
0.000199
0.000086
-0.000043
-0.000132
-0.000220
-0.000299
-0.000306
-0.000290
-0.000333
-0.000391
-0.000370
-0.000274
-0.000197
-0.000191
-0.000212
-0.000213
-0.000144
0.000022
0.000199
0.000272
0.000263
0.000253
0.000243
0.000215
0.000191
0.000182
0.000183
0.000167
0.000105
0.000034
0.000023
0.000025
-0.000054
-0.000147
-0.000104
0.000007
-0.000007
-0.000109
-0.000090
0.000065
0.000154
0.000109
0.000070
0.000080
0.000041
-0.000030
-0.000025
0.000020
-0.000001
-0.000029
0.000038
0.000111
0.000073
-0.000008
-0.000004
0.000049
0.000034
-0.000063
-0.000168
-0.000221
-0.000212
-0.000166
-0.000110
-0.000059
-0.000014
0.000045
0.000113
0.000137
0.000087
0.000015
-0.000013
0.000008
0.000039
0.000042
0.000018
-0.000013
-0.000047
-0.000068
-0.000062
-0.000046
-0.000041
-0.000045
-0.000054
-0.000034
0.000030
0.000080
0.000063
0.000022
0.000032
0.000093
0.000141
0.000129
0.000078
0.000039
-0.000004
-0.000088
-0.000150
-0.000114
-0.000034
0.000012
0.000031
0.000053
0.000076
0.000100
0.000097
0.000044
-0.000015
-0.000018
0.000022
0.000026
-0.000024
-0.000044
-0.000000
0.000023
-0.000060
-0.000199
-0.000248
-0.000164
-0.000039
0.000037
0.000053
0.000052
0.000060
0.000054
0.000015
-0.000028
-0.000035
-0.000003
0.000044
0.000071
0.000054
0.000023
0.000025
0.000055
0.000066
0.000039
0.000011
0.000010
0.000003
-0.000034
-0.000057
-0.000044
-0.000032
-0.000013
0.000036
0.000039
-0.000067
-0.000174
-0.000167
-0.000101
-0.000029
0.000096
0.000176
0.000016
-0.000263
-0.000350
-0.000257
-0.000201
-0.000176
-0.000070
0.000075
0.000163
0.000188
0.000204
0.000244
0.000265
0.000227
0.000190
0.000220
0.000286
0.000312
0.000259
0.000160
0.000086
0.000072
0.000089
0.000064
-0.000025
-0.000104
-0.000101
-0.000044
-0.000017
-0.000092
-0.000282
-0.000480
-0.000523
-0.000395
-0.000240
-0.000175
-0.000169
-0.000101
0.000060
0.000194
0.000244
0.000293
0.000349
0.000298
0.000143
0.000028
-0.000003
-0.000051
-0.000171
-0.000271
-0.000274
-0.000232
-0.000187
-0.000120
-0.000051
-0.000015
0.000004
0.000025
0.000050
0.000090
0.000139
0.000157
0.000140
0.000124
0.000109
0.000051
-0.000066
-0.000179
-0.000177
-0.000036
0.000117
0.000146
0.000096
0.000110
0.000177
0.000171
0.000081
0.000009
-0.000004
-0.000019
-0.000087
-0.000169
-0.000172
-0.000082
0.000001
0.000016
-0.000010
-0.000034
-0.000009
0.000053
0.000043
-0.000073
-0.000157
-0.000118
-0.000049
-0.000058
-0.000086
-0.000035
0.000055
0.000080
0.000044
0.000056
0.000159
0.000227
0.000115
-0.000065
-0.000069
0.000081
0.000154
0.000064
-0.000079
-0.000144
-0.000081
0.000032
0.000064
-0.000005
-0.000076
-0.000084
-0.000028
0.000052
0.000072
-0.000048
-0.000228
-0.000253
-0.000066
0.000141
0.000204
0.000120
-0.000016
-0.000068
-0.000013
0.000041
0.000055
0.000067
0.000056
0.000011
-0.000011
0.000009
0.000024
0.000016
0.000027
0.000074
0.000082
-0.000000
-0.000083
-0.000072
-0.000014
0.000003
-0.000032
-0.000071
-0.000064
-0.000041
-0.000036
-0.000003
0.000052
0.000031
-0.000075
-0.000169
-0.000206
-0.000149
0.000069
0.000348
0.000467
0.000390
0.000270
0.000197
0.000134
0.000046
-0.000031
-0.000060
-0.000073
-0.000120
-0.000196
-0.000272
-0.000332
-0.000365
-0.000369
-0.000381
-0.000402
-0.000335
-0.000137
0.000051
0.000072
-0.000026
-0.000062
0.000053
0.000235
0.000333
0.000291
0.000211
0.000207
0.000237
0.000207
0.000126
0.000031
-0.000055
-0.000076
-0.000038
-0.000066
-0.000155
-0.000104
0.000117
0.000245
0.000149
0.000038
0.000080
0.000161
0.000142
0.000078
0.000057
0.000007
-0.000101
-0.000107
0.000009
0.000013
-0.000159
-0.000289
-0.000229
-0.000031
0.000163
0.000210
0.000077
-0.000098
-0.000170
-0.000149
-0.000109
-0.000078
-0.000043
0.000015
0.000096
0.000164
0.000167
0.000089
-0.000004
-0.000059
-0.000107
-0.000157
-0.000118
0.000042
0.000179
0.000166
0.000051
-0.000064
-0.000141
-0.000151
-0.000077
0.000026
0.000093
0.000105
0.000068
0.000027
0.000028
0.000049
0.000021
-0.000069
-0.000117
-0.000019
0.000152
0.000193
0.000055
-0.000105
-0.000167
-0.000144
-0.000108
-0.000118
-0.000114
-0.000008
0.000142
0.000218
0.000177
0.000059
-0.000038
-0.000027
0.000051
0.000067
-0.000027
-0.000161
-0.000232
-0.000167
0.000017
0.000169
0.000139
-0.000012
-0.000094
-0.000034
0.000085
0.000158
0.000146
0.000076
0.000016
0.000032
0.000088
0.000085
-0.000015
-0.000180
-0.000306
-0.000237
-0.000015
0.000099
0.000026
-0.000070
-0.000096
-0.000080
-0.000070
-0.000083
-0.000064
0.000025
0.000113
0.000148
0.000150
0.000136
0.000114
0.000099
0.000090
0.000088
0.000084
0.000073
0.000039
-0.000102
-0.000339
-0.000489
-0.000503
-0.000489
-0.000419
-0.000219
-0.000028
0.000027
0.000082
0.000242
0.000382
0.000406
0.000405
0.000448
0.000475
0.000424
0.000315
0.000210
0.000121
0.000039
0.000033
0.000117
0.000148
0.000038
-0.000137
-0.000258
-0.000244
-0.000133
-0.000091
-0.000193
-0.000316
-0.000358
-0.000358
-0.000311
-0.000173
-0.000052
-0.000040
-0.000012
0.000118
0.000215
0.000177
0.000131
0.000198
0.000257
0.000167
0.000029
-0.000011
-0.000032
-0.000154
-0.000280
-0.000282
-0.000225
-0.000206
-0.000212
-0.000203
-0.000168
-0.000109
-0.000043
0.000023
0.000110
0.000200
0.000232
0.000222
0.000253
0.000320
0.000314
0.000206
0.000080
0.000016
0.000042
0.000115
0.000121
-0.000004
-0.000162
-0.000219
-0.000187
-0.000146
-0.000101
-0.000033
0.000040
0.000094
0.000084
0.000011
-0.000049
-0.000072
-0.000113
-0.000164
-0.000163
-0.000116
-0.000063
-0.000010
0.000040
0.000073
0.000063
0.000012
-0.000023
0.000007
0.000056
0.000061
0.000039
0.000024
0.000029
0.000062
0.000089
0.000054
-0.000030
-0.000094
-0.000091
-0.000051
-0.000037
-0.000061
-0.000105
-0.000120
-0.000055
0.000071
0.000175
0.000195
0.000131
0.000053
0.000027
0.000027
-0.000001
-0.000075
-0.000134
-0.000095
0.000010
0.000064
0.000044
0.000019
0.000010
0.000029
0.000099
0.000143
0.000087
0.000004
-0.000022
-0.000001
0.000038
0.000042
-0.000033
-0.000110
-0.000089
-0.000019
-0.000032
-0.000146
-0.000247
-0.000250
-0.000172
-0.000046
0.000107
0.000187
0.000124
0.000050
0.000100
0.000181
0.000141
0.000011
-0.000096
-0.000128
-0.000016
0.000223
0.000394
0.000395
0.000347
0.000327
0.000283
0.000185
0.000066
-0.000045
-0.000142
-0.000238
-0.000350
-0.000462
-0.000516
-0.000485
-0.000421
-0.000380
-0.000355
-0.000321
-0.000259
-0.000172
-0.000072
0.000033
0.000107
0.000134
0.000164
0.000207
0.000211
0.000184
0.000186
0.000204
0.000182
0.000144
0.000137
0.000112
0.000032
-0.000031
-0.000036
-0.000054
-0.000123
-0.000173
-0.000134
-0.000036
0.000026
0.000007
-0.000057
-0.000090
-0.000024
0.000102
0.000146
0.000064
-0.000004
0.000065
0.000199
0.000250
0.000202
0.000141
0.000111
0.000098
0.000106
0.000147
0.000168
0.000104
0.000027
0.000072
0.000180
0.000182
0.000067
-0.000023
-0.000033
-0.000032
-0.000068
-0.000129
-0.000206
-0.000281
-0.000323
-0.000301
-0.000216
-0.000140
-0.000157
-0.000236
-0.000293
-0.000305
-0.000271
-0.000160
-0.000016
0.000039
-0.000008
-0.000031
0.000032
0.000123
0.000205
0.000280
0.000325
0.000320
0.000298
0.000289
0.000270
0.000240
0.000248
0.000270
0.000226
0.000142
0.000107
0.000125
0.000174
0.000229
0.000172
-0.000042
-0.000237
-0.000285
-0.000287
-0.000354
-0.000460
-0.000500
-0.000422
-0.000281
-0.000165
-0.000140
-0.000220
-0.000311
-0.000280
-0.000142
-0.000024
0.000025
0.000039
0.000062
0.000116
0.000145
0.000101
0.000037
0.000000
-0.000039
-0.000140
-0.000350
-0.000638
-0.000843
-0.000778
-0.000403
0.000099
0.000468
0.000552
0.000413
0.000321
0.000486
0.000715
0.000678
0.000452
0.000375
0.000526
0.000733
0.000857
0.000801
0.000524
0.000193
0.000085
0.000256
0.000402
0.000236
-0.000104
-0.000253
-0.000156
-0.000107
-0.000315
-0.000699
-0.001048
-0.001209
-0.001147
-0.000914
-0.000647
-0.000497
-0.000452
-0.000381
-0.000290
-0.000290
-0.000369
-0.000379
-0.000210
0.000118
0.000489
0.000759
0.000818
0.000716
0.000620
0.000598
0.000608
0.000637
0.000683
0.000730
0.000776
0.000790
0.000675
0.000378
0.000010
-0.000280
-0.000463
-0.000537
-0.000496
-0.000443
-0.000471
-0.000494
-0.000437
-0.000435
-0.000633
-0.000915
-0.001011
-0.000857
-0.000678
-0.000643
-0.000589
-0.000258
0.000277
0.000607
0.000467
0.000094
0.000000
0.000380
0.000887
0.001092
0.000932
0.000649
0.000499
0.000518
0.000503
0.000280
-0.000058
-0.000224
-0.000038
0.000347
0.000543
0.000313
-0.000151
-0.000439
-0.000400
-0.000260
-0.000248
-0.000332
-0.000360
-0.000285
-0.000171
-0.000120
-0.000223
-0.000425
-0.000499
-0.000326
-0.000046
0.000121
0.000099
0.000025
0.000066
0.000172
0.000137
-0.000107
-0.000422
-0.000743
-0.001147
-0.001481
-0.001302
-0.000515
0.000332
0.000667
0.000466
0.000080
-0.000128
0.000040
0.000431
0.000614
0.000471
0.000455
0.000905
0.001492
0.001659
0.001296
0.000702
0.000240
0.000217
0.000670
0.001170
0.001239
0.000912
0.000553
0.000300
0.000003
-0.000459
-0.001027
-0.001507
-0.001652
-0.001382
-0.000965
-0.000770
-0.000905
-0.001170
-0.001301
-0.001203
-0.001038
-0.001011
-0.001025
-0.000750
-0.000135
0.000471
0.000764
0.000757
0.000600
0.000483
0.000587
0.000895
0.001188
0.001357
0.001483
0.001593
0.001547
0.001217
0.000633
-0.000046
-0.000589
-0.000806
-0.000746
-0.000599
-0.000441
-0.000289
-0.000208
-0.000209
-0.000275
-0.000459
-0.000730
-0.000839
-0.000607
-0.000205
0.000038
-0.000003
-0.000209
-0.000427
-0.000581
-0.000598
-0.000420
-0.000114
0.000220
0.000569
0.000880
0.000972
0.000744
0.000359
0.000071
-0.000005
0.000055
0.000101
0.000103
0.000169
0.000297
0.000282
0.000002
-0.000359
-0.000536
-0.000471
-0.000260
0.000001
0.000195
0.000196
0.000055
-0.000047
-0.000048
0.000021
0.000156
0.000278
0.000289
0.000278
0.000356
0.000343
-0.000068
-0.000902
-0.001758
-0.002049
-0.001555
-0.000721
-0.000145
0.000045
0.000069
0.000053
0.000014
0.000025
0.000106
0.000176
0.000287
0.000623
0.001175
0.001629
0.001654
0.001193
0.000542
0.000173
0.000341
0.000824
0.001190
0.001280
0.001248
0.001182
0.000959
0.000444
-0.000300
-0.001013
-0.001435
-0.001465
-0.001214
-0.000924
-0.000802
-0.000879
-0.001071
-0.001303
-0.001537
-0.001719
-0.001727
-0.001449
-0.000905
-0.000259
0.000284
0.000547
0.000470
0.000229
0.000154
0.000377
0.000727
0.001068
0.001437
0.001797
0.001970
0.001817
0.001333
0.000635
-0.000029
-0.000357
-0.000243
0.000107
0.000358
0.000300
-0.000006
-0.000338
-0.000592
-0.000796
-0.000928
-0.000899
-0.000701
-0.000443
-0.000271
-0.000264
-0.000393
-0.000582
-0.000756
-0.000799
-0.000580
-0.000122
0.000349
0.000659
0.000833
0.000887
0.000708
0.000313
-0.000033
-0.000135
-0.000049
0.000111
0.000271
0.000338
0.000277
0.000158
0.000022
-0.000135
-0.000260
-0.000258
-0.000098
0.000146
0.000337
0.000368
0.000243
0.000055
-0.000091
-0.000168
-0.000254
-0.000352
-0.000350
-0.000228
-0.000075
0.000061
0.000133
0.000050
-0.000276
-0.000879
-0.001585
-0.001921
-0.001496
-0.000507
0.000413
0.000781
0.000538
0.000008
-0.000265
-0.000015
0.000405
0.000512
0.000380
0.000504
0.001055
0.001631
0.001732
0.001196
0.000278
-0.000389
-0.000232
0.000571
0.001263
0.001450
0.001380
0.001347
0.001300
0.001012
0.000365
-0.000498
-0.001214
-0.001477
-0.001256
-0.000814
-0.000583
-0.000797
-0.001234
-0.001571
-0.001774
-0.001923
-0.001976
-0.001839
-0.001446
-0.000808
-0.000120
0.000288
0.000239
-0.000059
-0.000198
0.000008
0.000397
0.000776
0.001130
0.001497
0.001824
0.001997
0.001883
0.001379
0.000635
0.000098
0.000069
0.000352
0.000573
0.000605
0.000502
0.000278
-0.000062
-0.000480
-0.000904
-0.001151
-0.001043
-0.000660
-0.000282
-0.000107
-0.000151
-0.000315
-0.000513
-0.000700
-0.000816
-0.000780
-0.000536
-0.000103
0.000334
0.000521
0.000396
0.000130
-0.000068
-0.000091
0.000031
0.000171
0.000252
0.000318
0.000408
0.000441
0.000318
0.000057
-0.000191
-0.000278
-0.000176
0.000053
0.000327
0.000537
0.000577
0.000465
0.000328
0.000195
-0.000014
-0.000245
-0.000302
-0.000133
0.000098
0.000228
0.000180
-0.000045
-0.000308
-0.000447
-0.000531
-0.000766
-0.001224
-0.001770
-0.002043
-0.001639
-0.000611
0.000397
0.000752
0.000435
-0.000023
-0.000074
0.000333
0.000664
0.000457
0.000035
0.000157
0.000996
0.001905
0.002155
0.001577
0.000621
0.000008
0.000106
0.000558
0.000777
0.000706
0.000756
0.001129
0.001518
0.001435
0.000667
-0.000542
-0.001561
-0.001781
-0.001263
-0.000693
-0.000509
-0.000501
-0.000410
-0.000410
-0.000824
-0.001627
-0.002383
-0.002576
-0.002001
-0.000943
0.000001
0.000387
0.000245
-0.000009
-0.000074
-0.000104
-0.000362
-0.000692
-0.000565
0.000327
0.001671
0.002752
0.003008
0.002371
0.001309
0.000492
0.000130
-0.000118
-0.000405
-0.000379
0.000210
0.001013
0.001347
0.000779
-0.000505
-0.001757
-0.002240
-0.001880
-0.001264
-0.001394
-0.002916
-0.004201
-0.001906
0.004205
0.008947
0.007502
0.002210
-0.000049
0.003008
0.005889
0.002919
-0.003738
-0.007046
-0.004556
-0.001229
-0.002573
-0.007515
-0.010028
-0.006962
-0.001641
0.000923
0.000034
-0.000823
0.001081
0.004301
0.005274
0.003295
0.001679
0.003264
0.006598
0.007997
0.006144
0.003163
0.001589
0.001497
0.001007
-0.000852
-0.002654
-0.002572
-0.001155
-0.000727
-0.002236
-0.004415
-0.006650
-0.010851
-0.017801
-0.022245
-0.016710
-0.002642
0.008236
0.008712
0.006011
0.009915
0.017314
0.017740
0.009566
0.001677
0.001897
0.009961
0.019033
0.020768
0.012787
0.002195
-0.003211
-0.005339
-0.010547
-0.017622
-0.019979
-0.016629
-0.012050
-0.008291
-0.005372
-0.005919
-0.011272
-0.016306
-0.015089
-0.008419
-0.000965
0.004928
0.009111
0.012025
0.015322
0.019278
0.019731
0.013690
0.006395
0.005458
0.010089
0.013222
0.011486
0.006822
0.001521
-0.003201
-0.006673
-0.009935
-0.014587
-0.019225
-0.020225
-0.016585
-0.011209
-0.007449
-0.006404
-0.006953
-0.006808
-0.003934
0.001675
0.007402
0.010338
0.010953
0.012730
0.016747
0.019188
0.016469
0.010232
0.004859
0.002277
0.001100
-0.000814
-0.004210
-0.007981
-0.010396
-0.010872
-0.010424
-0.010538
-0.011527
-0.011777
-0.009353
-0.004521
0.000226
0.002807
0.003467
0.004077
0.005871
0.007955
0.008460
0.007108
0.005661
0.005563
0.006233
0.006062
0.004316
0.001683
-0.000583
-0.001727
-0.001942
-0.002068
-0.002833
-0.004094
-0.004889
-0.004603
-0.003899
-0.003986
-0.004960
-0.005489
-0.004452
-0.002345
-0.000536
0.000275
0.000266
0.000067
0.000489
0.001719
0.002956
0.003644
0.003965
0.003266
-0.000902
-0.010314
-0.020142
-0.018306
-0.000837
0.015652
0.015504
0.011027
0.020424
0.031868
0.024691
0.007946
0.001602
0.002003
-0.002450
-0.006228
-0.002027
0.001406
-0.006049
-0.019052
-0.025367
-0.023255
-0.021949
-0.025883
-0.027548
-0.020041
-0.006949
0.004505
0.010996
0.012901
0.013467
0.015490
0.017164
0.017044
0.018299
0.021004
0.020055
0.016228
0.016195
0.018144
0.012081
-0.002724
-0.014734
-0.017655
-0.017909
-0.020903
-0.022870
-0.020823
-0.017993
-0.015991
-0.012914
-0.009474
-0.007709
-0.006394
-0.003138
0.003271
0.012743
0.021538
0.024549
0.022993
0.022333
0.022089
0.016961
0.007350
-0.000118
-0.002387
-0.002959
-0.004650
-0.006203
-0.007276
-0.010194
-0.015158
-0.018857
-0.018875
-0.016641
-0.014806
-0.012307
-0.005586
0.003788
0.009377
0.009967
0.010530
0.012554
0.013047
0.011715
0.010939
0.011032
0.010397
0.008343
0.005668
0.002902
-0.001020
-0.006606
-0.011432
-0.012933
-0.011934
-0.010740
-0.009737
-0.007811
-0.004785
-0.002140
-0.001067
-0.000749
0.000114
0.001397
0.002710
0.004438
0.006386
0.007375
0.007018
0.006311
0.005934
0.005142
0.003251
0.001365
0.000843
0.000829
-0.000076
-0.001253
-0.002007
-0.003439
-0.006076
-0.008431
-0.009143
-0.008433
-0.007572
-0.009134
-0.016519
-0.026822
-0.025343
-0.003305
0.020558
0.023747
0.018590
0.029281
0.044958
0.040060
0.021549
0.012173
0.009215
-0.001455
-0.012157
-0.008782
-0.001813
-0.010621
-0.029025
-0.035089
-0.027380
-0.024546
-0.032458
-0.036338
-0.026356
-0.010632
0.001382
0.011589
0.022309
0.027866
0.026252
0.024800
0.027208
0.028233
0.023902
0.016886
0.012364
0.013102
0.015127
0.009572
-0.005046
-0.018457
-0.023658
-0.026317
-0.031243
-0.032826
-0.028015
-0.023152
-0.019865
-0.011558
0.000663
0.006744
0.005292
0.005733
0.012580
0.020746
0.025087
0.025731
0.025228
0.024780
0.023027
0.018022
0.009934
0.000314
-0.009928
-0.019003
-0.023401
-0.022597
-0.021230
-0.023036
-0.025695
-0.024478
-0.019324
-0.013123
-0.004388
0.007523
0.015485
0.017413
0.022156
0.030731
0.032677
0.025074
0.015059
0.008303
0.005563
0.002530
-0.005020
-0.012889
-0.015891
-0.017273
-0.019227
-0.018070
-0.014532
-0.013136
-0.012419
-0.007423
0.001532
0.008472
0.009487
0.008284
0.009939
0.012164
0.010276
0.005804
0.002621
0.000725
-0.000928
-0.001435
-0.000517
0.000165
-0.000579
-0.001760
-0.001352
0.000980
0.002665
0.001470
-0.000710
-0.000732
0.000457
-0.000375
-0.003297
-0.005623
-0.006441
-0.007234
-0.008346
-0.007886
-0.004912
-0.000870
0.002900
0.005518
0.002801
-0.009671
-0.022450
-0.015633
0.008195
0.020027
0.012902
0.015098
0.035600
0.045351
0.030083
0.012145
0.006627
0.000203
-0.014878
-0.023145
-0.016147
-0.010657
-0.020049
-0.030626
-0.025255
-0.013005
-0.014333
-0.027237
-0.030387
-0.017267
-0.003178
0.004074
0.013681
0.027744
0.035172
0.033447
0.031788
0.032131
0.027251
0.015640
0.004178
-0.000931
0.000430
0.001698
-0.004666
-0.015817
-0.020712
-0.018707
-0.021125
-0.029329
-0.031596
-0.025562
-0.020409
-0.016025
-0.004189
0.011348
0.018524
0.017442
0.018515
0.024093
0.026551
0.022003
0.015469
0.012816
0.013278
0.011671
0.006245
0.000278
-0.004918
-0.011981
-0.020192
-0.024500
-0.024378
-0.024534
-0.025377
-0.022473
-0.015725
-0.008902
-0.002228
0.004734
0.010522
0.017929
0.028598
0.034595
0.031531
0.026481
0.022694
0.015964
0.006108
-0.003860
-0.012364
-0.018063
-0.021597
-0.024035
-0.023386
-0.020242
-0.018379
-0.016111
-0.009532
-0.001123
0.004858
0.008526
0.011866
0.015664
0.018363
0.017260
0.012695
0.007679
0.003244
-0.001119
-0.004448
-0.005780
-0.006004
-0.006018
-0.005255
-0.003127
-0.000553
0.000779
0.000433
-0.000017
0.000883
0.002002
0.001404
-0.000306
-0.001512
-0.002578
-0.004069
-0.004971
-0.005008
-0.005138
-0.004894
-0.002761
0.001092
0.004906
0.007056
0.005406
-0.003945
-0.018961
-0.023313
-0.006745
0.010890
0.010138
0.009019
0.027197
0.044514
0.037646
0.020424
0.013179
0.008440
-0.006448
-0.021918
-0.023770
-0.018490
-0.020838
-0.028250
-0.026359
-0.014387
-0.008323
-0.016746
-0.026058
-0.020475
-0.006699
0.000281
0.004370
0.016656
0.030949
0.035887
0.035246
0.036071
0.033771
0.023136
0.008900
-0.002175
-0.008184
-0.010298
-0.012503
-0.017965
-0.021444
-0.016914
-0.011974
-0.016722
-0.024021
-0.022140
-0.016006
-0.014434
-0.011448
0.000120
0.012835
0.018290
0.020917
0.026695
0.031414
0.028445
0.019160
0.010402
0.005940
0.003021
-0.002556
-0.009112
-0.011622
-0.011166
-0.013311
-0.017557
-0.018918
-0.018128
-0.019063
-0.019749
-0.016542
-0.011313
-0.006113
0.000845
0.010202
0.021428
0.033121
0.038831
0.034938
0.028099
0.022336
0.013236
0.000508
-0.010891
-0.018598
-0.022104
-0.022707
-0.023202
-0.022518
-0.019041
-0.015950
-0.013935
-0.008821
-0.000881
0.005417
0.009609
0.014448
0.020077
0.022987
0.020137
0.013304
0.006714
0.001207
-0.004590
-0.009494
-0.011243
-0.010219
-0.008027
-0.004948
-0.001122
0.002055
0.003297
0.002788
0.001839
0.001693
0.001832
0.000565
-0.001555
-0.002219
-0.001696
-0.002165
-0.003703
-0.004787
-0.004813
-0.004070
-0.002786
-0.000727
0.002203
0.004910
0.004560
-0.003445
-0.018015
-0.023133
-0.007099
0.010903
0.009717
0.007132
0.025439
0.044939
0.039240
0.021517
0.015430
0.013901
-0.000458
-0.020405
-0.027868
-0.024802
-0.025779
-0.031265
-0.029005
-0.016751
-0.008155
-0.013224
-0.021310
-0.015598
-0.000903
0.004653
0.002442
0.009179
0.024907
0.034702
0.035604
0.035953
0.035721
0.028299
0.014545
0.001008
-0.008833
-0.014879
-0.019496
-0.025564
-0.028986
-0.022835
-0.013323
-0.013288
-0.018600
-0.015147
-0.005950
-0.004565
-0.008260
-0.003824
0.007865
0.015713
0.018710
0.023666
0.029876
0.030366
0.023593
0.014912
0.008743
0.003404
-0.005495
-0.016472
-0.021852
-0.019589
-0.017150
-0.018548
-0.018409
-0.013781
-0.009692
-0.009164
-0.009351
-0.008978
-0.007829
-0.001238
0.012041
0.023869
0.029501
0.032928
0.034862
0.031549
0.022687
0.009793
-0.004768
-0.016302
-0.023105
-0.026852
-0.027253
-0.024340
-0.020158
-0.014718
-0.008015
-0.002783
0.000071
0.002509
0.005630
0.009643
0.013928
0.016210
0.015580
0.013784
0.011625
0.007825
0.001831
-0.004784
-0.009820
-0.012247
-0.012180
-0.009912
-0.005937
-0.001477
0.002145
0.004715
0.006641
0.007247
0.005527
0.002451
-0.000139
-0.002024
-0.003808
-0.005512
-0.006701
-0.006383
-0.004227
-0.001923
-0.000683
0.000475
0.001957
0.003125
0.004359
0.003833
-0.005048
-0.022044
-0.029158
-0.012567
0.009105
0.011656
0.008543
0.024297
0.045432
0.044102
0.026866
0.018121
0.016645
0.004160
-0.018079
-0.031322
-0.030136
-0.027194
-0.029734
-0.029762
-0.020563
-0.010463
-0.011190
-0.017551
-0.013605
-0.000083
0.005750
0.001207
0.003094
0.017801
0.032143
0.036531
0.035556
0.034293
0.030483
0.021203
0.007721
-0.005532
-0.014157
-0.019396
-0.026715
-0.033603
-0.030158
-0.018303
-0.012431
-0.014566
-0.011637
-0.001850
0.001709
-0.003417
-0.004381
0.003969
0.012200
0.014199
0.015338
0.020686
0.026836
0.027734
0.022423
0.015015
0.008250
-0.000377
-0.012433
-0.022174
-0.024066
-0.022196
-0.022817
-0.023316
-0.018244
-0.009911
-0.004638
-0.003488
-0.002056
0.002724
0.008384
0.011439
0.014113
0.020176
0.026434
0.026953
0.022223
0.016542
0.010623
0.002015
-0.009584
-0.019908
-0.024529
-0.024882
-0.024791
-0.022749
-0.015286
-0.005122
0.001857
0.004958
0.007976
0.012003
0.013846
0.011873
0.009044
0.007922
0.006660
0.003112
-0.000850
-0.002550
-0.002936
-0.004475
-0.006687
-0.006925
-0.004606
-0.001914
-0.000426
0.000891
0.003443
0.005972
0.005990
0.003937
0.002499
0.001876
-0.000147
-0.003799
-0.006778
-0.007579
-0.006937
-0.006142
-0.004903
-0.002049
0.001601
0.003896
0.004945
0.005756
0.003078
-0.008332
-0.023623
-0.026003
-0.010057
0.005236
0.006680
0.009582
0.027288
0.044447
0.043234
0.031582
0.025345
0.020937
0.005239
-0.018318
-0.033285
-0.034772
-0.033156
-0.034945
-0.034075
-0.024795
-0.013283
-0.008702
-0.008018
-0.002048
0.006408
0.006879
0.001295
0.002222
0.013117
0.024656
0.029155
0.028755
0.029100
0.030533
0.027764
0.017282
0.003171
-0.007806
-0.016253
-0.027217
-0.037013
-0.036144
-0.026551
-0.019930
-0.018025
-0.011870
-0.000581
0.006396
0.005918
0.005203
0.008499
0.011329
0.009954
0.008172
0.011358
0.018319
0.022583
0.020771
0.016438
0.013549
0.009671
0.000768
-0.010765
-0.019437
-0.024715
-0.029189
-0.031832
-0.029030
-0.020551
-0.010497
-0.002483
0.004000
0.011108
0.018226
0.022413
0.022294
0.019919
0.017988
0.015682
0.010797
0.005120
0.001577
-0.001324
-0.006195
-0.011801
-0.015208
-0.015833
-0.015511
-0.015229
-0.013236
-0.008208
-0.002215
0.002486
0.006575
0.010804
0.013479
0.012820
0.009302
0.004934
0.001132
-0.002381
-0.006010
-0.008535
-0.008388
-0.005839
-0.002605
0.000394
0.003637
0.007029
0.008981
0.008492
0.006582
0.004537
0.002098
-0.001316
-0.004639
-0.006304
-0.006605
-0.006806
-0.006731
-0.005450
-0.003428
-0.001865
-0.000954
-0.000086
0.001263
0.002462
0.000344
-0.007843
-0.017532
-0.018947
-0.010117
0.000236
0.006473
0.012817
0.023001
0.032799
0.036602
0.034671
0.030096
0.022584
0.009741
-0.006826
-0.020937
-0.028469
-0.031667
-0.034385
-0.035568
-0.031700
-0.023618
-0.015473
-0.008492
-0.001412
0.004575
0.006943
0.006713
0.007861
0.012340
0.018003
0.021363
0.021659
0.021640
0.023418
0.024566
0.020976
0.012861
0.003872
-0.004952
-0.014930
-0.024317
-0.029218
-0.029499
-0.028355
-0.026529
-0.021697
-0.013205
-0.003714
0.003870
0.008893
0.012330
0.014786
0.015742
0.015036
0.014117
0.014254
0.014301
0.012519
0.009856
0.008522
0.008049
0.005731
0.000424
-0.006337
-0.012652
-0.018070
-0.022785
-0.026042
-0.026408
-0.023296
-0.017325
-0.009275
0.000581
0.011293
0.020194
0.025116
0.026598
0.025857
0.022601
0.016421
0.008461
0.000860
-0.005061
-0.009652
-0.013242
-0.014818
-0.013877
-0.011807
-0.010011
-0.008266
-0.005768
-0.002730
-0.000172
0.001583
0.003304
0.005424
0.007147
0.007564
0.006817
0.005500
0.003612
0.000910
-0.002048
-0.004203
-0.005246
-0.005580
-0.005200
-0.003574
-0.000608
0.002864
0.005713
0.007419
0.008050
0.007549
0.005674
0.002617
-0.000893
-0.004113
-0.006694
-0.008637
-0.009784
-0.009528
-0.007521
-0.004365
-0.001145
0.001165
0.001407
-0.001491
-0.006430
-0.009550
-0.008106
-0.003440
0.001848
0.007296
0.013666
0.020627
0.026464
0.029602
0.029409
0.025249
0.016595
0.004645
-0.007778
-0.018134
-0.025705
-0.031259
-0.034828
-0.034813
-0.030178
-0.022061
-0.012628
-0.003708
0.003508
0.008644
0.012003
0.014154
0.015623
0.016456
0.016170
0.014783
0.013436
0.013316
0.014106
0.014034
0.011822
0.007898
0.003017
-0.002851
-0.009390
-0.015380
-0.020016
-0.023420
-0.025448
-0.025074
-0.021444
-0.015059
-0.007519
-0.000195
0.006529
0.012665
0.017695
0.020747
0.021515
0.020389
0.017705
0.013623
0.008800
0.004303
0.000650
-0.002477
-0.005548
-0.008493
-0.010772
-0.012134
-0.013016
-0.013840
-0.014337
-0.014014
-0.012629
-0.009758
-0.005064
0.000723
0.006478
0.011733
0.016153
0.019179
0.020238
0.018699
0.014629
0.009122
0.003049
-0.003112
-0.008472
-0.012275
-0.014395
-0.014746
-0.013181
-0.009925
-0.005705
-0.001526
0.001859
0.004240
0.005652
0.006115
0.005660
0.004360
0.002441
0.000399
-0.001264
-0.002316
-0.002701
-0.002450
-0.001748
-0.000877
-0.000015
0.000913
0.001989
0.002912
0.003324
0.003312
0.003150
0.002884
0.002326
0.001249
-0.000244
-0.001776
-0.003289
-0.004808
-0.005823
-0.005889
-0.005223
-0.004210
-0.003355
-0.003704
-0.005779
-0.007903
-0.007467
-0.004165
0.000195
0.004632
0.009330
0.014093
0.018314
0.021424
0.022821
0.021904
0.018116
0.011481
0.003193
-0.005154
-0.012723
-0.019427
-0.025027
-0.028485
-0.028632
-0.025368
-0.019580
-0.012388
-0.004974
0.001690
0.007252
0.011650
0.014701
0.016297
0.016413
0.014978
0.012438
0.009983
0.008463
0.007484
0.006179
0.004447
0.002698
0.000807
-0.001635
-0.004498
-0.007493
-0.010686
-0.013890
-0.016284
-0.017052
-0.015962
-0.013303
-0.009553
-0.005017
0.000256
0.005985
0.011339
0.015475
0.018128
0.019244
0.018434
0.015535
0.011357
0.006911
0.002281
-0.002840
-0.007997
-0.012176
-0.014845
-0.016101
-0.016025
-0.014716
-0.012512
-0.009357
-0.004930
0.000099
0.004484
0.007828
0.010254
0.011740
0.012346
0.011983
0.010492
0.008298
0.005754
0.002700
-0.000514
-0.003140
-0.005083
-0.006563
-0.007514
-0.007761
-0.007116
-0.005621
-0.003770
-0.001943
-0.000101
0.001655
0.002903
0.003411
0.003356
0.002970
0.002218
0.001007
-0.000419
-0.001626
-0.002388
-0.002657
-0.002392
-0.001608
-0.000445
0.000829
0.001944
0.002866
0.003648
0.004078
0.003827
0.002864
0.001503
0.000124
-0.001190
-0.002606
-0.003989
-0.004908
-0.005404
-0.006113
-0.007487
-0.009044
-0.009376
-0.007486
-0.003924
0.000318
0.005028
0.009861
0.013894
0.016643
0.018188
0.018500
0.017197
0.013852
0.008751
0.002908
-0.002923
-0.008526
-0.013721
-0.018104
-0.020987
-0.021739
-0.020324
-0.017093
-0.012486
-0.007207
-0.001966
0.002939
0.007388
0.011118
0.013680
0.014590
0.013875
0.012251
0.010380
0.008322
0.005953
0.003441
0.001151
-0.000740
-0.002309
-0.003572
-0.004475
-0.005248
-0.006181
-0.007110
-0.007665
-0.007784
-0.007657
-0.007414
-0.006889
-0.005667
-0.003504
-0.000591
0.002621
0.005730
0.008589
0.011066
0.012749
0.013253
0.012542
0.010637
0.007494
0.003417
-0.000972
-0.005291
-0.009315
-0.012524
-0.014412
-0.014938
-0.014132
-0.011880
-0.008363
-0.004092
0.000409
0.004655
0.008334
0.011194
0.012785
0.012869
0.011680
0.009468
0.006454
0.003004
-0.000565
-0.003811
-0.006138
-0.007398
-0.007809
-0.007374
-0.006095
-0.004243
-0.002094
0.000072
0.001848
0.003019
0.003674
0.003812
0.003255
0.002082
0.000691
-0.000689
-0.002031
-0.003084
-0.003511
-0.003292
-0.002626
-0.001700
-0.000639
0.000555
0.001871
0.003028
0.003704
0.003941
0.003934
0.003591
0.002683
0.001301
-0.000239
-0.001891
-0.003974
-0.006689
-0.009487
-0.011100
-0.010596
-0.008193
-0.004650
-0.000416
0.004149
0.008422
0.011936
0.014700
0.016630
0.017035
0.015287
0.011770
0.007411
0.002639
-0.002525
-0.007865
-0.012894
-0.016894
-0.019020
-0.018817
-0.016646
-0.013358
-0.009557
-0.005296
-0.000534
0.004301
0.008372
0.011026
0.012247
0.012408
0.011752
0.010375
0.008462
0.006162
0.003542
0.000878
-0.001396
-0.003096
-0.004336
-0.005306
-0.006110
-0.006567
-0.006282
-0.005220
-0.003965
-0.003055
-0.002363
-0.001480
-0.000370
0.000673
0.001447
0.001943
0.002289
0.002713
0.003288
0.003741
0.003802
0.003544
0.003127
0.002583
0.002003
0.001500
0.000927
0.000028
-0.001188
-0.002470
-0.003574
-0.004443
-0.005141
-0.005589
-0.005521
-0.004771
-0.003452
-0.001895
-0.000331
0.001360
0.003192
0.004684
0.005509
0.005839
0.005777
0.005224
0.004215
0.002868
0.001342
-0.000101
-0.001271
-0.002143
-0.002704
-0.002944
-0.002961
-0.002853
-0.002558
-0.001986
-0.001314
-0.000836
-0.000610
-0.000547
-0.000584
-0.000627
-0.000603
-0.000523
-0.000425
-0.000312
-0.000140
0.000137
0.000544
0.001096
0.001733
0.002246
0.002463
0.002442
0.002288
0.001885
0.000942
-0.000754
-0.002935
-0.004746
-0.005452
-0.005110
-0.004157
-0.002785
-0.001101
0.000651
0.002434
0.004517
0.006805
0.008435
0.008633
0.007694
0.006484
0.005249
0.003521
0.000933
-0.002257
-0.005266
-0.007371
-0.008533
-0.009251
-0.009778
-0.009803
-0.008898
-0.007030
-0.004562
-0.001942
0.000563
0.002975
0.005425
0.007774
0.009599
0.010480
0.010270
0.009202
0.007657
0.005747
0.003291
0.000276
-0.002852
-0.005469
-0.007268
-0.008312
-0.008754
-0.008614
-0.007727
-0.005920
-0.003420
-0.000881
0.001248
0.003029
0.004555
0.005671
0.006246
0.006236
0.005577
0.004427
0.003198
0.002033
0.000715
-0.000772
-0.002134
-0.003194
-0.003922
-0.004240
-0.004233
-0.004179
-0.004035
-0.003422
-0.002390
-0.001473
-0.000787
0.000005
0.000988
0.002031
0.003034
0.003715
0.003861
0.003737
0.003626
0.003323
0.002567
0.001547
0.000622
-0.000123
-0.000797
-0.001443
-0.001978
-0.002216
-0.002073
-0.001731
-0.001361
-0.000980
-0.000697
-0.000571
-0.000411
-0.000191
-0.000182
-0.000436
-0.000665
-0.000674
-0.000557
-0.000474
-0.000460
-0.000400
-0.000118
0.000373
0.000737
0.000682
0.000360
0.000046
-0.000392
-0.001213
-0.002081
-0.002216
-0.001355
-0.000058
0.001078
0.001945
0.002560
0.002961
0.003452
0.004145
0.004469
0.003913
0.002918
0.002269
0.001933
0.001255
-0.000036
-0.001655
-0.003120
-0.003975
-0.004153
-0.004180
-0.004530
-0.004950
-0.004860
-0.004197
-0.003406
-0.002796
-0.002240
-0.001370
0.000037
0.001804
0.003476
0.004639
0.005220
0.005510
0.005728
0.005662
0.004924
0.003533
0.002012
0.000734
-0.000477
-0.001845
-0.003194
-0.004239
-0.004844
-0.004915
-0.004489
-0.003829
-0.003077
-0.002092
-0.000868
0.000343
0.001376
0.002211
0.002750
0.003017
0.003399
0.004040
0.004346
0.003800
0.002782
0.001921
0.001240
0.000300
-0.001144
-0.002784
-0.004045
-0.004741
-0.005142
-0.005366
-0.005185
-0.004495
-0.003450
-0.002146
-0.000666
0.000704
0.001755
0.002635
0.003570
0.004485
0.005122
0.005314
0.005110
0.004720
0.004203
0.003357
0.002160
0.000912
-0.000244
-0.001440
-0.002657
-0.003690
-0.004444
-0.004966
-0.005262
-0.005223
-0.004787
-0.004048
-0.003107
-0.001996
-0.000813
0.000264
0.001173
0.002047
0.002951
0.003609
0.003601
0.002878
0.001984
0.001621
0.001838
0.001947
0.001467
0.000754
0.000383
0.000352
0.000343
0.000260
0.000074
-0.000259
-0.000395
0.000042
0.000626
0.000596
0.000039
-0.000394
-0.000578
-0.000771
-0.000927
-0.000952
-0.001007
-0.001150
-0.001230
-0.001252
-0.001407
-0.001753
-0.002071
-0.002078
-0.001761
-0.001363
-0.000984
-0.000440
0.000428
0.001463
0.002313
0.002748
0.002838
0.002819
0.002768
0.002497
0.001857
0.001000
0.000211
-0.000405
-0.000859
-0.001114
-0.001201
-0.001261
-0.001289
-0.001169
-0.000999
-0.000953
-0.000911
-0.000685
-0.000454
-0.000458
-0.000488
-0.000182
0.000440
0.001134
0.001688
0.001901
0.001757
0.001512
0.001248
0.000703
-0.000196
-0.001086
-0.001632
-0.001870
-0.001956
-0.001971
-0.001973
-0.001901
-0.001576
-0.001012
-0.000453
-0.000000
0.000479
0.001044
0.001545
0.001819
0.001897
0.001988
0.002210
0.002381
0.002269
0.001920
0.001518
0.001118
0.000659
0.000086
-0.000596
-0.001295
-0.001871
-0.002251
-0.002497
-0.002688
-0.002773
-0.002677
-0.002460
-0.002244
-0.002132
-0.002140
-0.002073
-0.001587
-0.000579
0.000597
0.001508
0.002116
0.002642
0.003187
0.003673
0.003888
0.003641
0.003139
0.002900
0.002985
0.002799
0.001947
0.000830
0.000005
-0.000534
-0.001051
-0.001591
-0.002075
-0.002465
-0.002699
-0.002753
-0.002791
-0.002982
-0.003169
-0.003035
-0.002578
-0.002099
-0.001728
-0.001275
-0.000565
0.000327
0.001215
0.001966
0.002509
0.002879
0.003180
0.003364
0.003186
0.002559
0.001785
0.001214
0.000841
0.000449
-0.000013
-0.000415
-0.000699
-0.000913
-0.001089
-0.001292
-0.001608
-0.001951
-0.002151
-0.002226
-0.002299
-0.002270
-0.001805
-0.000782
0.000413
0.001316
0.001881
0.002240
0.002385
0.002300
0.001982
0.001378
0.000610
0.000016
-0.000268
-0.000492
-0.000878
-0.001298
-0.001456
-0.001281
-0.000999
-0.000812
-0.000665
-0.000439
-0.000167
0.000076
0.000275
0.000415
0.000534
0.000729
0.000958
0.001052
0.000995
0.000951
0.000967
0.000857
0.000495
0.000041
-0.000280
-0.000449
-0.000574
-0.000721
-0.000910
-0.001114
-0.001306
-0.001592
-0.002011
-0.002210
-0.001832
-0.001067
-0.000345
0.000219
0.000732
0.001240
0.001774
0.002272
0.002429
0.002092
0.001656
0.001538
0.001530
0.001226
0.000677
0.000143
-0.000325
-0.000722
-0.000945
-0.000997
-0.000951
-0.000747
-0.000396
-0.000160
-0.000225
-0.000453
-0.000651
-0.000806
-0.000932
-0.000968
-0.000894
-0.000752
-0.000566
-0.000357
-0.000150
0.000034
0.000164
0.000229
0.000254
0.000290
0.000353
0.000428
0.000527
0.000642
0.000700
0.000626
0.000454
0.000301
0.000275
0.000388
0.000535
0.000623
0.000699
0.000786
0.000694
0.000336
-0.000008
-0.000128
-0.000172
-0.000296
-0.000490
-0.000705
-0.000851
-0.000853
-0.000814
-0.000896
-0.001033
-0.001068
-0.001017
-0.000901
-0.000634
-0.000269
0.000035
0.000277
0.000521
0.000698
0.000722
0.000655
0.000588
0.000511
0.000423
0.000341
0.000226
0.000107
0.000125
0.000331
0.000578
0.000698
0.000694
0.000669
0.000591
0.000258
-0.000345
-0.000941
-0.001449
-0.002106
-0.002810
-0.002919
-0.002156
-0.001058
-0.000128
0.000686
0.001454
0.002003
0.002299
0.002404
0.002158
0.001565
0.001092
0.000993
0.000916
0.000612
0.000317
0.000153
-0.000049
-0.000215
-0.000188
-0.000230
-0.000564
-0.000895
-0.000968
-0.001024
-0.001298
-0.001615
-0.001727
-0.001592
-0.001271
-0.000840
-0.000382
0.000081
0.000548
0.000941
0.001171
0.001248
0.001229
0.001115
0.000920
0.000711
0.000497
0.000243
0.000015
-0.000077
-0.000075
-0.000169
-0.000413
-0.000604
-0.000599
-0.000544
-0.000590
-0.000627
-0.000474
-0.000145
0.000205
0.000461
0.000593
0.000667
0.000747
0.000769
0.000644
0.000423
0.000221
0.000077
-0.000133
-0.000473
-0.000742
-0.000817
-0.000861
-0.000999
-0.001085
-0.000967
-0.000739
-0.000501
-0.000223
0.000119
0.000419
0.000608
0.000800
0.000990
0.001024
0.000900
0.000767
0.000726
0.000691
0.000533
0.000297
0.000078
-0.000098
-0.000234
-0.000373
-0.000549
-0.000740
-0.000930
-0.001128
-0.001286
-0.001236
-0.000925
-0.000604
-0.000484
-0.000407
-0.000106
0.000402
0.000853
0.001075
0.001147
0.001202
0.001248
0.001225
0.001078
0.000811
0.000537
0.000366
0.000260
0.000123
-0.000130
-0.000561
-0.001028
-0.001226
-0.001105
-0.000917
-0.000804
-0.000652
-0.000373
-0.000092
0.000057
0.000116
0.000167
0.000207
0.000214
0.000202
0.000169
0.000099
0.000055
0.000117
0.000234
0.000309
0.000329
0.000299
0.000188
0.000067
0.000095
0.000263
0.000366
0.000319
0.000251
0.000265
0.000295
0.000234
0.000056
-0.000143
-0.000218
-0.000164
-0.000155
-0.000257
-0.000338
-0.000312
-0.000243
-0.000191
-0.000133
-0.000058
0.000002
0.000025
0.000016
-0.000009
-0.000032
-0.000080
-0.000194
-0.000331
-0.000416
-0.000462
-0.000522
-0.000597
-0.000617
-0.000520
-0.000380
-0.000330
-0.000356
-0.000345
-0.000264
-0.000151
-0.000052
-0.000040
-0.000092
0.000009
0.000382
0.000808
0.001055
0.001210
0.001417
0.001514
0.001325
0.001019
0.000767
0.000455
0.000073
-0.000148
-0.000220
-0.000408
-0.000678
-0.000759
-0.000704
-0.000718
-0.000690
-0.000464
-0.000152
0.000146
0.000451
0.000617
0.000487
0.000230
0.000074
-0.000045
-0.000247
-0.000440
-0.000499
-0.000489
-0.000526
-0.000610
-0.000700
-0.000758
-0.000719
-0.000561
-0.000363
-0.000203
-0.000067
0.000104
0.000356
0.000672
0.000951
0.001105
0.001177
0.001248
0.001291
0.001229
0.001052
0.000782
0.000438
0.000080
-0.000275
-0.000694
-0.001147
-0.001473
-0.001573
-0.001492
-0.001326
-0.001124
-0.000889
-0.000623
-0.000356
-0.000098
0.000199
0.000510
0.000673
0.000652
0.000634
0.000739
0.000831
0.000766
0.000599
0.000418
0.000250
0.000134
0.000058
-0.000049
-0.000159
-0.000182
-0.000152
-0.000156
-0.000155
-0.000110
-0.000064
-0.000004
0.000063
0.000034
-0.000095
-0.000136
0.000032
0.000259
0.000332
0.000239
0.000069
-0.000121
-0.000263
-0.000334
-0.000405
-0.000498
-0.000536
-0.000483
-0.000398
-0.000330
-0.000265
-0.000164
-0.000022
0.000103
0.000180
0.000248
0.000320
0.000342
0.000278
0.000152
0.000042
0.000026
0.000104
0.000182
0.000203
0.000220
0.000280
0.000304
0.000244
0.000197
0.000204
0.000160
0.000014
-0.000133
-0.000176
-0.000150
-0.000128
-0.000112
-0.000095
-0.000112
-0.000172
-0.000217
-0.000210
-0.000197
-0.000228
-0.000268
-0.000223
-0.000075
0.000097
0.000222
0.000292
0.000332
0.000383
0.000453
0.000460
0.000367
0.000283
0.000278
0.000270
0.000193
0.000075
-0.000052
-0.000164
-0.000238
-0.000291
-0.000341
-0.000365
-0.000374
-0.000401
-0.000426
-0.000436
-0.000451
-0.000453
-0.000394
-0.000294
-0.000200
-0.000097
0.000039
0.000168
0.000243
0.000286
0.000323
0.000292
0.000174
0.000092
0.000111
0.000091
-0.000078
-0.000278
-0.000387
-0.000487
-0.000586
-0.000478
-0.000104
0.000282
0.000447
0.000450
0.000514
0.000709
0.000898
0.000931
0.000806
0.000672
0.000642
0.000608
0.000390
0.000011
-0.000311
-0.000434
-0.000439
-0.000491
-0.000608
-0.000664
-0.000566
-0.000411
-0.000376
-0.000475
-0.000544
-0.000471
-0.000313
-0.000174
-0.000066
0.000063
0.000189
0.000246
0.000237
0.000206
0.000189
0.000256
0.000382
0.000380
0.000180
-0.000047
-0.000156
-0.000193
-0.000223
-0.000194
-0.000001
0.000314
0.000539
0.000570
0.000501
0.000417
0.000362
0.000373
0.000348
0.000126
-0.000163
-0.000220
-0.000153
-0.000349
-0.000720
-0.000822
-0.000671
-0.000606
-0.000592
-0.000452
-0.000312
-0.000289
-0.000264
-0.000175
-0.000123
-0.000164
-0.000222
-0.000163
0.000028
0.000201
0.000288
0.000423
0.000658
0.000824
0.000817
0.000738
0.000679
0.000578
0.000335
-0.000052
-0.000457
-0.000709
-0.000766
-0.000706
-0.000528
-0.000197
0.000149
0.000330
0.000397
0.000475
0.000485
0.000335
0.000169
0.000146
0.000202
0.000219
0.000211
0.000237
0.000253
0.000161
-0.000047
-0.000267
-0.000413
-0.000491
-0.000551
-0.000603
-0.000600
-0.000515
-0.000406
-0.000334
-0.000278
-0.000178
-0.000057
0.000017
0.000069
0.000198
0.000352
0.000324
0.000125
0.000089
0.000324
0.000475
0.000308
0.000094
0.000124
0.000254
0.000231
0.000074
-0.000078
-0.000123
0.000018
0.000259
0.000345
0.000229
0.000169
0.000272
0.000341
0.000249
0.000123
0.000068
0.000024
-0.000088
-0.000262
-0.000431
-0.000528
-0.000573
-0.000653
-0.000785
-0.000870
-0.000792
-0.000568
-0.000379
-0.000345
-0.000361
-0.000234
0.000062
0.000374
0.000562
0.000641
0.000699
0.000768
0.000782
0.000631
0.000304
-0.000014
-0.000165
-0.000237
-0.000369
-0.000486
-0.000469
-0.000383
-0.000327
-0.000204
0.000090
0.000413
0.000559
0.000519
0.000402
0.000318
0.000354
0.000456
0.000458
0.000327
0.000232
0.000237
0.000176
-0.000046
-0.000298
-0.000450
-0.000475
-0.000385
-0.000257
-0.000201
-0.000240
-0.000304
-0.000352
-0.000429
-0.000516
-0.000470
-0.000248
-0.000011
0.000117
0.000218
0.000398
0.000587
0.000645
0.000546
0.000361
0.000157
0.000017
0.000001
0.000059
0.000067
-0.000006
-0.000079
-0.000101
-0.000056
0.000097
0.000287
0.000359
0.000329
0.000311
0.000258
0.000066
-0.000182
-0.000312
-0.000301
-0.000256
-0.000237
-0.000223
-0.000205
-0.000211
-0.000276
-0.000411
-0.000557
-0.000644
-0.000695
-0.000770
-0.000806
-0.000664
-0.000344
-0.000020
0.000172
0.000256
0.000324
0.000417
0.000518
0.000597
0.000638
0.000660
0.000671
0.000609
0.000456
0.000284
0.000121
-0.000072
-0.000257
-0.000341
-0.000343
-0.000357
-0.000356
-0.000254
-0.000085
0.000060
0.000197
0.000346
0.000443
0.000451
0.000405
0.000340
0.000273
0.000204
0.000107
-0.000008
-0.000068
-0.000046
-0.000016
-0.000081
-0.000235
-0.000349
-0.000325
-0.000227
-0.000212
-0.000319
-0.000429
-0.000456
-0.000434
-0.000366
-0.000211
0.000002
0.000165
0.000226
0.000256
0.000342
0.000448
0.000495
0.000474
0.000408
0.000282
0.000111
-0.000011
-0.000032
-0.000011
0.000000
0.000013
0.000034
0.000048
0.000049
0.000034
0.000011
-0.000001
-0.000041
-0.000142
-0.000222
-0.000233
-0.000254
-0.000309
-0.000310
-0.000220
-0.000108
-0.000056
-0.000069
-0.000098
-0.000140
-0.000219
-0.000299
-0.000350
-0.000399
-0.000401
-0.000274
-0.000047
0.000159
0.000255
0.000258
0.000271
0.000341
0.000385
0.000330
0.000250
0.000225
0.000179
0.000052
-0.000087
-0.000199
-0.000258
-0.000171
0.000052
0.000228
0.000269
0.000305
0.000414
0.000478
0.000397
0.000244
0.000132
0.000078
0.000038
-0.000017
-0.000100
-0.000213
-0.000303
-0.000289
-0.000210
-0.000199
-0.000247
-0.000216
-0.000089
-0.000017
-0.000096
-0.000275
-0.000424
-0.000423
-0.000282
-0.000121
-0.000004
0.000040
-0.000009
-0.000052
0.000004
0.000109
0.000237
0.000412
0.000525
0.000431
0.000180
-0.000032
-0.000053
0.000100
0.000236
0.000231
0.000176
0.000210
0.000313
0.000372
0.000326
0.000217
0.000146
0.000141
0.000121
0.000023
-0.000122
-0.000251
-0.000348
-0.000429
-0.000484
-0.000483
-0.000424
-0.000336
-0.000271
-0.000272
-0.000331
-0.000398
-0.000424
-0.000388
-0.000306
-0.000193
-0.000039
0.000131
0.000274
0.000412
0.000552
0.000619
0.000569
0.000450
0.000310
0.000163
0.000036
-0.000085
-0.000256
-0.000429
-0.000467
-0.000373
-0.000310
-0.000334
-0.000290
-0.000092
0.000114
0.000177
0.000160
0.000198
0.000286
0.000360
0.000421
0.000448
0.000397
0.000337
0.000356
0.000347
0.000182
-0.000015
-0.000079
-0.000110
-0.000249
-0.000418
-0.000489
-0.000503
-0.000520
-0.000494
-0.000416
-0.000336
-0.000206
0.000030
0.000274
0.000401
0.000455
0.000510
0.000506
0.000405
0.000299
0.000244
0.000162
0.000028
-0.000039
-0.000019
-0.000066
-0.000222
-0.000325
-0.000299
-0.000241
-0.000215
-0.000191
-0.000169
-0.000139
-0.000029
0.000158
0.000289
0.000281
0.000200
0.000149
0.000136
0.000081
-0.000024
-0.000060
0.000004
0.000040
-0.000035
-0.000177
-0.000293
-0.000337
-0.000356
-0.000425
-0.000517
-0.000528
-0.000447
-0.000332
-0.000179
0.000019
0.000188
0.000299
0.000406
0.000493
0.000497
0.000451
0.000410
0.000348
0.000256
0.000162
0.000075
0.000025
0.000023
-0.000022
-0.000163
-0.000292
-0.000290
-0.000186
-0.000055
0.000065
0.000120
0.000101
0.000053
-0.000013
-0.000085
-0.000111
-0.000097
-0.000085
0.000017
0.000269
0.000452
0.000393
0.000267
0.000247
0.000236
0.000154
0.000075
0.000010
-0.000120
-0.000270
-0.000331
-0.000326
-0.000326
-0.000311
-0.000259
-0.000213
-0.000175
-0.000110
-0.000049
-0.000032
-0.000023
-0.000046
-0.000150
-0.000255
-0.000242
-0.000140
-0.000031
0.000102
0.000284
0.000428
0.000468
0.000463
0.000440
0.000337
0.000171
0.000041
-0.000041
-0.000124
-0.000210
-0.000283
-0.000341
-0.000351
-0.000267
-0.000148
-0.000100
-0.000094
-0.000020
0.000091
0.000126
0.000088
0.000047
0.000005
-0.000031
0.000002
0.000099
0.000158
0.000136
0.000087
0.000075
0.000116
0.000133
0.000053
-0.000071
-0.000144
-0.000144
-0.000115
-0.000141
-0.000255
-0.000337
-0.000266
-0.000097
0.000048
0.000142
0.000185
0.000164
0.000113
0.000081
0.000079
0.000122
0.000210
0.000264
0.000227
0.000164
0.000176
0.000220
0.000174
0.000065
-0.000008
-0.000074
-0.000176
-0.000259
-0.000288
-0.000276
-0.000223
-0.000137
-0.000047
0.000026
0.000079
0.000131
0.000186
0.000229
0.000231
0.000164
0.000052
-0.000024
-0.000025
-0.000005
-0.000036
-0.000103
-0.000118
-0.000053
0.000011
0.000005
-0.000070
-0.000171
-0.000224
-0.000196
-0.000127
-0.000065
-0.000037
-0.000031
-0.000001
0.000057
0.000075
0.000036
0.000035
0.000116
0.000173
0.000137
0.000080
0.000048
-0.000002
-0.000089
-0.000177
-0.000213
-0.000198
-0.000189
-0.000209
-0.000236
-0.000252
-0.000225
-0.000106
0.000079
0.000224
0.000275
0.000274
0.000246
0.000181
0.000130
0.000152
0.000189
0.000166
0.000094
-0.000003
-0.000068
-0.000029
-0.000007
-0.000181
-0.000395
-0.000387
-0.000234
-0.000141
-0.000117
-0.000066
0.000031
0.000108
0.000107
0.000080
0.000123
0.000210
0.000248
0.000238
0.000244
0.000282
0.000312
0.000300
0.000243
0.000178
0.000124
0.000067
0.000019
-0.000000
-0.000039
-0.000127
-0.000205
-0.000233
-0.000238
-0.000215
-0.000173
-0.000182
-0.000225
-0.000193
-0.000103
-0.000072
-0.000092
-0.000045
0.000068
0.000161
0.000216
0.000254
0.000268
0.000259
0.000221
0.000116
-0.000035
-0.000163
-0.000268
-0.000362
-0.000384
-0.000310
-0.000204
-0.000113
-0.000024
0.000054
0.000062
0.000016
-0.000002
0.000014
0.000008
-0.000016
-0.000029
-0.000064
-0.000165
-0.000284
-0.000288
-0.000117
0.000087
0.000159
0.000145
0.000174
0.000235
0.000260
0.000260
0.000261
0.000237
0.000188
0.000162
0.000158
0.000114
-0.000009
-0.000180
-0.000293
-0.000288
-0.000250
-0.000258
-0.000268
-0.000242
-0.000210
-0.000138
0.000041
0.000267
0.000413
0.000438
0.000373
0.000268
0.000176
0.000094
-0.000019
-0.000151
-0.000215
-0.000162
-0.000081
-0.000098
-0.000172
-0.000178
-0.000113
-0.000066
-0.000045
0.000009
0.000093
0.000135
0.000083
-0.000025
-0.000068
-0.000009
0.000043
0.000024
0.000020
0.000101
0.000193
0.000215
0.000197
0.000180
0.000160
0.000123
0.000039
-0.000099
-0.000218
-0.000260
-0.000249
-0.000232
-0.000220
-0.000196
-0.000165
-0.000139
-0.000089
-0.000002
0.000076
0.000124
0.000136
0.000118
0.000152
0.000256
0.000296
0.000210
0.000108
0.000072
0.000036
-0.000097
-0.000275
-0.000340
-0.000252
-0.000132
-0.000085
-0.000118
-0.000193
-0.000185
0.000067
0.000445
0.000639
0.000583
0.000430
0.000276
0.000137
-0.000003
-0.000167
-0.000335
-0.000472
-0.000542
-0.000498
-0.000360
-0.000210
-0.000119
-0.000095
-0.000087
-0.000088
-0.000151
-0.000212
-0.000135
0.000032
0.000114
0.000080
0.000071
0.000157
0.000250
0.000263
0.000226
0.000228
0.000290
0.000331
0.000273
0.000146
0.000028
-0.000076
-0.000177
-0.000203
-0.000119
-0.000046
-0.000076
-0.000110
-0.000058
0.000015
0.000026
0.000011
0.000059
0.000170
0.000229
0.000166
0.000059
0.000001
-0.000045
-0.000101
-0.000077
0.000046
0.000135
0.000089
-0.000029
-0.000101
-0.000071
0.000048
0.000146
0.000110
0.000000
-0.000065
-0.000104
-0.000161
-0.000183
-0.000138
-0.000085
-0.000072
-0.000099
-0.000136
-0.000153
-0.000173
-0.000188
-0.000125
-0.000006
0.000060
0.000071
0.000074
0.000072
0.000097
0.000182
0.000242
0.000178
0.000076
0.000085
0.000168
0.000185
0.000105
-0.000013
-0.000110
-0.000156
-0.000142
-0.000115
-0.000125
-0.000124
-0.000046
0.000046
0.000069
0.000062
0.000081
0.000081
0.000034
0.000019
0.000079
0.000132
0.000099
-0.000002
-0.000095
-0.000137
-0.000150
-0.000138
-0.000093
-0.000058
-0.000056
-0.000058
-0.000070
-0.000109
-0.000123
-0.000065
0.000012
0.000033
0.000003
0.000004
0.000085
0.000191
0.000251
0.000252
0.000221
0.000185
0.000148
0.000087
0.000015
-0.000057
-0.000149
-0.000240
-0.000266
-0.000224
-0.000200
-0.000207
-0.000123
0.000084
0.000245
0.000246
0.000164
0.000095
0.000047
0.000004
-0.000031
-0.000045
-0.000037
-0.000015
0.000071
0.000218
0.000197
-0.000123
-0.000450
-0.000487
-0.000342
-0.000255
-0.000241
-0.000196
-0.000107
-0.000003
0.000137
0.000287
0.000346
0.000284
0.000234
0.000326
0.000479
0.000499
0.000361
0.000220
0.000157
0.000092
-0.000038
-0.000164
-0.000211
-0.000213
-0.000208
-0.000161
-0.000075
-0.000038
-0.000087
-0.000158
-0.000200
-0.000225
-0.000235
-0.000219
-0.000186
-0.000115
0.000007
0.000136
0.000215
0.000215
0.000151
0.000093
0.000075
0.000023
-0.000089
-0.000164
-0.000148
-0.000115
-0.000108
-0.000083
-0.000043
-0.000016
0.000027
0.000082
0.000083
0.000060
0.000112
0.000199
0.000169
-0.000005
-0.000159
-0.000163
-0.000066
-0.000010
-0.000047
-0.000104
-0.000116
-0.000092
-0.000070
-0.000063
-0.000043
0.000001
0.000053
0.000126
0.000232
0.000298
0.000263
0.000195
0.000163
0.000127
0.000091
0.000112
0.000141
0.000077
-0.000062
-0.000192
-0.000268
-0.000287
-0.000264
-0.000207
-0.000106
-0.000011
-0.000020
-0.000136
-0.000226
-0.000189
-0.000074
0.000033
0.000124
0.000197
0.000219
0.000188
0.000137
0.000105
0.000108
0.000132
0.000146
0.000097
-0.000019
-0.000119
-0.000143
-0.000102
-0.000048
-0.000025
-0.000023
-0.000012
-0.000023
-0.000120
-0.000276
-0.000353
-0.000242
-0.000022
0.000124
0.000144
0.000145
0.000164
0.000141
0.000110
0.000157
0.000219
0.000183
0.000084
0.000023
0.000007
-0.000015
-0.000063
-0.000131
-0.000192
-0.000194
-0.000136
-0.000082
-0.000087
-0.000145
-0.000186
-0.000115
0.000031
0.000121
0.000147
0.000161
0.000164
0.000175
0.000205
0.000212
0.000167
0.000097
0.000070
0.000073
-0.000002
-0.000107
-0.000068
0.000067
0.000144
0.000171
0.000183
0.000110
-0.000043
-0.000164
-0.000224
-0.000290
-0.000356
-0.000355
-0.000279
-0.000186
-0.000130
-0.000132
-0.000173
-0.000208
-0.000223
-0.000230
-0.000177
-0.000019
0.000154
0.000229
0.000234
0.000244
0.000235
0.000182
0.000155
0.000194
0.000216
0.000154
0.000051
-0.000008
0.000002
0.000031
0.000032
-0.000008
-0.000082
-0.000136
-0.000125
-0.000090
-0.000059
0.000014
0.000114
0.000152
0.000132
0.000144
0.000205
0.000206
0.000089
-0.000019
0.000022
0.000123
0.000099
-0.000053
-0.000203
-0.000279
-0.000279
-0.000222
-0.000137
-0.000057
0.000002
0.000050
0.000076
0.000020
-0.000084
-0.000088
0.000049
0.000166
0.000146
0.000064
-0.000002
-0.000081
-0.000155
-0.000155
-0.000119
-0.000131
-0.000138
-0.000054
0.000062
0.000094
0.000037
-0.000012
-0.000005
0.000023
0.000080
0.000196
0.000297
0.000277
0.000166
0.000068
0.000008
-0.000017
0.000002
0.000021
-0.000013
-0.000056
-0.000043
-0.000004
0.000004
-0.000034
-0.000109
-0.000181
-0.000204
-0.000203
-0.000220
-0.000214
-0.000139
-0.000046
0.000007
0.000068
0.000200
0.000304
0.000253
0.000142
0.000125
0.000157
0.000125
0.000036
-0.000060
-0.000146
-0.000216
-0.000231
-0.000169
-0.000090
-0.000046
-0.000014
0.000027
0.000050
0.000044
0.000024
0.000018
0.000071
0.000157
0.000175
0.000087
-0.000018
-0.000041
0.000029
0.000090
0.000020
-0.000141
-0.000228
-0.000203
-0.000129
-0.000023
0.000058
0.000048
0.000009
0.000036
0.000083
0.000049
-0.000031
-0.000036
0.000062
0.000189
0.000207
0.000023
-0.000223
-0.000323
-0.000313
-0.000321
-0.000278
-0.000099
0.000076
0.000098
0.000059
0.000116
0.000212
0.000216
0.000165
0.000171
0.000243
0.000317
0.000322
0.000241
0.000145
0.000116
0.000149
0.000166
0.000094
-0.000025
-0.000072
-0.000050
-0.000088
-0.000211
-0.000302
-0.000290
-0.000249
-0.000264
-0.000294
-0.000259
-0.000163
-0.000060
0.000012
0.000060
0.000104
0.000137
0.000137
0.000124
0.000112
0.000054
-0.000057
-0.000118
-0.000099
-0.000088
-0.000082
-0.000006
0.000075
0.000048
-0.000047
-0.000105
-0.000096
-0.000044
0.000013
0.000037
0.000030
0.000038
0.000087
0.000108
0.000037
-0.000041
-0.000014
0.000078
0.000129
0.000115
0.000079
0.000050
0.000004
-0.000079
-0.000144
-0.000125
-0.000038
0.000060
0.000109
0.000069
0.000009
0.000024
0.000081
0.000105
0.000079
0.000011
-0.000042
-0.000050
-0.000102
-0.000216
-0.000244
-0.000141
-0.000046
-0.000033
-0.000024
0.000040
0.000105
0.000110
0.000073
0.000041
0.000013
-0.000018
-0.000025
-0.000007
0.000021
0.000088
0.000160
0.000125
-0.000001
-0.000077
-0.000065
-0.000038
-0.000036
-0.000046
-0.000054
-0.000041
-0.000016
-0.000017
-0.000029
0.000010
0.000077
0.000093
0.000055
0.000026
0.000033
0.000052
0.000060
0.000032
-0.000042
-0.000126
-0.000156
-0.000104
-0.000017
0.000029
0.000037
0.000058
0.000067
0.000019
-0.000034
-0.000014
0.000046
0.000043
-0.000022
-0.000061
-0.000055
-0.000061
-0.000110
-0.000129
-0.000003
0.000215
0.000294
0.000182
0.000086
0.000094
0.000074
-0.000028
-0.000106
-0.000101
-0.000079
-0.000102
-0.000116
-0.000033
0.000087
0.000133
0.000151
0.000222
0.000258
0.000160
-0.000002
-0.000096
-0.000089
-0.000070
-0.000101
-0.000124
-0.000123
-0.000185
-0.000313
-0.000390
-0.000349
-0.000267
-0.000238
-0.000263
-0.000290
-0.000240
-0.000082
0.000078
0.000134
0.000153
0.000271
0.000463
0.000566
0.000513
0.000400
0.000301
0.000178
0.000027
-0.000073
-0.000099
-0.000126
-0.000187
-0.000204
-0.000143
-0.000081
-0.000056
