5760
-0.000314
-0.000266
-0.000118
-0.000042
-0.000083
-0.000129
-0.000093
0.000009
0.000105
0.000130
0.000087
0.000021
-0.000032
-0.000069
-0.000075
-0.000011
0.000076
0.000094
0.000062
0.000039
0.000017
0.000029
0.000131
0.000202
0.000083
-0.000102
-0.000130
-0.000032
0.000006
-0.000063
-0.000133
-0.000122
-0.000068
-0.000036
-0.000023
0.000002
0.000035
0.000049
0.000015
-0.000075
-0.000144
-0.000095
0.000027
0.000101
0.000108
0.000085
0.000041
-0.000010
-0.000032
-0.000010
0.000043
0.000096
0.000162
0.000246
0.000260
0.000152
-0.000004
-0.000131
-0.000182
-0.000120
0.000004
0.000056
-0.000014
-0.000088
-0.000085
-0.000095
-0.000159
-0.000167
-0.000065
0.000041
0.000067
0.000051
0.000002
-0.000084
-0.000048
0.000169
0.000321
0.000258
0.000128
0.000073
0.000077
0.000060
-0.000017
-0.000127
-0.000201
-0.000215
-0.000230
-0.000272
-0.000265
-0.000197
-0.000151
-0.000141
-0.000096
0.000004
0.000085
0.000069
-0.000001
-0.000023
-0.000004
-0.000025
-0.000078
-0.000064
0.000028
0.000140
0.000260
0.000332
0.000280
0.000162
0.000092
0.000078
0.000060
0.000019
-0.000021
-0.000046
-0.000070
-0.000108
-0.000136
-0.000093
0.000007
0.000062
0.000038
-0.000007
-0.000024
-0.000020
0.000001
0.000042
0.000071
0.000057
0.000044
0.000075
0.000130
0.000178
0.000183
0.000079
-0.000089
-0.000173
-0.000147
-0.000113
-0.000082
-0.000014
0.000044
0.000026
-0.000016
0.000008
0.000063
0.000046
-0.000039
-0.000103
-0.000105
-0.000069
-0.000040
-0.000044
-0.000061
-0.000054
-0.000035
-0.000060
-0.000116
-0.000125
-0.000061
0.000022
0.000073
0.000099
0.000141
0.000198
0.000185
0.000060
-0.000065
-0.000074
-0.000006
0.000048
0.000083
0.000112
0.000110
0.000059
-0.000004
-0.000039
-0.000067
-0.000113
-0.000121
-0.000057
0.000001
-0.000005
0.000007
0.000066
0.000049
-0.000048
-0.000078
-0.000045
-0.000076
-0.000141
-0.000126
-0.000060
-0.000043
-0.000057
-0.000018
0.000068
0.000121
0.000104
0.000047
0.000002
-0.000004
0.000013
0.000028
0.000037
0.000054
0.000098
0.000159
0.000177
0.000095
-0.000062
-0.000183
-0.000183
-0.000101
-0.000035
-0.000039
-0.000094
-0.000123
-0.000073
0.000012
0.000046
0.000028
0.000036
0.000083
0.000119
0.000144
0.000176
0.000158
0.000050
-0.000055
-0.000008
0.000162
0.000180
-0.000109
-0.000417
-0.000426
-0.000254
-0.000192
-0.000284
-0.000346
-0.000251
-0.000053
0.000119
0.000198
0.000211
0.000221
0.000235
0.000225
0.000197
0.000203
0.000262
0.000330
0.000369
0.000351
0.000267
0.000165
0.000109
0.000094
0.000050
-0.000065
-0.000186
-0.000214
-0.000179
-0.000236
-0.000391
-0.000439
-0.000328
-0.000230
-0.000184
-0.000068
0.000095
0.000149
0.000072
0.000009
0.000039
0.000092
0.000093
0.000050
0.000003
-0.000038
-0.000071
-0.000092
-0.000122
-0.000180
-0.000238
-0.000252
-0.000213
-0.000125
-0.000020
0.000044
0.000069
0.000105
0.000150
0.000174
0.000190
0.000216
0.000229
0.000196
0.000140
0.000095
0.000033
-0.000058
-0.000107
-0.000062
0.000018
0.000020
-0.000068
-0.000109
-0.000019
0.000093
0.000109
0.000043
-0.000029
-0.000043
0.000010
0.000031
-0.000073
-0.000198
-0.000170
-0.000026
0.000068
0.000074
0.000047
0.000001
-0.000061
-0.000107
-0.000093
-0.000023
0.000046
0.000069
0.000067
0.000097
0.000153
0.000134
0.000032
-0.000015
0.000033
0.000063
0.000031
0.000009
0.000012
-0.000014
-0.000052
-0.000021
0.000041
0.000007
-0.000107
-0.000173
-0.000163
-0.000136
-0.000108
-0.000056
0.000011
0.000067
0.000100
0.000111
0.000110
0.000101
0.000052
-0.000057
-0.000150
-0.000142
-0.000094
-0.000106
-0.000153
-0.000142
-0.000069
0.000000
0.000040
0.000089
0.000148
0.000160
0.000130
0.000153
0.000228
0.000227
0.000116
0.000034
0.000062
0.000092
0.000013
-0.000108
-0.000148
-0.000105
-0.000067
-0.000061
-0.000044
-0.000014
-0.000016
-0.000033
-0.000018
-0.000038
-0.000162
-0.000210
0.000006
0.000289
0.000338
0.000214
0.000127
0.000076
-0.000032
-0.000158
-0.000193
-0.000137
-0.000096
-0.000126
-0.000158
-0.000116
-0.000054
-0.000062
-0.000120
-0.000143
-0.000135
-0.000173
-0.000269
-0.000334
-0.000264
-0.000070
0.000129
0.000244
0.000260
0.000219
0.000202
0.000217
0.000197
0.000144
0.000129
0.000155
0.000142
0.000068
0.000027
0.000052
0.000057
0.000037
0.000068
0.000124
0.000114
0.000041
-0.000007
0.000025
0.000081
0.000066
-0.000032
-0.000126
-0.000117
-0.000039
-0.000012
-0.000054
-0.000082
-0.000087
-0.000114
-0.000135
-0.000100
-0.000044
-0.000035
-0.000082
-0.000146
-0.000158
-0.000079
0.000006
-0.000008
-0.000076
-0.000078
0.000014
0.000112
0.000125
0.000084
0.000098
0.000157
0.000141
0.000027
-0.000083
-0.000106
-0.000030
0.000110
0.000205
0.000137
-0.000037
-0.000107
0.000024
0.000231
0.000317
0.000228
0.000082
-0.000018
-0.000069
-0.000097
-0.000143
-0.000220
-0.000253
-0.000164
-0.000010
0.000074
0.000013
-0.000141
-0.000225
-0.000135
0.000013
0.000034
-0.000076
-0.000169
-0.000122
0.000052
0.000195
0.000168
0.000010
-0.000110
-0.000080
0.000036
0.000095
0.000034
-0.000060
-0.000042
0.000096
0.000191
0.000165
0.000116
0.000107
0.000122
0.000142
0.000122
0.000018
-0.000111
-0.000176
-0.000169
-0.000144
-0.000153
-0.000202
-0.000246
-0.000217
-0.000116
-0.000022
-0.000001
-0.000060
-0.000127
-0.000094
0.000029
0.000108
0.000085
0.000060
0.000143
0.000293
0.000373
0.000328
0.000231
0.000151
0.000125
0.000183
0.000286
0.000354
0.000331
0.000118
-0.000271
-0.000562
-0.000570
-0.000456
-0.000410
-0.000390
-0.000292
-0.000139
-0.000035
-0.000032
-0.000060
-0.000010
0.000099
0.000148
0.000108
0.000065
0.000075
0.000132
0.000208
0.000267
0.000317
0.000377
0.000388
0.000296
0.000180
0.000116
0.000071
0.000017
0.000007
0.000047
0.000020
-0.000168
-0.000413
-0.000502
-0.000419
-0.000325
-0.000252
-0.000122
0.000036
0.000129
0.000154
0.000154
0.000093
-0.000047
-0.000132
-0.000077
-0.000014
-0.000075
-0.000186
-0.000246
-0.000267
-0.000263
-0.000190
-0.000059
0.000049
0.000091
0.000083
0.000043
0.000017
0.000070
0.000166
0.000186
0.000106
0.000053
0.000121
0.000245
0.000302
0.000261
0.000187
0.000150
0.000161
0.000166
0.000113
0.000041
0.000008
0.000005
0.000003
-0.000006
-0.000007
-0.000005
-0.000047
-0.000129
-0.000166
-0.000140
-0.000157
-0.000275
-0.000379
-0.000345
-0.000227
-0.000153
-0.000134
-0.000115
-0.000076
-0.000013
0.000036
0.000011
-0.000042
-0.000023
0.000076
0.000184
0.000255
0.000265
0.000204
0.000131
0.000116
0.000138
0.000120
0.000046
-0.000067
-0.000199
-0.000253
-0.000150
-0.000001
0.000018
-0.000081
-0.000144
-0.000125
-0.000120
-0.000184
-0.000241
-0.000197
-0.000043
0.000140
0.000268
0.000314
0.000290
0.000246
0.000244
0.000247
0.000201
0.000173
0.000224
0.000292
0.000316
0.000300
0.000221
0.000068
-0.000091
-0.000183
-0.000202
-0.000186
-0.000188
-0.000210
-0.000221
-0.000228
-0.000265
-0.000316
-0.000352
-0.000380
-0.000371
-0.000294
-0.000202
-0.000143
-0.000085
0.000012
0.000132
0.000229
0.000255
0.000165
0.000049
0.000141
0.000440
0.000642
0.000615
0.000520
0.000449
0.000344
0.000174
-0.000008
-0.000149
-0.000234
-0.000271
-0.000262
-0.000236
-0.000275
-0.000377
-0.000442
-0.000448
-0.000477
-0.000537
-0.000509
-0.000345
-0.000151
-0.000035
0.000027
0.000107
0.000175
0.000171
0.000145
0.000199
0.000302
0.000323
0.000237
0.000173
0.000204
0.000248
0.000214
0.000121
0.000030
-0.000013
0.000004
0.000050
0.000077
0.000076
0.000065
0.000086
0.000153
0.000189
0.000135
0.000062
0.000058
0.000080
0.000033
-0.000070
-0.000130
-0.000133
-0.000141
-0.000161
-0.000157
-0.000135
-0.000136
-0.000164
-0.000172
-0.000134
-0.000073
-0.000010
0.000017
-0.000024
-0.000075
-0.000041
0.000051
0.000084
0.000028
-0.000037
-0.000062
-0.000072
-0.000088
-0.000121
-0.000213
-0.000351
-0.000409
-0.000309
-0.000120
0.000043
0.000101
0.000068
0.000051
0.000121
0.000233
0.000298
0.000289
0.000268
0.000308
0.000389
0.000389
0.000255
0.000093
0.000022
0.000038
0.000109
0.000236
0.000353
0.000356
0.000272
0.000238
0.000245
0.000163
0.000011
-0.000125
-0.000268
-0.000385
-0.000358
-0.000257
-0.000275
-0.000402
-0.000479
-0.000473
-0.000485
-0.000541
-0.000543
-0.000449
-0.000318
-0.000205
-0.000123
-0.000089
-0.000072
0.000019
0.000192
0.000342
0.000411
0.000442
0.000466
0.000480
0.000490
0.000507
0.000486
0.000390
0.000282
0.000225
0.000172
0.000109
0.000077
0.000061
0.000006
-0.000093
-0.000187
-0.000244
-0.000300
-0.000388
-0.000465
-0.000431
-0.000292
-0.000215
-0.000260
-0.000276
-0.000174
-0.000057
-0.000087
-0.000295
-0.000471
-0.000425
-0.000241
-0.000093
-0.000007
0.000066
0.000137
0.000240
0.000400
0.000540
0.000599
0.000628
0.000657
0.000622
0.000497
0.000365
0.000305
0.000289
0.000234
0.000128
0.000017
-0.000068
-0.000111
-0.000133
-0.000190
-0.000302
-0.000404
-0.000421
-0.000364
-0.000303
-0.000263
-0.000247
-0.000297
-0.000391
-0.000372
-0.000162
0.000075
0.000164
0.000117
0.000015
-0.000125
-0.000294
-0.000411
-0.000401
-0.000265
-0.000072
0.000050
-0.000002
-0.000155
-0.000210
-0.000068
0.000140
0.000197
0.000102
0.000073
0.000221
0.000410
0.000463
0.000361
0.000267
0.000331
0.000500
0.000642
0.000729
0.000759
0.000691
0.000541
0.000397
0.000297
0.000168
-0.000052
-0.000298
-0.000458
-0.000514
-0.000549
-0.000636
-0.000741
-0.000764
-0.000681
-0.000576
-0.000532
-0.000564
-0.000620
-0.000588
-0.000404
-0.000135
0.000057
0.000045
-0.000078
-0.000076
0.000113
0.000320
0.000413
0.000447
0.000554
0.000744
0.000852
0.000763
0.000562
0.000400
0.000342
0.000334
0.000280
0.000174
0.000078
0.000008
-0.000069
-0.000186
-0.000345
-0.000502
-0.000563
-0.000459
-0.000245
-0.000115
-0.000201
-0.000388
-0.000491
-0.000487
-0.000441
-0.000369
-0.000262
-0.000152
-0.000074
0.000020
0.000180
0.000318
0.000329
0.000259
0.000232
0.000283
0.000354
0.000368
0.000304
0.000243
0.000257
0.000281
0.000220
0.000129
0.000101
0.000120
0.000120
0.000066
-0.000025
-0.000094
-0.000097
-0.000071
-0.000107
-0.000207
-0.000274
-0.000258
-0.000208
-0.000179
-0.000155
-0.000099
-0.000044
-0.000065
-0.000146
-0.000242
-0.000323
-0.000267
-0.000040
0.000102
-0.000033
-0.000218
-0.000150
0.000084
0.000165
0.000010
-0.000159
-0.000181
-0.000135
-0.000138
-0.000156
-0.000123
-0.000060
-0.000014
0.000054
0.000186
0.000316
0.000328
0.000211
0.000140
0.000314
0.000677
0.000974
0.001052
0.000946
0.000780
0.000639
0.000515
0.000324
0.000004
-0.000356
-0.000536
-0.000496
-0.000504
-0.000735
-0.000986
-0.001014
-0.000893
-0.000812
-0.000789
-0.000733
-0.000581
-0.000369
-0.000205
-0.000121
-0.000040
0.000041
0.000071
0.000123
0.000287
0.000487
0.000626
0.000733
0.000806
0.000761
0.000625
0.000520
0.000455
0.000373
0.000302
0.000269
0.000236
0.000179
0.000072
-0.000095
-0.000232
-0.000248
-0.000232
-0.000301
-0.000408
-0.000455
-0.000447
-0.000422
-0.000397
-0.000364
-0.000317
-0.000288
-0.000279
-0.000245
-0.000174
-0.000087
0.000014
0.000116
0.000170
0.000164
0.000146
0.000160
0.000200
0.000233
0.000259
0.000291
0.000305
0.000261
0.000161
0.000065
0.000033
0.000062
0.000087
0.000076
0.000078
0.000100
0.000082
0.000024
-0.000004
0.000025
0.000077
0.000081
-0.000012
-0.000144
-0.000172
-0.000069
-0.000015
-0.000132
-0.000291
-0.000328
-0.000277
-0.000252
-0.000250
-0.000197
-0.000116
-0.000125
-0.000279
-0.000480
-0.000575
-0.000489
-0.000234
0.000099
0.000306
0.000227
-0.000009
-0.000068
0.000163
0.000381
0.000310
0.000101
0.000034
0.000126
0.000275
0.000421
0.000467
0.000373
0.000294
0.000379
0.000575
0.000731
0.000761
0.000681
0.000573
0.000518
0.000481
0.000325
-0.000003
-0.000356
-0.000542
-0.000528
-0.000501
-0.000645
-0.000919
-0.001122
-0.001117
-0.000954
-0.000809
-0.000796
-0.000824
-0.000715
-0.000404
-0.000021
0.000229
0.000302
0.000357
0.000498
0.000639
0.000684
0.000650
0.000604
0.000595
0.000647
0.000729
0.000742
0.000597
0.000323
0.000073
-0.000039
-0.000066
-0.000106
-0.000188
-0.000297
-0.000372
-0.000376
-0.000371
-0.000456
-0.000587
-0.000560
-0.000291
0.000043
0.000247
0.000307
0.000300
0.000238
0.000084
-0.000116
-0.000231
-0.000216
-0.000139
-0.000045
0.000069
0.000133
0.000072
-0.000032
-0.000042
0.000028
0.000050
-0.000003
-0.000050
-0.000046
-0.000010
0.000030
0.000026
-0.000044
-0.000099
-0.000061
0.000016
0.000049
0.000038
0.000032
0.000069
0.000136
0.000173
0.000124
0.000025
-0.000021
-0.000005
-0.000018
-0.000072
-0.000097
-0.000084
-0.000063
-0.000025
0.000025
0.000039
0.000021
0.000022
0.000041
0.000052
0.000084
0.000149
0.000176
0.000115
0.000046
0.000065
0.000081
-0.000087
-0.000431
-0.000717
-0.000762
-0.000622
-0.000440
-0.000283
-0.000186
-0.000139
-0.000078
-0.000014
-0.000012
-0.000005
0.000099
0.000211
0.000243
0.000301
0.000460
0.000599
0.000594
0.000468
0.000348
0.000356
0.000498
0.000642
0.000666
0.000607
0.000605
0.000654
0.000580
0.000319
0.000009
-0.000226
-0.000390
-0.000504
-0.000587
-0.000680
-0.000771
-0.000803
-0.000790
-0.000787
-0.000792
-0.000770
-0.000682
-0.000487
-0.000191
0.000091
0.000203
0.000141
0.000073
0.000107
0.000155
0.000140
0.000140
0.000220
0.000324
0.000394
0.000443
0.000469
0.000441
0.000343
0.000185
0.000021
-0.000099
-0.000161
-0.000082
0.000174
0.000419
0.000445
0.000271
0.000052
-0.000105
-0.000171
-0.000153
-0.000081
-0.000023
-0.000059
-0.000179
-0.000271
-0.000288
-0.000292
-0.000321
-0.000350
-0.000346
-0.000251
-0.000058
0.000078
0.000033
-0.000066
-0.000037
0.000066
0.000091
0.000049
0.000063
0.000150
0.000214
0.000178
0.000060
-0.000039
-0.000061
-0.000064
-0.000076
-0.000016
0.000109
0.000154
0.000083
0.000017
0.000028
0.000084
0.000117
0.000077
0.000016
0.000035
0.000112
0.000156
0.000148
0.000130
0.000131
0.000129
0.000080
-0.000025
-0.000125
-0.000131
-0.000030
0.000078
0.000081
-0.000019
-0.000090
-0.000056
0.000012
0.000028
0.000014
0.000024
-0.000020
-0.000273
-0.000671
-0.000916
-0.000843
-0.000599
-0.000409
-0.000309
-0.000168
0.000063
0.000246
0.000246
0.000118
0.000024
0.000028
0.000105
0.000228
0.000366
0.000486
0.000584
0.000634
0.000578
0.000449
0.000412
0.000530
0.000640
0.000641
0.000627
0.000656
0.000653
0.000518
0.000238
-0.000081
-0.000309
-0.000439
-0.000566
-0.000722
-0.000829
-0.000819
-0.000715
-0.000645
-0.000714
-0.000813
-0.000762
-0.000575
-0.000353
-0.000109
0.000089
0.000128
0.000065
0.000023
-0.000042
-0.000186
-0.000243
-0.000025
0.000335
0.000538
0.000549
0.000582
0.000699
0.000724
0.000527
0.000084
-0.000660
-0.001394
-0.001202
0.000172
0.001332
0.000959
-0.000142
-0.000260
0.000634
0.001075
0.000437
-0.000328
-0.000197
0.000684
0.001380
0.001232
0.000383
-0.000477
-0.000752
-0.000504
-0.000375
-0.000783
-0.001307
-0.001200
-0.000469
0.000045
-0.000319
-0.001305
-0.002012
-0.001804
-0.000919
-0.000097
0.000276
0.000507
0.000971
0.001399
0.001262
0.000605
0.000004
0.000031
0.000815
0.001741
0.001985
0.001545
0.001075
0.000823
0.000562
0.000239
-0.000070
-0.000364
-0.000473
-0.000208
0.000178
0.000128
-0.000587
-0.001495
-0.001933
-0.001810
-0.001404
-0.000746
-0.000016
0.000087
-0.000503
-0.000722
-0.000127
0.000453
0.000563
0.000541
0.000353
-0.000535
-0.002713
-0.006270
-0.009050
-0.007491
-0.002191
0.001306
0.001290
0.003234
0.009292
0.012841
0.009737
0.005434
0.004615
0.004274
0.002563
0.003052
0.005741
0.005434
0.001857
0.000136
0.000314
-0.002558
-0.008283
-0.011626
-0.011202
-0.009727
-0.007973
-0.005683
-0.004969
-0.006700
-0.007620
-0.005817
-0.004108
-0.004135
-0.002958
0.001092
0.005420
0.008352
0.010721
0.011527
0.009225
0.006652
0.007357
0.009268
0.008872
0.007561
0.007614
0.007324
0.005000
0.001716
-0.002273
-0.007376
-0.011290
-0.011818
-0.010623
-0.009918
-0.009517
-0.008913
-0.007650
-0.005175
-0.003593
-0.005018
-0.005768
-0.001828
0.003252
0.005086
0.006034
0.008370
0.009347
0.008145
0.007579
0.007366
0.005377
0.003435
0.003841
0.004679
0.003688
0.001439
-0.001098
-0.003357
-0.004502
-0.005069
-0.006236
-0.006890
-0.005717
-0.004220
-0.003703
-0.003310
-0.003078
-0.003752
-0.003839
-0.001973
0.000165
0.001212
0.002325
0.003877
0.004674
0.004692
0.004578
0.003999
0.003121
0.003085
0.003770
0.003918
0.003236
0.002087
0.000558
-0.000933
-0.002041
-0.003267
-0.004671
-0.005220
-0.004567
-0.003680
-0.003241
-0.003148
-0.003220
-0.002942
-0.001721
0.000028
0.001528
0.002668
0.003404
0.003885
0.004658
0.004837
0.003123
0.001385
0.001463
0.000914
-0.001020
-0.000437
0.002312
0.001901
-0.001161
-0.001824
-0.000958
-0.002707
-0.007108
-0.013135
-0.019706
-0.020906
-0.011811
0.001603
0.009529
0.012361
0.017167
0.023811
0.025517
0.020578
0.013410
0.006589
0.000982
-0.000407
0.002183
0.001809
-0.005073
-0.012472
-0.015009
-0.015535
-0.018181
-0.021842
-0.023273
-0.020802
-0.014405
-0.006161
0.000239
0.003085
0.004578
0.007891
0.013405
0.018515
0.020726
0.020281
0.019332
0.018969
0.017755
0.013606
0.006728
-0.000463
-0.005778
-0.008342
-0.008923
-0.010300
-0.014514
-0.019198
-0.020406
-0.018704
-0.017693
-0.017419
-0.014723
-0.008799
-0.001189
0.007028
0.013550
0.015319
0.014667
0.017591
0.022596
0.022126
0.016543
0.012906
0.011838
0.008623
0.002370
-0.004663
-0.011414
-0.017252
-0.020436
-0.019831
-0.017500
-0.016625
-0.015863
-0.011210
-0.004196
-0.000020
0.001502
0.004388
0.008950
0.012648
0.014710
0.015628
0.014845
0.011772
0.007877
0.005047
0.002432
-0.001744
-0.006032
-0.007526
-0.006727
-0.006413
-0.007026
-0.006976
-0.005960
-0.004751
-0.003261
-0.001297
0.000279
0.000825
0.001158
0.002294
0.003423
0.002885
0.001255
0.000778
0.001682
0.002204
0.001817
0.001439
0.001278
0.000947
0.000818
0.001224
0.001276
0.000405
-0.000215
0.000216
0.000535
-0.000102
-0.001266
-0.002761
-0.003654
-0.002597
-0.001455
-0.002827
-0.004488
-0.003084
-0.000313
0.000442
0.000169
0.001671
0.004017
0.004909
0.004482
0.002013
-0.004589
-0.012678
-0.016795
-0.016604
-0.012658
-0.001348
0.013789
0.021010
0.020953
0.025593
0.031823
0.024785
0.007941
-0.001157
-0.001900
-0.006772
-0.013865
-0.013243
-0.010384
-0.015355
-0.021212
-0.018056
-0.013462
-0.017078
-0.021741
-0.017639
-0.008520
-0.001501
0.004192
0.011066
0.017870
0.023180
0.026644
0.027337
0.024766
0.019245
0.011492
0.004396
0.001218
-0.000220
-0.004700
-0.010160
-0.010976
-0.009497
-0.012146
-0.017283
-0.019376
-0.019536
-0.020332
-0.018068
-0.010453
-0.002727
0.001759
0.006923
0.014529
0.019778
0.019772
0.017414
0.015535
0.013980
0.012160
0.010042
0.007414
0.003710
-0.001339
-0.006037
-0.008301
-0.010287
-0.014913
-0.018634
-0.017063
-0.012941
-0.010148
-0.007738
-0.004289
-0.000518
0.002915
0.005943
0.008479
0.009940
0.009719
0.009108
0.009825
0.010365
0.008390
0.005047
0.002618
0.000978
-0.001128
-0.003923
-0.006428
-0.007647
-0.007761
-0.007283
-0.006064
-0.004525
-0.003637
-0.002890
-0.001212
0.000491
0.000795
0.000410
0.000825
0.001962
0.002871
0.003279
0.003517
0.003719
0.003664
0.003367
0.003088
0.002496
0.001195
0.000001
-0.000240
-0.000234
-0.000838
-0.001611
-0.001992
-0.002198
-0.002532
-0.003045
-0.003545
-0.003599
-0.002903
-0.001340
0.000432
0.000716
-0.000390
-0.000232
0.001733
0.003173
0.003241
0.002654
0.001965
0.002230
0.003286
0.002684
-0.001285
-0.008620
-0.017086
-0.021024
-0.016783
-0.007579
0.001481
0.008867
0.016584
0.026316
0.033693
0.031505
0.021107
0.010834
0.003464
-0.003560
-0.009724
-0.013376
-0.016212
-0.019181
-0.019457
-0.015802
-0.012764
-0.014778
-0.018732
-0.018498
-0.013946
-0.008809
-0.003742
0.002790
0.010882
0.019463
0.026894
0.030927
0.030147
0.024965
0.017331
0.009997
0.004390
-0.000787
-0.006724
-0.011414
-0.012243
-0.010557
-0.010280
-0.012631
-0.015557
-0.017622
-0.018722
-0.017978
-0.014697
-0.010047
-0.004757
0.002387
0.011287
0.018801
0.022210
0.022019
0.020264
0.017870
0.014441
0.009693
0.004412
-0.000096
-0.003337
-0.005936
-0.008437
-0.010590
-0.012387
-0.014339
-0.015795
-0.015162
-0.012665
-0.010246
-0.008363
-0.004857
0.002430
0.011220
0.015870
0.015851
0.016070
0.016989
0.014878
0.009882
0.004729
0.000260
-0.003493
-0.006131
-0.007495
-0.008382
-0.010159
-0.011877
-0.010589
-0.006815
-0.004349
-0.003674
-0.001881
0.001624
0.004624
0.005838
0.005866
0.005451
0.004632
0.003479
0.002430
0.001379
-0.000332
-0.002188
-0.002473
-0.001105
-0.000145
-0.000318
-0.000026
0.001321
0.002333
0.002204
0.001524
0.000905
0.000328
-0.000467
-0.001288
-0.001760
-0.002344
-0.003478
-0.004192
-0.003606
-0.002463
-0.001722
-0.001196
-0.000119
0.001878
0.004214
0.005681
0.005653
0.004530
0.002958
0.001849
0.001839
0.001174
-0.001995
-0.005098
-0.005290
-0.005974
-0.012123
-0.021208
-0.023793
-0.014536
-0.000513
0.007532
0.011160
0.020112
0.032924
0.037235
0.030217
0.021652
0.015450
0.005858
-0.006586
-0.013667
-0.015626
-0.020452
-0.026435
-0.024225
-0.015815
-0.012902
-0.017361
-0.019660
-0.015299
-0.009514
-0.006264
-0.002679
0.004547
0.013807
0.021623
0.027211
0.031241
0.031993
0.026892
0.018002
0.010639
0.005227
-0.002583
-0.012086
-0.016770
-0.015448
-0.014289
-0.015926
-0.016543
-0.014824
-0.014002
-0.014518
-0.013252
-0.009861
-0.006710
-0.003341
0.002936
0.011655
0.018975
0.022497
0.023323
0.023250
0.021698
0.016677
0.008616
0.000865
-0.004647
-0.009065
-0.012840
-0.014448
-0.014034
-0.013808
-0.013997
-0.012771
-0.010371
-0.008941
-0.008344
-0.006287
-0.002901
-0.000637
0.002513
0.011377
0.020792
0.021000
0.017514
0.020101
0.021385
0.013089
0.002252
-0.004149
-0.007727
-0.011472
-0.015967
-0.017734
-0.014981
-0.013148
-0.013469
-0.009675
-0.003348
-0.001615
-0.001755
0.002663
0.009234
0.012006
0.010605
0.009334
0.010290
0.009846
0.005209
0.000185
-0.001809
-0.003334
-0.005976
-0.006657
-0.004610
-0.003236
-0.003265
-0.001891
0.001133
0.002834
0.001960
0.000764
0.001548
0.002775
0.001447
-0.001043
-0.001408
-0.000967
-0.002176
-0.003333
-0.002843
-0.002240
-0.002188
-0.001297
0.000877
0.002855
0.003436
0.003778
0.005250
0.006305
0.004963
0.002032
-0.000592
-0.002069
-0.003114
-0.004953
-0.006554
-0.006984
-0.010529
-0.019537
-0.023911
-0.013248
0.002855
0.007421
0.006261
0.017828
0.035981
0.037989
0.025944
0.020657
0.020937
0.009880
-0.008277
-0.016290
-0.016481
-0.021930
-0.028790
-0.025310
-0.015862
-0.013130
-0.016475
-0.015697
-0.008737
-0.002955
-0.003012
-0.004442
0.000448
0.011247
0.019121
0.021147
0.024417
0.030206
0.029503
0.020679
0.013290
0.009295
0.000503
-0.012379
-0.018819
-0.017691
-0.017872
-0.020608
-0.019112
-0.013233
-0.009389
-0.009057
-0.008475
-0.006073
-0.003274
-0.001084
0.001251
0.005651
0.012188
0.017483
0.019684
0.021392
0.023091
0.020286
0.012051
0.004017
-0.001265
-0.007523
-0.015422
-0.020002
-0.019475
-0.017394
-0.015494
-0.012172
-0.007406
-0.003281
-0.000810
0.000635
0.002100
0.003987
0.005480
0.006112
0.006866
0.007965
0.009115
0.011446
0.013587
0.011686
0.007506
0.005325
0.002996
-0.002156
-0.007367
-0.010441
-0.011789
-0.011888
-0.011503
-0.010222
-0.007116
-0.004072
-0.002425
-0.000368
0.002015
0.002782
0.003033
0.004555
0.006230
0.006580
0.005806
0.004957
0.004695
0.004027
0.001836
-0.000545
-0.001522
-0.001965
-0.002760
-0.002903
-0.002026
-0.001357
-0.001291
-0.000988
-0.000334
-0.000016
-0.000305
-0.000875
-0.001194
-0.001281
-0.001680
-0.001989
-0.001368
-0.000506
-0.000285
0.000115
0.001332
0.002525
0.003007
0.002939
0.002856
0.003220
0.003426
0.002412
0.000542
-0.001125
-0.002291
-0.002918
-0.003151
-0.003538
-0.004487
-0.007214
-0.013588
-0.020266
-0.017543
-0.004102
0.005687
0.005101
0.009362
0.026102
0.037045
0.030888
0.022817
0.022478
0.016756
-0.000541
-0.014753
-0.017750
-0.019949
-0.026895
-0.029539
-0.023455
-0.016352
-0.013294
-0.010819
-0.006063
-0.000974
0.001075
-0.000392
-0.000204
0.006321
0.014089
0.015635
0.015254
0.020972
0.027742
0.025598
0.017540
0.012154
0.007189
-0.003113
-0.014254
-0.019484
-0.021140
-0.023276
-0.023528
-0.019261
-0.012734
-0.007028
-0.003018
-0.000189
0.002546
0.005023
0.005466
0.004614
0.006152
0.010070
0.012087
0.011970
0.013828
0.016857
0.015742
0.010341
0.005074
0.000396
-0.006119
-0.013295
-0.018039
-0.019941
-0.020032
-0.018396
-0.014682
-0.008869
-0.002027
0.003328
0.005950
0.007807
0.010151
0.010787
0.008671
0.006196
0.004481
0.003205
0.004118
0.007136
0.008620
0.008031
0.007278
0.005582
0.002378
-0.001594
-0.006668
-0.011555
-0.014055
-0.014817
-0.014216
-0.011168
-0.006903
-0.003181
0.000194
0.003065
0.004939
0.006087
0.006228
0.005416
0.004892
0.004724
0.004245
0.004113
0.004434
0.003932
0.002501
0.001191
0.000176
-0.001059
-0.002697
-0.004421
-0.005451
-0.005226
-0.004286
-0.003428
-0.002414
-0.000940
0.000332
0.001056
0.001577
0.001657
0.001005
0.000205
-0.000225
-0.000231
0.000161
0.000731
0.001423
0.002365
0.003133
0.003467
0.003752
0.003436
0.001438
-0.001311
-0.002875
-0.003328
-0.003985
-0.005419
-0.008706
-0.014797
-0.018892
-0.013057
-0.000907
0.004244
0.003071
0.009916
0.024177
0.030104
0.025608
0.022690
0.022200
0.014129
-0.000493
-0.010320
-0.013599
-0.018515
-0.026204
-0.029348
-0.025194
-0.018201
-0.012546
-0.008603
-0.004313
0.001275
0.005195
0.005446
0.006164
0.010087
0.012201
0.009858
0.009548
0.014956
0.019198
0.016694
0.011986
0.009938
0.007495
0.001226
-0.006443
-0.012603
-0.017317
-0.020547
-0.021544
-0.020115
-0.016044
-0.010171
-0.005021
-0.001033
0.004032
0.009556
0.011940
0.011147
0.010573
0.010737
0.009613
0.007735
0.007103
0.007020
0.005706
0.003650
0.002071
0.000622
-0.001685
-0.005334
-0.009843
-0.013348
-0.014519
-0.014544
-0.014430
-0.012522
-0.007870
-0.002628
0.001680
0.006141
0.010808
0.013487
0.013411
0.012312
0.011311
0.009378
0.005377
0.000960
-0.000535
0.000474
-0.000064
-0.002505
-0.003359
-0.002523
-0.002963
-0.005132
-0.006992
-0.007326
-0.007135
-0.007733
-0.007654
-0.004861
-0.001131
0.000856
0.002103
0.004461
0.006887
0.007370
0.005946
0.004404
0.003624
0.002466
0.000416
-0.000866
-0.000516
-0.000131
-0.000750
-0.001091
-0.000131
0.000854
0.000268
-0.001309
-0.002134
-0.002005
-0.002203
-0.003067
-0.003345
-0.002318
-0.000975
-0.000156
0.000725
0.002002
0.002847
0.002812
0.002455
0.002299
0.002221
0.001712
0.000724
0.000041
0.000137
0.000268
-0.000554
-0.001988
-0.002509
-0.001719
-0.001575
-0.004347
-0.010002
-0.014396
-0.011798
-0.004114
-0.000268
-0.000335
0.004946
0.015531
0.021915
0.022166
0.021882
0.021534
0.016474
0.006748
-0.001982
-0.007762
-0.014446
-0.022715
-0.027706
-0.026563
-0.021427
-0.015872
-0.011311
-0.005772
0.002140
0.008922
0.011161
0.011355
0.012394
0.012071
0.008789
0.006016
0.006450
0.007456
0.006047
0.004023
0.004328
0.005734
0.005080
0.001764
-0.002620
-0.006382
-0.009068
-0.011837
-0.014844
-0.015898
-0.014201
-0.011523
-0.008215
-0.002967
0.003385
0.008307
0.011259
0.013589
0.015437
0.015391
0.012949
0.009212
0.005303
0.001565
-0.002040
-0.005420
-0.007877
-0.008801
-0.008872
-0.008878
-0.008077
-0.006080
-0.004459
-0.004102
-0.003634
-0.002127
-0.000581
0.000179
0.000823
0.002251
0.004277
0.005926
0.006623
0.006958
0.007796
0.008452
0.007488
0.005462
0.003807
0.001937
-0.000962
-0.003854
-0.005840
-0.007088
-0.007824
-0.008242
-0.008022
-0.006558
-0.004508
-0.002767
-0.000951
0.001015
0.002386
0.003182
0.003891
0.004467
0.004622
0.004124
0.003114
0.002246
0.001702
0.000880
-0.000291
-0.001057
-0.001134
-0.001075
-0.001270
-0.001448
-0.001258
-0.000868
-0.000647
-0.000464
0.000053
0.000665
0.000774
0.000452
0.000281
0.000300
0.000049
-0.000535
-0.001016
-0.001054
-0.000705
-0.000289
0.000025
0.000452
0.001044
0.001410
0.001378
0.001182
0.000850
0.000230
-0.000660
-0.001630
-0.002330
-0.003123
-0.005637
-0.009425
-0.009959
-0.005477
-0.001213
-0.000166
0.002184
0.008270
0.013759
0.015536
0.015422
0.015345
0.014262
0.010302
0.004118
-0.001908
-0.007235
-0.012610
-0.017255
-0.019586
-0.019173
-0.016989
-0.014034
-0.009662
-0.003317
0.002852
0.006712
0.009127
0.011330
0.012687
0.012365
0.010621
0.008298
0.005915
0.003366
0.000809
-0.000970
-0.001786
-0.002448
-0.003444
-0.004193
-0.004013
-0.003450
-0.003739
-0.004711
-0.004994
-0.004440
-0.003994
-0.003699
-0.002944
-0.001556
0.000356
0.002498
0.004500
0.006323
0.007866
0.008664
0.008540
0.007778
0.006420
0.004061
0.000721
-0.002631
-0.005240
-0.007496
-0.009656
-0.010915
-0.010689
-0.009334
-0.007314
-0.004798
-0.001882
0.001226
0.004025
0.006070
0.007342
0.007812
0.007357
0.006402
0.005576
0.004777
0.003533
0.001993
0.000777
0.000048
-0.000617
-0.001467
-0.002346
-0.003206
-0.003955
-0.004267
-0.004223
-0.004142
-0.003892
-0.003361
-0.002657
-0.001564
-0.000072
0.001262
0.002207
0.002891
0.003236
0.003232
0.002965
0.002350
0.001464
0.000603
-0.000107
-0.000710
-0.001188
-0.001403
-0.001298
-0.001083
-0.000881
-0.000535
-0.000020
0.000462
0.000802
0.001016
0.001123
0.001104
0.000880
0.000479
0.000129
-0.000046
-0.000190
-0.000462
-0.000814
-0.001046
-0.001055
-0.000954
-0.000817
-0.000643
-0.000519
-0.000421
-0.000217
-0.000290
-0.001552
-0.004026
-0.005813
-0.005213
-0.003356
-0.002079
-0.000705
0.002017
0.005234
0.007597
0.009170
0.010747
0.012205
0.011942
0.009011
0.004931
0.001355
-0.002140
-0.006328
-0.010697
-0.014137
-0.015747
-0.015118
-0.012646
-0.009435
-0.006162
-0.002298
0.002408
0.006734
0.009740
0.011661
0.012409
0.011678
0.009998
0.007854
0.005013
0.001487
-0.002036
-0.004836
-0.006654
-0.007647
-0.008113
-0.008115
-0.007303
-0.005431
-0.003082
-0.001096
0.000584
0.002315
0.003724
0.004480
0.004851
0.004868
0.004391
0.003713
0.003017
0.002184
0.001419
0.000966
0.000559
-0.000044
-0.000592
-0.000919
-0.001336
-0.002033
-0.002759
-0.003424
-0.004192
-0.004907
-0.005305
-0.005330
-0.004756
-0.003470
-0.002003
-0.000677
0.000881
0.002724
0.004399
0.005810
0.007016
0.007713
0.007768
0.007409
0.006502
0.004639
0.002159
-0.000098
-0.002117
-0.004405
-0.006606
-0.007877
-0.008083
-0.007546
-0.006472
-0.005092
-0.003451
-0.001321
0.001093
0.003181
0.004748
0.005804
0.006088
0.005593
0.004711
0.003526
0.001866
-0.000044
-0.001659
-0.002706
-0.003340
-0.003754
-0.003942
-0.003790
-0.003178
-0.002191
-0.001190
-0.000310
0.000723
0.001940
0.002927
0.003396
0.003456
0.003329
0.003043
0.002437
0.001455
0.000363
-0.000478
-0.000977
-0.001340
-0.001691
-0.001857
-0.001720
-0.001509
-0.001604
-0.002316
-0.003739
-0.005301
-0.005871
-0.004876
-0.002904
-0.000906
0.000771
0.002411
0.004317
0.006411
0.008297
0.009422
0.009322
0.008103
0.006496
0.004937
0.002942
-0.000017
-0.003527
-0.006594
-0.008503
-0.009214
-0.009272
-0.009181
-0.008705
-0.007222
-0.004768
-0.002075
0.000387
0.002669
0.004818
0.006724
0.008173
0.008796
0.008384
0.007238
0.005794
0.004087
0.001928
-0.000645
-0.003302
-0.005523
-0.006883
-0.007501
-0.007794
-0.007644
-0.006531
-0.004503
-0.002202
-0.000046
0.001934
0.003704
0.005174
0.006245
0.006745
0.006605
0.006018
0.005156
0.003962
0.002457
0.000827
-0.000861
-0.002497
-0.003726
-0.004428
-0.004908
-0.005311
-0.005440
-0.005161
-0.004504
-0.003569
-0.002557
-0.001647
-0.000834
-0.000040
0.000768
0.001699
0.002915
0.004259
0.005286
0.005856
0.006112
0.005976
0.005372
0.004492
0.003275
0.001447
-0.000627
-0.002252
-0.003466
-0.004716
-0.005937
-0.006629
-0.006382
-0.005258
-0.003864
-0.002665
-0.001436
0.000173
0.001849
0.002898
0.003222
0.003388
0.003672
0.003775
0.003453
0.002777
0.001917
0.001023
0.000141
-0.000774
-0.001669
-0.002331
-0.002637
-0.002707
-0.002688
-0.002549
-0.002203
-0.001577
-0.000675
0.000238
0.000887
0.001413
0.002072
0.002742
0.003045
0.002765
0.002048
0.001228
0.000457
-0.000459
-0.001820
-0.003565
-0.004934
-0.004910
-0.003343
-0.001322
0.000044
0.000781
0.001530
0.002513
0.003566
0.004384
0.004358
0.003363
0.002518
0.002603
0.002533
0.001122
-0.000978
-0.002483
-0.003166
-0.003439
-0.003589
-0.003798
-0.003889
-0.003300
-0.002125
-0.001263
-0.000945
-0.000392
0.000777
0.002083
0.003048
0.003519
0.003528
0.003369
0.003276
0.002972
0.002130
0.000959
-0.000180
-0.001199
-0.002116
-0.003023
-0.004008
-0.004689
-0.004481
-0.003569
-0.002713
-0.001995
-0.000819
0.000868
0.002402
0.003359
0.003855
0.004117
0.004205
0.003982
0.003324
0.002390
0.001385
0.000328
-0.000658
-0.001377
-0.002023
-0.002875
-0.003645
-0.003851
-0.003588
-0.003290
-0.003039
-0.002613
-0.001917
-0.001041
-0.000142
0.000607
0.001185
0.001839
0.002759
0.003719
0.004261
0.004191
0.003729
0.003170
0.002598
0.001960
0.001142
0.000075
-0.000989
-0.001647
-0.001961
-0.002392
-0.003028
-0.003417
-0.003279
-0.002844
-0.002378
-0.001880
-0.001247
-0.000457
0.000349
0.000939
0.001284
0.001630
0.002078
0.002345
0.002212
0.001885
0.001634
0.001393
0.000941
0.000281
-0.000401
-0.000951
-0.001312
-0.001561
-0.001823
-0.002033
-0.001991
-0.001693
-0.001303
-0.000833
-0.000209
0.000468
0.001049
0.001555
0.001986
0.002175
0.002046
0.001637
0.000834
-0.000440
-0.001728
-0.002236
-0.001764
-0.001037
-0.000756
-0.000750
-0.000519
-0.000024
0.000485
0.000858
0.001004
0.001015
0.001237
0.001715
0.001929
0.001568
0.000999
0.000615
0.000390
0.000190
-0.000065
-0.000461
-0.000916
-0.001277
-0.001657
-0.002191
-0.002604
-0.002527
-0.002017
-0.001390
-0.000792
-0.000179
0.000520
0.001317
0.002041
0.002397
0.002340
0.002113
0.001832
0.001431
0.000884
0.000206
-0.000517
-0.001079
-0.001380
-0.001547
-0.001678
-0.001687
-0.001528
-0.001264
-0.000901
-0.000455
-0.000053
0.000318
0.000856
0.001484
0.001787
0.001669
0.001481
0.001427
0.001394
0.001197
0.000730
0.000124
-0.000330
-0.000589
-0.000929
-0.001501
-0.002075
-0.002334
-0.002250
-0.002116
-0.002183
-0.002239
-0.001759
-0.000644
0.000531
0.001253
0.001636
0.002090
0.002771
0.003434
0.003633
0.003199
0.002540
0.002173
0.001946
0.001212
-0.000094
-0.001213
-0.001671
-0.001855
-0.002252
-0.002731
-0.002832
-0.002444
-0.001955
-0.001729
-0.001666
-0.001400
-0.000826
-0.000235
0.000147
0.000472
0.000911
0.001388
0.001771
0.001948
0.001832
0.001576
0.001469
0.001459
0.001190
0.000582
-0.000012
-0.000328
-0.000542
-0.000948
-0.001482
-0.001775
-0.001635
-0.001348
-0.001405
-0.001896
-0.002352
-0.002245
-0.001462
-0.000341
0.000662
0.001358
0.001859
0.002319
0.002768
0.003069
0.003051
0.002727
0.002273
0.001850
0.001416
0.000737
-0.000272
-0.001317
-0.002017
-0.002268
-0.002267
-0.002226
-0.002132
-0.001906
-0.001634
-0.001476
-0.001419
-0.001265
-0.000848
-0.000226
0.000381
0.000849
0.001244
0.001570
0.001661
0.001593
0.001785
0.002256
0.002318
0.001580
0.000607
0.000020
-0.000286
-0.000622
-0.001005
-0.001367
-0.001601
-0.001476
-0.001063
-0.000850
-0.000951
-0.000912
-0.000554
-0.000155
0.000146
0.000392
0.000571
0.000711
0.000837
0.000809
0.000600
0.000472
0.000584
0.000765
0.000770
0.000510
0.000113
-0.000170
-0.000306
-0.000525
-0.000878
-0.001138
-0.001196
-0.001168
-0.001132
-0.001032
-0.000875
-0.000719
-0.000427
0.000163
0.000774
0.000946
0.000783
0.000842
0.001283
0.001621
0.001411
0.000857
0.000461
0.000331
0.000275
0.000191
0.000070
0.000004
0.000137
0.000394
0.000495
0.000272
-0.000130
-0.000433
-0.000609
-0.000823
-0.001048
-0.001121
-0.001053
-0.000979
-0.000995
-0.001084
-0.001072
-0.000811
-0.000430
-0.000179
-0.000108
-0.000020
0.000273
0.000685
0.000965
0.001047
0.001100
0.001220
0.001330
0.001355
0.001239
0.000892
0.000352
-0.000138
-0.000448
-0.000712
-0.001022
-0.001224
-0.001186
-0.001026
-0.000935
-0.000958
-0.001064
-0.001108
-0.000879
-0.000448
-0.000031
0.000422
0.000973
0.001405
0.001573
0.001652
0.001762
0.001685
0.001315
0.000936
0.000708
0.000406
-0.000089
-0.000584
-0.000919
-0.001116
-0.001218
-0.001208
-0.001052
-0.000797
-0.000601
-0.000566
-0.000579
-0.000493
-0.000352
-0.000254
-0.000133
0.000133
0.000486
0.000755
0.000900
0.001008
0.001088
0.001045
0.000804
0.000417
0.000051
-0.000176
-0.000324
-0.000527
-0.000756
-0.000853
-0.000746
-0.000524
-0.000368
-0.000343
-0.000286
-0.000075
0.000144
0.000183
0.000099
0.000105
0.000249
0.000352
0.000337
0.000352
0.000491
0.000611
0.000554
0.000373
0.000228
0.000155
0.000055
-0.000124
-0.000309
-0.000418
-0.000449
-0.000487
-0.000635
-0.000838
-0.000851
-0.000565
-0.000249
-0.000153
-0.000125
0.000055
0.000330
0.000517
0.000565
0.000581
0.000615
0.000590
0.000500
0.000402
0.000310
0.000253
0.000230
0.000153
-0.000025
-0.000178
-0.000158
-0.000055
-0.000131
-0.000443
-0.000732
-0.000784
-0.000672
-0.000572
-0.000509
-0.000368
-0.000086
0.000191
0.000172
-0.000227
-0.000632
-0.000575
-0.000139
0.000195
0.000316
0.000499
0.000787
0.000920
0.000720
0.000288
-0.000075
-0.000171
-0.000065
0.000066
0.000116
0.000154
0.000259
0.000335
0.000294
0.000240
0.000300
0.000488
0.000727
0.000831
0.000640
0.000245
-0.000103
-0.000335
-0.000595
-0.000941
-0.001202
-0.001168
-0.000893
-0.000674
-0.000637
-0.000612
-0.000430
-0.000138
0.000084
0.000111
0.000021
0.000026
0.000234
0.000503
0.000622
0.000656
0.000852
0.001152
0.001196
0.000890
0.000558
0.000437
0.000357
0.000054
-0.000410
-0.000783
-0.000960
-0.000978
-0.000913
-0.000848
-0.000754
-0.000542
-0.000269
-0.000084
-0.000024
-0.000003
0.000055
0.000109
0.000073
-0.000015
-0.000017
0.000094
0.000185
0.000165
0.000119
0.000191
0.000347
0.000377
0.000200
-0.000001
-0.000071
-0.000085
-0.000158
-0.000236
-0.000190
-0.000030
0.000095
0.000081
0.000035
0.000134
0.000352
0.000472
0.000416
0.000352
0.000421
0.000501
0.000412
0.000244
0.000166
0.000107
-0.000055
-0.000241
-0.000370
-0.000490
-0.000615
-0.000714
-0.000795
-0.000836
-0.000756
-0.000558
-0.000352
-0.000225
-0.000146
-0.000002
0.000224
0.000414
0.000485
0.000525
0.000638
0.000763
0.000775
0.000660
0.000501
0.000389
0.000322
0.000221
0.000090
-0.000017
-0.000153
-0.000370
-0.000578
-0.000684
-0.000735
-0.000790
-0.000789
-0.000617
-0.000323
-0.000122
-0.000058
0.000056
0.000297
0.000526
0.000637
0.000653
0.000601
0.000492
0.000377
0.000286
0.000160
-0.000077
-0.000370
-0.000576
-0.000666
-0.000696
-0.000649
-0.000496
-0.000307
-0.000172
-0.000058
0.000130
0.000370
0.000561
0.000695
0.000800
0.000815
0.000701
0.000528
0.000328
0.000098
-0.000068
-0.000067
0.000024
0.000033
-0.000108
-0.000349
-0.000607
-0.000793
-0.000829
-0.000724
-0.000602
-0.000526
-0.000382
-0.000117
0.000098
0.000149
0.000144
0.000214
0.000356
0.000460
0.000448
0.000383
0.000359
0.000371
0.000372
0.000317
0.000179
0.000012
-0.000090
-0.000104
-0.000078
-0.000071
-0.000114
-0.000170
-0.000188
-0.000200
-0.000279
-0.000374
-0.000363
-0.000247
-0.000138
-0.000067
0.000052
0.000252
0.000407
0.000381
0.000219
0.000092
0.000081
0.000098
0.000058
-0.000003
-0.000022
-0.000029
-0.000073
-0.000100
-0.000045
0.000017
-0.000016
-0.000090
-0.000066
0.000064
0.000157
0.000112
0.000003
-0.000040
0.000011
0.000067
0.000031
-0.000067
-0.000123
-0.000125
-0.000121
-0.000067
0.000054
0.000078
-0.000158
-0.000540
-0.000780
-0.000766
-0.000641
-0.000529
-0.000352
-0.000005
0.000396
0.000612
0.000595
0.000541
0.000592
0.000692
0.000738
0.000705
0.000626
0.000552
0.000490
0.000371
0.000142
-0.000106
-0.000196
-0.000125
-0.000119
-0.000271
-0.000397
-0.000375
-0.000357
-0.000535
-0.000823
-0.000906
-0.000691
-0.000446
-0.000373
-0.000342
-0.000148
0.000167
0.000385
0.000451
0.000520
0.000637
0.000690
0.000634
0.000526
0.000405
0.000278
0.000152
0.000011
-0.000160
-0.000312
-0.000379
-0.000381
-0.000417
-0.000513
-0.000544
-0.000390
-0.000112
0.000137
0.000284
0.000357
0.000411
0.000439
0.000382
0.000248
0.000111
0.000017
-0.000066
-0.000206
-0.000390
-0.000512
-0.000507
-0.000405
-0.000307
-0.000304
-0.000336
-0.000262
-0.000107
0.000001
0.000057
0.000180
0.000383
0.000432
0.000199
-0.000017
0.000052
0.000266
0.000374
0.000352
0.000342
0.000405
0.000451
0.000394
0.000264
0.000153
0.000092
0.000008
-0.000129
-0.000213
-0.000214
-0.000234
-0.000298
-0.000355
-0.000388
-0.000390
-0.000353
-0.000277
-0.000176
-0.000079
0.000014
0.000146
0.000295
0.000340
0.000234
0.000092
0.000042
0.000062
0.000034
-0.000069
-0.000143
-0.000103
-0.000013
0.000013
-0.000034
-0.000094
-0.000124
-0.000083
0.000052
0.000199
0.000209
0.000079
-0.000005
0.000061
0.000128
0.000049
-0.000115
-0.000218
-0.000215
-0.000183
-0.000182
-0.000157
-0.000055
0.000039
0.000014
-0.000071
-0.000102
-0.000102
-0.000115
-0.000118
-0.000131
-0.000156
-0.000102
0.000020
0.000081
0.000068
0.000132
0.000319
0.000476
0.000497
0.000474
0.000493
0.000514
0.000473
0.000341
0.000178
0.000097
0.000078
-0.000016
-0.000225
-0.000452
-0.000587
-0.000594
-0.000549
-0.000527
-0.000477
-0.000335
-0.000146
-0.000001
0.000066
0.000108
0.000211
0.000347
0.000358
0.000188
-0.000025
-0.000115
-0.000076
-0.000045
-0.000088
-0.000134
-0.000128
-0.000081
-0.000015
0.000041
0.000030
-0.000063
-0.000146
-0.000118
-0.000035
-0.000027
-0.000055
0.000053
0.000279
0.000396
0.000359
0.000354
0.000414
0.000367
0.000168
-0.000026
-0.000081
-0.000075
-0.000197
-0.000419
-0.000527
-0.000500
-0.000483
-0.000455
-0.000323
-0.000200
-0.000190
-0.000148
0.000019
0.000193
0.000306
0.000406
0.000475
0.000461
0.000381
0.000319
0.000314
0.000289
0.000223
0.000211
0.000248
0.000234
0.000140
-0.000009
-0.000135
-0.000142
-0.000094
-0.000172
-0.000351
-0.000360
-0.000122
0.000059
-0.000028
-0.000214
-0.000278
-0.000216
-0.000112
-0.000028
-0.000028
-0.000088
-0.000079
-0.000003
-0.000005
-0.000109
-0.000184
-0.000165
-0.000139
-0.000168
-0.000175
-0.000085
0.000051
0.000137
0.000145
0.000158
0.000257
0.000350
0.000285
0.000121
0.000050
0.000107
0.000167
0.000137
0.000048
-0.000001
0.000008
-0.000026
-0.000132
-0.000211
-0.000195
-0.000139
-0.000110
-0.000103
-0.000088
-0.000056
-0.000029
-0.000023
-0.000049
-0.000077
-0.000030
0.000091
0.000178
0.000195
0.000197
0.000174
0.000107
0.000067
0.000102
0.000112
0.000032
-0.000047
-0.000057
-0.000060
-0.000118
-0.000185
-0.000168
-0.000062
0.000007
-0.000020
-0.000033
0.000046
0.000111
0.000058
-0.000037
-0.000042
0.000017
-0.000018
-0.000163
-0.000242
-0.000155
-0.000025
-0.000008
-0.000063
-0.000038
0.000094
0.000193
0.000162
0.000085
0.000103
0.000187
0.000203
0.000149
0.000131
0.000152
0.000121
0.000035
-0.000015
0.000002
0.000002
-0.000098
-0.000253
-0.000312
-0.000193
0.000001
0.000064
-0.000042
-0.000106
0.000009
0.000131
0.000066
-0.000081
-0.000115
-0.000065
-0.000065
-0.000108
-0.000100
0.000015
0.000194
0.000293
0.000248
0.000159
0.000124
0.000107
0.000053
0.000001
-0.000021
-0.000036
-0.000026
-0.000009
-0.000070
-0.000167
-0.000183
-0.000159
-0.000206
-0.000275
-0.000234
-0.000087
0.000003
-0.000049
-0.000145
-0.000165
-0.000097
-0.000008
0.000046
0.000087
0.000164
0.000224
0.000194
0.000134
0.000136
0.000178
0.000177
0.000107
0.000012
-0.000046
-0.000026
0.000049
0.000079
-0.000036
-0.000258
-0.000428
-0.000475
-0.000467
-0.000421
-0.000276
-0.000065
0.000067
0.000085
0.000141
0.000335
0.000559
0.000659
0.000621
0.000529
0.000437
0.000348
0.000256
0.000152
0.000037
-0.000073
-0.000168
-0.000256
-0.000327
-0.000349
-0.000310
-0.000223
-0.000123
-0.000050
-0.000013
-0.000019
-0.000071
-0.000120
-0.000096
-0.000017
0.000024
0.000004
-0.000008
0.000022
0.000067
0.000101
0.000080
-0.000004
-0.000039
0.000040
0.000122
0.000083
-0.000061
-0.000221
-0.000318
-0.000299
-0.000201
-0.000129
-0.000099
-0.000030
0.000084
0.000153
0.000153
0.000158
0.000195
0.000206
0.000150
0.000075
0.000065
0.000101
0.000083
-0.000004
-0.000094
-0.000134
-0.000131
-0.000139
-0.000174
-0.000191
-0.000173
-0.000126
-0.000043
0.000050
0.000122
0.000169
0.000175
0.000120
0.000039
0.000023
0.000091
0.000115
0.000005
-0.000140
-0.000185
-0.000135
-0.000081
-0.000062
-0.000055
-0.000041
-0.000008
0.000043
0.000078
0.000060
0.000005
-0.000010
0.000046
0.000097
0.000081
0.000053
0.000101
0.000192
0.000205
0.000124
0.000038
-0.000033
-0.000118
-0.000184
-0.000207
-0.000222
-0.000254
-0.000259
-0.000193
-0.000105
-0.000074
-0.000067
0.000010
0.000149
0.000263
0.000311
0.000283
0.000200
0.000149
0.000179
0.000241
0.000268
0.000224
0.000119
-0.000008
-0.000115
-0.000178
-0.000215
-0.000253
-0.000276
-0.000275
-0.000285
-0.000327
-0.000350
-0.000300
-0.000213
-0.000123
0.000020
0.000199
0.000300
0.000313
0.000347
0.000410
0.000396
0.000297
0.000236
0.000272
0.000298
0.000206
0.000042
-0.000098
-0.000211
-0.000265
-0.000183
-0.000072
-0.000080
-0.000128
-0.000130
-0.000164
-0.000238
-0.000244
-0.000186
-0.000154
-0.000128
-0.000045
0.000051
0.000095
0.000104
0.000109
0.000096
0.000045
-0.000041
-0.000131
-0.000220
-0.000313
-0.000344
-0.000269
-0.000168
-0.000115
-0.000086
-0.000067
-0.000062
0.000002
0.000164
0.000307
0.000343
0.000356
0.000414
0.000447
0.000418
0.000353
0.000220
0.000033
-0.000052
0.000016
0.000056
-0.000051
-0.000168
-0.000160
-0.000126
-0.000202
-0.000322
-0.000356
-0.000280
-0.000143
-0.000029
-0.000014
-0.000059
-0.000036
0.000086
0.000212
0.000267
0.000255
0.000227
0.000241
0.000308
0.000343
0.000248
0.000069
-0.000050
-0.000086
-0.000146
-0.000267
-0.000332
-0.000293
-0.000276
-0.000322
-0.000323
-0.000275
-0.000266
-0.000271
-0.000191
-0.000002
0.000194
0.000297
0.000342
0.000409
0.000466
0.000427
0.000299
0.000172
0.000102
0.000070
0.000017
-0.000085
-0.000191
-0.000240
-0.000238
-0.000224
-0.000208
-0.000183
-0.000143
-0.000076
0.000009
0.000066
0.000051
-0.000004
-0.000011
0.000067
0.000175
0.000249
0.000261
0.000202
0.000114
0.000043
-0.000037
-0.000142
-0.000224
-0.000258
-0.000269
-0.000261
-0.000204
-0.000135
-0.000117
-0.000128
-0.000081
0.000020
0.000083
0.000100
0.000160
0.000283
0.000370
0.000327
0.000189
0.000088
0.000077
0.000067
-0.000010
-0.000076
-0.000027
0.000061
0.000037
-0.000087
-0.000188
-0.000223
-0.000224
-0.000214
-0.000200
-0.000178
-0.000124
-0.000048
-0.000029
-0.000090
-0.000090
0.000075
0.000255
0.000255
0.000151
0.000200
0.000419
0.000457
0.000100
-0.000333
-0.000440
-0.000282
-0.000183
-0.000217
-0.000216
-0.000111
0.000015
0.000086
0.000082
0.000077
0.000175
0.000319
0.000350
0.000249
0.000153
0.000156
0.000193
0.000162
0.000087
0.000076
0.000100
0.000038
-0.000079
-0.000124
-0.000106
-0.000101
-0.000114
-0.000155
-0.000232
-0.000260
-0.000199
-0.000171
-0.000244
-0.000310
-0.000247
-0.000069
0.000092
0.000121
0.000072
0.000089
0.000190
0.000254
0.000212
0.000126
0.000088
0.000101
0.000095
0.000019
-0.000084
-0.000102
-0.000022
-0.000004
-0.000130
-0.000249
-0.000216
-0.000111
-0.000091
-0.000135
-0.000109
-0.000026
-0.000014
-0.000081
-0.000111
-0.000051
0.000050
0.000147
0.000215
0.000218
0.000178
0.000164
0.000184
0.000195
0.000182
0.000156
0.000121
0.000050
-0.000083
-0.000206
-0.000234
-0.000193
-0.000155
-0.000114
-0.000039
0.000024
0.000039
0.000082
0.000159
0.000129
-0.000040
-0.000173
-0.000146
-0.000049
0.000001
0.000017
0.000043
0.000064
0.000062
0.000047
0.000021
-0.000011
-0.000047
-0.000097
-0.000145
-0.000143
-0.000077
0.000014
0.000068
0.000043
-0.000004
0.000028
0.000112
0.000150
0.000140
0.000129
0.000101
0.000052
0.000011
-0.000044
-0.000132
-0.000172
-0.000099
0.000006
0.000030
0.000002
0.000008
0.000050
0.000050
-0.000027
-0.000087
-0.000057
-0.000025
-0.000091
-0.000183
-0.000177
-0.000079
0.000004
0.000032
0.000045
0.000089
0.000173
0.000253
0.000261
0.000198
0.000134
0.000112
0.000089
-0.000013
-0.000166
-0.000218
-0.000131
-0.000080
-0.000158
-0.000193
-0.000052
0.000072
-0.000029
-0.000236
-0.000284
-0.000057
0.000286
0.000451
0.000358
0.000214
0.000210
0.000300
0.000301
0.000152
-0.000012
-0.000084
-0.000130
-0.000231
-0.000338
-0.000370
-0.000359
-0.000384
-0.000430
-0.000389
-0.000222
-0.000060
-0.000037
-0.000115
-0.000153
-0.000077
0.000046
0.000109
0.000109
0.000141
0.000253
0.000389
0.000469
0.000488
0.000488
0.000450
0.000323
0.000123
-0.000097
-0.000305
-0.000447
-0.000453
-0.000351
-0.000254
-0.000222
-0.000198
-0.000101
0.000046
0.000146
0.000158
0.000117
0.000079
0.000104
0.000198
0.000287
0.000302
0.000268
0.000242
0.000209
0.000111
-0.000027
-0.000101
-0.000093
-0.000092
-0.000172
-0.000289
-0.000301
-0.000167
-0.000040
-0.000060
-0.000153
-0.000141
-0.000017
0.000053
-0.000004
-0.000082
-0.000076
0.000017
0.000110
0.000111
0.000046
0.000017
0.000039
0.000029
-0.000012
0.000015
0.000107
0.000117
-0.000017
-0.000159
-0.000163
-0.000058
0.000007
-0.000040
-0.000105
-0.000064
0.000043
0.000074
0.000036
0.000069
0.000194
0.000273
0.000223
0.000102
-0.000009
-0.000076
-0.000076
-0.000020
0.000016
-0.000011
-0.000050
-0.000051
-0.000057
-0.000122
-0.000188
-0.000185
-0.000115
-0.000028
0.000008
-0.000027
-0.000058
-0.000026
0.000041
0.000085
0.000118
0.000189
0.000257
0.000232
0.000139
0.000084
0.000090
0.000079
-0.000003
-0.000116
-0.000170
-0.000134
-0.000094
-0.000148
-0.000252
-0.000282
-0.000209
-0.000123
-0.000099
-0.000097
-0.000040
0.000047
0.000108
0.000168
0.000211
0.000171
0.000117
0.000175
0.000272
0.000226
0.000065
-0.000027
-0.000002
0.000051
0.000026
-0.000141
-0.000379
-0.000515
-0.000494
-0.000425
-0.000383
-0.000291
-0.000077
0.000173
0.000311
0.000325
0.000328
0.000372
0.000415
0.000433
0.000434
0.000420
0.000381
0.000294
0.000133
-0.000054
-0.000155
-0.000164
-0.000180
-0.000219
-0.000217
-0.000174
-0.000129
-0.000107
-0.000149
-0.000235
-0.000269
-0.000217
-0.000131
-0.000039
0.000057
0.000119
0.000114
0.000105
0.000146
0.000164
0.000113
0.000081
0.000094
0.000068
-0.000015
-0.000091
-0.000156
-0.000246
-0.000313
-0.000286
-0.000207
-0.000191
-0.000239
-0.000206
-0.000028
0.000170
0.000247
0.000205
0.000161
0.000208
0.000300
0.000321
0.000260
0.000184
0.000109
-0.000001
-0.000147
-0.000260
-0.000268
-0.000191
-0.000117
-0.000079
-0.000034
0.000033
0.000070
0.000035
-0.000026
-0.000022
0.000060
0.000137
0.000146
0.000102
0.000039
-0.000003
0.000006
0.000023
-0.000029
-0.000139
-0.000208
-0.000182
-0.000121
-0.000110
-0.000120
-0.000047
0.000107
0.000222
0.000220
0.000165
0.000146
0.000137
0.000073
-0.000010
-0.000060
-0.000113
-0.000176
-0.000172
-0.000079
0.000005
0.000003
-0.000034
-0.000016
0.000051
0.000077
0.000056
0.000055
0.000045
-0.000016
-0.000069
-0.000090
-0.000129
-0.000151
-0.000092
-0.000007
0.000035
0.000052
0.000093
0.000155
0.000178
0.000120
0.000046
0.000058
0.000147
0.000179
0.000060
-0.000110
-0.000197
-0.000198
-0.000164
-0.000118
-0.000081
-0.000064
-0.000020
0.000079
0.000147
0.000109
0.000045
0.000066
0.000121
0.000085
-0.000034
-0.000105
-0.000081
-0.000046
-0.000039
-0.000035
-0.000034
-0.000021
-0.000008
-0.000053
-0.000054
0.000143
0.000390
0.000415
0.000261
0.000163
0.000162
0.000122
-0.000006
-0.000142
-0.000227
-0.000270
-0.000287
-0.000297
-0.000337
-0.000368
-0.000299
-0.000176
-0.000140
-0.000203
-0.000256
-0.000245
-0.000173
-0.000037
0.000126
0.000228
0.000222
0.000170
0.000163
0.000200
0.000239
0.000280
0.000327
0.000329
0.000236
0.000089
-0.000009
-0.000032
-0.000033
-0.000043
-0.000065
-0.000106
-0.000130
-0.000105
-0.000083
-0.000105
-0.000091
0.000018
0.000131
0.000172
0.000165
0.000111
-0.000011
-0.000121
-0.000088
0.000043
0.000084
0.000009
-0.000028
0.000018
0.000033
-0.000022
-0.000041
0.000014
0.000044
0.000030
0.000048
0.000063
-0.000013
-0.000143
-0.000222
-0.000203
-0.000114
-0.000051
-0.000067
-0.000064
0.000047
0.000155
0.000116
-0.000022
-0.000080
-0.000001
0.000066
0.000009
-0.000084
-0.000092
-0.000012
0.000069
0.000060
-0.000016
-0.000024
0.000066
0.000126
0.000083
0.000008
0.000000
0.000091
0.000171
0.000093
-0.000076
-0.000113
0.000011
0.000073
-0.000051
-0.000186
-0.000155
-0.000045
-0.000029
-0.000093
-0.000108
-0.000037
0.000044
0.000083
0.000111
0.000143
0.000146
0.000112
0.000070
0.000022
-0.000041
-0.000085
-0.000062
0.000014
0.000075
0.000072
0.000018
-0.000029
-0.000050
-0.000096
-0.000156
-0.000131
-0.000008
0.000098
0.000092
0.000008
-0.000046
-0.000047
-0.000048
-0.000046
-0.000011
0.000005
-0.000034
-0.000061
-0.000043
-0.000012
0.000021
0.000054
0.000063
0.000035
-0.000001
0.000002
0.000055
0.000113
0.000096
-0.000011
-0.000076
0.000020
0.000158
0.000109
-0.000135
-0.000325
-0.000329
-0.000300
-0.000337
-0.000291
-0.000096
0.000094
0.000150
0.000118
0.000118
0.000202
0.000314
0.000367
0.000330
0.000269
0.000255
0.000284
0.000270
0.000161
0.000037
-0.000003
0.000008
-0.000022
-0.000105
-0.000148
-0.000071
0.000031
0.000001
-0.000133
-0.000218
-0.000206
-0.000178
-0.000210
-0.000295
-0.000357
-0.000317
-0.000180
-0.000044
0.000011
0.000049
0.000156
0.000238
0.000173
0.000043
0.000015
0.000103
0.000164
0.000104
-0.000013
-0.000094
-0.000124
-0.000130
-0.000158
-0.000212
-0.000178
-0.000015
0.000132
0.000153
0.000110
0.000099
0.000141
0.000171
0.000125
0.000042
-0.000003
-0.000029
-0.000067
-0.000104
-0.000113
-0.000065
0.000015
0.000064
0.000062
0.000021
-0.000013
0.000015
0.000058
0.000039
-0.000004
0.000014
0.000101
0.000159
0.000109
-0.000005
-0.000084
-0.000102
-0.000114
-0.000126
-0.000084
-0.000008
0.000015
-0.000037
-0.000109
-0.000124
-0.000030
0.000125
0.000193
0.000106
-0.000016
-0.000027
0.000031
0.000013
-0.000100
-0.000174
-0.000120
0.000000
0.000058
0.000012
-0.000042
-0.000015
0.000043
0.000040
-0.000006
0.000015
0.000136
0.000244
0.000221
0.000095
-0.000014
-0.000041
-0.000039
-0.000078
-0.000141
-0.000156
-0.000082
0.000003
-0.000031
-0.000131
-0.000103
0.000043
0.000113
0.000067
0.000036
0.000057
0.000047
-0.000006
-0.000044
-0.000055
-0.000039
0.000015
0.000065
0.000076
0.000072
0.000058
0.000015
-0.000013
-0.000004
-0.000010
-0.000017
0.000038
0.000086
0.000010
-0.000128
-0.000183
-0.000159
-0.000143
-0.000153
-0.000181
-0.000166
0.000019
0.000332
0.000540
0.000544
0.000454
0.000380
0.000308
0.000177
-0.000017
-0.000213
-0.000332
-0.000366
-0.000380
-0.000414
-0.000428
-0.000366
-0.000246
-0.000188
-0.000269
-0.000350
-0.000253
-0.000038
0.000112
0.000161
0.000172
0.000164
0.000135
0.000103
0.000111
0.000187
0.000273
0.000277
0.000211
0.000147
0.000099
0.000068
0.000074
0.000084
0.000037
-0.000045
-0.000078
-0.000037
-0.000014
-0.000057
-0.000057
0.000034
0.000082
0.000005
-0.000086
-0.000064
0.000033
0.000086
0.000071
0.000021
-0.000021
0.000013
0.000094
0.000088
-0.000005
-0.000066
-0.000072
-0.000097
-0.000157
-0.000180
-0.000104
0.000027
0.000087
0.000032
-0.000041
-0.000033
0.000033
0.000082
0.000087
0.000080
0.000076
0.000039
-0.000048
-0.000137
-0.000169
-0.000138
-0.000093
-0.000070
-0.000062
-0.000045
-0.000016
0.000008
0.000024
0.000055
0.000117
0.000177
0.000163
0.000061
-0.000040
-0.000050
0.000003
0.000050
0.000064
0.000034
-0.000030
-0.000062
-0.000009
0.000069
0.000068
0.000002
-0.000012
0.000051
0.000107
0.000082
-0.000022
-0.000132
-0.000182
-0.000164
-0.000097
-0.000014
0.000051
0.000078
0.000067
0.000031
-0.000014
-0.000035
0.000001
0.000048
0.000030
-0.000046
-0.000094
-0.000065
0.000008
0.000051
0.000018
-0.000040
-0.000037
0.000012
0.000037
0.000051
0.000079
0.000062
-0.000014
-0.000061
-0.000044
-0.000025
-0.000051
-0.000089
-0.000075
-0.000023
-0.000007
-0.000037
-0.000048
-0.000014
0.000024
0.000061
0.000107
0.000114
0.000048
-0.000014
0.000006
0.000074
0.000136
0.000154
0.000031
-0.000249
-0.000460
-0.000428
-0.000299
-0.000257
-0.000227
-0.000062
0.000154
0.000232
0.000195
0.000210
0.000310
0.000386
0.000374
0.000306
0.000225
0.000173
0.000172
0.000170
0.000115
0.000044
-0.000007
-0.000073
-0.000148
-0.000189
-0.000192
-0.000163
-0.000128
-0.000138
-0.000168
-0.000156
-0.000142
-0.000160
-0.000134
-0.000022
0.000094
0.000121
0.000077
0.000055
0.000104
0.000177
0.000173
0.000046
-0.000089
-0.000074
0.000042
0.000052
-0.000105
-0.000251
-0.000235
-0.000145
-0.000131
-0.000158
-0.000133
-0.000101
-0.000126
-0.000125
-0.000021
0.000103
0.000163
0.000195
0.000233
0.000221
0.000140
0.000075
0.000069
0.000068
0.000022
-0.000053
-0.000080
-0.000039
-0.000007
-0.000024
-0.000042
-0.000026
0.000017
0.000069
0.000107
0.000103
0.000071
0.000051
0.000032
-0.000030
-0.000081
-0.000026
0.000058
0.000011
-0.000105
-0.000107
-0.000010
0.000022
-0.000060
-0.000147
-0.000135
-0.000064
-0.000069
-0.000153
-0.000156
-0.000016
0.000125
0.000131
0.000047
0.000014
0.000056
0.000082
0.000048
0.000015
0.000046
0.000108
0.000117
0.000071
0.000043
