6561
0.000044
-0.000003
-0.000054
-0.000070
-0.000032
0.000029
0.000050
0.000033
0.000041
0.000107
0.000181
0.000186
0.000120
0.000034
-0.000029
-0.000034
-0.000004
0.000019
0.000054
0.000092
0.000051
-0.000082
-0.000185
-0.000155
-0.000049
0.000025
0.000048
0.000052
0.000054
0.000065
0.000075
0.000037
-0.000033
-0.000074
-0.000107
-0.000175
-0.000187
-0.000086
0.000004
-0.000005
-0.000006
0.000086
0.000170
0.000135
0.000047
0.000019
0.000035
0.000019
-0.000024
-0.000039
-0.000045
-0.000095
-0.000148
-0.000120
-0.000031
0.000036
0.000072
0.000100
0.000093
0.000064
0.000070
0.000083
0.000058
0.000027
0.000009
-0.000012
-0.000034
-0.000053
-0.000075
-0.000101
-0.000099
-0.000049
0.000000
0.000004
0.000012
0.000110
0.000282
0.000350
0.000146
-0.000203
-0.000405
-0.000418
-0.000391
-0.000349
-0.000214
-0.000009
0.000119
0.000112
0.000086
0.000132
0.000209
0.000269
0.000329
0.000393
0.000406
0.000316
0.000145
-0.000039
-0.000160
-0.000177
-0.000133
-0.000098
-0.000083
-0.000045
0.000018
0.000025
-0.000052
-0.000123
-0.000117
-0.000083
-0.000082
-0.000099
-0.000090
-0.000055
-0.000016
0.000005
-0.000025
-0.000081
-0.000079
-0.000004
0.000071
0.000103
0.000084
0.000034
0.000011
0.000034
0.000049
0.000012
-0.000045
-0.000060
-0.000034
-0.000026
-0.000055
-0.000082
-0.000079
-0.000054
-0.000016
0.000008
-0.000011
-0.000037
-0.000019
0.000021
0.000042
0.000043
0.000047
0.000075
0.000114
0.000111
0.000040
-0.000035
-0.000038
0.000023
0.000066
0.000033
-0.000032
-0.000051
-0.000034
-0.000016
0.000012
0.000043
0.000052
0.000073
0.000101
0.000069
0.000004
0.000005
0.000033
-0.000021
-0.000126
-0.000183
-0.000181
-0.000158
-0.000128
-0.000112
-0.000130
-0.000124
-0.000035
0.000088
0.000159
0.000183
0.000217
0.000239
0.000209
0.000161
0.000114
0.000040
-0.000032
-0.000037
-0.000020
-0.000054
-0.000076
-0.000039
-0.000033
-0.000087
-0.000124
-0.000115
-0.000080
-0.000041
-0.000026
-0.000048
-0.000078
-0.000078
-0.000040
0.000009
0.000040
0.000067
0.000103
0.000101
0.000041
0.000009
0.000061
0.000100
0.000045
-0.000029
-0.000044
-0.000025
-0.000006
-0.000000
-0.000018
-0.000029
0.000005
0.000058
0.000064
0.000022
-0.000016
-0.000035
-0.000063
-0.000094
-0.000065
0.000036
0.000097
0.000045
-0.000052
-0.000104
-0.000078
-0.000009
-0.000013
-0.000114
-0.000093
0.000171
0.000411
0.000416
0.000310
0.000219
0.000112
-0.000002
-0.000069
-0.000120
-0.000224
-0.000332
-0.000342
-0.000270
-0.000204
-0.000146
-0.000074
-0.000024
-0.000029
-0.000073
-0.000103
-0.000096
-0.000073
-0.000021
0.000049
0.000057
0.000004
-0.000000
0.000072
0.000135
0.000146
0.000152
0.000174
0.000165
0.000087
-0.000013
-0.000016
0.000069
0.000099
0.000060
0.000017
-0.000072
-0.000203
-0.000233
-0.000119
-0.000009
0.000018
0.000041
0.000095
0.000122
0.000117
0.000101
0.000069
0.000052
0.000070
0.000073
0.000031
-0.000008
-0.000000
0.000019
0.000000
-0.000020
0.000005
0.000024
-0.000013
-0.000079
-0.000119
-0.000099
-0.000058
-0.000064
-0.000099
-0.000086
-0.000029
0.000013
0.000028
0.000033
0.000013
-0.000005
0.000026
0.000070
0.000060
0.000003
-0.000049
-0.000061
-0.000050
-0.000064
-0.000106
-0.000111
-0.000045
0.000038
0.000081
0.000106
0.000136
0.000130
0.000070
0.000003
-0.000019
0.000031
0.000117
0.000126
0.000014
-0.000087
-0.000055
0.000019
-0.000001
-0.000068
-0.000064
-0.000007
0.000027
0.000038
0.000040
0.000006
-0.000060
-0.000110
-0.000115
-0.000100
-0.000076
-0.000025
0.000018
-0.000001
-0.000031
-0.000011
0.000023
0.000039
0.000056
0.000070
0.000092
0.000108
0.000060
-0.000026
-0.000062
-0.000051
-0.000034
-0.000016
0.000002
0.000002
-0.000004
0.000011
0.000045
0.000067
0.000062
0.000034
-0.000001
-0.000028
-0.000029
-0.000009
-0.000012
-0.000050
-0.000092
-0.000110
-0.000100
-0.000065
-0.000012
0.000029
0.000032
0.000020
0.000024
0.000053
0.000110
0.000120
-0.000014
-0.000201
-0.000272
-0.000232
-0.000182
-0.000147
-0.000107
-0.000046
0.000057
0.000167
0.000218
0.000223
0.000254
0.000320
0.000365
0.000363
0.000306
0.000181
0.000029
-0.000089
-0.000177
-0.000239
-0.000265
-0.000256
-0.000196
-0.000078
0.000023
0.000022
-0.000063
-0.000132
-0.000108
-0.000013
0.000068
0.000085
0.000054
0.000011
0.000002
0.000043
0.000082
0.000072
0.000044
0.000049
0.000072
0.000048
-0.000063
-0.000175
-0.000172
-0.000088
-0.000036
-0.000029
0.000004
0.000050
0.000017
-0.000072
-0.000089
-0.000008
0.000059
0.000041
-0.000013
-0.000038
-0.000027
-0.000011
-0.000029
-0.000082
-0.000109
-0.000044
0.000082
0.000134
0.000067
-0.000005
-0.000007
0.000017
0.000024
0.000013
-0.000012
-0.000026
-0.000026
-0.000043
-0.000051
0.000037
0.000187
0.000233
0.000141
0.000044
0.000024
0.000060
0.000085
0.000055
0.000004
-0.000021
-0.000044
-0.000092
-0.000149
-0.000193
-0.000216
-0.000215
-0.000195
-0.000161
-0.000079
0.000084
0.000237
0.000242
0.000148
0.000107
0.000124
0.000102
0.000041
-0.000000
-0.000014
-0.000013
-0.000009
-0.000016
-0.000027
-0.000021
-0.000029
-0.000071
-0.000096
-0.000077
-0.000063
-0.000065
-0.000042
0.000002
0.000024
0.000017
0.000008
0.000021
0.000039
0.000038
0.000010
-0.000042
-0.000082
-0.000061
-0.000002
0.000029
0.000033
0.000046
0.000063
0.000062
0.000055
0.000058
0.000063
0.000071
0.000077
0.000043
-0.000027
-0.000066
-0.000053
-0.000045
-0.000052
-0.000043
-0.000024
-0.000017
-0.000016
-0.000010
-0.000002
0.000006
0.000024
0.000018
-0.000082
-0.000191
-0.000090
0.000184
0.000357
0.000363
0.000333
0.000268
0.000097
-0.000083
-0.000143
-0.000139
-0.000190
-0.000273
-0.000302
-0.000280
-0.000236
-0.000158
-0.000082
-0.000082
-0.000100
-0.000061
-0.000036
-0.000069
-0.000054
0.000043
0.000083
0.000027
0.000011
0.000082
0.000151
0.000182
0.000180
0.000148
0.000128
0.000122
0.000064
-0.000023
-0.000042
-0.000002
0.000005
-0.000016
-0.000004
0.000025
-0.000008
-0.000093
-0.000112
-0.000030
0.000041
0.000050
0.000062
0.000091
0.000088
0.000052
0.000021
0.000004
-0.000024
-0.000057
-0.000060
-0.000030
0.000010
0.000023
-0.000018
-0.000047
0.000005
0.000076
0.000067
-0.000011
-0.000053
0.000012
0.000119
0.000132
0.000047
-0.000027
-0.000052
-0.000071
-0.000107
-0.000122
-0.000067
0.000013
0.000019
-0.000038
-0.000067
-0.000073
-0.000117
-0.000173
-0.000167
-0.000098
-0.000036
-0.000007
0.000027
0.000079
0.000114
0.000128
0.000133
0.000129
0.000109
0.000044
-0.000025
0.000022
0.000175
0.000254
0.000188
0.000064
-0.000021
-0.000022
0.000002
-0.000073
-0.000209
-0.000226
-0.000099
-0.000003
-0.000008
-0.000013
0.000021
0.000022
-0.000063
-0.000166
-0.000170
-0.000084
-0.000012
0.000016
0.000033
0.000046
0.000049
0.000052
0.000068
0.000096
0.000116
0.000092
0.000013
-0.000043
-0.000012
0.000033
0.000015
-0.000061
-0.000164
-0.000226
-0.000162
-0.000005
0.000101
0.000101
0.000075
0.000085
0.000092
0.000066
0.000035
0.000025
0.000018
-0.000004
-0.000014
-0.000002
-0.000011
-0.000054
-0.000057
0.000029
0.000123
0.000122
0.000081
0.000115
0.000146
-0.000005
-0.000270
-0.000427
-0.000447
-0.000412
-0.000326
-0.000181
-0.000025
0.000079
0.000136
0.000210
0.000304
0.000338
0.000305
0.000271
0.000262
0.000234
0.000159
0.000097
0.000093
0.000048
-0.000116
-0.000258
-0.000218
-0.000065
0.000008
-0.000067
-0.000151
-0.000077
0.000099
0.000142
-0.000020
-0.000184
-0.000142
0.000048
0.000143
0.000025
-0.000153
-0.000174
-0.000014
0.000135
0.000111
-0.000007
-0.000025
0.000076
0.000132
0.000030
-0.000131
-0.000153
-0.000032
0.000054
0.000027
-0.000041
-0.000076
-0.000059
-0.000031
-0.000059
-0.000140
-0.000180
-0.000116
0.000011
0.000107
0.000102
0.000030
0.000022
0.000088
0.000086
-0.000023
-0.000097
-0.000043
0.000051
0.000065
0.000018
0.000023
0.000108
0.000168
0.000112
-0.000011
-0.000097
-0.000102
-0.000045
0.000007
-0.000015
-0.000057
0.000001
0.000147
0.000205
0.000087
-0.000078
-0.000120
-0.000031
0.000065
0.000064
-0.000045
-0.000171
-0.000223
-0.000205
-0.000172
-0.000121
-0.000026
0.000093
0.000164
0.000172
0.000161
0.000138
0.000103
0.000081
0.000069
0.000038
-0.000002
-0.000033
-0.000059
-0.000061
-0.000018
-0.000002
-0.000069
-0.000125
-0.000086
-0.000024
-0.000030
-0.000066
-0.000036
0.000039
0.000061
0.000035
0.000036
0.000057
0.000038
-0.000018
-0.000049
-0.000022
0.000025
0.000023
-0.000011
0.000020
0.000112
0.000122
0.000017
-0.000069
-0.000061
-0.000010
0.000033
0.000043
0.000011
-0.000034
-0.000051
-0.000040
-0.000044
-0.000079
-0.000070
0.000043
0.000165
0.000160
0.000047
-0.000042
-0.000061
-0.000068
-0.000078
-0.000076
-0.000093
-0.000098
0.000024
0.000224
0.000323
0.000302
0.000263
0.000221
0.000129
0.000003
-0.000084
-0.000136
-0.000218
-0.000309
-0.000333
-0.000304
-0.000246
-0.000161
-0.000114
-0.000143
-0.000140
-0.000029
0.000059
-0.000008
-0.000128
-0.000137
-0.000068
-0.000037
0.000006
0.000156
0.000323
0.000359
0.000294
0.000227
0.000168
0.000107
0.000070
0.000064
0.000059
0.000026
-0.000025
-0.000056
-0.000066
-0.000069
-0.000048
-0.000002
0.000007
-0.000036
-0.000069
-0.000069
-0.000069
-0.000070
-0.000062
-0.000035
0.000013
0.000045
0.000033
0.000008
0.000002
0.000018
0.000031
0.000026
0.000015
0.000010
0.000017
0.000016
-0.000025
-0.000045
0.000028
0.000117
0.000106
0.000025
-0.000011
0.000017
0.000045
0.000034
-0.000020
-0.000100
-0.000148
-0.000114
-0.000056
-0.000053
-0.000075
-0.000063
-0.000043
-0.000073
-0.000110
-0.000060
0.000035
0.000068
0.000049
0.000058
0.000097
0.000102
0.000065
0.000066
0.000116
0.000086
-0.000072
-0.000164
-0.000066
0.000059
0.000068
0.000055
0.000105
0.000130
0.000061
-0.000032
-0.000075
-0.000074
-0.000046
0.000004
0.000034
0.000007
-0.000036
-0.000035
0.000002
0.000005
-0.000048
-0.000070
-0.000021
0.000024
0.000014
-0.000020
-0.000048
-0.000070
-0.000084
-0.000070
-0.000020
0.000030
0.000043
0.000041
0.000057
0.000071
0.000056
0.000024
-0.000012
-0.000063
-0.000086
0.000016
0.000204
0.000256
-0.000161
-0.001650
-0.003822
-0.003401
0.002178
0.008452
0.007573
-0.000456
-0.006357
-0.003501
0.003395
0.004964
-0.000208
-0.004519
-0.002442
0.002230
0.002348
-0.002601
-0.006489
-0.005122
-0.000611
0.002318
0.001620
-0.000331
0.000032
0.002500
0.003496
0.001721
-0.000102
0.000173
0.001181
0.000948
-0.000016
-0.000192
0.000274
0.000132
-0.000832
-0.001656
-0.001629
-0.000975
-0.000334
-0.000096
-0.000189
-0.000095
0.000415
0.000647
0.000056
-0.000639
-0.000526
0.000115
0.000417
0.000273
0.000286
0.000640
0.000875
0.000818
0.000565
-0.000121
-0.000985
-0.000860
0.000387
0.001059
0.000338
-0.000282
0.000277
0.000822
0.000260
-0.000414
-0.000154
0.000248
-0.000078
-0.000509
-0.000386
-0.000178
-0.000423
-0.000841
-0.001004
-0.001050
-0.001203
-0.001204
-0.000919
-0.000628
-0.000294
0.000273
0.000614
0.000432
0.000517
0.001246
0.001534
0.000857
0.000375
0.000788
0.001098
0.000590
0.000135
0.000420
0.000696
0.000293
-0.000231
-0.000263
-0.000058
-0.000037
-0.000161
-0.000195
-0.000112
-0.000086
-0.000239
-0.000492
-0.000692
-0.000766
-0.000750
-0.000768
-0.000817
-0.000694
-0.000386
-0.000187
-0.000185
-0.000142
-0.000027
-0.000055
-0.000135
0.000089
0.000541
0.000760
0.000733
0.000802
0.000875
0.000667
0.000362
0.000285
0.000383
0.000430
0.000360
0.000219
0.000091
0.000038
-0.000036
-0.000227
-0.000406
-0.000432
-0.000394
-0.000409
-0.000398
-0.000255
-0.000090
-0.000110
-0.000334
-0.000585
-0.000694
-0.000612
-0.000397
-0.000151
0.000053
0.000200
0.000319
0.000380
0.000331
0.000241
0.000197
0.000159
0.000116
0.000157
0.000257
0.000288
0.000224
0.000151
0.000111
0.000091
0.000103
0.000155
0.000178
0.000108
0.000028
0.000049
0.000098
0.000027
-0.000142
-0.000295
-0.000367
-0.000296
-0.000090
0.000088
0.000148
0.000170
0.000158
-0.000002
-0.000264
-0.000424
-0.000423
-0.000388
-0.000388
-0.000363
-0.000248
-0.000063
0.000130
0.000241
0.000189
0.000080
0.000100
0.000199
0.000198
0.000115
0.000096
0.000161
0.000202
0.000156
0.000087
0.000093
0.000143
0.000139
0.000104
0.000097
0.000071
-0.000019
-0.000095
-0.000062
0.000041
0.000048
-0.000117
-0.000270
-0.000225
-0.000116
-0.000145
-0.000209
-0.000132
0.000003
0.000061
0.000073
0.000096
0.000087
0.000036
-0.000005
-0.000012
0.000007
0.000014
-0.000024
-0.000011
0.000119
0.000169
-0.000007
-0.000150
-0.000048
0.000035
-0.000111
-0.000185
-0.000004
0.000019
-0.000345
-0.000631
-0.000494
-0.000203
-0.000068
0.000005
0.000249
0.000613
0.000783
0.000628
0.000373
0.000203
-0.000026
-0.000430
-0.000735
-0.000594
-0.000097
0.000345
0.000528
0.000597
0.000697
0.000671
0.000341
-0.000075
-0.000230
-0.000180
-0.000195
-0.000230
-0.000095
0.000104
0.000140
0.000042
-0.000047
-0.000138
-0.000262
-0.000328
-0.000290
-0.000228
-0.000205
-0.000203
-0.000154
-0.000017
0.000124
0.000165
0.000156
0.000224
0.000301
0.000190
-0.000075
-0.000220
-0.000169
-0.000140
-0.000223
-0.000230
-0.000065
0.000109
0.000126
0.000025
-0.000011
0.000136
0.000353
0.000372
0.000170
0.000048
0.000114
0.000112
-0.000080
-0.000258
-0.000293
-0.000286
-0.000306
-0.000317
-0.000368
-0.000472
-0.000438
-0.000160
0.000095
0.000043
-0.000147
-0.000101
0.000112
0.000093
-0.000142
-0.000188
-0.000017
0.000031
-0.000022
0.000108
0.000311
0.000353
0.000207
-0.000483
-0.001982
-0.003176
-0.002642
-0.000988
0.000102
0.000606
0.001596
0.002873
0.003473
0.003523
0.003633
0.003435
0.002372
0.001019
0.000370
0.000505
0.000728
0.000572
0.000217
0.000037
0.000047
-0.000025
-0.000399
-0.001140
-0.002159
-0.003188
-0.003939
-0.004277
-0.004149
-0.003590
-0.002937
-0.002512
-0.002106
-0.001463
-0.000817
-0.000204
0.000596
0.001043
0.000589
0.000222
0.000977
0.001952
0.002028
0.001849
0.002406
0.003440
0.004151
0.004199
0.003889
0.003689
0.003348
0.002300
0.001065
0.000581
0.000357
-0.000550
-0.001583
-0.001807
-0.001636
-0.001822
-0.002280
-0.002737
-0.003135
-0.003375
-0.003532
-0.003658
-0.003396
-0.002729
-0.002272
-0.002040
-0.001314
-0.000160
0.000555
0.000711
0.000971
0.001512
0.001909
0.001956
0.001921
0.002157
0.002614
0.002856
0.002761
0.002710
0.002781
0.002568
0.001983
0.001390
0.000973
0.000531
-0.000212
-0.001265
-0.002192
-0.002578
-0.002989
-0.004781
-0.007771
-0.008895
-0.005894
-0.001680
-0.000663
-0.001409
0.000793
0.004994
0.006219
0.004830
0.005126
0.006315
0.004439
0.001000
0.000581
0.002585
0.003106
0.001903
0.001412
0.001998
0.002435
0.002287
0.001463
-0.000280
-0.002435
-0.004094
-0.005238
-0.006231
-0.006589
-0.005833
-0.004887
-0.004746
-0.004337
-0.002202
0.000257
0.000480
-0.000811
-0.000871
0.000130
-0.000007
-0.000784
-0.000045
0.001559
0.001940
0.001819
0.003143
0.005178
0.005965
0.005518
0.004827
0.003991
0.003066
0.002483
0.001935
0.000842
-0.000209
-0.000295
0.000195
0.000386
0.000385
0.000407
-0.000280
-0.001931
-0.003255
-0.003451
-0.003662
-0.004769
-0.005690
-0.005360
-0.004337
-0.003399
-0.002464
-0.001449
-0.000628
-0.000055
0.000388
0.000722
0.001071
0.001458
0.001574
0.001493
0.001861
0.002747
0.003383
0.003411
0.003337
0.003486
0.003432
0.002804
0.001940
0.001314
0.000816
0.000065
-0.000707
-0.000765
-0.000224
-0.000256
-0.001142
-0.001630
-0.001174
-0.000926
-0.001714
-0.002932
-0.003798
-0.004115
-0.004333
-0.005846
-0.008885
-0.009873
-0.005828
-0.000670
0.000250
-0.000197
0.003682
0.009017
0.009589
0.007533
0.008272
0.009629
0.006941
0.002800
0.002151
0.003679
0.003470
0.001898
0.001488
0.002274
0.002746
0.002334
0.001122
-0.000860
-0.003166
-0.005100
-0.006753
-0.008618
-0.009978
-0.009588
-0.008235
-0.007698
-0.007031
-0.004086
-0.000552
0.000123
-0.000918
-0.000126
0.001636
0.001270
-0.000173
0.000142
0.001369
0.001639
0.002172
0.004181
0.006137
0.007025
0.007688
0.008032
0.007319
0.006319
0.005415
0.003391
0.000740
-0.000285
-0.000141
-0.001056
-0.002165
-0.001463
-0.000442
-0.001228
-0.002404
-0.002332
-0.002482
-0.004034
-0.005591
-0.006182
-0.006446
-0.006524
-0.006027
-0.005209
-0.004111
-0.002319
-0.000435
0.000555
0.001187
0.002361
0.003309
0.003083
0.002583
0.002968
0.003628
0.003521
0.003142
0.003500
0.004241
0.004365
0.003874
0.003385
0.002945
0.002266
0.001381
0.000415
-0.000557
-0.001241
-0.001513
-0.001878
-0.002523
-0.002714
-0.002253
-0.002128
-0.002703
-0.003195
-0.003505
-0.004209
-0.004752
-0.004432
-0.004722
-0.007183
-0.009346
-0.007159
-0.001930
0.000867
0.000771
0.002914
0.007956
0.010460
0.009180
0.009034
0.011004
0.010315
0.006248
0.003660
0.003872
0.003419
0.001528
0.000668
0.001038
0.000996
0.000674
0.000591
-0.000283
-0.002206
-0.003840
-0.005138
-0.007422
-0.010157
-0.011161
-0.010299
-0.009598
-0.009330
-0.007477
-0.003886
-0.001260
-0.000587
0.000494
0.002915
0.004087
0.002826
0.001695
0.002244
0.002811
0.002568
0.002856
0.003985
0.005123
0.006442
0.007861
0.008173
0.007606
0.007464
0.006833
0.004225
0.001347
0.000308
-0.000447
-0.002689
-0.004454
-0.003878
-0.002878
-0.003336
-0.003873
-0.003260
-0.002913
-0.003935
-0.005277
-0.005955
-0.006271
-0.006543
-0.006605
-0.006230
-0.005019
-0.002843
-0.000609
0.000849
0.002211
0.004170
0.005642
0.005606
0.005112
0.005262
0.005216
0.004175
0.003133
0.003019
0.003244
0.003120
0.002887
0.002835
0.002787
0.002515
0.001884
0.000906
-0.000150
-0.001104
-0.002138
-0.003299
-0.004127
-0.004255
-0.004025
-0.004058
-0.004436
-0.004623
-0.004257
-0.003706
-0.003424
-0.003239
-0.003437
-0.005226
-0.007665
-0.006881
-0.002279
0.000952
0.000529
0.001593
0.006790
0.010734
0.010329
0.010265
0.012796
0.013029
0.008950
0.005336
0.004600
0.003650
0.001133
-0.000707
-0.001228
-0.001801
-0.002348
-0.002102
-0.001856
-0.002537
-0.003553
-0.004381
-0.005846
-0.008266
-0.010034
-0.009949
-0.009455
-0.009989
-0.009837
-0.007044
-0.003488
-0.001728
-0.000322
0.002808
0.005572
0.005558
0.004749
0.005409
0.005923
0.004793
0.003665
0.003791
0.004280
0.004724
0.005426
0.005866
0.005996
0.006629
0.006955
0.005441
0.003241
0.002299
0.001486
-0.000955
-0.003518
-0.004146
-0.004089
-0.005280
-0.006610
-0.006263
-0.005155
-0.005058
-0.005578
-0.005444
-0.004880
-0.004785
-0.005053
-0.004969
-0.004210
-0.002911
-0.001552
-0.000561
0.000522
0.002442
0.004570
0.005611
0.005873
0.006535
0.007139
0.006453
0.005089
0.004482
0.004262
0.003264
0.001874
0.001200
0.001156
0.000965
0.000476
0.000023
-0.000239
-0.000524
-0.001164
-0.002056
-0.002665
-0.002914
-0.003432
-0.004487
-0.005395
-0.005525
-0.005262
-0.005239
-0.005122
-0.004120
-0.002667
-0.002586
-0.004583
-0.006030
-0.003771
0.000471
0.001899
0.000850
0.002611
0.007489
0.009889
0.008946
0.009783
0.012841
0.012769
0.008888
0.006195
0.005950
0.004725
0.001792
-0.000475
-0.001678
-0.003012
-0.004173
-0.004457
-0.004502
-0.004873
-0.005179
-0.005496
-0.006512
-0.007923
-0.008486
-0.008051
-0.007984
-0.008716
-0.008543
-0.006463
-0.004239
-0.003170
-0.001457
0.002041
0.004838
0.005152
0.005227
0.006821
0.007847
0.006840
0.005824
0.005977
0.005695
0.004666
0.004488
0.004933
0.004614
0.004186
0.004551
0.004427
0.003152
0.002279
0.002033
0.000579
-0.001897
-0.003271
-0.003853
-0.005557
-0.007484
-0.007511
-0.006662
-0.007012
-0.007561
-0.006519
-0.004887
-0.004239
-0.003904
-0.002908
-0.001832
-0.001185
-0.000496
0.000412
0.001298
0.002291
0.003367
0.004052
0.004518
0.005430
0.006424
0.006538
0.005974
0.005617
0.005353
0.004444
0.003009
0.001857
0.001124
0.000188
-0.001055
-0.001901
-0.002039
-0.002044
-0.002325
-0.002534
-0.002369
-0.002121
-0.002207
-0.002749
-0.003513
-0.004021
-0.004234
-0.004791
-0.005690
-0.005647
-0.004196
-0.003313
-0.004831
-0.006783
-0.005280
-0.000629
0.002313
0.001859
0.002543
0.006874
0.010311
0.009668
0.009191
0.012076
0.013826
0.010688
0.006618
0.005652
0.005314
0.002742
-0.000154
-0.001457
-0.002470
-0.003990
-0.004857
-0.004881
-0.005038
-0.005328
-0.005428
-0.006034
-0.007399
-0.008268
-0.007862
-0.007379
-0.007982
-0.008551
-0.007382
-0.005222
-0.003914
-0.002761
0.000089
0.003419
0.004571
0.004444
0.005868
0.008098
0.008336
0.007119
0.006765
0.006648
0.005260
0.004063
0.004501
0.004807
0.003705
0.003005
0.003544
0.003381
0.002080
0.001549
0.001614
0.000165
-0.002247
-0.003314
-0.003606
-0.005108
-0.006886
-0.007136
-0.006921
-0.007550
-0.007657
-0.006280
-0.004952
-0.004497
-0.003689
-0.002204
-0.001136
-0.000488
0.000526
0.001543
0.002022
0.002570
0.003510
0.004177
0.004506
0.005121
0.005765
0.005685
0.005167
0.004967
0.004857
0.004136
0.002958
0.001967
0.001158
0.000130
-0.000937
-0.001531
-0.001769
-0.002189
-0.002750
-0.002934
-0.002713
-0.002526
-0.002528
-0.002679
-0.003081
-0.003547
-0.003721
-0.003892
-0.004402
-0.004494
-0.003461
-0.002402
-0.003035
-0.004999
-0.005626
-0.003145
0.000382
0.001494
0.001032
0.003126
0.007472
0.009333
0.008539
0.009846
0.013079
0.012800
0.008725
0.006220
0.006281
0.004886
0.001440
-0.000992
-0.002141
-0.003905
-0.005759
-0.006120
-0.005555
-0.005325
-0.005356
-0.005384
-0.005751
-0.006334
-0.006406
-0.005956
-0.005953
-0.006769
-0.007287
-0.006477
-0.005046
-0.003989
-0.002511
0.000168
0.002427
0.002920
0.003599
0.006249
0.008723
0.008747
0.007919
0.007989
0.007480
0.005555
0.004333
0.004558
0.004027
0.002144
0.001070
0.001435
0.001546
0.000884
0.000472
0.000436
0.000091
-0.000668
-0.001641
-0.002718
-0.003623
-0.004401
-0.005550
-0.006873
-0.007427
-0.007097
-0.006710
-0.006454
-0.005799
-0.004663
-0.003376
-0.002023
-0.000565
0.000933
0.002296
0.003236
0.003735
0.004240
0.004932
0.005295
0.005066
0.004713
0.004481
0.004097
0.003587
0.003309
0.003214
0.002920
0.002358
0.001760
0.001258
0.000806
0.000254
-0.000529
-0.001404
-0.002079
-0.002513
-0.002841
-0.003148
-0.003554
-0.004109
-0.004508
-0.004453
-0.004255
-0.004313
-0.004292
-0.003747
-0.002934
-0.002314
-0.002347
-0.003475
-0.004589
-0.003310
-0.000117
0.001321
0.000575
0.001889
0.006078
0.008411
0.007776
0.008846
0.012252
0.012750
0.009364
0.007087
0.007273
0.006071
0.002548
-0.000217
-0.001548
-0.003479
-0.005884
-0.006828
-0.006329
-0.005976
-0.006146
-0.006162
-0.005961
-0.005889
-0.005646
-0.004843
-0.004270
-0.004913
-0.005828
-0.005306
-0.003947
-0.003472
-0.003167
-0.001355
0.000844
0.001536
0.001993
0.004143
0.006589
0.007266
0.007098
0.007508
0.007573
0.006490
0.005517
0.005325
0.004669
0.003006
0.001580
0.001128
0.000869
0.000221
-0.000387
-0.000655
-0.000869
-0.001175
-0.001449
-0.001688
-0.001972
-0.002402
-0.003137
-0.004120
-0.004894
-0.005154
-0.005258
-0.005631
-0.005964
-0.005641
-0.004694
-0.003619
-0.002498
-0.001089
0.000443
0.001684
0.002626
0.003540
0.004430
0.005003
0.005086
0.004836
0.004533
0.004273
0.003876
0.003201
0.002421
0.001792
0.001351
0.001024
0.000796
0.000653
0.000521
0.000291
-0.000073
-0.000469
-0.000752
-0.000960
-0.001378
-0.002184
-0.003081
-0.003642
-0.003848
-0.004000
-0.004270
-0.004522
-0.004443
-0.003906
-0.003148
-0.002635
-0.002934
-0.003909
-0.003877
-0.001652
0.000723
0.000816
0.000590
0.003150
0.006412
0.006837
0.006598
0.009179
0.011764
0.010286
0.007328
0.007001
0.007385
0.005159
0.001970
0.000337
-0.001061
-0.003590
-0.005533
-0.005694
-0.005540
-0.006097
-0.006477
-0.006198
-0.005945
-0.005854
-0.005242
-0.004227
-0.003917
-0.004523
-0.004732
-0.003823
-0.002958
-0.002895
-0.002372
-0.000737
0.000410
0.000425
0.001223
0.003461
0.005066
0.005251
0.005665
0.006593
0.006519
0.005685
0.005702
0.006014
0.004913
0.003074
0.002289
0.002093
0.001083
-0.000189
-0.000569
-0.000565
-0.000974
-0.001304
-0.001138
-0.001032
-0.001259
-0.001588
-0.002175
-0.003050
-0.003600
-0.003790
-0.004449
-0.005536
-0.005982
-0.005588
-0.005115
-0.004592
-0.003408
-0.001766
-0.000445
0.000529
0.001734
0.003160
0.004216
0.004660
0.004702
0.004500
0.004111
0.003657
0.003220
0.002778
0.002329
0.001940
0.001650
0.001425
0.001269
0.001260
0.001326
0.001166
0.000672
0.000209
0.000026
-0.000283
-0.001107
-0.002088
-0.002766
-0.003333
-0.004060
-0.004690
-0.004942
-0.004927
-0.004727
-0.004211
-0.003442
-0.002960
-0.003402
-0.004277
-0.003722
-0.001208
0.000766
0.000601
0.000884
0.003667
0.006138
0.006034
0.006358
0.009201
0.010921
0.009003
0.006940
0.007315
0.007261
0.004753
0.002222
0.001037
-0.000752
-0.003461
-0.004798
-0.004488
-0.004621
-0.005664
-0.006221
-0.005982
-0.005781
-0.005610
-0.004846
-0.003871
-0.003730
-0.004288
-0.004259
-0.003361
-0.002773
-0.002780
-0.002185
-0.000886
-0.000316
-0.000431
0.000537
0.002535
0.003617
0.003675
0.004322
0.005415
0.005613
0.005367
0.005780
0.006043
0.005040
0.003640
0.003012
0.002616
0.001606
0.000418
-0.000271
-0.000653
-0.001101
-0.001417
-0.001301
-0.000966
-0.000924
-0.001292
-0.001656
-0.001753
-0.001900
-0.002406
-0.003115
-0.003804
-0.004386
-0.004672
-0.004565
-0.004261
-0.003836
-0.003141
-0.002245
-0.001324
-0.000213
0.001159
0.002331
0.002982
0.003390
0.003745
0.003849
0.003721
0.003588
0.003344
0.002796
0.002184
0.001816
0.001625
0.001480
0.001407
0.001324
0.001042
0.000644
0.000476
0.000602
0.000586
0.000055
-0.000748
-0.001349
-0.001791
-0.002491
-0.003387
-0.003983
-0.004275
-0.004644
-0.004882
-0.004498
-0.003983
-0.004453
-0.005516
-0.005058
-0.002541
-0.000502
-0.000440
0.000095
0.002965
0.005605
0.005915
0.006455
0.009124
0.010819
0.009163
0.007078
0.007138
0.007093
0.004902
0.002458
0.001170
-0.000508
-0.002985
-0.004299
-0.004108
-0.004319
-0.005353
-0.005703
-0.005120
-0.004803
-0.004784
-0.004065
-0.002992
-0.002935
-0.003745
-0.003829
-0.002905
-0.002434
-0.002827
-0.002693
-0.001650
-0.001094
-0.001240
-0.000457
0.001453
0.002710
0.002957
0.003628
0.004762
0.005052
0.004820
0.005313
0.005828
0.004951
0.003474
0.002938
0.002740
0.001629
0.000341
0.000017
-0.000052
-0.000714
-0.001134
-0.000674
-0.000287
-0.000540
-0.000670
-0.000541
-0.001005
-0.001889
-0.002283
-0.002499
-0.003285
-0.004128
-0.004297
-0.004196
-0.004252
-0.004015
-0.003299
-0.002651
-0.002118
-0.001122
0.000253
0.001352
0.002072
0.002743
0.003314
0.003516
0.003459
0.003403
0.003284
0.002932
0.002450
0.002041
0.001762
0.001611
0.001567
0.001481
0.001211
0.000904
0.000879
0.001087
0.001016
0.000430
-0.000271
-0.000810
-0.001485
-0.002367
-0.003006
-0.003353
-0.003921
-0.004651
-0.004812
-0.004356
-0.004192
-0.004886
-0.005662
-0.005055
-0.002914
-0.001127
-0.000862
-0.000301
0.002157
0.004597
0.005210
0.005960
0.008427
0.010022
0.008767
0.007205
0.007395
0.007218
0.005094
0.002899
0.001669
-0.000126
-0.002568
-0.003776
-0.003762
-0.004275
-0.005251
-0.005340
-0.004831
-0.004772
-0.004681
-0.003676
-0.002527
-0.002534
-0.003266
-0.003198
-0.002217
-0.001775
-0.002295
-0.002405
-0.001552
-0.001075
-0.001440
-0.001084
0.000523
0.001720
0.001837
0.002251
0.003435
0.004206
0.004295
0.004605
0.005023
0.004737
0.004083
0.003766
0.003351
0.002297
0.001187
0.000644
0.000282
-0.000379
-0.000939
-0.000891
-0.000615
-0.000752
-0.001068
-0.000981
-0.000774
-0.001079
-0.001647
-0.001927
-0.002223
-0.002957
-0.003618
-0.003691
-0.003628
-0.003828
-0.003811
-0.003243
-0.002492
-0.001755
-0.000849
0.000104
0.000827
0.001475
0.002215
0.002765
0.002997
0.003207
0.003398
0.003267
0.002939
0.002761
0.002633
0.002354
0.002080
0.001900
0.001589
0.001167
0.000989
0.001055
0.000869
0.000228
-0.000435
-0.000808
-0.001249
-0.002060
-0.002855
-0.003285
-0.003655
-0.004167
-0.004430
-0.004405
-0.004855
-0.005916
-0.006118
-0.004409
-0.002358
-0.001929
-0.001859
0.000241
0.003208
0.004402
0.004897
0.007177
0.009691
0.009508
0.007966
0.007927
0.008334
0.006813
0.004339
0.002741
0.001123
-0.001468
-0.003551
-0.004133
-0.004551
-0.005629
-0.006206
-0.005682
-0.005097
-0.004835
-0.003933
-0.002367
-0.001636
-0.002144
-0.002312
-0.001348
-0.000699
-0.001368
-0.002024
-0.001584
-0.001286
-0.002081
-0.002428
-0.001089
0.000392
0.000542
0.000590
0.001865
0.003385
0.004086
0.004628
0.005392
0.005504
0.004838
0.004373
0.004167
0.003394
0.002218
0.001449
0.000866
-0.000187
-0.001198
-0.001306
-0.001018
-0.001327
-0.001857
-0.001627
-0.000974
-0.000924
-0.001302
-0.001332
-0.001342
-0.001988
-0.002741
-0.002857
-0.002760
-0.003051
-0.003327
-0.003116
-0.002743
-0.002425
-0.001855
-0.001074
-0.000474
0.000045
0.000798
0.001607
0.002223
0.002805
0.003349
0.003483
0.003259
0.003223
0.003429
0.003374
0.002941
0.002467
0.002027
0.001468
0.000911
0.000610
0.000481
0.000195
-0.000360
-0.000956
-0.001403
-0.001852
-0.002472
-0.003043
-0.003299
-0.003420
-0.003681
-0.004186
-0.005155
-0.006217
-0.005948
-0.004143
-0.003004
-0.003392
-0.002679
0.000409
0.002955
0.003441
0.004777
0.008146
0.010059
0.008960
0.008131
0.009162
0.009237
0.006940
0.004480
0.002931
0.000895
-0.001723
-0.003425
-0.004206
-0.005259
-0.006434
-0.006745
-0.006363
-0.005965
-0.005282
-0.003884
-0.002493
-0.002071
-0.002119
-0.001370
-0.000089
0.000143
-0.000692
-0.000909
-0.000393
-0.000803
-0.001963
-0.001849
-0.000588
-0.000224
-0.000606
0.000090
0.001549
0.002194
0.002478
0.003574
0.004717
0.004864
0.004733
0.005025
0.004954
0.004036
0.003016
0.002218
0.001203
0.000130
-0.000509
-0.001025
-0.001735
-0.002105
-0.001894
-0.001767
-0.001984
-0.001950
-0.001533
-0.001363
-0.001592
-0.001737
-0.001651
-0.001692
-0.002039
-0.002459
-0.002678
-0.002687
-0.002656
-0.002575
-0.002209
-0.001517
-0.000828
-0.000335
0.000245
0.001143
0.002091
0.002725
0.003060
0.003338
0.003643
0.003828
0.003725
0.003354
0.002903
0.002488
0.002006
0.001395
0.000866
0.000568
0.000249
-0.000341
-0.001006
-0.001448
-0.001764
-0.002198
-0.002660
-0.002891
-0.003048
-0.003851
-0.005593
-0.006926
-0.006154
-0.004260
-0.003912
-0.004719
-0.003510
-0.000262
0.001693
0.002196
0.004434
0.008046
0.009238
0.008017
0.008049
0.009585
0.009459
0.007262
0.005329
0.003865
0.001492
-0.001117
-0.002555
-0.003472
-0.004927
-0.006222
-0.006537
-0.006463
-0.006414
-0.005655
-0.004037
-0.002852
-0.002752
-0.002478
-0.001061
0.000300
0.000208
-0.000456
-0.000174
0.000292
-0.000540
-0.001601
-0.001059
-0.000011
-0.000500
-0.001489
-0.000763
0.001005
0.001786
0.001901
0.002731
0.003823
0.004201
0.004352
0.004845
0.005094
0.004637
0.003793
0.002721
0.001483
0.000576
0.000087
-0.000699
-0.001869
-0.002539
-0.002466
-0.002369
-0.002466
-0.002236
-0.001692
-0.001459
-0.001603
-0.001548
-0.001103
-0.000779
-0.001049
-0.001692
-0.002050
-0.001934
-0.001847
-0.002061
-0.002145
-0.001796
-0.001375
-0.001145
-0.000748
0.000121
0.001130
0.001789
0.002099
0.002453
0.003079
0.003729
0.003930
0.003583
0.003165
0.003065
0.002971
0.002483
0.001824
0.001275
0.000617
-0.000286
-0.001133
-0.001690
-0.002054
-0.002415
-0.002831
-0.003248
-0.003914
-0.005257
-0.006517
-0.006044
-0.004332
-0.003946
-0.004851
-0.003970
-0.001006
0.000820
0.001229
0.003351
0.006827
0.007954
0.006947
0.007440
0.009301
0.009241
0.007223
0.005746
0.004654
0.002349
-0.000250
-0.001565
-0.002459
-0.004184
-0.005873
-0.006381
-0.006270
-0.006266
-0.005780
-0.004381
-0.003131
-0.002935
-0.002802
-0.001471
0.000165
0.000418
-0.000169
0.000092
0.000677
0.000006
-0.001015
-0.000545
0.000307
-0.000478
-0.001603
-0.000860
0.000652
0.001028
0.001230
0.002408
0.003239
0.003081
0.003533
0.004794
0.005017
0.004133
0.003693
0.003397
0.002164
0.000937
0.000687
0.000239
-0.001154
-0.002203
-0.002265
-0.002317
-0.002659
-0.002614
-0.002268
-0.002206
-0.002250
-0.001960
-0.001468
-0.001119
-0.001090
-0.001370
-0.001622
-0.001520
-0.001345
-0.001440
-0.001505
-0.001277
-0.001061
-0.000933
-0.000507
0.000217
0.000861
0.001383
0.001897
0.002334
0.002789
0.003345
0.003595
0.003315
0.003018
0.002946
0.002562
0.001782
0.001317
0.001204
0.000604
-0.000544
-0.001376
-0.001659
-0.001922
-0.002306
-0.002780
-0.003918
-0.005687
-0.006408
-0.005170
-0.003944
-0.004473
-0.004868
-0.002887
-0.000301
0.000502
0.001300
0.004337
0.007261
0.007158
0.006113
0.007265
0.008969
0.008217
0.006079
0.004877
0.003789
0.001447
-0.000839
-0.001790
-0.002599
-0.004278
-0.005728
-0.006099
-0.006088
-0.005980
-0.005091
-0.003683
-0.003024
-0.003073
-0.002310
-0.000469
0.000723
0.000408
0.000010
0.000436
0.000379
-0.000748
-0.001158
-0.000121
0.000275
-0.000924
-0.001548
-0.000387
0.000728
0.000747
0.001147
0.002412
0.003077
0.003053
0.003769
0.004929
0.005015
0.004284
0.003839
0.003278
0.002121
0.001300
0.001034
0.000102
-0.001453
-0.002192
-0.002199
-0.002699
-0.003318
-0.003011
-0.002450
-0.002616
-0.002751
-0.001994
-0.001130
-0.001054
-0.001336
-0.001343
-0.001212
-0.001168
-0.001118
-0.001102
-0.001197
-0.001213
-0.001035
-0.000751
-0.000281
0.000474
0.001222
0.001614
0.001801
0.002188
0.002804
0.003258
0.003273
0.003058
0.002916
0.002697
0.002185
0.001695
0.001439
0.000884
-0.000281
-0.001331
-0.001650
-0.001752
-0.002410
-0.003760
-0.005332
-0.006098
-0.005409
-0.004411
-0.004560
-0.004744
-0.003029
-0.000617
0.000267
0.000991
0.003807
0.006752
0.006946
0.006098
0.007098
0.008543
0.007839
0.005969
0.004832
0.003614
0.001314
-0.000854
-0.001967
-0.002914
-0.004245
-0.005316
-0.005854
-0.006151
-0.005997
-0.005047
-0.003806
-0.003067
-0.002663
-0.001770
-0.000384
0.000509
0.000516
0.000567
0.001147
0.001172
0.000127
-0.000493
0.000133
0.000359
-0.000801
-0.001644
-0.000960
-0.000049
0.000129
0.000533
0.001557
0.002189
0.002340
0.003031
0.004110
0.004461
0.004091
0.003752
0.003328
0.002501
0.001829
0.001564
0.000853
-0.000593
-0.001698
-0.001886
-0.001982
-0.002485
-0.002717
-0.002434
-0.002429
-0.002817
-0.002646
-0.001769
-0.001241
-0.001456
-0.001612
-0.001279
-0.000971
-0.000981
-0.000991
-0.000926
-0.001016
-0.001119
-0.000922
-0.000459
0.000140
0.000799
0.001227
0.001377
0.001831
0.002801
0.003525
0.003543
0.003417
0.003489
0.003254
0.002518
0.001852
0.001441
0.000731
-0.000400
-0.001331
-0.001930
-0.002997
-0.004821
-0.006161
-0.005814
-0.004748
-0.004832
-0.005511
-0.004491
-0.002037
-0.000680
-0.000264
0.001803
0.005067
0.006415
0.005967
0.006641
0.008291
0.008226
0.006540
0.005413
0.004612
0.002616
0.000268
-0.000943
-0.001853
-0.003546
-0.005047
-0.005495
-0.005752
-0.006176
-0.005721
-0.004282
-0.003258
-0.003034
-0.002310
-0.000617
0.000684
0.000757
0.000664
0.001240
0.001488
0.000633
-0.000102
0.000311
0.000583
-0.000517
-0.001629
-0.001236
-0.000412
-0.000501
-0.000505
0.000599
0.001612
0.001570
0.001681
0.002848
0.003922
0.003952
0.003698
0.003775
0.003609
0.002910
0.002234
0.001721
0.000893
-0.000234
-0.001109
-0.001640
-0.002149
-0.002530
-0.002585
-0.002669
-0.002959
-0.002941
-0.002409
-0.001983
-0.001999
-0.001941
-0.001501
-0.001167
-0.001198
-0.001105
-0.000725
-0.000630
-0.000960
-0.001043
-0.000534
0.000127
0.000592
0.000980
0.001363
0.001721
0.002183
0.002747
0.003107
0.003152
0.003100
0.003002
0.002682
0.002154
0.001581
0.000959
0.000234
-0.000743
-0.002344
-0.004268
-0.005137
-0.004568
-0.004323
-0.005328
-0.005619
-0.003870
-0.002079
-0.001650
-0.000507
0.002524
0.004795
0.004704
0.004771
0.006656
0.008033
0.007179
0.005825
0.005290
0.004304
0.002211
0.000344
-0.000718
-0.001993
-0.003791
-0.005166
-0.005734
-0.005953
-0.005846
-0.005126
-0.004208
-0.003681
-0.003098
-0.001691
0.000005
0.000803
0.000875
0.001335
0.002010
0.001703
0.000661
0.000340
0.000600
-0.000093
-0.001521
-0.001881
-0.001112
-0.000820
-0.001067
-0.000508
0.000677
0.001226
0.001376
0.002167
0.003320
0.004004
0.004235
0.004209
0.003870
0.003535
0.003349
0.002676
0.001364
0.000307
-0.000182
-0.000863
-0.001863
-0.002373
-0.002366
-0.002683
-0.003305
-0.003377
-0.002791
-0.002258
-0.002109
-0.002036
-0.001728
-0.001258
-0.000948
-0.000928
-0.000934
-0.000758
-0.000615
-0.000683
-0.000659
-0.000278
0.000176
0.000352
0.000438
0.000824
0.001519
0.002164
0.002505
0.002679
0.002908
0.003018
0.002715
0.002202
0.001890
0.001662
0.001048
-0.000183
-0.001930
-0.003584
-0.004163
-0.003744
-0.003895
-0.005025
-0.005132
-0.003372
-0.001926
-0.001744
-0.000505
0.002497
0.004359
0.004012
0.004291
0.006294
0.007351
0.006288
0.005188
0.004868
0.003762
0.001686
0.000181
-0.000634
-0.001885
-0.003531
-0.004728
-0.005396
-0.005734
-0.005475
-0.004669
-0.004025
-0.003735
-0.003004
-0.001435
0.000091
0.000707
0.000917
0.001565
0.002174
0.001848
0.001184
0.001286
0.001461
0.000369
-0.001169
-0.001420
-0.000871
-0.001060
-0.001604
-0.001289
-0.000500
-0.000112
0.000247
0.001110
0.002134
0.002959
0.003476
0.003458
0.003270
0.003675
0.004101
0.003320
0.001930
0.001367
0.001142
0.000041
-0.001263
-0.001629
-0.001740
-0.002529
-0.003286
-0.003175
-0.002679
-0.002423
-0.002273
-0.002024
-0.001654
-0.001138
-0.000749
-0.000777
-0.000833
-0.000551
-0.000427
-0.000804
-0.000987
-0.000497
-0.000010
-0.000075
-0.000125
0.000411
0.001157
0.001582
0.001818
0.002199
0.002640
0.002728
0.002301
0.001853
0.001896
0.001962
0.001112
-0.000648
-0.002212
-0.002709
-0.002615
-0.003129
-0.004240
-0.004417
-0.003186
-0.002166
-0.001996
-0.000950
0.001529
0.003239
0.003214
0.003595
0.005430
0.006620
0.005887
0.004778
0.004296
0.003402
0.001765
0.000440
-0.000452
-0.001721
-0.003207
-0.004230
-0.004933
-0.005468
-0.005291
-0.004477
-0.003983
-0.003860
-0.003067
-0.001461
-0.000148
0.000390
0.000916
0.001859
0.002436
0.002067
0.001580
0.001804
0.001957
0.000990
-0.000392
-0.000881
-0.000770
-0.001119
-0.001647
-0.001451
-0.000832
-0.000530
-0.000241
0.000545
0.001479
0.002162
0.002681
0.002936
0.002841
0.002979
0.003496
0.003345
0.002224
0.001464
0.001463
0.000832
-0.000628
-0.001350
-0.001216
-0.001771
-0.002962
-0.003198
-0.002484
-0.002234
-0.002549
-0.002464
-0.001947
-0.001554
-0.001232
-0.000836
-0.000611
-0.000521
-0.000338
-0.000282
-0.000438
-0.000272
0.000307
0.000563
0.000357
0.000548
0.001385
0.001998
0.001973
0.001932
0.002143
0.002059
0.001555
0.001223
0.001175
0.000648
-0.000796
-0.002320
-0.002732
-0.002317
-0.002556
-0.003564
-0.003660
-0.002407
-0.001480
-0.001345
-0.000321
0.001824
0.003088
0.003043
0.003502
0.004790
0.005314
0.004858
0.004578
0.004275
0.003038
0.001541
0.000794
0.000104
-0.001339
-0.002766
-0.003505
-0.004171
-0.004914
-0.004863
-0.004060
-0.003664
-0.003789
-0.003282
-0.001901
-0.000724
-0.000219
0.000326
0.001212
0.001719
0.001509
0.001346
0.001705
0.001781
0.000941
-0.000006
-0.000222
-0.000230
-0.000652
-0.001027
-0.000965
-0.000890
-0.000829
-0.000237
0.000612
0.001003
0.001245
0.001858
0.002342
0.002386
0.002721
0.003443
0.003437
0.002492
0.001820
0.001738
0.001199
0.000056
-0.000672
-0.000902
-0.001524
-0.002454
-0.002761
-0.002438
-0.002290
-0.002478
-0.002510
-0.002234
-0.001872
-0.001519
-0.001199
-0.000997
-0.000837
-0.000578
-0.000342
-0.000217
0.000031
0.000479
0.000783
0.000828
0.001030
0.001570
0.001954
0.001813
0.001525
0.001530
0.001623
0.001396
0.000853
0.000123
-0.000854
-0.001788
-0.002070
-0.001932
-0.002282
-0.002878
-0.002566
-0.001585
-0.001169
-0.000904
0.000507
0.002251
0.002610
0.002345
0.003222
0.004486
0.004417
0.003641
0.003526
0.003370
0.002118
0.000686
0.000123
-0.000338
-0.001509
-0.002696
-0.003225
-0.003501
-0.003765
-0.003639
-0.003242
-0.003100
-0.002999
-0.002330
-0.001263
-0.000464
0.000031
0.000662
0.001278
0.001336
0.001077
0.001218
0.001517
0.001085
0.000103
-0.000369
-0.000296
-0.000575
-0.001160
-0.001187
-0.000767
-0.000705
-0.000793
-0.000269
0.000593
0.001103
0.001490
0.002135
0.002640
0.002748
0.002922
0.003190
0.002902
0.002151
0.001733
0.001525
0.000812
-0.000096
-0.000497
-0.000826
-0.001663
-0.002349
-0.002268
-0.002079
-0.002349
-0.002504
-0.002167
-0.001880
-0.001861
-0.001671
-0.001304
-0.001137
-0.001062
-0.000806
-0.000543
-0.000411
-0.000147
0.000308
0.000647
0.000884
0.001321
0.001796
0.001888
0.001759
0.001843
0.001957
0.001621
0.000903
0.000109
-0.000706
-0.001343
-0.001541
-0.001705
-0.002284
-0.002599
-0.001940
-0.001134
-0.000959
-0.000433
0.001104
0.002277
0.002231
0.002376
0.003533
0.004263
0.003797
0.003391
0.003541
0.003078
0.001728
0.000607
-0.000028
-0.000973
-0.002250
-0.003191
-0.003764
-0.004204
-0.004245
-0.003814
-0.003426
-0.003190
-0.002549
-0.001428
-0.000502
-0.000029
0.000465
0.001134
0.001477
0.001300
0.001158
0.001370
0.001337
0.000643
-0.000055
-0.000158
-0.000157
-0.000581
-0.000979
-0.000895
-0.000721
-0.000734
-0.000480
0.000204
0.000777
0.001032
0.001401
0.002020
0.002475
0.002601
0.002656
0.002669
0.002389
0.001876
0.001426
0.001009
0.000432
-0.000163
-0.000587
-0.001012
-0.001530
-0.001851
-0.001886
-0.001962
-0.002136
-0.002071
-0.001747
-0.001512
-0.001386
-0.001117
-0.000815
-0.000766
-0.000831
-0.000726
-0.000564
-0.000514
-0.000397
-0.000115
0.000127
0.000319
0.000636
0.000945
0.001096
0.001294
0.001580
0.001597
0.001171
0.000489
-0.000179
-0.000553
-0.000628
-0.000920
-0.001594
-0.001857
-0.001330
-0.000887
-0.000840
-0.000129
0.001390
0.002246
0.002125
0.002519
0.003683
0.004091
0.003432
0.002919
0.002702
0.001959
0.000935
0.000317
-0.000298
-0.001369
-0.002353
-0.002906
-0.003441
-0.003911
-0.003799
-0.003356
-0.003211
-0.003087
-0.002363
-0.001335
-0.000638
-0.000132
0.000590
0.001267
0.001439
0.001327
0.001481
0.001769
0.001545
0.000784
0.000192
0.000029
-0.000231
-0.000773
-0.001069
-0.000963
-0.000908
-0.000901
-0.000545
0.000013
0.000430
0.000893
0.001547
0.002043
0.002301
0.002654
0.002914
0.002606
0.002102
0.001988
0.001793
0.000952
0.000099
-0.000209
-0.000628
-0.001509
-0.002052
-0.001967
-0.002002
-0.002338
-0.002362
-0.001980
-0.001630
-0.001406
-0.001204
-0.001104
-0.001058
-0.000828
-0.000486
-0.000321
-0.000253
-0.000035
0.000189
0.000204
0.000269
0.000628
0.000940
0.000878
0.000785
0.001060
0.001337
0.000972
0.000110
-0.000407
-0.000276
-0.000243
-0.000908
-0.001584
-0.001334
-0.000630
-0.000465
-0.000428
0.000458
0.001683
0.002114
0.002109
0.002698
0.003551
0.003696
0.003298
0.002982
0.002546
0.001694
0.000799
0.000039
-0.000892
-0.001895
-0.002609
-0.003217
-0.003874
-0.004070
-0.003659
-0.003387
-0.003481
-0.003138
-0.002068
-0.001045
-0.000488
0.000104
0.000974
0.001595
0.001669
0.001642
0.001835
0.001874
0.001399
0.000713
0.000275
0.000005
-0.000395
-0.000839
-0.001069
-0.001094
-0.001032
-0.000844
-0.000467
0.000029
0.000520
0.000937
0.001303
0.001704
0.002179
0.002600
0.002742
0.002554
0.002270
0.002084
0.001830
0.001253
0.000486
-0.000160
-0.000729
-0.001404
-0.001968
-0.002118
-0.002118
-0.002347
-0.002569
-0.002380
-0.001927
-0.001558
-0.001280
-0.000980
-0.000712
-0.000475
-0.000161
0.000147
0.000302
0.000364
0.000377
0.000300
0.000246
0.000331
0.000378
0.000248
0.000213
0.000439
0.000458
-0.000118
-0.000732
-0.000665
-0.000343
-0.000631
-0.001147
-0.000886
-0.000178
-0.000012
0.000048
0.000983
0.002178
0.002505
0.002477
0.003077
0.003799
0.003807
0.003473
0.003230
0.002621
0.001566
0.000725
0.000066
-0.001010
-0.002184
-0.002786
-0.003229
-0.004010
-0.004431
-0.004012
-0.003601
-0.003684
-0.003402
-0.002325
-0.001302
-0.000787
-0.000166
0.000770
0.001399
0.001534
0.001674
0.001938
0.001925
0.001542
0.001084
0.000702
0.000382
0.000154
-0.000045
-0.000345
-0.000631
-0.000675
-0.000572
-0.000542
-0.000401
0.000132
0.000787
0.001142
0.001400
0.001882
0.002273
0.002228
0.002067
0.002094
0.002040
0.001662
0.001102
0.000471
-0.000213
-0.000879
-0.001510
-0.002056
-0.002332
-0.002339
-0.002348
-0.002411
-0.002261
-0.001835
-0.001400
-0.001103
-0.000806
-0.000381
0.000070
0.000336
0.000385
0.000415
0.000507
0.000504
0.000380
0.000359
0.000482
0.000526
0.000436
0.000416
0.000446
0.000155
-0.000516
-0.000950
-0.000780
-0.000653
-0.001097
-0.001386
-0.000852
-0.000234
-0.000189
0.000095
0.001137
0.001931
0.001980
0.002308
0.003250
0.003746
0.003497
0.003306
0.003183
0.002489
0.001553
0.000992
0.000333
-0.000848
-0.001861
-0.002339
-0.002922
-0.003676
-0.003876
-0.003631
-0.003684
-0.003797
-0.003206
-0.002169
-0.001464
-0.001001
-0.000277
0.000516
0.000966
0.001277
0.001733
0.002034
0.001861
0.001453
0.001091
0.000697
0.000272
-0.000010
-0.000289
-0.000812
-0.001224
-0.001010
-0.000494
-0.000250
-0.000004
0.000623
0.001165
0.001288
0.001555
0.002234
0.002645
0.002435
0.002156
0.002048
0.001697
0.001110
0.000683
0.000234
-0.000559
-0.001318
-0.001682
-0.001932
-0.002224
-0.002292
-0.002203
-0.002249
-0.002175
-0.001639
-0.001030
-0.000778
-0.000547
-0.000010
0.000441
0.000495
0.000506
0.000699
0.000771
0.000615
0.000517
0.000526
0.000431
0.000264
0.000185
0.000046
-0.000409
-0.000982
-0.001154
-0.000929
-0.000987
-0.001514
-0.001688
-0.001101
-0.000535
-0.000366
0.000205
0.001351
0.002065
0.002195
0.002681
0.003437
0.003514
0.003081
0.002892
0.002683
0.001991
0.001294
0.000914
0.000295
-0.000655
-0.001285
-0.001648
-0.002277
-0.002817
-0.002765
-0.002668
-0.002989
-0.003072
-0.002460
-0.001763
-0.001398
-0.000984
-0.000406
-0.000013
0.000256
0.000734
0.001216
0.001242
0.000929
0.000729
0.000652
0.000441
0.000142
-0.000067
-0.000241
-0.000469
-0.000582
-0.000406
-0.000111
0.000058
0.000229
0.000607
0.001030
0.001322
0.001630
0.001982
0.002092
0.001906
0.001715
0.001588
0.001302
0.000821
0.000289
-0.000265
-0.000840
-0.001319
-0.001654
-0.001923
-0.002098
-0.002078
-0.001940
-0.001798
-0.001547
-0.001111
-0.000686
-0.000434
-0.000194
0.000173
0.000505
0.000692
0.000850
0.000972
0.000911
0.000711
0.000560
0.000489
0.000403
0.000254
0.000012
-0.000355
-0.000697
-0.000800
-0.000816
-0.001076
-0.001402
-0.001305
-0.000891
-0.000648
-0.000479
0.000004
0.000575
0.000868
0.001169
0.001805
0.002425
0.002659
0.002671
0.002603
0.002317
0.001886
0.001529
0.001133
0.000511
-0.000163
-0.000691
-0.001188
-0.001694
-0.001994
-0.002113
-0.002320
-0.002537
-0.002421
-0.002018
-0.001634
-0.001299
-0.000865
-0.000391
-0.000020
0.000289
0.000613
0.000824
0.000784
0.000627
0.000582
0.000577
0.000378
0.000054
-0.000137
-0.000230
-0.000380
-0.000444
-0.000268
-0.000042
0.000068
0.000223
0.000521
0.000807
0.001061
0.001367
0.001560
0.001511
0.001417
0.001376
0.001217
0.000928
0.000661
0.000330
-0.000166
-0.000602
-0.000849
-0.001089
-0.001346
-0.001494
-0.001583
-0.001638
-0.001497
-0.001162
-0.000885
-0.000779
-0.000642
-0.000291
0.000178
0.000565
0.000865
0.001130
0.001233
0.001113
0.000949
0.000773
0.000344
-0.000319
-0.000858
-0.001175
-0.001499
-0.001827
-0.001930
-0.001827
-0.001681
-0.001406
-0.000831
-0.000070
0.000618
0.001197
0.001789
0.002386
0.002879
0.003238
0.003418
0.003326
0.003028
0.002673
0.002185
0.001455
0.000630
-0.000159
-0.001022
-0.001947
-0.002634
-0.002967
-0.003191
-0.003414
-0.003429
-0.003120
-0.002606
-0.001994
-0.001319
-0.000650
-0.000043
0.000515
0.001026
0.001439
0.001702
0.001795
0.001684
0.001385
0.001033
0.000721
0.000378
-0.000046
-0.000419
-0.000613
-0.000700
-0.000769
-0.000724
-0.000488
-0.000186
0.000098
0.000450
0.000906
0.001331
0.001616
0.001783
0.001852
0.001755
0.001461
0.001055
0.000636
0.000212
-0.000253
-0.000754
-0.001241
-0.001636
-0.001894
-0.002056
-0.002151
-0.002132
-0.001958
-0.001653
-0.001241
-0.000733
-0.000203
0.000240
0.000585
0.000895
0.001180
0.001390
0.001469
0.001356
0.001074
0.000768
0.000475
0.000095
-0.000269
-0.000394
-0.000387
-0.000562
-0.000874
-0.000954
-0.000728
-0.000509
-0.000414
-0.000216
0.000197
0.000625
0.000874
0.001025
0.001220
0.001394
0.001438
0.001387
0.001273
0.001049
0.000718
0.000376
0.000064
-0.000276
-0.000644
-0.000941
-0.001117
-0.001191
-0.001199
-0.001211
-0.001235
-0.001150
-0.000908
-0.000670
-0.000566
-0.000469
-0.000221
0.000075
0.000229
0.000219
0.000115
-0.000018
-0.000107
-0.000106
-0.000052
-0.000035
-0.000106
-0.000193
-0.000157
0.000028
0.000267
0.000522
0.000804
0.001061
0.001272
0.001528
0.001819
0.001950
0.001814
0.001543
0.001247
0.000914
0.000598
0.000308
-0.000088
-0.000627
-0.001185
-0.001669
-0.002046
-0.002365
-0.002689
-0.002909
-0.002902
-0.002840
-0.002896
-0.002813
-0.002263
-0.001469
-0.000905
-0.000518
0.000139
0.000993
0.001550
0.001899
0.002524
0.003216
0.003414
0.003312
0.003418
0.003540
0.003287
0.002858
0.002503
0.002042
0.001427
0.000875
0.000326
-0.000372
-0.000981
-0.001328
-0.001682
-0.002145
-0.002382
-0.002350
-0.002420
-0.002570
-0.002391
-0.001928
-0.001602
-0.001445
-0.001186
-0.000857
-0.000680
-0.000588
-0.000386
-0.000150
-0.000020
0.000058
0.000133
0.000183
0.000272
0.000407
0.000434
0.000354
0.000391
0.000584
0.000712
0.000708
0.000772
0.000978
0.001124
0.001129
0.001173
0.001266
0.001181
0.000928
0.000762
0.000707
0.000592
0.000434
0.000320
0.000131
-0.000211
-0.000498
-0.000564
-0.000599
-0.000760
-0.000836
-0.000693
-0.000576
-0.000586
-0.000495
-0.000299
-0.000233
-0.000226
-0.000088
0.000056
0.000062
0.000003
-0.000085
-0.000209
-0.000294
-0.000365
-0.000540
-0.000739
-0.000824
-0.000881
-0.000959
-0.000882
-0.000606
-0.000347
-0.000211
-0.000052
0.000276
0.000692
0.000984
0.001082
0.001107
0.001134
0.001107
0.001010
0.000909
0.000829
0.000717
0.000510
0.000201
-0.000080
-0.000186
-0.000181
-0.000251
-0.000394
-0.000449
-0.000374
-0.000284
-0.000226
-0.000147
-0.000068
-0.000055
-0.000061
0.000000
0.000120
0.000195
0.000082
-0.000217
-0.000460
-0.000493
-0.000499
-0.000618
-0.000700
-0.000635
-0.000540
-0.000516
-0.000490
-0.000343
-0.000096
0.000073
0.000083
0.000140
0.000464
0.000899
0.001120
0.001094
0.001019
0.000974
0.000894
0.000754
0.000590
0.000374
0.000071
-0.000209
-0.000340
-0.000383
-0.000457
-0.000535
-0.000568
-0.000597
-0.000606
-0.000535
-0.000423
-0.000365
-0.000353
-0.000322
-0.000311
-0.000352
-0.000341
-0.000254
-0.000199
-0.000199
-0.000187
-0.000149
-0.000129
-0.000135
-0.000104
-0.000016
0.000051
0.000086
0.000184
0.000345
0.000465
0.000520
0.000564
0.000625
0.000697
0.000755
0.000762
0.000695
0.000579
0.000455
0.000292
0.000063
-0.000145
-0.000261
-0.000355
-0.000491
-0.000614
-0.000628
-0.000536
-0.000463
-0.000477
-0.000454
-0.000303
-0.000128
-0.000002
0.000135
0.000287
0.000383
0.000430
0.000492
0.000546
0.000490
0.000321
0.000179
0.000145
0.000125
-0.000003
-0.000198
-0.000308
-0.000311
-0.000345
-0.000461
-0.000548
-0.000517
-0.000398
-0.000249
-0.000105
0.000024
0.000122
0.000152
0.000139
0.000157
0.000207
0.000209
0.000126
0.000013
-0.000045
-0.000061
-0.000164
-0.000411
-0.000686
-0.000812
-0.000719
-0.000505
-0.000302
-0.000113
0.000106
0.000289
0.000350
0.000354
0.000437
0.000547
0.000505
0.000375
0.000397
0.000483
0.000329
0.000059
0.000081
0.000287
0.000245
0.000047
0.000115
0.000394
0.000502
0.000431
0.000451
0.000560
0.000573
0.000523
0.000510
0.000426
0.000241
0.000107
-0.000029
-0.000317
-0.000591
-0.000700
-0.000858
-0.001164
-0.001330
-0.001273
-0.001280
-0.001382
-0.001265
-0.000943
-0.000741
-0.000645
-0.000380
0.000004
0.000223
0.000277
0.000411
0.000681
0.000910
0.000984
0.000977
0.001021
0.001108
0.001003
0.000576
0.000133
0.000002
0.000041
-0.000041
-0.000174
-0.000133
0.000035
0.000095
-0.000002
-0.000057
0.000048
0.000192
0.000229
0.000221
0.000299
0.000410
0.000417
0.000347
0.000327
0.000349
0.000262
0.000008
-0.000255
-0.000378
-0.000435
-0.000579
-0.000760
-0.000812
-0.000753
-0.000713
-0.000681
-0.000593
-0.000489
-0.000434
-0.000394
-0.000293
-0.000126
0.000023
0.000102
0.000168
0.000268
0.000334
0.000276
0.000133
0.000032
0.000010
-0.000042
-0.000166
-0.000251
-0.000257
-0.000244
-0.000163
0.000071
0.000341
0.000518
0.000683
0.000904
0.001113
0.001256
0.001309
0.001276
0.001204
0.001058
0.000770
0.000392
0.000039
-0.000247
-0.000497
-0.000750
-0.001003
-0.001207
-0.001349
-0.001432
-0.001384
-0.001179
-0.000938
-0.000752
-0.000584
-0.000375
-0.000142
0.000052
0.000189
0.000300
0.000407
0.000495
0.000515
0.000440
0.000315
0.000194
0.000072
-0.000055
-0.000130
-0.000147
-0.000192
-0.000268
-0.000242
-0.000054
0.000184
0.000330
0.000369
0.000427
0.000616
0.000832
0.000906
0.000860
0.000802
0.000710
0.000521
0.000270
0.000021
-0.000224
-0.000463
-0.000624
-0.000653
-0.000631
-0.000650
-0.000654
-0.000590
-0.000531
-0.000508
-0.000423
-0.000244
-0.000067
0.000048
0.000118
0.000167
0.000215
0.000249
0.000218
0.000125
0.000042
-0.000004
-0.000060
-0.000155
-0.000269
-0.000345
-0.000353
-0.000329
-0.000287
-0.000191
-0.000045
0.000095
0.000204
0.000319
0.000453
0.000548
0.000580
0.000615
0.000672
0.000658
0.000541
0.000393
0.000260
0.000138
-0.000013
-0.000214
-0.000378
-0.000440
-0.000433
-0.000335
-0.000151
-0.000017
0.000004
-0.000026
-0.000053
-0.000069
-0.000090
-0.000142
-0.000196
-0.000206
-0.000197
-0.000216
-0.000252
-0.000269
-0.000257
-0.000246
-0.000273
-0.000290
-0.000200
-0.000028
0.000078
0.000071
0.000065
0.000119
0.000171
0.000227
0.000360
0.000540
0.000638
0.000613
0.000535
0.000458
0.000384
0.000313
0.000199
0.000009
-0.000177
-0.000302
-0.000409
-0.000526
-0.000638
-0.000748
-0.000830
-0.000839
-0.000791
-0.000728
-0.000643
-0.000527
-0.000385
-0.000222
-0.000039
0.000184
0.000442
0.000687
0.000885
0.001042
0.001178
0.001300
0.001369
0.001316
0.001136
0.000905
0.000673
0.000412
0.000104
-0.000201
-0.000459
-0.000700
-0.000947
-0.001110
-0.001140
-0.001120
-0.001071
-0.000914
-0.000675
-0.000460
-0.000268
-0.000064
0.000098
0.000179
0.000221
0.000256
0.000269
0.000264
0.000251
0.000203
0.000101
-0.000030
-0.000153
-0.000225
-0.000209
-0.000115
-0.000024
-0.000005
0.000003
0.000098
0.000229
0.000299
0.000324
0.000348
0.000388
0.000483
0.000607
0.000642
0.000531
0.000320
0.000097
-0.000049
-0.000119
-0.000219
-0.000380
-0.000516
-0.000567
-0.000562
-0.000547
-0.000519
-0.000454
-0.000372
-0.000293
-0.000187
-0.000036
0.000125
0.000252
0.000343
0.000414
0.000439
0.000389
0.000296
0.000218
0.000156
0.000061
-0.000058
-0.000159
-0.000221
-0.000250
-0.000257
-0.000245
-0.000186
-0.000080
0.000002
0.000033
0.000075
0.000121
0.000129
0.000171
0.000258
0.000283
0.000240
0.000214
0.000211
0.000191
0.000144
0.000055
-0.000089
-0.000231
-0.000262
-0.000148
-0.000085
-0.000290
-0.000609
-0.000724
-0.000630
-0.000475
-0.000278
-0.000069
0.000089
0.000238
0.000386
0.000470
0.000508
0.000539
0.000503
0.000378
0.000283
0.000278
0.000240
0.000092
-0.000035
-0.000058
-0.000099
-0.000203
-0.000235
-0.000149
-0.000063
-0.000059
-0.000117
-0.000194
-0.000225
-0.000158
-0.000040
0.000033
0.000061
0.000094
0.000100
0.000031
-0.000021
0.000035
0.000102
0.000083
0.000024
-0.000047
-0.000138
-0.000187
-0.000167
-0.000136
-0.000140
-0.000171
-0.000187
-0.000158
-0.000105
-0.000064
-0.000010
0.000096
0.000230
0.000315
0.000318
0.000291
0.000286
0.000255
0.000128
-0.000032
-0.000077
-0.000011
-0.000009
-0.000137
-0.000263
-0.000287
-0.000246
-0.000193
-0.000140
-0.000103
-0.000078
-0.000032
0.000054
0.000138
0.000179
0.000195
0.000181
0.000120
0.000093
0.000145
0.000166
0.000076
-0.000055
-0.000131
-0.000137
-0.000117
-0.000115
-0.000139
-0.000162
-0.000156
-0.000117
-0.000061
-0.000010
0.000043
0.000097
0.000099
0.000074
0.000128
0.000195
0.000137
0.000054
0.000082
0.000137
0.000134
0.000093
0.000017
-0.000073
-0.000128
-0.000151
-0.000177
-0.000180
-0.000120
-0.000041
-0.000011
-0.000025
-0.000025
0.000008
0.000023
0.000018
0.000044
0.000070
0.000050
0.000028
0.000037
0.000033
-0.000018
-0.000074
-0.000070
-0.000013
0.000034
0.000039
0.000018
-0.000011
-0.000029
-0.000057
-0.000115
-0.000140
-0.000065
0.000061
0.000128
0.000111
0.000067
0.000032
0.000018
0.000063
0.000136
0.000119
-0.000000
-0.000095
-0.000097
-0.000062
-0.000049
-0.000054
-0.000048
-0.000019
0.000003
-0.000009
0.000023
0.000195
0.000405
0.000461
0.000367
0.000274
0.000210
0.000075
-0.000152
-0.000361
-0.000447
-0.000423
-0.000390
-0.000392
-0.000373
-0.000296
-0.000189
-0.000094
-0.000046
-0.000039
0.000021
0.000171
0.000276
0.000235
0.000125
0.000027
-0.000069
-0.000119
-0.000051
0.000085
0.000159
0.000128
0.000049
-0.000024
-0.000067
-0.000053
0.000011
0.000051
0.000042
0.000059
0.000139
0.000192
0.000161
0.000118
0.000124
0.000130
0.000101
0.000053
-0.000009
-0.000061
-0.000055
-0.000026
-0.000055
-0.000118
-0.000135
-0.000116
-0.000130
-0.000151
-0.000106
-0.000026
0.000026
0.000059
0.000093
0.000112
0.000107
0.000096
0.000094
0.000078
0.000023
-0.000021
-0.000001
0.000031
-0.000004
-0.000088
-0.000141
-0.000103
-0.000017
-0.000003
-0.000091
-0.000162
-0.000147
-0.000140
-0.000206
-0.000236
-0.000134
0.000014
0.000089
0.000098
0.000115
0.000141
0.000140
0.000128
0.000145
0.000198
0.000264
0.000296
0.000233
0.000095
-0.000018
-0.000062
-0.000086
-0.000150
-0.000221
-0.000186
-0.000063
-0.000005
-0.000044
-0.000071
-0.000039
0.000020
0.000060
0.000050
0.000011
0.000001
0.000012
-0.000015
-0.000062
-0.000069
-0.000053
-0.000032
0.000018
0.000050
-0.000005
-0.000099
-0.000123
-0.000064
-0.000007
0.000009
0.000054
0.000134
0.000136
0.000036
-0.000029
0.000014
0.000061
0.000018
-0.000055
-0.000070
-0.000027
0.000021
0.000042
0.000043
0.000049
0.000047
0.000025
-0.000008
-0.000047
-0.000076
-0.000049
0.000016
0.000034
-0.000007
-0.000030
-0.000026
-0.000050
-0.000065
0.000008
0.000153
0.000305
0.000321
0.000069
-0.000290
-0.000461
-0.000407
-0.000312
-0.000263
-0.000192
-0.000072
0.000028
0.000074
0.000125
0.000205
0.000250
0.000235
0.000214
0.000228
0.000268
0.000264
0.000171
0.000060
0.000017
0.000041
0.000066
0.000032
-0.000025
-0.000042
-0.000034
-0.000043
-0.000076
-0.000147
-0.000234
-0.000248
-0.000163
-0.000062
0.000002
0.000044
0.000040
-0.000041
-0.000107
-0.000050
0.000048
0.000050
-0.000000
0.000022
0.000081
0.000063
0.000003
0.000006
0.000036
-0.000002
-0.000095
-0.000158
-0.000154
-0.000129
-0.000129
-0.000132
-0.000081
0.000017
0.000071
0.000041
0.000018
0.000067
0.000097
0.000050
0.000030
0.000092
0.000119
0.000069
0.000057
0.000118
0.000132
0.000052
-0.000011
-0.000006
-0.000026
-0.000102
-0.000129
-0.000068
0.000012
0.000071
0.000090
0.000061
0.000028
0.000042
0.000082
0.000099
0.000092
0.000057
-0.000020
-0.000110
-0.000152
-0.000122
-0.000066
-0.000057
-0.000113
-0.000171
-0.000175
-0.000128
-0.000072
-0.000039
-0.000048
-0.000087
-0.000089
0.000016
0.000179
0.000298
0.000343
0.000301
0.000155
-0.000010
-0.000085
-0.000076
-0.000072
-0.000086
-0.000055
-0.000005
-0.000008
-0.000026
-0.000009
-0.000001
-0.000019
-0.000010
0.000027
0.000038
0.000009
-0.000017
0.000002
0.000053
0.000081
0.000072
0.000052
0.000031
0.000010
-0.000001
0.000002
0.000005
-0.000034
-0.000118
-0.000161
-0.000130
-0.000109
-0.000110
-0.000063
0.000009
0.000034
0.000037
0.000066
0.000090
0.000065
0.000016
-0.000009
-0.000015
-0.000018
-0.000022
-0.000048
-0.000058
0.000004
0.000060
-0.000006
-0.000107
-0.000027
0.000196
0.000315
0.000289
0.000266
0.000245
0.000146
0.000028
-0.000018
-0.000050
-0.000139
-0.000230
-0.000256
-0.000231
-0.000207
-0.000206
-0.000200
-0.000176
-0.000153
-0.000092
0.000046
0.000168
0.000131
-0.000035
-0.000156
-0.000160
-0.000117
-0.000075
-0.000010
0.000056
0.000069
0.000046
0.000055
0.000092
0.000122
0.000166
0.000232
0.000260
0.000208
0.000122
0.000059
0.000019
-0.000021
-0.000055
-0.000064
-0.000044
-0.000012
-0.000015
-0.000080
-0.000147
-0.000130
-0.000051
0.000004
0.000030
0.000067
0.000078
0.000042
0.000033
0.000081
0.000100
0.000034
-0.000047
-0.000055
-0.000002
0.000034
0.000030
0.000017
0.000011
0.000005
0.000000
0.000002
-0.000004
-0.000032
-0.000074
-0.000130
-0.000170
-0.000116
0.000033
0.000133
0.000078
-0.000030
-0.000039
0.000017
-0.000007
-0.000116
-0.000167
-0.000096
-0.000016
-0.000027
-0.000061
-0.000030
0.000019
0.000036
0.000071
0.000136
0.000167
0.000154
0.000121
0.000066
-0.000003
-0.000058
-0.000109
-0.000146
-0.000114
-0.000009
0.000090
0.000140
0.000154
0.000123
0.000044
-0.000020
-0.000006
0.000028
0.000005
-0.000030
-0.000018
0.000005
-0.000013
-0.000070
-0.000117
-0.000102
-0.000040
0.000007
0.000010
-0.000016
-0.000059
-0.000113
-0.000142
-0.000107
-0.000026
0.000046
0.000087
0.000102
0.000079
0.000032
0.000020
0.000064
0.000113
0.000121
0.000074
0.000005
-0.000029
-0.000036
-0.000065
-0.000101
-0.000085
-0.000019
0.000019
-0.000005
-0.000020
-0.000011
-0.000064
-0.000162
-0.000150
-0.000001
0.000134
0.000168
0.000182
0.000239
0.000206
-0.000044
-0.000324
-0.000374
-0.000263
-0.000206
-0.000215
-0.000168
-0.000037
0.000100
0.000181
0.000206
0.000197
0.000167
0.000147
0.000180
0.000245
0.000265
0.000219
0.000151
0.000096
0.000079
0.000100
0.000081
-0.000035
-0.000143
-0.000148
-0.000111
-0.000113
-0.000158
-0.000227
-0.000271
-0.000235
-0.000141
-0.000061
-0.000011
0.000021
0.000032
0.000023
0.000015
0.000041
0.000099
0.000141
0.000125
0.000071
0.000034
0.000021
-0.000000
-0.000036
-0.000084
-0.000129
-0.000132
-0.000086
-0.000039
-0.000022
-0.000029
-0.000046
-0.000060
-0.000056
-0.000024
0.000019
0.000047
0.000052
0.000060
0.000099
0.000131
0.000087
0.000009
0.000008
0.000083
0.000130
0.000095
-0.000001
-0.000106
-0.000146
-0.000081
0.000016
0.000046
0.000001
-0.000052
-0.000070
-0.000058
-0.000024
0.000030
0.000079
0.000098
0.000109
0.000111
0.000067
0.000000
-0.000039
-0.000059
-0.000082
-0.000104
-0.000134
-0.000163
-0.000142
-0.000067
-0.000010
0.000007
0.000052
0.000123
0.000104
-0.000006
-0.000042
0.000046
0.000097
0.000027
-0.000036
-0.000006
0.000036
0.000038
0.000043
0.000071
0.000060
-0.000018
-0.000075
-0.000046
-0.000014
-0.000045
-0.000067
-0.000024
0.000026
0.000039
0.000064
0.000127
0.000166
0.000112
-0.000001
-0.000077
-0.000079
-0.000044
-0.000007
0.000005
-0.000030
-0.000069
-0.000083
-0.000112
-0.000147
-0.000111
0.000001
0.000109
0.000137
0.000065
-0.000045
-0.000113
-0.000100
-0.000012
0.000092
0.000124
0.000076
0.000007
-0.000059
-0.000110
-0.000094
-0.000013
0.000064
0.000084
0.000034
-0.000056
-0.000060
0.000117
0.000315
0.000336
0.000266
0.000263
0.000257
0.000123
-0.000088
-0.000234
-0.000283
-0.000293
-0.000270
-0.000215
-0.000173
-0.000170
-0.000173
-0.000159
-0.000130
-0.000074
0.000010
0.000073
0.000085
0.000073
0.000060
0.000033
-0.000020
-0.000066
-0.000044
0.000008
0.000006
0.000001
0.000056
0.000098
0.000065
0.000009
-0.000003
0.000031
0.000052
0.000022
-0.000009
0.000012
0.000052
0.000032
-0.000032
-0.000035
0.000030
0.000058
0.000044
0.000062
0.000091
0.000086
0.000096
0.000149
0.000186
0.000187
0.000180
0.000123
-0.000008
-0.000107
-0.000086
-0.000028
-0.000056
-0.000122
-0.000110
-0.000061
-0.000079
-0.000150
-0.000194
-0.000179
-0.000139
-0.000132
-0.000146
-0.000080
0.000075
0.000168
0.000108
-0.000013
-0.000075
-0.000052
0.000004
0.000027
0.000037
0.000071
0.000085
0.000062
0.000068
0.000079
0.000008
-0.000096
-0.000101
-0.000018
0.000036
0.000044
0.000066
0.000110
0.000143
0.000148
0.000100
0.000010
-0.000039
-0.000042
-0.000113
-0.000236
-0.000240
-0.000114
-0.000024
0.000021
0.000131
0.000242
0.000216
0.000100
0.000042
0.000054
0.000019
-0.000076
-0.000092
-0.000006
0.000021
-0.000078
-0.000169
-0.000148
-0.000082
-0.000063
-0.000071
-0.000058
-0.000022
0.000017
0.000065
0.000127
0.000148
0.000078
-0.000041
-0.000129
-0.000148
-0.000087
0.000009
0.000063
0.000063
0.000068
0.000102
0.000105
0.000040
-0.000027
-0.000019
0.000034
0.000050
0.000011
-0.000034
-0.000069
-0.000099
-0.000096
-0.000049
0.000008
0.000041
0.000049
0.000055
0.000106
0.000214
0.000257
0.000080
-0.000217
-0.000376
-0.000347
-0.000282
-0.000252
-0.000202
-0.000093
0.000036
0.000122
0.000153
0.000171
0.000205
0.000240
0.000250
0.000220
0.000160
0.000112
0.000100
0.000090
0.000056
0.000050
0.000100
0.000124
0.000064
0.000002
-0.000033
-0.000127
-0.000255
-0.000305
-0.000275
-0.000230
-0.000173
-0.000081
-0.000002
0.000003
-0.000049
-0.000089
-0.000080
-0.000030
0.000032
0.000098
0.000163
0.000190
0.000183
0.000186
0.000175
0.000110
0.000079
0.000133
0.000130
-0.000011
-0.000136
-0.000133
-0.000096
-0.000116
-0.000166
-0.000204
-0.000223
-0.000234
-0.000231
-0.000182
-0.000094
-0.000028
0.000002
0.000035
0.000081
0.000103
0.000114
0.000149
0.000165
0.000122
0.000075
0.000082
0.000117
0.000117
0.000055
-0.000025
-0.000062
-0.000054
-0.000038
-0.000012
0.000038
0.000075
0.000057
0.000028
0.000060
0.000121
0.000107
0.000107
