7040
0.000124
0.000093
-0.000014
-0.000039
0.000060
0.000142
0.000106
0.000032
0.000018
0.000016
-0.000030
-0.000061
-0.000030
0.000025
0.000057
0.000030
-0.000051
-0.000106
-0.000073
0.000008
0.000033
-0.000022
-0.000066
-0.000029
0.000037
0.000053
0.000023
-0.000006
-0.000008
0.000016
0.000039
0.000039
0.000021
0.000007
-0.000013
-0.000069
-0.000112
-0.000056
0.000047
0.000062
-0.000004
-0.000021
0.000019
0.000016
-0.000042
-0.000118
-0.000185
-0.000149
0.000013
0.000119
0.000047
-0.000089
-0.000132
-0.000081
-0.000024
0.000009
0.000044
0.000090
0.000128
0.000151
0.000163
0.000149
0.000085
-0.000023
-0.000125
-0.000139
-0.000020
0.000111
0.000034
-0.000221
-0.000391
-0.000365
-0.000232
-0.000082
0.000039
0.000089
0.000054
0.000013
0.000060
0.000178
0.000297
0.000361
0.000350
0.000297
0.000242
0.000197
0.000164
0.000122
0.000060
0.000031
0.000014
-0.000091
-0.000233
-0.000254
-0.000180
-0.000156
-0.000186
-0.000166
-0.000067
0.000044
0.000102
0.000090
0.000040
0.000002
-0.000024
-0.000074
-0.000155
-0.000236
-0.000271
-0.000233
-0.000153
-0.000058
0.000065
0.000186
0.000221
0.000177
0.000138
0.000129
0.000159
0.000224
0.000226
0.000102
-0.000043
-0.000112
-0.000140
-0.000168
-0.000162
-0.000076
0.000040
0.000047
-0.000078
-0.000163
-0.000121
-0.000063
-0.000060
-0.000049
0.000001
0.000044
0.000054
0.000062
0.000086
0.000105
0.000074
-0.000008
-0.000069
-0.000039
0.000058
0.000102
0.000040
-0.000021
0.000016
0.000064
0.000014
-0.000059
-0.000020
0.000077
0.000053
-0.000106
-0.000225
-0.000188
-0.000081
-0.000047
-0.000064
-0.000031
0.000010
0.000001
0.000026
0.000122
0.000181
0.000143
0.000071
0.000017
0.000009
0.000074
0.000152
0.000143
0.000076
0.000043
0.000020
-0.000080
-0.000232
-0.000311
-0.000249
-0.000115
0.000000
0.000080
0.000110
0.000049
-0.000063
-0.000096
-0.000035
-0.000003
-0.000049
-0.000075
-0.000031
0.000022
0.000062
0.000112
0.000125
0.000072
0.000034
0.000057
0.000084
0.000070
0.000032
0.000001
-0.000008
0.000014
0.000055
0.000068
0.000030
-0.000024
-0.000062
-0.000100
-0.000139
-0.000101
0.000048
0.000190
0.000177
0.000039
-0.000043
0.000003
0.000069
0.000066
0.000002
-0.000121
-0.000284
-0.000342
-0.000166
0.000104
0.000232
0.000202
0.000155
0.000154
0.000160
0.000113
0.000019
-0.000034
-0.000028
-0.000054
-0.000129
-0.000165
-0.000137
-0.000088
-0.000052
-0.000053
-0.000078
-0.000084
-0.000088
-0.000124
-0.000165
-0.000188
-0.000206
-0.000191
-0.000105
0.000015
0.000112
0.000209
0.000314
0.000355
0.000333
0.000308
0.000212
0.000010
-0.000129
-0.000101
-0.000012
0.000023
-0.000001
-0.000029
-0.000021
0.000019
0.000062
0.000060
-0.000008
-0.000066
-0.000078
-0.000151
-0.000292
-0.000328
-0.000213
-0.000085
0.000019
0.000153
0.000273
0.000286
0.000177
0.000014
-0.000105
-0.000119
-0.000037
0.000071
0.000134
0.000157
0.000194
0.000201
0.000091
-0.000072
-0.000132
-0.000084
-0.000062
-0.000110
-0.000149
-0.000165
-0.000216
-0.000262
-0.000204
-0.000080
-0.000004
0.000043
0.000151
0.000271
0.000272
0.000142
0.000019
0.000012
0.000060
0.000066
0.000035
0.000020
0.000024
-0.000011
-0.000107
-0.000178
-0.000157
-0.000095
-0.000057
-0.000022
0.000038
0.000087
0.000075
0.000007
-0.000073
-0.000100
-0.000005
0.000167
0.000266
0.000242
0.000188
0.000141
0.000067
-0.000004
-0.000020
-0.000000
0.000017
-0.000004
-0.000097
-0.000237
-0.000341
-0.000345
-0.000242
-0.000084
0.000037
0.000070
0.000069
0.000143
0.000289
0.000376
0.000295
0.000107
-0.000015
-0.000007
0.000005
-0.000075
-0.000156
-0.000133
-0.000052
-0.000026
-0.000103
-0.000204
-0.000209
-0.000123
-0.000074
-0.000118
-0.000170
-0.000133
-0.000044
-0.000011
-0.000038
-0.000013
0.000081
0.000119
0.000084
0.000124
0.000288
0.000389
0.000263
0.000025
-0.000095
-0.000107
-0.000175
-0.000269
-0.000224
-0.000052
0.000075
0.000078
0.000018
-0.000037
-0.000046
0.000017
0.000129
0.000214
0.000221
0.000174
0.000125
0.000090
0.000059
0.000028
-0.000001
-0.000022
-0.000036
-0.000050
-0.000046
-0.000005
0.000047
0.000049
-0.000043
-0.000163
-0.000210
-0.000211
-0.000224
-0.000173
-0.000038
0.000000
-0.000143
-0.000261
-0.000195
-0.000051
0.000055
0.000126
0.000155
0.000117
0.000074
0.000121
0.000253
0.000354
0.000329
0.000183
0.000014
-0.000056
-0.000012
0.000021
-0.000026
-0.000081
-0.000095
-0.000086
-0.000043
0.000033
0.000070
-0.000000
-0.000141
-0.000239
-0.000217
-0.000110
-0.000016
0.000016
-0.000007
-0.000053
-0.000067
-0.000023
0.000033
0.000039
-0.000022
-0.000081
-0.000065
-0.000010
0.000025
0.000058
0.000120
0.000182
0.000199
0.000189
0.000195
0.000175
0.000077
-0.000012
0.000012
0.000085
0.000072
-0.000035
-0.000138
-0.000165
-0.000117
-0.000047
-0.000029
-0.000066
-0.000084
-0.000052
-0.000030
-0.000051
-0.000064
-0.000037
-0.000010
-0.000000
0.000003
-0.000040
-0.000134
-0.000177
-0.000127
-0.000071
-0.000050
0.000005
0.000109
0.000167
0.000106
-0.000016
-0.000090
-0.000065
0.000047
0.000189
0.000270
0.000242
0.000146
0.000038
-0.000076
-0.000189
-0.000221
-0.000126
-0.000003
0.000037
0.000022
-0.000004
-0.000050
-0.000078
-0.000046
-0.000006
-0.000011
0.000003
0.000105
0.000179
0.000092
-0.000057
-0.000095
-0.000039
-0.000002
0.000007
0.000045
0.000135
0.000204
0.000147
-0.000009
-0.000125
-0.000155
-0.000171
-0.000209
-0.000165
0.000032
0.000216
0.000213
0.000128
0.000148
0.000228
0.000188
-0.000017
-0.000229
-0.000273
-0.000173
-0.000108
-0.000139
-0.000145
-0.000081
-0.000050
-0.000087
-0.000097
-0.000035
0.000032
0.000056
0.000064
0.000087
0.000117
0.000111
0.000049
-0.000007
-0.000007
0.000003
-0.000009
-0.000005
0.000038
0.000100
0.000147
0.000149
0.000083
0.000008
0.000030
0.000109
0.000089
-0.000026
-0.000066
-0.000012
-0.000035
-0.000173
-0.000244
-0.000158
-0.000051
-0.000057
-0.000121
-0.000150
-0.000163
-0.000141
-0.000003
0.000194
0.000323
0.000347
0.000279
0.000169
0.000097
0.000080
0.000071
0.000034
-0.000029
-0.000071
-0.000043
0.000051
0.000136
0.000132
0.000054
-0.000016
-0.000064
-0.000160
-0.000292
-0.000334
-0.000234
-0.000110
-0.000096
-0.000183
-0.000262
-0.000267
-0.000198
-0.000078
0.000055
0.000154
0.000185
0.000139
0.000082
0.000104
0.000182
0.000229
0.000210
0.000127
0.000029
0.000001
0.000044
0.000095
0.000155
0.000214
0.000171
-0.000021
-0.000241
-0.000339
-0.000276
-0.000109
0.000060
0.000128
0.000061
-0.000047
-0.000069
-0.000012
0.000016
-0.000019
-0.000056
-0.000045
-0.000002
0.000035
0.000025
-0.000043
-0.000089
-0.000049
0.000019
0.000037
0.000011
0.000023
0.000098
0.000126
0.000047
-0.000032
-0.000037
0.000001
0.000081
0.000170
0.000142
-0.000038
-0.000230
-0.000284
-0.000209
-0.000094
-0.000006
-0.000005
-0.000087
-0.000132
-0.000054
0.000081
0.000160
0.000153
0.000127
0.000132
0.000119
0.000048
-0.000014
-0.000001
0.000054
0.000120
0.000200
0.000245
0.000183
0.000011
-0.000221
-0.000416
-0.000469
-0.000370
-0.000213
-0.000109
-0.000078
-0.000048
0.000037
0.000138
0.000195
0.000208
0.000206
0.000194
0.000171
0.000139
0.000115
0.000106
0.000071
-0.000001
-0.000031
0.000026
0.000090
0.000108
0.000111
0.000096
0.000032
-0.000056
-0.000119
-0.000129
-0.000119
-0.000183
-0.000322
-0.000397
-0.000308
-0.000119
0.000019
0.000025
-0.000047
-0.000068
0.000026
0.000152
0.000185
0.000114
0.000047
0.000082
0.000161
0.000146
0.000062
0.000067
0.000147
0.000103
-0.000083
-0.000202
-0.000155
-0.000039
0.000015
-0.000037
-0.000102
-0.000055
0.000078
0.000157
0.000111
0.000028
-0.000007
-0.000059
-0.000188
-0.000263
-0.000161
0.000021
0.000106
0.000081
0.000046
0.000027
0.000002
0.000011
0.000040
-0.000025
-0.000180
-0.000222
-0.000077
0.000082
0.000162
0.000219
0.000221
0.000093
-0.000083
-0.000124
0.000007
0.000151
0.000170
0.000091
0.000019
0.000013
0.000050
0.000092
0.000112
0.000067
-0.000045
-0.000161
-0.000231
-0.000249
-0.000218
-0.000159
-0.000109
-0.000083
-0.000069
-0.000052
-0.000003
0.000086
0.000141
0.000115
0.000080
0.000093
0.000125
0.000142
0.000135
0.000114
0.000082
0.000035
-0.000002
-0.000015
-0.000040
-0.000088
-0.000119
-0.000101
-0.000049
-0.000011
-0.000024
-0.000059
-0.000043
0.000055
0.000161
0.000145
-0.000010
-0.000148
-0.000153
-0.000107
-0.000139
-0.000222
-0.000231
-0.000125
0.000011
0.000113
0.000224
0.000350
0.000346
0.000162
-0.000031
-0.000081
-0.000028
0.000016
0.000047
0.000117
0.000163
0.000087
-0.000072
-0.000230
-0.000356
-0.000345
-0.000131
0.000106
0.000193
0.000177
0.000137
0.000118
0.000171
0.000235
0.000169
-0.000007
-0.000157
-0.000241
-0.000281
-0.000259
-0.000194
-0.000156
-0.000119
-0.000020
0.000064
0.000017
-0.000087
-0.000103
-0.000032
0.000019
0.000009
0.000008
0.000059
0.000098
0.000090
0.000101
0.000135
0.000111
0.000023
-0.000056
-0.000096
-0.000062
0.000057
0.000165
0.000177
0.000125
0.000066
0.000056
0.000111
0.000149
0.000083
-0.000056
-0.000192
-0.000277
-0.000263
-0.000153
-0.000053
-0.000021
-0.000011
0.000033
0.000135
0.000240
0.000238
0.000115
-0.000023
-0.000089
-0.000080
-0.000028
0.000028
0.000050
0.000033
0.000011
0.000005
0.000014
0.000021
-0.000012
-0.000071
-0.000085
-0.000044
0.000004
0.000030
0.000020
-0.000032
-0.000086
-0.000123
-0.000169
-0.000198
-0.000130
0.000006
0.000060
-0.000012
-0.000061
0.000016
0.000128
0.000154
0.000099
0.000044
0.000025
-0.000013
-0.000066
-0.000024
0.000127
0.000248
0.000224
0.000070
-0.000088
-0.000133
-0.000089
-0.000039
0.000007
0.000077
0.000136
0.000119
0.000062
0.000054
0.000072
0.000005
-0.000139
-0.000235
-0.000228
-0.000176
-0.000127
-0.000049
0.000061
0.000111
0.000039
-0.000088
-0.000159
-0.000129
-0.000040
0.000053
0.000127
0.000171
0.000167
0.000110
0.000042
0.000019
0.000071
0.000169
0.000185
0.000028
-0.000184
-0.000274
-0.000244
-0.000197
-0.000167
-0.000126
-0.000090
-0.000096
-0.000107
-0.000073
0.000016
0.000148
0.000260
0.000273
0.000213
0.000155
0.000096
0.000028
0.000027
0.000112
0.000151
0.000084
0.000006
-0.000069
-0.000176
-0.000258
-0.000294
-0.000322
-0.000277
-0.000097
0.000087
0.000112
0.000014
-0.000021
0.000066
0.000123
0.000042
-0.000036
0.000056
0.000201
0.000168
0.000011
-0.000003
0.000198
0.000386
0.000351
0.000165
0.000033
0.000010
0.000021
0.000010
-0.000040
-0.000123
-0.000208
-0.000265
-0.000276
-0.000231
-0.000154
-0.000090
-0.000063
-0.000048
-0.000008
0.000022
-0.000021
-0.000075
-0.000034
0.000048
0.000046
0.000001
0.000030
0.000096
0.000126
0.000164
0.000219
0.000181
0.000005
-0.000211
-0.000362
-0.000340
-0.000085
0.000214
0.000277
0.000117
-0.000014
-0.000009
0.000041
0.000067
0.000069
0.000048
0.000009
-0.000037
-0.000091
-0.000141
-0.000145
-0.000095
-0.000031
0.000028
0.000046
-0.000000
-0.000017
0.000057
0.000115
0.000072
-0.000003
-0.000031
-0.000015
0.000015
0.000057
0.000105
0.000127
0.000097
0.000035
0.000013
0.000061
0.000109
0.000063
-0.000073
-0.000202
-0.000236
-0.000181
-0.000095
-0.000036
-0.000021
-0.000023
-0.000039
-0.000090
-0.000142
-0.000121
-0.000046
-0.000016
-0.000034
-0.000042
-0.000067
-0.000101
-0.000044
0.000098
0.000206
0.000232
0.000224
0.000210
0.000177
0.000117
0.000072
0.000073
0.000062
-0.000002
-0.000053
-0.000036
0.000015
0.000032
-0.000042
-0.000196
-0.000303
-0.000235
-0.000034
0.000151
0.000241
0.000241
0.000146
-0.000007
-0.000112
-0.000127
-0.000125
-0.000195
-0.000297
-0.000269
-0.000084
0.000074
0.000104
0.000113
0.000137
0.000105
0.000043
0.000017
0.000025
0.000043
0.000048
0.000021
-0.000048
-0.000155
-0.000238
-0.000198
0.000001
0.000247
0.000379
0.000380
0.000336
0.000264
0.000132
-0.000010
-0.000064
-0.000028
-0.000031
-0.000158
-0.000312
-0.000330
-0.000221
-0.000141
-0.000145
-0.000127
-0.000026
0.000059
0.000031
-0.000062
-0.000127
-0.000143
-0.000110
-0.000024
0.000077
0.000123
0.000110
0.000107
0.000140
0.000152
0.000124
0.000114
0.000156
0.000197
0.000136
-0.000013
-0.000096
-0.000058
-0.000029
-0.000064
-0.000073
-0.000041
-0.000040
-0.000068
-0.000083
-0.000084
-0.000075
-0.000040
0.000013
0.000047
0.000045
0.000052
0.000095
0.000104
0.000031
-0.000047
-0.000047
-0.000009
0.000004
0.000026
0.000088
0.000138
0.000134
0.000103
0.000092
0.000103
0.000074
-0.000051
-0.000212
-0.000276
-0.000214
-0.000117
-0.000046
-0.000006
-0.000015
-0.000059
-0.000106
-0.000173
-0.000248
-0.000223
-0.000069
0.000064
0.000069
0.000061
0.000144
0.000197
0.000123
0.000033
0.000058
0.000157
0.000205
0.000164
0.000115
0.000130
0.000175
0.000155
0.000049
-0.000053
-0.000082
-0.000052
-0.000016
-0.000054
-0.000209
-0.000352
-0.000302
-0.000101
0.000027
-0.000018
-0.000126
-0.000147
-0.000055
0.000043
0.000036
-0.000059
-0.000112
-0.000028
0.000126
0.000221
0.000224
0.000170
0.000092
0.000048
0.000071
0.000105
0.000096
0.000059
0.000025
-0.000008
-0.000051
-0.000085
-0.000088
-0.000077
-0.000034
0.000065
0.000093
-0.000062
-0.000227
-0.000207
-0.000084
-0.000026
-0.000055
-0.000104
-0.000112
-0.000064
0.000006
0.000067
0.000134
0.000215
0.000262
0.000206
0.000059
-0.000068
-0.000094
-0.000051
0.000005
0.000106
0.000239
0.000242
0.000040
-0.000202
-0.000322
-0.000333
-0.000316
-0.000284
-0.000195
-0.000058
0.000064
0.000163
0.000277
0.000381
0.000398
0.000311
0.000170
0.000007
-0.000116
-0.000108
0.000005
0.000085
0.000079
0.000041
0.000003
-0.000045
-0.000095
-0.000117
-0.000071
0.000044
0.000118
0.000037
-0.000136
-0.000253
-0.000282
-0.000271
-0.000201
-0.000037
0.000136
0.000187
0.000091
-0.000039
-0.000066
0.000015
0.000075
0.000057
0.000022
0.000016
-0.000002
-0.000076
-0.000143
-0.000108
0.000006
0.000088
0.000067
-0.000011
-0.000057
-0.000059
-0.000055
-0.000068
-0.000115
-0.000146
-0.000055
0.000122
0.000233
0.000229
0.000197
0.000173
0.000114
0.000041
0.000026
0.000044
0.000016
-0.000080
-0.000191
-0.000227
-0.000155
-0.000024
0.000092
0.000105
-0.000005
-0.000106
-0.000081
0.000031
0.000120
0.000118
0.000014
-0.000111
-0.000116
0.000025
0.000154
0.000171
0.000152
0.000145
0.000085
-0.000050
-0.000174
-0.000219
-0.000187
-0.000108
-0.000017
0.000069
0.000117
0.000085
0.000008
-0.000042
-0.000052
-0.000047
-0.000026
0.000012
0.000037
0.000024
-0.000020
-0.000051
-0.000024
0.000046
0.000098
0.000101
0.000067
0.000037
0.000007
-0.000052
-0.000102
-0.000092
-0.000055
-0.000035
-0.000012
0.000039
0.000062
-0.000015
-0.000138
-0.000172
-0.000080
0.000048
0.000124
0.000136
0.000143
0.000204
0.000290
0.000317
0.000229
0.000027
-0.000222
-0.000396
-0.000414
-0.000285
-0.000106
0.000026
0.000112
0.000155
0.000091
-0.000066
-0.000164
-0.000106
0.000001
0.000007
-0.000042
-0.000057
-0.000091
-0.000176
-0.000192
-0.000020
0.000254
0.000409
0.000379
0.000305
0.000288
0.000252
0.000117
-0.000037
-0.000107
-0.000113
-0.000112
-0.000132
-0.000205
-0.000313
-0.000362
-0.000320
-0.000253
-0.000208
-0.000197
-0.000192
-0.000116
0.000034
0.000150
0.000172
0.000150
0.000142
0.000186
0.000266
0.000296
0.000252
0.000197
0.000150
0.000085
0.000001
-0.000085
-0.000156
-0.000189
-0.000168
-0.000094
0.000001
0.000054
0.000033
-0.000017
-0.000030
0.000027
0.000116
0.000143
0.000094
0.000074
0.000121
0.000131
0.000041
-0.000087
-0.000174
-0.000208
-0.000218
-0.000199
-0.000119
-0.000013
0.000026
0.000011
0.000050
0.000115
0.000086
0.000004
0.000025
0.000154
0.000237
0.000186
0.000064
-0.000027
-0.000044
0.000003
0.000056
0.000039
-0.000082
-0.000240
-0.000301
-0.000207
-0.000057
0.000021
0.000027
0.000021
-0.000014
-0.000098
-0.000144
-0.000105
-0.000061
-0.000064
-0.000065
-0.000021
0.000050
0.000137
0.000245
0.000320
0.000298
0.000199
0.000137
0.000174
0.000227
0.000177
0.000059
-0.000002
-0.000016
-0.000079
-0.000185
-0.000267
-0.000306
-0.000292
-0.000215
-0.000105
-0.000037
-0.000057
-0.000101
-0.000108
-0.000116
-0.000133
-0.000104
-0.000033
0.000027
0.000042
0.000039
0.000070
0.000120
0.000115
0.000067
0.000072
0.000151
0.000212
0.000176
0.000076
0.000007
0.000040
0.000148
0.000240
0.000228
0.000078
-0.000127
-0.000247
-0.000246
-0.000182
-0.000106
-0.000074
-0.000118
-0.000194
-0.000218
-0.000167
-0.000127
-0.000139
-0.000112
-0.000000
0.000115
0.000170
0.000188
0.000228
0.000327
0.000431
0.000355
0.000012
-0.000340
-0.000442
-0.000379
-0.000304
-0.000200
-0.000057
0.000035
0.000052
0.000094
0.000215
0.000337
0.000360
0.000299
0.000239
0.000203
0.000138
0.000054
0.000018
0.000025
-0.000002
-0.000082
-0.000172
-0.000209
-0.000180
-0.000147
-0.000164
-0.000194
-0.000175
-0.000116
-0.000067
-0.000050
-0.000045
0.000006
0.000125
0.000225
0.000220
0.000144
0.000089
0.000073
0.000022
-0.000111
-0.000232
-0.000209
-0.000072
0.000019
0.000026
0.000030
0.000041
0.000022
-0.000013
-0.000034
-0.000020
0.000030
0.000074
0.000090
0.000088
0.000039
-0.000054
-0.000062
0.000065
0.000160
0.000077
-0.000077
-0.000127
-0.000065
-0.000007
-0.000026
-0.000075
-0.000070
-0.000030
-0.000047
-0.000114
-0.000145
-0.000099
-0.000012
0.000060
0.000083
0.000075
0.000079
0.000088
0.000074
0.000052
0.000072
0.000145
0.000169
0.000041
-0.000142
-0.000197
-0.000116
-0.000039
-0.000036
-0.000042
0.000005
0.000059
0.000036
-0.000045
-0.000085
-0.000072
-0.000050
-0.000000
0.000048
0.000006
-0.000076
-0.000068
0.000019
0.000076
0.000059
-0.000001
-0.000032
0.000004
0.000077
0.000133
0.000123
0.000058
0.000012
-0.000008
-0.000041
-0.000044
0.000049
0.000189
0.000271
0.000248
0.000131
-0.000031
-0.000166
-0.000256
-0.000330
-0.000342
-0.000221
-0.000023
0.000090
0.000053
-0.000033
-0.000057
-0.000027
0.000017
0.000070
0.000096
0.000067
0.000034
0.000037
0.000033
-0.000022
-0.000108
-0.000160
-0.000112
0.000024
0.000140
0.000148
0.000076
0.000008
0.000010
0.000099
0.000189
0.000182
0.000081
-0.000068
-0.000211
-0.000213
-0.000021
0.000177
0.000209
0.000154
0.000144
0.000158
0.000124
0.000074
0.000046
-0.000016
-0.000146
-0.000287
-0.000383
-0.000382
-0.000253
-0.000104
-0.000080
-0.000143
-0.000146
-0.000075
-0.000028
-0.000035
-0.000029
0.000013
0.000059
0.000074
0.000037
-0.000032
-0.000069
-0.000019
0.000106
0.000221
0.000268
0.000277
0.000264
0.000211
0.000133
0.000094
0.000152
0.000254
0.000267
0.000135
-0.000032
-0.000101
-0.000110
-0.000181
-0.000282
-0.000312
-0.000289
-0.000286
-0.000305
-0.000276
-0.000171
-0.000044
0.000074
0.000155
0.000102
-0.000096
-0.000231
-0.000100
0.000206
0.000424
0.000442
0.000368
0.000294
0.000164
-0.000056
-0.000248
-0.000258
-0.000085
0.000078
0.000067
-0.000035
-0.000077
-0.000067
-0.000067
-0.000067
-0.000056
-0.000042
-0.000009
0.000047
0.000072
0.000049
0.000006
-0.000044
-0.000063
-0.000039
-0.000060
-0.000140
-0.000137
-0.000025
0.000044
0.000031
0.000045
0.000102
0.000129
0.000097
0.000039
-0.000012
-0.000026
0.000010
0.000059
0.000082
0.000074
0.000060
0.000060
0.000047
-0.000014
-0.000054
-0.000009
0.000052
0.000033
-0.000065
-0.000153
-0.000159
-0.000118
-0.000097
-0.000082
-0.000031
0.000037
0.000071
0.000066
0.000049
0.000025
0.000005
0.000032
0.000088
0.000111
0.000098
0.000077
0.000047
-0.000016
-0.000113
-0.000194
-0.000205
-0.000139
-0.000013
0.000112
0.000127
-0.000017
-0.000202
-0.000222
-0.000036
0.000114
0.000032
-0.000097
0.000002
0.000238
0.000290
0.000080
-0.000140
-0.000117
0.000092
0.000176
0.000005
-0.000169
-0.000089
0.000108
0.000084
-0.000192
-0.000420
-0.000408
-0.000244
-0.000084
0.000017
0.000093
0.000211
0.000392
0.000506
0.000421
0.000234
0.000137
0.000143
0.000155
0.000119
0.000026
-0.000108
-0.000211
-0.000211
-0.000142
-0.000110
-0.000114
-0.000081
-0.000038
-0.000047
-0.000069
-0.000037
0.000020
0.000023
-0.000014
-0.000010
0.000025
0.000014
-0.000051
-0.000118
-0.000169
-0.000277
-0.000910
-0.002301
-0.002773
-0.000273
0.003374
0.003795
0.000773
-0.000902
0.001292
0.003765
0.002591
-0.000526
-0.001385
0.000245
0.000948
-0.000839
-0.002793
-0.002513
-0.001070
-0.000966
-0.002056
-0.002046
-0.000371
0.000944
0.000515
-0.000376
-0.000044
0.000952
0.001050
0.000275
-0.000097
0.000312
0.000662
0.000457
0.000244
0.000485
0.000612
0.000074
-0.000386
0.000144
0.000927
0.000580
-0.000452
-0.000527
0.000428
0.000911
0.000184
-0.000728
-0.000544
0.000303
0.000342
-0.000580
-0.001125
-0.000576
0.000101
-0.000195
-0.000822
-0.000427
0.000569
0.000611
-0.000279
-0.000647
-0.000060
0.000369
-0.000022
-0.000392
0.000149
0.001084
0.001138
0.000184
-0.000366
0.000258
0.000810
0.000149
-0.000764
-0.000656
-0.000049
-0.000058
-0.000435
-0.000275
0.000229
0.000198
-0.000377
-0.000729
-0.000504
0.000070
0.000675
0.001015
0.000925
0.000449
-0.000181
-0.000521
-0.000313
0.000100
0.000221
-0.000006
-0.000252
-0.000192
0.000185
0.000523
0.000324
-0.000480
-0.001048
-0.000596
0.000244
0.000365
-0.000151
-0.000556
-0.000508
-0.000022
0.000564
0.000649
0.000142
-0.000304
-0.000303
-0.000189
-0.000097
0.000330
0.000899
0.000842
0.000221
-0.000061
0.000260
0.000564
0.000293
-0.000496
-0.001077
-0.000552
0.000860
0.001408
-0.000036
-0.001939
-0.002009
-0.000560
0.000247
-0.000043
-0.000037
0.000483
0.000273
-0.000732
-0.001086
-0.000201
0.000878
0.001066
0.000531
0.000203
0.000404
0.000494
0.000060
-0.000328
-0.000124
0.000122
-0.000354
-0.000842
-0.000161
0.000874
0.000669
-0.000180
0.000037
0.001073
0.001255
0.000367
-0.000221
-0.000027
0.000033
-0.000401
-0.000779
-0.000860
-0.000845
-0.000912
-0.000965
-0.000661
-0.000038
0.000325
0.000232
0.000143
0.000327
0.000460
0.000174
-0.000286
-0.000383
-0.000127
0.000112
0.000303
0.000667
0.001102
0.001161
0.000693
0.000188
0.000067
0.000043
-0.000194
-0.000355
-0.000212
-0.000058
-0.000097
-0.000069
0.000208
0.000398
0.000154
-0.000290
-0.000533
-0.000596
-0.000696
-0.000795
-0.000684
-0.000364
-0.000110
-0.000106
-0.000204
-0.000155
0.000036
0.000144
0.000134
0.000228
0.000434
0.000496
0.000373
0.000301
0.000375
0.000420
0.000378
0.000393
0.000426
0.000267
-0.000038
-0.000216
-0.000182
0.000003
0.000221
0.000046
-0.000636
-0.001050
-0.000733
-0.000292
-0.000237
-0.000185
0.000300
0.000794
0.000635
0.000094
-0.000066
0.000109
-0.000101
-0.000794
-0.001111
-0.000551
0.000167
0.000305
0.000206
0.000388
0.000570
0.000261
-0.000294
-0.000427
-0.000138
-0.000073
-0.000362
-0.000424
-0.000023
0.000336
0.000267
0.000076
0.000079
0.000000
-0.000373
-0.000668
-0.000562
-0.000303
-0.000233
-0.000205
0.000146
0.000713
0.001027
0.001004
0.001006
0.001179
0.001278
0.001113
0.000803
0.000560
0.000372
0.000070
-0.000284
-0.000382
-0.000172
-0.000024
-0.000151
-0.000269
-0.000202
-0.000249
-0.000606
-0.000983
-0.001097
-0.001065
-0.001102
-0.001151
-0.001053
-0.000872
-0.000795
-0.000804
-0.000723
-0.000523
-0.000309
-0.000087
0.000196
0.000486
0.000647
0.000689
0.000786
0.000985
0.001114
0.001100
0.001119
0.001271
0.001367
0.001250
0.001050
0.000914
0.000720
0.000321
-0.000088
-0.000221
-0.000203
-0.000383
-0.000760
-0.001010
-0.001013
-0.000956
-0.000969
-0.000947
-0.000810
-0.000686
-0.000698
-0.000732
-0.000627
-0.000455
-0.000365
-0.000296
-0.000124
0.000071
0.000158
0.000126
-0.000304
-0.001656
-0.003490
-0.004060
-0.002523
-0.000551
0.000141
0.000574
0.002238
0.003891
0.003930
0.003681
0.004599
0.004897
0.002830
0.000501
0.000499
0.001642
0.001670
0.001157
0.001483
0.001907
0.001338
0.000448
0.000086
-0.000309
-0.001487
-0.003132
-0.004400
-0.004749
-0.004255
-0.003591
-0.003348
-0.003230
-0.002615
-0.001799
-0.001542
-0.001661
-0.001449
-0.001143
-0.001458
-0.001909
-0.001274
0.000263
0.001267
0.001476
0.002061
0.003305
0.004092
0.003995
0.003830
0.003822
0.003232
0.002099
0.001416
0.001502
0.001709
0.001577
0.001240
0.000984
0.000961
0.001020
0.000728
-0.000058
-0.000905
-0.001535
-0.002202
-0.002872
-0.003010
-0.002634
-0.002462
-0.002651
-0.002493
-0.001747
-0.001123
-0.001097
-0.001266
-0.001201
-0.001141
-0.001342
-0.001408
-0.000950
-0.000308
0.000042
0.000239
0.000671
0.001336
0.001912
0.002190
0.002188
0.002019
0.001787
0.001551
0.001338
0.001211
0.001244
0.001374
0.001419
0.001134
0.000205
-0.001107
-0.001499
-0.000294
0.001042
0.001134
0.001091
0.002099
0.002848
0.002101
0.001045
0.000597
-0.000370
-0.002280
-0.003678
-0.003848
-0.003634
-0.003545
-0.003355
-0.002961
-0.002241
-0.001218
-0.000615
-0.000741
-0.000745
-0.000357
-0.000440
-0.000863
-0.000440
0.000611
0.001015
0.000963
0.001500
0.002364
0.002753
0.002773
0.002672
0.002304
0.001856
0.001589
0.001240
0.000794
0.000695
0.000763
0.000489
0.000254
0.000532
0.000697
0.000203
-0.000371
-0.000749
-0.001787
-0.003718
-0.005233
-0.005327
-0.004669
-0.004193
-0.003552
-0.002053
-0.000149
0.001227
0.002175
0.003319
0.004244
0.004058
0.003176
0.002743
0.002719
0.002309
0.001636
0.001380
0.001564
0.001827
0.002036
0.002068
0.001803
0.001355
0.000703
-0.000428
-0.001813
-0.002760
-0.003260
-0.003866
-0.004368
-0.004064
-0.003179
-0.002555
-0.002248
-0.001730
-0.001033
-0.000665
-0.000735
-0.000845
-0.000744
-0.000631
-0.000673
-0.000572
0.000022
0.000929
0.001693
0.002206
0.002611
0.002907
0.002982
0.002770
0.002297
0.001753
0.001332
0.000934
0.000403
-0.000018
0.000022
0.000373
0.000658
0.000882
0.001142
0.001225
0.001025
0.000728
0.000335
-0.000344
-0.001258
-0.002107
-0.002591
-0.002526
-0.002068
-0.001632
-0.001253
-0.000633
0.000032
0.000243
0.000087
-0.000084
-0.000418
-0.001060
-0.001619
-0.001814
-0.001810
-0.001669
-0.001277
-0.000687
0.000015
0.000808
0.001477
0.001796
0.001930
0.002048
0.001930
0.001530
0.001244
0.001205
0.001138
0.001059
0.001211
0.001421
0.001312
0.000951
0.000704
0.000655
0.000564
0.000214
-0.000362
-0.000991
-0.002088
-0.004774
-0.008790
-0.011072
-0.009329
-0.006065
-0.004853
-0.004126
-0.000343
0.004666
0.006619
0.006768
0.008987
0.011492
0.009915
0.005867
0.004139
0.004373
0.003049
0.000622
0.000097
0.001313
0.001925
0.001577
0.001404
0.001524
0.001241
0.000102
-0.001955
-0.004317
-0.006001
-0.007086
-0.008443
-0.009530
-0.008728
-0.006416
-0.004876
-0.004405
-0.002854
0.000025
0.001562
0.000813
0.000174
0.000845
0.000929
-0.000313
-0.000687
0.000793
0.002209
0.002519
0.003118
0.004703
0.006033
0.006336
0.006149
0.005750
0.004934
0.003823
0.002485
0.000873
-0.000356
-0.000633
-0.000739
-0.001389
-0.001625
-0.000684
0.000188
-0.000123
-0.000643
-0.000468
-0.000688
-0.002187
-0.003693
-0.003943
-0.003741
-0.004140
-0.004504
-0.003901
-0.002766
-0.001914
-0.001234
-0.000380
0.000362
0.000658
0.000652
0.000494
0.000204
0.000004
-0.000011
-0.000091
-0.000094
0.000532
0.001569
0.002168
0.002364
0.002889
0.003544
0.003474
0.002807
0.002202
0.001357
-0.000117
-0.001278
-0.001236
-0.000651
-0.000259
0.000412
0.001633
0.002665
0.003130
0.003346
0.003183
0.002263
0.000880
-0.000596
-0.002218
-0.003710
-0.004564
-0.004977
-0.005272
-0.004985
-0.003874
-0.002668
-0.001767
-0.000751
0.000257
0.000539
0.000187
-0.000109
-0.000317
-0.000712
-0.000991
-0.000873
-0.000563
-0.000060
0.000833
0.001793
0.002466
0.003060
0.003594
0.003663
0.003345
0.003070
0.002723
0.002050
0.001359
0.000902
0.000450
-0.000044
-0.000366
-0.000672
-0.001175
-0.001543
-0.001525
-0.001574
-0.002134
-0.003026
-0.003838
-0.004294
-0.004304
-0.003984
-0.003402
-0.002430
-0.001145
0.000138
0.001404
0.002799
0.004052
0.004775
0.004999
0.004865
0.004334
0.003529
0.002727
0.001946
0.001152
0.000592
0.000384
0.000287
0.000191
0.000178
0.000110
-0.000214
-0.000700
-0.001253
-0.001984
-0.002815
-0.003476
-0.003964
-0.004374
-0.004484
-0.004085
-0.003342
-0.002478
-0.001543
-0.000619
0.000193
0.000889
0.001420
0.001676
0.001719
0.001722
0.001678
0.001478
0.001203
0.001032
0.000996
0.001064
0.001248
0.001509
0.001770
0.001993
0.002135
0.002142
0.001969
0.001548
0.000900
0.000212
-0.000354
-0.000831
-0.001270
-0.001573
-0.001683
-0.001641
-0.001449
-0.001143
-0.000857
-0.000595
-0.000255
0.000037
0.000118
0.000207
0.000419
0.000366
-0.000031
-0.000243
-0.000199
-0.000384
-0.000738
-0.000817
-0.000761
-0.000891
-0.001008
-0.000913
-0.000761
-0.000603
-0.000355
-0.000135
0.000003
0.000221
0.000425
0.000409
0.000471
0.000915
0.001356
0.001460
0.001537
0.001688
0.001554
0.001212
0.001074
0.001024
0.000751
0.000435
0.000265
0.000043
-0.000214
-0.000241
-0.000155
-0.000194
-0.000256
-0.000324
-0.000726
-0.002078
-0.005020
-0.008577
-0.009838
-0.007960
-0.006174
-0.006253
-0.004927
-0.000353
0.003548
0.004515
0.006502
0.011341
0.014070
0.011897
0.009142
0.008724
0.007586
0.004068
0.001251
0.000552
-0.000415
-0.002476
-0.003572
-0.002810
-0.001443
-0.000555
-0.000490
-0.001274
-0.002199
-0.002632
-0.003314
-0.005004
-0.006698
-0.007315
-0.007721
-0.008807
-0.009122
-0.007055
-0.004011
-0.002353
-0.001418
0.000805
0.003403
0.004210
0.004136
0.005177
0.006138
0.004927
0.002793
0.002106
0.002429
0.002311
0.002162
0.002634
0.003082
0.003252
0.003729
0.004310
0.004399
0.004280
0.003950
0.002490
0.000215
-0.001171
-0.001584
-0.002563
-0.004031
-0.004504
-0.004113
-0.004098
-0.004108
-0.002971
-0.001294
-0.000641
-0.000930
-0.000978
-0.000804
-0.001258
-0.002133
-0.002563
-0.002628
-0.002949
-0.003314
-0.003048
-0.002155
-0.001206
-0.000604
-0.000341
-0.000029
0.000809
0.002032
0.003052
0.003921
0.005014
0.005789
0.005634
0.005342
0.005724
0.005946
0.005134
0.003903
0.002803
0.001403
-0.000211
-0.001313
-0.001978
-0.002717
-0.003388
-0.003726
-0.003767
-0.003370
-0.002645
-0.002355
-0.002730
-0.003059
-0.003148
-0.003517
-0.003975
-0.003886
-0.003521
-0.003388
-0.003100
-0.002264
-0.001204
-0.000099
0.001233
0.002613
0.003727
0.004675
0.005485
0.005948
0.006183
0.006281
0.005781
0.004549
0.003267
0.001991
-0.000638
-0.005055
-0.008720
-0.009062
-0.007626
-0.007668
-0.008238
-0.005737
-0.001137
0.001177
0.001841
0.005356
0.010472
0.011405
0.008462
0.007121
0.007611
0.005711
0.001925
0.000134
-0.000155
-0.001876
-0.004111
-0.004247
-0.002753
-0.001401
-0.000500
-0.000167
-0.000633
-0.001008
-0.000879
-0.001592
-0.003485
-0.004817
-0.005258
-0.006552
-0.008424
-0.008233
-0.005723
-0.003669
-0.002992
-0.001582
0.001266
0.003447
0.004099
0.005044
0.006790
0.007111
0.005218
0.003451
0.003146
0.002769
0.001513
0.000696
0.000789
0.000813
0.000742
0.001284
0.002124
0.002826
0.003612
0.003905
0.002828
0.001368
0.000850
0.000229
-0.001739
-0.003681
-0.004229
-0.004595
-0.005638
-0.005783
-0.004260
-0.002809
-0.002433
-0.001903
-0.000577
0.000461
0.000656
0.000565
0.000140
-0.001153
-0.002777
-0.003700
-0.003851
-0.003494
-0.002372
-0.000670
0.000825
0.002289
0.004451
0.006654
0.007769
0.008156
0.008352
0.007522
0.005395
0.003306
0.001752
-0.000223
-0.002543
-0.003995
-0.004414
-0.004346
-0.003645
-0.002355
-0.001217
-0.000362
0.000502
0.000884
0.000447
-0.000144
-0.000788
-0.002228
-0.004076
-0.005145
-0.005549
-0.005894
-0.005575
-0.004127
-0.002379
-0.000782
0.001201
0.003429
0.005097
0.006176
0.006937
0.006986
0.006193
0.005132
0.003952
0.002140
-0.000942
-0.005387
-0.009292
-0.009884
-0.008031
-0.007475
-0.007788
-0.004836
0.000389
0.002807
0.003518
0.007717
0.013189
0.013372
0.009739
0.008470
0.008711
0.005942
0.001734
-0.000095
-0.001038
-0.003714
-0.006247
-0.006175
-0.004519
-0.003042
-0.001982
-0.001395
-0.001238
-0.000812
-0.000243
-0.000687
-0.002115
-0.003327
-0.004426
-0.006477
-0.008632
-0.008644
-0.006643
-0.005236
-0.005041
-0.003688
-0.000404
0.002429
0.003778
0.005618
0.008274
0.009027
0.007237
0.005734
0.005616
0.004882
0.002986
0.001591
0.000906
-0.000060
-0.000710
-0.000133
0.000835
0.001440
0.002127
0.002605
0.002150
0.001674
0.002029
0.001804
-0.000021
-0.001941
-0.002932
-0.004130
-0.005749
-0.006132
-0.005121
-0.004549
-0.004761
-0.004165
-0.002386
-0.000831
-0.000242
-0.000060
0.000082
-0.000062
-0.000558
-0.001010
-0.000912
-0.000258
0.000187
0.000023
0.000228
0.001659
0.003429
0.004403
0.005016
0.005862
0.006154
0.005309
0.004223
0.003543
0.002551
0.000775
-0.001033
-0.002103
-0.002511
-0.002628
-0.002576
-0.002272
-0.001649
-0.000964
-0.000645
-0.000592
-0.000424
-0.000468
-0.001314
-0.002576
-0.003428
-0.003917
-0.004456
-0.004730
-0.004291
-0.003410
-0.002357
-0.000868
0.001074
0.002921
0.004313
0.005344
0.006073
0.006354
0.006061
0.005235
0.003780
0.000933
-0.003668
-0.007890
-0.008901
-0.007823
-0.008200
-0.009226
-0.006857
-0.002094
0.000389
0.001745
0.006752
0.013063
0.014232
0.011558
0.011071
0.011975
0.009519
0.004934
0.002225
0.000200
-0.003783
-0.007598
-0.008341
-0.007256
-0.006431
-0.005573
-0.004310
-0.003181
-0.001896
-0.000178
0.000828
0.000472
-0.000326
-0.001370
-0.003550
-0.006067
-0.006800
-0.006043
-0.006202
-0.007281
-0.006671
-0.003892
-0.001296
0.000504
0.003341
0.006942
0.008599
0.008147
0.008263
0.009298
0.008840
0.006577
0.004550
0.002996
0.000755
-0.001355
-0.001878
-0.001561
-0.001558
-0.001383
-0.000714
-0.000165
0.000526
0.001902
0.002831
0.002221
0.001116
0.000453
-0.000717
-0.002695
-0.004018
-0.004397
-0.005311
-0.006740
-0.006888
-0.005580
-0.004506
-0.004039
-0.002942
-0.001103
0.000140
0.000463
0.001126
0.002647
0.003746
0.003486
0.002937
0.003299
0.003814
0.003299
0.002374
0.002212
0.002420
0.002013
0.001281
0.001132
0.001442
0.001303
0.000528
0.000017
0.000359
0.000804
0.000468
-0.000131
-0.000105
0.000040
-0.000624
-0.001577
-0.001851
-0.001912
-0.002705
-0.003842
-0.004374
-0.004269
-0.003941
-0.003434
-0.002709
-0.001844
-0.000881
0.000132
0.001190
0.002351
0.003383
0.003868
0.003926
0.004062
0.004199
0.003865
0.002901
0.000763
-0.003137
-0.006998
-0.007890
-0.006744
-0.007139
-0.008371
-0.006471
-0.002381
-0.000462
0.000660
0.005577
0.011840
0.013343
0.011479
0.011772
0.013137
0.011108
0.007103
0.004857
0.002862
-0.001531
-0.006011
-0.007580
-0.007499
-0.007815
-0.007961
-0.007237
-0.006223
-0.004853
-0.002718
-0.000794
-0.000101
-0.000043
-0.000139
-0.001172
-0.002979
-0.003865
-0.003658
-0.004259
-0.005925
-0.006459
-0.005110
-0.003571
-0.002254
0.000347
0.003791
0.005680
0.006125
0.007514
0.009622
0.009928
0.008492
0.007359
0.006242
0.003823
0.001329
0.000296
-0.000421
-0.001928
-0.003048
-0.002991
-0.002615
-0.002073
-0.000723
0.000655
0.000865
0.000589
0.000828
0.000867
0.000088
-0.000676
-0.001252
-0.002706
-0.004800
-0.005869
-0.005711
-0.005777
-0.006313
-0.005999
-0.004490
-0.002958
-0.001878
-0.000290
0.002141
0.004092
0.004656
0.004872
0.005766
0.006419
0.005712
0.004405
0.003605
0.002870
0.001544
0.000247
-0.000294
-0.000465
-0.000915
-0.001510
-0.001586
-0.000839
0.000186
0.000724
0.000881
0.001216
0.001459
0.001015
0.000246
-0.000275
-0.001032
-0.002559
-0.004173
-0.005035
-0.005288
-0.005277
-0.004883
-0.004054
-0.002934
-0.001557
-0.000024
0.001469
0.002898
0.004148
0.004866
0.005069
0.005151
0.005043
0.004393
0.003366
0.001820
-0.001368
-0.005801
-0.008360
-0.007760
-0.007226
-0.008669
-0.008725
-0.005262
-0.001844
-0.000507
0.002579
0.008807
0.012856
0.012090
0.011172
0.012704
0.012859
0.009761
0.006691
0.004804
0.001485
-0.003229
-0.006206
-0.006963
-0.007624
-0.008440
-0.008340
-0.007712
-0.006902
-0.004945
-0.002125
-0.000391
-0.000077
0.000233
0.000492
-0.000457
-0.001874
-0.002247
-0.002460
-0.004113
-0.006039
-0.006117
-0.004864
-0.003839
-0.002540
-0.000077
0.002412
0.003911
0.005510
0.007859
0.009484
0.009505
0.008979
0.008300
0.006570
0.004218
0.002694
0.001568
-0.000509
-0.002796
-0.003765
-0.003875
-0.004022
-0.003476
-0.001909
-0.000747
-0.000557
-0.000067
0.001088
0.001692
0.001431
0.001037
0.000281
-0.001384
-0.003086
-0.003843
-0.004285
-0.005241
-0.006190
-0.006331
-0.005699
-0.004632
-0.003230
-0.001524
0.000379
0.002169
0.003524
0.004693
0.006075
0.007080
0.006822
0.005759
0.004904
0.004049
0.002584
0.000996
-0.000091
-0.000995
-0.001938
-0.002396
-0.002132
-0.001560
-0.000969
-0.000379
0.000193
0.000837
0.001534
0.001851
0.001514
0.000801
-0.000150
-0.001552
-0.003155
-0.004307
-0.004925
-0.005346
-0.005462
-0.004935
-0.003851
-0.002422
-0.000682
0.001129
0.002630
0.003798
0.004755
0.005380
0.005593
0.005473
0.005001
0.003981
0.001850
-0.001934
-0.006101
-0.007907
-0.007319
-0.007640
-0.009435
-0.008904
-0.005242
-0.002539
-0.001367
0.002644
0.009199
0.012437
0.011627
0.012004
0.014225
0.013811
0.010465
0.007759
0.005500
0.001287
-0.003428
-0.005935
-0.007103
-0.008603
-0.009634
-0.009562
-0.009241
-0.008272
-0.005520
-0.002289
-0.000720
-0.000225
0.000706
0.001298
0.000506
-0.000394
-0.000346
-0.000931
-0.003354
-0.005690
-0.005851
-0.004799
-0.004179
-0.003344
-0.001360
0.000753
0.002222
0.004128
0.006856
0.008890
0.009510
0.009606
0.009255
0.007810
0.006022
0.004770
0.003039
0.000175
-0.002275
-0.003439
-0.004508
-0.005594
-0.005227
-0.003779
-0.003125
-0.002936
-0.001517
0.000576
0.001627
0.001867
0.002181
0.001939
0.000694
-0.000502
-0.001163
-0.002189
-0.003871
-0.005382
-0.006236
-0.006432
-0.005806
-0.004605
-0.003514
-0.002338
-0.000331
0.002074
0.003966
0.005653
0.007443
0.008258
0.007562
0.006569
0.005894
0.004600
0.002465
0.000447
-0.001186
-0.002710
-0.003690
-0.003816
-0.003614
-0.003229
-0.002267
-0.001017
0.000053
0.001280
0.002639
0.003115
0.002466
0.001628
0.000818
-0.000554
-0.002295
-0.003767
-0.005025
-0.006065
-0.006269
-0.005500
-0.004270
-0.002685
-0.000692
0.001222
0.002786
0.004335
0.005752
0.006434
0.006472
0.006145
0.004493
0.000650
-0.003590
-0.005518
-0.005771
-0.007239
-0.009577
-0.009431
-0.006654
-0.004561
-0.003131
0.001086
0.007275
0.010526
0.010563
0.011771
0.014367
0.014426
0.011866
0.009753
0.007578
0.003185
-0.001757
-0.004731
-0.006768
-0.009183
-0.010765
-0.011044
-0.011127
-0.010371
-0.007479
-0.004066
-0.002222
-0.000856
0.001340
0.002806
0.002482
0.002110
0.002473
0.001649
-0.001075
-0.003560
-0.004417
-0.004756
-0.005360
-0.005236
-0.003886
-0.002299
-0.000856
0.001353
0.004432
0.007061
0.008552
0.009435
0.009813
0.009317
0.008377
0.007365
0.005474
0.002485
-0.000222
-0.002025
-0.003816
-0.005485
-0.005820
-0.005254
-0.005216
-0.005111
-0.003461
-0.001048
0.000383
0.001053
0.001912
0.002439
0.002020
0.001367
0.000896
-0.000058
-0.001602
-0.003084
-0.004427
-0.005761
-0.006433
-0.006052
-0.005386
-0.004847
-0.003594
-0.001226
0.001292
0.003231
0.004991
0.006749
0.007876
0.008177
0.008162
0.007867
0.006744
0.004730
0.002381
0.000194
-0.001586
-0.002914
-0.003974
-0.004759
-0.004865
-0.004200
-0.003244
-0.002147
-0.000702
0.000635
0.001187
0.001274
0.001478
0.001436
0.000643
-0.000584
-0.001829
-0.003086
-0.004141
-0.004618
-0.004580
-0.004162
-0.003171
-0.001719
-0.000315
0.001027
0.002639
0.004246
0.005343
0.005873
0.005348
0.002887
-0.000437
-0.002080
-0.002234
-0.003693
-0.006389
-0.007091
-0.005556
-0.004806
-0.004521
-0.001328
0.003864
0.006652
0.007120
0.009025
0.012098
0.012974
0.011801
0.010841
0.009304
0.005608
0.001328
-0.001683
-0.004259
-0.007128
-0.009295
-0.010587
-0.011687
-0.011678
-0.009548
-0.006858
-0.005274
-0.003758
-0.001276
0.000808
0.001541
0.002229
0.003411
0.003355
0.001381
-0.000570
-0.001190
-0.001637
-0.002817
-0.003663
-0.003361
-0.002669
-0.001942
-0.000381
0.002023
0.004134
0.005538
0.006749
0.007784
0.008303
0.008477
0.008239
0.006901
0.004601
0.002441
0.000613
-0.001543
-0.003611
-0.004618
-0.005036
-0.005816
-0.006271
-0.005294
-0.003553
-0.002294
-0.001308
0.000022
0.001175
0.001615
0.001823
0.002044
0.001654
0.000464
-0.000893
-0.002069
-0.003250
-0.004436
-0.005335
-0.005751
-0.005666
-0.005046
-0.003752
-0.001759
0.000506
0.002504
0.004296
0.006182
0.007800
0.008567
0.008615
0.008231
0.007151
0.005322
0.003348
0.001596
-0.000155
-0.001973
-0.003585
-0.004793
-0.005382
-0.005176
-0.004517
-0.003801
-0.002800
-0.001404
-0.000198
0.000530
0.001136
0.001536
0.001184
0.000183
-0.000886
-0.001888
-0.002883
-0.003592
-0.003819
-0.003655
-0.003065
-0.002020
-0.000795
0.000498
0.002018
0.003581
0.004638
0.004636
0.003252
0.001216
0.000105
-0.000101
-0.001331
-0.003646
-0.004510
-0.003566
-0.003386
-0.003860
-0.001884
0.002157
0.004487
0.004996
0.006861
0.009694
0.010448
0.009492
0.009048
0.008317
0.005729
0.002505
0.000091
-0.002142
-0.004636
-0.006758
-0.008542
-0.010148
-0.010568
-0.009403
-0.007970
-0.006925
-0.005281
-0.002839
-0.000872
0.000234
0.001445
0.002827
0.003134
0.002039
0.000872
0.000520
0.000143
-0.001044
-0.002197
-0.002343
-0.001980
-0.001728
-0.000970
0.000706
0.002403
0.003530
0.004662
0.006007
0.006977
0.007442
0.007537
0.006813
0.005216
0.003591
0.002136
0.000242
-0.001777
-0.003028
-0.003886
-0.005141
-0.006047
-0.005573
-0.004426
-0.003710
-0.003036
-0.001742
-0.000381
0.000408
0.000948
0.001550
0.001803
0.001370
0.000528
-0.000422
-0.001546
-0.002836
-0.003937
-0.004553
-0.004764
-0.004659
-0.003908
-0.002283
-0.000311
0.001439
0.003147
0.005022
0.006629
0.007602
0.008065
0.007995
0.007155
0.005700
0.004009
0.002154
0.000190
-0.001608
-0.003147
-0.004445
-0.005231
-0.005350
-0.005106
-0.004620
-0.003660
-0.002371
-0.001151
0.000006
0.001104
0.001698
0.001608
0.001201
0.000608
-0.000317
-0.001309
-0.001973
-0.002406
-0.002771
-0.002866
-0.002533
-0.001819
-0.000713
0.000603
0.001276
0.000591
-0.000505
-0.000340
0.000643
0.000433
-0.000803
-0.000821
0.000359
0.000441
-0.000209
0.001187
0.004063
0.004970
0.004080
0.004744
0.006853
0.007359
0.006361
0.006136
0.006026
0.004183
0.001665
0.000164
-0.001064
-0.002896
-0.004632
-0.006068
-0.007616
-0.008398
-0.007682
-0.006816
-0.006752
-0.006183
-0.004451
-0.002998
-0.002308
-0.001017
0.000911
0.001711
0.001107
0.000763
0.001210
0.001243
0.000457
-0.000095
0.000050
0.000148
-0.000041
0.000284
0.001381
0.002441
0.003019
0.003547
0.004241
0.004802
0.005190
0.005441
0.005154
0.004238
0.003304
0.002483
0.001193
-0.000373
-0.001397
-0.002169
-0.003439
-0.004501
-0.004375
-0.003801
-0.003771
-0.003678
-0.002849
-0.001955
-0.001488
-0.000880
0.000017
0.000461
0.000207
-0.000137
-0.000265
-0.000516
-0.001180
-0.002137
-0.002970
-0.003241
-0.002949
-0.002472
-0.001830
-0.000665
0.000900
0.002319
0.003585
0.005047
0.006425
0.007086
0.007001
0.006558
0.005844
0.004752
0.003331
0.001705
-0.000000
-0.001641
-0.003131
-0.004353
-0.005064
-0.005183
-0.005002
-0.004740
-0.004167
-0.003078
-0.001789
-0.000703
0.000151
0.000812
0.001129
0.001053
0.000751
0.000321
-0.000246
-0.000886
-0.001471
-0.001898
-0.002043
-0.001770
-0.001085
-0.000217
0.000339
0.000004
-0.000928
-0.001103
-0.000115
0.000477
-0.000169
-0.000443
0.000578
0.001117
0.000510
0.001155
0.003753
0.005349
0.004788
0.004724
0.006148
0.006745
0.005875
0.005334
0.005093
0.003587
0.001297
-0.000259
-0.001385
-0.002926
-0.004429
-0.005555
-0.006722
-0.007492
-0.007100
-0.006315
-0.006075
-0.005600
-0.004251
-0.003054
-0.002515
-0.001556
0.000069
0.000992
0.000717
0.000440
0.000873
0.001269
0.001004
0.000617
0.000709
0.000947
0.000911
0.000983
0.001600
0.002407
0.002890
0.003184
0.003648
0.004217
0.004666
0.004831
0.004467
0.003606
0.002755
0.002080
0.001144
-0.000061
-0.000973
-0.001685
-0.002791
-0.003919
-0.004156
-0.003757
-0.003622
-0.003601
-0.003076
-0.002348
-0.001915
-0.001476
-0.000725
-0.000139
-0.000192
-0.000539
-0.000642
-0.000602
-0.000830
-0.001354
-0.001879
-0.002188
-0.002199
-0.001814
-0.001000
0.000030
0.001017
0.002008
0.003215
0.004552
0.005720
0.006560
0.006972
0.006778
0.005972
0.004826
0.003540
0.002065
0.000394
-0.001319
-0.002920
-0.004241
-0.005089
-0.005490
-0.005624
-0.005508
-0.005000
-0.004077
-0.002918
-0.001727
-0.000638
0.000256
0.000874
0.001170
0.001175
0.000999
0.000732
0.000377
-0.000091
-0.000631
-0.001054
-0.001125
-0.000813
-0.000414
-0.000510
-0.001367
-0.002149
-0.001741
-0.000664
-0.000376
-0.000544
0.000323
0.001670
0.001820
0.001680
0.003271
0.005452
0.005795
0.005174
0.005741
0.006602
0.005973
0.004800
0.004352
0.003526
0.001513
-0.000436
-0.001614
-0.002758
-0.003999
-0.004933
-0.005898
-0.006882
-0.006931
-0.006100
-0.005573
-0.005315
-0.004362
-0.003132
-0.002661
-0.002410
-0.001366
-0.000158
0.000094
-0.000184
0.000102
0.000817
0.001098
0.000973
0.001108
0.001502
0.001672
0.001751
0.002280
0.003159
0.003764
0.003955
0.004099
0.004315
0.004466
0.004494
0.004216
0.003437
0.002479
0.001731
0.000935
-0.000138
-0.001099
-0.001842
-0.002857
-0.004012
-0.004440
-0.004074
-0.003799
-0.003809
-0.003460
-0.002736
-0.002208
-0.001822
-0.001191
-0.000604
-0.000494
-0.000557
-0.000388
-0.000201
-0.000219
-0.000281
-0.000469
-0.001065
-0.001695
-0.001679
-0.001140
-0.000592
0.000159
0.001400
0.002609
0.003450
0.004478
0.005771
0.006463
0.006365
0.006227
0.006069
0.005216
0.003801
0.002387
0.000815
-0.001083
-0.002869
-0.004347
-0.005610
-0.006366
-0.006515
-0.006515
-0.006307
-0.005357
-0.003975
-0.002847
-0.001726
-0.000270
0.000925
0.001425
0.001676
0.001908
0.001851
0.001568
0.001237
0.000697
0.000063
-0.000258
-0.000370
-0.000668
-0.001214
-0.001942
-0.002477
-0.002081
-0.001022
-0.000556
-0.000473
0.000571
0.001917
0.002065
0.002270
0.004238
0.006215
0.006108
0.005413
0.005839
0.006004
0.004844
0.003792
0.003343
0.002090
0.000029
-0.001514
-0.002557
-0.003629
-0.004282
-0.004615
-0.005460
-0.006256
-0.005876
-0.005011
-0.004775
-0.004531
-0.003574
-0.002720
-0.002461
-0.001961
-0.000927
-0.000253
-0.000339
-0.000488
-0.000135
0.000473
0.000879
0.001073
0.001378
0.001822
0.002109
0.002329
0.002895
0.003666
0.004100
0.004193
0.004273
0.004347
0.004351
0.004307
0.003916
0.002934
0.001787
0.000872
-0.000073
-0.001113
-0.001822
-0.002321
-0.003119
-0.003885
-0.003945
-0.003631
-0.003599
-0.003614
-0.003236
-0.002720
-0.002353
-0.001939
-0.001386
-0.000963
-0.000800
-0.000733
-0.000615
-0.000424
-0.000189
-0.000020
-0.000012
-0.000050
0.000107
0.000420
0.000515
0.000324
0.000377
0.000946
0.001473
0.001646
0.002165
0.003400
0.004426
0.004619
0.004769
0.005363
0.005553
0.004857
0.003889
0.002880
0.001480
-0.000125
-0.001521
-0.002828
-0.004195
-0.005481
-0.006626
-0.007343
-0.007126
-0.006286
-0.005656
-0.005055
-0.003757
-0.002088
-0.000787
0.000321
0.001571
0.002547
0.002954
0.003131
0.003232
0.003062
0.002639
0.002068
0.001409
0.000969
0.000907
0.000674
-0.000317
-0.001710
-0.002543
-0.002424
-0.001946
-0.001735
-0.001394
-0.000307
0.000827
0.001041
0.001259
0.002798
0.004536
0.004721
0.004197
0.004463
0.004729
0.003999
0.003184
0.002803
0.001831
0.000148
-0.001118
-0.001812
-0.002516
-0.003092
-0.003534
-0.004366
-0.005137
-0.004883
-0.004098
-0.003811
-0.003644
-0.002986
-0.002447
-0.002355
-0.001892
-0.000881
-0.000246
-0.000250
-0.000227
0.000106
0.000477
0.000734
0.000918
0.001083
0.001315
0.001654
0.002126
0.002789
0.003498
0.003891
0.003893
0.003809
0.003813
0.003832
0.003743
0.003308
0.002425
0.001474
0.000717
-0.000124
-0.001094
-0.001823
-0.002407
-0.003241
-0.003992
-0.004071
-0.003763
-0.003622
-0.003488
-0.003089
-0.002601
-0.002036
-0.001225
-0.000498
-0.000285
-0.000339
-0.000289
-0.000235
-0.000194
0.000036
0.000271
0.000207
0.000132
0.000443
0.000910
0.001142
0.001139
0.000969
0.000695
0.000645
0.000981
0.001406
0.001819
0.002422
0.002947
0.003014
0.003112
0.003782
0.004361
0.004041
0.003230
0.002518
0.001631
0.000403
-0.000759
-0.001858
-0.003254
-0.004733
-0.005847
-0.006549
-0.006779
-0.006458
-0.005962
-0.005437
-0.004296
-0.002466
-0.000812
0.000387
0.001673
0.002970
0.003680
0.003872
0.003953
0.003811
0.003250
0.002488
0.001725
0.001066
0.000738
0.000574
-0.000126
-0.001497
-0.002649
-0.002915
-0.002699
-0.002544
-0.002181
-0.001196
-0.000065
0.000519
0.001074
0.002592
0.004451
0.005103
0.004682
0.004540
0.004689
0.004240
0.003387
0.002672
0.001665
0.000087
-0.001396
-0.002356
-0.002990
-0.003375
-0.003666
-0.004262
-0.004845
-0.004593
-0.003707
-0.003095
-0.002744
-0.002175
-0.001721
-0.001671
-0.001388
-0.000603
-0.000093
-0.000233
-0.000398
-0.000204
0.000076
0.000296
0.000528
0.000702
0.000859
0.001225
0.001856
0.002623
0.003401
0.003996
0.004199
0.004087
0.003975
0.003968
0.003778
0.003101
0.002062
0.001032
0.000100
-0.000865
-0.001740
-0.002337
-0.002884
-0.003581
-0.004008
-0.003814
-0.003396
-0.003133
-0.002823
-0.002354
-0.001912
-0.001414
-0.000733
-0.000208
-0.000087
-0.000083
-0.000015
-0.000004
0.000075
0.000350
0.000422
0.000073
-0.000144
0.000160
0.000550
0.000646
0.000698
0.000922
0.001134
0.001207
0.001325
0.001716
0.002240
0.002445
0.002290
0.002327
0.002692
0.002808
0.002463
0.002047
0.001653
0.001083
0.000474
-0.000022
-0.000618
-0.001451
-0.002327
-0.003042
-0.003490
-0.003681
-0.003857
-0.004149
-0.004227
-0.003844
-0.003273
-0.002730
-0.002065
-0.001249
-0.000453
0.000316
0.001129
0.001901
0.002496
0.002870
0.003043
0.003091
0.003111
0.003053
0.002785
0.002404
0.002091
0.001672
0.000783
-0.000579
-0.001925
-0.002762
-0.003178
-0.003607
-0.003898
-0.003460
-0.002504
-0.001846
-0.001264
0.000139
0.001966
0.003039
0.003460
0.004080
0.004814
0.005151
0.005146
0.004880
0.004079
0.002762
0.001255
-0.000288
-0.001625
-0.002469
-0.003173
-0.004211
-0.005130
-0.005271
-0.004901
-0.004478
-0.003836
-0.002949
-0.002255
-0.001766
-0.001074
-0.000202
0.000478
0.000825
0.000895
0.000777
0.000693
0.000797
0.000888
0.000787
0.000691
0.000774
0.000973
0.001317
0.001843
0.002310
0.002539
0.002726
0.003067
0.003433
0.003580
0.003360
0.002763
0.001918
0.000974
0.000043
-0.000785
-0.001556
-0.002403
-0.003248
-0.003789
-0.003892
-0.003721
-0.003454
-0.003149
-0.002780
-0.002229
-0.001440
-0.000613
0.000001
0.000394
0.000672
0.000820
0.000832
0.000829
0.000810
0.000601
0.000219
-0.000070
-0.000107
0.000019
0.000176
0.000359
0.000651
0.001061
0.001475
0.001848
0.002229
0.002542
0.002636
0.002499
0.002209
0.001791
0.001254
0.000624
-0.000053
-0.000682
-0.001209
-0.001663
-0.002011
-0.002227
-0.002421
-0.002583
-0.002445
-0.001905
-0.001286
-0.000900
-0.000653
-0.000352
-0.000072
0.000051
0.000055
0.000025
-0.000038
-0.000161
-0.000294
-0.000307
-0.000150
0.000028
0.000103
0.000198
0.000473
0.000869
0.001265
0.001635
0.001924
0.002020
0.001916
0.001735
0.001571
0.001327
0.000785
-0.000056
-0.000851
-0.001313
-0.001556
-0.001807
-0.001992
-0.001939
-0.001788
-0.001739
-0.001619
-0.001176
-0.000566
-0.000052
0.000398
0.000823
0.001108
0.001311
0.001583
0.001783
0.001735
0.001546
0.001320
0.001015
0.000701
0.000483
0.000249
-0.000109
-0.000477
-0.000726
-0.000860
-0.000911
-0.000934
-0.000998
-0.001050
-0.000995
-0.000872
-0.000810
-0.000902
-0.001095
-0.001197
-0.001073
-0.000769
-0.000412
-0.000102
0.000135
0.000330
0.000527
0.000789
0.001126
0.001410
0.001534
0.001569
0.001584
0.001526
0.001386
0.001247
0.001140
0.001029
0.000920
0.000827
0.000670
0.000386
0.000056
-0.000228
-0.000511
-0.000852
-0.001186
-0.001448
-0.001668
-0.001862
-0.001991
-0.001975
-0.001771
-0.001507
-0.001393
-0.001381
-0.001207
-0.000806
-0.000355
0.000046
0.000443
0.000857
0.001264
0.001553
0.001363
0.000403
-0.000836
-0.001526
-0.001768
-0.002166
-0.002366
-0.001760
-0.001000
-0.000823
-0.000368
0.001286
0.003265
0.004439
0.005116
0.005809
0.006211
0.006147
0.005862
0.005277
0.004230
0.002827
0.001038
-0.001008
-0.002616
-0.003590
-0.004689
-0.006104
-0.006985
-0.007029
-0.006712
-0.006045
-0.004854
-0.003653
-0.002833
-0.001933
-0.000596
0.000748
0.001643
0.002070
0.002106
0.001956
0.001919
0.001858
0.001413
0.000769
0.000397
0.000327
0.000391
0.000699
0.001288
0.001848
0.002227
0.002648
0.003211
0.003669
0.003801
0.003629
0.003246
0.002679
0.001919
0.000967
-0.000118
-0.001230
-0.002313
-0.003355
-0.004213
-0.004640
-0.004644
-0.004521
-0.004331
-0.003819
-0.002990
-0.002125
-0.001291
-0.000455
0.000246
0.000765
0.001241
0.001671
0.001871
0.001781
0.001463
0.000994
0.000578
0.000471
0.000574
0.000526
0.000294
0.000200
0.000392
0.000788
0.001296
0.001755
0.002014
0.002139
0.002207
0.002121
0.001838
0.001437
0.000908
0.000223
-0.000470
-0.001014
-0.001466
-0.001925
-0.002342
-0.002602
-0.002641
-0.002469
-0.002196
-0.001925
-0.001568
-0.001008
-0.000377
0.000120
0.000482
0.000806
0.001022
0.000988
0.000792
0.000661
0.000591
0.000392
0.000064
-0.000202
-0.000325
-0.000347
-0.000258
-0.000030
0.000290
0.000641
0.000953
0.001147
0.001254
0.001382
0.001494
0.001418
0.001117
0.000757
0.000453
0.000168
-0.000130
-0.000443
-0.000783
-0.001109
-0.001351
-0.001485
-0.001541
-0.001524
-0.001366
-0.001033
-0.000661
-0.000422
-0.000309
-0.000179
0.000014
0.000183
0.000293
0.000379
0.000412
0.000318
0.000140
0.000013
-0.000002
0.000046
0.000124
0.000237
0.000361
0.000491
0.000662
0.000844
0.000942
0.000939
0.000920
0.000907
0.000800
0.000567
0.000334
0.000162
-0.000034
-0.000273
-0.000453
-0.000546
-0.000635
-0.000782
-0.000958
-0.001043
-0.000966
-0.000842
-0.000760
-0.000606
-0.000307
-0.000028
0.000070
0.000066
0.000100
0.000149
0.000146
0.000121
0.000090
0.000036
-0.000004
-0.000024
-0.000099
-0.000190
-0.000143
0.000065
0.000333
0.000575
0.000741
0.000765
0.000654
0.000553
0.000579
0.000650
0.000622
0.000501
0.000385
0.000261
0.000032
-0.000246
-0.000417
-0.000486
-0.000549
-0.000612
-0.000632
-0.000595
-0.000526
-0.000465
-0.000431
-0.000415
-0.000369
-0.000240
-0.000106
-0.000079
-0.000094
-0.000050
0.000004
0.000037
0.000093
0.000155
0.000183
0.000181
0.000177
0.000204
0.000242
0.000207
0.000117
0.000104
0.000160
0.000178
0.000191
0.000288
0.000394
0.000380
0.000295
0.000268
0.000277
0.000198
-0.000006
-0.000210
-0.000261
-0.000181
-0.000111
-0.000119
-0.000161
-0.000172
-0.000131
-0.000061
-0.000036
-0.000148
-0.000381
-0.000587
-0.000653
-0.000600
-0.000488
-0.000364
-0.000258
-0.000171
-0.000080
0.000042
0.000169
0.000225
0.000229
0.000295
0.000414
0.000470
0.000437
0.000415
0.000470
0.000535
0.000523
0.000425
0.000281
0.000128
0.000022
0.000013
0.000071
0.000065
-0.000075
-0.000228
-0.000238
-0.000170
-0.000179
-0.000245
-0.000277
-0.000267
-0.000243
-0.000216
-0.000181
-0.000143
-0.000123
-0.000138
-0.000180
-0.000193
-0.000122
-0.000038
-0.000052
-0.000120
-0.000119
-0.000032
0.000052
0.000091
0.000145
0.000218
0.000203
0.000088
-0.000024
-0.000067
-0.000036
0.000043
0.000094
0.000059
-0.000013
-0.000036
0.000006
0.000060
0.000082
0.000111
0.000205
0.000322
0.000364
0.000299
0.000202
0.000178
0.000212
0.000170
0.000009
-0.000173
-0.000289
-0.000327
-0.000306
-0.000248
-0.000181
-0.000125
-0.000091
-0.000085
-0.000105
-0.000123
-0.000118
-0.000106
-0.000096
-0.000071
-0.000025
0.000016
0.000016
-0.000039
-0.000109
-0.000124
-0.000073
-0.000027
-0.000014
0.000013
0.000069
0.000138
0.000211
0.000282
0.000350
0.000396
0.000377
0.000276
0.000120
-0.000002
-0.000001
0.000059
0.000034
-0.000057
-0.000084
-0.000069
-0.000133
-0.000269
-0.000358
-0.000330
-0.000215
-0.000112
-0.000099
-0.000147
-0.000127
0.000019
0.000174
0.000211
0.000167
0.000115
0.000023
-0.000136
-0.000261
-0.000246
-0.000120
0.000012
0.000077
0.000062
0.000012
0.000020
0.000108
0.000161
0.000092
-0.000029
-0.000081
-0.000015
0.000120
0.000225
0.000249
0.000212
0.000148
0.000094
0.000090
0.000110
0.000072
-0.000031
-0.000128
-0.000132
-0.000007
0.000138
0.000177
0.000115
0.000003
-0.000123
-0.000192
-0.000179
-0.000165
-0.000192
-0.000213
-0.000206
-0.000178
-0.000141
-0.000143
-0.000191
-0.000218
-0.000186
-0.000121
-0.000035
0.000075
0.000167
0.000187
0.000138
0.000082
0.000069
0.000096
0.000151
0.000233
0.000279
0.000201
0.000042
-0.000036
-0.000002
0.000002
-0.000080
-0.000150
-0.000126
-0.000040
0.000044
0.000103
0.000143
0.000170
0.000202
0.000240
0.000256
0.000195
0.000028
-0.000174
-0.000298
-0.000310
-0.000232
-0.000102
-0.000010
-0.000006
-0.000039
-0.000063
-0.000099
-0.000145
-0.000160
-0.000130
-0.000056
0.000048
0.000107
0.000075
0.000046
0.000092
0.000125
0.000064
-0.000033
-0.000074
-0.000059
-0.000073
-0.000155
-0.000214
-0.000152
-0.000011
0.000071
0.000051
0.000043
0.000109
0.000164
0.000185
0.000245
0.000301
0.000240
0.000092
-0.000013
-0.000021
-0.000000
-0.000031
-0.000075
-0.000029
0.000070
0.000090
0.000010
-0.000080
-0.000123
-0.000163
-0.000223
-0.000225
-0.000113
0.000017
0.000063
0.000051
-0.000000
-0.000093
-0.000145
-0.000103
-0.000028
0.000009
-0.000006
-0.000030
0.000000
0.000085
0.000153
0.000164
0.000130
0.000047
-0.000069
-0.000110
-0.000033
0.000073
0.000147
0.000186
0.000172
0.000093
-0.000023
-0.000131
-0.000187
-0.000164
-0.000076
0.000001
0.000010
-0.000002
0.000007
-0.000004
-0.000031
-0.000011
0.000042
0.000060
0.000028
0.000007
0.000040
0.000075
0.000054
0.000004
-0.000029
-0.000037
-0.000030
-0.000023
-0.000012
-0.000005
-0.000066
-0.000199
-0.000223
-0.000003
0.000265
0.000232
-0.000136
-0.000478
-0.000503
-0.000340
-0.000247
-0.000189
-0.000013
0.000198
0.000292
0.000322
0.000405
0.000509
0.000527
0.000468
0.000414
0.000353
0.000223
0.000054
-0.000074
-0.000139
-0.000159
-0.000161
-0.000160
-0.000178
-0.000256
-0.000368
-0.000403
-0.000307
-0.000151
-0.000060
-0.000085
-0.000164
-0.000200
-0.000127
0.000016
0.000096
0.000087
0.000113
0.000190
0.000164
0.000028
-0.000021
0.000083
0.000190
0.000207
0.000180
0.000130
0.000021
-0.000087
-0.000119
-0.000132
-0.000188
-0.000239
-0.000234
-0.000169
-0.000072
0.000002
0.000049
0.000111
0.000159
0.000143
0.000125
0.000155
0.000175
0.000168
0.000177
0.000179
0.000111
-0.000002
-0.000068
-0.000058
-0.000036
-0.000059
-0.000119
-0.000182
-0.000210
-0.000178
-0.000124
-0.000148
-0.000234
-0.000213
-0.000040
0.000119
0.000158
0.000143
0.000144
0.000176
0.000205
0.000153
-0.000006
-0.000144
-0.000135
-0.000029
0.000049
0.000074
0.000112
0.000192
0.000239
0.000139
-0.000082
-0.000223
-0.000141
0.000023
0.000058
-0.000013
-0.000056
-0.000076
-0.000135
-0.000186
-0.000149
-0.000071
-0.000036
-0.000021
0.000039
0.000129
0.000165
0.000127
0.000090
0.000091
0.000076
0.000014
-0.000085
-0.000205
-0.000322
-0.000417
-0.000464
-0.000397
-0.000162
0.000149
0.000318
0.000283
0.000257
0.000444
0.000754
0.000949
0.000898
0.000628
0.000280
0.000021
-0.000115
-0.000232
-0.000417
-0.000653
-0.000839
-0.000887
-0.000825
-0.000767
-0.000759
-0.000678
-0.000429
-0.000125
0.000120
0.000325
0.000503
0.000610
0.000620
0.000524
0.000393
0.000401
0.000536
0.000535
0.000320
0.000102
-0.000027
-0.000179
-0.000358
-0.000417
-0.000315
-0.000136
0.000046
0.000158
0.000141
0.000063
0.000059
0.000139
0.000201
0.000170
0.000044
-0.000104
-0.000181
-0.000194
-0.000247
-0.000389
-0.000559
-0.000656
-0.000615
-0.000465
-0.000311
-0.000190
-0.000019
0.000204
0.000354
0.000402
0.000421
0.000394
0.000325
0.000339
0.000455
0.000531
0.000497
0.000392
0.000254
0.000117
0.000001
-0.000100
-0.000192
-0.000285
-0.000345
-0.000301
-0.000195
-0.000128
-0.000065
0.000070
0.000200
0.000216
0.000127
-0.000012
-0.000152
-0.000241
-0.000268
-0.000264
-0.000246
-0.000209
-0.000157
-0.000099
-0.000076
-0.000126
-0.000165
-0.000117
-0.000059
-0.000020
0.000089
0.000264
0.000417
0.000500
0.000466
0.000305
0.000117
-0.000023
-0.000128
-0.000187
-0.000185
-0.000148
-0.000080
0.000021
0.000104
0.000083
-0.000029
-0.000057
0.000070
0.000179
0.000157
0.000106
0.000097
0.000066
0.000012
0.000012
0.000044
-0.000002
-0.000129
-0.000240
-0.000308
-0.000397
-0.000501
-0.000520
-0.000378
-0.000117
0.000120
0.000205
0.000163
0.000115
0.000130
0.000209
0.000300
0.000332
0.000295
0.000237
0.000210
0.000217
0.000190
0.000072
-0.000058
-0.000079
-0.000028
-0.000034
-0.000108
-0.000155
-0.000154
-0.000138
-0.000118
-0.000098
-0.000064
-0.000019
-0.000032
-0.000150
-0.000280
-0.000282
-0.000166
-0.000089
-0.000127
-0.000159
-0.000084
0.000044
0.000163
0.000278
0.000334
0.000268
0.000121
-0.000022
-0.000109
-0.000110
-0.000027
0.000089
0.000181
0.000237
0.000257
0.000209
0.000054
-0.000156
-0.000309
-0.000357
-0.000310
-0.000206
-0.000103
-0.000017
0.000086
0.000197
0.000246
0.000228
0.000212
0.000221
0.000210
0.000170
0.000136
0.000122
0.000083
-0.000004
-0.000066
-0.000050
-0.000027
-0.000069
-0.000131
-0.000173
-0.000214
-0.000251
-0.000243
-0.000174
-0.000114
-0.000143
-0.000202
-0.000200
-0.000194
-0.000220
-0.000132
0.000122
0.000342
0.000378
0.000331
0.000363
0.000446
0.000457
0.000395
0.000330
0.000271
0.000190
0.000069
-0.000084
-0.000222
-0.000317
-0.000379
-0.000404
-0.000389
-0.000354
-0.000310
-0.000268
-0.000229
-0.000179
-0.000116
-0.000061
-0.000029
-0.000005
0.000061
0.000165
0.000203
0.000127
0.000037
0.000025
0.000054
0.000049
-0.000004
-0.000082
-0.000115
-0.000041
0.000062
0.000083
0.000075
0.000118
0.000153
0.000128
0.000126
0.000220
0.000310
0.000281
0.000168
0.000020
-0.000190
-0.000425
-0.000583
-0.000627
-0.000579
-0.000455
-0.000268
-0.000106
-0.000042
0.000038
0.000287
0.000594
0.000708
0.000619
0.000545
0.000569
0.000586
0.000537
0.000428
0.000262
0.000072
-0.000121
-0.000324
-0.000529
-0.000698
-0.000773
-0.000734
-0.000647
-0.000566
-0.000466
-0.000327
-0.000161
0.000019
0.000166
0.000228
0.000193
0.000127
0.000162
0.000310
0.000421
0.000403
0.000326
0.000280
0.000231
0.000126
0.000011
-0.000051
-0.000050
-0.000023
-0.000001
0.000048
0.000130
0.000163
0.000111
0.000048
0.000030
0.000023
-0.000001
-0.000032
-0.000083
-0.000159
-0.000216
-0.000239
-0.000237
-0.000209
-0.000197
-0.000232
-0.000252
-0.000209
-0.000148
-0.000121
-0.000066
0.000145
0.000423
0.000488
0.000312
0.000150
0.000108
0.000064
-0.000041
-0.000140
-0.000205
-0.000248
-0.000239
-0.000162
-0.000047
0.000045
0.000070
0.000052
0.000045
0.000053
0.000078
0.000160
0.000256
0.000250
0.000125
-0.000009
-0.000070
-0.000060
-0.000026
-0.000020
-0.000037
-0.000025
0.000028
0.000056
-0.000006
-0.000157
-0.000300
-0.000320
-0.000216
-0.000082
-0.000003
-0.000005
-0.000084
-0.000187
-0.000206
-0.000077
0.000103
0.000221
0.000305
0.000384
0.000372
0.000252
0.000161
0.000176
0.000195
0.000121
0.000021
0.000009
0.000067
0.000087
0.000028
-0.000063
-0.000125
-0.000146
-0.000146
-0.000124
-0.000084
-0.000059
-0.000077
-0.000134
-0.000184
-0.000167
-0.000107
-0.000083
-0.000101
-0.000114
-0.000139
-0.000190
-0.000200
-0.000125
-0.000024
0.000042
0.000066
0.000083
0.000131
0.000175
0.000148
0.000113
0.000192
0.000334
0.000354
0.000224
0.000098
0.000043
0.000015
0.000019
0.000038
-0.000026
-0.000163
-0.000242
-0.000218
-0.000142
-0.000024
0.000123
0.000198
0.000130
-0.000008
-0.000092
-0.000101
-0.000091
-0.000092
-0.000092
-0.000063
0.000002
0.000040
-0.000005
-0.000068
-0.000070
-0.000045
-0.000045
-0.000051
-0.000055
-0.000082
-0.000129
-0.000134
-0.000034
0.000123
0.000217
0.000197
0.000107
0.000005
-0.000048
-0.000021
0.000048
0.000067
0.000004
-0.000044
-0.000016
0.000026
0.000051
0.000087
0.000126
0.000153
0.000145
0.000058
-0.000071
-0.000121
-0.000069
-0.000016
-0.000010
-0.000004
0.000028
0.000026
-0.000060
-0.000172
-0.000209
-0.000141
0.000002
0.000151
0.000166
-0.000003
-0.000173
-0.000194
-0.000167
-0.000207
-0.000226
-0.000112
0.000071
0.000175
0.000155
0.000099
0.000114
0.000197
0.000265
0.000260
0.000200
0.000114
0.000004
-0.000085
-0.000086
-0.000015
0.000047
0.000068
0.000076
0.000076
0.000010
-0.000141
-0.000249
-0.000220
-0.000150
-0.000118
-0.000069
0.000033
0.000146
0.000220
0.000207
0.000124
0.000053
-0.000009
-0.000117
-0.000226
-0.000250
-0.000206
-0.000158
-0.000101
-0.000018
0.000037
0.000007
-0.000064
-0.000075
-0.000006
0.000077
0.000122
0.000135
0.000136
0.000128
0.000100
0.000051
-0.000004
-0.000040
-0.000027
0.000027
0.000066
0.000054
0.000010
-0.000031
-0.000083
-0.000157
-0.000154
-0.000026
0.000092
0.000083
0.000004
-0.000031
-0.000005
0.000023
0.000034
0.000061
0.000109
0.000110
0.000018
-0.000121
-0.000231
-0.000257
-0.000166
-0.000001
0.000167
0.000305
0.000380
0.000355
0.000240
0.000076
-0.000099
-0.000225
-0.000248
-0.000210
-0.000174
-0.000133
-0.000102
-0.000120
-0.000145
-0.000124
-0.000076
-0.000023
0.000026
0.000015
-0.000084
-0.000166
-0.000091
0.000097
0.000220
0.000223
0.000197
0.000207
0.000246
0.000268
0.000223
0.000134
0.000056
-0.000027
-0.000116
-0.000161
-0.000157
-0.000136
-0.000129
-0.000151
-0.000167
-0.000146
-0.000090
-0.000008
0.000055
0.000018
-0.000091
-0.000126
-0.000033
0.000098
0.000169
0.000170
0.000147
0.000127
0.000117
0.000112
0.000077
-0.000003
-0.000066
-0.000066
-0.000064
-0.000104
-0.000139
-0.000130
-0.000095
-0.000038
0.000055
0.000154
0.000182
0.000116
0.000005
-0.000101
-0.000164
-0.000137
-0.000034
0.000082
0.000186
0.000257
0.000252
0.000186
0.000093
-0.000029
-0.000147
-0.000206
-0.000209
-0.000172
-0.000111
-0.000080
-0.000120
-0.000159
-0.000112
-0.000045
-0.000087
-0.000206
-0.000223
-0.000086
0.000050
0.000054
-0.000025
-0.000037
0.000065
0.000161
0.000149
0.000097
0.000121
0.000199
0.000237
0.000216
0.000162
0.000089
0.000042
0.000041
0.000025
-0.000033
-0.000062
-0.000039
-0.000052
-0.000127
-0.000168
-0.000134
-0.000063
0.000035
0.000131
0.000157
0.000086
-0.000033
-0.000119
-0.000120
-0.000026
0.000088
0.000117
0.000089
0.000077
0.000035
-0.000074
-0.000178
-0.000212
-0.000184
-0.000109
0.000005
0.000130
0.000215
0.000205
0.000098
-0.000022
-0.000050
-0.000007
-0.000012
-0.000074
-0.000111
-0.000099
-0.000061
0.000011
0.000114
0.000173
0.000108
-0.000070
-0.000229
-0.000211
-0.000038
0.000113
0.000158
0.000158
0.000133
0.000041
-0.000086
-0.000157
-0.000134
-0.000044
0.000073
0.000184
0.000220
0.000129
-0.000010
-0.000067
-0.000041
-0.000009
0.000011
0.000003
-0.000064
-0.000142
-0.000165
-0.000136
-0.000084
-0.000054
-0.000081
-0.000125
-0.000118
-0.000055
0.000002
0.000031
0.000060
0.000079
0.000071
0.000061
0.000052
0.000033
0.000043
0.000097
0.000129
0.000116
0.000138
0.000214
0.000249
0.000198
0.000080
-0.000109
-0.000278
-0.000279
-0.000174
-0.000141
-0.000197
-0.000218
-0.000155
-0.000080
-0.000044
-0.000001
0.000081
0.000150
0.000174
0.000187
0.000185
0.000124
0.000056
0.000042
0.000022
-0.000031
-0.000056
-0.000049
-0.000013
0.000070
0.000104
-0.000046
-0.000301
-0.000432
-0.000348
-0.000154
0.000017
0.000122
0.000176
0.000197
0.000186
0.000146
0.000094
0.000067
0.000080
0.000086
0.000055
-0.000005
-0.000066
-0.000064
0.000024
0.000085
0.000035
-0.000035
0.000005
0.000129
0.000213
0.000181
0.000038
-0.000141
-0.000223
-0.000155
-0.000046
-0.000001
0.000017
0.000073
0.000128
0.000068
-0.000112
-0.000261
-0.000286
-0.000231
-0.000160
-0.000113
-0.000115
-0.000144
-0.000137
-0.000053
0.000063
0.000124
0.000149
0.000203
0.000264
0.000271
0.000220
0.000162
0.000127
0.000083
0.000003
-0.000071
-0.000078
-0.000031
-0.000014
-0.000055
-0.000071
-0.000018
0.000030
0.000003
-0.000081
-0.000160
-0.000207
-0.000243
-0.000263
-0.000227
-0.000121
0.000014
0.000101
0.000100
0.000084
0.000142
0.000222
0.000215
0.000134
0.000066
0.000004
-0.000100
-0.000163
-0.000073
0.000103
0.000216
0.000239
0.000221
0.000162
0.000054
-0.000050
-0.000095
-0.000085
-0.000053
-0.000035
-0.000065
-0.000113
-0.000135
-0.000153
-0.000168
-0.000134
-0.000077
-0.000056
-0.000060
-0.000052
-0.000022
0.000013
0.000028
0.000011
0.000000
0.000044
0.000118
0.000161
0.000161
0.000143
0.000124
0.000120
0.000141
0.000134
0.000053
-0.000024
-0.000013
0.000025
0.000010
-0.000049
-0.000117
-0.000186
-0.000239
-0.000270
-0.000256
-0.000144
0.000020
0.000113
0.000128
0.000135
0.000124
0.000064
-0.000017
-0.000048
-0.000004
0.000028
-0.000029
-0.000086
-0.000025
0.000102
0.000170
0.000157
0.000119
0.000069
0.000008
-0.000018
-0.000003
-0.000022
-0.000119
-0.000277
-0.000424
-0.000410
-0.000182
0.000084
0.000231
0.000334
0.000481
0.000552
0.000409
0.000155
-0.000033
-0.000153
-0.000264
-0.000320
-0.000303
-0.000292
-0.000302
-0.000246
-0.000108
-0.000026
-0.000068
-0.000109
-0.000060
0.000013
0.000047
0.000048
0.000055
0.000110
0.000177
0.000170
0.000125
0.000149
0.000214
0.000214
0.000123
-0.000029
-0.000184
-0.000207
-0.000039
0.000147
0.000170
0.000059
-0.000041
-0.000049
-0.000007
-0.000005
-0.000047
-0.000069
-0.000040
0.000034
0.000120
0.000132
0.000040
-0.000053
-0.000073
-0.000070
-0.000091
-0.000116
-0.000109
-0.000042
0.000079
0.000156
0.000093
-0.000058
-0.000163
-0.000157
-0.000059
0.000060
0.000122
0.000095
0.000009
-0.000053
0.000002
0.000128
0.000167
0.000085
-0.000023
-0.000092
-0.000089
0.000002
0.000110
0.000155
0.000152
0.000114
0.000019
-0.000123
-0.000267
-0.000334
-0.000260
-0.000099
0.000018
0.000044
0.000042
0.000075
0.000144
0.000208
0.000222
0.000178
0.000103
0.000033
-0.000011
-0.000034
-0.000057
-0.000119
-0.000215
-0.000253
-0.000181
-0.000104
-0.000120
-0.000165
-0.000139
-0.000054
0.000033
0.000085
0.000103
0.000122
0.000151
0.000136
0.000085
0.000101
0.000203
0.000238
0.000090
-0.000139
-0.000249
-0.000194
-0.000085
0.000013
0.000099
