7360
0.000058
0.000055
0.000077
0.000108
0.000088
0.000041
0.000035
0.000053
0.000046
0.000029
0.000028
0.000037
0.000024
-0.000034
-0.000094
-0.000125
-0.000153
-0.000170
-0.000125
-0.000013
0.000114
0.000188
0.000187
0.000136
0.000040
-0.000095
-0.000196
-0.000213
-0.000186
-0.000134
-0.000021
0.000126
0.000198
0.000150
0.000058
-0.000003
-0.000005
0.000040
0.000047
-0.000024
-0.000087
-0.000073
-0.000051
-0.000113
-0.000128
0.000092
0.000371
0.000410
0.000279
0.000193
0.000141
0.000047
-0.000045
-0.000075
-0.000074
-0.000103
-0.000179
-0.000258
-0.000274
-0.000229
-0.000213
-0.000256
-0.000296
-0.000263
-0.000156
-0.000063
-0.000050
-0.000087
-0.000128
-0.000151
-0.000099
0.000045
0.000212
0.000326
0.000371
0.000378
0.000388
0.000390
0.000348
0.000264
0.000175
0.000096
0.000009
-0.000105
-0.000254
-0.000398
-0.000441
-0.000342
-0.000185
-0.000052
0.000048
0.000127
0.000185
0.000218
0.000214
0.000172
0.000110
0.000065
0.000050
0.000014
-0.000048
-0.000062
-0.000037
-0.000050
-0.000087
-0.000089
-0.000077
-0.000096
-0.000126
-0.000133
-0.000125
-0.000089
-0.000013
0.000046
0.000045
0.000029
0.000026
0.000029
0.000054
0.000059
-0.000012
-0.000088
-0.000061
0.000047
0.000139
0.000163
0.000121
0.000062
0.000037
0.000029
-0.000022
-0.000093
-0.000106
-0.000053
0.000017
0.000064
0.000059
0.000019
-0.000000
0.000014
0.000033
0.000051
0.000050
-0.000003
-0.000069
-0.000073
-0.000029
0.000002
0.000003
-0.000027
-0.000089
-0.000150
-0.000155
-0.000098
-0.000028
0.000023
0.000044
0.000026
-0.000000
0.000030
0.000110
0.000148
0.000096
0.000021
-0.000017
-0.000033
-0.000035
-0.000016
0.000005
0.000024
0.000031
-0.000009
-0.000098
-0.000152
-0.000109
-0.000019
0.000057
0.000130
0.000192
0.000198
0.000151
0.000076
-0.000027
-0.000130
-0.000172
-0.000126
-0.000057
-0.000051
-0.000081
-0.000064
-0.000035
-0.000051
-0.000041
0.000043
0.000118
0.000130
0.000115
0.000099
0.000090
0.000090
0.000108
0.000131
0.000041
-0.000224
-0.000486
-0.000540
-0.000409
-0.000234
-0.000111
-0.000047
0.000025
0.000142
0.000247
0.000284
0.000285
0.000314
0.000377
0.000403
0.000332
0.000180
0.000039
-0.000043
-0.000118
-0.000182
-0.000161
-0.000094
-0.000072
-0.000069
-0.000023
0.000037
0.000051
0.000024
-0.000029
-0.000127
-0.000224
-0.000215
-0.000106
-0.000006
0.000019
0.000010
0.000036
0.000068
0.000012
-0.000109
-0.000144
-0.000024
0.000143
0.000213
0.000170
0.000100
0.000048
0.000011
0.000004
0.000012
-0.000017
-0.000083
-0.000139
-0.000169
-0.000171
-0.000139
-0.000107
-0.000125
-0.000146
-0.000074
0.000042
0.000066
0.000013
-0.000004
0.000040
0.000098
0.000145
0.000185
0.000189
0.000119
0.000021
-0.000020
-0.000023
-0.000055
-0.000093
-0.000079
-0.000015
0.000070
0.000137
0.000130
0.000046
-0.000025
0.000007
0.000117
0.000160
0.000056
-0.000065
-0.000088
-0.000094
-0.000151
-0.000179
-0.000122
-0.000040
0.000032
0.000088
0.000061
-0.000040
-0.000055
0.000058
0.000129
0.000092
0.000054
0.000034
-0.000035
-0.000128
-0.000186
-0.000218
-0.000233
-0.000214
-0.000151
-0.000046
0.000065
0.000130
0.000164
0.000194
0.000183
0.000141
0.000157
0.000222
0.000233
0.000155
0.000027
-0.000096
-0.000162
-0.000177
-0.000196
-0.000217
-0.000154
-0.000016
0.000060
0.000009
-0.000058
-0.000022
0.000087
0.000156
0.000136
0.000070
0.000002
-0.000038
-0.000023
0.000010
-0.000017
-0.000077
-0.000062
0.000037
0.000093
0.000019
-0.000118
-0.000169
-0.000103
-0.000043
-0.000036
0.000010
0.000091
0.000092
0.000031
0.000005
-0.000013
-0.000034
0.000043
0.000197
0.000248
0.000202
0.000247
0.000351
0.000305
0.000102
-0.000090
-0.000216
-0.000339
-0.000444
-0.000437
-0.000319
-0.000214
-0.000169
-0.000104
-0.000015
-0.000016
-0.000126
-0.000197
-0.000118
0.000011
0.000053
0.000027
0.000031
0.000101
0.000169
0.000166
0.000136
0.000167
0.000255
0.000327
0.000322
0.000248
0.000191
0.000195
0.000150
-0.000040
-0.000279
-0.000390
-0.000338
-0.000248
-0.000198
-0.000150
-0.000070
0.000005
0.000031
0.000018
0.000003
-0.000007
-0.000004
0.000036
0.000067
0.000045
0.000069
0.000184
0.000234
0.000129
-0.000004
-0.000042
-0.000014
-0.000001
-0.000020
-0.000061
-0.000117
-0.000130
-0.000039
0.000100
0.000155
0.000097
0.000046
0.000086
0.000140
0.000084
-0.000087
-0.000247
-0.000266
-0.000162
-0.000058
-0.000032
-0.000038
-0.000020
-0.000022
-0.000084
-0.000139
-0.000087
0.000040
0.000125
0.000141
0.000150
0.000171
0.000164
0.000133
0.000130
0.000144
0.000095
-0.000021
-0.000092
-0.000069
-0.000033
-0.000052
-0.000111
-0.000182
-0.000237
-0.000217
-0.000088
0.000050
0.000052
-0.000045
-0.000074
0.000024
0.000150
0.000198
0.000140
0.000013
-0.000096
-0.000089
0.000014
0.000081
0.000047
-0.000013
-0.000010
0.000052
0.000107
0.000103
0.000018
-0.000105
-0.000156
-0.000099
-0.000005
0.000055
0.000061
0.000026
-0.000027
-0.000073
-0.000105
-0.000100
-0.000021
0.000068
0.000055
-0.000019
-0.000032
0.000023
0.000074
0.000086
0.000058
0.000003
-0.000059
-0.000119
-0.000188
-0.000274
-0.000381
-0.000481
-0.000447
-0.000668
-0.002947
-0.007459
-0.008079
0.001532
0.015356
0.018719
0.007652
-0.004609
-0.004718
0.003731
0.006123
-0.002917
-0.012135
-0.009107
0.002061
0.005820
-0.002970
-0.011829
-0.008657
0.001685
0.004964
-0.002724
-0.009570
-0.004086
0.008384
0.012469
0.004573
-0.002155
0.002303
0.010099
0.008541
-0.000200
-0.003472
0.002057
0.006193
0.001157
-0.007061
-0.008111
-0.002799
-0.001035
-0.005834
-0.008869
-0.004101
0.002567
0.002568
-0.002224
-0.003201
0.001244
0.004108
0.001373
-0.002197
-0.000809
0.003697
0.004961
0.001952
0.000273
0.002869
0.005238
0.002816
-0.001534
-0.001994
0.001036
0.002018
-0.000647
-0.002715
-0.001395
0.000636
-0.000127
-0.002683
-0.003310
-0.001427
-0.000228
-0.001222
-0.001954
-0.000401
0.001582
0.001310
-0.000381
-0.000750
0.000378
0.000890
0.000025
-0.000758
-0.000148
0.000999
0.000972
0.000155
0.000354
0.001357
0.001237
-0.000084
-0.000664
0.000040
0.000382
-0.000412
-0.000976
-0.000356
0.000504
0.000499
-0.000083
-0.000163
0.000545
0.001014
0.000500
-0.000191
-0.000064
0.000533
0.000623
0.000104
-0.000207
-0.000077
-0.000341
-0.001328
-0.002186
-0.002248
-0.001870
-0.001646
-0.001559
-0.001071
0.000296
0.002185
0.003083
0.002077
0.000513
-0.000061
-0.000134
-0.000441
-0.000276
0.000824
0.001913
0.002133
0.001795
0.001322
0.000417
-0.001065
-0.002478
-0.002956
-0.002231
-0.000917
0.000201
0.000897
0.001204
0.001060
0.000469
-0.000416
-0.001294
-0.001777
-0.001690
-0.001189
-0.000503
0.000301
0.001051
0.001284
0.000906
0.000351
-0.000061
-0.000136
0.000213
0.000662
0.000914
0.001009
0.000934
0.000764
0.000737
0.000753
0.000503
-0.000021
-0.000288
0.000435
0.001721
0.001762
-0.000189
-0.002415
-0.002924
-0.001892
-0.000897
-0.000696
-0.000769
-0.000431
0.000223
0.000410
-0.000015
-0.000170
0.000123
0.000153
0.000099
0.000664
0.001442
0.001506
0.000927
0.000532
0.000600
0.000589
0.000070
-0.000548
-0.000567
-0.000187
-0.000313
-0.000951
-0.001197
-0.000847
-0.000587
-0.000811
-0.001187
-0.001184
-0.000812
-0.000603
-0.000685
-0.000589
-0.000212
0.000027
0.000122
0.000483
0.001020
0.001267
0.001219
0.001198
0.001312
0.001468
0.001496
0.001371
0.001318
0.001379
0.001232
0.000711
0.000042
-0.000574
-0.001184
-0.001767
-0.002034
-0.001817
-0.001404
-0.001238
-0.001328
-0.001285
-0.001054
-0.000982
-0.001073
-0.000975
-0.000598
-0.000151
0.000131
0.000148
0.000029
-0.000029
-0.000046
-0.000169
-0.000465
-0.001275
-0.003012
-0.004662
-0.004065
-0.001018
0.001949
0.003141
0.003814
0.005444
0.007197
0.007757
0.007457
0.006871
0.005437
0.003072
0.001218
0.000901
0.001225
0.000809
-0.000342
-0.001159
-0.001084
-0.000841
-0.001605
-0.003472
-0.005372
-0.006598
-0.007383
-0.007815
-0.007428
-0.006263
-0.005250
-0.004829
-0.004194
-0.002699
-0.001044
-0.000274
-0.000318
-0.000299
0.000176
0.000858
0.001662
0.002747
0.003948
0.004817
0.005251
0.005648
0.006199
0.006355
0.005452
0.003906
0.003066
0.003366
0.003667
0.003315
0.003130
0.003411
0.003160
0.002036
0.000895
-0.000051
-0.001580
-0.003776
-0.005672
-0.006621
-0.006884
-0.006989
-0.007061
-0.006738
-0.005788
-0.004672
-0.003995
-0.003624
-0.003057
-0.002363
-0.001837
-0.001137
0.000169
0.001680
0.002770
0.003576
0.004603
0.005761
0.006488
0.006535
0.006140
0.005618
0.005056
0.004322
0.003354
0.002375
0.001563
0.000709
-0.000324
-0.001228
-0.001817
-0.002386
-0.003048
-0.003438
-0.003423
-0.003401
-0.003682
-0.004203
-0.004977
-0.006519
-0.009709
-0.014004
-0.015856
-0.012246
-0.005709
-0.001298
0.001013
0.005392
0.011941
0.016199
0.016865
0.016834
0.016694
0.014130
0.009584
0.006562
0.006089
0.005530
0.003434
0.001630
0.001770
0.002718
0.002136
-0.000735
-0.004477
-0.007479
-0.009887
-0.012681
-0.015258
-0.015912
-0.014756
-0.013528
-0.012246
-0.009383
-0.005422
-0.002797
-0.002136
-0.001523
0.000112
0.001448
0.001381
0.000995
0.001841
0.003807
0.005811
0.007631
0.009743
0.011816
0.012764
0.012269
0.011182
0.010150
0.008620
0.005970
0.002999
0.001063
0.000205
-0.000564
-0.001543
-0.002127
-0.002212
-0.002593
-0.003746
-0.005192
-0.006389
-0.007630
-0.009562
-0.011728
-0.012327
-0.010492
-0.007828
-0.006088
-0.004594
-0.001871
0.001533
0.003978
0.005182
0.005822
0.005954
0.005376
0.004489
0.003917
0.003816
0.003842
0.003727
0.003764
0.004344
0.005059
0.004985
0.004003
0.002901
0.001955
0.000643
-0.001073
-0.002483
-0.003237
-0.003643
-0.003845
-0.003634
-0.003072
-0.002511
-0.002098
-0.001789
-0.001617
-0.001691
-0.002091
-0.002645
-0.002880
-0.002543
-0.001981
-0.001585
-0.001114
-0.000176
0.000937
0.001695
0.002148
0.002589
0.002867
0.002503
0.001310
-0.000450
-0.003008
-0.007106
-0.011351
-0.011927
-0.007801
-0.002825
0.000194
0.003403
0.008743
0.013603
0.015374
0.015538
0.015710
0.014222
0.009795
0.004761
0.001909
0.000846
-0.000362
-0.001999
-0.002897
-0.002475
-0.001509
-0.001304
-0.002357
-0.004100
-0.006153
-0.008925
-0.012154
-0.014152
-0.014016
-0.013123
-0.012596
-0.011266
-0.007995
-0.003880
-0.000492
0.002157
0.004508
0.005955
0.005905
0.005137
0.004902
0.005314
0.005482
0.005062
0.004953
0.006064
0.007991
0.009499
0.010030
0.009968
0.009381
0.007730
0.005155
0.002656
0.000621
-0.001557
-0.004074
-0.006053
-0.006755
-0.006575
-0.006435
-0.006759
-0.007142
-0.006843
-0.005841
-0.005013
-0.004916
-0.005052
-0.004729
-0.003932
-0.002894
-0.001564
-0.000020
0.001313
0.002302
0.003273
0.004324
0.005035
0.005012
0.004411
0.003737
0.003323
0.003083
0.002769
0.002419
0.002281
0.002279
0.002105
0.001772
0.001491
0.001171
0.000579
-0.000151
-0.000699
-0.001062
-0.001446
-0.001905
-0.002334
-0.002563
-0.002509
-0.002332
-0.002278
-0.002363
-0.002430
-0.002409
-0.002310
-0.002030
-0.001541
-0.001166
-0.001207
-0.001436
-0.001365
-0.000995
-0.001098
-0.002909
-0.006763
-0.010238
-0.009930
-0.006184
-0.002704
-0.000668
0.002558
0.007861
0.012517
0.015229
0.017649
0.019735
0.018895
0.014694
0.010108
0.007213
0.004778
0.001179
-0.002819
-0.005434
-0.006147
-0.005804
-0.005395
-0.005179
-0.005030
-0.005405
-0.007003
-0.009287
-0.010763
-0.011272
-0.012221
-0.013774
-0.014106
-0.012204
-0.009149
-0.006082
-0.002793
0.000966
0.004314
0.006396
0.007620
0.008740
0.009470
0.008973
0.007440
0.006152
0.005813
0.005926
0.005970
0.006187
0.006917
0.007775
0.008092
0.007868
0.007426
0.006453
0.004349
0.001308
-0.001717
-0.004132
-0.006090
-0.007802
-0.009074
-0.009537
-0.009138
-0.008264
-0.007250
-0.006220
-0.005415
-0.005080
-0.005068
-0.005000
-0.004744
-0.004423
-0.003919
-0.002759
-0.000772
0.001559
0.003747
0.005830
0.007857
0.009365
0.009910
0.009597
0.008710
0.007311
0.005462
0.003476
0.001749
0.000428
-0.000612
-0.001391
-0.001677
-0.001381
-0.000847
-0.000565
-0.000716
-0.001090
-0.001521
-0.002157
-0.003043
-0.003845
-0.004294
-0.004478
-0.004465
-0.004128
-0.003452
-0.002613
-0.001781
-0.001024
-0.000310
0.000385
0.000914
0.001118
0.001131
0.001250
0.001479
0.001462
0.001017
0.000418
-0.000383
-0.002494
-0.006324
-0.009305
-0.008559
-0.005470
-0.003505
-0.002327
0.001098
0.006444
0.010493
0.012809
0.015407
0.017727
0.017110
0.013577
0.009916
0.007408
0.004599
0.000426
-0.003861
-0.006456
-0.007162
-0.007107
-0.006999
-0.006493
-0.005411
-0.004753
-0.005404
-0.006465
-0.006627
-0.006674
-0.008240
-0.010613
-0.011540
-0.010656
-0.009372
-0.008013
-0.005562
-0.001959
0.001455
0.003900
0.006096
0.008669
0.010740
0.011041
0.009809
0.008464
0.007623
0.006595
0.004997
0.003703
0.003479
0.003676
0.003495
0.003506
0.004390
0.005242
0.004783
0.003298
0.001865
0.000526
-0.001414
-0.003902
-0.006142
-0.007825
-0.009376
-0.010798
-0.011169
-0.009987
-0.008136
-0.006637
-0.005244
-0.003174
-0.000637
0.001333
0.002324
0.002914
0.003529
0.003757
0.003284
0.002765
0.002778
0.002746
0.002104
0.001524
0.001898
0.002977
0.003811
0.004016
0.003985
0.003974
0.003680
0.002899
0.001947
0.001105
0.000164
-0.001040
-0.002066
-0.002394
-0.002246
-0.002256
-0.002456
-0.002333
-0.001848
-0.001581
-0.001762
-0.001949
-0.001899
-0.001971
-0.002383
-0.002741
-0.002644
-0.002257
-0.002019
-0.002006
-0.001888
-0.001758
-0.002745
-0.005576
-0.008365
-0.008304
-0.005852
-0.003961
-0.002985
-0.000257
0.004685
0.009021
0.011789
0.014998
0.018676
0.019893
0.017680
0.014616
0.012461
0.009772
0.005185
0.000072
-0.003594
-0.005851
-0.007825
-0.009447
-0.009623
-0.008358
-0.007248
-0.007339
-0.007599
-0.006716
-0.005600
-0.006143
-0.008013
-0.009162
-0.009230
-0.009553
-0.010012
-0.008945
-0.006231
-0.003619
-0.001710
0.000837
0.004618
0.008158
0.010032
0.010678
0.011192
0.011432
0.010558
0.008772
0.007139
0.005962
0.004563
0.002815
0.001779
0.002107
0.002834
0.002800
0.002315
0.002281
0.002456
0.001899
0.000554
-0.000922
-0.002559
-0.004961
-0.007824
-0.009814
-0.010334
-0.010254
-0.010262
-0.009709
-0.007789
-0.004936
-0.002256
-0.000075
0.002006
0.003870
0.004783
0.004625
0.004231
0.004057
0.003435
0.001959
0.000526
0.000028
0.000143
0.000327
0.000812
0.001831
0.002892
0.003464
0.003723
0.004118
0.004484
0.004150
0.003003
0.001754
0.000864
-0.000044
-0.001272
-0.002324
-0.002690
-0.002680
-0.002816
-0.002947
-0.002647
-0.002090
-0.001849
-0.002003
-0.002083
-0.001943
-0.002055
-0.002645
-0.003229
-0.003547
-0.004465
-0.006986
-0.010004
-0.010762
-0.008685
-0.006258
-0.004812
-0.002367
0.002501
0.007758
0.011418
0.014653
0.018481
0.020821
0.019858
0.017271
0.015268
0.013015
0.008745
0.003339
-0.000993
-0.003970
-0.006741
-0.009232
-0.010198
-0.009505
-0.008590
-0.008389
-0.008084
-0.006719
-0.005159
-0.005057
-0.006327
-0.007421
-0.007921
-0.008719
-0.009706
-0.009579
-0.008123
-0.006551
-0.005228
-0.002998
0.000644
0.004419
0.007041
0.008791
0.010482
0.011834
0.011996
0.011116
0.010058
0.008913
0.007009
0.004407
0.002352
0.001650
0.001518
0.000975
0.000442
0.000767
0.001523
0.001679
0.001219
0.000658
-0.000261
-0.001954
-0.003904
-0.005375
-0.006522
-0.007804
-0.008868
-0.008924
-0.007900
-0.006444
-0.004919
-0.003093
-0.000908
0.001041
0.002177
0.002674
0.003005
0.003097
0.002578
0.001634
0.000842
0.000289
-0.000308
-0.000715
-0.000357
0.000637
0.001539
0.002159
0.002959
0.004040
0.004852
0.004988
0.004653
0.004170
0.003489
0.002450
0.001276
0.000345
-0.000401
-0.001291
-0.002251
-0.002861
-0.003031
-0.003092
-0.003205
-0.003194
-0.003040
-0.003001
-0.003132
-0.003263
-0.003669
-0.005331
-0.008436
-0.010880
-0.010613
-0.008827
-0.007817
-0.006817
-0.003477
0.001595
0.005917
0.009687
0.014626
0.019468
0.021278
0.020261
0.019077
0.018096
0.015158
0.009811
0.004289
0.000038
-0.003737
-0.007580
-0.010351
-0.011197
-0.011031
-0.010963
-0.010578
-0.008920
-0.006477
-0.004860
-0.004566
-0.004510
-0.004183
-0.004542
-0.005954
-0.007127
-0.007199
-0.007075
-0.007417
-0.007063
-0.004904
-0.001795
0.000879
0.003229
0.006014
0.008854
0.010715
0.011546
0.012095
0.012272
0.011133
0.008633
0.006055
0.004272
0.002753
0.000893
-0.000761
-0.001434
-0.001408
-0.001407
-0.001330
-0.000774
-0.000228
-0.000409
-0.001008
-0.001289
-0.001392
-0.002047
-0.003289
-0.004339
-0.004765
-0.004974
-0.005294
-0.005263
-0.004464
-0.003425
-0.002761
-0.002132
-0.001060
0.000062
0.000619
0.000769
0.001015
0.001308
0.001263
0.000938
0.000812
0.001028
0.001233
0.001306
0.001620
0.002286
0.002851
0.003033
0.003153
0.003496
0.003748
0.003544
0.003125
0.002872
0.002556
0.001711
0.000488
-0.000512
-0.001149
-0.001808
-0.002590
-0.003161
-0.003459
-0.003776
-0.004171
-0.004483
-0.005152
-0.007113
-0.009819
-0.010892
-0.009536
-0.007970
-0.007554
-0.006291
-0.002566
0.001790
0.005092
0.008780
0.013792
0.017747
0.018694
0.018265
0.018325
0.017549
0.014107
0.009166
0.004936
0.001306
-0.002882
-0.006899
-0.009136
-0.009902
-0.010659
-0.011369
-0.010742
-0.008647
-0.006514
-0.005328
-0.004581
-0.003639
-0.003041
-0.003450
-0.004240
-0.004500
-0.004633
-0.005454
-0.006358
-0.006019
-0.004464
-0.002833
-0.001394
0.000628
0.003347
0.005806
0.007492
0.009000
0.010573
0.011244
0.010365
0.008772
0.007488
0.006249
0.004302
0.001944
0.000114
-0.001024
-0.001989
-0.002789
-0.002915
-0.002475
-0.002160
-0.001982
-0.001352
-0.000453
-0.000154
-0.000471
-0.000528
-0.000209
-0.000380
-0.001272
-0.002079
-0.002364
-0.002637
-0.003225
-0.003622
-0.003464
-0.003169
-0.003085
-0.002871
-0.002211
-0.001468
-0.001049
-0.000656
0.000139
0.001046
0.001485
0.001561
0.001860
0.002409
0.002663
0.002540
0.002539
0.002802
0.002920
0.002788
0.002794
0.002960
0.002739
0.001965
0.001188
0.000814
0.000605
0.000202
-0.000370
-0.000953
-0.001574
-0.002251
-0.002865
-0.003599
-0.005270
-0.008202
-0.010756
-0.010979
-0.009577
-0.008715
-0.008201
-0.005896
-0.001855
0.001775
0.004936
0.009328
0.014175
0.016785
0.017048
0.017180
0.017336
0.015488
0.011465
0.007391
0.004062
0.000265
-0.004097
-0.007295
-0.008691
-0.009598
-0.010695
-0.010882
-0.009355
-0.007106
-0.005427
-0.004220
-0.002844
-0.001675
-0.001597
-0.002326
-0.002781
-0.002972
-0.003837
-0.005265
-0.006008
-0.005625
-0.004916
-0.004246
-0.002955
-0.000728
0.001746
0.003872
0.005927
0.008162
0.009866
0.010292
0.009840
0.009294
0.008518
0.006903
0.004626
0.002466
0.000678
-0.001053
-0.002656
-0.003530
-0.003585
-0.003470
-0.003403
-0.002859
-0.001691
-0.000514
0.000264
0.000905
0.001565
0.001879
0.001573
0.000923
0.000276
-0.000518
-0.001717
-0.002986
-0.003790
-0.004197
-0.004585
-0.004841
-0.004571
-0.003888
-0.003204
-0.002462
-0.001341
-0.000026
0.000964
0.001543
0.002038
0.002546
0.002857
0.002919
0.002934
0.002955
0.002788
0.002426
0.002148
0.002057
0.001922
0.001609
0.001299
0.001167
0.001115
0.000955
0.000642
0.000250
-0.000213
-0.000832
-0.001640
-0.002888
-0.005205
-0.008230
-0.010087
-0.009969
-0.009479
-0.009624
-0.008708
-0.005464
-0.001653
0.001324
0.004977
0.010073
0.014183
0.015621
0.016211
0.017439
0.017455
0.014615
0.010523
0.007013
0.003329
-0.001386
-0.005631
-0.007909
-0.009188
-0.010774
-0.011848
-0.011046
-0.008897
-0.006915
-0.005329
-0.003465
-0.001538
-0.000535
-0.000629
-0.000893
-0.000870
-0.001356
-0.002892
-0.004551
-0.005254
-0.005273
-0.005266
-0.004830
-0.003364
-0.001360
0.000492
0.002519
0.005196
0.007821
0.009331
0.009820
0.010043
0.010009
0.009112
0.007325
0.005293
0.003267
0.000957
-0.001483
-0.003308
-0.004227
-0.004765
-0.005185
-0.004947
-0.003857
-0.002620
-0.001585
-0.000198
0.001588
0.002773
0.002969
0.002976
0.003093
0.002540
0.001034
-0.000617
-0.001874
-0.003077
-0.004416
-0.005412
-0.005678
-0.005458
-0.005128
-0.004576
-0.003493
-0.002010
-0.000596
0.000571
0.001652
0.002590
0.003106
0.003296
0.003525
0.003695
0.003355
0.002588
0.002000
0.001777
0.001540
0.001157
0.000901
0.000819
0.000657
0.000409
0.000320
0.000351
0.000231
-0.000103
-0.000573
-0.001533
-0.003680
-0.006617
-0.008563
-0.008769
-0.008654
-0.009115
-0.008624
-0.006027
-0.002800
-0.000026
0.003645
0.008672
0.012744
0.014471
0.015567
0.017134
0.017321
0.014830
0.011282
0.008116
0.004395
-0.000486
-0.004864
-0.007453
-0.009314
-0.011437
-0.012747
-0.012080
-0.010216
-0.008428
-0.006592
-0.004198
-0.001829
-0.000367
0.000328
0.000894
0.001151
0.000351
-0.001424
-0.003131
-0.004168
-0.004879
-0.005436
-0.005313
-0.004306
-0.002941
-0.001456
0.000626
0.003462
0.006216
0.008081
0.009287
0.010338
0.010911
0.010389
0.008968
0.007240
0.005206
0.002679
0.000072
-0.002055
-0.003731
-0.005183
-0.006143
-0.006240
-0.005602
-0.004517
-0.002936
-0.000904
0.000999
0.002292
0.003176
0.003918
0.004205
0.003660
0.002451
0.000950
-0.000766
-0.002688
-0.004495
-0.005756
-0.006409
-0.006753
-0.006880
-0.006442
-0.005247
-0.003650
-0.001996
-0.000226
0.001622
0.003156
0.004150
0.004763
0.005091
0.004975
0.004385
0.003593
0.002829
0.002069
0.001316
0.000719
0.000312
0.000007
-0.000150
-0.000074
0.000115
0.000237
0.000238
0.000016
-0.000923
-0.003091
-0.005729
-0.007170
-0.007265
-0.007524
-0.008244
-0.007738
-0.005437
-0.002991
-0.000938
0.002312
0.006884
0.010450
0.012148
0.013809
0.015903
0.016294
0.014170
0.011362
0.008838
0.005399
0.000760
-0.003285
-0.005851
-0.008230
-0.011019
-0.012699
-0.012277
-0.010933
-0.009752
-0.008093
-0.005448
-0.002839
-0.001244
-0.000164
0.001102
0.001972
0.001620
0.000425
-0.000684
-0.001615
-0.002837
-0.004090
-0.004556
-0.004209
-0.003684
-0.002899
-0.001148
0.001449
0.003882
0.005703
0.007337
0.008910
0.009900
0.010000
0.009466
0.008455
0.006752
0.004408
0.001933
-0.000339
-0.002462
-0.004367
-0.005737
-0.006369
-0.006244
-0.005380
-0.003902
-0.002067
-0.000083
0.001782
0.003193
0.004110
0.004636
0.004541
0.003564
0.001963
0.000149
-0.001837
-0.003953
-0.005775
-0.006959
-0.007574
-0.007725
-0.007275
-0.006153
-0.004568
-0.002746
-0.000792
0.001132
0.002782
0.004033
0.004929
0.005430
0.005394
0.004833
0.003974
0.003104
0.002374
0.001715
0.000998
0.000314
-0.000139
-0.000383
-0.000562
-0.000588
-0.000357
-0.000190
-0.000745
-0.002464
-0.004661
-0.005839
-0.005763
-0.005842
-0.006642
-0.006691
-0.005092
-0.003135
-0.001443
0.001372
0.005495
0.008707
0.010119
0.011635
0.013902
0.014674
0.012894
0.010513
0.008708
0.006071
0.002037
-0.001591
-0.003914
-0.006231
-0.009015
-0.010775
-0.010757
-0.010145
-0.009715
-0.008616
-0.006445
-0.004297
-0.002945
-0.001741
-0.000126
0.001110
0.001115
0.000402
-0.000054
-0.000407
-0.001393
-0.002698
-0.003300
-0.003156
-0.003012
-0.002765
-0.001566
0.000532
0.002483
0.003890
0.005373
0.007105
0.008341
0.008679
0.008606
0.008375
0.007448
0.005558
0.003280
0.001209
-0.000648
-0.002541
-0.004351
-0.005520
-0.005668
-0.005045
-0.004085
-0.002716
-0.000803
0.001055
0.002296
0.003235
0.004116
0.004326
0.003476
0.002130
0.000684
-0.001164
-0.003316
-0.005040
-0.006087
-0.006893
-0.007537
-0.007464
-0.006455
-0.004999
-0.003521
-0.001932
-0.000110
0.001633
0.002908
0.003773
0.004495
0.004990
0.004961
0.004519
0.004042
0.003505
0.002633
0.001591
0.000805
0.000249
-0.000368
-0.000863
-0.000863
-0.000751
-0.001570
-0.003594
-0.005411
-0.005666
-0.005126
-0.005317
-0.005802
-0.004893
-0.002812
-0.001186
0.000346
0.003311
0.006868
0.008767
0.009379
0.010840
0.012637
0.012398
0.010340
0.008636
0.007164
0.004080
0.000004
-0.002687
-0.004156
-0.006445
-0.009226
-0.010269
-0.009503
-0.008898
-0.008743
-0.007564
-0.005366
-0.003701
-0.002828
-0.001540
0.000218
0.001051
0.000605
0.000072
0.000015
-0.000400
-0.001537
-0.002408
-0.002418
-0.002312
-0.002530
-0.002177
-0.000644
0.001185
0.002399
0.003443
0.005010
0.006589
0.007318
0.007453
0.007714
0.007745
0.006662
0.004640
0.002681
0.001176
-0.000358
-0.002153
-0.003618
-0.004234
-0.004248
-0.004037
-0.003349
-0.001892
-0.000300
0.000682
0.001441
0.002632
0.003611
0.003301
0.002082
0.001022
-0.000038
-0.001744
-0.003604
-0.004811
-0.005582
-0.006374
-0.006795
-0.006365
-0.005413
-0.004408
-0.003235
-0.001663
0.000034
0.001396
0.002424
0.003405
0.004241
0.004541
0.004367
0.004205
0.004118
0.003667
0.002742
0.001768
0.001014
0.000314
-0.000387
-0.000844
-0.001315
-0.002780
-0.005164
-0.006576
-0.006095
-0.005406
-0.005766
-0.005608
-0.003556
-0.001183
0.000262
0.002412
0.006161
0.009204
0.010013
0.010616
0.012396
0.013187
0.011382
0.008835
0.007134
0.004857
0.001024
-0.002461
-0.004248
-0.005896
-0.008532
-0.010482
-0.010357
-0.009459
-0.009113
-0.008363
-0.006317
-0.004142
-0.002956
-0.001974
-0.000311
0.001148
0.001292
0.000675
0.000406
0.000263
-0.000606
-0.001835
-0.002390
-0.002400
-0.002670
-0.002866
-0.001952
-0.000120
0.001448
0.002519
0.003911
0.005691
0.006939
0.007427
0.007843
0.008165
0.007555
0.005979
0.004278
0.002766
0.001028
-0.001010
-0.002777
-0.003820
-0.004251
-0.004304
-0.003910
-0.002906
-0.001484
-0.000182
0.000791
0.001751
0.002718
0.003088
0.002614
0.001801
0.000864
-0.000568
-0.002348
-0.003745
-0.004678
-0.005720
-0.006756
-0.006997
-0.006341
-0.005398
-0.004355
-0.002953
-0.001309
0.000147
0.001358
0.002554
0.003682
0.004510
0.005012
0.005247
0.005117
0.004488
0.003465
0.002404
0.001530
0.000688
-0.000282
-0.001239
-0.002342
-0.004135
-0.006116
-0.006797
-0.006108
-0.005693
-0.005952
-0.005126
-0.002656
-0.000306
0.001495
0.004390
0.008156
0.010317
0.010651
0.011544
0.013088
0.012746
0.010218
0.007897
0.006254
0.003367
-0.000698
-0.003607
-0.005070
-0.007041
-0.009559
-0.010580
-0.009852
-0.009141
-0.008790
-0.007495
-0.005291
-0.003637
-0.002747
-0.001463
0.000261
0.001108
0.000735
0.000221
0.000082
-0.000400
-0.001515
-0.002383
-0.002473
-0.002416
-0.002636
-0.002395
-0.001099
0.000559
0.001787
0.002973
0.004647
0.006201
0.006901
0.007178
0.007670
0.007881
0.007016
0.005396
0.003867
0.002469
0.000719
-0.001256
-0.002748
-0.003507
-0.003872
-0.003919
-0.003278
-0.001936
-0.000610
0.000261
0.001131
0.002250
0.002939
0.002661
0.001900
0.001166
0.000091
-0.001570
-0.003173
-0.004249
-0.005179
-0.006206
-0.006799
-0.006586
-0.005975
-0.005289
-0.004214
-0.002605
-0.000990
0.000254
0.001463
0.002910
0.004173
0.004793
0.004976
0.005102
0.004964
0.004195
0.003094
0.002201
0.001409
0.000340
-0.001019
-0.002812
-0.005057
-0.006710
-0.006859
-0.006347
-0.006314
-0.005982
-0.004126
-0.001588
0.000464
0.002954
0.006718
0.010046
0.011337
0.011986
0.013388
0.013903
0.012012
0.009278
0.007230
0.004612
0.000497
-0.003276
-0.005358
-0.007177
-0.009719
-0.011400
-0.011129
-0.010283
-0.009849
-0.008639
-0.006072
-0.003715
-0.002498
-0.001226
0.000780
0.002162
0.001995
0.001313
0.001054
0.000624
-0.000539
-0.001736
-0.002325
-0.002758
-0.003385
-0.003524
-0.002587
-0.001122
0.000149
0.001437
0.003170
0.005012
0.006389
0.007340
0.008161
0.008592
0.008056
0.006622
0.005026
0.003568
0.001765
-0.000483
-0.002323
-0.003205
-0.003652
-0.004020
-0.003720
-0.002536
-0.001344
-0.000593
0.000414
0.001853
0.002724
0.002603
0.002210
0.001771
0.000680
-0.001000
-0.002440
-0.003461
-0.004634
-0.005948
-0.006664
-0.006540
-0.006124
-0.005702
-0.004912
-0.003578
-0.002145
-0.000922
0.000453
0.002260
0.003994
0.005023
0.005463
0.005731
0.005645
0.004885
0.003830
0.002955
0.001984
0.000427
-0.001790
-0.004305
-0.006307
-0.007216
-0.007461
-0.007665
-0.007272
-0.005421
-0.002789
-0.000401
0.002344
0.006149
0.009725
0.011555
0.012507
0.013948
0.014805
0.013466
0.010778
0.008343
0.005594
0.001481
-0.002768
-0.005560
-0.007693
-0.010350
-0.012381
-0.012355
-0.011248
-0.010469
-0.009305
-0.006795
-0.004051
-0.002361
-0.000944
0.001184
0.002981
0.003174
0.002476
0.002071
0.001551
0.000087
-0.001658
-0.002599
-0.003096
-0.003980
-0.004672
-0.004062
-0.002525
-0.001215
-0.000002
0.001993
0.004431
0.006192
0.007306
0.008561
0.009593
0.009296
0.007804
0.006279
0.004966
0.003056
0.000519
-0.001561
-0.002783
-0.003836
-0.004770
-0.004668
-0.003473
-0.002340
-0.001640
-0.000506
0.001182
0.002328
0.002513
0.002504
0.002498
0.001722
0.000143
-0.001281
-0.002313
-0.003642
-0.005244
-0.006269
-0.006563
-0.006726
-0.006746
-0.006010
-0.004613
-0.003339
-0.002271
-0.000689
0.001499
0.003440
0.004643
0.005479
0.006165
0.006293
0.005681
0.004765
0.003843
0.002531
0.000271
-0.002708
-0.005162
-0.006272
-0.006792
-0.007643
-0.008114
-0.006963
-0.004696
-0.002491
0.000208
0.004239
0.008270
0.010581
0.011991
0.013967
0.015389
0.014523
0.012269
0.010296
0.007869
0.003707
-0.000893
-0.004100
-0.006659
-0.009882
-0.012652
-0.013342
-0.012678
-0.012089
-0.011055
-0.008511
-0.005304
-0.002920
-0.001065
0.001270
0.003469
0.004233
0.003868
0.003470
0.002900
0.001415
-0.000523
-0.001850
-0.002734
-0.004020
-0.005306
-0.005385
-0.004316
-0.003211
-0.002170
-0.000348
0.002170
0.004392
0.006116
0.007923
0.009579
0.010023
0.009139
0.007958
0.006860
0.005138
0.002679
0.000468
-0.001037
-0.002444
-0.003880
-0.004505
-0.004030
-0.003284
-0.002702
-0.001760
-0.000353
0.000808
0.001393
0.001798
0.002068
0.001643
0.000507
-0.000633
-0.001508
-0.002564
-0.003938
-0.005145
-0.005923
-0.006519
-0.006919
-0.006673
-0.005729
-0.004575
-0.003315
-0.001514
0.000760
0.002735
0.004050
0.005062
0.005947
0.006368
0.006167
0.005617
0.004722
0.002798
-0.000417
-0.003548
-0.005140
-0.005833
-0.006970
-0.007942
-0.007206
-0.005187
-0.003294
-0.000987
0.002934
0.007274
0.009946
0.011537
0.013758
0.015562
0.014870
0.012532
0.010646
0.008567
0.004576
-0.000168
-0.003455
-0.005987
-0.009540
-0.013004
-0.014139
-0.013531
-0.013062
-0.012260
-0.009767
-0.006552
-0.004272
-0.002293
0.000636
0.003526
0.004729
0.004749
0.004941
0.004873
0.003391
0.001122
-0.000492
-0.001655
-0.003381
-0.005189
-0.005707
-0.004984
-0.004220
-0.003456
-0.001673
0.000985
0.003310
0.005156
0.007296
0.009333
0.009983
0.009322
0.008523
0.007720
0.006149
0.003958
0.002022
0.000290
-0.001715
-0.003364
-0.003851
-0.003664
-0.003604
-0.003400
-0.002560
-0.001495
-0.000729
-0.000114
0.000498
0.000775
0.000540
0.000060
-0.000484
-0.001199
-0.002173
-0.003300
-0.004369
-0.005245
-0.005881
-0.006176
-0.006045
-0.005565
-0.004782
-0.003567
-0.001849
0.000123
0.001962
0.003497
0.004792
0.005812
0.006295
0.006148
0.005388
0.003618
0.000853
-0.001705
-0.003209
-0.004395
-0.005883
-0.006607
-0.005686
-0.004142
-0.002661
-0.000158
0.003689
0.007125
0.009187
0.011206
0.013644
0.014670
0.013535
0.011884
0.010385
0.007538
0.003115
-0.000861
-0.003634
-0.006693
-0.010411
-0.012996
-0.013671
-0.013740
-0.013666
-0.012271
-0.009470
-0.006811
-0.004772
-0.002212
0.001049
0.003561
0.004643
0.005191
0.005672
0.005278
0.003672
0.001868
0.000487
-0.001167
-0.003371
-0.005025
-0.005305
-0.004866
-0.004426
-0.003512
-0.001583
0.000750
0.002732
0.004659
0.006820
0.008421
0.008820
0.008641
0.008600
0.008244
0.006922
0.005055
0.003355
0.001705
-0.000185
-0.001821
-0.002648
-0.003012
-0.003431
-0.003637
-0.003223
-0.002586
-0.002312
-0.002183
-0.001749
-0.001332
-0.001439
-0.001763
-0.001792
-0.001813
-0.002390
-0.003322
-0.004028
-0.004529
-0.005140
-0.005539
-0.005107
-0.004001
-0.002877
-0.001780
-0.000312
0.001406
0.002866
0.003993
0.005008
0.005737
0.005557
0.004045
0.001809
0.000059
-0.001032
-0.002373
-0.004035
-0.004758
-0.004148
-0.003405
-0.002686
-0.000504
0.003170
0.006191
0.007764
0.009551
0.011947
0.012983
0.012087
0.011010
0.010133
0.007660
0.003473
-0.000145
-0.002592
-0.005658
-0.009492
-0.011938
-0.012461
-0.012772
-0.013192
-0.012148
-0.009581
-0.007282
-0.005619
-0.003187
0.000099
0.002582
0.003729
0.004664
0.005626
0.005481
0.004068
0.002698
0.001785
0.000295
-0.001958
-0.003642
-0.004087
-0.004154
-0.004271
-0.003555
-0.001685
0.000255
0.001620
0.003149
0.005218
0.006893
0.007494
0.007544
0.007567
0.007308
0.006468
0.005254
0.003954
0.002585
0.001148
-0.000156
-0.001089
-0.001730
-0.002383
-0.003034
-0.003330
-0.003177
-0.002971
-0.002959
-0.002866
-0.002579
-0.002442
-0.002532
-0.002527
-0.002491
-0.002846
-0.003502
-0.003953
-0.004199
-0.004555
-0.004715
-0.004134
-0.003017
-0.001940
-0.000908
0.000378
0.001792
0.002996
0.003893
0.004395
0.004010
0.002482
0.000811
0.000125
-0.000161
-0.001307
-0.002854
-0.003219
-0.002418
-0.001608
-0.000489
0.001921
0.004859
0.006790
0.008081
0.010082
0.012152
0.012555
0.011477
0.010315
0.008810
0.005759
0.001834
-0.001318
-0.003922
-0.007217
-0.010581
-0.012323
-0.012628
-0.012916
-0.012955
-0.011471
-0.008925
-0.006847
-0.005050
-0.002290
0.000936
0.002978
0.003802
0.004649
0.005494
0.005194
0.003823
0.002565
0.001461
-0.000390
-0.002608
-0.003760
-0.003740
-0.003732
-0.003810
-0.002915
-0.001110
0.000475
0.001735
0.003491
0.005526
0.006695
0.006928
0.007263
0.007821
0.007598
0.006411
0.005243
0.004399
0.003146
0.001438
0.000181
-0.000469
-0.001341
-0.002511
-0.003114
-0.003117
-0.003402
-0.004000
-0.004039
-0.003468
-0.003157
-0.003250
-0.003101
-0.002788
-0.003025
-0.003724
-0.004136
-0.004228
-0.004480
-0.004644
-0.004052
-0.002901
-0.001925
-0.001119
0.000032
0.001429
0.002518
0.003163
0.003374
0.002764
0.001414
0.000330
-0.000062
-0.000615
-0.001680
-0.002118
-0.001344
-0.000446
0.000195
0.001766
0.004427
0.006607
0.007791
0.009295
0.011265
0.011958
0.010873
0.009460
0.008150
0.005735
0.002269
-0.000601
-0.002632
-0.005220
-0.008392
-0.010535
-0.011291
-0.011828
-0.012188
-0.011211
-0.009029
-0.007009
-0.005338
-0.003037
-0.000207
0.001892
0.002915
0.003675
0.004394
0.004398
0.003593
0.002716
0.001894
0.000439
-0.001613
-0.003163
-0.003687
-0.003863
-0.004057
-0.003595
-0.002192
-0.000621
0.000672
0.002200
0.004047
0.005419
0.006158
0.007035
0.008062
0.008250
0.007477
0.006770
0.006292
0.005078
0.003142
0.001636
0.000710
-0.000602
-0.002303
-0.003362
-0.003715
-0.004252
-0.004963
-0.005016
-0.004471
-0.004145
-0.004057
-0.003625
-0.003038
-0.002976
-0.003383
-0.003709
-0.003949
-0.004345
-0.004504
-0.003870
-0.002710
-0.001708
-0.000886
0.000166
0.001351
0.002144
0.002192
0.001450
0.000374
-0.000267
-0.000360
-0.000532
-0.000932
-0.000852
-0.000130
0.000565
0.001449
0.003442
0.006042
0.007708
0.008447
0.009606
0.011009
0.011142
0.009999
0.008908
0.007833
0.005574
0.002395
-0.000309
-0.002601
-0.005548
-0.008692
-0.010552
-0.011182
-0.011703
-0.011898
-0.010760
-0.008763
-0.007186
-0.005772
-0.003379
-0.000438
0.001567
0.002557
0.003543
0.004448
0.004362
0.003438
0.002595
0.001718
0.000031
-0.002050
-0.003261
-0.003482
-0.003651
-0.003832
-0.003193
-0.001820
-0.000671
0.000251
0.001806
0.003857
0.005394
0.006316
0.007265
0.008116
0.008211
0.007736
0.007341
0.006770
0.005423
0.003730
0.002470
0.001384
-0.000152
-0.001795
-0.002912
-0.003744
-0.004724
-0.005474
-0.005494
-0.005146
-0.005050
-0.005058
-0.004732
-0.004287
-0.004210
-0.004413
-0.004440
-0.004217
-0.003984
-0.003641
-0.002841
-0.001703
-0.000725
0.000006
0.000810
0.001586
0.001674
0.000942
0.000266
0.000132
-0.000138
-0.000880
-0.001200
-0.000540
0.000252
0.000716
0.001925
0.004412
0.006875
0.008271
0.009442
0.011098
0.012114
0.011577
0.010406
0.009396
0.007623
0.004421
0.001026
-0.001517
-0.004057
-0.007271
-0.009978
-0.011180
-0.011716
-0.012332
-0.012176
-0.010601
-0.008571
-0.006931
-0.005006
-0.002256
0.000354
0.001918
0.002990
0.004194
0.004863
0.004304
0.003185
0.002350
0.001352
-0.000396
-0.002117
-0.002829
-0.003008
-0.003490
-0.003758
-0.003010
-0.001727
-0.000674
0.000498
0.002363
0.004419
0.005844
0.006773
0.007764
0.008608
0.008741
0.008305
0.007778
0.007050
0.005711
0.003934
0.002281
0.000777
-0.000993
-0.002945
-0.004480
-0.005446
-0.006222
-0.006816
-0.006846
-0.006443
-0.006145
-0.005948
-0.005459
-0.004864
-0.004688
-0.004752
-0.004415
-0.003622
-0.002796
-0.001993
-0.001033
-0.000118
0.000445
0.000633
0.000427
-0.000064
-0.000359
-0.000261
-0.000237
-0.000496
-0.000362
0.000509
0.001491
0.002493
0.004281
0.006659
0.008363
0.009349
0.010805
0.012466
0.012733
0.011600
0.010497
0.009302
0.006611
0.002822
-0.000318
-0.002803
-0.005945
-0.009393
-0.011538
-0.012376
-0.013100
-0.013484
-0.012441
-0.010419
-0.008642
-0.006850
-0.004154
-0.001180
0.000825
0.002120
0.003625
0.004904
0.004948
0.004112
0.003428
0.002712
0.001166
-0.000783
-0.002040
-0.002621
-0.003267
-0.003813
-0.003485
-0.002391
-0.001378
-0.000514
0.001013
0.003291
0.005285
0.006478
0.007587
0.008972
0.009774
0.009533
0.009014
0.008553
0.007359
0.005249
0.003244
0.001683
-0.000305
-0.002781
-0.004598
-0.005541
-0.006581
-0.007755
-0.008081
-0.007594
-0.007303
-0.007258
-0.006693
-0.005787
-0.005357
-0.005271
-0.004811
-0.004018
-0.003286
-0.002386
-0.001040
0.000225
0.000587
0.000014
-0.000577
-0.000483
-0.000149
-0.000283
-0.000525
0.000034
0.001213
0.002084
0.002939
0.004858
0.007461
0.009294
0.010393
0.011966
0.013606
0.013737
0.012515
0.011286
0.009744
0.006689
0.002845
-0.000147
-0.002648
-0.006012
-0.009653
-0.011906
-0.012923
-0.013895
-0.014400
-0.013293
-0.011171
-0.009376
-0.007578
-0.004747
-0.001544
0.000601
0.001912
0.003448
0.004782
0.004824
0.004005
0.003437
0.002835
0.001268
-0.000826
-0.002184
-0.002713
-0.003296
-0.003930
-0.003724
-0.002643
-0.001537
-0.000353
0.001755
0.004427
0.006339
0.007470
0.008942
0.010600
0.011125
0.010541
0.010003
0.009334
0.007442
0.004783
0.002717
0.000944
-0.001643
-0.004444
-0.006119
-0.006992
-0.008111
-0.009057
-0.008908
-0.008203
-0.007967
-0.007836
-0.007007
-0.005987
-0.005603
-0.005335
-0.004323
-0.003014
-0.002234
-0.001647
-0.000725
-0.000194
-0.000637
-0.000995
-0.000452
-0.000041
-0.000557
-0.000793
0.000312
0.001703
0.002494
0.003879
0.006641
0.009253
0.010546
0.011747
0.013654
0.014706
0.013862
0.012407
0.011201
0.009053
0.005435
0.001845
-0.000934
-0.004021
-0.007804
-0.010819
-0.012328
-0.013377
-0.014349
-0.014119
-0.012411
-0.010511
-0.008903
-0.006607
-0.003450
-0.000743
0.000872
0.002237
0.003720
0.004404
0.003959
0.003381
0.003055
0.002037
0.000075
-0.001609
-0.002360
-0.003015
-0.003965
-0.004223
-0.003258
-0.001968
-0.000971
0.000488
0.002900
0.005333
0.006978
0.008369
0.010047
0.011284
0.011336
0.010765
0.010177
0.008976
0.006659
0.004072
0.001988
-0.000181
-0.002888
-0.005239
-0.006580
-0.007625
-0.008841
-0.009475
-0.009172
-0.008758
-0.008629
-0.008098
-0.007014
-0.006266
-0.006061
-0.005382
-0.003798
-0.002177
-0.001125
-0.000388
-0.000036
-0.000368
-0.000748
-0.000421
0.000061
-0.000089
-0.000237
0.000533
0.001698
0.002598
0.003947
0.006258
0.008500
0.009882
0.011235
0.013052
0.014163
0.013822
0.012850
0.011713
0.009582
0.006243
0.002807
-0.000251
-0.003669
-0.007507
-0.010617
-0.012477
-0.013755
-0.014668
-0.014524
-0.013160
-0.011367
-0.009527
-0.007128
-0.004073
-0.001244
0.000791
0.002460
0.004014
0.004871
0.004709
0.004110
0.003451
0.002250
0.000388
-0.001260
-0.002169
-0.002873
-0.003666
-0.003917
-0.003280
-0.002292
-0.001241
0.000434
0.002925
0.005289
0.006912
0.008406
0.010145
0.011325
0.011359
0.010873
0.010293
0.008968
0.006635
0.004130
0.001903
-0.000581
-0.003375
-0.005628
-0.007048
-0.008211
-0.009227
-0.009527
-0.009142
-0.008812
-0.008649
-0.008053
-0.007034
-0.006243
-0.005702
-0.004796
-0.003491
-0.002372
-0.001584
-0.000865
-0.000390
-0.000355
-0.000237
0.000348
0.000798
0.000636
0.000545
0.001172
0.002005
0.002680
0.003948
0.006152
0.008265
0.009583
0.010838
0.012438
0.013371
0.013004
0.012097
0.011057
0.009086
0.006005
0.002895
0.000143
-0.003110
-0.007003
-0.010278
-0.012229
-0.013524
-0.014461
-0.014355
-0.013103
-0.011535
-0.009877
-0.007497
-0.004441
-0.001702
0.000294
0.002095
0.003839
0.004821
0.004802
0.004427
0.003951
0.002862
0.001155
-0.000333
-0.001245
-0.002101
-0.003011
-0.003245
-0.002578
-0.001787
-0.001150
0.000141
0.002324
0.004369
0.005731
0.007149
0.008932
0.010139
0.010303
0.010131
0.009849
0.008709
0.006659
0.004661
0.002879
0.000508
-0.002305
-0.004453
-0.005854
-0.007360
-0.008850
-0.009482
-0.009409
-0.009431
-0.009442
-0.008815
-0.007798
-0.007135
-0.006697
-0.005724
-0.004162
-0.002633
-0.001317
-0.000088
0.000631
0.000551
0.000445
0.000976
0.001516
0.001387
0.001202
0.001730
0.002477
0.002889
0.003653
0.005357
0.007237
0.008530
0.009788
0.011457
0.012587
0.012421
0.011622
0.010736
0.009067
0.006224
0.003136
0.000419
-0.002573
-0.006097
-0.009137
-0.011068
-0.012490
-0.013683
-0.013896
-0.012870
-0.011473
-0.010144
-0.008201
-0.005379
-0.002605
-0.000539
0.001263
0.003066
0.004240
0.004462
0.004282
0.003969
0.003038
0.001471
0.000099
-0.000693
-0.001419
-0.002293
-0.002711
-0.002313
-0.001541
-0.000760
0.000316
0.001964
0.003881
0.005623
0.007119
0.008483
0.009639
0.010294
0.010239
0.009602
0.008549
0.007004
0.004992
0.002826
0.000658
-0.001631
-0.003919
-0.005850
-0.007381
-0.008716
-0.009756
-0.010228
-0.010250
-0.010147
-0.009840
-0.009093
-0.008097
-0.007079
-0.005766
-0.003965
-0.002113
-0.000663
0.000309
0.000778
0.000986
0.001494
0.002269
0.002598
0.002352
0.002274
0.002678
0.003137
0.003672
0.004748
0.006171
0.007385
0.008507
0.009898
0.011073
0.011349
0.011016
0.010515
0.009395
0.007233
0.004598
0.002044
-0.000772
-0.004071
-0.007158
-0.009439
-0.011168
-0.012604
-0.013398
-0.013285
-0.012523
-0.011333
-0.009570
-0.007175
-0.004515
-0.002051
0.000099
0.002043
0.003625
0.004490
0.004668
0.004519
0.004052
0.003015
0.001633
0.000468
-0.000410
-0.001308
-0.002085
-0.002310
-0.001972
-0.001322
-0.000391
0.000922
0.002568
0.004320
0.005933
0.007306
0.008476
0.009367
0.009704
0.009406
0.008675
0.007569
0.005921
0.003855
0.001803
-0.000172
-0.002325
-0.004505
-0.006316
-0.007774
-0.009040
-0.009918
-0.010253
-0.010286
-0.010139
-0.009608
-0.008696
-0.007661
-0.006459
-0.004814
-0.002822
-0.000955
0.000434
0.001238
0.001509
0.001641
0.002037
0.002434
0.002359
0.002110
0.002282
0.002713
0.003035
0.003679
0.005011
0.006428
0.007432
0.008487
0.009871
0.010880
0.011004
0.010601
0.009853
0.008357
0.006100
0.003654
0.001152
-0.001751
-0.004925
-0.007759
-0.009989
-0.011741
-0.012931
-0.013328
-0.012954
-0.012021
-0.010599
-0.008607
-0.006121
-0.003524
-0.001165
0.000967
0.002898
0.004273
0.004807
0.004812
0.004619
0.003945
0.002625
0.001260
0.000339
-0.000452
-0.001392
-0.002071
-0.002116
-0.001721
-0.001093
-0.000143
0.001185
0.002781
0.004490
0.006073
0.007305
0.008243
0.009004
0.009389
0.009169
0.008375
0.007072
0.005280
0.003194
0.001057
-0.001133
-0.003382
-0.005458
-0.007215
-0.008719
-0.009878
-0.010481
-0.010639
-0.010591
-0.010233
-0.009377
-0.008156
-0.006713
-0.004933
-0.002881
-0.000952
0.000577
0.001597
0.002003
0.002043
0.002249
0.002614
0.002643
0.002342
0.002237
0.002358
0.002396
0.002708
0.003776
0.005147
0.006218
0.007354
0.008937
0.010253
0.010648
0.010499
0.010092
0.008975
0.007046
0.004874
0.002547
-0.000373
-0.003667
-0.006557
-0.008860
-0.010880
-0.012440
-0.013108
-0.012961
-0.012309
-0.011142
-0.009310
-0.006917
-0.004329
-0.001871
0.000397
0.002419
0.003874
0.004560
0.004769
0.004780
0.004362
0.003323
0.002062
0.000965
-0.000134
-0.001291
-0.002022
-0.002114
-0.001956
-0.001571
-0.000498
0.001030
0.002264
0.003364
0.004958
0.006602
0.007468
0.007869
0.008422
0.008643
0.007920
0.006695
0.005463
0.003883
0.001748
-0.000384
-0.002180
-0.004020
-0.006012
-0.007652
-0.008710
-0.009477
-0.010030
-0.010054
-0.009477
-0.008626
-0.007674
-0.006441
-0.004829
-0.003066
-0.001346
0.000360
0.001837
0.002495
0.002211
0.001788
0.001864
0.001921
0.001372
0.000803
0.000910
0.001197
0.001167
0.001606
0.003101
0.004789
0.005970
0.007268
0.009054
0.010403
0.010726
0.010648
0.010389
0.009199
0.006949
0.004469
0.002011
-0.000903
-0.004140
-0.006960
-0.009197
-0.011186
-0.012727
-0.013233
-0.012717
-0.011738
-0.010450
-0.008473
-0.005858
-0.003313
-0.001201
0.000818
0.002808
0.004153
0.004594
0.004684
0.004671
0.004025
0.002672
0.001407
0.000598
-0.000214
-0.001118
-0.001539
-0.001349
-0.001049
-0.000653
0.000365
0.001912
0.003222
0.004106
0.005145
0.006439
0.007297
0.007422
0.007290
0.007076
0.006294
0.004829
0.003259
0.001820
0.000103
-0.001953
-0.003765
-0.005080
-0.006294
-0.007476
-0.008149
-0.008256
-0.008260
-0.008207
-0.007684
-0.006643
-0.005395
-0.003986
-0.002411
-0.001028
-0.000044
0.000821
0.001689
0.002110
0.001714
0.000933
0.000461
0.000215
-0.000261
-0.000687
-0.000487
0.000100
0.000639
0.001596
0.003406
0.005357
0.006744
0.008021
0.009544
0.010571
0.010634
0.010312
0.009828
0.008478
0.006074
0.003428
0.000913
-0.001947
-0.005132
-0.007816
-0.009694
-0.011228
-0.012411
-0.012639
-0.011842
-0.010594
-0.009103
-0.007039
-0.004463
-0.002028
-0.000029
0.001859
0.003598
0.004565
0.004664
0.004559
0.004424
0.003641
0.002153
0.000798
-0.000064
-0.000863
-0.001603
-0.001743
-0.001336
-0.000938
-0.000471
0.000592
0.002066
0.003331
0.004401
0.005555
0.006464
0.006736
0.006633
0.006448
0.005887
0.004774
0.003478
0.002192
0.000689
-0.001011
-0.002540
-0.003772
-0.004914
-0.006026
-0.006838
-0.007124
-0.007045
-0.006919
-0.006713
-0.006137
-0.005209
-0.004221
-0.003181
-0.001879
-0.000438
0.000802
0.001757
0.002460
0.002679
0.002148
0.001115
0.000205
-0.000385
-0.000980
-0.001609
-0.001792
-0.001342
-0.000636
0.000244
0.001706
0.003624
0.005306
0.006689
0.008241
0.009703
0.010302
0.010081
0.009605
0.008730
0.006935
0.004414
0.001749
-0.000967
-0.003839
-0.006514
-0.008547
-0.010013
-0.011138
-0.011678
-0.011282
-0.010142
-0.008674
-0.006855
-0.004537
-0.002115
-0.000089
0.001626
0.003242
0.004437
0.004866
0.004762
0.004387
0.003530
0.002143
0.000797
-0.000151
-0.001064
-0.002058
-0.002495
-0.002095
-0.001406
-0.000742
0.000141
0.001264
0.002375
0.003501
0.004755
0.005833
0.006346
0.006343
0.006035
0.005395
0.004384
0.003135
0.001793
0.000425
-0.000920
-0.002213
-0.003383
-0.004291
-0.004929
-0.005404
-0.005635
-0.005501
-0.005177
-0.004815
-0.004224
-0.003363
-0.002572
-0.001947
-0.001254
-0.000554
-0.000052
0.000456
0.001196
0.001873
0.002109
0.001938
0.001442
0.000502
-0.000696
-0.001602
-0.002085
-0.002484
-0.002768
-0.002516
-0.001684
-0.000608
0.000657
0.002285
0.004125
0.005793
0.007198
0.008437
0.009296
0.009415
0.008822
0.007804
0.006409
0.004483
0.002135
-0.000238
-0.002496
-0.004784
-0.006902
-0.008369
-0.009164
-0.009614
-0.009633
-0.008885
-0.007518
-0.005967
-0.004275
-0.002351
-0.000512
0.000947
0.002167
0.003198
0.003708
0.003594
0.003210
0.002717
0.001881
0.000730
-0.000285
-0.000953
-0.001470
-0.001819
-0.001680
-0.001031
-0.000231
0.000574
0.001557
0.002737
0.003872
0.004812
0.005536
0.005876
0.005644
0.004976
0.004163
0.003248
0.002092
0.000713
-0.000679
-0.001914
-0.002968
-0.003849
-0.004518
-0.004974
-0.005245
-0.005252
-0.004905
-0.004318
-0.003697
-0.003060
-0.002280
-0.001361
-0.000472
0.000320
0.001074
0.001705
0.002045
0.002139
0.002160
0.002120
0.001889
0.001449
0.000943
0.000388
-0.000377
-0.001280
-0.002019
-0.002538
-0.002954
-0.003131
-0.002825
-0.002062
-0.001031
0.000202
0.001574
0.002894
0.004114
0.005277
0.006200
0.006661
0.006731
0.006523
0.005923
0.004852
0.003426
0.001780
0.000025
-0.001672
-0.003188
-0.004478
-0.005474
-0.006133
-0.006441
-0.006308
-0.005745
-0.004994
-0.004129
-0.002925
-0.001451
-0.000139
0.000838
0.001577
0.002015
0.002062
0.001861
0.001510
0.000935
0.000203
-0.000477
-0.001035
-0.001465
-0.001642
-0.001478
-0.001078
-0.000575
0.000039
0.000811
0.001698
0.002596
0.003353
0.003868
0.004202
0.004376
0.004237
0.003760
0.003108
0.002295
0.001215
0.000041
-0.000936
-0.001746
-0.002526
-0.003141
-0.003400
-0.003408
-0.003353
-0.003185
-0.002787
-0.002257
-0.001752
-0.001271
-0.000780
-0.000367
-0.000096
0.000170
0.000602
0.001078
0.001308
0.001270
0.001207
0.001167
0.000990
0.000704
0.000464
0.000179
-0.000346
-0.001057
-0.001715
-0.002234
-0.002715
-0.003106
-0.003111
-0.002600
-0.001839
-0.001051
-0.000113
0.001030
0.002138
0.003115
0.004099
0.005006
0.005556
0.005756
0.005781
0.005563
0.004944
0.004004
0.002839
0.001403
-0.000177
-0.001599
-0.002806
-0.003926
-0.004893
-0.005492
-0.005645
-0.005430
-0.004954
-0.004263
-0.003352
-0.002313
-0.001299
-0.000311
0.000651
0.001386
0.001773
0.001946
0.001964
0.001690
0.001144
0.000583
0.000093
-0.000448
-0.000956
-0.001192
-0.001143
-0.000946
-0.000599
-0.000060
0.000562
0.001127
0.001673
0.002322
0.003005
0.003484
0.003645
0.003556
0.003248
0.002689
0.001929
0.001061
0.000082
-0.000979
-0.001954
-0.002760
-0.003485
-0.004142
-0.004547
-0.004567
-0.004301
-0.003845
-0.003150
-0.002231
-0.001217
-0.000207
0.000719
0.001492
0.002131
0.002641
0.002921
0.002965
0.002900
0.002740
0.002414
0.001973
0.001506
0.000996
0.000468
0.000040
-0.000275
-0.000546
-0.000754
-0.000864
-0.000910
-0.000911
-0.000841
-0.000698
-0.000506
-0.000286
-0.000092
0.000062
0.000241
0.000423
0.000437
0.000240
-0.000032
-0.000345
-0.000733
-0.001086
-0.001295
-0.001365
-0.001279
-0.001024
-0.000708
-0.000436
-0.000186
0.000114
0.000498
0.000946
0.001370
0.001711
0.001986
0.002155
0.002116
0.001853
0.001363
0.000618
-0.000285
-0.001220
-0.002184
-0.003114
-0.003857
-0.004360
-0.004567
-0.004294
-0.003512
-0.002449
-0.001228
0.000215
0.001800
0.003321
0.004695
0.005810
0.006414
0.006518
0.006389
0.005955
0.004939
0.003435
0.001780
0.000144
-0.001436
-0.002876
-0.004058
-0.004910
-0.005451
-0.005703
-0.005554
-0.004891
-0.003901
-0.002850
-0.001735
-0.000531
0.000562
0.001420
0.002101
0.002534
0.002534
0.002128
0.001548
0.000938
0.000311
-0.000345
-0.000997
-0.001537
-0.001822
-0.001777
-0.001436
-0.000927
-0.000378
0.000231
0.001003
0.001885
0.002667
0.003209
0.003497
0.003534
0.003330
0.002950
0.002396
0.001604
0.000600
-0.000471
-0.001439
-0.002220
-0.002868
-0.003405
-0.003709
-0.003716
-0.003529
-0.003135
-0.002374
-0.001386
-0.000550
0.000106
0.000841
0.001594
0.002093
0.002398
0.002680
0.002737
0.002355
0.001734
0.001101
0.000403
-0.000405
-0.001172
-0.001729
-0.002050
-0.002174
-0.002063
-0.001652
-0.001035
-0.000418
0.000143
0.000749
0.001341
0.001763
0.002109
0.002465
0.002593
0.002343
0.001896
0.001345
0.000614
-0.000189
-0.000905
-0.001587
-0.002266
-0.002775
-0.002947
-0.002795
-0.002453
-0.001999
-0.001419
-0.000761
-0.000161
0.000305
0.000655
0.000887
0.000945
0.000829
0.000614
0.000285
-0.000153
-0.000461
-0.000445
-0.000228
0.000027
0.000321
0.000662
0.001041
0.001468
0.001933
0.002377
0.002708
0.002856
0.002810
0.002565
0.002100
0.001458
0.000738
-0.000026
-0.000850
-0.001672
-0.002397
-0.002979
-0.003373
-0.003532
-0.003460
-0.003177
-0.002717
-0.002156
-0.001536
-0.000867
-0.000213
0.000375
0.000926
0.001455
0.001856
0.002008
0.001913
0.001640
0.001226
0.000741
0.000293
-0.000059
-0.000299
-0.000459
-0.000611
-0.000706
-0.000592
-0.000276
0.000088
0.000457
0.000865
0.001244
0.001525
0.001717
0.001786
0.001665
0.001377
0.000952
0.000381
-0.000215
-0.000746
-0.001322
-0.001898
-0.002190
-0.002163
-0.002084
-0.002009
-0.001798
-0.001534
-0.001308
-0.000886
-0.000191
0.000392
0.000683
0.001014
0.001523
0.001887
0.001971
0.001941
0.001815
0.001538
0.001202
0.000900
0.000617
0.000284
-0.000140
-0.000510
-0.000657
-0.000737
-0.000964
-0.001138
-0.001026
-0.000798
-0.000585
-0.000285
0.000005
0.000104
0.000141
0.000243
0.000230
0.000005
-0.000279
-0.000613
-0.001129
-0.001745
-0.002282
-0.002709
-0.003008
-0.003064
-0.002773
-0.002156
-0.001327
-0.000331
0.000872
0.002207
0.003450
0.004496
0.005367
0.005932
0.005993
0.005635
0.005103
0.004387
0.003317
0.001915
0.000378
-0.001113
-0.002389
-0.003357
-0.004128
-0.004810
-0.005214
-0.005092
-0.004508
-0.003730
-0.002906
-0.002061
-0.001261
-0.000546
0.000162
0.000849
0.001301
0.001363
0.001159
0.000936
0.000768
0.000538
0.000173
-0.000241
-0.000560
-0.000683
-0.000570
-0.000272
0.000082
0.000427
0.000863
0.001461
0.002061
0.002461
0.002657
0.002706
0.002599
0.002370
0.002094
0.001746
0.001219
0.000498
-0.000293
-0.001045
-0.001723
-0.002280
-0.002674
-0.002952
-0.003137
-0.003105
-0.002750
-0.002196
-0.001652
-0.001151
-0.000588
0.000052
0.000661
0.001119
0.001373
0.001427
0.001329
0.001185
0.001076
0.000960
0.000733
0.000379
-0.000002
-0.000265
-0.000334
-0.000285
-0.000235
-0.000174
-0.000014
0.000283
0.000658
0.000949
0.001011
0.000909
0.000843
0.000878
0.000873
0.000673
0.000274
-0.000194
-0.000592
-0.000856
-0.001028
-0.001195
-0.001391
-0.001534
-0.001493
-0.001256
-0.000968
-0.000747
-0.000542
-0.000242
0.000125
0.000441
0.000681
0.000874
0.000981
0.000973
0.000924
0.000907
0.000863
0.000685
0.000383
0.000103
-0.000082
-0.000228
-0.000345
-0.000381
-0.000348
-0.000288
-0.000202
-0.000089
0.000036
0.000178
0.000325
0.000430
0.000464
0.000441
0.000353
0.000161
-0.000118
-0.000389
-0.000584
-0.000711
-0.000801
-0.000859
-0.000885
-0.000878
-0.000789
-0.000554
-0.000229
0.000068
0.000289
0.000457
0.000615
0.000766
0.000841
0.000803
0.000731
0.000710
0.000678
0.000520
0.000245
-0.000025
-0.000184
-0.000246
-0.000301
-0.000395
-0.000493
-0.000545
-0.000541
-0.000496
-0.000398
-0.000228
-0.000007
0.000165
0.000103
-0.000163
-0.000226
0.000035
0.000206
0.000233
0.000503
0.000886
0.000924
0.000769
0.000779
0.000815
0.000707
0.000579
0.000443
0.000132
-0.000389
-0.000967
-0.001357
-0.001479
-0.001599
-0.001833
-0.001877
-0.001620
-0.001274
-0.000815
-0.000213
0.000186
0.000331
0.000678
0.001279
0.001628
0.001552
0.001389
0.001396
0.001511
0.001543
0.001376
0.001022
0.000489
-0.000096
-0.000365
-0.000268
-0.000316
-0.000693
-0.000958
-0.000919
-0.000820
-0.000722
-0.000587
-0.000557
-0.000646
-0.000651
-0.000471
-0.000222
-0.000159
-0.000444
-0.000878
-0.001139
-0.001193
-0.001164
-0.001078
-0.000961
-0.000800
-0.000404
0.000257
0.000879
0.001275
0.001579
0.001968
0.002437
0.002786
0.002836
0.002652
0.002347
0.001881
0.001288
0.000731
0.000181
-0.000497
-0.001200
-0.001740
-0.002133
-0.002460
-0.002667
-0.002642
-0.002367
-0.001895
-0.001278
-0.000606
-0.000064
0.000234
0.000396
0.000590
0.000777
0.000823
0.000777
0.000755
0.000659
0.000383
0.000062
-0.000159
-0.000312
-0.000420
-0.000407
-0.000235
0.000048
0.000350
0.000577
0.000707
0.000801
0.000929
0.001086
0.001175
0.001110
0.000917
0.000690
0.000450
0.000147
-0.000228
-0.000611
-0.000935
-0.001165
-0.001273
-0.001293
-0.001299
-0.001281
-0.001164
-0.000970
-0.000766
-0.000524
-0.000204
0.000116
0.000383
0.000637
0.000858
0.000925
0.000811
0.000662
0.000584
0.000500
0.000328
0.000107
-0.000104
-0.000257
-0.000296
-0.000220
-0.000121
-0.000069
-0.000024
0.000085
0.000257
0.000433
0.000533
0.000526
0.000467
0.000381
0.000272
0.000219
0.000238
0.000173
-0.000077
-0.000387
-0.000583
-0.000646
-0.000679
-0.000740
-0.000775
-0.000688
-0.000499
-0.000323
-0.000197
-0.000083
0.000028
0.000144
0.000261
0.000330
0.000347
0.000342
0.000308
0.000260
0.000230
0.000196
0.000166
0.000146
0.000063
-0.000106
-0.000251
-0.000235
-0.000056
0.000063
-0.000060
-0.000246
-0.000228
-0.000062
0.000076
0.000183
0.000305
0.000416
0.000497
0.000546
0.000531
0.000464
0.000388
0.000284
0.000115
-0.000080
-0.000238
-0.000338
-0.000399
-0.000455
-0.000519
-0.000578
-0.000599
-0.000558
-0.000455
-0.000302
-0.000156
-0.000073
-0.000040
-0.000012
0.000053
0.000167
0.000277
0.000312
0.000258
0.000145
0.000012
-0.000067
-0.000038
0.000062
0.000174
0.000264
0.000296
0.000268
0.000255
0.000262
0.000193
0.000090
0.000101
0.000160
0.000107
-0.000018
-0.000103
-0.000135
-0.000150
-0.000179
-0.000208
-0.000202
-0.000190
-0.000182
-0.000149
-0.000162
-0.000291
-0.000432
-0.000440
-0.000330
-0.000182
-0.000015
0.000141
0.000204
0.000141
0.000066
0.000132
0.000293
0.000362
0.000287
0.000157
0.000015
-0.000099
-0.000104
-0.000066
-0.000152
-0.000277
-0.000195
0.000063
0.000263
0.000348
0.000395
0.000413
0.000392
0.000377
0.000424
0.000521
0.000589
0.000562
0.000423
0.000167
-0.000137
-0.000369
-0.000535
-0.000715
-0.000867
-0.000901
-0.000836
-0.000750
-0.000698
-0.000677
-0.000606
-0.000415
-0.000174
0.000021
0.000193
0.000370
0.000522
0.000633
0.000703
0.000709
0.000647
0.000549
0.000445
0.000331
0.000184
0.000024
-0.000090
-0.000168
-0.000265
-0.000325
-0.000253
-0.000123
-0.000094
-0.000140
-0.000085
0.000064
0.000097
-0.000043
-0.000145
-0.000062
0.000077
0.000112
0.000089
0.000085
0.000002
-0.000219
-0.000414
-0.000430
-0.000310
-0.000165
-0.000059
-0.000006
-0.000002
-0.000029
-0.000005
0.000135
0.000284
0.000292
0.000202
0.000163
0.000184
0.000164
0.000084
0.000038
0.000078
0.000133
0.000149
0.000148
0.000130
0.000051
-0.000067
-0.000135
-0.000111
-0.000057
-0.000061
-0.000137
-0.000192
-0.000145
-0.000044
-0.000006
-0.000067
-0.000167
-0.000223
-0.000180
-0.000058
0.000028
-0.000004
-0.000076
-0.000050
0.000088
0.000225
0.000261
0.000227
0.000244
0.000336
0.000366
0.000237
0.000060
0.000004
0.000079
0.000143
0.000027
-0.000282
-0.000586
-0.000702
-0.000661
-0.000585
-0.000508
-0.000403
-0.000254
-0.000062
0.000132
0.000267
0.000354
0.000424
0.000452
0.000466
0.000520
0.000536
0.000419
0.000237
0.000118
0.000085
0.000053
-0.000026
-0.000124
-0.000229
-0.000353
-0.000434
-0.000394
-0.000257
-0.000115
-0.000003
0.000115
0.000238
0.000299
0.000258
0.000171
0.000102
0.000062
0.000062
0.000087
0.000061
-0.000070
-0.000261
-0.000430
-0.000500
-0.000440
-0.000334
-0.000279
-0.000233
-0.000107
0.000075
0.000208
0.000248
0.000249
0.000268
0.000304
0.000330
0.000318
0.000247
0.000142
0.000061
0.000006
-0.000068
-0.000157
-0.000224
-0.000242
-0.000210
-0.000166
-0.000146
-0.000135
-0.000088
0.000010
0.000108
0.000159
0.000167
0.000157
0.000153
0.000154
0.000140
0.000112
0.000067
0.000014
0.000020
0.000079
0.000077
-0.000015
-0.000101
-0.000138
-0.000167
-0.000222
-0.000267
-0.000233
-0.000127
-0.000046
-0.000066
-0.000131
-0.000111
0.000018
0.000127
0.000112
0.000051
0.000071
0.000140
0.000146
0.000062
-0.000084
-0.000215
-0.000227
-0.000128
-0.000013
0.000055
0.000034
-0.000040
-0.000029
0.000096
0.000192
0.000230
0.000329
0.000401
0.000264
0.000036
-0.000048
0.000006
0.000044
-0.000005
-0.000093
-0.000142
-0.000127
-0.000071
-0.000028
-0.000028
-0.000053
-0.000091
-0.000162
-0.000204
-0.000113
0.000062
0.000161
0.000170
0.000191
0.000240
0.000230
0.000112
-0.000041
-0.000077
0.000016
0.000068
0.000006
-0.000083
-0.000178
-0.000319
-0.000438
-0.000438
-0.000348
-0.000256
-0.000168
-0.000066
0.000007
0.000019
0.000022
0.000084
0.000212
0.000363
0.000468
0.000481
0.000418
0.000337
0.000285
0.000246
0.000175
0.000076
-0.000025
-0.000146
-0.000279
-0.000330
-0.000268
-0.000206
-0.000234
-0.000331
-0.000413
-0.000387
-0.000251
-0.000119
-0.000055
0.000028
0.000161
0.000204
0.000083
-0.000059
-0.000063
0.000057
0.000183
0.000246
0.000215
0.000092
-0.000014
-0.000011
0.000033
0.000043
0.000056
0.000085
0.000090
0.000082
0.000078
0.000087
0.000125
0.000170
0.000190
0.000191
0.000156
0.000066
-0.000053
-0.000180
-0.000278
-0.000304
-0.000275
-0.000204
-0.000102
-0.000043
-0.000078
-0.000131
-0.000127
-0.000072
0.000035
0.000135
0.000080
-0.000114
-0.000205
-0.000098
0.000026
0.000029
-0.000036
-0.000067
-0.000042
-0.000014
-0.000008
-0.000008
0.000010
0.000073
0.000143
0.000143
0.000095
0.000082
0.000139
0.000200
0.000187
0.000145
0.000157
0.000172
0.000132
0.000104
0.000127
0.000141
0.000092
-0.000002
-0.000073
-0.000061
0.000007
0.000027
-0.000070
-0.000208
-0.000241
-0.000185
-0.000174
-0.000218
-0.000240
-0.000230
-0.000219
-0.000217
-0.000212
-0.000186
-0.000138
-0.000089
-0.000048
0.000004
0.000073
0.000098
0.000055
0.000063
0.000244
0.000514
0.000681
0.000683
0.000589
0.000433
0.000210
-0.000034
-0.000207
-0.000258
-0.000231
-0.000221
-0.000276
-0.000355
-0.000396
-0.000387
-0.000361
-0.000354
-0.000352
-0.000283
-0.000114
0.000092
0.000244
0.000277
0.000175
0.000051
0.000043
0.000123
0.000173
0.000166
0.000156
0.000157
0.000122
0.000008
-0.000139
-0.000194
-0.000090
0.000067
0.000118
0.000045
-0.000037
-0.000056
-0.000028
0.000027
0.000103
0.000157
0.000153
0.000137
0.000166
0.000195
0.000138
0.000005
-0.000107
-0.000176
-0.000276
-0.000369
-0.000312
-0.000101
0.000121
0.000202
0.000066
-0.000160
-0.000200
0.000032
0.000309
0.000384
0.000251
0.000080
-0.000008
-0.000044
-0.000084
-0.000095
-0.000060
-0.000032
-0.000025
-0.000030
-0.000123
-0.000288
-0.000329
-0.000152
0.000065
0.000092
-0.000076
-0.000243
-0.000247
-0.000096
0.000077
0.000164
0.000145
0.000073
0.000050
0.000137
0.000268
0.000330
0.000306
0.000280
0.000301
0.000298
0.000204
0.000062
-0.000047
-0.000089
-0.000061
-0.000013
-0.000041
-0.000152
-0.000246
-0.000245
-0.000182
-0.000156
-0.000224
-0.000313
-0.000289
-0.000156
-0.000093
-0.000202
-0.000308
-0.000188
0.000070
0.000212
0.000197
0.000166
0.000196
0.000251
0.000270
0.000224
0.000119
-0.000019
-0.000109
-0.000079
0.000024
0.000098
0.000120
0.000151
0.000213
0.000178
-0.000028
-0.000224
-0.000228
-0.000121
-0.000073
-0.000110
-0.000145
-0.000089
0.000055
0.000179
0.000194
0.000086
-0.000077
-0.000158
-0.000119
-0.000084
-0.000126
-0.000179
-0.000165
-0.000033
0.000157
0.000179
-0.000067
-0.000334
-0.000368
-0.000212
-0.000036
0.000076
0.000123
0.000132
0.000152
0.000205
0.000240
0.000232
0.000221
0.000218
0.000215
0.000214
0.000172
0.000068
-0.000023
-0.000023
0.000041
0.000106
0.000159
0.000182
0.000141
0.000036
-0.000102
-0.000257
-0.000372
-0.000332
-0.000139
-0.000001
-0.000073
-0.000284
-0.000425
-0.000332
-0.000072
0.000090
0.000010
-0.000135
-0.000094
0.000107
0.000240
0.000193
0.000061
0.000010
0.000091
0.000194
0.000177
0.000018
-0.000156
-0.000167
-0.000012
0.000102
0.000040
-0.000118
-0.000235
-0.000205
-0.000043
0.000069
0.000052
0.000059
0.000201
0.000400
0.000487
0.000369
0.000161
0.000063
0.000107
0.000133
-0.000006
-0.000248
-0.000372
-0.000284
-0.000162
-0.000193
-0.000353
-0.000484
-0.000435
-0.000210
0.000005
0.000053
-0.000016
-0.000040
0.000065
0.000222
0.000291
0.000245
0.000185
0.000193
0.000252
0.000271
0.000168
0.000006
-0.000056
0.000024
0.000129
0.000106
-0.000077
-0.000238
-0.000182
0.000005
0.000085
-0.000003
-0.000133
-0.000177
-0.000121
-0.000062
-0.000078
-0.000128
-0.000114
-0.000030
0.000027
-0.000033
-0.000152
-0.000167
-0.000028
0.000119
0.000126
0.000034
0.000001
0.000086
0.000190
0.000198
0.000098
-0.000016
-0.000048
0.000008
0.000091
0.000139
0.000124
0.000058
-0.000003
-0.000026
-0.000040
-0.000051
-0.000054
-0.000065
-0.000072
-0.000074
-0.000094
-0.000087
-0.000015
0.000071
0.000115
0.000075
-0.000067
-0.000200
-0.000177
-0.000009
0.000145
0.000152
0.000017
-0.000104
-0.000078
0.000010
0.000028
0.000014
0.000016
0.000013
0.000076
0.000226
0.000303
0.000227
0.000163
0.000228
0.000272
0.000110
-0.000188
-0.000384
-0.000370
-0.000289
-0.000335
-0.000488
-0.000553
-0.000409
-0.000128
0.000092
0.000123
0.000048
0.000064
0.000246
0.000432
0.000403
0.000208
0.000116
0.000202
0.000270
0.000178
-0.000012
-0.000171
-0.000210
-0.000130
-0.000029
-0.000010
-0.000088
-0.000182
-0.000166
-0.000013
0.000121
0.000104
0.000032
0.000026
0.000020
-0.000057
-0.000103
-0.000000
0.000183
0.000261
0.000136
-0.000084
-0.000174
-0.000057
0.000085
0.000045
-0.000154
-0.000301
-0.000243
-0.000046
0.000098
0.000065
-0.000044
-0.000003
0.000217
0.000391
0.000357
0.000201
0.000081
0.000044
0.000048
0.000038
-0.000006
-0.000058
-0.000102
-0.000159
-0.000241
-0.000310
-0.000323
-0.000274
-0.000180
-0.000096
-0.000086
-0.000125
-0.000103
0.000040
0.000211
0.000267
0.000206
0.000157
0.000178
0.000196
0.000132
-0.000005
-0.000135
-0.000171
-0.000089
0.000022
0.000050
-0.000030
-0.000161
-0.000224
-0.000146
-0.000021
0.000039
0.000087
0.000195
0.000315
0.000342
0.000241
0.000101
0.000036
0.000061
0.000077
-0.000023
-0.000194
-0.000274
-0.000210
-0.000131
-0.000154
-0.000238
-0.000240
-0.000086
0.000125
0.000228
0.000184
0.000120
0.000137
0.000172
0.000151
0.000158
0.000235
0.000239
0.000077
-0.000164
-0.000344
-0.000349
-0.000202
-0.000109
-0.000200
-0.000362
-0.000429
-0.000364
-0.000231
-0.000107
0.000001
0.000116
0.000238
0.000343
0.000385
0.000339
0.000274
0.000251
0.000253
0.000281
0.000310
0.000276
0.000206
0.000087
-0.000207
-0.000569
-0.000711
-0.000628
-0.000502
-0.000350
-0.000139
0.000026
0.000045
-0.000008
0.000036
0.000223
0.000424
0.000517
0.000510
0.000455
0.000343
0.000165
0.000021
0.000045
0.000167
0.000158
-0.000032
-0.000211
-0.000208
-0.000065
0.000013
-0.000102
-0.000287
-0.000322
-0.000185
-0.000096
-0.000215
-0.000394
-0.000363
-0.000098
0.000167
0.000231
0.000102
-0.000064
-0.000104
-0.000009
0.000072
0.000036
-0.000064
-0.000075
0.000088
0.000259
0.000218
0.000052
0.000010
0.000128
0.000211
0.000115
-0.000064
-0.000151
-0.000121
-0.000068
-0.000091
-0.000182
-0.000218
-0.000117
0.000043
0.000115
0.000039
-0.000089
-0.000124
-0.000019
0.000108
0.000106
-0.000024
-0.000139
-0.000128
-0.000004
0.000122
0.000141
0.000080
0.000069
0.000160
0.000239
0.000210
0.000123
0.000066
0.000041
0.000016
-0.000030
-0.000096
-0.000123
-0.000072
-0.000003
0.000016
-0.000024
-0.000081
-0.000089
-0.000053
-0.000052
-0.000101
-0.000122
-0.000048
0.000093
0.000192
0.000162
0.000038
-0.000063
-0.000076
-0.000059
-0.000087
-0.000122
-0.000093
-0.000011
0.000051
0.000051
-0.000013
-0.000107
-0.000151
-0.000078
0.000051
0.000090
0.000012
-0.000036
0.000034
0.000136
0.000164
0.000127
0.000080
0.000014
-0.000082
-0.000117
-0.000045
0.000038
0.000039
-0.000019
-0.000048
-0.000022
0.000016
0.000047
0.000107
0.000198
0.000228
0.000136
0.000006
-0.000045
-0.000011
0.000004
-0.000078
-0.000189
-0.000207
-0.000128
-0.000030
0.000048
0.000095
0.000063
-0.000062
-0.000162
-0.000122
-0.000033
-0.000042
-0.000087
-0.000054
-0.000017
-0.000006
0.000098
0.000277
0.000373
0.000360
0.000302
0.000199
0.000055
-0.000051
-0.000085
-0.000103
-0.000159
-0.000263
-0.000389
-0.000464
-0.000419
-0.000309
-0.000241
-0.000211
-0.000152
-0.000058
0.000036
0.000117
0.000163
0.000153
0.000137
0.000180
0.000233
0.000203
0.000132
0.000127
0.000172
0.000179
0.000130
0.000050
-0.000037
-0.000081
-0.000054
-0.000004
0.000036
0.000060
0.000040
-0.000019
-0.000068
-0.000079
-0.000051
-0.000019
-0.000020
-0.000050
-0.000083
-0.000108
-0.000085
0.000015
0.000121
0.000141
0.000083
0.000017
-0.000035
-0.000078
-0.000076
0.000003
0.000099
0.000139
0.000124
0.000083
0.000063
0.000078
0.000076
0.000008
-0.000104
-0.000158
-0.000083
0.000034
0.000056
-0.000026
-0.000104
-0.000061
0.000073
0.000116
-0.000002
-0.000132
-0.000163
-0.000132
-0.000096
-0.000089
-0.000113
-0.000103
-0.000018
0.000057
0.000027
-0.000098
-0.000207
-0.000152
0.000082
0.000281
0.000265
0.000121
0.000071
0.000147
0.000194
0.000159
0.000113
0.000052
-0.000062
-0.000176
-0.000205
-0.000142
-0.000054
0.000014
0.000082
0.000122
0.000055
-0.000056
-0.000040
0.000113
0.000234
0.000188
-0.000002
-0.000207
-0.000276
-0.000142
0.000058
0.000084
-0.000070
-0.000149
-0.000052
0.000063
0.000080
0.000050
0.000063
0.000108
0.000081
-0.000040
-0.000145
-0.000174
-0.000161
-0.000123
-0.000036
0.000078
0.000115
0.000035
-0.000031
0.000013
0.000071
0.000037
-0.000066
-0.000166
-0.000208
-0.000173
-0.000094
-0.000014
0.000046
0.000058
0.000024
0.000017
0.000070
0.000153
0.000206
0.000159
0.000053
-0.000008
-0.000050
-0.000122
-0.000169
-0.000163
-0.000123
-0.000029
0.000102
0.000175
0.000170
0.000141
0.000125
0.000135
0.000156
0.000141
0.000078
0.000012
-0.000005
0.000029
0.000069
0.000067
0.000038
0.000034
0.000049
0.000026
-0.000035
-0.000076
-0.000090
-0.000139
-0.000230
-0.000267
-0.000194
-0.000094
-0.000053
-0.000022
0.000058
0.000108
0.000047
-0.000066
-0.000140
-0.000151
-0.000076
0.000105
0.000295
0.000315
0.000166
0.000074
0.000128
0.000155
0.000056
-0.000086
-0.000191
-0.000224
-0.000204
-0.000244
-0.000370
-0.000418
-0.000295
-0.000138
-0.000077
-0.000064
-0.000000
0.000138
0.000292
0.000381
0.000389
0.000357
0.000315
0.000258
0.000186
0.000103
0.000020
-0.000033
-0.000066
-0.000142
-0.000252
-0.000307
-0.000262
-0.000148
-0.000009
0.000126
0.000207
0.000187
0.000094
0.000018
0.000006
0.000010
-0.000006
-0.000008
0.000012
0.000016
-0.000021
-0.000086
-0.000151
-0.000178
-0.000135
-0.000051
-0.000020
-0.000067
-0.000096
-0.000059
-0.000035
-0.000057
-0.000040
0.000041
0.000084
0.000061
0.000056
0.000088
0.000087
0.000052
0.000029
0.000004
-0.000029
-0.000013
0.000048
0.000071
0.000037
0.000015
0.000044
0.000073
0.000055
0.000015
0.000005
0.000025
0.000032
-0.000016
-0.000097
-0.000124
-0.000068
-0.000014
-0.000002
-0.000004
-0.000038
-0.000099
-0.000109
-0.000035
0.000093
0.000192
0.000130
-0.000067
-0.000172
-0.000109
-0.000030
-0.000016
-0.000016
0.000002
0.000048
0.000119
0.000147
0.000088
-0.000006
-0.000054
-0.000041
-0.000023
-0.000023
-0.000037
-0.000077
-0.000074
0.000098
0.000339
0.000421
0.000372
0.000344
0.000316
0.000221
0.000065
-0.000140
-0.000364
-0.000511
-0.000490
-0.000342
-0.000211
-0.000172
-0.000189
-0.000219
-0.000246
-0.000274
-0.000280
-0.000214
-0.000091
0.000011
0.000079
0.000166
0.000264
0.000331
0.000363
0.000352
0.000312
0.000276
0.000225
0.000123
0.000005
-0.000059
-0.000043
0.000007
0.000023
-0.000025
-0.000091
-0.000100
-0.000046
-0.000032
-0.000121
-0.000226
-0.000223
-0.000115
-0.000004
0.000039
0.000004
-0.000071
-0.000076
0.000061
0.000217
0.000235
0.000154
0.000111
0.000131
0.000112
-0.000032
-0.000197
-0.000209
-0.000091
0.000006
0.000038
0.000047
0.000050
0.000062
0.000089
0.000083
0.000025
-0.000029
-0.000054
-0.000073
-0.000078
-0.000066
-0.000054
-0.000034
-0.000029
-0.000084
-0.000134
-0.000102
-0.000058
-0.000078
-0.000103
-0.000076
-0.000027
0.000001
-0.000001
-0.000022
-0.000016
0.000050
0.000155
0.000231
0.000231
0.000174
0.000115
0.000085
0.000102
0.000137
0.000134
0.000096
0.000050
-0.000017
-0.000115
-0.000200
-0.000215
-0.000152
-0.000077
-0.000055
-0.000062
-0.000041
-0.000007
-0.000006
-0.000034
-0.000045
-0.000018
0.000015
0.000011
-0.000018
-0.000016
0.000012
0.000010
-0.000024
-0.000015
0.000055
0.000087
0.000044
0.000025
0.000051
0.000051
0.000025
0.000007
0.000011
0.000034
0.000031
-0.000000
0.000012
0.000075
0.000095
-0.000001
-0.000131
-0.000140
-0.000048
-0.000014
-0.000076
-0.000126
-0.000070
0.000054
0.000116
0.000077
0.000024
-0.000007
-0.000059
-0.000094
-0.000010
0.000130
0.000113
-0.000076
-0.000200
-0.000189
-0.000223
-0.000348
-0.000402
-0.000289
-0.000065
0.000169
0.000332
0.000405
0.000428
0.000417
0.000374
0.000336
0.000319
0.000272
0.000150
-0.000009
-0.000130
-0.000164
-0.000092
0.000013
-0.000009
-0.000171
-0.000254
-0.000152
-0.000045
-0.000070
-0.000152
-0.000213
-0.000240
-0.000208
-0.000126
-0.000050
0.000000
0.000037
0.000047
-0.000002
-0.000091
-0.000121
-0.000022
0.000160
0.000310
0.000334
0.000216
0.000054
-0.000038
-0.000046
-0.000016
0.000003
-0.000028
-0.000060
-0.000011
0.000044
-0.000015
-0.000124
-0.000171
-0.000156
-0.000120
-0.000113
-0.000166
-0.000206
-0.000150
-0.000033
0.000085
0.000182
0.000248
0.000297
0.000329
0.000295
0.000179
0.000037
-0.000061
-0.000065
-0.000020
-0.000027
-0.000085
-0.000105
-0.000071
-0.000049
-0.000078
-0.000155
-0.000231
-0.000196
0.000005
0.000229
0.000251
0.000068
-0.000093
-0.000103
-0.000049
-0.000042
-0.000077
-0.000084
-0.000040
0.000027
0.000111
0.000192
0.000207
0.000150
0.000081
0.000043
0.000046
0.000042
-0.000032
-0.000128
-0.000165
-0.000155
-0.000124
-0.000055
0.000025
0.000052
0.000046
0.000056
0.000046
-0.000012
-0.000063
-0.000059
0.000001
0.000090
0.000120
0.000043
-0.000054
-0.000089
-0.000075
-0.000034
0.000013
0.000028
-0.000003
-0.000046
-0.000055
-0.000002
0.000077
0.000105
0.000083
0.000095
0.000135
0.000103
0.000035
0.000071
0.000167
0.000107
-0.000115
-0.000259
-0.000210
-0.000115
-0.000139
-0.000234
-0.000236
-0.000115
-0.000007
-0.000012
-0.000057
-0.000027
0.000065
0.000121
0.000085
-0.000023
