3840
-0.000089
-0.000077
-0.000041
0.000019
0.000047
0.000023
-0.000008
-0.000003
0.000024
0.000039
0.000036
0.000027
0.000008
0.000013
0.000062
0.000055
-0.000057
-0.000168
-0.000204
-0.000181
-0.000105
0.000016
0.000113
0.000097
-0.000005
-0.000072
-0.000060
-0.000032
-0.000002
0.000067
0.000133
0.000118
0.000034
-0.000031
-0.000016
0.000055
0.000103
0.000085
0.000042
0.000035
0.000083
0.000128
0.000109
0.000065
0.000045
0.000005
-0.000086
-0.000153
-0.000134
-0.000092
-0.000096
-0.000111
-0.000091
-0.000059
-0.000063
-0.000090
-0.000061
0.000068
0.000192
0.000181
0.000075
-0.000005
-0.000047
-0.000072
-0.000059
-0.000023
0.000009
0.000049
0.000070
0.000027
-0.000024
-0.000001
0.000084
0.000138
0.000101
-0.000005
-0.000109
-0.000150
-0.000129
-0.000090
-0.000053
-0.000009
0.000022
0.000027
0.000030
0.000013
-0.000058
-0.000104
-0.000051
0.000028
0.000053
0.000051
0.000074
0.000123
0.000098
-0.000076
-0.000270
-0.000315
-0.000230
-0.000153
-0.000148
-0.000132
-0.000040
0.000047
0.000082
0.000150
0.000273
0.000352
0.000353
0.000322
0.000276
0.000236
0.000225
0.000192
0.000083
-0.000039
-0.000089
-0.000092
-0.000111
-0.000122
-0.000075
0.000001
0.000045
0.000038
-0.000038
-0.000175
-0.000273
-0.000240
-0.000126
-0.000059
-0.000063
-0.000074
-0.000057
-0.000016
0.000014
0.000006
0.000016
0.000108
0.000212
0.000195
0.000092
0.000058
0.000094
0.000069
-0.000056
-0.000199
-0.000282
-0.000283
-0.000227
-0.000163
-0.000139
-0.000171
-0.000197
-0.000124
0.000021
0.000103
0.000095
0.000099
0.000157
0.000200
0.000174
0.000107
0.000080
0.000095
0.000071
0.000023
0.000039
0.000088
0.000073
0.000005
-0.000041
-0.000034
0.000015
0.000087
0.000139
0.000105
-0.000013
-0.000118
-0.000157
-0.000156
-0.000123
-0.000067
-0.000026
-0.000007
-0.000000
-0.000009
-0.000013
-0.000014
-0.000033
-0.000012
0.000068
0.000094
0.000023
-0.000030
0.000013
0.000076
0.000069
0.000028
0.000035
0.000069
0.000047
-0.000024
-0.000075
-0.000091
-0.000125
-0.000174
-0.000191
-0.000162
-0.000088
0.000025
0.000122
0.000161
0.000166
0.000162
0.000131
0.000083
0.000058
0.000048
0.000017
-0.000044
-0.000097
-0.000107
-0.000083
-0.000067
-0.000075
-0.000079
-0.000058
-0.000021
0.000019
0.000059
0.000091
0.000089
0.000050
0.000021
0.000019
0.000010
-0.000026
-0.000047
-0.000007
0.000053
0.000077
0.000089
0.000082
0.000011
-0.000068
-0.000080
-0.000062
-0.000070
-0.000086
-0.000063
0.000008
0.000078
0.000098
0.000059
-0.000025
-0.000139
-0.000191
-0.000064
0.000177
0.000337
0.000380
0.000387
0.000348
0.000243
0.000139
0.000069
-0.000037
-0.000205
-0.000337
-0.000363
-0.000349
-0.000365
-0.000364
-0.000309
-0.000255
-0.000245
-0.000245
-0.000212
-0.000149
-0.000087
-0.000053
-0.000039
-0.000013
0.000072
0.000203
0.000280
0.000267
0.000240
0.000237
0.000242
0.000255
0.000249
0.000179
0.000052
-0.000071
-0.000113
-0.000064
-0.000008
0.000003
0.000008
0.000023
0.000009
-0.000013
0.000018
0.000081
0.000111
0.000103
0.000088
0.000052
-0.000013
-0.000056
-0.000056
-0.000067
-0.000100
-0.000107
-0.000077
-0.000042
-0.000009
0.000020
0.000017
-0.000019
-0.000045
-0.000040
-0.000030
-0.000032
-0.000031
-0.000017
0.000014
0.000059
0.000072
0.000032
-0.000007
-0.000001
0.000036
0.000058
0.000029
-0.000031
-0.000077
-0.000091
-0.000080
-0.000060
-0.000070
-0.000109
-0.000090
0.000016
0.000081
0.000038
0.000006
0.000055
0.000078
0.000039
0.000061
0.000155
0.000183
0.000105
0.000021
-0.000013
-0.000034
-0.000058
-0.000062
-0.000056
-0.000085
-0.000135
-0.000121
-0.000018
0.000071
0.000053
-0.000010
-0.000003
0.000035
-0.000005
-0.000067
-0.000032
0.000064
0.000121
0.000100
0.000017
-0.000069
-0.000095
-0.000058
-0.000002
0.000026
0.000006
-0.000025
-0.000012
0.000041
0.000079
0.000075
0.000055
0.000036
0.000010
-0.000024
-0.000060
-0.000110
-0.000142
-0.000110
-0.000055
-0.000041
-0.000045
-0.000015
0.000044
0.000083
0.000081
0.000072
0.000084
0.000092
0.000056
-0.000015
-0.000088
-0.000105
-0.000034
0.000060
0.000118
0.000145
0.000055
-0.000184
-0.000359
-0.000318
-0.000200
-0.000154
-0.000132
-0.000075
-0.000035
-0.000029
0.000015
0.000122
0.000234
0.000289
0.000279
0.000243
0.000239
0.000266
0.000245
0.000163
0.000132
0.000181
0.000172
0.000056
-0.000030
-0.000003
0.000045
0.000019
-0.000053
-0.000110
-0.000172
-0.000254
-0.000283
-0.000245
-0.000231
-0.000254
-0.000241
-0.000199
-0.000154
-0.000043
0.000137
0.000269
0.000292
0.000254
0.000190
0.000088
-0.000021
-0.000086
-0.000107
-0.000108
-0.000108
-0.000121
-0.000146
-0.000163
-0.000160
-0.000132
-0.000084
-0.000052
-0.000063
-0.000072
-0.000030
0.000018
0.000033
0.000063
0.000126
0.000167
0.000183
0.000199
0.000192
0.000147
0.000090
0.000030
-0.000028
-0.000062
-0.000058
-0.000019
0.000052
0.000118
0.000105
0.000039
-0.000002
-0.000035
-0.000007
-0.000351
-0.002651
-0.006338
-0.005558
0.003047
0.011200
0.008556
-0.000804
-0.003469
0.002962
0.006719
0.000768
-0.006321
-0.004780
0.000267
-0.001575
-0.007087
-0.005050
0.003479
0.006310
0.000436
-0.003701
-0.000139
0.003831
0.001417
-0.002468
-0.000636
0.003997
0.003528
-0.001711
-0.003777
-0.000654
0.000759
-0.002556
-0.004724
-0.002596
-0.001350
-0.003156
-0.002017
0.003845
0.006994
0.003970
0.001227
0.002934
0.004223
0.001229
-0.001811
-0.000439
0.002558
0.002595
0.000421
-0.000196
0.001379
0.001562
-0.001756
-0.005053
-0.004540
-0.002685
-0.003640
-0.005206
-0.002760
0.001527
0.001880
-0.000690
-0.000652
0.001200
-0.000047
-0.002948
-0.002364
0.000715
0.001610
0.000858
0.002235
0.004884
0.004957
0.002676
0.001306
0.001201
0.000464
-0.000886
-0.001411
-0.000618
0.000657
0.001154
0.000798
0.000931
0.001724
0.001148
-0.001234
-0.002791
-0.002699
-0.003151
-0.004130
-0.003246
-0.000909
0.000353
0.000519
0.001102
0.001627
0.000780
-0.000734
-0.001314
-0.001292
-0.001540
-0.001022
0.000690
0.001916
0.002010
0.002002
0.002140
0.001822
0.000950
-0.000023
-0.000638
-0.000837
-0.000755
-0.000496
-0.000121
0.000713
0.001749
0.001654
0.000501
-0.000096
-0.000182
-0.001013
-0.001827
-0.001251
-0.000490
-0.000996
-0.001513
-0.000687
0.000357
0.000456
0.000479
0.001146
0.001603
0.001145
0.000342
-0.000034
-0.000262
-0.001006
-0.001923
-0.002008
-0.000921
0.000469
0.001021
0.000963
0.001316
0.001530
0.000498
-0.000801
-0.000974
-0.000641
-0.000771
-0.000776
0.000146
0.001321
0.001623
0.001171
0.000735
0.000393
-0.000151
-0.000888
-0.001487
-0.001508
-0.001124
-0.000998
-0.000927
-0.000227
0.000695
0.000842
0.000360
0.000252
0.000553
0.000354
-0.000328
-0.000555
-0.000222
0.000052
0.000212
0.000637
0.001271
0.001533
0.001080
0.000359
-0.000039
-0.000072
-0.000130
-0.000403
-0.000435
0.000012
0.000193
-0.000303
-0.000482
0.000314
0.000977
0.000405
-0.000732
-0.001195
-0.001163
-0.001457
-0.001652
-0.000934
0.000185
0.000733
0.000754
0.000667
0.000417
-0.000046
-0.000418
-0.000492
-0.000361
-0.000124
0.000057
0.000051
0.000150
0.000536
0.000750
0.000505
0.000241
0.000235
0.000194
-0.000018
-0.000083
0.000150
0.000350
0.000316
0.000270
0.000393
0.000622
0.000799
0.000745
0.000496
0.000300
0.000198
0.000022
-0.000304
-0.000699
-0.000979
-0.001036
-0.000892
-0.000626
-0.000429
-0.000403
-0.000341
-0.000195
-0.000257
-0.000530
-0.000636
-0.000504
-0.000485
-0.000650
-0.000692
-0.000588
-0.000571
-0.000568
-0.000440
-0.000327
-0.000282
-0.000196
-0.000191
-0.000442
-0.000690
-0.000509
0.000046
0.000553
0.000925
0.001480
0.002322
0.003112
0.003566
0.003817
0.004034
0.003995
0.003519
0.002952
0.002581
0.002105
0.001431
0.001000
0.000503
-0.000952
-0.002988
-0.004427
-0.005176
-0.005863
-0.006288
-0.005788
-0.004538
-0.003237
-0.002137
-0.001194
-0.000564
-0.000582
-0.001441
-0.002612
-0.002908
-0.002009
-0.001004
-0.000399
0.000757
0.002777
0.004465
0.005167
0.005494
0.005639
0.004990
0.003569
0.002246
0.001551
0.001294
0.001126
0.000992
0.001222
0.001952
0.002507
0.002137
0.001072
-0.000151
-0.001716
-0.003746
-0.005429
-0.006048
-0.005951
-0.005638
-0.004897
-0.003512
-0.001907
-0.000635
0.000156
0.000607
0.000878
0.000940
0.000651
0.000222
0.000156
0.000452
0.000625
0.000702
0.001134
0.001512
0.000600
-0.001561
-0.002777
-0.001532
0.000400
0.000690
0.000523
0.002312
0.004842
0.005440
0.005147
0.006377
0.007647
0.006220
0.003447
0.002313
0.002526
0.002185
0.001293
0.000654
0.000104
-0.000608
-0.001470
-0.002793
-0.004448
-0.005822
-0.007343
-0.009634
-0.011339
-0.010722
-0.008824
-0.008130
-0.008464
-0.007417
-0.004627
-0.001874
0.000252
0.002550
0.005016
0.006577
0.006937
0.007023
0.007276
0.007167
0.006092
0.003841
0.001472
0.001109
0.002991
0.004749
0.005232
0.005916
0.007244
0.007476
0.006316
0.005418
0.004597
0.002229
-0.001067
-0.003458
-0.004750
-0.005586
-0.006255
-0.006975
-0.007439
-0.006933
-0.005900
-0.005501
-0.005421
-0.004841
-0.004733
-0.005794
-0.006236
-0.004908
-0.003432
-0.002914
-0.002167
-0.000379
0.001729
0.003605
0.005269
0.006513
0.007123
0.007086
0.006298
0.005158
0.004620
0.004540
0.003764
0.002530
0.002217
0.002699
0.002711
0.002186
0.001803
0.001252
-0.000087
-0.001796
-0.003187
-0.004424
-0.006084
-0.008709
-0.012418
-0.015367
-0.014529
-0.010205
-0.006456
-0.004569
-0.001014
0.005211
0.009784
0.010992
0.012574
0.015337
0.014801
0.010145
0.006440
0.005895
0.005316
0.003095
0.001315
0.000994
0.001092
0.001294
0.001707
0.001607
0.000642
-0.001015
-0.003764
-0.007199
-0.009299
-0.009625
-0.010503
-0.012643
-0.013258
-0.010820
-0.007654
-0.005660
-0.003568
-0.000515
0.001718
0.002046
0.002087
0.003098
0.003839
0.003055
0.001738
0.001453
0.002252
0.003394
0.004523
0.005454
0.006119
0.006773
0.007290
0.007227
0.007009
0.007119
0.006458
0.004206
0.002033
0.001354
0.000716
-0.001073
-0.002574
-0.002912
-0.003351
-0.004356
-0.004986
-0.005201
-0.005643
-0.006234
-0.006771
-0.007109
-0.006652
-0.005539
-0.004906
-0.004595
-0.003267
-0.001328
-0.000287
0.000278
0.001525
0.002714
0.002899
0.002948
0.003635
0.004293
0.004471
0.004486
0.004350
0.004084
0.004058
0.004007
0.003419
0.002825
0.002766
0.002518
0.001619
0.000873
0.000574
-0.000145
-0.001493
-0.002642
-0.003332
-0.004090
-0.005390
-0.007784
-0.011214
-0.013402
-0.011989
-0.008705
-0.006903
-0.005400
-0.000905
0.004764
0.007508
0.008830
0.012433
0.015986
0.014965
0.011166
0.009243
0.008708
0.006461
0.003126
0.001033
-0.000075
-0.001161
-0.001565
-0.001005
-0.000461
-0.000421
-0.000987
-0.002645
-0.004771
-0.005799
-0.006238
-0.008113
-0.010895
-0.011999
-0.011219
-0.010431
-0.009508
-0.006896
-0.003429
-0.001301
-0.000183
0.001871
0.004622
0.006108
0.005987
0.005551
0.005234
0.004588
0.003899
0.003801
0.004064
0.004069
0.003717
0.003418
0.003831
0.005189
0.006513
0.006632
0.005939
0.005451
0.004869
0.003489
0.001772
0.000230
-0.001626
-0.003947
-0.005827
-0.006700
-0.007013
-0.007319
-0.007710
-0.007869
-0.007298
-0.006031
-0.004831
-0.004048
-0.003203
-0.002244
-0.001711
-0.001366
-0.000471
0.000631
0.001076
0.001112
0.001603
0.002610
0.003635
0.004471
0.005100
0.005353
0.005179
0.004856
0.004626
0.004381
0.003863
0.002987
0.001974
0.001202
0.000795
0.000443
-0.000154
-0.000846
-0.001428
-0.002106
-0.003038
-0.004098
-0.005774
-0.008897
-0.012232
-0.012801
-0.010490
-0.008632
-0.007906
-0.005032
0.000367
0.004496
0.006870
0.010918
0.015839
0.016901
0.014265
0.012417
0.011773
0.009357
0.005496
0.002463
-0.000114
-0.002944
-0.004472
-0.004123
-0.003538
-0.003228
-0.002512
-0.002129
-0.002769
-0.003130
-0.002722
-0.003443
-0.005983
-0.008356
-0.009416
-0.010129
-0.010688
-0.009966
-0.008099
-0.006411
-0.004792
-0.001946
0.001908
0.005063
0.006867
0.008012
0.008589
0.008110
0.007104
0.006506
0.005878
0.004347
0.002504
0.001418
0.001008
0.000985
0.001573
0.002531
0.003450
0.004555
0.005592
0.005672
0.005070
0.004565
0.003386
0.000857
-0.001638
-0.003199
-0.005060
-0.007508
-0.008994
-0.009296
-0.009457
-0.009109
-0.007570
-0.005743
-0.004264
-0.002575
-0.000928
-0.000038
0.000673
0.001528
0.001504
0.000711
0.000592
0.001005
0.000862
0.000829
0.001848
0.002980
0.003436
0.004010
0.004978
0.005503
0.005481
0.005362
0.004862
0.003826
0.002866
0.002040
0.000822
-0.000522
-0.001458
-0.002348
-0.003479
-0.004357
-0.005248
-0.007417
-0.010422
-0.011591
-0.009970
-0.008116
-0.007655
-0.006273
-0.002196
0.002093
0.004516
0.007312
0.011860
0.014832
0.014089
0.012621
0.012597
0.011751
0.008703
0.005421
0.002680
-0.000606
-0.003535
-0.004510
-0.004706
-0.005469
-0.005574
-0.004575
-0.004238
-0.004549
-0.003628
-0.002259
-0.002945
-0.005099
-0.006246
-0.006417
-0.007090
-0.007897
-0.007737
-0.006977
-0.006259
-0.005066
-0.002831
0.000019
0.002743
0.004954
0.006548
0.007688
0.008673
0.009367
0.009135
0.007781
0.006024
0.004479
0.002865
0.001101
0.000002
-0.000174
-0.000193
-0.000077
0.000898
0.002351
0.003340
0.003970
0.004387
0.003922
0.002652
0.001365
-0.000293
-0.002876
-0.005412
-0.007138
-0.008719
-0.010041
-0.009993
-0.008967
-0.008057
-0.006661
-0.004147
-0.001682
0.000032
0.001747
0.003276
0.003698
0.003564
0.003670
0.003369
0.002430
0.001865
0.001702
0.001139
0.000727
0.001294
0.002058
0.002337
0.002840
0.003692
0.004008
0.003916
0.004082
0.003941
0.002904
0.001669
0.000619
-0.000800
-0.002596
-0.004652
-0.007758
-0.011465
-0.013069
-0.011698
-0.010168
-0.009851
-0.008026
-0.003342
0.001269
0.004089
0.007439
0.012196
0.015225
0.014922
0.013842
0.013649
0.012580
0.009463
0.005695
0.002314
-0.001011
-0.003927
-0.005610
-0.006417
-0.006880
-0.006592
-0.005668
-0.004992
-0.004194
-0.002339
-0.000639
-0.001016
-0.002591
-0.003239
-0.003398
-0.004737
-0.006618
-0.007346
-0.007301
-0.007631
-0.007559
-0.005776
-0.002903
-0.000341
0.001804
0.004102
0.006526
0.008695
0.010253
0.010764
0.010110
0.008765
0.007112
0.005132
0.003076
0.001350
-0.000274
-0.001920
-0.002632
-0.001827
-0.000609
0.000090
0.000964
0.002375
0.003240
0.003145
0.002910
0.002467
0.000924
-0.001437
-0.003677
-0.005681
-0.007442
-0.008544
-0.009139
-0.009484
-0.008912
-0.007107
-0.005014
-0.003074
-0.000704
0.001754
0.003221
0.003987
0.004960
0.005615
0.005163
0.004241
0.003526
0.002688
0.001696
0.001022
0.000536
0.000042
0.000023
0.000575
0.001086
0.001606
0.002584
0.003420
0.003378
0.002986
0.002728
0.001956
0.000195
-0.002406
-0.005833
-0.009192
-0.010635
-0.010427
-0.010820
-0.011375
-0.009337
-0.005230
-0.001936
0.001175
0.006435
0.011987
0.014415
0.014698
0.015598
0.016317
0.014716
0.011368
0.007750
0.003783
-0.000578
-0.004341
-0.007053
-0.009014
-0.010120
-0.010303
-0.009979
-0.008934
-0.006504
-0.003434
-0.001446
-0.000702
0.000069
0.000984
0.000885
-0.000345
-0.001591
-0.002605
-0.004179
-0.006120
-0.007001
-0.006296
-0.005081
-0.004107
-0.002737
-0.000364
0.002543
0.005310
0.007772
0.009796
0.011025
0.011225
0.010379
0.008798
0.007155
0.005478
0.002860
-0.000474
-0.002588
-0.002971
-0.003438
-0.004453
-0.004281
-0.002752
-0.001609
-0.000903
0.000641
0.002389
0.002710
0.001760
0.000660
-0.000323
-0.001399
-0.002792
-0.004695
-0.006454
-0.007067
-0.006953
-0.007055
-0.006657
-0.004818
-0.002661
-0.001359
0.000061
0.002379
0.004337
0.005015
0.005226
0.005529
0.005429
0.004733
0.003759
0.002666
0.001687
0.000983
0.000129
-0.000868
-0.001032
-0.000284
0.000109
-0.000114
0.000083
0.000700
0.000666
-0.000300
-0.001894
-0.003880
-0.005288
-0.005435
-0.005674
-0.006923
-0.007211
-0.005302
-0.003278
-0.002077
0.000631
0.005190
0.008369
0.009200
0.010361
0.012573
0.013424
0.012091
0.010155
0.008123
0.005189
0.001602
-0.001633
-0.004292
-0.006602
-0.008541
-0.010007
-0.010682
-0.010014
-0.008240
-0.006522
-0.005321
-0.003888
-0.001936
-0.000353
0.000317
0.000656
0.000999
0.000686
-0.000566
-0.001777
-0.002109
-0.002134
-0.002620
-0.003028
-0.002455
-0.001158
0.000131
0.001525
0.003402
0.005306
0.006508
0.007087
0.007622
0.008090
0.007805
0.006595
0.005256
0.004233
0.002923
0.001132
-0.000303
-0.001139
-0.002101
-0.003171
-0.003583
-0.003420
-0.003309
-0.003213
-0.002967
-0.002860
-0.002852
-0.002610
-0.002407
-0.002523
-0.002505
-0.002247
-0.002339
-0.002630
-0.002371
-0.001813
-0.001658
-0.001538
-0.000868
-0.000043
0.000538
0.001147
0.001791
0.002158
0.002410
0.002771
0.002993
0.003029
0.003097
0.002958
0.002445
0.002115
0.002167
0.001901
0.001120
0.000504
0.000113
-0.000835
-0.002648
-0.004668
-0.005887
-0.005973
-0.005903
-0.006510
-0.006597
-0.004785
-0.002348
-0.000950
0.000720
0.004143
0.007399
0.008477
0.008874
0.010224
0.011050
0.009928
0.008078
0.006573
0.004625
0.001890
-0.000725
-0.002845
-0.004774
-0.006395
-0.007536
-0.008302
-0.008334
-0.007290
-0.005929
-0.005037
-0.004078
-0.002462
-0.000947
-0.000317
-0.000052
0.000429
0.000590
-0.000069
-0.000889
-0.001088
-0.001075
-0.001612
-0.002357
-0.002365
-0.001553
-0.000608
0.000274
0.001504
0.003056
0.004395
0.005372
0.006167
0.006642
0.006685
0.006539
0.006131
0.005112
0.003814
0.002759
0.001550
-0.000120
-0.001432
-0.001980
-0.002612
-0.003598
-0.004089
-0.003926
-0.003822
-0.003826
-0.003476
-0.002915
-0.002537
-0.002308
-0.002088
-0.001831
-0.001470
-0.001165
-0.001160
-0.001186
-0.000875
-0.000537
-0.000496
-0.000332
0.000219
0.000632
0.000666
0.000861
0.001409
0.001823
0.001938
0.002076
0.002300
0.002452
0.002563
0.002579
0.002340
0.002004
0.001679
0.001076
0.000081
-0.001201
-0.002875
-0.004560
-0.005265
-0.005141
-0.005480
-0.006073
-0.005316
-0.003391
-0.001871
-0.000388
0.002403
0.005467
0.006965
0.007631
0.008990
0.010209
0.009867
0.008587
0.007362
0.005696
0.003178
0.000582
-0.001581
-0.003638
-0.005662
-0.007267
-0.008286
-0.008657
-0.008203
-0.007169
-0.006154
-0.005138
-0.003623
-0.001827
-0.000514
0.000282
0.001082
0.001731
0.001630
0.000953
0.000446
0.000173
-0.000415
-0.001265
-0.001694
-0.001534
-0.001247
-0.000990
-0.000455
0.000502
0.001689
0.002841
0.003808
0.004726
0.005756
0.006527
0.006507
0.006014
0.005731
0.005345
0.004122
0.002455
0.001163
-0.000007
-0.001637
-0.003301
-0.004300
-0.004817
-0.005345
-0.005792
-0.005773
-0.005238
-0.004496
-0.003802
-0.002977
-0.001750
-0.000462
0.000275
0.000606
0.001115
0.001631
0.001546
0.001082
0.000914
0.000912
0.000532
-0.000104
-0.000548
-0.000716
-0.000686
-0.000489
-0.000188
0.000242
0.000850
0.001425
0.001785
0.002153
0.002600
0.002547
0.001533
0.000047
-0.001041
-0.001638
-0.002429
-0.003643
-0.004418
-0.004067
-0.003285
-0.002803
-0.001827
0.000373
0.002609
0.003715
0.004718
0.006686
0.008414
0.008565
0.007926
0.007505
0.006640
0.004683
0.002401
0.000421
-0.001657
-0.003986
-0.006060
-0.007562
-0.008392
-0.008456
-0.008094
-0.007744
-0.007040
-0.005467
-0.003553
-0.002041
-0.000654
0.000968
0.002184
0.002477
0.002467
0.002699
0.002657
0.001875
0.000883
0.000274
-0.000200
-0.000886
-0.001361
-0.001117
-0.000554
-0.000304
0.000062
0.001380
0.003153
0.004161
0.004547
0.005314
0.006185
0.006168
0.005531
0.005072
0.004394
0.002821
0.000867
-0.000706
-0.002031
-0.003412
-0.004690
-0.005713
-0.006399
-0.006549
-0.006259
-0.005831
-0.005090
-0.003795
-0.002427
-0.001412
-0.000324
0.001085
0.002127
0.002383
0.002415
0.002609
0.002562
0.002012
0.001278
0.000644
0.000077
-0.000476
-0.000927
-0.001074
-0.000785
-0.000308
0.000009
0.000326
0.000891
0.001193
0.000638
-0.000203
-0.000336
-0.000064
-0.000463
-0.001364
-0.001581
-0.001046
-0.000798
-0.000849
-0.000110
0.001409
0.002412
0.002620
0.003213
0.004544
0.005461
0.005371
0.005015
0.004793
0.004094
0.002682
0.001185
-0.000042
-0.001265
-0.002632
-0.004021
-0.005261
-0.006051
-0.006273
-0.006311
-0.006293
-0.005694
-0.004520
-0.003641
-0.003212
-0.002385
-0.001008
0.000062
0.000577
0.001194
0.002031
0.002431
0.002252
0.002020
0.001926
0.001766
0.001557
0.001418
0.001248
0.000980
0.000807
0.000944
0.001412
0.002023
0.002495
0.002797
0.003186
0.003629
0.003748
0.003540
0.003312
0.002932
0.002082
0.000993
0.000025
-0.000955
-0.002121
-0.003266
-0.004201
-0.004917
-0.005309
-0.005294
-0.005033
-0.004627
-0.003954
-0.003026
-0.002032
-0.001009
0.000018
0.000806
0.001279
0.001695
0.002086
0.002168
0.001942
0.001675
0.001346
0.000832
0.000343
0.000096
-0.000024
-0.000135
-0.000172
-0.000183
-0.000383
-0.000772
-0.001036
-0.000961
-0.000727
-0.000678
-0.000766
-0.000509
0.000191
0.000814
0.001250
0.002012
0.002994
0.003445
0.003444
0.003762
0.004266
0.004179
0.003607
0.003177
0.002767
0.001932
0.000835
-0.000211
-0.001312
-0.002513
-0.003538
-0.004281
-0.004825
-0.005073
-0.005005
-0.004861
-0.004643
-0.004063
-0.003203
-0.002453
-0.001819
-0.001053
-0.000244
0.000353
0.000782
0.001177
0.001396
0.001282
0.001046
0.001002
0.001106
0.001091
0.000932
0.000842
0.000881
0.000953
0.001171
0.001675
0.002187
0.002460
0.002783
0.003297
0.003594
0.003507
0.003346
0.003108
0.002474
0.001578
0.000786
0.000013
-0.000965
-0.001971
-0.002809
-0.003546
-0.004119
-0.004347
-0.004312
-0.004124
-0.003664
-0.002995
-0.002397
-0.001808
-0.001009
-0.000241
0.000199
0.000509
0.000866
0.001059
0.001028
0.000989
0.000950
0.000776
0.000588
0.000533
0.000468
0.000323
0.000257
0.000224
0.000003
-0.000343
-0.000559
-0.000566
-0.000497
-0.000510
-0.000554
-0.000294
0.000429
0.001242
0.001835
0.002431
0.003115
0.003484
0.003488
0.003609
0.003836
0.003629
0.002996
0.002372
0.001701
0.000709
-0.000412
-0.001380
-0.002285
-0.003209
-0.003955
-0.004415
-0.004688
-0.004769
-0.004594
-0.004273
-0.003848
-0.003181
-0.002313
-0.001470
-0.000689
0.000096
0.000735
0.001061
0.001214
0.001390
0.001513
0.001410
0.001120
0.000808
0.000528
0.000305
0.000285
0.000490
0.000714
0.000909
0.001265
0.001797
0.002329
0.002802
0.003223
0.003480
0.003517
0.003419
0.003158
0.002587
0.001764
0.000878
-0.000040
-0.000994
-0.001884
-0.002683
-0.003447
-0.004065
-0.004325
-0.004283
-0.004144
-0.003860
-0.003306
-0.002601
-0.001876
-0.001129
-0.000443
0.000088
0.000547
0.000985
0.001270
0.001352
0.001387
0.001465
0.001474
0.001335
0.001064
0.000644
0.000083
-0.000474
-0.000884
-0.001094
-0.001143
-0.001149
-0.001094
-0.000754
-0.000125
0.000527
0.001233
0.002243
0.003308
0.003923
0.004186
0.004491
0.004674
0.004371
0.003747
0.003111
0.002334
0.001237
-0.000014
-0.001248
-0.002489
-0.003639
-0.004491
-0.005031
-0.005292
-0.005215
-0.004890
-0.004496
-0.003948
-0.003115
-0.002176
-0.001329
-0.000477
0.000401
0.001041
0.001361
0.001563
0.001650
0.001493
0.001242
0.001057
0.000773
0.000301
-0.000064
-0.000084
0.000050
0.000153
0.000422
0.001034
0.001732
0.002245
0.002727
0.003343
0.003808
0.003825
0.003534
0.003173
0.002701
0.001985
0.001045
0.000022
-0.000945
-0.001822
-0.002659
-0.003433
-0.004017
-0.004344
-0.004436
-0.004256
-0.003794
-0.003289
-0.002929
-0.002527
-0.001908
-0.001205
-0.000540
0.000144
0.000838
0.001402
0.001769
0.001985
0.002083
0.002064
0.001925
0.001675
0.001338
0.000905
0.000383
-0.000085
-0.000366
-0.000558
-0.000776
-0.000845
-0.000568
-0.000110
0.000316
0.000885
0.001755
0.002615
0.003109
0.003385
0.003708
0.003880
0.003596
0.002997
0.002339
0.001561
0.000595
-0.000387
-0.001276
-0.002174
-0.003111
-0.003951
-0.004547
-0.004822
-0.004822
-0.004705
-0.004496
-0.004013
-0.003199
-0.002270
-0.001409
-0.000598
0.000159
0.000777
0.001252
0.001629
0.001862
0.001870
0.001666
0.001401
0.001242
0.001149
0.000965
0.000771
0.000818
0.001067
0.001267
0.001491
0.001962
0.002453
0.002594
0.002546
0.002651
0.002762
0.002544
0.002034
0.001441
0.000799
0.000054
-0.000763
-0.001543
-0.002176
-0.002706
-0.003304
-0.003905
-0.004188
-0.004115
-0.003986
-0.003852
-0.003445
-0.002771
-0.002126
-0.001530
-0.000768
0.000078
0.000751
0.001275
0.001809
0.002310
0.002632
0.002731
0.002611
0.002281
0.001797
0.001273
0.000808
0.000419
0.000023
-0.000390
-0.000655
-0.000670
-0.000496
-0.000140
0.000440
0.001096
0.001626
0.002058
0.002512
0.002889
0.003024
0.002954
0.002725
0.002224
0.001472
0.000682
-0.000140
-0.001122
-0.002141
-0.003008
-0.003731
-0.004300
-0.004585
-0.004594
-0.004456
-0.004157
-0.003577
-0.002769
-0.001904
-0.001007
-0.000084
0.000695
0.001230
0.001617
0.001898
0.002019
0.002025
0.001976
0.001815
0.001539
0.001269
0.001068
0.000908
0.000835
0.000903
0.001052
0.001237
0.001506
0.001781
0.001861
0.001739
0.001633
0.001639
0.001623
0.001458
0.001126
0.000611
-0.000037
-0.000691
-0.001333
-0.002009
-0.002647
-0.003155
-0.003564
-0.003897
-0.004033
-0.003886
-0.003529
-0.003052
-0.002471
-0.001797
-0.001056
-0.000269
0.000514
0.001209
0.001765
0.002183
0.002442
0.002550
0.002540
0.002374
0.001996
0.001516
0.001117
0.000778
0.000404
0.000097
-0.000046
-0.000153
-0.000281
-0.000202
0.000207
0.000722
0.001134
0.001499
0.001893
0.002200
0.002281
0.002165
0.001951
0.001637
0.001143
0.000462
-0.000315
-0.001099
-0.001838
-0.002507
-0.003121
-0.003646
-0.003959
-0.003973
-0.003727
-0.003321
-0.002842
-0.002323
-0.001739
-0.001091
-0.000428
0.000248
0.000953
0.001570
0.001935
0.002082
0.002205
0.002348
0.002363
0.002191
0.001939
0.001672
0.001377
0.001098
0.000905
0.000797
0.000725
0.000665
0.000608
0.000541
0.000455
0.000351
0.000213
0.000076
0.000010
-0.000040
-0.000187
-0.000404
-0.000639
-0.000959
-0.001384
-0.001794
-0.002116
-0.002388
-0.002590
-0.002626
-0.002509
-0.002332
-0.002074
-0.001637
-0.001029
-0.000359
0.000265
0.000793
0.001261
0.001720
0.002102
0.002282
0.002263
0.002149
0.001959
0.001656
0.001288
0.000954
0.000679
0.000422
0.000150
-0.000108
-0.000261
-0.000229
-0.000048
0.000167
0.000381
0.000622
0.000858
0.001018
0.001069
0.001005
0.000856
0.000681
0.000473
0.000163
-0.000200
-0.000492
-0.000800
-0.001307
-0.001920
-0.002409
-0.002703
-0.002812
-0.002727
-0.002534
-0.002322
-0.002026
-0.001580
-0.001074
-0.000561
0.000018
0.000595
0.001019
0.001369
0.001784
0.002103
0.002090
0.001864
0.001679
0.001556
0.001441
0.001357
0.001241
0.001033
0.000852
0.000789
0.000759
0.000687
0.000586
0.000438
0.000219
-0.000005
-0.000199
-0.000401
-0.000608
-0.000822
-0.001091
-0.001370
-0.001552
-0.001633
-0.001683
-0.001755
-0.001827
-0.001806
-0.001640
-0.001375
-0.001066
-0.000740
-0.000435
-0.000172
0.000073
0.000303
0.000535
0.000806
0.001075
0.001265
0.001384
0.001476
0.001547
0.001598
0.001612
0.001579
0.001545
0.001538
0.001517
0.001441
0.001317
0.001157
0.000955
0.000704
0.000421
0.000133
-0.000178
-0.000528
-0.000875
-0.001200
-0.001538
-0.001892
-0.002215
-0.002473
-0.002665
-0.002746
-0.002645
-0.002394
-0.002083
-0.001716
-0.001255
-0.000733
-0.000217
0.000268
0.000752
0.001266
0.001760
0.002123
0.002322
0.002417
0.002448
0.002391
0.002227
0.001948
0.001534
0.001066
0.000706
0.000463
0.000216
-0.000053
-0.000267
-0.000411
-0.000532
-0.000636
-0.000699
-0.000795
-0.000985
-0.001158
-0.001222
-0.001270
-0.001364
-0.001448
-0.001510
-0.001558
-0.001515
-0.001358
-0.001174
-0.000978
-0.000724
-0.000445
-0.000157
0.000196
0.000591
0.000923
0.001172
0.001404
0.001620
0.001739
0.001705
0.001567
0.001396
0.001192
0.000967
0.000786
0.000627
0.000421
0.000195
0.000011
-0.000128
-0.000228
-0.000272
-0.000250
-0.000171
-0.000063
0.000035
0.000091
0.000101
0.000066
-0.000021
-0.000164
-0.000358
-0.000569
-0.000728
-0.000822
-0.000937
-0.001128
-0.001307
-0.001375
-0.001344
-0.001241
-0.001067
-0.000827
-0.000520
-0.000183
0.000114
0.000367
0.000620
0.000882
0.001116
0.001259
0.001275
0.001291
0.001449
0.001603
0.001522
0.001270
0.001040
0.000844
0.000568
0.000216
-0.000080
-0.000294
-0.000556
-0.000901
-0.001185
-0.001314
-0.001344
-0.001350
-0.001343
-0.001298
-0.001198
-0.001063
-0.000930
-0.000779
-0.000554
-0.000292
-0.000114
-0.000037
0.000048
0.000205
0.000383
0.000500
0.000534
0.000494
0.000444
0.000497
0.000650
0.000761
0.000744
0.000652
0.000578
0.000585
0.000678
0.000771
0.000787
0.000752
0.000694
0.000592
0.000459
0.000339
0.000252
0.000155
0.000018
-0.000092
-0.000143
-0.000242
-0.000437
-0.000635
-0.000754
-0.000805
-0.000839
-0.000866
-0.000829
-0.000687
-0.000515
-0.000444
-0.000495
-0.000517
-0.000384
-0.000179
-0.000034
0.000036
0.000091
0.000168
0.000222
0.000197
0.000173
0.000283
0.000460
0.000524
0.000468
0.000433
0.000477
0.000542
0.000553
0.000496
0.000398
0.000275
0.000163
0.000107
0.000077
0.000016
-0.000079
-0.000165
-0.000230
-0.000317
-0.000454
-0.000605
-0.000714
-0.000776
-0.000799
-0.000750
-0.000645
-0.000579
-0.000564
-0.000500
-0.000325
-0.000088
0.000116
0.000230
0.000265
0.000283
0.000344
0.000453
0.000549
0.000587
0.000611
0.000639
0.000619
0.000549
0.000476
0.000405
0.000324
0.000258
0.000225
0.000193
0.000116
0.000016
-0.000023
-0.000006
-0.000036
-0.000126
-0.000175
-0.000123
-0.000036
-0.000030
-0.000138
-0.000263
-0.000300
-0.000257
-0.000208
-0.000206
-0.000265
-0.000329
-0.000310
-0.000222
-0.000162
-0.000167
-0.000194
-0.000204
-0.000186
-0.000135
-0.000052
0.000051
0.000125
0.000110
0.000038
0.000056
0.000221
0.000311
0.000150
-0.000050
-0.000083
-0.000071
-0.000076
0.000046
0.000269
0.000409
0.000423
0.000400
0.000384
0.000358
0.000310
0.000245
0.000151
0.000007
-0.000176
-0.000328
-0.000391
-0.000406
-0.000467
-0.000595
-0.000716
-0.000751
-0.000702
-0.000609
-0.000459
-0.000201
0.000114
0.000306
0.000294
0.000288
0.000501
0.000795
0.000929
0.000919
0.000839
0.000676
0.000525
0.000489
0.000414
0.000135
-0.000227
-0.000475
-0.000577
-0.000606
-0.000651
-0.000755
-0.000828
-0.000759
-0.000602
-0.000456
-0.000286
-0.000086
0.000044
0.000086
0.000165
0.000334
0.000479
0.000530
0.000576
0.000619
0.000536
0.000375
0.000295
0.000249
0.000142
0.000049
0.000003
-0.000092
-0.000236
-0.000327
-0.000328
-0.000275
-0.000223
-0.000220
-0.000222
-0.000137
-0.000018
0.000010
-0.000027
-0.000010
0.000092
0.000176
0.000136
0.000001
-0.000125
-0.000184
-0.000177
-0.000134
-0.000087
-0.000047
-0.000028
-0.000067
-0.000132
-0.000118
-0.000025
0.000052
0.000083
0.000105
0.000128
0.000155
0.000201
0.000229
0.000207
0.000168
0.000119
0.000037
-0.000050
-0.000109
-0.000152
-0.000196
-0.000244
-0.000277
-0.000267
-0.000199
-0.000098
-0.000021
-0.000002
0.000005
0.000060
0.000133
0.000142
0.000104
0.000108
0.000159
0.000226
0.000278
0.000257
0.000171
0.000110
0.000090
0.000057
0.000017
0.000012
0.000023
0.000006
-0.000043
-0.000112
-0.000167
-0.000158
-0.000092
-0.000035
-0.000039
-0.000092
-0.000120
-0.000080
-0.000036
-0.000046
-0.000060
-0.000012
0.000065
0.000092
0.000061
0.000028
0.000024
0.000027
0.000013
-0.000017
-0.000079
-0.000176
-0.000177
0.000003
0.000214
0.000316
0.000357
0.000390
0.000377
0.000293
0.000164
0.000025
-0.000102
-0.000210
-0.000282
-0.000277
-0.000224
-0.000236
-0.000335
-0.000422
-0.000441
-0.000429
-0.000406
-0.000367
-0.000309
-0.000221
-0.000100
0.000027
0.000115
0.000145
0.000163
0.000210
0.000270
0.000317
0.000334
0.000339
0.000376
0.000425
0.000374
0.000189
-0.000007
-0.000105
-0.000125
-0.000124
-0.000113
-0.000063
0.000016
0.000059
0.000036
0.000009
0.000015
0.000016
0.000006
0.000006
0.000006
0.000000
0.000010
0.000033
0.000059
0.000091
0.000118
0.000107
0.000057
0.000003
-0.000049
-0.000134
-0.000240
-0.000283
-0.000208
-0.000074
0.000009
0.000020
0.000036
0.000061
0.000034
-0.000005
0.000009
0.000029
-0.000003
-0.000029
-0.000002
0.000025
0.000011
0.000000
0.000013
0.000001
-0.000057
-0.000101
-0.000082
-0.000040
-0.000027
-0.000012
0.000043
0.000065
0.000009
-0.000023
0.000002
-0.000011
-0.000058
-0.000012
0.000126
0.000211
0.000178
0.000091
0.000018
-0.000020
-0.000043
-0.000064
-0.000066
-0.000043
-0.000007
0.000015
0.000003
-0.000031
-0.000075
-0.000113
-0.000122
-0.000123
-0.000130
-0.000075
0.000047
0.000130
0.000119
0.000068
0.000011
-0.000033
-0.000029
0.000009
0.000023
0.000012
0.000023
0.000059
0.000082
0.000062
0.000010
-0.000013
0.000030
0.000089
0.000082
0.000012
-0.000017
0.000037
0.000095
0.000099
0.000048
-0.000035
-0.000091
-0.000096
-0.000111
-0.000138
-0.000094
0.000014
0.000071
0.000044
-0.000003
-0.000026
-0.000021
0.000025
0.000118
0.000165
0.000042
-0.000210
-0.000403
-0.000474
-0.000489
-0.000414
-0.000173
0.000100
0.000210
0.000194
0.000199
0.000249
0.000274
0.000261
0.000254
0.000269
0.000294
0.000311
0.000283
0.000187
0.000091
0.000046
-0.000008
-0.000072
-0.000050
0.000026
0.000004
-0.000141
-0.000270
-0.000300
-0.000269
-0.000222
-0.000151
-0.000067
-0.000014
-0.000016
-0.000060
-0.000113
-0.000117
-0.000039
0.000094
0.000207
0.000226
0.000155
0.000075
0.000024
-0.000019
-0.000050
-0.000039
-0.000001
-0.000011
-0.000103
-0.000199
-0.000217
-0.000178
-0.000155
-0.000146
-0.000085
-0.000004
0.000008
-0.000038
-0.000048
0.000009
0.000079
0.000109
0.000114
0.000132
0.000155
0.000134
0.000059
0.000007
0.000060
0.000166
0.000198
0.000123
0.000014
-0.000066
-0.000094
-0.000071
-0.000029
0.000006
0.000059
0.000129
0.000142
0.000041
-0.000113
-0.000220
-0.000253
-0.000242
-0.000200
-0.000132
-0.000050
0.000028
0.000061
0.000019
-0.000037
-0.000004
0.000105
0.000184
0.000189
0.000159
0.000146
0.000147
0.000106
0.000020
-0.000030
-0.000014
0.000002
-0.000034
-0.000104
-0.000144
-0.000104
-0.000026
0.000023
0.000037
0.000045
0.000060
0.000065
0.000025
-0.000050
-0.000102
-0.000109
-0.000100
-0.000095
-0.000079
-0.000033
0.000022
0.000035
0.000004
-0.000024
-0.000022
0.000013
0.000058
0.000057
0.000033
0.000068
0.000125
0.000101
0.000023
-0.000021
-0.000029
-0.000030
-0.000022
-0.000011
-0.000022
-0.000051
-0.000079
-0.000098
-0.000084
-0.000027
0.000026
0.000060
0.000102
0.000123
0.000084
0.000019
-0.000033
-0.000047
-0.000017
-0.000010
-0.000077
-0.000089
0.000087
0.000302
0.000314
0.000181
0.000145
0.000227
0.000240
0.000106
-0.000056
-0.000139
-0.000182
-0.000265
-0.000356
-0.000345
-0.000247
-0.000194
-0.000215
-0.000210
-0.000161
-0.000144
-0.000159
-0.000124
-0.000035
0.000020
0.000009
-0.000020
-0.000021
0.000030
0.000107
0.000151
0.000167
0.000190
0.000207
0.000199
0.000177
0.000136
0.000048
-0.000068
-0.000138
-0.000136
-0.000087
-0.000012
0.000064
0.000103
0.000099
0.000093
0.000110
0.000136
0.000153
0.000150
0.000115
0.000084
0.000107
0.000154
0.000159
0.000109
0.000024
-0.000081
-0.000171
-0.000188
-0.000114
-0.000038
-0.000067
-0.000171
-0.000234
-0.000222
-0.000191
-0.000168
-0.000118
-0.000028
0.000057
0.000084
0.000046
-0.000022
-0.000073
-0.000080
-0.000044
0.000017
0.000088
0.000136
0.000140
0.000151
0.000175
0.000124
-0.000000
-0.000083
-0.000087
-0.000075
-0.000095
-0.000109
-0.000061
0.000020
0.000071
0.000093
0.000114
0.000132
0.000129
0.000075
-0.000027
-0.000099
-0.000081
-0.000024
0.000005
-0.000004
-0.000041
-0.000087
-0.000101
-0.000075
-0.000034
0.000017
0.000076
0.000120
0.000123
0.000087
0.000050
0.000048
0.000051
0.000030
-0.000002
-0.000057
-0.000122
-0.000128
-0.000083
-0.000078
-0.000096
-0.000049
0.000037
0.000086
0.000081
0.000036
-0.000009
0.000005
0.000035
-0.000003
-0.000066
-0.000058
-0.000003
0.000014
-0.000004
-0.000018
-0.000031
-0.000041
-0.000016
0.000013
-0.000014
-0.000037
0.000025
0.000111
0.000119
0.000051
-0.000039
-0.000100
-0.000101
-0.000062
-0.000007
0.000079
0.000165
0.000143
-0.000045
-0.000278
-0.000382
-0.000333
-0.000256
-0.000212
-0.000116
0.000075
0.000230
0.000251
0.000206
0.000183
0.000203
0.000258
0.000296
0.000285
0.000247
0.000194
0.000141
0.000126
0.000126
0.000074
0.000001
-0.000005
0.000022
-0.000008
-0.000079
-0.000132
-0.000181
-0.000240
-0.000282
-0.000300
-0.000293
-0.000266
-0.000242
-0.000221
-0.000143
0.000024
0.000208
0.000293
0.000283
0.000271
0.000264
0.000210
0.000137
0.000069
-0.000049
-0.000206
-0.000301
-0.000304
-0.000258
-0.000195
-0.000128
-0.000071
-0.000040
-0.000036
-0.000032
-0.000014
-0.000012
-0.000007
0.000056
0.000134
0.000134
0.000072
0.000024
0.000005
-0.000002
0.000003
0.000034
0.000087
0.000122
0.000110
0.000088
0.000081
0.000053
-0.000005
-0.000023
0.000027
0.000081
0.000101
0.000113
0.000098
0.000043
0.000014
0.000022
-0.000041
-0.000182
-0.000252
-0.000219
-0.000176
-0.000143
-0.000106
-0.000093
-0.000081
-0.000011
0.000097
0.000157
0.000155
0.000144
0.000127
0.000080
0.000021
-0.000023
-0.000038
-0.000011
0.000027
0.000032
0.000001
-0.000035
-0.000061
-0.000080
-0.000090
-0.000076
-0.000027
0.000022
0.000027
0.000015
0.000035
0.000061
0.000036
-0.000035
-0.000081
-0.000051
0.000008
-0.000001
-0.000067
-0.000082
-0.000025
0.000031
0.000074
0.000135
0.000180
0.000152
0.000089
0.000055
0.000028
-0.000027
-0.000077
-0.000071
-0.000014
0.000022
-0.000015
-0.000065
-0.000063
-0.000077
-0.000139
-0.000129
-0.000005
0.000108
0.000109
0.000025
-0.000046
-0.000048
-0.000032
-0.000034
-0.000039
-0.000033
0.000001
0.000042
0.000016
-0.000046
0.000012
0.000220
0.000373
0.000335
0.000245
0.000244
0.000247
0.000154
0.000037
-0.000027
-0.000071
-0.000154
-0.000283
-0.000407
-0.000448
-0.000392
-0.000297
-0.000224
-0.000190
-0.000174
-0.000154
-0.000115
-0.000058
-0.000023
-0.000045
-0.000082
-0.000048
0.000053
0.000144
0.000188
0.000195
0.000167
0.000129
0.000145
0.000215
0.000251
0.000211
0.000136
0.000056
-0.000025
-0.000074
-0.000062
-0.000023
0.000010
0.000064
0.000138
0.000150
0.000069
-0.000040
-0.000088
-0.000047
0.000017
0.000031
0.000000
-0.000021
-0.000021
-0.000029
-0.000040
-0.000012
0.000051
0.000084
0.000042
-0.000042
-0.000104
-0.000118
-0.000105
-0.000081
-0.000016
0.000064
