5120
0.000074
0.000071
0.000106
0.000095
0.000034
-0.000010
-0.000022
-0.000041
-0.000080
-0.000101
-0.000083
-0.000055
-0.000018
0.000060
0.000147
0.000161
0.000081
-0.000052
-0.000188
-0.000249
-0.000208
-0.000137
-0.000097
-0.000069
-0.000037
-0.000009
0.000010
0.000040
0.000101
0.000167
0.000181
0.000157
0.000133
0.000086
0.000023
0.000011
0.000049
0.000072
0.000058
0.000030
0.000009
0.000003
0.000013
0.000032
0.000032
0.000002
-0.000024
-0.000024
-0.000025
-0.000057
-0.000104
-0.000135
-0.000155
-0.000172
-0.000183
-0.000177
-0.000122
0.000002
0.000133
0.000184
0.000160
0.000133
0.000140
0.000126
0.000030
-0.000074
-0.000085
-0.000044
-0.000040
-0.000069
-0.000088
-0.000091
-0.000061
0.000025
0.000127
0.000161
0.000103
0.000006
-0.000080
-0.000126
-0.000102
-0.000038
-0.000010
0.000001
0.000098
0.000230
0.000159
-0.000160
-0.000442
-0.000468
-0.000321
-0.000173
-0.000084
-0.000042
-0.000030
0.000017
0.000147
0.000282
0.000338
0.000336
0.000320
0.000317
0.000348
0.000386
0.000369
0.000274
0.000127
-0.000006
-0.000072
-0.000079
-0.000069
-0.000086
-0.000136
-0.000161
-0.000124
-0.000092
-0.000124
-0.000184
-0.000226
-0.000255
-0.000268
-0.000243
-0.000195
-0.000147
-0.000054
0.000100
0.000216
0.000238
0.000255
0.000298
0.000265
0.000144
0.000042
-0.000014
-0.000089
-0.000213
-0.000339
-0.000395
-0.000370
-0.000316
-0.000282
-0.000244
-0.000127
0.000047
0.000164
0.000195
0.000191
0.000173
0.000150
0.000158
0.000185
0.000155
0.000069
0.000034
0.000093
0.000161
0.000160
0.000095
0.000014
-0.000041
-0.000076
-0.000107
-0.000109
-0.000062
-0.000010
-0.000008
-0.000031
-0.000021
0.000001
-0.000012
-0.000021
0.000010
0.000042
0.000052
0.000077
0.000082
-0.000014
-0.000167
-0.000232
-0.000164
-0.000078
-0.000063
-0.000054
0.000018
0.000090
0.000102
0.000115
0.000146
0.000116
0.000036
-0.000009
-0.000019
-0.000040
-0.000083
-0.000098
-0.000055
-0.000007
-0.000003
-0.000010
-0.000014
-0.000043
-0.000044
0.000034
0.000099
0.000074
0.000052
0.000095
0.000093
-0.000008
-0.000105
-0.000106
-0.000019
0.000085
0.000129
0.000102
0.000031
-0.000053
-0.000102
-0.000097
-0.000069
-0.000062
-0.000080
-0.000102
-0.000114
-0.000093
-0.000028
0.000064
0.000152
0.000206
0.000207
0.000160
0.000095
0.000037
-0.000010
-0.000041
-0.000071
-0.000089
-0.000059
0.000002
0.000043
0.000068
0.000098
0.000077
-0.000018
-0.000084
-0.000066
-0.000073
-0.000150
-0.000111
0.000151
0.000401
0.000415
0.000275
0.000127
-0.000015
-0.000122
-0.000140
-0.000130
-0.000178
-0.000230
-0.000216
-0.000196
-0.000240
-0.000304
-0.000310
-0.000232
-0.000117
-0.000047
-0.000063
-0.000125
-0.000155
-0.000111
-0.000016
0.000068
0.000102
0.000110
0.000138
0.000180
0.000212
0.000250
0.000307
0.000332
0.000257
0.000114
-0.000003
-0.000080
-0.000144
-0.000175
-0.000148
-0.000103
-0.000071
-0.000009
0.000106
0.000194
0.000206
0.000190
0.000172
0.000126
0.000083
0.000074
0.000039
-0.000038
-0.000049
0.000039
0.000086
-0.000001
-0.000125
-0.000145
-0.000084
-0.000068
-0.000107
-0.000114
-0.000089
-0.000103
-0.000141
-0.000129
-0.000046
0.000038
0.000042
-0.000044
-0.000136
-0.000148
-0.000081
0.000019
0.000096
0.000114
0.000086
0.000053
0.000039
0.000029
-0.000003
-0.000019
0.000046
0.000159
0.000216
0.000186
0.000121
0.000016
-0.000146
-0.000246
-0.000184
-0.000075
-0.000057
-0.000083
-0.000050
0.000024
0.000070
0.000096
0.000133
0.000137
0.000048
-0.000075
-0.000104
-0.000030
0.000032
0.000023
0.000019
0.000069
0.000092
0.000026
-0.000067
-0.000116
-0.000117
-0.000065
0.000033
0.000113
0.000124
0.000077
-0.000018
-0.000125
-0.000153
-0.000069
0.000040
0.000099
0.000099
0.000061
0.000015
-0.000022
-0.000039
-0.000010
0.000046
0.000051
-0.000024
-0.000105
-0.000110
-0.000050
-0.000022
-0.000072
-0.000121
-0.000076
0.000026
0.000087
0.000082
0.000033
-0.000035
-0.000063
0.000021
0.000142
0.000137
0.000005
-0.000094
-0.000076
-0.000007
0.000038
0.000062
0.000050
-0.000080
-0.000284
-0.000380
-0.000323
-0.000246
-0.000213
-0.000143
-0.000033
0.000029
0.000084
0.000246
0.000435
0.000480
0.000403
0.000348
0.000339
0.000321
0.000289
0.000237
0.000152
0.000078
0.000045
-0.000019
-0.000113
-0.000126
-0.000069
-0.000067
-0.000127
-0.000158
-0.000146
-0.000160
-0.000205
-0.000226
-0.000219
-0.000205
-0.000191
-0.000186
-0.000173
-0.000097
0.000036
0.000151
0.000210
0.000226
0.000178
0.000054
-0.000051
-0.000061
-0.000040
-0.000052
-0.000062
-0.000044
-0.000027
-0.000043
-0.000101
-0.000174
-0.000215
-0.000186
-0.000089
0.000009
0.000018
-0.000042
-0.000055
-0.000005
0.000048
0.000105
0.000183
0.000230
0.000214
0.000185
0.000168
0.000138
0.000097
0.000077
0.000070
0.000054
0.000043
0.000032
-0.000030
-0.000118
-0.000144
-0.000111
-0.000098
-0.000104
-0.000081
-0.000031
0.000016
0.000041
0.000044
0.000042
0.000029
0.000001
-0.000039
-0.000090
-0.000107
-0.000030
0.000090
0.000108
-0.000008
-0.000130
-0.000154
-0.000120
-0.000099
-0.000068
0.000003
0.000037
0.000002
-0.000011
0.000034
0.000059
0.000054
0.000090
0.000155
0.000161
0.000095
0.000045
0.000062
0.000069
-0.000009
-0.000101
-0.000111
-0.000070
-0.000041
-0.000007
0.000051
0.000074
0.000008
-0.000076
-0.000077
-0.000033
-0.000025
-0.000038
-0.000018
0.000036
0.000064
0.000030
-0.000017
-0.000034
-0.000030
-0.000015
0.000008
0.000037
0.000074
0.000087
0.000049
0.000014
0.000014
-0.000011
-0.000069
-0.000060
0.000029
0.000066
0.000003
-0.000062
-0.000071
-0.000068
-0.000061
-0.000014
0.000036
0.000027
-0.000038
-0.000102
-0.000080
0.000099
0.000354
0.000514
0.000501
0.000381
0.000236
0.000080
-0.000072
-0.000170
-0.000219
-0.000258
-0.000317
-0.000392
-0.000435
-0.000404
-0.000330
-0.000276
-0.000227
-0.000107
0.000044
0.000072
-0.000028
-0.000081
-0.000015
0.000034
-0.000021
-0.000060
0.000038
0.000203
0.000282
0.000243
0.000163
0.000122
0.000142
0.000171
0.000145
0.000058
-0.000026
-0.000058
-0.000065
-0.000084
-0.000089
-0.000041
0.000038
0.000062
0.000006
-0.000022
0.000018
0.000029
-0.000012
-0.000004
0.000080
0.000141
0.000140
0.000153
0.000220
0.000258
0.000179
0.000029
-0.000068
-0.000071
-0.000060
-0.000111
-0.000195
-0.000226
-0.000170
-0.000104
-0.000105
-0.000139
-0.000143
-0.000119
-0.000068
0.000031
0.000126
0.000140
0.000090
0.000039
-0.000010
-0.000055
-0.000036
0.000052
0.000121
0.000101
0.000010
-0.000057
-0.000026
0.000024
-0.000024
-0.000092
-0.000059
0.000021
0.000052
0.000035
0.000005
-0.000018
-0.000018
0.000007
0.000053
0.000097
0.000083
0.000007
-0.000055
-0.000056
-0.000022
0.000007
0.000013
0.000001
0.000002
0.000010
-0.000006
-0.000022
0.000008
0.000043
0.000023
-0.000031
-0.000062
-0.000060
-0.000067
-0.000107
-0.000126
-0.000044
0.000091
0.000146
0.000109
0.000085
0.000167
0.000381
0.000432
-0.000059
-0.000691
-0.000750
-0.000403
-0.000312
-0.000589
-0.000807
-0.001634
-0.004813
-0.007103
-0.000114
0.014048
0.018407
0.005591
-0.007846
-0.005898
0.002836
0.001547
-0.007496
-0.010069
-0.003769
0.002231
0.002775
0.000530
-0.000167
0.001499
0.002092
-0.000451
-0.002224
0.000527
0.004055
0.002757
-0.001068
-0.001105
0.001493
0.000093
-0.004851
-0.006130
-0.002629
-0.000396
-0.000924
0.000237
0.003333
0.003754
0.001005
-0.001594
-0.002941
-0.002205
0.001440
0.004094
0.002647
0.002109
0.006194
0.008512
0.004442
0.000480
0.001556
0.002276
-0.001118
-0.003925
-0.003620
-0.003781
-0.005384
-0.005678
-0.004455
-0.003568
-0.003248
-0.003175
-0.003513
-0.003172
-0.001221
0.000407
0.000124
0.000333
0.002830
0.004557
0.003507
0.002776
0.003808
0.003568
0.001553
0.001151
0.002747
0.003176
0.001909
0.001185
0.001255
0.000745
-0.000201
-0.000832
-0.001371
-0.001807
-0.001997
-0.002533
-0.002970
-0.002167
-0.001244
-0.001820
-0.002453
-0.001347
0.000028
-0.000080
-0.000478
0.000132
0.000660
0.000194
-0.000140
0.000457
0.001021
0.000749
0.000173
0.000125
0.000619
0.000774
0.000113
-0.000296
0.000538
0.001599
0.001562
0.001145
0.001544
0.001917
0.000875
-0.000605
-0.000632
0.000206
0.000052
-0.000742
-0.000680
-0.000208
-0.000601
-0.001439
-0.001500
-0.000756
-0.000245
-0.000635
-0.001289
-0.001076
-0.000188
0.000057
-0.000483
-0.000524
0.000183
0.000485
0.000265
0.000616
0.001468
0.001626
0.000962
0.000473
0.000578
0.000763
0.000561
0.000119
-0.000083
0.000045
0.000037
-0.000358
-0.000781
-0.001016
-0.001428
-0.002047
-0.002040
-0.001046
-0.000120
-0.000110
-0.000269
0.000177
0.000553
0.000153
-0.000436
-0.000521
-0.000305
-0.000041
0.000107
0.000133
0.000711
0.001421
0.001048
0.000498
0.000927
0.001267
0.000782
0.000454
0.000810
0.001402
0.001766
0.001621
0.001401
0.001464
0.001117
0.000229
-0.000284
-0.000216
-0.000328
-0.000952
-0.001506
-0.001453
-0.001095
-0.000935
-0.000855
-0.000667
-0.000525
-0.000613
-0.000949
-0.001147
-0.000981
-0.000935
-0.001224
-0.001391
-0.001250
-0.001068
-0.001024
-0.000985
-0.000714
-0.000350
-0.000137
0.000190
0.000901
0.001785
0.002604
0.003293
0.003779
0.003936
0.003542
0.002483
0.001032
-0.000385
-0.001521
-0.002371
-0.002957
-0.003137
-0.002890
-0.002482
-0.002155
-0.001917
-0.001602
-0.001132
-0.000743
-0.000651
-0.000590
-0.000132
0.000728
0.001651
0.002379
0.002621
0.001447
-0.001679
-0.004627
-0.004161
-0.000790
0.001727
0.002297
0.003137
0.004267
0.003280
0.000860
0.000099
0.000591
-0.000289
-0.001668
-0.000825
0.001962
0.004961
0.008007
0.010581
0.010598
0.007518
0.003355
-0.000497
-0.004354
-0.008139
-0.010889
-0.012004
-0.011383
-0.009006
-0.005287
-0.001272
0.001955
0.003797
0.004076
0.003023
0.001300
-0.000793
-0.003853
-0.008054
-0.011902
-0.013155
-0.010860
-0.006231
-0.001290
0.002868
0.005891
0.007479
0.008109
0.009018
0.010308
0.010712
0.009967
0.009347
0.009475
0.009675
0.009278
0.007973
0.005764
0.003185
0.000662
-0.001811
-0.003909
-0.005345
-0.006685
-0.008172
-0.008898
-0.008423
-0.007455
-0.006482
-0.005649
-0.005547
-0.006257
-0.006624
-0.005895
-0.004683
-0.003720
-0.003045
-0.002243
-0.000694
0.001635
0.003793
0.005084
0.005925
0.006671
0.006792
0.006160
0.005602
0.005427
0.004941
0.003770
0.002403
0.001426
0.000594
-0.002046
-0.008432
-0.015515
-0.016562
-0.011226
-0.006783
-0.005361
-0.001073
0.006235
0.009136
0.007847
0.010191
0.014866
0.013131
0.006181
0.002877
0.003841
0.003614
0.002655
0.004215
0.006144
0.005307
0.003319
0.002323
0.001430
-0.000454
-0.003531
-0.008107
-0.012817
-0.014704
-0.013516
-0.012056
-0.011136
-0.008916
-0.005833
-0.004542
-0.004462
-0.002529
0.000314
0.000182
-0.002360
-0.003094
-0.001545
-0.000381
0.000698
0.003383
0.005825
0.005648
0.004756
0.006366
0.010069
0.012828
0.013068
0.012101
0.011784
0.011678
0.010197
0.007931
0.006457
0.004713
0.000879
-0.003510
-0.005677
-0.006130
-0.007380
-0.009805
-0.011603
-0.011809
-0.011349
-0.011061
-0.010299
-0.008567
-0.007068
-0.006761
-0.006372
-0.004504
-0.002072
-0.000617
0.000150
0.001388
0.003119
0.004464
0.005099
0.005615
0.006404
0.006895
0.006647
0.006392
0.006783
0.007145
0.006790
0.006210
0.005815
0.005014
0.003435
0.001672
0.000262
-0.001504
-0.005851
-0.013865
-0.021169
-0.021354
-0.015967
-0.012522
-0.011017
-0.004798
0.004504
0.008768
0.009555
0.014494
0.020250
0.017945
0.010543
0.007092
0.006961
0.004808
0.002200
0.002566
0.003659
0.002979
0.002378
0.003090
0.003439
0.002491
0.000182
-0.004259
-0.009673
-0.012784
-0.013451
-0.014679
-0.016236
-0.014934
-0.011408
-0.009177
-0.007507
-0.003176
0.001938
0.003282
0.001760
0.001538
0.002404
0.001677
0.000407
0.001049
0.002529
0.003043
0.003534
0.004449
0.004652
0.005545
0.009045
0.012240
0.012113
0.011563
0.012854
0.012493
0.009249
0.007118
0.006287
0.002940
-0.001802
-0.004399
-0.006133
-0.008618
-0.010012
-0.010486
-0.011832
-0.012325
-0.010769
-0.009830
-0.009660
-0.007512
-0.004983
-0.004881
-0.004536
-0.001857
-0.000131
-0.000370
0.000633
0.002684
0.003241
0.003424
0.004612
0.005111
0.004761
0.005282
0.005819
0.005244
0.005264
0.006223
0.005987
0.004977
0.005062
0.004907
0.003087
0.001512
0.000862
-0.001820
-0.008211
-0.015401
-0.018637
-0.016727
-0.013835
-0.012919
-0.010119
-0.002471
0.004629
0.007311
0.011109
0.018395
0.021199
0.016354
0.011817
0.011101
0.008708
0.003693
0.000964
0.000331
-0.001576
-0.003194
-0.002126
-0.000341
0.000608
0.001427
0.000814
-0.002448
-0.005571
-0.006739
-0.008629
-0.012247
-0.014417
-0.014139
-0.013882
-0.013583
-0.010537
-0.005227
-0.001095
0.000984
0.003065
0.005703
0.007136
0.006705
0.005895
0.005391
0.004042
0.001928
0.001138
0.002062
0.002499
0.001773
0.002141
0.004629
0.007198
0.008589
0.010064
0.011923
0.012255
0.010405
0.008083
0.006237
0.003840
0.000197
-0.003864
-0.007152
-0.009259
-0.010709
-0.011962
-0.012380
-0.011371
-0.009893
-0.008886
-0.007506
-0.005082
-0.002907
-0.002082
-0.001749
-0.001014
-0.000362
-0.000159
0.000161
0.000884
0.001620
0.002120
0.002504
0.003024
0.003878
0.004788
0.005202
0.005195
0.005334
0.005630
0.005648
0.005421
0.005175
0.004540
0.003196
0.001715
0.000282
-0.002833
-0.008823
-0.014521
-0.015551
-0.013436
-0.013003
-0.013020
-0.008451
-0.001126
0.003118
0.005923
0.012328
0.018904
0.019203
0.015728
0.014204
0.013080
0.008974
0.004262
0.001478
-0.001276
-0.004671
-0.006136
-0.005356
-0.004430
-0.003322
-0.001514
-0.001007
-0.002455
-0.003174
-0.002662
-0.004010
-0.007614
-0.010186
-0.010963
-0.012128
-0.013150
-0.011460
-0.007937
-0.005430
-0.003512
-0.000131
0.003908
0.006710
0.008573
0.010048
0.010049
0.008373
0.006729
0.005729
0.004307
0.002478
0.001029
-0.000469
-0.001744
-0.000744
0.002359
0.004610
0.005738
0.007973
0.010213
0.009901
0.008670
0.008460
0.006767
0.002209
-0.002196
-0.005189
-0.008468
-0.011437
-0.012687
-0.013521
-0.014130
-0.012450
-0.009303
-0.007008
-0.004453
-0.000790
0.001312
0.001325
0.002059
0.003283
0.002675
0.001372
0.001049
0.000295
-0.001110
-0.001068
0.000017
0.000376
0.001042
0.002955
0.004405
0.005106
0.006731
0.008426
0.008205
0.007109
0.006513
0.005201
0.002526
-0.000962
-0.006196
-0.012521
-0.015608
-0.014597
-0.014162
-0.014789
-0.011330
-0.004214
0.000556
0.003542
0.010078
0.017753
0.019799
0.017465
0.016276
0.015508
0.011841
0.006841
0.003100
-0.000476
-0.004790
-0.007964
-0.008864
-0.008435
-0.007182
-0.005151
-0.003538
-0.003036
-0.002225
-0.000423
0.000179
-0.001821
-0.004221
-0.005305
-0.006947
-0.009972
-0.011264
-0.009549
-0.008148
-0.008282
-0.006641
-0.002265
0.001709
0.004295
0.007240
0.009997
0.010728
0.010288
0.010045
0.009108
0.007078
0.005044
0.002477
-0.001343
-0.003722
-0.002678
-0.001253
-0.001537
-0.000344
0.003688
0.006661
0.007216
0.008563
0.010618
0.009801
0.006440
0.003428
0.000448
-0.003555
-0.007387
-0.010723
-0.013995
-0.015525
-0.014572
-0.013326
-0.011918
-0.008168
-0.003515
-0.001026
0.000840
0.004341
0.006998
0.006754
0.005827
0.005327
0.003639
0.001150
-0.000478
-0.001745
-0.002976
-0.002853
-0.001669
-0.000732
0.000904
0.003896
0.006153
0.006873
0.007874
0.008993
0.008254
0.005851
0.002303
-0.003318
-0.009214
-0.011890
-0.012837
-0.015310
-0.016425
-0.012635
-0.007715
-0.004987
-0.000051
0.009247
0.016461
0.017947
0.018522
0.020601
0.020135
0.015909
0.011456
0.007532
0.002002
-0.004394
-0.009028
-0.011622
-0.013141
-0.013446
-0.012553
-0.011180
-0.009035
-0.005441
-0.001596
0.000592
0.001416
0.002238
0.002337
0.000291
-0.002431
-0.003510
-0.004237
-0.006840
-0.009314
-0.008656
-0.006378
-0.005033
-0.003232
0.000587
0.004302
0.006350
0.008479
0.011342
0.012929
0.012626
0.011456
0.008967
0.004980
0.001885
0.000686
-0.001015
-0.003681
-0.004423
-0.002932
-0.001900
-0.001125
0.001500
0.004517
0.005384
0.005255
0.005661
0.005154
0.002946
0.000302
-0.002696
-0.006382
-0.009284
-0.010844
-0.012323
-0.013109
-0.011673
-0.009416
-0.007853
-0.005239
-0.000837
0.002677
0.004310
0.005990
0.007698
0.007699
0.006559
0.005531
0.003929
0.001599
-0.000143
-0.001247
-0.002321
-0.002483
-0.001391
-0.000447
0.000230
0.001990
0.004268
0.005244
0.004679
0.002800
-0.000334
-0.003006
-0.004083
-0.005706
-0.008593
-0.009395
-0.007461
-0.006532
-0.006254
-0.002116
0.004574
0.008147
0.009265
0.012419
0.016104
0.016315
0.014551
0.013508
0.011370
0.006567
0.001405
-0.002438
-0.005879
-0.009109
-0.011390
-0.013072
-0.014198
-0.013565
-0.011217
-0.008819
-0.006746
-0.004050
-0.001236
0.000190
0.000600
0.001662
0.003041
0.002673
0.000559
-0.000940
-0.001174
-0.001902
-0.003252
-0.003353
-0.002308
-0.001895
-0.001596
0.000457
0.003515
0.005540
0.006717
0.007893
0.008314
0.007876
0.007878
0.007908
0.006453
0.004443
0.003434
0.002301
0.000230
-0.000857
-0.000468
-0.000866
-0.002134
-0.002066
-0.001142
-0.001361
-0.002021
-0.001970
-0.002369
-0.003631
-0.004352
-0.004615
-0.005430
-0.006036
-0.005836
-0.005901
-0.006055
-0.004844
-0.002972
-0.001971
-0.000956
0.000993
0.002415
0.002668
0.003216
0.004152
0.004145
0.003609
0.003626
0.003541
0.002799
0.002279
0.002159
0.001748
0.001390
0.001545
0.001432
0.000531
-0.000971
-0.003252
-0.005586
-0.006237
-0.005852
-0.006645
-0.007426
-0.005635
-0.003102
-0.002379
-0.000784
0.004072
0.008405
0.009256
0.009968
0.012637
0.013848
0.012134
0.010534
0.009690
0.007025
0.002761
-0.000558
-0.002884
-0.005514
-0.007948
-0.009523
-0.010767
-0.011396
-0.010499
-0.008866
-0.007751
-0.006435
-0.004127
-0.002187
-0.001606
-0.000927
0.000774
0.001775
0.000948
-0.000021
0.000161
0.000150
-0.000969
-0.001697
-0.001137
-0.000645
-0.000867
-0.000402
0.001340
0.003032
0.003934
0.004722
0.005631
0.006208
0.006520
0.006724
0.006469
0.005820
0.005208
0.004311
0.002884
0.001821
0.001450
0.000642
-0.000828
-0.001656
-0.001699
-0.002253
-0.003309
-0.003691
-0.003609
-0.004072
-0.004708
-0.004725
-0.004546
-0.004688
-0.004772
-0.004539
-0.004125
-0.003439
-0.002573
-0.001921
-0.001240
-0.000086
0.000973
0.001272
0.001417
0.002040
0.002504
0.002326
0.002217
0.002591
0.002835
0.002687
0.002654
0.002864
0.002926
0.002762
0.002509
0.001840
0.000103
-0.002537
-0.004616
-0.005220
-0.005550
-0.006628
-0.006906
-0.005164
-0.003391
-0.002887
-0.001051
0.003439
0.007067
0.007807
0.008849
0.011707
0.013034
0.011586
0.010334
0.009798
0.007309
0.003132
0.000012
-0.002109
-0.004883
-0.007652
-0.009347
-0.010707
-0.011754
-0.011271
-0.009806
-0.008779
-0.007453
-0.004948
-0.002820
-0.001964
-0.000559
0.001933
0.003105
0.002231
0.001679
0.002191
0.001782
0.000184
-0.000568
-0.000273
-0.000664
-0.001633
-0.001479
-0.000210
0.000825
0.001507
0.002528
0.003713
0.004667
0.005673
0.006743
0.007285
0.007264
0.007105
0.006565
0.005371
0.004235
0.003488
0.002176
0.000071
-0.001569
-0.002430
-0.003647
-0.005232
-0.005987
-0.006042
-0.006409
-0.006750
-0.006318
-0.005642
-0.005218
-0.004542
-0.003508
-0.002621
-0.001763
-0.000652
0.000224
0.000638
0.001145
0.001697
0.001642
0.001304
0.001381
0.001396
0.000911
0.000799
0.001518
0.002134
0.002246
0.002568
0.003145
0.003327
0.003244
0.003079
0.001892
-0.000610
-0.002726
-0.003435
-0.004244
-0.006070
-0.007055
-0.006040
-0.004926
-0.004780
-0.003277
0.000791
0.004551
0.006062
0.007635
0.010688
0.012615
0.012015
0.011264
0.011279
0.009673
0.005906
0.002486
0.000186
-0.002594
-0.005890
-0.008322
-0.010018
-0.011569
-0.012182
-0.011560
-0.010694
-0.009538
-0.007378
-0.005135
-0.003734
-0.001907
0.000978
0.002906
0.002931
0.003027
0.003974
0.003875
0.002359
0.001492
0.001569
0.000723
-0.000995
-0.001590
-0.000918
-0.000551
-0.000572
0.000104
0.001280
0.002208
0.003311
0.004918
0.006154
0.006693
0.007297
0.007822
0.007391
0.006411
0.005599
0.004230
0.001966
0.000134
-0.000980
-0.002788
-0.005097
-0.006286
-0.006772
-0.007897
-0.008761
-0.008206
-0.007303
-0.006824
-0.005759
-0.003977
-0.002560
-0.001344
0.000339
0.001731
0.002284
0.002850
0.003481
0.003225
0.002517
0.002304
0.001861
0.000652
-0.000087
0.000111
0.000097
-0.000139
0.000458
0.001397
0.001652
0.001802
0.002089
0.001220
-0.000529
-0.001141
-0.001077
-0.002488
-0.004306
-0.004014
-0.002879
-0.003285
-0.003453
-0.000900
0.002273
0.003353
0.004144
0.006801
0.009211
0.009289
0.008913
0.009608
0.009402
0.007045
0.004424
0.002667
0.000467
-0.002612
-0.005308
-0.007327
-0.009272
-0.010678
-0.010977
-0.010770
-0.010273
-0.008898
-0.007130
-0.005880
-0.004374
-0.001725
0.000758
0.001771
0.002442
0.003818
0.004598
0.003924
0.003298
0.003496
0.003023
0.001374
0.000202
0.000152
0.000004
-0.000584
-0.000595
0.000175
0.001010
0.001770
0.002677
0.003634
0.004720
0.005913
0.006463
0.006217
0.006200
0.006422
0.005532
0.003629
0.002221
0.001114
-0.001038
-0.003602
-0.005067
-0.005982
-0.007480
-0.008785
-0.008898
-0.008475
-0.008177
-0.007473
-0.006043
-0.004305
-0.002481
-0.000650
0.000916
0.002272
0.003544
0.004238
0.004133
0.003995
0.004078
0.003537
0.002335
0.001554
0.001295
0.000711
0.000014
0.000031
0.000405
0.000361
0.000024
-0.000543
-0.001624
-0.002455
-0.002254
-0.002210
-0.003275
-0.003764
-0.002570
-0.001656
-0.001878
-0.000758
0.002350
0.004358
0.004450
0.005644
0.008390
0.009494
0.008511
0.008236
0.008684
0.007281
0.004377
0.002431
0.001139
-0.001320
-0.004252
-0.006035
-0.007197
-0.008589
-0.009481
-0.009509
-0.009354
-0.008897
-0.007689
-0.006404
-0.005334
-0.003538
-0.001202
0.000142
0.000664
0.001878
0.003282
0.003291
0.002589
0.002710
0.002908
0.001938
0.000814
0.000730
0.000773
0.000215
0.000119
0.000906
0.001532
0.001858
0.002690
0.003796
0.004606
0.005458
0.006297
0.006397
0.006098
0.006050
0.005437
0.003755
0.002281
0.001399
-0.000311
-0.002833
-0.004520
-0.005490
-0.007049
-0.008559
-0.008767
-0.008417
-0.008405
-0.007938
-0.006531
-0.004956
-0.003429
-0.001549
0.000328
0.001798
0.003185
0.004341
0.004671
0.004590
0.004692
0.004365
0.003280
0.002428
0.002129
0.001456
0.000414
-0.000041
-0.000096
-0.000693
-0.001838
-0.002903
-0.003474
-0.003460
-0.003419
-0.003859
-0.003819
-0.002375
-0.000915
-0.000608
0.000441
0.003437
0.005767
0.005883
0.006450
0.008685
0.009666
0.008414
0.007711
0.007955
0.006455
0.003351
0.001302
0.000141
-0.002088
-0.004777
-0.006390
-0.007540
-0.008880
-0.009504
-0.009301
-0.009112
-0.008505
-0.006930
-0.005519
-0.004711
-0.003084
-0.000671
0.000629
0.000887
0.001840
0.003058
0.002942
0.002249
0.002483
0.002784
0.001916
0.000871
0.000775
0.000885
0.000557
0.000558
0.001248
0.001945
0.002465
0.003245
0.004219
0.005050
0.005768
0.006310
0.006376
0.006067
0.005608
0.004707
0.003217
0.001645
0.000169
-0.001675
-0.003796
-0.005455
-0.006622
-0.007858
-0.008940
-0.009198
-0.008800
-0.008249
-0.007320
-0.005731
-0.003943
-0.002350
-0.000708
0.001054
0.002512
0.003538
0.004391
0.004996
0.005023
0.004546
0.003904
0.003239
0.002620
0.002069
0.001397
0.000591
-0.000126
-0.001022
-0.002528
-0.003942
-0.004197
-0.003868
-0.004134
-0.004227
-0.002862
-0.001131
-0.000490
0.000412
0.003078
0.005758
0.006577
0.007045
0.008686
0.009787
0.008961
0.007865
0.007519
0.006287
0.003551
0.001038
-0.000617
-0.002583
-0.004948
-0.006671
-0.007812
-0.008885
-0.009390
-0.009054
-0.008503
-0.007754
-0.006365
-0.004917
-0.003950
-0.002653
-0.000753
0.000483
0.000749
0.001365
0.002382
0.002345
0.001412
0.001243
0.001777
0.001493
0.000467
0.000117
0.000629
0.001066
0.001225
0.001628
0.002464
0.003466
0.004284
0.004831
0.005489
0.006431
0.006907
0.006385
0.005727
0.005582
0.004922
0.003022
0.001018
-0.000305
-0.001951
-0.004373
-0.006324
-0.007228
-0.008095
-0.009288
-0.009826
-0.009287
-0.008319
-0.007252
-0.005802
-0.003923
-0.001910
-0.000030
0.001593
0.003092
0.004559
0.005517
0.005534
0.005133
0.004939
0.004547
0.003486
0.002356
0.001731
0.001061
-0.000276
-0.001963
-0.003375
-0.004189
-0.004415
-0.004498
-0.004589
-0.003916
-0.002274
-0.000937
-0.000195
0.001621
0.004643
0.006509
0.006759
0.007672
0.009377
0.009442
0.007909
0.007133
0.006832
0.004842
0.001768
-0.000217
-0.001506
-0.003653
-0.006031
-0.007378
-0.008137
-0.008892
-0.009147
-0.008717
-0.007910
-0.006648
-0.005153
-0.004078
-0.003036
-0.001223
0.000525
0.001074
0.001345
0.002321
0.002819
0.002061
0.001483
0.001791
0.001615
0.000558
0.000058
0.000529
0.000882
0.000863
0.001136
0.001768
0.002535
0.003445
0.004181
0.004614
0.005373
0.006322
0.006289
0.005515
0.005427
0.005487
0.003995
0.001670
0.000308
-0.000861
-0.003281
-0.005789
-0.006957
-0.007713
-0.008875
-0.009446
-0.008895
-0.007980
-0.006956
-0.005526
-0.003915
-0.002323
-0.000594
0.000987
0.002153
0.003403
0.004723
0.005117
0.004617
0.004403
0.004405
0.003614
0.002421
0.001810
0.001186
-0.000433
-0.002419
-0.003615
-0.004046
-0.004335
-0.004539
-0.004176
-0.002973
-0.001444
-0.000259
0.001087
0.003504
0.006156
0.007446
0.007881
0.008922
0.009779
0.008950
0.007410
0.006586
0.005414
0.002729
-0.000210
-0.002147
-0.003843
-0.005945
-0.007728
-0.008749
-0.009310
-0.009421
-0.008992
-0.008196
-0.006904
-0.005073
-0.003447
-0.002356
-0.000974
0.000808
0.001800
0.001856
0.002199
0.002824
0.002546
0.001622
0.001327
0.001441
0.000909
0.000071
-0.000055
0.000389
0.000672
0.000885
0.001572
0.002639
0.003518
0.004150
0.004984
0.005966
0.006439
0.006214
0.005750
0.005204
0.004289
0.002893
0.001199
-0.000570
-0.002302
-0.004087
-0.005897
-0.007284
-0.007977
-0.008373
-0.008696
-0.008425
-0.007311
-0.005937
-0.004622
-0.002991
-0.001094
0.000438
0.001599
0.002902
0.004119
0.004626
0.004580
0.004464
0.004165
0.003460
0.002554
0.001469
-0.000059
-0.001726
-0.002853
-0.003444
-0.003882
-0.003981
-0.003387
-0.002363
-0.001265
0.000143
0.002115
0.004247
0.005962
0.007240
0.008351
0.009148
0.009195
0.008478
0.007327
0.005762
0.003629
0.001207
-0.001062
-0.003182
-0.005287
-0.007151
-0.008484
-0.009280
-0.009585
-0.009379
-0.008694
-0.007567
-0.006040
-0.004307
-0.002670
-0.001249
0.000018
0.001081
0.001855
0.002458
0.002879
0.002845
0.002421
0.002032
0.001734
0.001254
0.000677
0.000357
0.000378
0.000668
0.001236
0.001950
0.002668
0.003540
0.004567
0.005368
0.005890
0.006388
0.006577
0.006017
0.005048
0.004067
0.002662
0.000604
-0.001479
-0.003238
-0.005035
-0.006850
-0.008134
-0.008769
-0.009046
-0.008955
-0.008332
-0.007215
-0.005678
-0.003882
-0.002119
-0.000450
0.001230
0.002683
0.003599
0.004228
0.004835
0.005031
0.004517
0.003702
0.002818
0.001445
-0.000387
-0.001827
-0.002531
-0.003069
-0.003596
-0.003485
-0.002565
-0.001420
-0.000270
0.001284
0.003277
0.005140
0.006555
0.007719
0.008633
0.008889
0.008357
0.007395
0.006176
0.004452
0.002153
-0.000324
-0.002610
-0.004677
-0.006566
-0.008156
-0.009251
-0.009729
-0.009652
-0.009152
-0.008172
-0.006609
-0.004770
-0.003088
-0.001493
0.000221
0.001746
0.002715
0.003271
0.003581
0.003483
0.002997
0.002404
0.001764
0.001018
0.000310
-0.000174
-0.000315
-0.000044
0.000505
0.001163
0.002062
0.003244
0.004334
0.005176
0.005995
0.006620
0.006603
0.006031
0.005199
0.003952
0.002204
0.000303
-0.001586
-0.003595
-0.005568
-0.007163
-0.008324
-0.009039
-0.009143
-0.008708
-0.007968
-0.006831
-0.005189
-0.003371
-0.001615
0.000201
0.001926
0.003213
0.004177
0.004999
0.005344
0.005019
0.004374
0.003516
0.002130
0.000312
-0.001375
-0.002582
-0.003257
-0.003465
-0.003327
-0.002683
-0.001253
0.000571
0.002192
0.003939
0.006203
0.008115
0.008817
0.008935
0.009117
0.008645
0.006998
0.004940
0.002930
0.000419
-0.002658
-0.005448
-0.007441
-0.008870
-0.009945
-0.010624
-0.010825
-0.010344
-0.009107
-0.007454
-0.005597
-0.003424
-0.001228
0.000495
0.002003
0.003691
0.004962
0.005158
0.004784
0.004470
0.003826
0.002494
0.001190
0.000593
0.000288
-0.000234
-0.000504
0.000061
0.001063
0.001861
0.002671
0.003916
0.005165
0.005754
0.005826
0.005799
0.005469
0.004373
0.002589
0.000655
-0.001123
-0.002918
-0.004854
-0.006562
-0.007632
-0.008224
-0.008629
-0.008578
-0.007732
-0.006436
-0.005154
-0.003665
-0.001644
0.000482
0.002073
0.003202
0.004254
0.005086
0.005328
0.005057
0.004574
0.003916
0.002967
0.001737
0.000406
-0.000818
-0.001871
-0.002761
-0.003339
-0.003370
-0.002833
-0.001938
-0.000857
0.000404
0.001872
0.003422
0.004799
0.005802
0.006405
0.006594
0.006266
0.005476
0.004459
0.003186
0.001437
-0.000616
-0.002543
-0.004222
-0.005691
-0.006798
-0.007409
-0.007573
-0.007348
-0.006741
-0.005768
-0.004492
-0.003064
-0.001655
-0.000324
0.000885
0.001834
0.002451
0.002815
0.002904
0.002582
0.002055
0.001779
0.001700
0.001387
0.001005
0.001098
0.001525
0.001779
0.001991
0.002508
0.003063
0.003316
0.003436
0.003544
0.003420
0.002953
0.002226
0.001309
0.000306
-0.000721
-0.001854
-0.003010
-0.003901
-0.004540
-0.005186
-0.005724
-0.005776
-0.005402
-0.004941
-0.004346
-0.003439
-0.002430
-0.001501
-0.000467
0.000714
0.001747
0.002446
0.002879
0.003172
0.003360
0.003306
0.002811
0.001981
0.001196
0.000592
0.000014
-0.000470
-0.000586
-0.000356
-0.000045
0.000354
0.001086
0.002123
0.003071
0.003664
0.004046
0.004356
0.004386
0.003970
0.003280
0.002441
0.001312
-0.000139
-0.001645
-0.002990
-0.004202
-0.005329
-0.006236
-0.006696
-0.006636
-0.006223
-0.005579
-0.004605
-0.003283
-0.001911
-0.000748
0.000320
0.001410
0.002295
0.002763
0.002958
0.003011
0.002797
0.002321
0.001891
0.001677
0.001535
0.001375
0.001373
0.001631
0.001967
0.002258
0.002604
0.002999
0.003212
0.003095
0.002735
0.002255
0.001600
0.000659
-0.000471
-0.001555
-0.002509
-0.003414
-0.004266
-0.004898
-0.005217
-0.005299
-0.005188
-0.004822
-0.004192
-0.003392
-0.002493
-0.001497
-0.000450
0.000513
0.001315
0.002025
0.002674
0.003151
0.003371
0.003346
0.003103
0.002663
0.002077
0.001399
0.000671
-0.000008
-0.000508
-0.000781
-0.000855
-0.000727
-0.000369
0.000189
0.000864
0.001579
0.002263
0.002850
0.003292
0.003543
0.003509
0.003131
0.002468
0.001618
0.000567
-0.000698
-0.001985
-0.003084
-0.004009
-0.004790
-0.005310
-0.005514
-0.005423
-0.005011
-0.004285
-0.003331
-0.002220
-0.001047
0.000025
0.000903
0.001658
0.002292
0.002671
0.002841
0.002984
0.003044
0.002850
0.002527
0.002277
0.001987
0.001549
0.001199
0.001073
0.000972
0.000811
0.000723
0.000682
0.000543
0.000321
0.000129
0.000010
-0.000095
-0.000302
-0.000657
-0.001048
-0.001366
-0.001675
-0.002051
-0.002361
-0.002473
-0.002537
-0.002679
-0.002710
-0.002490
-0.002151
-0.001755
-0.001191
-0.000467
0.000241
0.000800
0.001227
0.001657
0.002112
0.002416
0.002469
0.002387
0.002210
0.001815
0.001253
0.000759
0.000385
0.000033
-0.000235
-0.000335
-0.000352
-0.000288
0.000040
0.000654
0.001271
0.001637
0.001766
0.001802
0.001784
0.001588
0.001101
0.000424
-0.000261
-0.000922
-0.001588
-0.002203
-0.002715
-0.003123
-0.003375
-0.003386
-0.003150
-0.002747
-0.002250
-0.001683
-0.001069
-0.000407
0.000297
0.000928
0.001405
0.001787
0.002072
0.002165
0.002103
0.001999
0.001832
0.001542
0.001197
0.000876
0.000552
0.000244
0.000079
0.000093
0.000183
0.000285
0.000407
0.000523
0.000585
0.000565
0.000452
0.000242
-0.000048
-0.000380
-0.000745
-0.001132
-0.001487
-0.001795
-0.002083
-0.002293
-0.002330
-0.002223
-0.002046
-0.001768
-0.001338
-0.000817
-0.000298
0.000199
0.000667
0.001066
0.001379
0.001617
0.001779
0.001879
0.001930
0.001886
0.001702
0.001425
0.001153
0.000938
0.000761
0.000611
0.000494
0.000408
0.000377
0.000420
0.000483
0.000498
0.000466
0.000393
0.000234
-0.000047
-0.000427
-0.000807
-0.001081
-0.001308
-0.001644
-0.002050
-0.002310
-0.002368
-0.002327
-0.002192
-0.001874
-0.001407
-0.000923
-0.000449
0.000070
0.000585
0.000995
0.001284
0.001501
0.001682
0.001806
0.001818
0.001714
0.001550
0.001342
0.001073
0.000788
0.000547
0.000353
0.000205
0.000109
0.000005
-0.000156
-0.000293
-0.000326
-0.000343
-0.000464
-0.000627
-0.000715
-0.000754
-0.000823
-0.000930
-0.001066
-0.001206
-0.001285
-0.001265
-0.001175
-0.001023
-0.000795
-0.000528
-0.000298
-0.000110
0.000079
0.000302
0.000595
0.000940
0.001233
0.001388
0.001406
0.001359
0.001303
0.001214
0.001066
0.000907
0.000766
0.000596
0.000389
0.000228
0.000164
0.000081
-0.000180
-0.000543
-0.000761
-0.000786
-0.000756
-0.000715
-0.000634
-0.000551
-0.000468
-0.000339
-0.000217
-0.000188
-0.000230
-0.000272
-0.000274
-0.000231
-0.000188
-0.000178
-0.000166
-0.000090
0.000017
0.000058
0.000042
0.000084
0.000212
0.000342
0.000415
0.000449
0.000482
0.000522
0.000522
0.000442
0.000355
0.000329
0.000310
0.000232
0.000132
0.000062
0.000003
-0.000084
-0.000187
-0.000287
-0.000379
-0.000437
-0.000467
-0.000511
-0.000584
-0.000676
-0.000762
-0.000784
-0.000724
-0.000643
-0.000564
-0.000429
-0.000242
-0.000091
0.000013
0.000144
0.000306
0.000402
0.000398
0.000378
0.000430
0.000519
0.000583
0.000641
0.000700
0.000687
0.000564
0.000393
0.000263
0.000195
0.000129
0.000016
-0.000103
-0.000143
-0.000087
-0.000035
-0.000072
-0.000127
-0.000104
-0.000052
-0.000035
-0.000001
0.000071
0.000082
-0.000014
-0.000140
-0.000240
-0.000313
-0.000351
-0.000321
-0.000205
-0.000081
-0.000082
-0.000179
-0.000218
-0.000165
-0.000086
0.000015
0.000120
0.000172
0.000180
0.000181
0.000171
0.000163
0.000166
0.000138
0.000072
0.000010
-0.000034
-0.000058
-0.000050
-0.000032
-0.000017
0.000028
0.000095
0.000123
0.000113
0.000127
0.000148
0.000106
0.000008
-0.000070
-0.000105
-0.000161
-0.000255
-0.000304
-0.000295
-0.000299
-0.000335
-0.000360
-0.000341
-0.000265
-0.000150
-0.000050
0.000001
0.000030
0.000067
0.000107
0.000160
0.000226
0.000242
0.000176
0.000117
0.000129
0.000139
0.000058
-0.000061
-0.000105
-0.000062
0.000024
0.000136
0.000240
0.000293
0.000285
0.000247
0.000234
0.000252
0.000227
0.000124
0.000057
0.000147
0.000304
0.000373
0.000358
0.000301
0.000143
-0.000109
-0.000320
-0.000424
-0.000491
-0.000598
-0.000742
-0.000803
-0.000692
-0.000503
-0.000359
-0.000250
-0.000132
-0.000000
0.000124
0.000213
0.000281
0.000370
0.000429
0.000371
0.000245
0.000188
0.000245
0.000323
0.000318
0.000232
0.000147
0.000113
0.000084
0.000005
-0.000085
-0.000134
-0.000168
-0.000201
-0.000196
-0.000149
-0.000102
-0.000082
-0.000075
-0.000070
-0.000101
-0.000174
-0.000239
-0.000253
-0.000225
-0.000176
-0.000110
-0.000034
0.000053
0.000147
0.000212
0.000235
0.000279
0.000383
0.000452
0.000396
0.000269
0.000166
0.000097
0.000020
-0.000063
-0.000121
-0.000139
-0.000141
-0.000176
-0.000234
-0.000260
-0.000264
-0.000296
-0.000337
-0.000341
-0.000312
-0.000270
-0.000229
-0.000177
-0.000078
0.000056
0.000183
0.000270
0.000295
0.000306
0.000383
0.000487
0.000466
0.000304
0.000194
0.000234
0.000258
0.000125
-0.000079
-0.000218
-0.000268
-0.000254
-0.000192
-0.000095
0.000002
0.000048
0.000034
0.000020
0.000032
0.000010
-0.000036
-0.000027
0.000020
0.000028
0.000005
-0.000025
-0.000075
-0.000116
-0.000092
-0.000020
0.000021
0.000006
-0.000028
-0.000057
-0.000081
-0.000094
-0.000085
-0.000053
-0.000019
0.000001
0.000007
0.000004
-0.000011
-0.000021
-0.000018
-0.000025
-0.000060
-0.000065
0.000015
0.000110
0.000117
0.000040
-0.000034
-0.000052
-0.000025
0.000010
0.000008
-0.000043
-0.000072
-0.000020
0.000031
-0.000016
-0.000086
-0.000074
-0.000019
0.000011
0.000018
0.000015
0.000014
0.000071
0.000174
0.000154
-0.000066
-0.000280
-0.000304
-0.000212
-0.000135
-0.000070
0.000042
0.000201
0.000320
0.000328
0.000264
0.000204
0.000155
0.000102
0.000099
0.000188
0.000273
0.000248
0.000156
0.000091
0.000060
0.000032
0.000013
-0.000017
-0.000094
-0.000172
-0.000171
-0.000134
-0.000172
-0.000262
-0.000294
-0.000259
-0.000214
-0.000184
-0.000160
-0.000129
-0.000068
0.000019
0.000084
0.000096
0.000112
0.000186
0.000256
0.000235
0.000157
0.000084
0.000015
-0.000044
-0.000068
-0.000091
-0.000135
-0.000159
-0.000157
-0.000178
-0.000249
-0.000331
-0.000346
-0.000255
-0.000104
0.000035
0.000112
0.000106
0.000065
0.000090
0.000183
0.000230
0.000191
0.000140
0.000138
0.000170
0.000184
0.000138
0.000042
-0.000047
-0.000061
0.000004
0.000087
0.000163
0.000236
0.000265
0.000217
0.000132
0.000057
-0.000014
-0.000097
-0.000167
-0.000202
-0.000226
-0.000266
-0.000298
-0.000272
-0.000168
-0.000020
0.000083
0.000067
-0.000013
-0.000031
-0.000009
-0.000068
-0.000179
-0.000196
-0.000098
0.000002
0.000041
0.000033
0.000012
0.000015
0.000059
0.000098
0.000090
0.000078
0.000087
0.000054
-0.000026
-0.000064
-0.000014
0.000049
0.000055
0.000031
0.000018
0.000004
-0.000015
0.000002
0.000058
0.000097
0.000098
0.000107
0.000137
0.000136
0.000074
-0.000005
-0.000051
-0.000034
0.000052
0.000139
0.000112
-0.000018
-0.000104
-0.000093
-0.000061
-0.000036
-0.000005
-0.000015
-0.000056
-0.000029
0.000045
0.000051
0.000008
0.000017
0.000050
0.000029
-0.000035
-0.000086
-0.000124
-0.000176
-0.000238
-0.000289
-0.000347
-0.000428
-0.000506
-0.000511
-0.000337
0.000008
0.000318
0.000448
0.000479
0.000514
0.000548
0.000538
0.000463
0.000348
0.000238
0.000136
0.000022
-0.000055
-0.000041
0.000011
0.000033
0.000023
0.000006
-0.000019
-0.000081
-0.000173
-0.000230
-0.000257
-0.000332
-0.000432
-0.000446
-0.000363
-0.000262
-0.000189
-0.000129
-0.000063
0.000004
0.000052
0.000041
-0.000028
-0.000093
-0.000104
-0.000080
-0.000046
0.000010
0.000089
0.000180
0.000295
0.000410
0.000454
0.000419
0.000377
0.000388
0.000418
0.000363
0.000218
0.000088
0.000028
0.000015
0.000014
-0.000016
-0.000112
-0.000246
-0.000328
-0.000329
-0.000323
-0.000354
-0.000387
-0.000367
-0.000284
-0.000193
-0.000119
-0.000049
0.000021
0.000090
0.000153
0.000195
0.000224
0.000224
0.000162
0.000054
-0.000039
-0.000075
-0.000046
0.000014
0.000046
0.000039
0.000011
-0.000018
-0.000022
0.000026
0.000114
0.000179
0.000177
0.000147
0.000149
0.000148
0.000050
-0.000108
-0.000185
-0.000164
-0.000140
-0.000134
-0.000129
-0.000143
-0.000161
-0.000136
-0.000093
-0.000070
-0.000023
0.000058
0.000094
0.000049
-0.000001
0.000015
0.000050
0.000047
0.000042
0.000071
0.000087
0.000069
0.000066
0.000088
0.000078
0.000024
-0.000003
0.000035
0.000080
0.000057
-0.000020
-0.000049
-0.000009
0.000004
-0.000044
-0.000079
-0.000068
-0.000050
-0.000040
-0.000006
0.000066
0.000128
0.000113
0.000022
-0.000068
-0.000094
-0.000072
-0.000064
-0.000063
-0.000018
0.000030
-0.000003
-0.000084
-0.000124
-0.000108
-0.000061
-0.000002
0.000009
-0.000035
-0.000026
0.000088
0.000196
0.000132
-0.000128
-0.000381
-0.000435
-0.000336
-0.000232
-0.000160
-0.000079
0.000006
0.000081
0.000177
0.000299
0.000389
0.000385
0.000299
0.000224
0.000236
0.000305
0.000342
0.000309
0.000244
0.000200
0.000177
0.000148
0.000102
0.000037
-0.000041
-0.000117
-0.000186
-0.000270
-0.000354
-0.000369
-0.000321
-0.000295
-0.000306
-0.000301
-0.000276
-0.000233
-0.000146
-0.000030
0.000078
0.000187
0.000299
0.000369
0.000346
0.000247
0.000130
0.000008
-0.000101
-0.000151
-0.000148
-0.000143
-0.000139
-0.000127
-0.000140
-0.000196
-0.000248
-0.000236
-0.000158
-0.000060
-0.000012
-0.000018
0.000003
0.000090
0.000186
0.000227
0.000210
0.000188
0.000193
0.000188
0.000129
0.000060
0.000067
0.000123
0.000124
0.000050
-0.000029
-0.000063
-0.000057
-0.000042
-0.000042
-0.000042
-0.000036
-0.000044
-0.000042
-0.000001
0.000010
-0.000045
-0.000081
-0.000041
0.000009
-0.000011
-0.000049
-0.000005
0.000084
0.000105
0.000040
-0.000031
-0.000054
-0.000054
-0.000073
-0.000098
-0.000084
-0.000037
-0.000026
-0.000082
-0.000129
-0.000099
-0.000020
0.000034
0.000030
0.000010
0.000010
0.000003
-0.000015
0.000017
0.000088
0.000106
0.000056
0.000019
0.000014
-0.000008
-0.000046
-0.000047
-0.000011
0.000021
0.000046
0.000095
0.000168
0.000214
0.000168
0.000051
-0.000009
0.000036
0.000067
0.000004
-0.000070
-0.000064
0.000004
0.000054
0.000029
-0.000054
-0.000113
-0.000098
-0.000055
-0.000044
-0.000064
-0.000086
-0.000110
-0.000139
-0.000149
-0.000119
-0.000065
-0.000016
0.000031
0.000079
0.000094
0.000066
0.000052
0.000079
0.000075
0.000002
-0.000004
0.000177
0.000403
0.000476
0.000408
0.000298
0.000154
-0.000019
-0.000148
-0.000204
-0.000241
-0.000291
-0.000353
-0.000444
-0.000504
-0.000445
-0.000324
-0.000219
-0.000120
-0.000053
-0.000046
-0.000051
-0.000023
0.000029
0.000088
0.000122
0.000116
0.000128
0.000215
0.000318
0.000347
0.000328
0.000310
0.000248
0.000141
0.000071
0.000012
-0.000109
-0.000227
-0.000240
-0.000182
-0.000164
-0.000195
-0.000190
-0.000117
-0.000030
0.000039
0.000098
0.000139
0.000156
0.000163
0.000161
0.000142
0.000133
0.000158
0.000186
0.000153
0.000059
-0.000033
-0.000071
-0.000056
-0.000025
-0.000017
-0.000050
-0.000115
-0.000181
-0.000207
-0.000182
-0.000137
-0.000120
-0.000137
-0.000133
-0.000049
0.000080
0.000149
0.000112
0.000030
-0.000001
0.000049
0.000104
0.000078
0.000006
-0.000019
0.000029
0.000104
0.000132
0.000069
-0.000038
-0.000088
-0.000049
-0.000003
-0.000002
0.000022
0.000090
0.000105
0.000029
-0.000067
-0.000115
-0.000115
-0.000119
-0.000143
-0.000143
-0.000083
0.000003
0.000057
0.000072
0.000072
0.000055
0.000021
-0.000008
-0.000004
0.000024
0.000033
0.000030
0.000072
0.000141
0.000172
0.000186
0.000198
0.000149
0.000046
-0.000034
-0.000080
-0.000122
-0.000141
-0.000126
-0.000128
-0.000178
-0.000223
-0.000198
-0.000125
-0.000089
-0.000117
-0.000135
-0.000082
-0.000000
0.000047
0.000076
0.000106
0.000110
0.000087
0.000067
0.000069
0.000100
0.000142
0.000160
0.000152
0.000124
0.000053
-0.000053
-0.000119
-0.000095
-0.000031
-0.000001
-0.000002
0.000015
0.000072
0.000086
-0.000064
-0.000323
-0.000477
-0.000426
-0.000268
-0.000149
-0.000114
-0.000080
0.000032
0.000181
0.000301
0.000387
0.000435
0.000418
0.000329
0.000214
0.000160
0.000185
0.000194
0.000150
0.000123
0.000103
0.000023
-0.000058
-0.000068
-0.000062
-0.000066
-0.000035
-0.000020
-0.000131
-0.000300
-0.000345
-0.000267
-0.000228
-0.000251
-0.000231
-0.000169
-0.000110
-0.000021
0.000110
0.000231
0.000326
0.000369
0.000307
0.000166
0.000051
-0.000005
-0.000070
-0.000162
-0.000216
-0.000223
-0.000253
-0.000304
-0.000305
-0.000253
-0.000202
-0.000171
-0.000137
-0.000073
0.000034
0.000148
0.000238
0.000308
0.000320
0.000215
0.000068
0.000017
0.000057
0.000081
0.000049
0.000022
0.000056
0.000113
0.000100
0.000003
-0.000075
-0.000060
0.000002
0.000033
0.000033
0.000054
0.000086
0.000060
-0.000014
-0.000054
-0.000049
-0.000044
-0.000042
-0.000023
-0.000007
-0.000022
-0.000065
-0.000099
-0.000095
-0.000053
-0.000013
-0.000015
-0.000035
-0.000025
-0.000004
-0.000026
-0.000088
-0.000126
-0.000097
-0.000039
-0.000015
0.000003
0.000055
0.000088
0.000060
0.000038
0.000081
0.000137
0.000116
0.000019
-0.000056
-0.000038
0.000032
0.000080
0.000081
0.000045
-0.000015
-0.000054
-0.000039
0.000000
0.000021
0.000027
0.000040
0.000067
0.000096
0.000087
0.000022
-0.000042
-0.000046
-0.000009
0.000020
0.000010
-0.000027
-0.000046
-0.000041
-0.000059
-0.000096
-0.000096
-0.000052
-0.000004
0.000021
0.000026
0.000031
0.000036
0.000018
-0.000014
-0.000028
-0.000029
-0.000051
-0.000073
-0.000054
-0.000002
0.000027
0.000019
-0.000008
-0.000071
-0.000125
0.000006
0.000330
0.000560
0.000512
0.000333
0.000220
0.000178
0.000092
-0.000094
-0.000290
-0.000352
-0.000300
-0.000308
-0.000435
-0.000524
-0.000454
-0.000330
-0.000267
-0.000207
-0.000075
0.000066
0.000119
0.000079
0.000008
-0.000033
-0.000026
0.000026
0.000124
0.000254
0.000364
0.000425
0.000444
0.000398
0.000284
0.000157
0.000049
-0.000050
-0.000150
-0.000233
-0.000258
-0.000242
-0.000248
-0.000253
-0.000184
-0.000067
0.000034
0.000120
0.000187
0.000210
0.000196
0.000154
0.000122
0.000151
0.000203
0.000192
0.000106
0.000021
0.000001
-0.000015
-0.000082
-0.000117
-0.000067
-0.000028
-0.000073
-0.000143
-0.000185
-0.000224
-0.000257
-0.000231
-0.000145
-0.000040
0.000046
0.000069
0.000039
0.000020
0.000035
0.000048
0.000042
0.000056
0.000091
0.000104
0.000099
0.000104
0.000108
0.000103
0.000080
0.000001
-0.000102
-0.000130
-0.000098
-0.000094
-0.000097
-0.000026
0.000089
0.000138
0.000092
0.000031
-0.000003
-0.000041
-0.000089
-0.000090
-0.000009
0.000101
0.000148
0.000098
0.000002
-0.000073
-0.000096
-0.000069
-0.000003
0.000038
0.000013
-0.000001
0.000047
0.000071
0.000023
-0.000026
-0.000044
-0.000062
-0.000063
-0.000025
0.000007
-0.000017
-0.000081
-0.000114
-0.000089
-0.000056
-0.000041
-0.000024
0.000001
0.000009
0.000006
0.000051
0.000132
0.000155
0.000090
0.000026
0.000031
0.000067
0.000065
0.000035
0.000025
0.000009
-0.000047
-0.000087
-0.000060
-0.000008
0.000019
0.000014
-0.000015
-0.000053
-0.000083
-0.000100
-0.000129
-0.000156
-0.000091
0.000068
0.000113
-0.000079
-0.000303
-0.000338
-0.000251
-0.000185
-0.000124
-0.000004
0.000136
0.000229
0.000280
0.000334
0.000387
0.000393
0.000334
0.000228
0.000123
0.000090
0.000140
0.000186
0.000162
0.000090
0.000022
-0.000021
-0.000047
-0.000057
-0.000050
-0.000056
-0.000105
-0.000176
-0.000212
-0.000217
-0.000239
-0.000266
-0.000257
-0.000206
-0.000148
-0.000094
-0.000004
0.000131
0.000237
0.000260
0.000226
0.000180
0.000117
0.000011
-0.000103
-0.000150
-0.000118
-0.000082
-0.000090
-0.000112
-0.000119
-0.000122
-0.000121
-0.000123
-0.000143
-0.000156
-0.000125
-0.000066
-0.000022
0.000005
0.000059
0.000124
0.000124
0.000072
0.000058
0.000091
0.000115
0.000123
0.000139
0.000153
0.000125
0.000057
0.000006
0.000023
0.000075
0.000108
0.000101
0.000052
0.000008
0.000029
0.000069
0.000026
-0.000089
-0.000164
-0.000153
-0.000108
-0.000074
-0.000057
-0.000061
-0.000074
-0.000060
-0.000016
0.000040
0.000093
0.000106
0.000017
-0.000119
-0.000157
-0.000086
-0.000027
-0.000030
-0.000051
-0.000053
-0.000017
0.000043
0.000083
0.000082
0.000068
0.000064
0.000049
0.000019
0.000018
0.000059
0.000063
-0.000025
-0.000110
-0.000079
-0.000006
-0.000003
-0.000018
0.000028
0.000093
0.000132
0.000145
0.000125
0.000067
-0.000020
-0.000099
-0.000114
-0.000088
-0.000076
-0.000062
-0.000021
0.000010
-0.000013
-0.000054
-0.000041
0.000014
0.000059
0.000084
0.000077
0.000031
0.000011
0.000039
0.000053
0.000031
0.000009
-0.000005
-0.000015
-0.000003
0.000035
0.000068
0.000076
0.000034
-0.000080
-0.000205
-0.000256
-0.000247
-0.000251
-0.000257
-0.000156
0.000092
0.000369
0.000548
0.000594
0.000533
0.000408
0.000245
0.000056
-0.000115
-0.000242
-0.000338
-0.000387
-0.000412
-0.000474
-0.000516
-0.000428
-0.000282
-0.000226
-0.000232
-0.000181
-0.000070
0.000051
0.000171
0.000236
0.000210
0.000189
0.000231
0.000255
0.000221
0.000214
0.000276
0.000323
0.000254
0.000089
-0.000048
-0.000096
-0.000125
-0.000178
-0.000187
-0.000125
-0.000067
-0.000063
-0.000086
-0.000078
-0.000001
0.000112
0.000187
0.000207
0.000201
0.000193
0.000177
0.000139
0.000086
0.000033
-0.000018
-0.000051
-0.000056
-0.000062
-0.000085
-0.000097
-0.000082
-0.000060
-0.000045
-0.000038
-0.000057
-0.000137
-0.000237
-0.000242
-0.000130
-0.000022
0.000007
0.000008
0.000018
0.000001
-0.000035
-0.000022
0.000047
0.000106
0.000124
0.000123
0.000133
0.000145
0.000107
0.000016
-0.000044
-0.000029
-0.000013
-0.000050
-0.000070
-0.000025
0.000006
-0.000030
-0.000045
0.000024
0.000065
-0.000014
-0.000102
-0.000084
-0.000028
-0.000032
-0.000061
-0.000045
0.000002
0.000043
0.000081
0.000117
0.000124
0.000091
0.000047
0.000020
0.000006
0.000005
0.000038
0.000073
0.000051
0.000012
0.000016
0.000018
-0.000050
-0.000141
-0.000166
-0.000126
-0.000084
-0.000057
-0.000028
-0.000013
-0.000014
0.000006
0.000050
0.000084
0.000079
0.000020
-0.000060
-0.000101
-0.000086
-0.000027
0.000054
0.000092
0.000052
0.000007
0.000022
0.000066
0.000080
0.000053
-0.000006
-0.000088
-0.000133
-0.000062
0.000064
0.000092
0.000003
-0.000090
-0.000120
-0.000110
-0.000065
0.000069
0.000197
0.000096
-0.000196
-0.000383
-0.000353
-0.000240
-0.000134
-0.000025
0.000086
0.000181
0.000246
0.000266
0.000248
0.000214
0.000173
0.000135
0.000107
0.000101
0.000133
0.000186
0.000221
0.000228
0.000212
0.000160
0.000101
0.000072
0.000035
-0.000034
-0.000078
-0.000103
-0.000194
-0.000325
-0.000378
-0.000329
-0.000254
-0.000212
-0.000184
-0.000125
-0.000013
0.000098
0.000125
0.000100
0.000132
0.000198
0.000201
0.000130
0.000035
-0.000080
-0.000218
-0.000301
-0.000246
-0.000121
-0.000081
-0.000138
-0.000182
-0.000188
-0.000199
-0.000199
-0.000145
-0.000045
0.000045
0.000088
0.000118
0.000190
0.000266
0.000254
0.000173
0.000139
0.000179
0.000212
0.000208
0.000194
0.000152
0.000068
-0.000011
-0.000056
-0.000092
-0.000145
-0.000170
-0.000123
-0.000045
0.000004
0.000024
0.000036
0.000066
0.000098
0.000063
-0.000015
-0.000033
-0.000023
-0.000072
-0.000130
-0.000113
-0.000065
-0.000053
-0.000042
0.000021
0.000090
0.000080
0.000010
-0.000035
-0.000027
0.000004
0.000008
-0.000051
-0.000121
-0.000105
-0.000020
0.000023
-0.000004
-0.000035
-0.000048
-0.000061
-0.000047
0.000027
0.000087
0.000050
-0.000013
0.000011
0.000087
0.000126
0.000130
0.000137
0.000144
0.000122
0.000055
-0.000036
-0.000089
-0.000079
-0.000045
-0.000020
-0.000014
-0.000024
-0.000026
-0.000015
-0.000032
-0.000085
-0.000110
-0.000089
-0.000058
-0.000019
0.000026
0.000047
0.000036
0.000028
0.000045
0.000067
0.000066
0.000065
0.000089
0.000096
0.000048
-0.000008
-0.000022
-0.000040
-0.000099
-0.000142
-0.000133
-0.000104
-0.000067
-0.000033
-0.000053
-0.000064
0.000092
0.000357
0.000477
0.000390
0.000252
0.000167
0.000099
-0.000014
-0.000163
-0.000267
-0.000272
-0.000247
-0.000286
-0.000377
-0.000433
-0.000389
-0.000264
-0.000161
-0.000131
-0.000087
0.000014
0.000071
0.000055
0.000080
0.000169
0.000232
0.000243
0.000219
0.000159
0.000106
0.000119
0.000161
0.000153
0.000105
0.000072
0.000035
-0.000053
-0.000150
-0.000180
-0.000138
-0.000083
-0.000053
-0.000016
0.000022
0.000027
0.000052
0.000145
0.000210
0.000173
0.000118
0.000127
0.000156
0.000127
0.000065
0.000048
0.000057
0.000042
0.000024
-0.000002
-0.000078
-0.000157
-0.000181
-0.000184
-0.000188
-0.000165
-0.000121
-0.000077
-0.000034
-0.000002
0.000009
-0.000012
-0.000056
-0.000067
-0.000030
-0.000013
-0.000046
-0.000073
-0.000043
0.000022
0.000051
