3840
0.000061
0.000068
0.000015
-0.000052
-0.000071
-0.000032
0.000008
0.000008
0.000005
0.000042
0.000078
0.000026
-0.000065
-0.000070
-0.000029
-0.000050
-0.000098
-0.000087
-0.000019
0.000057
0.000089
0.000031
-0.000075
-0.000091
0.000010
0.000097
0.000106
0.000084
0.000046
-0.000015
-0.000038
0.000009
0.000062
0.000077
0.000065
0.000028
-0.000020
-0.000036
-0.000031
-0.000059
-0.000127
-0.000161
-0.000093
0.000012
0.000055
0.000051
0.000057
0.000072
0.000073
0.000060
0.000028
-0.000046
-0.000119
-0.000068
0.000147
0.000366
0.000406
0.000286
0.000172
0.000128
0.000068
-0.000050
-0.000155
-0.000193
-0.000209
-0.000266
-0.000354
-0.000398
-0.000363
-0.000278
-0.000203
-0.000153
-0.000110
-0.000087
-0.000094
-0.000076
0.000002
0.000072
0.000074
0.000064
0.000124
0.000234
0.000302
0.000282
0.000216
0.000163
0.000118
0.000041
-0.000048
-0.000085
-0.000054
0.000009
0.000079
0.000129
0.000117
0.000059
0.000023
0.000020
0.000030
0.000032
0.000010
-0.000016
-0.000002
0.000042
0.000049
0.000006
-0.000032
-0.000043
-0.000048
-0.000052
-0.000054
-0.000050
-0.000047
-0.000062
-0.000061
-0.000019
0.000040
0.000089
0.000104
0.000081
0.000030
-0.000071
-0.000200
-0.000263
-0.000231
-0.000163
-0.000101
-0.000044
0.000003
0.000030
0.000061
0.000088
0.000086
0.000083
0.000098
0.000098
0.000071
0.000059
0.000085
0.000097
0.000063
0.000038
0.000034
0.000006
-0.000018
0.000002
0.000012
-0.000040
-0.000102
-0.000079
-0.000010
-0.000010
-0.000051
-0.000039
-0.000017
-0.000043
-0.000054
0.000004
0.000076
0.000079
0.000022
-0.000017
0.000001
0.000030
0.000012
-0.000026
-0.000002
0.000068
0.000075
0.000009
-0.000030
-0.000032
-0.000062
-0.000108
-0.000104
-0.000063
-0.000030
-0.000018
-0.000004
0.000022
0.000043
0.000049
0.000038
0.000011
0.000004
0.000028
0.000035
0.000015
-0.000000
0.000000
0.000029
0.000075
0.000091
0.000075
0.000047
-0.000002
-0.000074
-0.000140
-0.000176
-0.000191
-0.000180
-0.000096
0.000029
0.000083
0.000064
0.000079
0.000140
0.000176
0.000187
0.000201
0.000136
-0.000066
-0.000261
-0.000308
-0.000302
-0.000333
-0.000303
-0.000156
-0.000010
0.000048
0.000090
0.000196
0.000301
0.000298
0.000209
0.000154
0.000163
0.000170
0.000165
0.000175
0.000164
0.000129
0.000118
0.000108
0.000053
-0.000031
-0.000111
-0.000154
-0.000127
-0.000073
-0.000067
-0.000124
-0.000198
-0.000231
-0.000215
-0.000192
-0.000156
-0.000057
0.000055
0.000086
0.000052
0.000051
0.000101
0.000115
0.000063
0.000031
0.000043
0.000015
-0.000093
-0.000187
-0.000158
-0.000056
-0.000032
-0.000108
-0.000163
-0.000139
-0.000105
-0.000094
-0.000038
0.000077
0.000147
0.000129
0.000098
0.000097
0.000074
0.000032
0.000040
0.000099
0.000154
0.000203
0.000226
0.000140
-0.000026
-0.000120
-0.000121
-0.000125
-0.000143
-0.000128
-0.000088
-0.000047
-0.000007
0.000015
0.000028
0.000057
0.000084
0.000082
0.000058
0.000044
0.000053
0.000053
0.000019
-0.000021
-0.000042
-0.000053
-0.000052
-0.000054
-0.000107
-0.000186
-0.000182
-0.000058
0.000077
0.000113
0.000073
0.000057
0.000083
0.000110
0.000119
0.000119
0.000122
0.000100
0.000016
-0.000098
-0.000190
-0.000232
-0.000208
-0.000128
-0.000044
-0.000008
-0.000007
0.000027
0.000109
0.000142
0.000085
0.000008
-0.000036
-0.000025
0.000025
-0.000007
-0.000149
-0.000145
0.000140
0.000327
0.000074
-0.000254
-0.000143
0.000177
0.000148
-0.000135
-0.000118
0.000194
0.000259
-0.000010
-0.000104
0.000132
0.000236
-0.000023
-0.000275
-0.000198
-0.000003
-0.000030
-0.000200
-0.000184
0.000006
0.000065
-0.000019
-0.000013
0.000107
0.000166
0.000105
0.000029
-0.000025
-0.000082
-0.000048
0.000166
0.000368
0.000332
0.000178
0.000136
0.000144
0.000069
-0.000020
-0.000060
-0.000122
-0.000234
-0.000321
-0.000340
-0.000332
-0.000329
-0.000318
-0.000300
-0.000282
-0.000226
-0.000101
0.000036
0.000079
0.000031
0.000011
0.000081
0.000166
0.000192
0.000195
0.000249
0.000326
0.000322
0.000239
0.000182
0.000146
0.000018
-0.000174
-0.000260
-0.000196
-0.000111
-0.000067
-0.000000
0.000081
0.000092
0.000048
0.000059
0.000143
0.000180
0.000089
-0.000025
-0.000027
0.000020
-0.000021
-0.000104
-0.000095
0.000001
0.000068
0.000048
0.000001
-0.000008
-0.000020
-0.000070
-0.000100
-0.000066
-0.000014
-0.000000
0.000006
0.000050
0.000065
-0.000031
-0.000137
-0.000121
-0.000032
0.000012
-0.000008
-0.000042
-0.000054
-0.000054
-0.000050
-0.000024
0.000012
0.000055
0.000115
0.000147
0.000105
0.000030
-0.000003
0.000005
-0.000005
-0.000043
-0.000061
-0.000032
0.000018
0.000039
0.000033
0.000037
0.000036
-0.000016
-0.000083
-0.000085
-0.000043
-0.000029
-0.000030
0.000002
0.000046
0.000078
0.000103
0.000096
0.000052
0.000005
-0.000031
-0.000065
-0.000085
-0.000103
-0.000117
-0.000060
0.000072
0.000158
0.000147
0.000111
0.000075
0.000002
-0.000099
-0.000160
-0.000120
-0.000021
0.000025
0.000012
0.000022
0.000055
0.000054
0.000012
-0.000025
-0.000025
0.000005
0.000010
-0.000050
-0.000101
-0.000065
0.000004
0.000020
-0.000006
-0.000032
-0.000056
-0.000060
-0.000019
0.000032
0.000040
0.000003
-0.000023
0.000021
0.000090
0.000078
0.000003
-0.000007
0.000094
0.000186
0.000108
-0.000105
-0.000248
-0.000260
-0.000260
-0.000282
-0.000235
-0.000102
0.000024
0.000069
0.000078
0.000157
0.000294
0.000355
0.000313
0.000269
0.000254
0.000212
0.000149
0.000122
0.000114
0.000064
-0.000013
-0.000060
-0.000080
-0.000120
-0.000148
-0.000123
-0.000101
-0.000125
-0.000152
-0.000157
-0.000138
-0.000084
-0.000032
-0.000026
-0.000063
-0.000111
-0.000098
0.000028
0.000170
0.000188
0.000108
0.000041
-0.000073
-0.000375
-0.000538
0.000127
0.001042
0.000624
-0.000674
-0.000754
0.000254
0.000037
-0.001450
-0.001201
0.001210
0.002014
-0.000085
-0.001478
-0.000153
0.001130
0.000235
-0.000970
-0.000499
0.000751
0.001080
0.000316
-0.000432
-0.000267
0.000425
0.000605
0.000121
-0.000169
0.000173
0.000362
-0.000303
-0.001014
-0.000673
0.000154
0.000094
-0.000736
-0.000853
0.000129
0.000747
0.000101
-0.001007
-0.001660
-0.000984
0.001468
0.003584
0.002703
0.000070
-0.000632
0.001068
0.001708
-0.000347
-0.002223
-0.001510
-0.000152
-0.000959
-0.002922
-0.002765
0.000173
0.002704
0.001641
-0.001218
-0.001202
0.001302
0.001537
-0.000773
-0.001153
0.001053
0.001854
0.000111
-0.001052
0.000226
0.001745
0.000577
-0.001889
-0.001513
0.001158
0.001342
-0.001003
-0.001383
0.000349
0.000584
-0.000739
-0.000261
0.002593
0.003196
-0.000332
-0.002028
0.000665
0.001578
-0.001738
-0.003491
-0.000961
0.001008
-0.000526
-0.002194
-0.000985
0.001397
0.001589
-0.000398
-0.000737
0.001690
0.002304
-0.000792
-0.002984
-0.000490
0.003312
0.001114
-0.004498
-0.002429
0.004927
0.003725
-0.003970
-0.003314
0.004094
0.004830
-0.001501
-0.004151
0.000936
0.004926
0.000953
-0.003789
-0.001609
0.002758
0.002076
-0.002048
-0.003903
-0.001144
0.002683
0.001289
-0.003400
-0.002955
0.001719
0.002225
-0.001845
-0.003546
-0.000018
0.003381
0.000504
-0.003684
-0.001744
0.002076
0.002452
0.000559
-0.000168
0.002396
0.002858
-0.001949
-0.002960
0.003064
0.005363
-0.000561
-0.004366
0.000249
0.003624
-0.001861
-0.006154
-0.000522
0.004397
-0.000397
-0.005485
-0.001631
0.004364
0.001886
-0.004316
-0.002762
0.003657
0.004441
-0.000841
-0.004512
-0.001067
0.005517
0.004683
-0.002483
-0.003135
0.003457
0.004957
-0.001048
-0.004601
-0.001545
0.002465
0.002036
-0.001742
-0.003093
-0.000054
0.001818
-0.001408
-0.004447
-0.001560
0.002667
0.001306
-0.002833
-0.002550
0.001767
0.003387
0.000817
-0.001130
-0.000077
0.001431
0.000732
-0.000632
-0.000414
0.000763
0.001228
0.000717
0.000198
-0.000702
0.000044
0.002881
0.001069
-0.003550
-0.002422
0.000885
0.000752
0.000027
-0.000397
-0.001466
-0.000379
0.002087
0.001104
-0.002456
-0.003249
-0.000188
0.001321
-0.000975
-0.000428
0.003347
0.001804
-0.003061
-0.002162
0.003047
0.004462
0.000182
-0.003782
-0.001954
0.002976
0.003264
-0.002451
-0.004779
0.002336
0.007637
-0.000140
-0.008309
-0.002238
0.005272
-0.000047
-0.006354
-0.001387
0.004966
0.001865
-0.002877
0.000557
0.005077
0.001252
-0.004852
-0.003713
0.002478
0.005223
0.001043
-0.004226
-0.002782
0.002675
0.003203
-0.000553
-0.001446
-0.000212
-0.001205
-0.001807
0.000773
0.001752
-0.001719
-0.004027
-0.001641
0.002007
0.003495
0.002249
-0.000146
-0.001913
-0.002462
-0.001041
0.001525
0.002397
0.000964
-0.000870
-0.001386
0.000631
0.002879
0.000399
-0.003474
-0.000906
0.004568
0.004399
-0.000267
-0.002761
-0.002007
-0.001725
-0.001117
0.001957
0.002617
-0.000453
-0.000852
-0.000207
-0.003234
-0.004032
0.000539
0.002879
0.000028
-0.001804
0.000236
0.002145
0.000660
-0.002867
-0.002889
0.003204
0.007602
0.003221
-0.002994
-0.002494
0.000325
-0.000166
-0.000595
0.001524
0.002373
-0.001248
-0.005188
-0.003097
0.001932
0.002280
-0.001396
-0.003172
-0.000710
0.003079
0.003006
-0.001727
-0.004962
-0.002239
0.002560
0.003303
0.000923
0.000998
0.001925
-0.001774
-0.004305
0.001783
0.007397
0.002692
-0.004042
-0.002688
0.002343
0.002752
-0.001194
-0.003492
-0.002114
0.000163
0.001913
0.002148
0.000221
-0.002155
-0.004041
-0.004155
-0.000256
0.004538
0.003572
-0.002557
-0.005672
-0.001638
0.004213
0.004322
-0.000696
-0.002779
0.000803
0.003392
0.001144
-0.000772
0.000707
0.001328
-0.000423
-0.001238
0.000265
0.002239
0.001293
-0.002341
-0.002759
0.001268
0.002822
-0.000230
-0.002394
-0.002039
-0.001549
-0.000625
0.000954
0.001368
-0.000184
-0.001908
-0.000950
0.001847
0.002011
-0.001523
-0.003868
-0.001350
0.002437
0.003220
0.002185
0.000712
-0.001357
-0.002041
-0.000227
0.001081
-0.000065
-0.001135
-0.000134
0.001204
0.000831
-0.000119
0.000075
0.000123
-0.000495
0.000307
0.002528
0.003124
0.000060
-0.003640
-0.003184
-0.000158
0.000536
-0.000493
-0.000333
-0.000076
-0.000649
0.000116
0.001658
0.000954
-0.000759
-0.000385
0.001009
0.000893
-0.000230
-0.000568
0.000056
0.000819
0.000983
0.000043
-0.001250
-0.001060
0.000546
0.000742
-0.001114
-0.002084
-0.001852
-0.001915
-0.000712
0.001736
0.002024
0.000085
-0.000724
0.000447
0.001625
0.001282
-0.000508
-0.001594
0.000150
0.002917
0.003005
0.000555
-0.001100
-0.001187
-0.001442
-0.001528
-0.000169
0.001540
0.001374
-0.001127
-0.003148
-0.001771
0.000613
0.000007
-0.001539
-0.000179
0.002202
0.002227
0.000703
-0.000422
-0.000775
-0.000151
0.001074
0.001745
0.001776
0.001095
-0.000836
-0.002264
-0.001108
0.000787
0.000394
-0.001158
-0.000662
0.001140
0.000918
-0.001016
-0.001271
0.000343
0.000711
-0.000215
-0.000028
0.000691
0.000088
-0.001214
-0.001460
-0.000514
0.000447
0.000655
-0.000077
-0.000863
-0.000438
0.000326
0.000070
-0.000151
0.000506
0.000371
-0.001218
-0.001818
-0.000029
0.001623
0.000793
-0.000595
0.000153
0.001633
0.001051
-0.000712
-0.000921
0.000334
0.001000
0.000816
0.001005
0.001335
0.000532
-0.000973
-0.001482
-0.000755
0.000033
0.000372
0.000747
0.001342
0.001415
0.000277
-0.001315
-0.001747
-0.000891
-0.000152
0.000081
0.000422
0.000437
-0.000604
-0.001965
-0.002300
-0.001400
-0.000231
0.000398
0.000616
0.000760
0.000648
0.000092
-0.000614
-0.000820
-0.000064
0.001070
0.001559
0.001407
0.001149
0.000611
-0.000455
-0.001314
-0.001099
-0.000002
0.001170
0.001779
0.001563
0.000804
0.000041
-0.000649
-0.001212
-0.000944
0.000063
0.000470
0.000022
-0.000293
-0.000353
-0.000743
-0.001352
-0.001570
-0.001175
-0.000522
-0.000056
0.000236
0.000540
0.000712
0.000464
-0.000248
-0.000976
-0.001008
-0.000236
0.000480
0.000535
0.000598
0.001214
0.001542
0.000834
-0.000219
-0.000551
-0.000015
0.000872
0.001643
0.001961
0.001450
0.000147
-0.001049
-0.001372
-0.001031
-0.000513
-0.000184
-0.000187
-0.000073
0.000307
0.000084
-0.001013
-0.001847
-0.001649
-0.000862
-0.000122
0.000321
0.000594
0.000830
0.000717
0.000027
-0.000669
-0.000626
-0.000023
0.000400
0.000600
0.001033
0.001528
0.001427
0.000608
-0.000324
-0.000906
-0.001159
-0.000936
-0.000074
0.000759
0.000701
-0.000026
-0.000564
-0.000731
-0.000906
-0.001003
-0.000626
0.000065
0.000517
0.000522
0.000273
-0.000042
-0.000349
-0.000574
-0.000659
-0.000476
0.000156
0.000989
0.001244
0.000625
-0.000150
-0.000394
-0.000221
-0.000023
0.000097
0.000301
0.000548
0.000460
0.000041
-0.000190
-0.000056
0.000105
0.000099
0.000017
-0.000055
0.000004
0.000261
0.000482
0.000362
0.000001
-0.000183
-0.000066
0.000071
0.000101
0.000108
-0.000078
-0.000600
-0.001009
-0.000806
-0.000270
-0.000014
-0.000066
-0.000058
0.000041
-0.000019
-0.000255
-0.000337
0.000009
0.000493
0.000599
0.000408
0.000346
0.000339
0.000069
-0.000289
-0.000287
0.000052
0.000292
0.000368
0.000647
0.001145
0.001373
0.001093
0.000637
0.000278
-0.000052
-0.000316
-0.000405
-0.000539
-0.000998
-0.001551
-0.001641
-0.001099
-0.000398
-0.000150
-0.000432
-0.000829
-0.001052
-0.001153
-0.001247
-0.001303
-0.001258
-0.001133
-0.000891
-0.000438
0.000160
0.000684
0.000905
0.000783
0.000723
0.001147
0.001829
0.002305
0.002538
0.002654
0.002562
0.002172
0.001557
0.000793
-0.000059
-0.000797
-0.001186
-0.001204
-0.001084
-0.001127
-0.001416
-0.001693
-0.001637
-0.001230
-0.000673
-0.000073
0.000525
0.000963
0.001197
0.001410
0.001626
0.001582
0.001157
0.000536
-0.000008
-0.000261
-0.000228
-0.000121
-0.000036
0.000088
0.000185
0.000120
-0.000049
-0.000198
-0.000374
-0.000560
-0.000524
-0.000298
-0.000463
-0.001401
-0.002543
-0.003020
-0.002836
-0.002662
-0.002649
-0.002323
-0.001544
-0.000749
-0.000240
0.000248
0.001016
0.001736
0.001854
0.001521
0.001463
0.001918
0.002263
0.002015
0.001593
0.001529
0.001331
-0.000255
-0.003439
-0.006117
-0.005928
-0.003477
-0.001162
0.000652
0.003078
0.005183
0.004953
0.003312
0.003179
0.004714
0.005373
0.004504
0.003984
0.004457
0.004497
0.003327
0.001692
0.000334
-0.000733
-0.001798
-0.002947
-0.003705
-0.003606
-0.003392
-0.004302
-0.005909
-0.006647
-0.006553
-0.007208
-0.009092
-0.010654
-0.009710
-0.005811
-0.001248
0.001618
0.003111
0.004526
0.005463
0.005276
0.005280
0.006585
0.007807
0.007709
0.007515
0.008439
0.009644
0.009836
0.008433
0.005259
0.001270
-0.001565
-0.002650
-0.003225
-0.003999
-0.004754
-0.005839
-0.007462
-0.008527
-0.008317
-0.007791
-0.007819
-0.008054
-0.008076
-0.007769
-0.006740
-0.004984
-0.003634
-0.004043
-0.006065
-0.007379
-0.005369
0.000037
0.006308
0.011156
0.014285
0.015897
0.015717
0.014600
0.014151
0.013964
0.012326
0.009633
0.007878
0.007359
0.006838
0.005759
0.003999
0.001071
-0.002787
-0.006339
-0.008966
-0.010988
-0.012567
-0.013745
-0.014788
-0.015404
-0.014805
-0.013158
-0.011623
-0.010818
-0.010468
-0.010114
-0.009261
-0.007514
-0.005037
-0.002045
0.001985
0.007201
0.012351
0.016155
0.018559
0.019707
0.019113
0.016784
0.013714
0.010994
0.009337
0.008938
0.009253
0.009293
0.008322
0.006026
0.002399
-0.002199
-0.007263
-0.012287
-0.016494
-0.019049
-0.019873
-0.019479
-0.017951
-0.015197
-0.011991
-0.009460
-0.007806
-0.006527
-0.005475
-0.004891
-0.005128
-0.006329
-0.007112
-0.004867
0.001084
0.008432
0.014908
0.020056
0.023429
0.024009
0.022319
0.020156
0.017788
0.014289
0.010304
0.007618
0.006631
0.006430
0.006190
0.005145
0.002620
-0.001223
-0.005681
-0.010425
-0.015118
-0.018855
-0.021053
-0.021896
-0.021384
-0.019304
-0.016272
-0.013424
-0.011331
-0.010094
-0.009410
-0.008352
-0.006420
-0.003918
-0.000575
0.004198
0.009553
0.014001
0.017505
0.020542
0.022197
0.021493
0.019176
0.016447
0.013745
0.011594
0.010564
0.010211
0.009555
0.007887
0.004529
-0.000514
-0.005763
-0.010158
-0.014594
-0.019344
-0.022339
-0.022392
-0.020967
-0.019076
-0.016075
-0.012294
-0.009291
-0.007446
-0.006381
-0.006926
-0.009335
-0.011005
-0.009156
-0.003949
0.002931
0.010397
0.017633
0.023541
0.027294
0.028685
0.027732
0.024533
0.019614
0.014166
0.009640
0.006830
0.005519
0.005061
0.004816
0.004019
0.002018
-0.001257
-0.005555
-0.010633
-0.015954
-0.020649
-0.024019
-0.025599
-0.024976
-0.022305
-0.018522
-0.014534
-0.010990
-0.008632
-0.007581
-0.006823
-0.005322
-0.002949
0.000129
0.004093
0.009002
0.014297
0.019215
0.023170
0.025554
0.025855
0.024018
0.020521
0.016433
0.012967
0.010552
0.008649
0.006365
0.003120
-0.000789
-0.004452
-0.007672
-0.011289
-0.015517
-0.019170
-0.021338
-0.022381
-0.022582
-0.021373
-0.018567
-0.015043
-0.011787
-0.009544
-0.009073
-0.009833
-0.009469
-0.006442
-0.001695
0.003409
0.008978
0.015296
0.021239
0.025502
0.028099
0.029213
0.028046
0.024254
0.019216
0.014625
0.010837
0.007459
0.004601
0.002535
0.000872
-0.001020
-0.003377
-0.006237
-0.009644
-0.013525
-0.017644
-0.021542
-0.024372
-0.025322
-0.024423
-0.022300
-0.019254
-0.015483
-0.011644
-0.008147
-0.004787
-0.001882
-0.000212
0.000888
0.003338
0.007611
0.012280
0.016415
0.020307
0.023843
0.026037
0.026236
0.024703
0.022037
0.018618
0.014601
0.010272
0.005967
0.001468
-0.003526
-0.008241
-0.011569
-0.013889
-0.016361
-0.018670
-0.019584
-0.019376
-0.019328
-0.019362
-0.018406
-0.016420
-0.014247
-0.012533
-0.011789
-0.011620
-0.010061
-0.005920
-0.000496
0.004911
0.010783
0.017030
0.021873
0.024669
0.026687
0.028037
0.027091
0.023582
0.019316
0.015544
0.012021
0.008600
0.005720
0.003404
0.001073
-0.001646
-0.004582
-0.007488
-0.010503
-0.013974
-0.017811
-0.021274
-0.023579
-0.024436
-0.023922
-0.022131
-0.019180
-0.015549
-0.012079
-0.009004
-0.005540
-0.001688
0.000873
0.001736
0.003436
0.007563
0.012194
0.015659
0.019083
0.023069
0.025821
0.026194
0.025153
0.023385
0.020349
0.015872
0.010681
0.005581
0.000910
-0.003717
-0.008681
-0.012971
-0.015336
-0.016662
-0.018438
-0.019788
-0.019353
-0.018365
-0.018405
-0.018373
-0.016704
-0.014102
-0.012051
-0.011082
-0.010865
-0.009927
-0.006588
-0.001309
0.004139
0.009623
0.015792
0.021293
0.024444
0.026203
0.027883
0.028088
0.025313
0.020917
0.016826
0.012992
0.008926
0.005233
0.002405
-0.000082
-0.002821
-0.005710
-0.008315
-0.010560
-0.013033
-0.016294
-0.019825
-0.022401
-0.023553
-0.023707
-0.022948
-0.020799
-0.017358
-0.013543
-0.009817
-0.005759
-0.001443
0.002061
0.004422
0.006785
0.009772
0.012645
0.015147
0.017944
0.020848
0.022739
0.023308
0.023081
0.022063
0.019765
0.016180
0.011827
0.007375
0.003189
-0.001378
-0.007003
-0.012400
-0.015763
-0.017670
-0.019586
-0.020882
-0.020360
-0.018871
-0.017840
-0.016932
-0.015157
-0.012673
-0.010244
-0.008510
-0.008013
-0.008098
-0.006765
-0.003267
0.001148
0.005826
0.011289
0.017023
0.021498
0.024481
0.026866
0.028252
0.027170
0.023613
0.019127
0.014609
0.009884
0.005176
0.001225
-0.001895
-0.004656
-0.007006
-0.008591
-0.009684
-0.010980
-0.012868
-0.015297
-0.017821
-0.019791
-0.020942
-0.021489
-0.021362
-0.019944
-0.016994
-0.013126
-0.008931
-0.004487
0.000109
0.004543
0.008488
0.011717
0.014337
0.016585
0.018227
0.018908
0.019025
0.019207
0.019174
0.018291
0.016752
0.015019
0.012916
0.010216
0.006982
0.002942
-0.002118
-0.007460
-0.012158
-0.016123
-0.019423
-0.021586
-0.022298
-0.021790
-0.020297
-0.017957
-0.015051
-0.011815
-0.008660
-0.006625
-0.006243
-0.006200
-0.004864
-0.002431
0.000191
0.003395
0.007896
0.012918
0.017229
0.020987
0.024692
0.027290
0.027280
0.024870
0.021367
0.017180
0.012028
0.006460
0.001507
-0.002670
-0.006432
-0.009529
-0.011361
-0.011935
-0.011989
-0.012321
-0.013151
-0.014111
-0.014924
-0.015839
-0.016956
-0.017594
-0.017160
-0.016001
-0.014414
-0.011826
-0.008047
-0.003882
0.000281
0.004757
0.009286
0.013194
0.016492
0.019368
0.021341
0.021929
0.021345
0.019993
0.018096
0.015823
0.013177
0.010175
0.007221
0.004355
0.000792
-0.003592
-0.007632
-0.010801
-0.013879
-0.016946
-0.018865
-0.019293
-0.019095
-0.018587
-0.017209
-0.014833
-0.011987
-0.009255
-0.007270
-0.006283
-0.005419
-0.003669
-0.001235
0.001416
0.004725
0.008921
0.013033
0.016276
0.019153
0.022049
0.023983
0.023928
0.022235
0.019697
0.016258
0.011675
0.006618
0.001985
-0.002233
-0.006317
-0.009784
-0.012025
-0.013232
-0.013930
-0.014304
-0.014362
-0.014204
-0.013999
-0.013882
-0.013758
-0.013349
-0.012600
-0.011668
-0.010377
-0.008310
-0.005603
-0.002923
-0.000267
0.003261
0.007682
0.011625
0.014539
0.017389
0.020204
0.021390
0.020403
0.018688
0.017132
0.014802
0.011099
0.007128
0.003932
0.000981
-0.002593
-0.006351
-0.009190
-0.011078
-0.012963
-0.014938
-0.015843
-0.015293
-0.014594
-0.014599
-0.014199
-0.012316
-0.009859
-0.008170
-0.007174
-0.006212
-0.005055
-0.003535
-0.001379
0.001557
0.005284
0.009332
0.012687
0.015094
0.017547
0.020204
0.021537
0.020846
0.019215
0.017102
0.013722
0.009265
0.005103
0.001534
-0.002343
-0.006453
-0.009589
-0.011278
-0.012191
-0.012914
-0.013304
-0.013102
-0.012610
-0.012342
-0.012128
-0.011392
-0.010326
-0.009659
-0.009221
-0.008065
-0.006092
-0.004172
-0.002578
-0.000530
0.002514
0.006026
0.009183
0.011981
0.014839
0.017256
0.018177
0.017763
0.017107
0.016172
0.013880
0.010287
0.006726
0.003707
0.000503
-0.003124
-0.006406
-0.008857
-0.010874
-0.012767
-0.013965
-0.013857
-0.013000
-0.012503
-0.012315
-0.011365
-0.009461
-0.007629
-0.006428
-0.005504
-0.004741
-0.004206
-0.003376
-0.001698
0.000735
0.003660
0.006875
0.009928
0.012575
0.015135
0.017536
0.018945
0.018982
0.018023
0.016113
0.013025
0.009234
0.005479
0.001753
-0.002223
-0.006045
-0.009042
-0.011140
-0.012595
-0.013339
-0.013231
-0.012543
-0.011743
-0.010951
-0.009933
-0.008660
-0.007490
-0.006628
-0.005846
-0.004912
-0.003879
-0.002886
-0.001926
-0.000738
0.000974
0.003114
0.005440
0.008085
0.011012
0.013417
0.014676
0.015297
0.015835
0.015693
0.014136
0.011574
0.008797
0.005809
0.002266
-0.001641
-0.005341
-0.008523
-0.011282
-0.013580
-0.014794
-0.014544
-0.013654
-0.013029
-0.012094
-0.009952
-0.007250
-0.005161
-0.003673
-0.002498
-0.002008
-0.002066
-0.001766
-0.000841
0.000341
0.001914
0.004108
0.006446
0.008541
0.010702
0.012984
0.014839
0.015983
0.016401
0.015759
0.013891
0.011268
0.008316
0.004989
0.001238
-0.002716
-0.006519
-0.009769
-0.012163
-0.013654
-0.014330
-0.014350
-0.013894
-0.012889
-0.011113
-0.008795
-0.006545
-0.004643
-0.002977
-0.001547
-0.000463
0.000314
0.000861
0.001219
0.001614
0.002361
0.003533
0.005000
0.006583
0.008062
0.009365
0.010683
0.011956
0.012585
0.012100
0.010784
0.009228
0.007523
0.005285
0.002305
-0.001114
-0.004538
-0.007755
-0.010475
-0.012263
-0.013169
-0.013737
-0.014069
-0.013593
-0.011942
-0.009475
-0.006825
-0.004390
-0.002382
-0.000965
-0.000027
0.000806
0.001690
0.002536
0.003476
0.004728
0.006040
0.006974
0.007643
0.008532
0.009698
0.010733
0.011311
0.011276
0.010533
0.009250
0.007795
0.006188
0.004045
0.001239
-0.001813
-0.004610
-0.006959
-0.008875
-0.010443
-0.011727
-0.012596
-0.012807
-0.012256
-0.011008
-0.009273
-0.007378
-0.005475
-0.003501
-0.001517
0.000274
0.001702
0.002671
0.003380
0.004289
0.005373
0.006055
0.006309
0.006813
0.007709
0.008366
0.008547
0.008634
0.008636
0.008118
0.007068
0.005888
0.004631
0.002972
0.000820
-0.001511
-0.003697
-0.005761
-0.007782
-0.009431
-0.010383
-0.010940
-0.011489
-0.011595
-0.010639
-0.008962
-0.007320
-0.005791
-0.004188
-0.002702
-0.001446
-0.000127
0.001520
0.003478
0.005501
0.007120
0.008058
0.008654
0.009333
0.009962
0.010229
0.010129
0.009670
0.008739
0.007477
0.006192
0.004863
0.003181
0.001079
-0.001107
-0.002986
-0.004480
-0.005830
-0.007173
-0.008332
-0.009203
-0.009843
-0.010054
-0.009592
-0.008699
-0.007727
-0.006573
-0.005060
-0.003422
-0.001979
-0.000808
0.000143
0.001019
0.001982
0.003064
0.004357
0.005912
0.007206
0.007628
0.007549
0.007836
0.008543
0.008922
0.008459
0.007302
0.005855
0.004406
0.003030
0.001615
-0.000028
-0.001977
-0.004065
-0.005862
-0.007002
-0.007710
-0.008510
-0.009370
-0.009787
-0.009555
-0.008820
-0.007661
-0.006205
-0.004784
-0.003610
-0.002571
-0.001549
-0.000558
0.000562
0.002147
0.004185
0.006040
0.007068
0.007430
0.007849
0.008559
0.009121
0.009199
0.008784
0.007858
0.006534
0.005271
0.004309
0.003209
0.001503
-0.000522
-0.002207
-0.003380
-0.004404
-0.005566
-0.006733
-0.007622
-0.008200
-0.008533
-0.008469
-0.007922
-0.007161
-0.006309
-0.005115
-0.003585
-0.002143
-0.000960
0.000205
0.001409
0.002403
0.003112
0.003726
0.004409
0.005202
0.005994
0.006491
0.006495
0.006228
0.006107
0.006203
0.006072
0.005267
0.003956
0.002749
0.001883
0.000999
-0.000227
-0.001726
-0.003283
-0.004660
-0.005589
-0.006075
-0.006594
-0.007429
-0.008077
-0.007918
-0.007102
-0.006226
-0.005490
-0.004701
-0.003801
-0.002919
-0.002080
-0.001150
0.000047
0.001637
0.003540
0.005350
0.006579
0.007166
0.007565
0.008150
0.008691
0.008684
0.008025
0.007018
0.005904
0.004768
0.003669
0.002496
0.001030
-0.000639
-0.002134
-0.003286
-0.004287
-0.005316
-0.006316
-0.007127
-0.007628
-0.007738
-0.007432
-0.006820
-0.006067
-0.005163
-0.004015
-0.002751
-0.001628
-0.000658
0.000326
0.001275
0.001931
0.002216
0.002415
0.002982
0.004118
0.005403
0.006066
0.005890
0.005486
0.005467
0.005708
0.005603
0.004774
0.003429
0.002163
0.001382
0.000945
0.000382
-0.000666
-0.002139
-0.003531
-0.004331
-0.004644
-0.005067
-0.005772
-0.006359
-0.006588
-0.006494
-0.006045
-0.005329
-0.004604
-0.003859
-0.002927
-0.001999
-0.001387
-0.000931
-0.000089
0.001464
0.003405
0.004929
0.005586
0.005811
0.006239
0.006895
0.007379
0.007374
0.006779
0.005775
0.004795
0.004056
0.003260
0.002062
0.000578
-0.000772
-0.001683
-0.002269
-0.002969
-0.003952
-0.004877
-0.005489
-0.005940
-0.006291
-0.006333
-0.006053
-0.005589
-0.004813
-0.003680
-0.002610
-0.001861
-0.001142
-0.000235
0.000736
0.001613
0.002199
0.002364
0.002460
0.003050
0.004121
0.005058
0.005298
0.004847
0.004291
0.004157
0.004219
0.003852
0.002920
0.001807
0.000920
0.000485
0.000349
-0.000044
-0.000991
-0.002103
-0.002931
-0.003488
-0.003834
-0.003953
-0.004094
-0.004490
-0.004890
-0.004936
-0.004634
-0.004131
-0.003476
-0.002743
-0.002034
-0.001422
-0.001028
-0.000818
-0.000341
0.000797
0.002292
0.003488
0.004144
0.004495
0.004855
0.005355
0.005802
0.005819
0.005319
0.004618
0.004012
0.003505
0.002952
0.002215
0.001258
0.000231
-0.000613
-0.001225
-0.001858
-0.002671
-0.003471
-0.004078
-0.004590
-0.005070
-0.005345
-0.005280
-0.004915
-0.004346
-0.003712
-0.003165
-0.002707
-0.002159
-0.001356
-0.000365
0.000517
0.001072
0.001426
0.001903
0.002642
0.003498
0.004267
0.004797
0.004970
0.004825
0.004588
0.004352
0.003979
0.003386
0.002622
0.001710
0.000778
0.000126
-0.000238
-0.000668
-0.001318
-0.002109
-0.002963
-0.003640
-0.003863
-0.003799
-0.003874
-0.004132
-0.004292
-0.004203
-0.003838
-0.003228
-0.002589
-0.002099
-0.001626
-0.001065
-0.000591
-0.000322
-0.000045
0.000601
0.001684
0.002768
0.003367
0.003539
0.003718
0.004099
0.004513
0.004700
0.004477
0.003910
0.003345
0.002983
0.002597
0.001934
0.001103
0.000352
-0.000227
-0.000677
-0.001117
-0.001673
-0.002288
-0.002795
-0.003209
-0.003643
-0.004015
-0.004177
-0.004121
-0.003832
-0.003335
-0.002865
-0.002550
-0.002164
-0.001541
-0.000869
-0.000383
-0.000085
0.000165
0.000592
0.001383
0.002371
0.003092
0.003361
0.003502
0.003842
0.004248
0.004389
0.004162
0.003675
0.003043
0.002368
0.001714
0.001058
0.000445
0.000020
-0.000216
-0.000538
-0.001241
-0.002232
-0.003039
-0.003329
-0.003297
-0.003405
-0.003807
-0.004188
-0.004127
-0.003551
-0.002824
-0.002369
-0.002179
-0.001852
-0.001224
-0.000616
-0.000353
-0.000292
0.000034
0.000878
0.001985
0.002866
0.003321
0.003542
0.003761
0.004012
0.004151
0.003935
0.003312
0.002650
0.002294
0.002057
0.001585
0.000933
0.000372
0.000005
-0.000203
-0.000387
-0.000805
-0.001484
-0.002087
-0.002426
-0.002698
-0.003039
-0.003324
-0.003423
-0.003287
-0.002928
-0.002535
-0.002318
-0.002158
-0.001759
-0.001115
-0.000488
-0.000044
0.000271
0.000553
0.000807
0.001121
0.001738
0.002587
0.003151
0.003219
0.003130
0.003101
0.003064
0.002967
0.002681
0.002092
0.001424
0.000957
0.000634
0.000331
0.000076
-0.000148
-0.000420
-0.000772
-0.001264
-0.001916
-0.002498
-0.002734
-0.002681
-0.002636
-0.002748
-0.002915
-0.002911
-0.002567
-0.002008
-0.001563
-0.001302
-0.001001
-0.000567
-0.000151
0.000044
-0.000074
-0.000264
-0.000013
0.000825
0.001733
0.002254
0.002497
0.002681
0.002834
0.002990
0.003072
0.002850
0.002423
0.002149
0.001997
0.001665
0.001145
0.000656
0.000305
0.000062
-0.000176
-0.000537
-0.001024
-0.001455
-0.001686
-0.001854
-0.002171
-0.002545
-0.002677
-0.002519
-0.002286
-0.002090
-0.001884
-0.001668
-0.001401
-0.000993
-0.000550
-0.000311
-0.000260
-0.000165
0.000005
0.000169
0.000518
0.001188
0.001919
0.002418
0.002644
0.002613
0.002422
0.002373
0.002523
0.002466
0.002009
0.001427
0.000946
0.000554
0.000223
-0.000084
-0.000398
-0.000629
-0.000725
-0.000853
-0.001184
-0.001641
-0.001993
-0.002112
-0.002092
-0.002130
-0.002262
-0.002286
-0.002073
-0.001694
-0.001284
-0.000996
-0.000904
-0.000825
-0.000511
-0.000048
0.000210
0.000102
-0.000126
-0.000070
0.000403
0.001026
0.001479
0.001732
0.001895
0.002003
0.002108
0.002202
0.002106
0.001798
0.001566
0.001501
0.001343
0.001036
0.000813
0.000736
0.000660
0.000515
0.000262
-0.000156
-0.000600
-0.000860
-0.001029
-0.001316
-0.001666
-0.001900
-0.001984
-0.001953
-0.001851
-0.001767
-0.001721
-0.001603
-0.001347
-0.001036
-0.000812
-0.000696
-0.000520
-0.000169
0.000179
0.000300
0.000307
0.000570
0.001248
0.002039
0.002445
0.002283
0.001855
0.001605
0.001651
0.001711
0.001469
0.000995
0.000646
0.000532
0.000415
0.000148
-0.000127
-0.000230
-0.000182
-0.000175
-0.000376
-0.000775
-0.001192
-0.001424
-0.001445
-0.001450
-0.001604
-0.001802
-0.001807
-0.001573
-0.001279
-0.001089
-0.000971
-0.000778
-0.000465
-0.000142
0.000054
0.000032
-0.000212
-0.000519
-0.000598
-0.000254
0.000344
0.000850
0.001196
0.001512
0.001755
0.001817
0.001792
0.001795
0.001752
0.001620
0.001476
0.001282
0.000984
0.000755
0.000699
0.000594
0.000302
0.000010
-0.000166
-0.000330
-0.000531
-0.000749
-0.001036
-0.001362
-0.001537
-0.001495
-0.001386
-0.001314
-0.001238
-0.001136
-0.001073
-0.001082
-0.001079
-0.000997
-0.000870
-0.000674
-0.000353
-0.000010
0.000192
0.000272
0.000363
0.000510
0.000707
0.001024
0.001405
0.001609
0.001593
0.001545
0.001520
0.001441
0.001273
0.001042
0.000811
0.000629
0.000464
0.000277
0.000096
-0.000022
-0.000051
-0.000031
-0.000092
-0.000357
-0.000750
-0.001067
-0.001229
-0.001317
-0.001402
-0.001484
-0.001516
-0.001450
-0.001287
-0.001081
-0.000879
-0.000707
-0.000557
-0.000390
-0.000215
-0.000081
0.000028
0.000137
0.000164
0.000056
-0.000011
0.000173
0.000536
0.000843
0.001006
0.001067
0.001036
0.000948
0.000915
0.000986
0.001058
0.001040
0.000970
0.000869
0.000700
0.000521
0.000436
0.000409
0.000363
0.000288
0.000145
-0.000092
-0.000306
-0.000428
-0.000571
-0.000794
-0.000970
-0.001012
-0.001007
-0.001006
-0.000973
-0.000945
-0.000984
-0.001011
-0.000940
-0.000831
-0.000708
-0.000495
-0.000203
0.000076
0.000219
0.000158
0.000068
0.000158
0.000345
0.000543
0.000897
0.001361
0.001588
0.001478
0.001264
0.001078
0.000938
0.000869
0.000754
0.000480
0.000222
0.000124
0.000006
-0.000217
-0.000333
-0.000260
-0.000150
-0.000077
-0.000064
-0.000215
-0.000522
-0.000858
-0.001149
-0.001320
-0.001306
-0.001194
-0.001089
-0.000975
-0.000860
-0.000786
-0.000663
-0.000445
-0.000257
-0.000137
-0.000008
0.000088
0.000086
0.000087
0.000168
0.000209
0.000117
0.000015
0.000102
0.000404
0.000700
0.000821
0.000877
0.000963
0.000982
0.000945
0.000999
0.001108
0.001128
0.001075
0.000950
0.000669
0.000338
0.000151
0.000063
-0.000057
-0.000183
-0.000275
-0.000369
-0.000448
-0.000485
-0.000536
-0.000651
-0.000812
-0.000951
-0.000980
-0.000911
-0.000861
-0.000856
-0.000843
-0.000850
-0.000839
-0.000626
-0.000220
0.000125
0.000307
0.000422
0.000467
0.000403
0.000324
0.000314
0.000371
0.000494
0.000648
0.000751
0.000787
0.000775
0.000714
0.000661
0.000660
0.000598
0.000399
0.000202
0.000102
0.000002
-0.000152
-0.000288
-0.000357
-0.000349
-0.000261
-0.000157
-0.000108
-0.000080
-0.000040
-0.000079
-0.000335
-0.000786
-0.001176
-0.001241
-0.001031
-0.000848
-0.000818
-0.000753
-0.000515
-0.000221
-0.000001
0.000143
0.000226
0.000277
0.000338
0.000371
0.000318
0.000253
0.000302
0.000439
0.000530
0.000521
0.000458
0.000362
0.000227
0.000097
0.000027
0.000010
0.000036
0.000133
0.000302
0.000452
0.000491
0.000459
0.000441
0.000411
0.000344
0.000306
0.000275
0.000176
0.000055
-0.000046
-0.000178
-0.000286
-0.000244
-0.000133
-0.000152
-0.000254
-0.000278
-0.000289
-0.000396
-0.000503
-0.000524
-0.000520
-0.000547
-0.000555
-0.000493
-0.000393
-0.000292
-0.000171
-0.000052
0.000004
0.000046
0.000162
0.000290
0.000273
-0.000009
-0.000498
-0.000779
-0.000366
0.000610
0.001399
0.001517
0.001223
0.001014
0.001039
0.001063
0.000816
0.000367
0.000051
-0.000027
-0.000136
-0.000431
-0.000683
-0.000654
-0.000434
-0.000272
-0.000260
-0.000271
-0.000154
0.000012
-0.000042
-0.000405
-0.000850
-0.001129
-0.001187
-0.001077
-0.000895
-0.000723
-0.000580
-0.000436
-0.000277
-0.000110
0.000081
0.000305
0.000508
0.000616
0.000608
0.000536
0.000498
0.000545
0.000634
0.000667
0.000595
0.000474
0.000389
0.000359
0.000334
0.000230
0.000029
-0.000167
-0.000233
-0.000170
-0.000178
-0.000446
-0.000813
-0.000911
-0.000666
-0.000355
-0.000182
-0.000061
0.000130
0.000345
0.000481
0.000529
0.000523
0.000489
0.000469
0.000476
0.000466
0.000428
0.000400
0.000385
0.000360
0.000319
0.000219
0.000024
-0.000154
-0.000207
-0.000229
-0.000319
-0.000401
-0.000422
-0.000463
-0.000553
-0.000607
-0.000585
-0.000539
-0.000478
-0.000359
-0.000193
-0.000015
0.000180
0.000367
0.000458
0.000425
0.000345
0.000295
0.000288
0.000286
0.000266
0.000225
0.000161
0.000075
-0.000008
-0.000061
-0.000090
-0.000107
-0.000110
-0.000110
-0.000150
-0.000250
-0.000353
-0.000388
-0.000374
-0.000358
-0.000349
-0.000347
-0.000324
-0.000223
-0.000084
-0.000027
-0.000068
-0.000098
-0.000029
0.000095
0.000148
0.000108
0.000089
0.000169
0.000292
0.000346
0.000312
0.000283
0.000328
0.000385
0.000346
0.000201
0.000032
-0.000069
-0.000072
-0.000060
-0.000116
-0.000187
-0.000187
-0.000141
-0.000137
-0.000186
-0.000225
-0.000230
-0.000219
-0.000199
-0.000169
-0.000130
-0.000076
-0.000015
0.000060
0.000177
0.000302
0.000350
0.000348
0.000389
0.000431
0.000386
0.000321
0.000315
0.000305
0.000232
0.000142
0.000094
0.000084
0.000071
0.000055
0.000044
0.000022
-0.000013
-0.000047
-0.000067
-0.000094
-0.000189
-0.000345
-0.000449
-0.000447
-0.000402
-0.000348
-0.000296
-0.000279
-0.000292
-0.000291
-0.000244
-0.000125
0.000042
0.000173
0.000195
0.000129
0.000060
0.000052
0.000079
0.000102
0.000149
0.000239
0.000294
0.000237
0.000119
0.000059
0.000095
0.000132
0.000068
-0.000052
-0.000099
-0.000088
-0.000153
-0.000289
-0.000345
-0.000328
-0.000330
-0.000234
0.000053
0.000318
0.000340
0.000194
0.000068
0.000023
0.000020
0.000022
-0.000011
-0.000085
-0.000142
-0.000136
-0.000098
-0.000111
-0.000186
-0.000231
-0.000188
-0.000100
-0.000023
0.000022
0.000033
0.000020
0.000007
0.000020
0.000051
0.000085
0.000156
0.000261
0.000299
0.000237
0.000173
0.000121
0.000001
-0.000130
-0.000133
-0.000044
0.000002
0.000014
0.000047
0.000068
0.000056
0.000049
0.000061
0.000088
0.000135
0.000175
0.000188
0.000212
0.000253
0.000237
0.000148
0.000090
0.000121
0.000170
0.000124
-0.000007
-0.000082
-0.000052
-0.000037
-0.000109
-0.000202
-0.000233
-0.000199
-0.000149
-0.000131
-0.000145
-0.000141
-0.000103
-0.000087
-0.000130
-0.000192
-0.000231
-0.000233
-0.000198
-0.000170
-0.000160
-0.000084
0.000071
0.000158
0.000104
0.000016
-0.000007
0.000003
-0.000020
-0.000057
-0.000025
0.000082
0.000171
0.000190
0.000179
0.000163
0.000101
0.000002
-0.000044
-0.000004
0.000031
0.000010
-0.000001
0.000029
0.000034
-0.000008
-0.000021
0.000027
0.000071
0.000051
-0.000017
-0.000094
-0.000168
-0.000217
-0.000205
-0.000146
-0.000088
-0.000011
0.000102
0.000152
0.000087
-0.000001
-0.000038
-0.000022
0.000022
0.000052
0.000052
0.000067
0.000124
0.000156
0.000083
-0.000045
-0.000085
-0.000001
0.000100
0.000131
0.000112
0.000088
0.000044
-0.000024
-0.000079
-0.000110
-0.000113
-0.000071
-0.000021
-0.000026
-0.000042
0.000016
0.000084
0.000026
-0.000105
-0.000123
0.000007
0.000136
0.000145
0.000084
0.000040
0.000008
-0.000003
0.000033
0.000003
-0.000179
-0.000355
-0.000392
-0.000345
-0.000235
-0.000035
0.000143
0.000177
0.000156
0.000216
0.000304
0.000335
0.000349
0.000363
0.000321
0.000232
0.000150
0.000101
0.000066
0.000000
-0.000091
-0.000138
-0.000130
-0.000134
-0.000172
-0.000203
-0.000199
-0.000142
-0.000065
-0.000067
-0.000170
-0.000267
-0.000297
-0.000311
-0.000313
-0.000190
0.000061
0.000276
0.000351
0.000324
0.000259
0.000203
0.000181
0.000174
0.000137
0.000051
-0.000070
-0.000181
-0.000239
-0.000235
-0.000226
-0.000252
-0.000247
-0.000167
-0.000087
-0.000079
-0.000112
-0.000126
-0.000100
-0.000058
-0.000025
0.000004
0.000055
0.000146
0.000231
0.000237
0.000169
0.000124
0.000137
0.000147
0.000144
0.000180
0.000217
0.000160
0.000016
-0.000117
-0.000146
-0.000058
0.000053
0.000074
0.000043
0.000076
0.000159
0.000169
0.000072
-0.000040
-0.000096
-0.000098
-0.000094
-0.000151
-0.000248
-0.000272
-0.000224
-0.000206
-0.000197
-0.000112
0.000001
0.000069
0.000113
0.000134
0.000111
0.000081
0.000069
0.000064
0.000072
0.000091
0.000097
0.000094
0.000089
0.000048
-0.000019
-0.000033
0.000012
0.000040
0.000034
0.000027
0.000016
0.000011
0.000028
0.000029
-0.000016
-0.000059
