3840
-0.000041
0.000025
0.000042
0.000020
-0.000011
-0.000034
-0.000038
-0.000020
-0.000011
-0.000041
-0.000056
0.000001
0.000065
0.000039
-0.000031
-0.000042
-0.000012
-0.000021
-0.000046
-0.000009
0.000094
0.000170
0.000160
0.000121
0.000103
0.000065
0.000012
0.000000
0.000003
-0.000030
-0.000054
-0.000038
-0.000040
-0.000103
-0.000163
-0.000115
0.000033
0.000151
0.000172
0.000113
-0.000054
-0.000297
-0.000442
-0.000421
-0.000322
-0.000192
-0.000048
0.000046
0.000057
0.000056
0.000104
0.000184
0.000296
0.000423
0.000450
0.000350
0.000257
0.000212
0.000141
0.000071
0.000069
0.000067
0.000004
-0.000034
-0.000009
-0.000037
-0.000145
-0.000197
-0.000154
-0.000100
-0.000064
-0.000044
-0.000073
-0.000135
-0.000184
-0.000220
-0.000224
-0.000131
0.000032
0.000156
0.000200
0.000189
0.000127
0.000043
0.000018
0.000047
0.000044
0.000015
-0.000006
-0.000081
-0.000217
-0.000291
-0.000237
-0.000139
-0.000083
-0.000053
-0.000013
0.000011
0.000005
-0.000006
-0.000012
-0.000019
-0.000018
-0.000015
-0.000016
0.000004
0.000065
0.000136
0.000159
0.000092
-0.000020
-0.000034
0.000082
0.000174
0.000139
0.000067
0.000061
0.000098
0.000124
0.000139
0.000139
0.000087
0.000006
-0.000055
-0.000116
-0.000162
-0.000133
-0.000082
-0.000118
-0.000189
-0.000200
-0.000175
-0.000130
-0.000040
0.000040
0.000067
0.000096
0.000146
0.000152
0.000114
0.000096
0.000103
0.000092
0.000048
0.000007
0.000015
0.000051
0.000047
-0.000019
-0.000108
-0.000164
-0.000149
-0.000075
-0.000018
-0.000051
-0.000121
-0.000099
-0.000001
0.000039
0.000008
0.000004
0.000041
0.000034
-0.000021
-0.000024
0.000060
0.000121
0.000073
-0.000012
-0.000028
0.000024
0.000071
0.000029
-0.000087
-0.000153
-0.000108
-0.000031
0.000004
0.000011
0.000020
0.000031
0.000037
0.000039
0.000054
0.000091
0.000123
0.000121
0.000098
0.000082
0.000065
0.000032
0.000011
0.000020
0.000006
-0.000062
-0.000098
-0.000046
0.000021
0.000009
-0.000095
-0.000242
-0.000354
-0.000323
-0.000074
0.000280
0.000501
0.000482
0.000344
0.000241
0.000164
0.000042
-0.000090
-0.000168
-0.000207
-0.000237
-0.000264
-0.000303
-0.000336
-0.000337
-0.000313
-0.000273
-0.000210
-0.000142
-0.000104
-0.000080
-0.000011
0.000081
0.000111
0.000088
0.000107
0.000180
0.000245
0.000301
0.000374
0.000417
0.000378
0.000271
0.000110
-0.000082
-0.000239
-0.000307
-0.000267
-0.000132
0.000015
0.000077
0.000060
0.000022
-0.000009
-0.000008
0.000032
0.000075
0.000079
0.000058
0.000079
0.000149
0.000160
0.000053
-0.000071
-0.000087
-0.000023
-0.000002
-0.000040
-0.000066
-0.000075
-0.000126
-0.000194
-0.000206
-0.000157
-0.000088
-0.000009
0.000056
0.000061
0.000005
-0.000050
-0.000039
0.000039
0.000105
0.000081
0.000017
0.000039
0.000122
0.000117
0.000029
0.000013
0.000079
0.000063
-0.000062
-0.000133
-0.000080
-0.000008
0.000010
0.000003
-0.000008
-0.000011
0.000022
0.000063
0.000049
0.000015
0.000029
0.000038
-0.000015
-0.000051
-0.000018
0.000007
-0.000031
-0.000060
-0.000030
-0.000004
-0.000041
-0.000097
-0.000110
-0.000083
-0.000053
-0.000028
0.000016
0.000098
0.000173
0.000164
0.000087
0.000033
0.000004
-0.000043
-0.000060
-0.000027
-0.000012
-0.000031
-0.000009
0.000057
0.000056
-0.000023
-0.000053
-0.000001
0.000030
0.000010
0.000002
0.000022
0.000036
0.000015
-0.000038
-0.000070
-0.000032
0.000021
0.000016
-0.000005
0.000017
0.000055
0.000052
0.000008
-0.000027
-0.000024
0.000001
0.000044
0.000057
-0.000020
-0.000115
-0.000116
-0.000064
-0.000040
-0.000027
-0.000041
-0.000167
-0.000349
-0.000405
-0.000296
-0.000147
-0.000058
-0.000035
-0.000020
0.000069
0.000254
0.000423
0.000446
0.000357
0.000287
0.000280
0.000308
0.000346
0.000342
0.000265
0.000147
0.000012
-0.000104
-0.000131
-0.000078
-0.000051
-0.000108
-0.000210
-0.000279
-0.000272
-0.000217
-0.000174
-0.000169
-0.000173
-0.000144
-0.000085
-0.000028
0.000014
0.000059
0.000106
0.000124
0.000118
0.000122
0.000116
0.000054
-0.000038
-0.000090
-0.000115
-0.000160
-0.000202
-0.000183
-0.000106
-0.000032
-0.000014
-0.000031
-0.000032
-0.000029
-0.000050
-0.000068
-0.000046
0.000003
0.000035
0.000021
-0.000002
0.000030
0.000109
0.000178
0.000218
0.000237
0.000173
0.000012
-0.000081
-0.000017
0.000044
0.000006
-0.000003
0.000077
0.000106
0.000024
-0.000034
0.000017
0.000092
0.000090
0.000045
0.000020
-0.000016
-0.000089
-0.000160
-0.000192
-0.000174
-0.000108
-0.000038
0.000005
0.000047
0.000079
0.000055
-0.000025
-0.000090
-0.000075
-0.000018
-0.000004
-0.000000
0.000066
0.000139
0.000130
0.000049
-0.000025
-0.000032
0.000003
-0.000036
-0.000164
-0.000195
-0.000076
0.000003
-0.000022
-0.000022
0.000042
0.000068
0.000012
-0.000052
-0.000028
0.000085
0.000186
0.000185
0.000117
0.000070
0.000063
0.000037
-0.000041
-0.000112
-0.000109
-0.000039
0.000014
-0.000024
-0.000104
-0.000113
-0.000040
0.000004
-0.000020
-0.000017
0.000054
0.000115
0.000096
0.000034
0.000018
0.000038
0.000026
-0.000011
-0.000010
0.000018
0.000012
-0.000497
-0.002434
-0.004061
-0.000655
0.006258
0.007291
0.000561
-0.003868
-0.000782
0.002661
0.000382
-0.003562
-0.003119
0.000663
0.002351
0.000302
-0.001710
-0.000656
0.001521
0.001448
-0.000588
-0.001750
-0.001137
-0.000317
-0.000315
-0.000464
-0.000069
0.000469
0.000447
-0.000102
-0.000404
-0.000031
0.000405
0.000309
0.000128
0.000425
0.000764
0.000445
-0.000089
-0.000034
0.000021
-0.000523
-0.000608
0.000292
0.000806
0.000174
-0.000355
0.000070
0.000257
-0.000560
-0.001019
-0.000287
0.000506
0.000671
0.000688
0.000487
-0.000435
-0.001186
-0.000199
0.001441
0.001062
-0.000565
-0.000427
0.001013
0.000874
-0.000829
-0.001615
-0.000552
0.000844
0.000569
-0.001039
-0.001156
0.000537
0.000742
-0.000736
-0.000540
0.000893
0.000637
-0.000333
-0.000250
-0.000322
-0.000854
-0.000408
0.000662
0.001101
0.000965
0.000348
-0.000644
-0.000651
0.000634
0.000822
-0.000785
-0.001004
0.001124
0.002075
0.000006
-0.002147
-0.001248
0.000712
0.000046
-0.001520
-0.000378
0.001687
0.001335
-0.000549
-0.001758
-0.001516
0.000371
0.002260
0.001491
-0.001203
-0.002365
-0.000390
0.002383
0.001728
-0.001746
-0.002103
0.001312
0.002485
-0.000002
-0.001533
-0.000385
0.000531
-0.000435
-0.000974
0.000583
0.001556
0.000557
0.000124
0.000078
-0.001165
-0.001545
0.000155
0.001536
0.000741
-0.000863
-0.001025
-0.000272
-0.000368
-0.000691
0.000148
0.000804
-0.000373
-0.000932
0.001159
0.002295
-0.000038
-0.001829
0.000110
0.002265
0.001015
-0.000904
-0.000465
0.000018
-0.000600
0.000193
0.000850
-0.001606
-0.002527
0.000998
0.001899
-0.001821
-0.002484
0.001183
0.002323
-0.000549
-0.002113
-0.000275
0.001578
0.000744
-0.001217
-0.000944
0.001382
0.001933
-0.000188
-0.001304
0.000306
0.001760
0.000641
-0.000976
0.000105
0.002006
0.001112
-0.000912
-0.001039
-0.000072
0.000172
-0.000288
-0.000835
-0.001150
-0.000746
-0.000090
-0.000101
-0.000368
-0.000149
0.000200
0.000258
0.000695
0.000935
-0.000093
-0.000524
0.000637
0.000768
-0.001129
-0.001773
0.000767
0.002640
0.000594
-0.001657
-0.000093
0.001873
-0.000083
-0.002395
-0.000411
0.002257
0.000683
-0.001769
-0.000480
0.001022
-0.000794
-0.001982
-0.000190
0.000654
-0.001112
-0.001656
0.000520
0.001485
-0.000535
-0.001808
-0.000087
0.001893
0.001820
0.000651
0.000255
0.001312
0.001917
0.000043
-0.002100
-0.001139
0.001554
0.002127
-0.000140
-0.002517
-0.002346
-0.000218
0.000782
-0.000351
-0.000978
0.000470
0.001514
0.000178
-0.001309
-0.000772
-0.000085
-0.000790
-0.000671
0.001296
0.002594
0.001336
-0.001349
-0.002589
-0.001017
0.001293
0.001809
0.000776
-0.000243
-0.000246
0.000766
0.000883
-0.000831
-0.001570
-0.000206
0.000306
-0.000259
0.000632
0.001439
-0.000055
-0.001158
-0.000164
0.000349
-0.000348
-0.000254
0.000421
-0.000007
-0.000850
-0.000545
0.000054
-0.000734
-0.001762
-0.000626
0.001465
0.001657
0.000766
0.000621
0.000253
-0.000775
-0.000905
-0.000174
0.000445
0.001328
0.001737
0.000137
-0.001931
-0.001629
0.000378
0.001243
0.000956
0.001192
0.001171
-0.000254
-0.001762
-0.001989
-0.001465
-0.000768
0.000414
0.001546
0.001195
-0.000449
-0.001518
-0.001512
-0.001192
-0.000018
0.002056
0.002788
0.001359
-0.000133
-0.000614
-0.001272
-0.002271
-0.001861
0.000384
0.002218
0.001963
0.000767
0.000109
-0.000386
-0.000883
-0.000184
0.001415
0.001871
0.001060
0.000285
-0.000743
-0.002285
-0.002826
-0.001743
-0.000404
0.000355
0.000882
0.001200
0.000862
-0.000242
-0.001591
-0.001920
-0.000372
0.001449
0.001385
0.000445
0.000521
0.000696
-0.000322
-0.001405
-0.001075
0.000246
0.001124
0.001028
0.000686
0.000612
0.000332
-0.000363
-0.000820
-0.000760
-0.000533
-0.000180
0.000379
0.000855
0.000920
0.000397
-0.000554
-0.001145
-0.000765
0.000094
0.000624
0.000792
0.000972
0.000858
-0.000173
-0.001349
-0.001310
-0.000496
-0.000018
0.000368
0.001039
0.001220
0.000268
-0.001075
-0.001626
-0.001295
-0.000646
0.000287
0.001249
0.001325
0.000400
-0.000635
-0.001108
-0.000786
0.000174
0.000866
0.000654
0.000324
0.000563
0.000562
-0.000175
-0.000665
-0.000359
-0.000007
-0.000000
0.000118
0.000411
0.000289
-0.000324
-0.000699
-0.000493
-0.000106
0.000068
-0.000043
-0.000216
-0.000143
0.000083
0.000127
0.000170
0.000573
0.000897
0.000519
-0.000153
-0.000257
0.000221
0.000582
0.000395
-0.000084
-0.000266
-0.000086
-0.000083
-0.000389
-0.000569
-0.000473
-0.000311
-0.000161
0.000049
0.000284
0.000282
-0.000112
-0.000558
-0.000658
-0.000499
-0.000263
0.000113
0.000477
0.000463
0.000165
-0.000062
-0.000283
-0.000604
-0.000652
-0.000189
0.000347
0.000477
0.000354
0.000293
0.000158
-0.000225
-0.000565
-0.000521
-0.000110
0.000479
0.000957
0.001015
0.000682
0.000231
-0.000178
-0.000412
-0.000303
0.000058
0.000360
0.000458
0.000406
0.000278
0.000110
-0.000171
-0.000613
-0.000922
-0.000718
-0.000174
0.000146
0.000111
0.000040
0.000042
-0.000022
-0.000072
0.000127
0.000501
0.000732
0.000710
0.000618
0.000589
0.000535
0.000387
0.000237
0.000163
0.000128
0.000092
0.000076
0.000041
-0.000171
-0.000581
-0.000873
-0.000812
-0.000619
-0.000623
-0.000838
-0.001100
-0.001264
-0.001265
-0.001208
-0.001214
-0.001224
-0.001096
-0.000803
-0.000426
-0.000061
0.000234
0.000414
0.000504
0.000649
0.000938
0.001257
0.001449
0.001500
0.001374
0.000798
-0.000360
-0.001446
-0.001486
-0.000433
0.000803
0.001540
0.001885
0.002072
0.001935
0.001452
0.001180
0.001517
0.002100
0.002428
0.002475
0.002368
0.001956
0.000995
-0.000415
-0.001752
-0.002470
-0.002465
-0.002114
-0.001813
-0.001706
-0.001868
-0.002329
-0.002823
-0.002880
-0.002396
-0.001941
-0.001994
-0.002117
-0.001654
-0.000834
-0.000393
-0.000560
-0.000977
-0.001212
-0.000986
-0.000243
0.000789
0.001668
0.002009
0.001803
0.001357
0.000852
0.000094
-0.001144
-0.002548
-0.003274
-0.002572
-0.000347
0.002560
0.004720
0.005161
0.004182
0.003021
0.002650
0.003139
0.004186
0.005479
0.006432
0.006382
0.005316
0.003869
0.002352
0.000456
-0.001792
-0.003600
-0.004330
-0.004226
-0.004037
-0.004421
-0.005720
-0.007627
-0.008921
-0.008525
-0.006891
-0.005298
-0.004164
-0.003086
-0.001874
-0.000633
0.000555
0.001430
0.001690
0.001704
0.002318
0.003759
0.005480
0.006861
0.007348
0.006504
0.004730
0.003414
0.003491
0.004336
0.004809
0.004523
0.003511
0.001793
-0.000277
-0.002096
-0.003502
-0.004829
-0.006309
-0.008145
-0.010515
-0.012378
-0.011606
-0.007740
-0.003235
-0.000865
-0.000888
-0.001571
-0.001510
-0.000307
0.002047
0.005057
0.007616
0.008910
0.009170
0.009188
0.009263
0.008937
0.007668
0.005530
0.003438
0.002503
0.002816
0.003257
0.002674
0.000799
-0.001894
-0.004736
-0.007268
-0.009234
-0.010126
-0.009307
-0.007211
-0.005460
-0.004945
-0.004979
-0.004912
-0.005004
-0.005168
-0.004390
-0.002229
0.000349
0.002401
0.004025
0.005421
0.006272
0.006289
0.005524
0.004451
0.004080
0.005104
0.006772
0.007598
0.007069
0.005658
0.003552
0.000708
-0.002169
-0.004059
-0.005051
-0.006393
-0.008748
-0.010897
-0.010987
-0.008841
-0.005936
-0.003489
-0.001869
-0.001367
-0.001883
-0.001878
0.000321
0.003919
0.006491
0.007316
0.007722
0.008412
0.008664
0.008171
0.007544
0.006758
0.005178
0.003246
0.002224
0.002285
0.002255
0.001137
-0.001040
-0.003669
-0.006056
-0.007733
-0.008853
-0.009599
-0.009232
-0.007327
-0.005287
-0.004590
-0.004568
-0.003958
-0.003185
-0.002950
-0.002242
-0.000112
0.002346
0.003831
0.004756
0.005871
0.006755
0.006705
0.005887
0.005071
0.004906
0.005461
0.006050
0.005834
0.004715
0.003092
0.000986
-0.001607
-0.003913
-0.005231
-0.006300
-0.008455
-0.011255
-0.012459
-0.010978
-0.008070
-0.005106
-0.002385
-0.000443
-0.000034
-0.000286
0.000868
0.003707
0.006215
0.007185
0.007613
0.008433
0.009105
0.009128
0.008955
0.008623
0.007295
0.004947
0.002901
0.001977
0.001443
0.000299
-0.001563
-0.003767
-0.005903
-0.007466
-0.008446
-0.009434
-0.010218
-0.009699
-0.007873
-0.006023
-0.004759
-0.003683
-0.002869
-0.002719
-0.002493
-0.000992
0.001424
0.003373
0.004579
0.005783
0.007071
0.007730
0.007476
0.006817
0.006349
0.006270
0.006304
0.005888
0.004754
0.003102
0.001104
-0.001193
-0.003472
-0.005327
-0.007076
-0.009506
-0.012095
-0.012916
-0.011197
-0.008158
-0.005005
-0.002152
-0.000268
0.000190
0.000438
0.002115
0.004614
0.006044
0.006329
0.006844
0.007860
0.008624
0.009087
0.009553
0.009320
0.007570
0.005045
0.003105
0.001824
0.000369
-0.001550
-0.003534
-0.005254
-0.006676
-0.007846
-0.008758
-0.009184
-0.008832
-0.007963
-0.007207
-0.006547
-0.005397
-0.003868
-0.002687
-0.001726
-0.000206
0.001704
0.003129
0.004081
0.005140
0.006157
0.006635
0.006603
0.006410
0.006230
0.006119
0.006033
0.005706
0.004946
0.003757
0.002065
-0.000097
-0.002242
-0.003980
-0.005825
-0.008611
-0.011788
-0.013392
-0.012431
-0.009892
-0.006848
-0.003575
-0.000811
0.000552
0.001327
0.003149
0.005516
0.006393
0.005809
0.005824
0.006959
0.007916
0.008478
0.009405
0.009992
0.008819
0.006382
0.004294
0.002706
0.000746
-0.001637
-0.003872
-0.005681
-0.007063
-0.008161
-0.009073
-0.009399
-0.008690
-0.007502
-0.006780
-0.006239
-0.005028
-0.003580
-0.002821
-0.002263
-0.000849
0.001080
0.002460
0.003407
0.004772
0.006380
0.007241
0.007127
0.006715
0.006426
0.006078
0.005514
0.004902
0.004342
0.003525
0.002061
0.000057
-0.001911
-0.003637
-0.005885
-0.009236
-0.012387
-0.013259
-0.011769
-0.009465
-0.006814
-0.003421
-0.000235
0.001526
0.002797
0.004961
0.006934
0.006975
0.005977
0.005979
0.006865
0.007269
0.007336
0.007938
0.008425
0.007647
0.006026
0.004527
0.002926
0.000607
-0.002186
-0.004822
-0.007010
-0.008706
-0.009953
-0.010695
-0.010498
-0.009092
-0.007202
-0.005753
-0.004507
-0.002900
-0.001526
-0.001045
-0.000619
0.000651
0.002027
0.002676
0.003348
0.004903
0.006626
0.007386
0.007299
0.007136
0.007013
0.006518
0.005577
0.004482
0.003313
0.001780
-0.000248
-0.002348
-0.003986
-0.005423
-0.007586
-0.010443
-0.012359
-0.012167
-0.010623
-0.008613
-0.005812
-0.002408
0.000194
0.001739
0.003693
0.006333
0.007926
0.007872
0.007772
0.008392
0.008583
0.007924
0.007550
0.007766
0.007393
0.005957
0.004361
0.003056
0.001427
-0.000785
-0.003099
-0.005272
-0.007380
-0.009352
-0.010979
-0.011751
-0.011069
-0.009297
-0.007551
-0.005973
-0.003868
-0.001601
-0.000194
0.000681
0.002001
0.003260
0.003418
0.003116
0.003670
0.004874
0.005673
0.005964
0.006271
0.006612
0.006680
0.006412
0.005864
0.004924
0.003424
0.001341
-0.001094
-0.003481
-0.005697
-0.008174
-0.010961
-0.012828
-0.012632
-0.010968
-0.008845
-0.006041
-0.002498
0.000527
0.002419
0.004244
0.006406
0.007588
0.007336
0.007089
0.007524
0.007563
0.006846
0.006496
0.006830
0.006788
0.005970
0.005023
0.003998
0.002291
-0.000029
-0.002326
-0.004413
-0.006541
-0.008963
-0.011513
-0.012943
-0.011949
-0.009409
-0.007358
-0.005770
-0.003252
-0.000339
0.001263
0.001875
0.002936
0.003978
0.003700
0.002798
0.002840
0.003644
0.004078
0.004148
0.004588
0.005427
0.006112
0.006301
0.006026
0.005454
0.004495
0.002684
-0.000115
-0.003189
-0.005919
-0.008754
-0.011947
-0.014037
-0.013610
-0.011507
-0.009103
-0.006084
-0.002093
0.001607
0.004080
0.006093
0.008087
0.009041
0.008637
0.008117
0.007983
0.007320
0.005990
0.005105
0.005032
0.005039
0.004767
0.004324
0.003459
0.001973
0.000174
-0.001732
-0.003886
-0.006377
-0.009072
-0.011451
-0.012652
-0.012260
-0.010723
-0.008594
-0.005953
-0.003052
-0.000509
0.001577
0.003585
0.005250
0.005800
0.005247
0.004433
0.003871
0.003405
0.002928
0.002714
0.002919
0.003359
0.003885
0.004549
0.005251
0.005513
0.004842
0.003219
0.000983
-0.001672
-0.004832
-0.008391
-0.011592
-0.013438
-0.013661
-0.012666
-0.010523
-0.007052
-0.002888
0.000893
0.004179
0.007383
0.009918
0.010833
0.010556
0.010135
0.009325
0.007366
0.004986
0.003561
0.003055
0.002601
0.002203
0.002209
0.002129
0.001368
0.000221
-0.000888
-0.002346
-0.004725
-0.007730
-0.010266
-0.011436
-0.011308
-0.010467
-0.009041
-0.006821
-0.004118
-0.001527
0.000999
0.003724
0.005996
0.006845
0.006466
0.005833
0.005207
0.004238
0.003075
0.002281
0.001953
0.001793
0.001872
0.002550
0.003632
0.004290
0.004005
0.003007
0.001563
-0.000530
-0.003510
-0.007040
-0.010170
-0.012140
-0.012985
-0.012793
-0.011060
-0.007713
-0.003756
0.000046
0.003920
0.007781
0.010618
0.012019
0.012727
0.012855
0.011424
0.008430
0.005411
0.003305
0.001554
-0.000213
-0.001424
-0.001873
-0.002110
-0.002259
-0.001886
-0.001225
-0.001311
-0.002716
-0.005000
-0.007243
-0.008556
-0.008730
-0.008467
-0.008216
-0.007310
-0.005161
-0.002413
0.000124
0.002589
0.005117
0.007014
0.007837
0.008023
0.007774
0.006728
0.004975
0.003228
0.001878
0.000729
-0.000191
-0.000471
-0.000099
0.000451
0.000808
0.000814
0.000308
-0.000839
-0.002692
-0.005072
-0.007327
-0.008953
-0.010122
-0.010761
-0.010033
-0.007720
-0.004804
-0.001832
0.001641
0.005494
0.008768
0.011248
0.013372
0.014526
0.013628
0.011189
0.008655
0.006269
0.003450
0.000431
-0.002135
-0.004216
-0.005825
-0.006433
-0.005875
-0.004970
-0.004625
-0.004886
-0.005124
-0.004842
-0.004238
-0.003905
-0.003969
-0.003970
-0.003673
-0.003211
-0.002417
-0.001019
0.000565
0.001707
0.002636
0.003909
0.005225
0.005890
0.005951
0.005852
0.005528
0.004733
0.003704
0.002800
0.001952
0.000963
-0.000058
-0.000945
-0.001856
-0.003033
-0.004430
-0.005792
-0.006887
-0.007619
-0.008049
-0.008092
-0.007313
-0.005499
-0.003226
-0.001131
0.000917
0.003158
0.005257
0.007059
0.008954
0.010657
0.011007
0.009792
0.008252
0.007151
0.005855
0.003829
0.001542
-0.000607
-0.002720
-0.004494
-0.005280
-0.005228
-0.005294
-0.006013
-0.006907
-0.007106
-0.006441
-0.005643
-0.005166
-0.004469
-0.003081
-0.001535
-0.000410
0.000629
0.001913
0.002959
0.003493
0.004072
0.004873
0.005165
0.004660
0.004026
0.003694
0.003328
0.002631
0.001831
0.001235
0.000865
0.000629
0.000420
0.000018
-0.000812
-0.002070
-0.003483
-0.004749
-0.005770
-0.006734
-0.007787
-0.008479
-0.008036
-0.006386
-0.004242
-0.002089
0.000130
0.002374
0.004510
0.006796
0.009356
0.011327
0.011640
0.010539
0.009228
0.008172
0.006797
0.004678
0.002074
-0.000658
-0.003280
-0.005302
-0.006306
-0.006629
-0.007033
-0.007659
-0.007896
-0.007257
-0.005922
-0.004553
-0.003553
-0.002610
-0.001336
-0.000004
0.000955
0.001704
0.002457
0.002948
0.003123
0.003345
0.003574
0.003354
0.002804
0.002519
0.002564
0.002510
0.002181
0.001777
0.001491
0.001410
0.001500
0.001422
0.000816
-0.000263
-0.001513
-0.002755
-0.003959
-0.005096
-0.006195
-0.007318
-0.008139
-0.007943
-0.006458
-0.004332
-0.002377
-0.000671
0.001176
0.003352
0.005793
0.008268
0.010125
0.010600
0.009803
0.008700
0.007869
0.006893
0.005159
0.002732
0.000145
-0.002166
-0.003965
-0.005180
-0.005958
-0.006580
-0.007102
-0.007232
-0.006821
-0.006079
-0.005209
-0.004299
-0.003302
-0.001918
-0.000067
0.001524
0.002060
0.001889
0.001996
0.002659
0.003335
0.003538
0.003213
0.002584
0.002098
0.002127
0.002513
0.002664
0.002182
0.001388
0.000981
0.001232
0.001662
0.001541
0.000723
-0.000374
-0.001444
-0.002458
-0.003437
-0.004482
-0.005785
-0.007207
-0.008097
-0.007876
-0.006588
-0.004814
-0.003118
-0.001583
0.000117
0.002276
0.004802
0.007279
0.009178
0.010069
0.010014
0.009581
0.009128
0.008316
0.006666
0.004312
0.001793
-0.000567
-0.002683
-0.004458
-0.005866
-0.007050
-0.007995
-0.008416
-0.008140
-0.007386
-0.006473
-0.005338
-0.003709
-0.001708
0.000129
0.001468
0.002441
0.003216
0.003741
0.003998
0.004026
0.003665
0.002772
0.001706
0.001058
0.000883
0.000719
0.000370
0.000108
0.000108
0.000320
0.000742
0.001311
0.001724
0.001718
0.001337
0.000755
0.000101
-0.000623
-0.001616
-0.003002
-0.004571
-0.005986
-0.006854
-0.006713
-0.005574
-0.004225
-0.003269
-0.002374
-0.000979
0.000982
0.003304
0.005636
0.007350
0.008064
0.008231
0.008519
0.008787
0.008361
0.007016
0.005059
0.002795
0.000456
-0.001681
-0.003511
-0.005179
-0.006722
-0.007928
-0.008597
-0.008704
-0.008358
-0.007676
-0.006534
-0.004711
-0.002427
-0.000307
0.001331
0.002647
0.003751
0.004623
0.005304
0.005647
0.005307
0.004360
0.003405
0.002748
0.002128
0.001333
0.000483
-0.000247
-0.000711
-0.000832
-0.000757
-0.000701
-0.000647
-0.000509
-0.000379
-0.000374
-0.000439
-0.000528
-0.000800
-0.001383
-0.002244
-0.003324
-0.004342
-0.004746
-0.004312
-0.003484
-0.002836
-0.002510
-0.002259
-0.001614
-0.000152
0.001982
0.003980
0.005197
0.005839
0.006476
0.007239
0.007816
0.007857
0.007145
0.005715
0.003965
0.002363
0.000979
-0.000478
-0.002241
-0.004213
-0.006034
-0.007389
-0.008258
-0.008842
-0.009092
-0.008493
-0.006776
-0.004573
-0.002763
-0.001482
-0.000250
0.001307
0.003168
0.004896
0.005871
0.005925
0.005582
0.005386
0.005282
0.004941
0.004176
0.003004
0.001747
0.000789
0.000081
-0.000735
-0.001665
-0.002317
-0.002587
-0.002775
-0.003015
-0.003152
-0.003107
-0.002932
-0.002662
-0.002488
-0.002705
-0.003114
-0.003034
-0.002158
-0.000971
-0.000142
0.000095
-0.000023
0.000048
0.000814
0.002174
0.003403
0.003903
0.003799
0.003721
0.004131
0.004815
0.005096
0.004658
0.003812
0.002964
0.002231
0.001529
0.000735
-0.000279
-0.001523
-0.002724
-0.003630
-0.004393
-0.005297
-0.006240
-0.006731
-0.006402
-0.005393
-0.004248
-0.003450
-0.002982
-0.002330
-0.001046
0.000649
0.002078
0.002873
0.003321
0.003974
0.004890
0.005549
0.005613
0.005287
0.004863
0.004412
0.003903
0.003206
0.002145
0.000872
-0.000212
-0.001022
-0.001848
-0.002847
-0.003794
-0.004382
-0.004585
-0.004615
-0.004678
-0.004930
-0.005332
-0.005401
-0.004585
-0.003022
-0.001495
-0.000565
-0.000086
0.000456
0.001451
0.002939
0.004503
0.005486
0.005681
0.005585
0.005685
0.005850
0.005656
0.004943
0.003874
0.002758
0.001858
0.001104
0.000176
-0.001019
-0.002206
-0.003131
-0.003831
-0.004452
-0.005074
-0.005698
-0.006173
-0.006191
-0.005550
-0.004456
-0.003382
-0.002577
-0.001887
-0.001021
0.000158
0.001502
0.002634
0.003314
0.003725
0.004145
0.004528
0.004688
0.004653
0.004524
0.004271
0.003866
0.003335
0.002618
0.001667
0.000650
-0.000186
-0.000861
-0.001593
-0.002438
-0.003252
-0.003909
-0.004341
-0.004498
-0.004539
-0.004740
-0.005085
-0.005165
-0.004578
-0.003394
-0.002082
-0.000959
-0.000042
0.000689
0.001335
0.002230
0.003511
0.004697
0.005254
0.005296
0.005233
0.005179
0.005059
0.004826
0.004356
0.003535
0.002563
0.001719
0.000938
0.000035
-0.000923
-0.001816
-0.002712
-0.003624
-0.004410
-0.005100
-0.005768
-0.006049
-0.005540
-0.004598
-0.003909
-0.003499
-0.002896
-0.001907
-0.000667
0.000570
0.001470
0.001973
0.002469
0.003199
0.003856
0.004143
0.004181
0.004171
0.004187
0.004242
0.004171
0.003663
0.002720
0.001736
0.000934
0.000224
-0.000465
-0.001212
-0.002122
-0.003038
-0.003657
-0.004019
-0.004366
-0.004647
-0.004678
-0.004493
-0.004237
-0.003949
-0.003547
-0.002827
-0.001641
-0.000246
0.000857
0.001496
0.001944
0.002569
0.003502
0.004491
0.005045
0.004934
0.004496
0.004194
0.004055
0.003802
0.003294
0.002575
0.001742
0.000977
0.000408
-0.000176
-0.001035
-0.001992
-0.002699
-0.003165
-0.003616
-0.004144
-0.004706
-0.005090
-0.004889
-0.004007
-0.002979
-0.002345
-0.002032
-0.001652
-0.000958
0.000065
0.001094
0.001670
0.001843
0.002152
0.002797
0.003403
0.003665
0.003680
0.003645
0.003664
0.003711
0.003569
0.003025
0.002206
0.001447
0.000838
0.000193
-0.000596
-0.001458
-0.002259
-0.002854
-0.003228
-0.003518
-0.003774
-0.003921
-0.003930
-0.003817
-0.003627
-0.003480
-0.003323
-0.002820
-0.001815
-0.000644
0.000316
0.000998
0.001457
0.001876
0.002594
0.003574
0.004215
0.004166
0.003819
0.003647
0.003633
0.003581
0.003400
0.002981
0.002354
0.001782
0.001330
0.000742
-0.000044
-0.000825
-0.001560
-0.002344
-0.003138
-0.003841
-0.004333
-0.004394
-0.004002
-0.003523
-0.003242
-0.003031
-0.002677
-0.002127
-0.001401
-0.000590
0.000107
0.000613
0.001047
0.001483
0.001929
0.002408
0.002842
0.003099
0.003236
0.003390
0.003480
0.003358
0.003044
0.002589
0.001980
0.001310
0.000703
0.000110
-0.000516
-0.001103
-0.001690
-0.002347
-0.002908
-0.003204
-0.003301
-0.003274
-0.003104
-0.002899
-0.002817
-0.002796
-0.002685
-0.002447
-0.002045
-0.001379
-0.000502
0.000373
0.001090
0.001597
0.001928
0.002271
0.002784
0.003310
0.003576
0.003577
0.003485
0.003370
0.003225
0.003005
0.002577
0.001899
0.001212
0.000735
0.000351
-0.000229
-0.001086
-0.001990
-0.002689
-0.003180
-0.003579
-0.003860
-0.003828
-0.003347
-0.002627
-0.002083
-0.001870
-0.001736
-0.001329
-0.000575
0.000231
0.000740
0.000942
0.001127
0.001452
0.001768
0.001917
0.001965
0.002073
0.002284
0.002502
0.002587
0.002456
0.002151
0.001766
0.001329
0.000850
0.000373
-0.000100
-0.000564
-0.000970
-0.001340
-0.001729
-0.002090
-0.002357
-0.002494
-0.002454
-0.002257
-0.002047
-0.001964
-0.001950
-0.001853
-0.001663
-0.001432
-0.001096
-0.000664
-0.000290
0.000082
0.000687
0.001396
0.001766
0.001732
0.001724
0.001992
0.002345
0.002587
0.002688
0.002559
0.002178
0.001788
0.001566
0.001346
0.000955
0.000505
0.000145
-0.000192
-0.000597
-0.000992
-0.001342
-0.001784
-0.002273
-0.002446
-0.002146
-0.001679
-0.001333
-0.001114
-0.001024
-0.001049
-0.000943
-0.000581
-0.000215
-0.000022
0.000136
0.000309
0.000347
0.000336
0.000512
0.000768
0.000926
0.001123
0.001428
0.001619
0.001615
0.001549
0.001401
0.001104
0.000753
0.000416
0.000056
-0.000282
-0.000530
-0.000740
-0.000939
-0.001081
-0.001192
-0.001280
-0.001271
-0.001168
-0.001053
-0.000959
-0.000880
-0.000828
-0.000769
-0.000657
-0.000539
-0.000429
-0.000248
-0.000044
0.000072
0.000155
0.000271
0.000328
0.000332
0.000436
0.000637
0.000818
0.001009
0.001260
0.001438
0.001440
0.001356
0.001237
0.001048
0.000875
0.000795
0.000698
0.000504
0.000296
0.000099
-0.000127
-0.000359
-0.000619
-0.000932
-0.001100
-0.000954
-0.000712
-0.000654
-0.000735
-0.000841
-0.000961
-0.000981
-0.000822
-0.000665
-0.000617
-0.000491
-0.000233
-0.000072
-0.000040
0.000116
0.000444
0.000736
0.000872
0.000859
0.000771
0.000763
0.000844
0.000831
0.000664
0.000448
0.000245
0.000079
-0.000031
-0.000149
-0.000345
-0.000546
-0.000659
-0.000732
-0.000792
-0.000777
-0.000694
-0.000616
-0.000570
-0.000541
-0.000491
-0.000395
-0.000311
-0.000298
-0.000251
-0.000076
0.000121
0.000203
0.000186
0.000152
0.000147
0.000205
0.000346
0.000525
0.000638
0.000640
0.000574
0.000500
0.000461
0.000458
0.000428
0.000356
0.000320
0.000342
0.000368
0.000374
0.000353
0.000290
0.000214
0.000156
0.000093
0.000022
-0.000031
-0.000087
-0.000178
-0.000268
-0.000306
-0.000287
-0.000231
-0.000172
-0.000154
-0.000183
-0.000220
-0.000246
-0.000289
-0.000318
-0.000267
-0.000203
-0.000239
-0.000300
-0.000289
-0.000283
-0.000341
-0.000389
-0.000374
-0.000328
-0.000284
-0.000240
-0.000175
-0.000038
0.000177
0.000351
0.000376
0.000314
0.000294
0.000345
0.000397
0.000383
0.000302
0.000191
0.000094
0.000061
0.000103
0.000156
0.000155
0.000087
0.000003
-0.000024
0.000011
0.000033
-0.000017
-0.000133
-0.000237
-0.000256
-0.000239
-0.000259
-0.000287
-0.000278
-0.000231
-0.000166
-0.000129
-0.000144
-0.000150
-0.000098
-0.000036
0.000001
0.000065
0.000174
0.000277
0.000336
0.000342
0.000313
0.000295
0.000294
0.000267
0.000250
0.000298
0.000348
0.000341
0.000328
0.000331
0.000289
0.000185
0.000061
-0.000057
-0.000172
-0.000261
-0.000294
-0.000294
-0.000305
-0.000307
-0.000263
-0.000221
-0.000242
-0.000272
-0.000253
-0.000230
-0.000240
-0.000243
-0.000180
-0.000052
0.000002
-0.000155
-0.000419
-0.000543
-0.000418
-0.000148
0.000085
0.000220
0.000291
0.000304
0.000303
0.000353
0.000400
0.000373
0.000307
0.000284
0.000313
0.000307
0.000203
0.000066
0.000002
0.000038
0.000108
0.000106
0.000010
-0.000084
-0.000128
-0.000175
-0.000229
-0.000232
-0.000200
-0.000216
-0.000292
-0.000338
-0.000307
-0.000248
-0.000190
-0.000112
-0.000022
0.000063
0.000123
0.000131
0.000115
0.000098
0.000060
0.000033
0.000067
0.000096
0.000012
-0.000141
-0.000196
-0.000098
0.000024
0.000088
0.000147
0.000213
0.000236
0.000214
0.000189
0.000169
0.000149
0.000148
0.000163
0.000152
0.000108
0.000071
0.000064
0.000090
0.000144
0.000173
0.000132
0.000065
0.000024
-0.000026
-0.000132
-0.000276
-0.000386
-0.000408
-0.000356
-0.000270
-0.000164
-0.000074
-0.000036
-0.000022
0.000005
0.000025
0.000033
0.000042
0.000042
0.000008
-0.000062
-0.000125
-0.000122
-0.000070
-0.000031
-0.000021
-0.000009
0.000017
0.000050
0.000087
0.000093
0.000050
0.000018
0.000031
0.000023
-0.000063
-0.000156
-0.000142
-0.000054
-0.000022
-0.000059
-0.000059
0.000021
0.000091
0.000082
0.000030
-0.000023
-0.000068
-0.000059
0.000019
0.000080
0.000070
0.000040
0.000045
0.000085
0.000112
0.000080
0.000033
0.000021
0.000013
-0.000007
-0.000002
0.000017
-0.000019
-0.000109
-0.000142
-0.000057
0.000050
0.000056
-0.000013
-0.000039
0.000032
0.000163
0.000269
0.000275
0.000227
0.000224
0.000252
0.000225
0.000139
0.000069
0.000078
0.000134
0.000145
0.000072
-0.000047
-0.000141
-0.000186
-0.000228
-0.000274
-0.000287
-0.000306
-0.000354
-0.000293
-0.000053
0.000176
0.000214
0.000122
0.000043
0.000008
-0.000013
-0.000041
-0.000098
-0.000176
-0.000214
-0.000180
-0.000100
-0.000027
-0.000015
-0.000063
-0.000114
-0.000124
-0.000105
-0.000074
-0.000034
0.000011
0.000033
0.000008
-0.000038
-0.000072
-0.000071
-0.000019
0.000061
0.000126
0.000155
0.000127
0.000015
-0.000129
-0.000177
-0.000087
0.000040
0.000112
0.000148
0.000216
0.000323
0.000390
0.000338
0.000211
0.000114
0.000080
0.000082
0.000085
0.000038
-0.000074
-0.000180
-0.000216
-0.000186
-0.000135
-0.000127
-0.000177
-0.000226
-0.000230
-0.000198
-0.000136
-0.000037
0.000082
0.000170
0.000199
0.000206
0.000198
0.000127
0.000015
-0.000029
0.000023
0.000094
0.000137
0.000162
0.000190
0.000216
0.000189
0.000083
-0.000015
-0.000023
0.000012
0.000009
-0.000022
-0.000031
-0.000029
-0.000041
-0.000050
-0.000069
-0.000124
-0.000211
-0.000319
-0.000409
-0.000407
-0.000295
-0.000155
-0.000058
-0.000020
-0.000037
-0.000046
0.000033
0.000146
0.000178
0.000155
0.000170
0.000217
0.000236
0.000210
0.000155
0.000086
0.000026
-0.000005
-0.000013
-0.000024
-0.000065
-0.000111
-0.000094
-0.000012
0.000033
-0.000029
-0.000098
-0.000065
0.000003
-0.000016
-0.000104
-0.000126
-0.000040
0.000032
0.000004
-0.000050
-0.000062
-0.000077
-0.000099
-0.000059
0.000043
0.000135
0.000161
0.000111
0.000046
0.000024
0.000027
0.000015
0.000003
0.000026
0.000046
0.000020
-0.000017
-0.000018
-0.000011
-0.000036
-0.000043
0.000012
0.000053
0.000015
-0.000029
0.000022
0.000125
0.000103
-0.000119
-0.000346
-0.000368
-0.000243
-0.000136
-0.000079
-0.000007
0.000095
0.000155
0.000127
0.000105
0.000184
0.000301
0.000348
0.000331
0.000311
0.000280
0.000211
0.000121
0.000054
0.000031
0.000010
-0.000039
-0.000058
-0.000017
-0.000013
-0.000098
-0.000175
-0.000163
-0.000122
-0.000134
-0.000179
-0.000193
-0.000192
-0.000228
-0.000260
-0.000202
-0.000065
0.000058
0.000134
0.000190
0.000218
0.000183
0.000098
0.000021
-0.000019
-0.000042
-0.000086
-0.000170
-0.000255
-0.000282
-0.000254
-0.000223
-0.000191
-0.000126
-0.000051
-0.000022
-0.000046
-0.000067
-0.000013
0.000130
0.000257
0.000273
0.000231
0.000199
0.000146
0.000095
0.000117
0.000172
0.000192
0.000202
0.000237
0.000225
0.000096
-0.000067
-0.000147
-0.000144
-0.000103
-0.000081
-0.000119
-0.000176
-0.000204
-0.000215
-0.000198
-0.000111
0.000010
0.000079
0.000112
0.000176
0.000187
0.000031
-0.000164
-0.000207
-0.000130
-0.000058
-0.000007
0.000044
0.000086
0.000129
0.000169
0.000155
0.000091
0.000038
0.000012
0.000003
0.000024
0.000065
0.000080
0.000039
-0.000020
-0.000053
-0.000071
-0.000079
-0.000062
-0.000050
-0.000097
-0.000160
-0.000126
-0.000012
0.000048
0.000022
-0.000017
-0.000049
-0.000087
-0.000102
-0.000067
0.000002
0.000056
0.000060
0.000046
0.000059
0.000063
0.000035
0.000030
0.000073
0.000139
0.000189
0.000157
0.000046
-0.000034
-0.000010
0.000048
0.000036
-0.000031
-0.000061
-0.000058
-0.000109
-0.000193
-0.000198
-0.000129
-0.000085
-0.000056
0.000005
0.000058
0.000058
0.000030
0.000016
0.000021
0.000015
-0.000013
-0.000045
-0.000051
0.000043
0.000269
0.000459
0.000433
0.000274
0.000148
0.000034
-0.000114
-0.000175
-0.000086
-0.000007
-0.000072
-0.000209
-0.000299
-0.000347
-0.000382
-0.000365
-0.000301
-0.000250
-0.000211
-0.000174
-0.000160
-0.000131
-0.000028
0.000093
0.000152
0.000178
0.000214
0.000237
0.000234
0.000244
0.000301
0.000353
0.000281
0.000077
-0.000102
-0.000137
-0.000056
0.000050
0.000115
0.000124
0.000098
0.000061
0.000035
0.000016
-0.000024
-0.000060
-0.000039
0.000003
0.000004
-0.000014
-0.000030
-0.000057
-0.000070
-0.000032
0.000028
0.000072
0.000110
0.000134
0.000100
0.000043
0.000030
0.000030
0.000000
-0.000052
-0.000126
-0.000207
-0.000235
-0.000190
-0.000138
-0.000138
-0.000159
-0.000128
-0.000049
-0.000001
-0.000011
-0.000001
0.000063
0.000112
0.000108
0.000106
0.000149
0.000191
0.000161
0.000057
-0.000052
-0.000087
-0.000047
-0.000007
-0.000004
-0.000012
-0.000015
-0.000027
-0.000058
-0.000085
-0.000080
-0.000038
0.000030
0.000078
0.000074
0.000045
0.000031
0.000030
0.000026
0.000011
0.000003
0.000015
0.000020
-0.000018
-0.000079
-0.000097
-0.000057
-0.000005
0.000023
0.000014
-0.000022
-0.000020
0.000036
0.000061
0.000007
-0.000049
-0.000032
0.000027
0.000068
0.000079
0.000074
0.000048
-0.000023
-0.000106
-0.000110
-0.000015
0.000073
0.000068
0.000010
-0.000025
-0.000035
-0.000066
-0.000120
-0.000119
-0.000042
0.000007
-0.000038
-0.000093
-0.000065
0.000009
0.000062
0.000084
0.000082
0.000069
0.000049
-0.000005
-0.000091
-0.000162
-0.000168
-0.000059
0.000142
0.000266
0.000151
-0.000104
-0.000267
-0.000296
-0.000290
-0.000250
-0.000115
0.000061
0.000179
0.000220
0.000207
0.000174
0.000183
0.000252
0.000300
0.000278
0.000238
0.000205
0.000150
0.000105
0.000125
0.000160
0.000131
0.000087
0.000090
0.000070
-0.000023
-0.000114
-0.000159
-0.000210
-0.000278
-0.000302
-0.000265
-0.000235
-0.000266
-0.000307
-0.000248
-0.000064
0.000138
0.000243
0.000233
0.000198
0.000215
0.000237
0.000164
0.000014
-0.000094
-0.000106
-0.000067
-0.000054
-0.000097
-0.000157
-0.000206
-0.000256
-0.000269
-0.000172
-0.000025
0.000042
0.000031
0.000017
-0.000005
-0.000059
-0.000092
-0.000065
-0.000016
0.000011
0.000027
0.000054
0.000075
0.000052
-0.000021
-0.000086
-0.000074
-0.000026
-0.000030
-0.000040
0.000018
0.000069
0.000068
0.000095
0.000148
0.000126
0.000051
0.000045
0.000129
0.000191
0.000170
0.000132
0.000117
0.000103
0.000090
0.000067
0.000019
-0.000026
-0.000058
-0.000103
-0.000127
-0.000083
-0.000022
-0.000029
-0.000085
-0.000110
-0.000078
-0.000031
-0.000015
-0.000014
0.000011
0.000054
0.000070
0.000048
0.000035
0.000065
0.000108
0.000112
0.000090
0.000086
0.000112
0.000145
0.000125
0.000021
-0.000072
-0.000067
-0.000044
-0.000094
-0.000153
-0.000144
-0.000122
-0.000165
-0.000237
-0.000255
-0.000230
-0.000226
-0.000225
-0.000164
-0.000060
0.000009
0.000040
0.000106
0.000220
0.000295
0.000258
0.000140
0.000013
-0.000109
-0.000201
-0.000207
-0.000157
-0.000137
-0.000149
-0.000137
-0.000098
-0.000046
0.000024
0.000079
0.000081
0.000064
0.000063
0.000046
0.000022
0.000044
0.000060
0.000027
0.000087
0.000299
0.000445
0.000398
0.000302
0.000263
0.000203
0.000062
-0.000089
-0.000148
-0.000095
-0.000004
0.000046
0.000050
0.000051
0.000060
0.000049
-0.000002
-0.000071
-0.000126
-0.000173
-0.000219
-0.000220
-0.000149
-0.000082
-0.000066
-0.000041
0.000010
0.000022
0.000002
0.000018
0.000080
0.000087
-0.000047
-0.000248
-0.000344
-0.000271
-0.000140
-0.000086
-0.000096
-0.000051
0.000088
0.000197
0.000174
0.000134
0.000187
0.000206
0.000094
0.000002
0.000060
0.000157
0.000143
0.000057
0.000023
0.000042
0.000034
-0.000000
0.000014
0.000062
0.000062
0.000017
-0.000032
-0.000101
-0.000174
-0.000181
-0.000113
-0.000036
-0.000001
0.000000
0.000000
0.000021
0.000051
0.000062
0.000057
0.000052
0.000037
-0.000010
-0.000085
-0.000142
-0.000133
-0.000082
-0.000038
0.000002
0.000058
0.000090
0.000049
-0.000011
0.000009
0.000079
0.000075
0.000004
-0.000020
0.000002
-0.000033
-0.000137
-0.000202
-0.000154
-0.000056
-0.000007
-0.000009
-0.000013
-0.000006
-0.000007
-0.000026
-0.000037
-0.000013
0.000021
0.000042
0.000064
0.000103
0.000148
0.000164
0.000119
0.000046
0.000010
0.000017
0.000033
0.000071
0.000125
0.000126
0.000057
-0.000002
-0.000014
-0.000023
-0.000054
-0.000090
-0.000126
-0.000170
