4961
-0.000004
-0.000022
0.000021
0.000095
0.000153
0.000187
0.000168
0.000099
0.000062
0.000071
0.000040
-0.000053
-0.000116
-0.000087
-0.000054
-0.000131
-0.000240
-0.000238
-0.000157
-0.000122
-0.000126
-0.000077
-0.000005
0.000011
0.000023
0.000079
0.000117
0.000124
0.000128
0.000108
0.000059
0.000055
0.000103
0.000097
0.000021
-0.000007
0.000030
0.000041
0.000012
-0.000005
-0.000007
-0.000015
-0.000006
0.000058
0.000158
0.000206
0.000148
0.000065
0.000044
0.000010
-0.000110
-0.000223
-0.000244
-0.000251
-0.000279
-0.000223
-0.000087
-0.000008
-0.000017
-0.000019
0.000040
0.000122
0.000173
0.000184
0.000180
0.000159
0.000100
0.000049
0.000066
0.000091
0.000016
-0.000138
-0.000232
-0.000193
-0.000110
-0.000091
-0.000082
-0.000001
0.000082
0.000082
0.000035
-0.000009
-0.000042
-0.000032
0.000046
0.000137
0.000154
0.000103
0.000035
-0.000039
-0.000102
-0.000106
-0.000048
0.000008
0.000019
0.000021
0.000061
0.000089
0.000019
-0.000106
-0.000166
-0.000153
-0.000135
-0.000098
-0.000009
0.000083
0.000132
0.000158
0.000158
0.000101
0.000038
0.000044
0.000063
0.000024
-0.000021
-0.000021
-0.000027
-0.000070
-0.000116
-0.000136
-0.000079
0.000103
0.000308
0.000374
0.000312
0.000227
0.000138
0.000003
-0.000153
-0.000261
-0.000308
-0.000293
-0.000180
-0.000056
-0.000107
-0.000288
-0.000338
-0.000230
-0.000175
-0.000198
-0.000167
-0.000074
0.000017
0.000087
0.000138
0.000184
0.000217
0.000212
0.000190
0.000183
0.000169
0.000126
0.000083
0.000069
0.000074
0.000086
0.000118
0.000157
0.000138
0.000033
-0.000077
-0.000115
-0.000109
-0.000127
-0.000175
-0.000209
-0.000186
-0.000110
-0.000031
0.000030
0.000078
0.000083
0.000038
0.000011
0.000059
0.000146
0.000195
0.000169
0.000077
-0.000023
-0.000056
-0.000004
0.000067
0.000074
0.000012
-0.000040
-0.000032
-0.000046
-0.000146
-0.000223
-0.000172
-0.000085
-0.000074
-0.000086
-0.000053
-0.000016
-0.000015
-0.000017
0.000021
0.000093
0.000155
0.000171
0.000134
0.000070
0.000010
-0.000026
-0.000035
-0.000040
-0.000056
-0.000052
-0.000020
-0.000010
-0.000071
-0.000185
-0.000232
-0.000123
0.000058
0.000170
0.000200
0.000221
0.000218
0.000122
-0.000021
-0.000090
-0.000078
-0.000057
-0.000027
0.000041
0.000108
0.000111
0.000055
-0.000009
-0.000056
-0.000086
-0.000095
-0.000082
-0.000032
0.000034
0.000029
-0.000063
-0.000127
-0.000097
-0.000051
-0.000053
-0.000053
-0.000015
0.000038
0.000087
0.000109
0.000074
0.000019
0.000014
0.000037
0.000012
-0.000057
-0.000086
-0.000023
0.000073
0.000103
0.000073
0.000072
0.000103
0.000086
0.000008
-0.000062
-0.000086
-0.000097
-0.000117
-0.000131
-0.000135
-0.000127
-0.000082
-0.000010
0.000031
0.000037
0.000080
0.000166
0.000234
0.000279
0.000258
0.000054
-0.000276
-0.000510
-0.000561
-0.000465
-0.000250
-0.000020
0.000091
0.000124
0.000196
0.000284
0.000316
0.000339
0.000400
0.000417
0.000309
0.000163
0.000095
0.000068
-0.000020
-0.000150
-0.000219
-0.000183
-0.000108
-0.000100
-0.000169
-0.000193
-0.000083
0.000061
0.000077
-0.000030
-0.000135
-0.000160
-0.000125
-0.000069
0.000003
0.000058
0.000031
-0.000061
-0.000119
-0.000081
0.000019
0.000082
0.000065
0.000060
0.000143
0.000221
0.000172
0.000046
-0.000040
-0.000065
-0.000076
-0.000098
-0.000113
-0.000107
-0.000092
-0.000082
-0.000100
-0.000145
-0.000150
-0.000079
-0.000012
-0.000002
0.000014
0.000086
0.000159
0.000170
0.000149
0.000135
0.000100
0.000035
0.000003
0.000015
0.000003
-0.000046
-0.000048
0.000014
0.000059
0.000043
0.000000
-0.000035
-0.000032
0.000010
0.000012
-0.000055
-0.000084
-0.000022
0.000048
0.000064
0.000048
0.000028
0.000004
-0.000060
-0.000152
-0.000139
0.000018
0.000131
0.000069
-0.000048
-0.000076
-0.000042
-0.000031
-0.000048
-0.000039
0.000004
0.000059
0.000115
0.000134
0.000104
0.000075
0.000067
0.000043
-0.000032
-0.000128
-0.000162
-0.000124
-0.000085
-0.000071
-0.000057
-0.000032
0.000001
0.000056
0.000130
0.000180
0.000170
0.000091
-0.000013
-0.000059
-0.000044
-0.000050
-0.000082
-0.000056
0.000020
0.000062
0.000056
0.000039
0.000016
-0.000020
-0.000049
-0.000066
-0.000070
-0.000048
-0.000008
0.000025
0.000047
0.000065
0.000068
0.000052
0.000035
0.000004
-0.000071
-0.000141
-0.000117
-0.000029
0.000019
0.000020
0.000042
0.000089
0.000064
-0.000087
-0.000192
-0.000021
0.000329
0.000517
0.000410
0.000187
0.000028
-0.000065
-0.000147
-0.000215
-0.000259
-0.000268
-0.000173
-0.000016
-0.000000
-0.000166
-0.000294
-0.000281
-0.000238
-0.000228
-0.000199
-0.000122
-0.000044
0.000009
0.000070
0.000158
0.000221
0.000198
0.000131
0.000132
0.000218
0.000294
0.000279
0.000160
-0.000008
-0.000111
-0.000107
-0.000083
-0.000089
-0.000065
-0.000001
0.000016
-0.000026
-0.000008
0.000085
0.000103
0.000010
-0.000048
0.000006
0.000081
0.000095
0.000078
0.000088
0.000097
0.000033
-0.000056
-0.000055
0.000020
0.000055
0.000013
-0.000052
-0.000077
-0.000061
-0.000044
-0.000029
-0.000003
0.000001
-0.000056
-0.000127
-0.000118
-0.000041
-0.000001
-0.000046
-0.000109
-0.000085
0.000028
0.000093
0.000031
-0.000045
-0.000018
0.000082
0.000152
0.000121
0.000031
-0.000044
-0.000094
-0.000120
-0.000108
-0.000075
-0.000041
-0.000009
0.000016
0.000028
0.000044
0.000108
0.000202
0.000204
0.000096
0.000045
0.000121
0.000169
0.000055
-0.000106
-0.000139
-0.000100
-0.000145
-0.000255
-0.000270
-0.000139
0.000016
0.000081
0.000090
0.000119
0.000167
0.000165
0.000075
-0.000033
-0.000082
-0.000094
-0.000100
-0.000086
-0.000062
-0.000056
-0.000053
-0.000022
0.000031
0.000081
0.000105
0.000103
0.000078
0.000017
-0.000053
-0.000051
0.000015
0.000044
0.000017
-0.000017
-0.000037
-0.000032
-0.000017
-0.000024
-0.000036
-0.000037
-0.000036
-0.000019
-0.000000
0.000007
0.000033
0.000072
0.000068
0.000014
-0.000033
-0.000027
0.000014
0.000038
0.000031
-0.000007
-0.000047
0.000011
0.000144
0.000106
-0.000159
-0.000364
-0.000350
-0.000275
-0.000251
-0.000195
-0.000046
0.000117
0.000228
0.000308
0.000376
0.000413
0.000405
0.000327
0.000186
0.000055
-0.000019
-0.000069
-0.000113
-0.000107
-0.000078
-0.000118
-0.000180
-0.000135
-0.000004
0.000102
0.000157
0.000155
0.000067
-0.000067
-0.000169
-0.000218
-0.000228
-0.000194
-0.000117
-0.000039
-0.000010
-0.000023
-0.000021
0.000024
0.000084
0.000120
0.000097
0.000028
-0.000021
-0.000024
-0.000007
-0.000003
-0.000012
0.000040
0.000160
0.000174
-0.000023
-0.000723
-0.002523
-0.003518
0.000465
0.007065
0.006832
-0.001595
-0.006751
-0.001302
0.006205
0.004298
-0.004079
-0.006914
-0.001184
0.004054
0.001764
-0.003553
-0.003811
0.000732
0.003218
0.000850
-0.002112
-0.001595
0.001042
0.002154
0.000862
-0.000645
-0.000561
0.000430
0.000745
0.000238
-0.000005
0.000462
0.000916
0.000658
-0.000076
-0.000418
-0.000107
0.000095
-0.000169
-0.000369
-0.000312
-0.000317
-0.000501
-0.000659
-0.000604
-0.000338
0.000038
0.000192
-0.000166
-0.000556
-0.000148
0.000866
0.001230
0.000418
-0.000476
-0.000326
0.000590
0.000978
0.000023
-0.001122
-0.000634
0.000845
0.000943
-0.000586
-0.001343
-0.000100
0.001155
0.000451
-0.001111
-0.001199
0.000461
0.001545
0.000196
-0.001631
-0.000935
0.001012
0.001289
0.000241
-0.000588
-0.000762
-0.000275
0.000561
0.000960
0.000263
-0.000612
-0.000443
0.000098
0.000265
0.000269
0.000202
0.000179
0.000056
-0.000457
-0.000509
0.000522
0.000763
-0.000683
-0.001182
0.000009
0.000594
0.000088
-0.000686
-0.001021
-0.000097
0.000981
0.000498
-0.000504
-0.000134
0.001127
0.001197
-0.000172
-0.000567
0.000523
0.000518
-0.000923
-0.001033
0.000916
0.001450
-0.001445
-0.002908
0.000892
0.003724
-0.000268
-0.004303
-0.000513
0.004516
0.000895
-0.005431
-0.002518
0.005322
0.004490
-0.003962
-0.006206
0.001064
0.006083
0.001801
-0.003958
-0.002903
0.001617
0.003192
0.001194
-0.001748
-0.002763
-0.000716
0.002439
0.002947
-0.000697
-0.003813
-0.001512
0.002724
0.002502
-0.001390
-0.002489
0.001083
0.003000
-0.000364
-0.002744
0.000222
0.002706
0.000296
-0.002538
-0.001505
0.001428
0.002420
0.000518
-0.002045
-0.002469
0.000298
0.003551
0.002307
-0.002538
-0.003981
-0.000264
0.003066
0.001911
-0.001931
-0.003259
0.000013
0.003364
0.002065
-0.002045
-0.003171
0.000676
0.003851
0.001300
-0.002644
-0.001957
0.001500
0.002528
-0.000010
-0.002750
-0.001888
0.001650
0.002317
-0.001365
-0.002985
0.000516
0.002279
-0.001140
-0.002654
0.000783
0.002635
0.000359
-0.001439
-0.000720
0.000613
0.001330
0.001268
0.000461
-0.000332
-0.000361
-0.000009
0.000155
0.000177
-0.000017
-0.000659
-0.000782
0.000306
0.000747
-0.000484
-0.001538
-0.000923
0.000585
0.001140
0.000747
0.000386
-0.000875
-0.002315
-0.000666
0.002650
0.002387
-0.001275
-0.003075
-0.000559
0.003147
0.002938
-0.001537
-0.004167
-0.000732
0.004108
0.003396
-0.001251
-0.003371
-0.001859
0.000442
0.001558
0.001100
-0.000104
-0.001469
-0.001355
0.001333
0.002554
-0.000378
-0.002992
-0.001450
0.001572
0.001549
-0.000558
-0.000523
0.000305
-0.001104
-0.001258
0.002163
0.003637
-0.000263
-0.003786
-0.001401
0.002650
0.001708
-0.001684
-0.001462
0.000635
0.000349
-0.000566
0.000077
0.000213
-0.001338
-0.001801
0.001501
0.005137
0.003015
-0.002878
-0.004513
-0.000333
0.003454
0.003021
0.000684
-0.001085
-0.002632
-0.003292
-0.001065
0.001974
0.001636
-0.000879
-0.001607
-0.000465
0.000165
-0.000240
-0.000185
0.000599
0.000699
0.000160
0.000455
0.001366
0.000890
-0.001300
-0.002145
0.000236
0.002273
0.000942
-0.000794
-0.000123
0.001042
0.000278
-0.001351
-0.001206
0.000516
0.001193
0.000130
-0.000664
-0.000229
-0.000194
-0.001342
-0.001680
0.000445
0.002820
0.001515
-0.002293
-0.002687
0.000858
0.001770
-0.001657
-0.002962
0.000576
0.003176
0.000804
-0.002046
-0.000638
0.001627
0.000659
-0.000400
0.001034
0.001589
-0.000005
-0.000368
0.001032
0.000897
-0.001169
-0.001729
0.000032
0.001383
0.001235
0.000131
-0.001517
-0.001866
0.000480
0.002732
0.001149
-0.002522
-0.003425
-0.001286
0.000157
0.000038
0.000925
0.002199
0.000275
-0.003041
-0.002231
0.001832
0.003346
0.000958
-0.001258
-0.000274
0.001881
0.001300
-0.001929
-0.003691
-0.001502
0.002114
0.003221
0.001450
-0.001166
-0.003162
-0.003295
-0.000613
0.003684
0.005608
0.002385
-0.002544
-0.003581
-0.000755
0.001775
0.001639
-0.000194
-0.001426
-0.000886
0.000644
0.001198
-0.000484
-0.003100
-0.003271
0.000667
0.005227
0.005003
-0.000190
-0.004746
-0.004556
-0.001366
0.001412
0.002798
0.002563
0.000433
-0.001864
-0.002120
-0.001220
-0.001059
-0.000362
0.002026
0.003309
0.001737
-0.000349
-0.001547
-0.002813
-0.002876
0.000738
0.005432
0.005412
0.000322
-0.004149
-0.004081
-0.001178
0.001233
0.002330
0.002716
0.002080
0.000111
-0.001752
-0.002040
-0.001703
-0.001984
-0.001520
0.001056
0.003207
0.001183
-0.003777
-0.006077
-0.003053
0.002012
0.004592
0.003676
0.001168
-0.001345
-0.003030
-0.002353
0.001138
0.004221
0.003454
0.000425
-0.000980
-0.000501
-0.000213
-0.000331
0.000007
0.000452
0.000596
0.000924
0.001012
-0.000250
-0.002338
-0.003514
-0.002601
0.000252
0.003104
0.003330
0.000369
-0.003234
-0.004314
-0.002409
0.000457
0.002658
0.003767
0.003181
0.000583
-0.002261
-0.002938
-0.001376
0.000555
0.001716
0.002349
0.002211
0.000601
-0.001626
-0.002900
-0.002548
-0.000615
0.001872
0.003103
0.002139
-0.000088
-0.001648
-0.001601
-0.000774
-0.000312
-0.000279
0.000072
0.001086
0.001870
0.001030
-0.001450
-0.003445
-0.002652
0.000340
0.002255
0.001420
-0.000204
-0.000656
-0.000493
-0.000477
-0.000185
0.000366
0.000390
0.000073
0.000522
0.001486
0.001364
-0.000038
-0.001086
-0.000800
0.000171
0.000918
0.001058
0.000538
-0.000092
-0.000151
-0.000089
-0.000622
-0.001049
-0.000377
0.000629
0.000475
-0.000627
-0.001194
-0.000845
-0.000582
-0.000775
-0.000474
0.000671
0.001287
0.000247
-0.001211
-0.001015
0.000540
0.001269
0.000541
-0.000102
0.000325
0.001036
0.001034
0.000425
-0.000117
-0.000371
-0.000327
0.000145
0.000544
0.000211
-0.000394
-0.000418
-0.000015
0.000087
-0.000240
-0.000582
-0.000627
-0.000209
0.000478
0.000606
-0.000327
-0.001473
-0.001625
-0.000837
-0.000022
0.000398
0.000570
0.000724
0.001020
0.001121
0.000398
-0.000680
-0.000714
0.000429
0.001316
0.001174
0.000545
-0.000230
-0.001259
-0.001922
-0.001264
0.000343
0.001361
0.001067
0.000213
-0.000267
-0.000405
-0.000808
-0.001313
-0.000929
0.000460
0.001506
0.001294
0.000551
0.000095
-0.000408
-0.001050
-0.000795
0.000734
0.002059
0.001716
0.000250
-0.000760
-0.000882
-0.000831
-0.000847
-0.000485
0.000197
0.000416
-0.000148
-0.000687
-0.000515
-0.000267
-0.000630
-0.000874
-0.000081
0.001144
0.001420
0.000487
-0.000608
-0.001013
-0.000732
-0.000044
0.000754
0.001239
0.001113
0.000473
-0.000328
-0.000932
-0.001069
-0.000662
0.000091
0.000830
0.001213
0.000992
0.000163
-0.000766
-0.001067
-0.000628
-0.000020
0.000378
0.000615
0.000604
0.000142
-0.000468
-0.000722
-0.000667
-0.000455
0.000071
0.000689
0.000757
0.000209
-0.000304
-0.000414
-0.000389
-0.000384
-0.000165
0.000231
0.000409
0.000235
-0.000061
-0.000263
-0.000314
-0.000230
-0.000004
0.000337
0.000574
0.000479
0.000150
-0.000025
0.000207
0.000542
0.000422
-0.000115
-0.000447
-0.000300
-0.000013
0.000145
0.000223
0.000125
-0.000356
-0.000942
-0.001016
-0.000473
0.000097
0.000170
-0.000086
-0.000150
0.000058
0.000177
0.000126
0.000229
0.000475
0.000386
-0.000034
-0.000085
0.000412
0.000674
0.000270
-0.000159
-0.000002
0.000361
0.000240
-0.000251
-0.000391
-0.000053
0.000088
-0.000272
-0.000588
-0.000420
-0.000078
-0.000011
-0.000130
-0.000116
-0.000053
-0.000209
-0.000371
-0.000093
0.000428
0.000559
0.000267
0.000068
0.000104
0.000131
0.000148
0.000217
0.000176
0.000012
-0.000141
-0.000287
-0.000291
0.000058
0.000450
0.000423
0.000174
0.000124
0.000082
-0.000294
-0.000662
-0.000524
-0.000158
-0.000122
-0.000318
-0.000313
-0.000114
-0.000039
-0.000183
-0.000344
-0.000269
0.000053
0.000320
0.000290
0.000146
0.000220
0.000405
0.000303
0.000000
0.000019
0.000401
0.000574
0.000322
0.000106
0.000186
0.000215
0.000001
-0.000105
0.000075
0.000117
-0.000312
-0.000808
-0.000736
-0.000228
-0.000038
-0.000375
-0.000626
-0.000356
0.000139
0.000348
0.000194
0.000019
0.000085
0.000291
0.000360
0.000242
0.000175
0.000254
0.000292
0.000222
0.000231
0.000370
0.000366
0.000032
-0.000330
-0.000289
0.000007
0.000019
-0.000272
-0.000374
-0.000202
-0.000130
-0.000163
0.000017
0.000251
0.000038
-0.000544
-0.000798
-0.000450
-0.000074
-0.000139
-0.000318
-0.000200
0.000062
0.000158
0.000053
-0.000124
-0.000167
0.000072
0.000428
0.000572
0.000498
0.000493
0.000600
0.000561
0.000356
0.000246
0.000240
0.000154
0.000057
0.000136
0.000294
0.000228
-0.000121
-0.000414
-0.000405
-0.000302
-0.000383
-0.000577
-0.000631
-0.000485
-0.000334
-0.000314
-0.000301
-0.000169
-0.000018
0.000022
0.000026
0.000167
0.000354
0.000270
-0.000010
-0.000020
0.000289
0.000470
0.000353
0.000269
0.000427
0.000533
0.000346
0.000176
0.000354
0.000632
0.000633
0.000383
0.000078
-0.000220
-0.000482
-0.000637
-0.000654
-0.000574
-0.000523
-0.000650
-0.000939
-0.001154
-0.001125
-0.000960
-0.000854
-0.000790
-0.000594
-0.000258
-0.000037
-0.000050
-0.000035
0.000187
0.000409
0.000461
0.000516
0.000747
0.001008
0.001060
0.000893
0.000743
0.000819
0.000985
0.000985
0.000874
0.000796
0.000667
0.000408
0.000179
0.000101
0.000026
-0.000175
-0.000340
-0.000281
-0.000139
-0.000176
-0.000403
-0.000617
-0.000692
-0.000682
-0.000645
-0.000539
-0.000352
-0.000191
-0.000152
-0.000205
-0.000181
0.000040
0.000270
0.000245
0.000075
0.000100
0.000399
0.000755
0.000970
0.000996
0.000710
-0.000044
-0.000982
-0.001437
-0.001145
-0.000554
-0.000218
-0.000216
-0.000347
-0.000586
-0.000973
-0.001274
-0.001244
-0.001065
-0.001062
-0.001059
-0.000595
0.000149
0.000441
0.000131
-0.000139
0.000030
0.000295
0.000353
0.000468
0.000695
0.000432
-0.000477
-0.000999
-0.000269
0.001014
0.001597
0.001498
0.001706
0.002432
0.002967
0.003177
0.003621
0.004030
0.003349
0.001648
0.000339
0.000098
0.000023
-0.000712
-0.001651
-0.002161
-0.002478
-0.002810
-0.002683
-0.002072
-0.001889
-0.002524
-0.003062
-0.002731
-0.002001
-0.001620
-0.001596
-0.001554
-0.001293
-0.000737
0.000138
0.001200
0.002170
0.002710
0.002470
0.001429
0.000238
-0.000249
0.000068
0.000514
0.000645
0.000738
0.001084
0.001466
0.001583
0.001442
0.001081
0.000414
-0.000486
-0.001287
-0.001738
-0.001974
-0.002381
-0.003380
-0.005082
-0.006321
-0.005027
-0.001115
0.002487
0.003566
0.003567
0.004503
0.005284
0.004250
0.002841
0.002998
0.003283
0.001919
0.001067
0.003211
0.006015
0.005627
0.002623
0.000374
-0.000516
-0.002037
-0.004407
-0.005759
-0.005548
-0.005135
-0.005265
-0.005040
-0.003673
-0.002066
-0.001709
-0.002505
-0.002888
-0.002200
-0.001537
-0.001538
-0.001103
0.000414
0.001804
0.002177
0.002499
0.003676
0.004871
0.005088
0.004949
0.005192
0.004858
0.002976
0.000881
0.000560
0.001358
0.000991
-0.000628
-0.001573
-0.001473
-0.001729
-0.002651
-0.003235
-0.003418
-0.004149
-0.005305
-0.005645
-0.005050
-0.005080
-0.006612
-0.007883
-0.006229
-0.001786
0.002309
0.004158
0.005351
0.007357
0.008441
0.007117
0.005693
0.006462
0.007308
0.005518
0.003199
0.003970
0.006477
0.006530
0.004007
0.002144
0.001403
-0.000588
-0.003964
-0.006314
-0.006980
-0.007690
-0.008983
-0.009207
-0.007358
-0.004768
-0.003458
-0.003770
-0.004087
-0.003092
-0.001677
-0.001342
-0.001485
-0.000605
0.000816
0.001512
0.002272
0.004480
0.007073
0.007931
0.007037
0.005780
0.004626
0.003497
0.002763
0.002414
0.001787
0.000795
0.000092
-0.000091
-0.000228
-0.000746
-0.001773
-0.003296
-0.004955
-0.006157
-0.006979
-0.008364
-0.010369
-0.010867
-0.007907
-0.002988
0.000598
0.002462
0.004761
0.007279
0.007460
0.005727
0.005405
0.006618
0.006058
0.003604
0.003151
0.005766
0.007757
0.006939
0.005429
0.004829
0.003556
0.000513
-0.002609
-0.004363
-0.005882
-0.008393
-0.010535
-0.010118
-0.007408
-0.004822
-0.003768
-0.003355
-0.002505
-0.001780
-0.002041
-0.002601
-0.002324
-0.001553
-0.001232
-0.000771
0.001196
0.004204
0.006341
0.007121
0.007555
0.007592
0.006240
0.004098
0.002925
0.002671
0.001689
-0.000057
-0.000777
-0.000064
0.000367
-0.000388
-0.001323
-0.001935
-0.003170
-0.005334
-0.007528
-0.009477
-0.011227
-0.011295
-0.008229
-0.003587
-0.000078
0.002502
0.005698
0.008267
0.008211
0.006961
0.006738
0.006303
0.003920
0.001718
0.002583
0.005167
0.006275
0.005958
0.006102
0.006213
0.004484
0.001384
-0.001241
-0.003508
-0.006744
-0.010149
-0.011341
-0.009864
-0.007568
-0.005761
-0.004105
-0.002328
-0.001179
-0.001110
-0.001412
-0.001492
-0.001756
-0.002456
-0.002667
-0.001326
0.001266
0.003873
0.006006
0.007941
0.009122
0.008369
0.006083
0.004238
0.003465
0.002249
-0.000021
-0.001591
-0.001281
-0.000440
-0.000500
-0.000898
-0.000906
-0.001370
-0.003126
-0.005549
-0.007998
-0.010449
-0.011796
-0.010294
-0.006496
-0.002841
0.000183
0.003960
0.007708
0.008978
0.008226
0.007908
0.007588
0.005197
0.002136
0.001749
0.003667
0.004706
0.004428
0.004966
0.006239
0.005904
0.003526
0.000886
-0.001562
-0.005021
-0.009146
-0.011649
-0.011384
-0.009550
-0.007609
-0.005688
-0.003313
-0.000709
0.001125
0.001477
0.000696
-0.000423
-0.001613
-0.002725
-0.002933
-0.001554
0.000816
0.003163
0.005361
0.007405
0.008434
0.007981
0.006897
0.005750
0.003881
0.001112
-0.001295
-0.002310
-0.002391
-0.002329
-0.002070
-0.001464
-0.001106
-0.001699
-0.003488
-0.006348
-0.009186
-0.010023
-0.008335
-0.006048
-0.004341
-0.001626
0.002832
0.006453
0.007546
0.008231
0.009786
0.009530
0.006085
0.003004
0.003092
0.003794
0.002428
0.001138
0.002391
0.004166
0.003721
0.002153
0.001399
0.000165
-0.003409
-0.007740
-0.009871
-0.009673
-0.009174
-0.008947
-0.007573
-0.004462
-0.001164
0.000742
0.001558
0.002194
0.002198
0.000735
-0.001203
-0.001736
-0.000853
0.000148
0.001379
0.003790
0.006435
0.007376
0.006924
0.006836
0.006839
0.005165
0.002022
-0.000550
-0.001871
-0.002979
-0.004147
-0.004430
-0.003668
-0.003039
-0.003525
-0.005021
-0.006596
-0.007040
-0.006039
-0.004827
-0.004274
-0.003080
-0.000071
0.003079
0.004486
0.005509
0.007842
0.009495
0.008106
0.005731
0.005523
0.006102
0.004422
0.001759
0.001345
0.002402
0.001884
0.000128
-0.000365
-0.000142
-0.001960
-0.005617
-0.007892
-0.007552
-0.006811
-0.007277
-0.007493
-0.005725
-0.002974
-0.001298
-0.000549
0.000804
0.002292
0.001952
0.000222
-0.000254
0.000981
0.001747
0.001487
0.001982
0.003536
0.004443
0.004459
0.005030
0.005952
0.005368
0.003147
0.001160
0.000199
-0.000824
-0.002559
-0.004122
-0.004659
-0.004645
-0.005203
-0.006561
-0.007424
-0.006399
-0.004088
-0.002479
-0.001801
-0.000110
0.002882
0.004648
0.004325
0.004551
0.006407
0.006962
0.004827
0.003296
0.004544
0.005596
0.003927
0.002054
0.002537
0.003293
0.001775
-0.000475
-0.001227
-0.001767
-0.004157
-0.007191
-0.008188
-0.007110
-0.006180
-0.006258
-0.005846
-0.003752
-0.001091
0.000405
0.000913
0.001659
0.002280
0.001506
0.000110
0.000082
0.001177
0.001529
0.001228
0.001929
0.003441
0.004175
0.004185
0.004542
0.004772
0.003704
0.001787
0.000348
-0.000496
-0.001572
-0.002974
-0.003977
-0.004289
-0.004579
-0.005708
-0.007245
-0.007368
-0.005297
-0.002849
-0.001800
-0.000923
0.001634
0.004503
0.005275
0.004989
0.006110
0.007498
0.006380
0.003968
0.003716
0.005058
0.004509
0.002215
0.001516
0.002592
0.002296
0.000031
-0.001582
-0.001983
-0.003468
-0.006263
-0.007638
-0.006737
-0.005961
-0.006545
-0.006533
-0.004461
-0.001903
-0.000698
-0.000159
0.001027
0.002209
0.002042
0.001007
0.000704
0.001274
0.001537
0.001397
0.001992
0.003298
0.003949
0.003833
0.004233
0.005084
0.004697
0.002736
0.000894
0.000011
-0.001019
-0.002856
-0.004388
-0.004702
-0.004747
-0.005868
-0.007467
-0.007470
-0.005279
-0.002813
-0.001656
-0.000648
0.001787
0.004374
0.004997
0.004668
0.005708
0.007111
0.006205
0.003936
0.003566
0.004798
0.004387
0.002189
0.001257
0.002034
0.001747
-0.000272
-0.001701
-0.001961
-0.003181
-0.005799
-0.007350
-0.006689
-0.005830
-0.006204
-0.006170
-0.004066
-0.001254
0.000107
0.000441
0.001438
0.002778
0.002762
0.001460
0.000688
0.001034
0.001265
0.000861
0.000906
0.001868
0.002678
0.002839
0.003340
0.004466
0.004760
0.003385
0.001614
0.000662
-0.000215
-0.002060
-0.004145
-0.005175
-0.005500
-0.006471
-0.007892
-0.007814
-0.005449
-0.002676
-0.001270
-0.000144
0.002422
0.005209
0.005908
0.005345
0.005944
0.006996
0.005978
0.003663
0.003085
0.004121
0.003889
0.002114
0.001383
0.002112
0.001815
-0.000229
-0.001882
-0.002372
-0.003510
-0.005826
-0.007288
-0.006962
-0.006440
-0.006521
-0.005745
-0.003374
-0.000983
0.000114
0.000764
0.002032
0.003168
0.002927
0.001743
0.001055
0.001114
0.001061
0.000735
0.000846
0.001487
0.002004
0.002437
0.003442
0.004591
0.004581
0.003361
0.002150
0.001272
-0.000170
-0.002364
-0.004219
-0.005113
-0.005858
-0.007289
-0.008633
-0.008206
-0.005778
-0.003081
-0.001263
0.000726
0.003720
0.006119
0.006434
0.006107
0.006873
0.007274
0.005400
0.003007
0.002809
0.003695
0.002918
0.001157
0.000986
0.001982
0.001622
-0.000170
-0.001324
-0.001672
-0.003067
-0.005718
-0.007586
-0.007644
-0.007062
-0.006782
-0.006050
-0.004054
-0.001558
0.000196
0.001365
0.002843
0.004211
0.004138
0.002750
0.001680
0.001538
0.001290
0.000481
0.000095
0.000631
0.001339
0.001923
0.002959
0.004198
0.004442
0.003507
0.002482
0.001745
0.000458
-0.001706
-0.003883
-0.005374
-0.006601
-0.008196
-0.009553
-0.009180
-0.006764
-0.003833
-0.001565
0.000839
0.004175
0.007046
0.007895
0.007778
0.008308
0.008414
0.006413
0.003647
0.002527
0.002477
0.001389
-0.000222
-0.000258
0.000860
0.000873
-0.000333
-0.001006
-0.001103
-0.002206
-0.004364
-0.005948
-0.006352
-0.006468
-0.006597
-0.005984
-0.004418
-0.002651
-0.001143
0.000447
0.002225
0.003406
0.003322
0.002542
0.002142
0.002143
0.001747
0.000945
0.000566
0.000753
0.000965
0.001371
0.002484
0.003676
0.003858
0.003279
0.002909
0.002489
0.001022
-0.001216
-0.003004
-0.004142
-0.005506
-0.007377
-0.008798
-0.008655
-0.006934
-0.004663
-0.002526
-0.000029
0.003134
0.005806
0.006995
0.007604
0.008584
0.008729
0.006782
0.004166
0.002868
0.002230
0.000663
-0.001096
-0.001377
-0.000743
-0.000831
-0.001362
-0.001153
-0.000817
-0.001691
-0.003212
-0.003888
-0.003891
-0.004344
-0.004981
-0.004717
-0.003684
-0.002785
-0.001959
-0.000511
0.001314
0.002456
0.002561
0.002385
0.002533
0.002576
0.001967
0.001134
0.000770
0.000698
0.000550
0.000803
0.001793
0.002596
0.002394
0.001936
0.002145
0.002307
0.001249
-0.000637
-0.002107
-0.003059
-0.004419
-0.006417
-0.008037
-0.008226
-0.007017
-0.005224
-0.003284
-0.000820
0.002287
0.005022
0.006579
0.007687
0.009050
0.009552
0.008027
0.005650
0.004230
0.003275
0.001323
-0.000947
-0.001901
-0.001994
-0.002647
-0.003360
-0.002826
-0.001805
-0.001986
-0.002987
-0.003194
-0.002733
-0.002932
-0.003633
-0.003623
-0.002964
-0.002616
-0.002408
-0.001361
0.000326
0.001331
0.001297
0.001379
0.002247
0.002995
0.002801
0.002267
0.002164
0.002053
0.001425
0.001034
0.001549
0.002056
0.001579
0.000876
0.000989
0.001230
0.000389
-0.001084
-0.001921
-0.002220
-0.003041
-0.004521
-0.005874
-0.006579
-0.006529
-0.005671
-0.004175
-0.002300
-0.000019
0.002461
0.004492
0.005999
0.007566
0.008891
0.008783
0.007279
0.005821
0.004811
0.003192
0.000905
-0.000726
-0.001442
-0.002358
-0.003533
-0.003794
-0.003155
-0.002977
-0.003530
-0.003645
-0.002926
-0.002373
-0.002488
-0.002526
-0.002095
-0.001843
-0.001963
-0.001572
-0.000378
0.000535
0.000459
0.000256
0.000867
0.001776
0.002050
0.001943
0.002251
0.002734
0.002610
0.002194
0.002385
0.002809
0.002306
0.001129
0.000651
0.000836
0.000193
-0.001486
-0.002629
-0.002602
-0.002634
-0.003535
-0.004660
-0.005384
-0.005703
-0.005437
-0.004349
-0.002784
-0.001135
0.000733
0.002802
0.004557
0.005823
0.006960
0.007786
0.007606
0.006568
0.005520
0.004503
0.002907
0.000985
-0.000442
-0.001440
-0.002577
-0.003582
-0.003807
-0.003558
-0.003593
-0.003790
-0.003523
-0.002872
-0.002399
-0.002122
-0.001691
-0.001249
-0.001167
-0.001182
-0.000733
-0.000030
0.000216
0.000066
0.000280
0.000976
0.001460
0.001429
0.001411
0.001819
0.002287
0.002389
0.002401
0.002664
0.002772
0.002304
0.001692
0.001394
0.000929
-0.000313
-0.001888
-0.002830
-0.003075
-0.003400
-0.004117
-0.004830
-0.005310
-0.005512
-0.005105
-0.003916
-0.002403
-0.000899
0.000887
0.002916
0.004468
0.005378
0.006321
0.007297
0.007373
0.006371
0.005231
0.004372
0.003229
0.001653
0.000224
-0.000895
-0.002056
-0.003149
-0.003615
-0.003449
-0.003368
-0.003743
-0.004021
-0.003626
-0.002803
-0.002072
-0.001514
-0.001029
-0.000783
-0.000783
-0.000472
0.000383
0.000968
0.000612
0.000030
0.000213
0.000825
0.000955
0.000696
0.000789
0.001288
0.001700
0.001981
0.002436
0.002847
0.002662
0.002086
0.001827
0.001721
0.000880
-0.000712
-0.001969
-0.002363
-0.002673
-0.003580
-0.004645
-0.005257
-0.005468
-0.005367
-0.004670
-0.003362
-0.001841
-0.000178
0.001775
0.003605
0.004724
0.005409
0.006331
0.007185
0.007085
0.006044
0.004815
0.003644
0.002299
0.000889
-0.000335
-0.001525
-0.002770
-0.003563
-0.003496
-0.003139
-0.003351
-0.003926
-0.003839
-0.002835
-0.001762
-0.001199
-0.000911
-0.000758
-0.000841
-0.000737
0.000004
0.000758
0.000540
-0.000332
-0.000574
0.000105
0.000678
0.000533
0.000286
0.000582
0.001222
0.001833
0.002402
0.002847
0.002833
0.002422
0.002224
0.002378
0.002060
0.000742
-0.000823
-0.001720
-0.002175
-0.002890
-0.003829
-0.004533
-0.005009
-0.005387
-0.005305
-0.004455
-0.003193
-0.001843
-0.000115
0.001962
0.003536
0.004258
0.004992
0.006240
0.007059
0.006575
0.005361
0.004316
0.003337
0.002033
0.000661
-0.000488
-0.001652
-0.002849
-0.003402
-0.003023
-0.002604
-0.003001
-0.003607
-0.003235
-0.001948
-0.000918
-0.000726
-0.000842
-0.000725
-0.000403
0.000031
0.000421
0.000308
-0.000389
-0.000927
-0.000712
-0.000200
-0.000165
-0.000481
-0.000332
0.000501
0.001366
0.001841
0.002202
0.002626
0.002863
0.002864
0.002848
0.002648
0.001837
0.000585
-0.000433
-0.001042
-0.001754
-0.002815
-0.003774
-0.004258
-0.004523
-0.004875
-0.005064
-0.004658
-0.003607
-0.002059
-0.000144
0.001671
0.002725
0.003200
0.004140
0.005750
0.006747
0.006211
0.004929
0.004103
0.003700
0.002952
0.001669
0.000202
-0.001232
-0.002446
-0.003025
-0.002933
-0.002927
-0.003534
-0.004015
-0.003376
-0.002019
-0.001178
-0.001091
-0.000990
-0.000524
-0.000011
0.000402
0.000779
0.000852
0.000367
-0.000251
-0.000396
-0.000235
-0.000394
-0.000839
-0.000893
-0.000319
0.000423
0.000958
0.001394
0.001871
0.002289
0.002579
0.002794
0.002852
0.002488
0.001641
0.000678
-0.000061
-0.000741
-0.001660
-0.002676
-0.003468
-0.004115
-0.004863
-0.005459
-0.005358
-0.004497
-0.003214
-0.001576
0.000317
0.001798
0.002547
0.003403
0.005022
0.006484
0.006549
0.005542
0.004727
0.004425
0.003902
0.002737
0.001245
-0.000224
-0.001540
-0.002442
-0.002735
-0.002893
-0.003576
-0.004453
-0.004457
-0.003382
-0.002221
-0.001668
-0.001300
-0.000641
0.000038
0.000494
0.000970
0.001418
0.001323
0.000686
0.000229
0.000197
-0.000028
-0.000713
-0.001208
-0.000998
-0.000439
-0.000029
0.000325
0.000880
0.001460
0.001828
0.002153
0.002564
0.002742
0.002419
0.001834
0.001343
0.000872
0.000038
-0.001187
-0.002351
-0.003261
-0.004219
-0.005234
-0.005748
-0.005455
-0.004590
-0.003271
-0.001515
0.000118
0.001041
0.001769
0.003285
0.005247
0.006229
0.005850
0.005222
0.005139
0.005154
0.004584
0.003383
0.001838
0.000181
-0.001251
-0.002106
-0.002574
-0.003365
-0.004646
-0.005493
-0.005068
-0.003876
-0.002981
-0.002466
-0.001683
-0.000638
0.000149
0.000782
0.001635
0.002262
0.002034
0.001387
0.001121
0.001061
0.000590
-0.000122
-0.000456
-0.000385
-0.000322
-0.000268
0.000068
0.000526
0.000684
0.000653
0.000950
0.001603
0.001991
0.001731
0.001212
0.000903
0.000628
0.000018
-0.000801
-0.001505
-0.002175
-0.003041
-0.003923
-0.004480
-0.004654
-0.004422
-0.003510
-0.001957
-0.000561
0.000075
0.000616
0.002083
0.004102
0.005294
0.005296
0.005065
0.005253
0.005507
0.005285
0.004450
0.003128
0.001548
0.000078
-0.000987
-0.001819
-0.002908
-0.004361
-0.005483
-0.005513
-0.004759
-0.004179
-0.003894
-0.003210
-0.001993
-0.000795
0.000184
0.001112
0.001839
0.002096
0.002095
0.002181
0.002169
0.001743
0.001151
0.000805
0.000586
0.000204
-0.000149
-0.000154
-0.000008
-0.000077
-0.000232
-0.000082
0.000371
0.000714
0.000668
0.000434
0.000376
0.000507
0.000529
0.000259
-0.000259
-0.000931
-0.001627
-0.002245
-0.002884
-0.003617
-0.004070
-0.003668
-0.002422
-0.001160
-0.000650
-0.000591
0.000074
0.001694
0.003355
0.004114
0.004134
0.004195
0.004667
0.005244
0.005316
0.004544
0.003231
0.002002
0.001135
0.000363
-0.000735
-0.002239
-0.003766
-0.004795
-0.005150
-0.005159
-0.005124
-0.004822
-0.004029
-0.003076
-0.002245
-0.001264
-0.000008
0.001032
0.001548
0.001921
0.002459
0.002904
0.003014
0.002865
0.002491
0.001944
0.001596
0.001664
0.001693
0.001164
0.000266
-0.000390
-0.000530
-0.000399
-0.000427
-0.000809
-0.001263
-0.001353
-0.001129
-0.001011
-0.001144
-0.001344
-0.001462
-0.001462
-0.001454
-0.001752
-0.002452
-0.002925
-0.002362
-0.000950
0.000159
0.000276
-0.000018
0.000320
0.001537
0.002825
0.003298
0.003003
0.002768
0.003206
0.004019
0.004327
0.003703
0.002668
0.001953
0.001593
0.001090
0.000122
-0.001240
-0.002608
-0.003457
-0.003659
-0.003681
-0.003857
-0.003895
-0.003541
-0.003117
-0.002866
-0.002465
-0.001660
-0.000762
-0.000156
0.000227
0.000669
0.001269
0.001948
0.002560
0.002887
0.002848
0.002759
0.002971
0.003237
0.002957
0.002041
0.001061
0.000517
0.000282
-0.000108
-0.000812
-0.001561
-0.002046
-0.002205
-0.002156
-0.002078
-0.002156
-0.002387
-0.002476
-0.002211
-0.001911
-0.002018
-0.002338
-0.002189
-0.001203
0.000237
0.001279
0.001405
0.001048
0.001150
0.002018
0.002937
0.003122
0.002712
0.002481
0.002793
0.003235
0.003213
0.002642
0.001950
0.001500
0.001188
0.000714
-0.000012
-0.000903
-0.001837
-0.002584
-0.002962
-0.003128
-0.003291
-0.003325
-0.003148
-0.003042
-0.003059
-0.002698
-0.001714
-0.000695
-0.000234
-0.000058
0.000431
0.001247
0.001967
0.002334
0.002381
0.002318
0.002429
0.002790
0.003033
0.002728
0.001965
0.001203
0.000729
0.000503
0.000268
-0.000249
-0.001008
-0.001658
-0.002001
-0.002186
-0.002310
-0.002268
-0.002150
-0.002174
-0.002191
-0.001960
-0.001733
-0.001889
-0.002171
-0.001900
-0.000855
0.000418
0.001157
0.001151
0.001008
0.001461
0.002411
0.003074
0.003038
0.002683
0.002564
0.002832
0.003168
0.003053
0.002339
0.001522
0.001071
0.000787
0.000257
-0.000524
-0.001343
-0.002086
-0.002662
-0.002996
-0.003177
-0.003283
-0.003232
-0.003042
-0.002856
-0.002554
-0.001837
-0.000840
-0.000110
0.000162
0.000347
0.000736
0.001250
0.001715
0.001986
0.002033
0.002083
0.002358
0.002710
0.002812
0.002552
0.002043
0.001437
0.000895
0.000540
0.000262
-0.000224
-0.000971
-0.001683
-0.002095
-0.002225
-0.002213
-0.002224
-0.002393
-0.002623
-0.002613
-0.002297
-0.001952
-0.001843
-0.001958
-0.001962
-0.001327
0.000061
0.001396
0.001727
0.001350
0.001473
0.002402
0.003224
0.003312
0.002973
0.002662
0.002525
0.002631
0.002816
0.002550
0.001705
0.000944
0.000689
0.000443
-0.000265
-0.001155
-0.001841
-0.002354
-0.002779
-0.003027
-0.003014
-0.002732
-0.002319
-0.002115
-0.002192
-0.002075
-0.001464
-0.000760
-0.000375
-0.000182
0.000064
0.000412
0.000909
0.001480
0.001801
0.001777
0.001825
0.002242
0.002691
0.002724
0.002388
0.001910
0.001332
0.000733
0.000322
0.000121
-0.000122
-0.000625
-0.001299
-0.001810
-0.001909
-0.001765
-0.001828
-0.002211
-0.002515
-0.002435
-0.002117
-0.001805
-0.001627
-0.001703
-0.001886
-0.001541
-0.000295
0.001135
0.001662
0.001292
0.001062
0.001560
0.002337
0.002803
0.002844
0.002570
0.002245
0.002289
0.002675
0.002714
0.002052
0.001249
0.000877
0.000691
0.000163
-0.000671
-0.001415
-0.001998
-0.002542
-0.002900
-0.002891
-0.002654
-0.002423
-0.002273
-0.002142
-0.001882
-0.001390
-0.000744
-0.000208
0.000012
0.000047
0.000242
0.000691
0.001141
0.001384
0.001499
0.001654
0.001858
0.002018
0.002118
0.002198
0.002169
0.001850
0.001259
0.000707
0.000451
0.000376
0.000122
-0.000505
-0.001292
-0.001809
-0.001879
-0.001809
-0.001983
-0.002356
-0.002600
-0.002559
-0.002267
-0.001835
-0.001507
-0.001478
-0.001605
-0.001540
-0.001008
0.000056
0.001250
0.001797
0.001516
0.001252
0.001721
0.002564
0.003021
0.002889
0.002469
0.002174
0.002293
0.002620
0.002520
0.001782
0.000959
0.000522
0.000258
-0.000173
-0.000725
-0.001294
-0.001926
-0.002492
-0.002748
-0.002687
-0.002410
-0.002005
-0.001790
-0.001982
-0.002113
-0.001594
-0.000710
-0.000219
-0.000225
-0.000203
0.000143
0.000679
0.001167
0.001400
0.001358
0.001323
0.001553
0.001882
0.002011
0.002001
0.002014
0.001872
0.001396
0.000830
0.000524
0.000467
0.000314
-0.000255
-0.001132
-0.001752
-0.001751
-0.001508
-0.001613
-0.002069
-0.002446
-0.002482
-0.002232
-0.001887
-0.001613
-0.001462
-0.001368
-0.001244
-0.000999
-0.000405
0.000662
0.001683
0.001887
0.001423
0.001297
0.001937
0.002705
0.002949
0.002659
0.002119
0.001732
0.001848
0.002145
0.001844
0.000907
0.000147
-0.000037
-0.000090
-0.000388
-0.000783
-0.001152
-0.001567
-0.001983
-0.002263
-0.002318
-0.002066
-0.001618
-0.001395
-0.001558
-0.001640
-0.001224
-0.000553
-0.000068
0.000109
0.000099
0.000121
0.000391
0.000854
0.001180
0.001196
0.001126
0.001287
0.001708
0.002125
0.002299
0.002187
0.001814
0.001217
0.000556
0.000055
-0.000200
-0.000351
-0.000670
-0.001229
-0.001713
-0.001818
-0.001705
-0.001731
-0.001927
-0.002062
-0.001971
-0.001657
-0.001248
-0.000931
-0.000801
-0.000760
-0.000655
-0.000556
-0.000609
-0.000501
0.000312
0.001535
0.002071
0.001573
0.001055
0.001423
0.002220
0.002485
0.002076
0.001489
0.001118
0.001180
0.001597
0.001724
0.001088
0.000265
0.000032
0.000119
-0.000129
-0.000634
-0.001016
-0.001289
-0.001598
-0.001875
-0.001955
-0.001678
-0.001060
-0.000568
-0.000690
-0.001114
-0.001045
-0.000384
0.000190
0.000256
0.000042
-0.000084
0.000046
0.000336
0.000454
0.000257
0.000085
0.000241
0.000539
0.000728
0.000900
0.001152
0.001334
0.001301
0.001027
0.000592
0.000286
0.000361
0.000509
0.000156
-0.000605
-0.001082
-0.001012
-0.000844
-0.000971
-0.001276
-0.001453
-0.001364
-0.001084
-0.000808
-0.000690
-0.000687
-0.000645
-0.000530
-0.000465
-0.000532
-0.000636
-0.000463
0.000233
0.001065
0.001232
0.000738
0.000556
0.001144
0.001782
0.001790
0.001391
0.001069
0.000970
0.001074
0.001220
0.001065
0.000590
0.000310
0.000438
0.000481
0.000131
-0.000265
-0.000463
-0.000659
-0.000973
-0.001298
-0.001496
-0.001405
-0.001056
-0.000840
-0.000988
-0.001168
-0.001032
-0.000705
-0.000432
-0.000220
-0.000058
-0.000004
0.000034
0.000201
0.000417
0.000523
0.000555
0.000622
0.000707
0.000816
0.001047
0.001296
0.001300
0.001055
0.000768
0.000517
0.000289
0.000095
-0.000116
-0.000357
-0.000522
-0.000612
-0.000742
-0.000862
-0.000883
-0.000954
-0.001170
-0.001336
-0.001306
-0.001158
-0.000969
-0.000746
-0.000538
-0.000391
-0.000245
-0.000079
-0.000016
-0.000123
-0.000174
0.000163
0.000860
0.001420
0.001396
0.000951
0.000758
0.001166
0.001689
0.001686
0.001191
0.000715
0.000600
0.000797
0.000946
0.000708
0.000221
-0.000055
-0.000044
-0.000118
-0.000419
-0.000677
-0.000780
-0.000924
-0.001187
-0.001363
-0.001300
-0.001075
-0.000827
-0.000645
-0.000574
-0.000514
-0.000281
0.000058
0.000207
0.000094
-0.000010
0.000081
0.000265
0.000380
0.000380
0.000312
0.000249
0.000229
0.000279
0.000439
0.000665
0.000825
0.000838
0.000735
0.000601
0.000488
0.000350
0.000115
-0.000190
-0.000416
-0.000476
-0.000491
-0.000659
-0.000934
-0.001049
-0.000931
-0.000806
-0.000786
-0.000739
-0.000603
-0.000446
-0.000297
-0.000140
-0.000014
0.000057
0.000117
0.000169
0.000106
-0.000152
-0.000471
-0.000514
-0.000050
0.000685
0.001076
0.000810
0.000344
0.000370
0.000914
0.001349
0.001264
0.000857
0.000540
0.000560
0.000821
0.000922
0.000630
0.000241
0.000141
0.000195
0.000013
-0.000361
-0.000604
-0.000717
-0.000912
-0.001188
-0.001366
-0.001272
-0.000897
-0.000544
-0.000544
-0.000710
-0.000532
0.000008
0.000402
0.000369
0.000120
-0.000044
0.000009
0.000221
0.000353
0.000285
0.000255
0.000444
0.000624
0.000592
0.000517
0.000604
0.000754
0.000749
0.000548
0.000313
0.000222
0.000265
0.000177
-0.000207
-0.000610
-0.000698
-0.000595
-0.000641
-0.000882
-0.001100
-0.001122
-0.000944
-0.000692
-0.000511
-0.000396
-0.000236
-0.000068
-0.000053
-0.000169
-0.000221
-0.000117
0.000078
0.000257
0.000345
0.000328
0.000246
0.000143
0.000077
0.000177
0.000500
0.000786
0.000695
0.000402
0.000447
0.000879
0.001147
0.000930
0.000502
0.000242
0.000257
0.000417
0.000457
0.000193
-0.000201
-0.000354
-0.000256
-0.000265
-0.000474
-0.000568
-0.000429
-0.000356
-0.000553
-0.000840
-0.000926
-0.000661
-0.000200
0.000002
-0.000264
-0.000525
-0.000248
0.000313
0.000463
0.000112
-0.000179
-0.000084
0.000172
0.000319
0.000349
0.000384
0.000489
0.000592
0.000570
0.000456
0.000438
0.000553
0.000589
0.000403
0.000136
0.000015
0.000056
0.000038
-0.000211
-0.000578
-0.000812
-0.000820
-0.000749
-0.000788
-0.000934
-0.000981
-0.000787
-0.000458
-0.000214
-0.000164
-0.000201
-0.000157
-0.000055
-0.000013
0.000023
0.000150
0.000280
0.000284
0.000192
0.000125
0.000143
0.000202
0.000198
0.000060
-0.000127
-0.000095
0.000323
0.000859
0.001022
0.000714
0.000379
0.000442
0.000818
0.001052
0.000865
0.000461
0.000226
0.000251
0.000308
0.000170
-0.000171
-0.000491
-0.000570
-0.000511
-0.000580
-0.000750
-0.000786
-0.000684
-0.000640
-0.000649
-0.000523
-0.000231
0.000009
-0.000025
-0.000264
-0.000385
-0.000170
0.000269
0.000581
0.000502
0.000198
0.000128
0.000396
0.000572
0.000359
0.000032
-0.000017
0.000183
0.000296
0.000195
0.000077
0.000107
0.000177
0.000084
-0.000148
-0.000268
-0.000165
-0.000053
-0.000155
-0.000371
-0.000428
-0.000260
-0.000097
-0.000165
-0.000409
-0.000564
-0.000487
-0.000326
-0.000293
-0.000354
-0.000314
-0.000143
0.000006
0.000073
0.000153
0.000297
0.000366
0.000159
-0.000217
-0.000385
-0.000237
-0.000010
0.000117
0.000141
0.000110
0.000103
0.000154
0.000177
0.000149
0.000232
0.000556
0.000916
0.000935
0.000638
0.000490
0.000650
0.000733
0.000486
0.000157
0.000027
0.000073
0.000117
0.000036
-0.000175
-0.000373
-0.000385
-0.000269
-0.000275
-0.000452
-0.000564
-0.000442
-0.000234
-0.000223
-0.000418
-0.000508
-0.000346
-0.000171
-0.000223
-0.000354
-0.000237
0.000124
0.000363
0.000267
0.000048
0.000022
0.000208
0.000359
0.000298
0.000124
0.000064
0.000139
0.000138
-0.000001
-0.000054
0.000107
0.000270
0.000206
0.000026
-0.000000
0.000110
0.000101
-0.000107
-0.000352
-0.000479
-0.000465
-0.000416
-0.000460
-0.000575
-0.000611
-0.000486
-0.000275
-0.000112
-0.000068
-0.000074
0.000015
0.000171
0.000208
0.000123
0.000120
0.000266
0.000399
0.000392
0.000308
0.000278
0.000351
0.000448
0.000432
0.000283
0.000114
0.000013
-0.000052
-0.000178
-0.000343
-0.000405
-0.000331
-0.000251
-0.000211
-0.000119
0.000033
0.000144
0.000185
0.000228
0.000315
0.000417
0.000469
0.000415
0.000283
0.000167
0.000119
0.000141
0.000208
0.000244
0.000210
0.000173
0.000163
0.000120
0.000029
-0.000048
-0.000115
-0.000219
-0.000329
-0.000374
-0.000349
-0.000319
-0.000325
-0.000372
-0.000451
-0.000529
-0.000556
-0.000490
-0.000326
-0.000169
-0.000165
-0.000247
-0.000189
0.000033
0.000219
0.000269
0.000270
0.000338
0.000460
0.000502
0.000417
0.000334
0.000321
0.000263
0.000104
-0.000004
0.000053
0.000152
0.000125
-0.000009
-0.000129
-0.000204
-0.000297
-0.000436
-0.000548
-0.000504
-0.000297
-0.000110
-0.000061
-0.000073
-0.000065
-0.000043
-0.000038
-0.000064
-0.000105
-0.000119
-0.000088
-0.000034
0.000034
0.000109
0.000142
0.000110
0.000070
0.000081
0.000126
0.000181
0.000241
0.000262
0.000225
0.000223
0.000301
0.000338
0.000249
0.000120
0.000068
0.000095
0.000124
0.000120
0.000133
0.000192
0.000205
0.000106
-0.000008
-0.000050
-0.000082
-0.000149
-0.000187
-0.000164
-0.000143
-0.000165
-0.000197
-0.000210
-0.000205
-0.000196
-0.000192
-0.000179
-0.000149
-0.000078
0.000053
0.000184
0.000234
0.000225
0.000225
0.000211
0.000112
-0.000037
-0.000116
-0.000121
-0.000106
-0.000061
-0.000012
-0.000044
-0.000134
-0.000175
-0.000157
-0.000146
-0.000141
-0.000106
-0.000063
-0.000068
-0.000125
-0.000162
-0.000109
0.000009
0.000099
0.000120
0.000099
0.000072
0.000059
0.000054
0.000034
0.000014
0.000016
0.000015
0.000003
0.000022
0.000069
0.000084
0.000034
-0.000043
-0.000062
0.000009
0.000080
0.000070
0.000011
-0.000036
-0.000058
-0.000050
-0.000006
0.000051
0.000074
0.000050
0.000007
-0.000030
-0.000023
0.000042
0.000094
0.000063
0.000008
-0.000012
-0.000027
-0.000011
0.000092
0.000173
0.000111
-0.000003
-0.000038
-0.000012
0.000027
0.000093
0.000171
0.000179
0.000090
-0.000011
-0.000036
-0.000005
0.000015
0.000016
0.000021
0.000030
0.000035
0.000041
0.000049
0.000021
-0.000077
-0.000171
-0.000140
-0.000027
-0.000014
-0.000134
-0.000231
-0.000233
-0.000216
-0.000220
-0.000181
-0.000069
0.000049
0.000128
0.000196
0.000229
0.000158
0.000047
0.000002
0.000042
0.000103
0.000057
-0.000135
-0.000323
-0.000387
-0.000367
-0.000310
-0.000188
-0.000010
0.000131
0.000190
0.000216
0.000238
0.000229
0.000219
0.000254
0.000264
0.000180
0.000076
0.000045
0.000060
0.000042
-0.000038
-0.000134
-0.000165
-0.000123
-0.000106
-0.000161
-0.000204
-0.000176
-0.000141
-0.000123
-0.000070
-0.000017
-0.000015
0.000009
0.000080
0.000092
0.000041
0.000059
0.000166
0.000228
0.000177
0.000102
0.000068
0.000043
0.000007
-0.000030
-0.000086
-0.000142
-0.000110
-0.000001
0.000055
0.000013
-0.000026
0.000001
0.000049
0.000068
0.000065
0.000088
0.000127
0.000099
0.000006
-0.000047
-0.000041
-0.000086
-0.000200
-0.000237
-0.000135
-0.000002
0.000083
0.000136
0.000143
0.000101
0.000070
0.000079
0.000092
0.000067
-0.000009
-0.000109
-0.000176
-0.000175
-0.000092
0.000068
0.000222
0.000262
0.000192
0.000112
0.000042
-0.000044
-0.000099
-0.000070
-0.000028
-0.000089
-0.000241
-0.000348
-0.000326
-0.000216
-0.000110
-0.000049
-0.000019
0.000014
0.000043
0.000035
-0.000001
-0.000021
0.000008
0.000076
0.000143
0.000180
0.000175
0.000137
0.000090
0.000042
-0.000024
-0.000109
-0.000185
-0.000211
-0.000160
-0.000082
-0.000062
-0.000077
-0.000031
0.000081
0.000141
0.000082
0.000008
0.000056
0.000174
0.000183
0.000058
-0.000035
-0.000006
0.000060
0.000076
0.000061
0.000050
0.000028
-0.000001
-0.000005
0.000022
0.000056
0.000057
-0.000008
-0.000084
-0.000078
-0.000006
0.000026
-0.000013
-0.000053
-0.000041
0.000013
0.000055
0.000045
-0.000000
-0.000025
-0.000018
-0.000044
-0.000143
-0.000215
-0.000142
0.000070
0.000322
0.000488
0.000495
0.000387
0.000257
0.000165
0.000058
-0.000135
-0.000321
-0.000349
-0.000254
-0.000192
-0.000205
-0.000230
-0.000251
-0.000289
-0.000306
-0.000272
-0.000226
-0.000192
-0.000156
-0.000120
-0.000069
0.000025
0.000144
0.000226
0.000221
0.000167
0.000169
0.000248
0.000313
0.000277
0.000154
0.000054
0.000053
0.000076
0.000026
-0.000052
-0.000045
0.000029
0.000039
-0.000052
-0.000131
-0.000117
-0.000068
-0.000062
-0.000075
-0.000082
-0.000107
-0.000109
-0.000014
0.000121
0.000167
0.000114
0.000080
0.000111
0.000114
0.000050
-0.000009
-0.000038
-0.000048
-0.000030
-0.000008
0.000007
0.000025
-0.000001
-0.000076
-0.000088
0.000013
0.000078
-0.000009
-0.000137
-0.000164
-0.000115
-0.000084
-0.000081
-0.000051
0.000022
0.000084
0.000084
0.000038
0.000003
-0.000006
-0.000031
-0.000071
-0.000062
0.000016
0.000099
0.000102
0.000026
-0.000014
0.000042
0.000101
0.000089
0.000076
0.000143
0.000225
0.000219
0.000165
0.000147
0.000123
0.000003
-0.000172
-0.000258
-0.000228
-0.000177
-0.000149
-0.000135
-0.000141
-0.000147
-0.000113
-0.000061
-0.000059
-0.000101
-0.000079
0.000033
0.000124
0.000141
0.000134
0.000117
0.000091
0.000102
0.000167
0.000219
0.000186
0.000071
-0.000059
-0.000126
-0.000111
-0.000072
-0.000079
-0.000117
-0.000104
-0.000048
-0.000052
-0.000121
-0.000140
-0.000072
0.000002
0.000042
0.000082
0.000100
0.000036
-0.000069
-0.000127
-0.000126
-0.000080
-0.000008
0.000043
0.000065
0.000090
0.000120
0.000159
0.000192
0.000172
0.000112
0.000102
0.000172
0.000176
-0.000039
-0.000360
-0.000541
-0.000508
-0.000348
-0.000182
-0.000088
-0.000033
0.000051
0.000142
0.000192
0.000220
0.000246
0.000285
0.000342
0.000327
0.000156
-0.000054
-0.000136
-0.000086
0.000001
0.000042
0.000023
0.000017
0.000040
-0.000006
-0.000118
-0.000149
-0.000066
-0.000005
-0.000026
-0.000030
0.000039
0.000107
0.000097
0.000023
-0.000061
-0.000109
-0.000093
-0.000049
-0.000037
-0.000051
-0.000048
-0.000031
-0.000027
-0.000043
-0.000059
-0.000061
-0.000031
0.000032
0.000092
0.000120
0.000100
0.000046
0.000008
-0.000009
-0.000070
-0.000155
-0.000172
-0.000118
-0.000061
-0.000025
0.000000
0.000022
0.000044
0.000054
0.000045
0.000059
0.000093
0.000077
0.000015
-0.000012
0.000000
-0.000017
-0.000043
-0.000004
0.000074
0.000086
0.000031
-0.000004
-0.000011
-0.000031
-0.000016
0.000064
0.000107
0.000050
-0.000020
-0.000016
0.000012
-0.000014
-0.000065
-0.000082
-0.000083
-0.000107
-0.000161
-0.000194
-0.000128
0.000001
0.000082
0.000110
0.000146
0.000166
0.000157
0.000165
0.000155
0.000059
-0.000055
-0.000083
-0.000030
0.000012
-0.000005
-0.000036
-0.000033
-0.000020
-0.000002
0.000025
0.000010
-0.000054
-0.000096
-0.000096
-0.000094
-0.000081
-0.000030
0.000010
-0.000005
-0.000021
0.000024
0.000087
0.000096
0.000066
0.000066
0.000087
0.000052
-0.000045
-0.000103
-0.000077
-0.000061
-0.000093
-0.000090
-0.000031
0.000024
0.000062
0.000095
0.000109
0.000107
0.000073
0.000005
-0.000055
-0.000100
-0.000104
-0.000027
0.000046
0.000020
-0.000028
-0.000026
-0.000038
-0.000074
-0.000078
-0.000086
-0.000105
0.000004
0.000277
0.000465
0.000403
0.000248
0.000195
0.000213
0.000162
-0.000007
-0.000209
-0.000320
-0.000316
-0.000282
-0.000235
-0.000142
-0.000109
-0.000229
-0.000364
-0.000360
-0.000252
-0.000143
-0.000073
-0.000024
0.000039
0.000134
0.000220
0.000235
0.000206
0.000234
0.000311
0.000328
0.000276
0.000218
0.000139
0.000015
-0.000083
-0.000088
-0.000053
-0.000055
-0.000086
-0.000114
-0.000114
