5761
0.000154
0.000065
-0.000029
-0.000019
0.000056
0.000099
0.000079
0.000011
-0.000048
-0.000022
0.000085
0.000144
0.000057
-0.000115
-0.000219
-0.000185
-0.000093
-0.000050
-0.000052
-0.000070
-0.000133
-0.000203
-0.000193
-0.000109
-0.000021
0.000033
0.000049
0.000066
0.000122
0.000189
0.000222
0.000226
0.000203
0.000120
-0.000042
-0.000220
-0.000287
-0.000218
-0.000142
-0.000133
-0.000126
-0.000064
0.000018
0.000084
0.000159
0.000241
0.000258
0.000178
0.000075
0.000026
0.000014
-0.000013
-0.000076
-0.000161
-0.000202
-0.000114
0.000040
0.000091
0.000028
0.000006
0.000061
0.000096
0.000100
0.000124
0.000126
0.000062
-0.000052
-0.000165
-0.000212
-0.000151
-0.000022
0.000095
0.000133
0.000094
0.000046
0.000037
0.000006
-0.000102
-0.000196
-0.000180
-0.000127
-0.000121
-0.000100
-0.000067
-0.000113
-0.000100
0.000134
0.000420
0.000545
0.000542
0.000482
0.000330
0.000081
-0.000160
-0.000314
-0.000419
-0.000492
-0.000460
-0.000321
-0.000194
-0.000142
-0.000125
-0.000123
-0.000132
-0.000106
-0.000044
-0.000009
0.000019
0.000121
0.000257
0.000276
0.000135
-0.000018
-0.000011
0.000141
0.000260
0.000247
0.000178
0.000123
0.000058
0.000007
0.000024
0.000056
0.000026
-0.000047
-0.000124
-0.000189
-0.000183
-0.000083
0.000018
0.000007
-0.000077
-0.000083
0.000010
0.000043
-0.000045
-0.000089
0.000001
0.000053
-0.000021
-0.000057
0.000014
0.000048
-0.000001
-0.000008
0.000080
0.000177
0.000211
0.000199
0.000161
0.000074
-0.000059
-0.000154
-0.000150
-0.000116
-0.000125
-0.000132
-0.000071
0.000040
0.000127
0.000153
0.000148
0.000106
0.000004
-0.000092
-0.000117
-0.000122
-0.000157
-0.000208
-0.000249
-0.000253
-0.000186
-0.000051
0.000090
0.000164
0.000177
0.000193
0.000214
0.000194
0.000153
0.000123
0.000037
-0.000127
-0.000231
-0.000167
-0.000001
0.000118
0.000128
0.000085
0.000042
-0.000014
-0.000047
0.000013
0.000104
0.000104
0.000014
-0.000071
-0.000123
-0.000154
-0.000133
-0.000057
-0.000002
-0.000008
-0.000029
-0.000008
0.000056
0.000103
0.000099
0.000085
0.000090
0.000076
0.000009
-0.000103
-0.000199
-0.000221
-0.000186
-0.000136
-0.000022
0.000163
0.000290
0.000255
0.000112
0.000003
0.000007
0.000047
0.000021
-0.000041
-0.000082
-0.000143
-0.000227
-0.000212
-0.000080
0.000035
0.000090
0.000122
0.000103
0.000041
0.000014
0.000016
-0.000016
-0.000054
-0.000020
0.000076
0.000149
0.000095
-0.000116
-0.000354
-0.000445
-0.000346
-0.000146
0.000006
0.000025
0.000013
0.000104
0.000238
0.000269
0.000246
0.000303
0.000387
0.000372
0.000292
0.000215
0.000106
-0.000039
-0.000101
-0.000029
0.000022
-0.000095
-0.000272
-0.000315
-0.000221
-0.000122
-0.000113
-0.000166
-0.000183
-0.000135
-0.000074
-0.000023
0.000030
0.000070
0.000073
0.000063
0.000062
0.000038
0.000001
0.000026
0.000090
0.000093
0.000051
0.000071
0.000127
0.000112
0.000059
0.000052
0.000045
-0.000028
-0.000127
-0.000202
-0.000250
-0.000263
-0.000232
-0.000177
-0.000120
-0.000064
-0.000021
0.000004
0.000029
0.000068
0.000101
0.000116
0.000146
0.000219
0.000289
0.000257
0.000095
-0.000074
-0.000130
-0.000089
-0.000040
-0.000062
-0.000155
-0.000189
-0.000090
0.000022
0.000068
0.000114
0.000165
0.000157
0.000115
0.000118
0.000170
0.000200
0.000145
-0.000001
-0.000157
-0.000223
-0.000220
-0.000221
-0.000224
-0.000192
-0.000122
-0.000060
-0.000043
-0.000048
-0.000037
0.000005
0.000049
0.000069
0.000077
0.000066
0.000049
0.000081
0.000137
0.000143
0.000105
0.000099
0.000155
0.000193
0.000103
-0.000088
-0.000193
-0.000109
0.000005
-0.000007
-0.000070
-0.000065
-0.000021
-0.000008
-0.000027
-0.000075
-0.000153
-0.000216
-0.000236
-0.000225
-0.000143
0.000015
0.000132
0.000147
0.000138
0.000172
0.000215
0.000212
0.000167
0.000129
0.000115
0.000079
0.000002
-0.000035
0.000002
0.000024
-0.000013
-0.000050
-0.000053
-0.000062
-0.000087
-0.000072
-0.000032
-0.000040
-0.000068
-0.000053
-0.000039
-0.000073
-0.000125
-0.000177
-0.000175
-0.000038
0.000154
0.000279
0.000361
0.000396
0.000301
0.000122
-0.000020
-0.000138
-0.000273
-0.000323
-0.000206
-0.000058
-0.000076
-0.000216
-0.000264
-0.000164
-0.000077
-0.000074
-0.000023
0.000108
0.000177
0.000154
0.000137
0.000101
-0.000027
-0.000137
-0.000109
-0.000036
-0.000029
-0.000038
0.000008
0.000100
0.000176
0.000186
0.000157
0.000144
0.000137
0.000105
0.000065
0.000041
0.000033
0.000020
-0.000039
-0.000143
-0.000201
-0.000149
-0.000019
0.000079
0.000049
-0.000061
-0.000103
-0.000059
-0.000053
-0.000098
-0.000088
-0.000037
-0.000033
-0.000030
0.000047
0.000154
0.000202
0.000156
0.000055
-0.000028
-0.000032
0.000010
0.000025
0.000037
0.000103
0.000179
0.000172
0.000055
-0.000100
-0.000192
-0.000178
-0.000093
0.000016
0.000087
0.000076
0.000006
-0.000080
-0.000136
-0.000117
-0.000080
-0.000131
-0.000228
-0.000229
-0.000153
-0.000117
-0.000096
0.000001
0.000148
0.000245
0.000255
0.000215
0.000186
0.000220
0.000277
0.000230
0.000061
-0.000082
-0.000091
-0.000046
-0.000061
-0.000118
-0.000141
-0.000120
-0.000085
-0.000061
-0.000055
-0.000035
-0.000001
-0.000001
-0.000041
-0.000075
-0.000066
-0.000008
0.000067
0.000110
0.000078
-0.000014
-0.000066
-0.000017
0.000061
0.000090
0.000084
0.000034
-0.000092
-0.000190
-0.000136
-0.000005
0.000048
0.000032
0.000045
0.000108
0.000142
0.000097
0.000043
0.000058
0.000080
0.000052
0.000024
0.000025
0.000008
-0.000075
-0.000215
-0.000295
-0.000185
0.000034
0.000117
-0.000001
-0.000123
-0.000105
-0.000004
0.000086
0.000144
0.000204
0.000216
0.000035
-0.000277
-0.000443
-0.000357
-0.000180
-0.000055
0.000009
0.000049
0.000098
0.000163
0.000175
0.000089
0.000001
0.000040
0.000166
0.000219
0.000153
0.000094
0.000150
0.000268
0.000301
0.000186
0.000039
-0.000005
0.000015
-0.000017
-0.000076
-0.000087
-0.000102
-0.000187
-0.000268
-0.000246
-0.000158
-0.000120
-0.000142
-0.000145
-0.000113
-0.000075
-0.000038
-0.000009
-0.000001
0.000020
0.000109
0.000222
0.000253
0.000192
0.000130
0.000084
0.000018
-0.000030
-0.000039
-0.000059
-0.000099
-0.000132
-0.000129
-0.000067
-0.000050
-0.000479
-0.001626
-0.001890
0.000878
0.004060
0.002312
-0.002926
-0.003758
0.001906
0.005665
0.001252
-0.004743
-0.003084
0.003128
0.003822
-0.001760
-0.004517
-0.000563
0.003127
0.000876
-0.002912
-0.002009
0.001642
0.002128
-0.000632
-0.001637
0.000510
0.001867
0.000273
-0.001343
-0.000343
0.001388
0.001009
-0.000668
-0.000938
0.000346
0.000882
-0.000269
-0.001306
-0.000585
0.000760
0.000632
-0.000661
-0.000956
0.000328
0.001359
0.000738
-0.000482
-0.000540
0.000328
0.000494
-0.000299
-0.000694
-0.000116
0.000465
0.000233
-0.000378
-0.000442
0.000119
0.000366
-0.000158
-0.000581
-0.000146
0.000486
0.000320
-0.000288
-0.000338
0.000012
0.000012
-0.000090
0.000224
0.000421
-0.000133
-0.000682
-0.000237
0.000503
0.000338
-0.000256
-0.000090
0.000584
0.000622
0.000084
-0.000023
0.000235
0.000053
-0.000354
-0.000244
0.000115
-0.000030
-0.000402
-0.000372
-0.000245
-0.000273
0.000063
0.000645
0.000422
-0.000522
-0.000757
0.000088
0.000745
0.000072
-0.001115
-0.000682
0.001037
0.001263
-0.000153
-0.000759
-0.000308
-0.000461
-0.000702
0.000680
0.002071
0.000945
-0.000093
0.002329
0.004598
0.001655
-0.003594
-0.004649
-0.001514
0.000398
-0.001091
-0.002700
-0.001564
0.000583
0.000485
-0.001402
-0.001439
0.001165
0.002488
0.000233
-0.001793
-0.000100
0.001957
0.000753
-0.001014
-0.000132
0.001871
0.002104
0.000446
-0.000856
-0.000356
0.001173
0.001778
0.000370
-0.001072
-0.000224
0.001129
0.000356
-0.001729
-0.002370
-0.000544
0.000892
-0.000041
-0.001003
-0.000383
0.000789
0.000851
-0.000704
-0.001682
-0.000533
0.001069
0.001404
0.000661
-0.000441
-0.001131
-0.000243
0.001354
0.000508
-0.002159
-0.001684
0.002217
0.003285
-0.000553
-0.003073
-0.000658
0.002015
0.001045
-0.000881
-0.000160
0.001917
0.001407
-0.001718
-0.002961
-0.000646
0.001232
0.000155
-0.001247
-0.000492
0.001314
0.001640
-0.000034
-0.001668
-0.001258
0.000889
0.001824
-0.000090
-0.001687
0.000147
0.002868
0.001824
-0.002048
-0.003357
-0.000612
0.002549
0.002595
-0.000302
-0.002202
-0.000623
0.001454
0.000390
-0.001952
-0.001022
0.002192
0.002129
-0.001415
-0.002853
-0.000547
0.001223
0.000193
-0.001202
-0.001069
0.000159
0.001561
0.002061
0.000886
-0.001241
-0.001873
-0.000073
0.001471
0.000780
-0.000155
0.000934
0.001603
-0.001441
-0.004312
-0.001035
0.004628
0.003649
-0.002629
-0.003668
0.001937
0.003347
-0.003155
-0.007023
-0.001133
0.006368
0.004631
-0.002569
-0.003376
0.001859
0.002914
-0.001377
-0.002557
0.001683
0.004125
0.000689
-0.003401
-0.002424
0.001176
0.001077
-0.002506
-0.002942
0.001748
0.004975
0.001342
-0.005122
-0.005590
0.001152
0.005218
0.001041
-0.003217
-0.000519
0.003810
0.002052
-0.003018
-0.002634
0.002414
0.003244
-0.000969
-0.001954
0.002638
0.004171
-0.001455
-0.005148
-0.001229
0.002923
0.001483
-0.001297
-0.001016
0.000307
-0.000419
-0.002143
-0.001990
0.000042
0.001855
0.002343
0.000943
-0.001890
-0.003279
-0.001545
0.001051
0.002398
0.003060
0.002215
-0.001472
-0.003753
-0.000650
0.003063
0.001701
-0.001803
-0.002051
0.000286
0.002231
0.002314
-0.000830
-0.004564
-0.003110
0.002447
0.005343
0.003432
-0.000530
-0.003586
-0.003665
-0.001390
0.000713
0.001976
0.002091
-0.000406
-0.003475
-0.002149
0.001956
0.001411
-0.003356
-0.003388
0.003449
0.007634
0.002326
-0.005658
-0.005789
0.001254
0.005571
0.002263
-0.002088
-0.000774
0.001960
-0.000059
-0.003454
-0.002344
0.000827
0.000948
0.000455
0.003015
0.004116
-0.000998
-0.006891
-0.004754
0.003338
0.006172
0.000517
-0.004185
-0.001467
0.002743
0.001588
-0.001697
-0.001896
-0.000877
-0.000641
0.001036
0.003695
0.003270
-0.001064
-0.004380
-0.002640
0.000938
0.001711
0.000152
-0.001024
-0.000313
0.001085
0.000996
-0.000093
-0.000901
-0.001908
-0.002310
0.000822
0.005459
0.004330
-0.002238
-0.005187
-0.001709
0.001560
0.000872
0.000219
0.001771
0.001535
-0.001435
-0.002335
0.000294
0.002136
0.000299
-0.002375
-0.001210
0.002766
0.002999
-0.001914
-0.004775
-0.001227
0.003605
0.003109
-0.001622
-0.003531
-0.000166
0.002916
0.001664
-0.001213
-0.001821
-0.000018
0.001296
0.000530
-0.000334
-0.000018
-0.000547
-0.002433
-0.002305
0.001525
0.004825
0.002798
-0.001709
-0.001657
0.002233
0.001977
-0.003556
-0.005118
0.001652
0.006828
0.001564
-0.006479
-0.005802
0.000950
0.003387
-0.000431
-0.003074
-0.000453
0.002861
0.002201
-0.001138
-0.002246
0.000972
0.003301
0.000503
-0.002258
0.000145
0.003361
0.001840
-0.001472
-0.001025
0.001688
0.001337
-0.001908
-0.002768
0.000380
0.002990
0.001098
-0.003135
-0.003836
0.000071
0.002053
-0.001699
-0.004972
-0.001115
0.005550
0.005753
-0.000366
-0.004207
-0.002211
0.000671
0.000622
0.000559
0.003330
0.004953
0.000682
-0.005483
-0.005392
0.000210
0.002604
-0.000110
-0.000526
0.003283
0.003825
-0.001630
-0.005678
-0.002675
0.002952
0.003588
-0.000473
-0.002139
0.000798
0.002375
-0.001007
-0.003920
-0.001208
0.002510
0.001546
-0.000253
0.001558
0.002373
-0.001678
-0.005147
-0.002506
0.002886
0.004197
0.000753
-0.002187
-0.001717
0.000030
0.000563
-0.000357
-0.001140
0.000089
0.002197
0.001856
-0.000815
-0.002087
-0.000701
0.000789
0.000763
0.000006
-0.000451
-0.000109
0.000410
0.000099
-0.000312
0.000209
0.000604
-0.000381
-0.001199
0.000285
0.002131
0.000915
-0.001957
-0.002178
0.000729
0.002775
0.001074
-0.001940
-0.001769
0.000941
0.001223
-0.001309
-0.001807
0.000655
0.001758
0.000187
-0.000730
0.000052
-0.000042
-0.001336
-0.001214
0.000785
0.002173
0.001350
-0.000441
-0.000913
-0.000046
-0.000020
-0.001124
-0.001194
0.000492
0.002124
0.001811
-0.000035
-0.001454
-0.001726
-0.001087
-0.000020
0.000503
0.000677
0.001227
0.001432
0.000381
-0.001368
-0.002163
-0.001201
0.000323
0.000892
0.000636
0.000547
0.000519
-0.000218
-0.001188
-0.001209
-0.000263
0.000522
0.000727
0.001302
0.002075
0.001167
-0.001328
-0.002607
-0.001114
0.001245
0.001690
0.000368
-0.000424
-0.000130
0.000016
-0.000193
-0.000264
-0.000320
0.000043
0.000875
0.000686
-0.000597
-0.001254
-0.000951
-0.000425
0.000356
0.001180
0.000871
-0.000295
-0.000358
0.000264
-0.000741
-0.002235
-0.001276
0.000996
0.001558
0.000742
0.000302
0.000116
-0.000319
-0.000710
-0.000941
-0.000853
0.000093
0.001554
0.001998
0.000962
-0.000258
-0.000759
-0.000812
-0.000964
-0.000927
0.000091
0.001366
0.001575
0.001109
0.000811
0.000305
-0.001048
-0.002681
-0.002715
-0.000079
0.002839
0.002504
-0.000196
-0.001229
-0.000094
0.000074
-0.001462
-0.002115
-0.000829
0.000509
0.000737
0.001111
0.001902
0.000946
-0.001748
-0.002728
-0.000747
0.001573
0.001925
0.000721
0.000102
0.000908
0.001438
0.000426
-0.001102
-0.001686
-0.001200
-0.000311
0.000658
0.001237
0.000473
-0.001237
-0.001910
-0.000827
0.000455
0.000490
-0.000203
-0.000258
0.000502
0.000940
0.000410
-0.000249
-0.000245
0.000080
0.000417
0.000716
0.000439
-0.000501
-0.001023
-0.000444
0.000543
0.001034
0.000705
-0.000202
-0.000843
-0.000730
-0.000345
-0.000085
0.000032
-0.000045
-0.000012
0.000477
0.000879
0.000374
-0.000542
-0.000593
0.000148
0.000507
0.000214
-0.000097
-0.000215
-0.000316
-0.000239
0.000215
0.000526
0.000045
-0.000832
-0.001009
-0.000107
0.000801
0.000498
-0.000350
-0.000266
0.000535
0.000725
0.000014
-0.000613
-0.000546
-0.000396
-0.000478
0.000052
0.001262
0.001617
0.000531
-0.000459
-0.000185
0.000407
0.000076
-0.000564
-0.000365
0.000022
-0.000446
-0.001014
-0.000747
-0.000319
-0.000473
-0.000660
-0.000140
0.000822
0.001238
0.000613
-0.000347
-0.000597
-0.000026
0.000518
0.000424
0.000122
0.000205
0.000443
0.000371
-0.000080
-0.000802
-0.001310
-0.000924
0.000079
0.000655
0.000568
0.000459
0.000477
0.000251
-0.000143
-0.000381
-0.000433
-0.000244
0.000342
0.001011
0.001033
0.000315
-0.000252
-0.000169
-0.000062
-0.000451
-0.000900
-0.000720
-0.000018
0.000489
0.000663
0.000764
0.000473
-0.000385
-0.001002
-0.000727
-0.000059
0.000230
0.000093
-0.000103
-0.000162
-0.000019
0.000231
0.000229
-0.000207
-0.000705
-0.000806
-0.000474
0.000192
0.000963
0.001251
0.000722
-0.000096
-0.000388
-0.000160
-0.000058
-0.000149
-0.000013
0.000282
0.000392
0.000349
0.000311
0.000137
-0.000376
-0.001029
-0.001215
-0.000658
0.000081
0.000364
0.000327
0.000412
0.000517
0.000252
-0.000244
-0.000400
-0.000119
0.000129
0.000157
0.000221
0.000308
0.000151
-0.000154
-0.000207
0.000144
0.000540
0.000504
0.000104
-0.000150
-0.000126
-0.000167
-0.000387
-0.000480
-0.000261
0.000082
0.000260
0.000186
-0.000062
-0.000375
-0.000617
-0.000600
-0.000266
0.000167
0.000389
0.000330
0.000192
0.000092
-0.000044
-0.000232
-0.000322
-0.000150
0.000265
0.000639
0.000651
0.000336
0.000034
-0.000032
0.000049
0.000050
-0.000093
-0.000220
-0.000220
-0.000166
-0.000109
0.000071
0.000320
0.000242
-0.000199
-0.000438
-0.000249
-0.000117
-0.000233
-0.000119
0.000307
0.000383
-0.000142
-0.000626
-0.000591
-0.000323
-0.000152
0.000023
0.000337
0.000665
0.000726
0.000372
-0.000124
-0.000236
0.000174
0.000589
0.000579
0.000372
0.000195
-0.000179
-0.000669
-0.000706
-0.000219
0.000175
0.000176
0.000103
0.000163
0.000172
-0.000007
-0.000245
-0.000387
-0.000371
-0.000201
0.000010
0.000147
0.000230
0.000298
0.000238
-0.000027
-0.000248
-0.000140
0.000086
0.000063
-0.000085
-0.000038
0.000091
-0.000020
-0.000300
-0.000414
-0.000275
-0.000055
0.000075
0.000065
0.000054
0.000111
-0.000001
-0.000371
-0.000596
-0.000337
0.000180
0.000509
0.000550
0.000447
0.000209
-0.000121
-0.000258
-0.000074
0.000120
0.000046
-0.000127
-0.000087
0.000161
0.000318
0.000172
-0.000136
-0.000269
-0.000146
-0.000033
-0.000057
-0.000035
0.000140
0.000330
0.000422
0.000487
0.000505
0.000280
-0.000140
-0.000347
-0.000178
-0.000001
-0.000082
-0.000167
-0.000031
0.000097
-0.000050
-0.000326
-0.000424
-0.000301
-0.000176
-0.000170
-0.000144
0.000049
0.000263
0.000227
0.000001
-0.000063
0.000115
0.000203
0.000076
0.000091
0.000421
0.000625
0.000322
-0.000157
-0.000303
-0.000212
-0.000252
-0.000366
-0.000262
-0.000027
-0.000057
-0.000367
-0.000522
-0.000421
-0.000433
-0.000669
-0.000772
-0.000476
-0.000017
0.000189
0.000106
0.000083
0.000308
0.000511
0.000404
0.000131
-0.000000
0.000037
0.000129
0.000295
0.000532
0.000690
0.000721
0.000727
0.000690
0.000511
0.000280
0.000151
0.000081
-0.000015
-0.000104
-0.000138
-0.000113
-0.000005
0.000126
0.000098
-0.000144
-0.000404
-0.000530
-0.000574
-0.000502
-0.000151
0.000313
0.000478
0.000322
0.000194
0.000186
0.000091
-0.000124
-0.000298
-0.000333
-0.000232
-0.000087
0.000013
0.000175
0.000522
0.000842
0.000781
0.000245
-0.000542
-0.001201
-0.001440
-0.001295
-0.001046
-0.000862
-0.000665
-0.000412
-0.000263
-0.000328
-0.000492
-0.000585
-0.000543
-0.000417
-0.000276
-0.000096
0.000160
0.000372
0.000376
0.000255
0.000232
0.000319
0.000331
0.000212
0.000146
0.000239
0.000262
-0.000041
-0.000353
0.000068
0.001246
0.002111
0.001953
0.001531
0.001713
0.002003
0.001727
0.001442
0.001664
0.001672
0.000949
0.000294
0.000305
0.000198
-0.000658
-0.001539
-0.001892
-0.002282
-0.002685
-0.002090
-0.000734
-0.000181
-0.000626
-0.000759
-0.000432
-0.000731
-0.001576
-0.001867
-0.001625
-0.001633
-0.001646
-0.000912
0.000423
0.001780
0.002785
0.002771
0.001230
-0.000884
-0.001932
-0.001765
-0.001447
-0.001141
-0.000204
0.001011
0.001617
0.001880
0.002380
0.002440
0.001293
-0.000326
-0.001369
-0.001959
-0.002460
-0.002760
-0.003373
-0.004721
-0.004996
-0.002210
0.001927
0.004021
0.004235
0.005086
0.005966
0.004463
0.001947
0.001728
0.002998
0.002560
0.000938
0.001159
0.003117
0.004049
0.003284
0.002265
0.001156
-0.000975
-0.003642
-0.005247
-0.005384
-0.005015
-0.004952
-0.005312
-0.005582
-0.004895
-0.003120
-0.001446
-0.000919
-0.001154
-0.001378
-0.001388
-0.000930
0.000318
0.001682
0.002104
0.001851
0.001958
0.002584
0.003249
0.003894
0.004606
0.005129
0.005241
0.004812
0.003710
0.002239
0.001011
0.000046
-0.001077
-0.002096
-0.002385
-0.002225
-0.002435
-0.002975
-0.003306
-0.003624
-0.004343
-0.005106
-0.005554
-0.006425
-0.008176
-0.008940
-0.006463
-0.001796
0.001833
0.003801
0.006163
0.008808
0.009150
0.007166
0.005805
0.005801
0.004932
0.002892
0.002227
0.003965
0.006060
0.006682
0.006145
0.005109
0.003259
0.000398
-0.002663
-0.004993
-0.006481
-0.007541
-0.008494
-0.009043
-0.008168
-0.005508
-0.002754
-0.001927
-0.002576
-0.002917
-0.002858
-0.003321
-0.003711
-0.002912
-0.001534
-0.000592
0.000417
0.002317
0.004690
0.006491
0.007308
0.007475
0.007262
0.006369
0.004579
0.002596
0.001412
0.000949
0.000372
-0.000306
-0.000356
0.000075
-0.000004
-0.000940
-0.002173
-0.003379
-0.004856
-0.006996
-0.009780
-0.011913
-0.011045
-0.006702
-0.001881
0.000838
0.002868
0.005976
0.008111
0.007169
0.005370
0.005218
0.004931
0.002564
0.000582
0.001936
0.005143
0.006960
0.007007
0.006720
0.006149
0.004341
0.001441
-0.001421
-0.003716
-0.005884
-0.008335
-0.010378
-0.010411
-0.007822
-0.004335
-0.002221
-0.001527
-0.000927
-0.000557
-0.001384
-0.002639
-0.002827
-0.002419
-0.002622
-0.002700
-0.001085
0.001978
0.004683
0.005961
0.006451
0.007240
0.008018
0.007305
0.004892
0.002562
0.001535
0.000874
-0.000347
-0.001113
-0.000457
0.000337
-0.000352
-0.001829
-0.002592
-0.003073
-0.004616
-0.007300
-0.010287
-0.012317
-0.011546
-0.007573
-0.002954
0.000197
0.003102
0.006712
0.008832
0.008249
0.007371
0.007470
0.006135
0.002554
0.000248
0.001643
0.004531
0.006145
0.006746
0.007280
0.006941
0.004942
0.002196
-0.000232
-0.002735
-0.006123
-0.009902
-0.012253
-0.011746
-0.009000
-0.006026
-0.003848
-0.001944
-0.000271
0.000176
-0.000558
-0.001207
-0.001605
-0.002693
-0.004079
-0.004039
-0.001984
0.000979
0.003718
0.005983
0.007964
0.009593
0.010105
0.008753
0.006155
0.003757
0.001925
-0.000014
-0.001878
-0.002477
-0.001711
-0.001011
-0.001109
-0.001221
-0.001081
-0.001815
-0.004285
-0.008131
-0.011945
-0.013489
-0.011396
-0.007317
-0.003929
-0.000853
0.003667
0.008095
0.009652
0.009375
0.009697
0.009235
0.005716
0.001440
0.000348
0.002076
0.003550
0.004155
0.005319
0.006870
0.007166
0.005805
0.003733
0.001201
-0.002454
-0.007105
-0.011197
-0.013137
-0.012720
-0.010841
-0.008209
-0.004971
-0.001642
0.000654
0.001518
0.001651
0.001331
-0.000051
-0.002325
-0.004016
-0.004037
-0.002592
-0.000244
0.002715
0.005949
0.008933
0.010980
0.011315
0.009774
0.007171
0.004296
0.001180
-0.001929
-0.003944
-0.004310
-0.003878
-0.003435
-0.002568
-0.001081
-0.000215
-0.001382
-0.004694
-0.008753
-0.011226
-0.010735
-0.008606
-0.006865
-0.004744
-0.000395
0.004854
0.008247
0.010140
0.012129
0.012654
0.009600
0.005024
0.002565
0.002260
0.001730
0.000715
0.000987
0.002823
0.004531
0.005052
0.004803
0.003917
0.001412
-0.003236
-0.008522
-0.011993
-0.013029
-0.013053
-0.012455
-0.009749
-0.005004
-0.000889
0.001343
0.003197
0.004943
0.004537
0.001739
-0.000905
-0.002018
-0.002485
-0.002557
-0.001192
0.001941
0.005902
0.009381
0.011291
0.011378
0.010288
0.008281
0.004842
0.000420
-0.003201
-0.005261
-0.006682
-0.007621
-0.006852
-0.004416
-0.002370
-0.002278
-0.003952
-0.006234
-0.007579
-0.007193
-0.006320
-0.006310
-0.005707
-0.002558
0.001717
0.004829
0.007635
0.011250
0.013273
0.011622
0.008706
0.007480
0.006819
0.004444
0.001333
-0.000116
0.000119
0.000506
0.000759
0.001471
0.002068
0.001163
-0.001474
-0.004630
-0.007204
-0.009236
-0.011105
-0.012242
-0.011495
-0.008848
-0.005704
-0.002887
0.000133
0.003172
0.004624
0.003986
0.002819
0.002102
0.001154
-0.000131
-0.000460
0.000985
0.003592
0.006221
0.008070
0.009018
0.009418
0.009126
0.007305
0.003976
0.000487
-0.002424
-0.005256
-0.007804
-0.008722
-0.007811
-0.006805
-0.007107
-0.008038
-0.007843
-0.005851
-0.003383
-0.002267
-0.002293
-0.001447
0.000669
0.002293
0.003158
0.005065
0.007797
0.008681
0.007462
0.007122
0.008608
0.009136
0.007074
0.004435
0.003126
0.002274
0.000688
-0.000837
-0.001267
-0.001447
-0.002758
-0.004867
-0.006310
-0.006729
-0.007206
-0.008256
-0.008755
-0.007682
-0.005904
-0.004711
-0.003565
-0.001413
0.000835
0.001611
0.001408
0.001764
0.002550
0.002598
0.002136
0.002504
0.004032
0.005644
0.006375
0.006447
0.006668
0.007012
0.006435
0.004512
0.002283
0.000553
-0.001394
-0.004026
-0.006016
-0.006304
-0.006111
-0.007185
-0.009243
-0.010277
-0.008939
-0.006125
-0.003922
-0.002804
-0.001102
0.001723
0.003780
0.004367
0.005516
0.007793
0.008508
0.006576
0.005007
0.005939
0.007167
0.006255
0.004446
0.003830
0.003838
0.002931
0.001404
0.000416
-0.000283
-0.001936
-0.004748
-0.007350
-0.008487
-0.008666
-0.009103
-0.009369
-0.007988
-0.005430
-0.003671
-0.002649
-0.000647
0.001856
0.002707
0.002052
0.001829
0.002185
0.001858
0.001071
0.001248
0.002744
0.004599
0.005873
0.006468
0.006930
0.007422
0.007067
0.005222
0.002836
0.000967
-0.001023
-0.003914
-0.006450
-0.007108
-0.006862
-0.007674
-0.009372
-0.010001
-0.008518
-0.005871
-0.003703
-0.002419
-0.000769
0.001855
0.003930
0.004466
0.005133
0.007044
0.008026
0.006503
0.004946
0.005779
0.007185
0.006534
0.004801
0.004197
0.004227
0.003131
0.001202
-0.000038
-0.000706
-0.002245
-0.004835
-0.007023
-0.007940
-0.008387
-0.009171
-0.009432
-0.007934
-0.005439
-0.003704
-0.002558
-0.000502
0.002006
0.002899
0.002191
0.001931
0.002483
0.002272
0.001207
0.001088
0.002516
0.004138
0.004981
0.005525
0.006365
0.007114
0.006871
0.005380
0.003505
0.001951
0.000043
-0.002862
-0.005595
-0.006752
-0.007082
-0.008298
-0.010316
-0.011201
-0.009678
-0.006753
-0.004370
-0.002811
-0.000553
0.002649
0.004844
0.005419
0.006339
0.008149
0.008373
0.006174
0.004535
0.005334
0.006303
0.005329
0.003932
0.003957
0.004331
0.003424
0.001900
0.001113
0.000468
-0.001572
-0.004806
-0.007332
-0.008249
-0.008872
-0.010217
-0.010726
-0.008680
-0.005580
-0.003900
-0.002770
0.000022
0.003161
0.003746
0.002623
0.002597
0.003199
0.002280
0.000630
0.000555
0.001928
0.003096
0.003761
0.004724
0.006191
0.007400
0.007395
0.006137
0.004675
0.003343
0.000966
-0.002691
-0.005640
-0.006645
-0.007367
-0.009468
-0.011749
-0.011972
-0.009864
-0.006972
-0.004520
-0.002241
0.000706
0.003773
0.005446
0.006011
0.007190
0.008524
0.007734
0.005224
0.004007
0.004688
0.004834
0.003636
0.003086
0.003931
0.004367
0.003427
0.002433
0.002226
0.001448
-0.001187
-0.004643
-0.006982
-0.008126
-0.009520
-0.011092
-0.010829
-0.008259
-0.005704
-0.004311
-0.002099
0.001739
0.004445
0.004310
0.003543
0.003824
0.003469
0.001431
-0.000254
-0.000020
0.000972
0.001561
0.002395
0.004124
0.006052
0.007074
0.006935
0.006305
0.005653
0.004222
0.001153
-0.002528
-0.005021
-0.006530
-0.008585
-0.011128
-0.012575
-0.012077
-0.010027
-0.007180
-0.004158
-0.000999
0.002507
0.005548
0.007046
0.007704
0.008722
0.008999
0.006985
0.004227
0.003223
0.003362
0.002712
0.001821
0.002215
0.003258
0.003467
0.003103
0.003169
0.003189
0.001793
-0.001162
-0.004352
-0.006718
-0.008636
-0.010696
-0.011947
-0.010968
-0.008479
-0.006402
-0.004403
-0.000756
0.003521
0.005543
0.005409
0.005570
0.005943
0.004483
0.001692
0.000040
-0.000115
-0.000195
-0.000257
0.000711
0.002645
0.004514
0.005627
0.006082
0.006370
0.006358
0.004949
0.001809
-0.001546
-0.003902
-0.006186
-0.009457
-0.012667
-0.014027
-0.013151
-0.010828
-0.007811
-0.004243
0.000043
0.004428
0.007532
0.009183
0.010616
0.011684
0.010534
0.007273
0.004535
0.003310
0.001943
-0.000037
-0.000947
-0.000238
0.000693
0.001173
0.001958
0.003164
0.003553
0.002209
-0.000343
-0.002937
-0.005213
-0.007771
-0.010470
-0.011723
-0.010799
-0.009252
-0.007971
-0.005229
-0.000420
0.003603
0.005026
0.005911
0.007535
0.007706
0.005418
0.003087
0.002126
0.001143
-0.000368
-0.000947
-0.000080
0.001199
0.002245
0.003252
0.004422
0.005580
0.005942
0.004678
0.002349
0.000224
-0.002009
-0.005568
-0.009921
-0.013130
-0.014272
-0.013673
-0.011711
-0.008631
-0.004651
-0.000039
0.004417
0.007928
0.010763
0.013125
0.013699
0.011657
0.008615
0.006244
0.003925
0.000904
-0.001635
-0.002614
-0.002734
-0.002684
-0.001828
0.000208
0.002244
0.002853
0.002005
0.000661
-0.000771
-0.002905
-0.006006
-0.008833
-0.009988
-0.009978
-0.009919
-0.008808
-0.005239
-0.000929
0.001560
0.003233
0.006160
0.008746
0.008486
0.006642
0.005533
0.004455
0.002253
0.000285
-0.000203
-0.000125
-0.000313
-0.000150
0.000925
0.002495
0.003655
0.003629
0.002609
0.001602
0.000662
-0.001394
-0.004857
-0.008452
-0.011102
-0.012551
-0.012570
-0.011108
-0.008436
-0.004693
-0.000339
0.003717
0.007351
0.011019
0.013864
0.014350
0.012806
0.010782
0.008477
0.005236
0.001641
-0.001195
-0.003279
-0.004957
-0.005731
-0.005004
-0.003205
-0.001414
-0.000299
0.000238
0.000503
0.000199
-0.001181
-0.003202
-0.004847
-0.006039
-0.007425
-0.008359
-0.007326
-0.004819
-0.002861
-0.001416
0.001249
0.004570
0.006259
0.006369
0.006679
0.007060
0.006189
0.004560
0.003414
0.002480
0.001163
0.000054
-0.000174
0.000127
0.000316
0.000182
-0.000092
-0.000171
-0.000176
-0.000790
-0.002386
-0.004585
-0.006875
-0.008726
-0.009434
-0.009009
-0.008152
-0.006694
-0.003911
-0.000472
0.002406
0.005248
0.008850
0.011743
0.012287
0.011485
0.010839
0.009677
0.007067
0.003934
0.001327
-0.001084
-0.003546
-0.005202
-0.005389
-0.004697
-0.004139
-0.003935
-0.003507
-0.002603
-0.001957
-0.002179
-0.002742
-0.003034
-0.003511
-0.004508
-0.004947
-0.003968
-0.002710
-0.002358
-0.001755
0.000421
0.002793
0.003643
0.003893
0.004900
0.005793
0.005594
0.005189
0.005128
0.004510
0.003198
0.002294
0.002050
0.001623
0.000657
-0.000467
-0.001333
-0.001863
-0.002426
-0.003414
-0.004754
-0.006258
-0.007860
-0.008916
-0.008576
-0.007327
-0.006197
-0.004625
-0.001731
0.001275
0.003099
0.004958
0.007902
0.010131
0.010095
0.009246
0.009066
0.008531
0.006633
0.004384
0.002693
0.000868
-0.001478
-0.003222
-0.003562
-0.003400
-0.003868
-0.004647
-0.004728
-0.004104
-0.003726
-0.004012
-0.004326
-0.004123
-0.003812
-0.003863
-0.003593
-0.002240
-0.000851
-0.000804
-0.000964
0.000559
0.002678
0.003152
0.002700
0.003254
0.004214
0.004244
0.004149
0.004671
0.004607
0.003492
0.002728
0.002864
0.002763
0.001818
0.000642
-0.000246
-0.000970
-0.001918
-0.003239
-0.004634
-0.006015
-0.007768
-0.009447
-0.009611
-0.008253
-0.006991
-0.005821
-0.003175
0.000319
0.002524
0.004044
0.006965
0.010195
0.011021
0.009979
0.009485
0.009322
0.007701
0.005106
0.003234
0.001740
-0.000665
-0.003210
-0.004014
-0.003363
-0.003350
-0.004462
-0.005073
-0.004367
-0.003545
-0.003594
-0.003870
-0.003669
-0.003493
-0.003835
-0.003874
-0.002743
-0.001374
-0.001252
-0.001652
-0.000596
0.001492
0.002433
0.002277
0.002804
0.003831
0.004005
0.003978
0.004887
0.005535
0.004578
0.003303
0.003291
0.003626
0.002808
0.001275
0.000225
-0.000435
-0.001566
-0.003119
-0.004232
-0.004845
-0.006054
-0.008120
-0.009453
-0.008996
-0.007960
-0.007343
-0.005784
-0.002460
0.000550
0.001883
0.003691
0.007516
0.010719
0.010823
0.009745
0.009785
0.009546
0.007473
0.005235
0.004144
0.002382
-0.001046
-0.003665
-0.003614
-0.002897
-0.003825
-0.005306
-0.005343
-0.004450
-0.004127
-0.004127
-0.003667
-0.003401
-0.003955
-0.004270
-0.003227
-0.001677
-0.001163
-0.001515
-0.001290
-0.000033
0.001297
0.002039
0.002484
0.002824
0.002879
0.003000
0.003828
0.004860
0.004880
0.004070
0.003787
0.004183
0.004045
0.003033
0.002009
0.001265
0.000281
-0.001023
-0.002220
-0.003299
-0.004546
-0.005945
-0.007344
-0.008588
-0.009336
-0.009338
-0.008636
-0.007017
-0.004226
-0.001261
0.000489
0.001782
0.004590
0.008394
0.010560
0.010571
0.010250
0.010074
0.009061
0.007553
0.006498
0.004936
0.001723
-0.001590
-0.002794
-0.002571
-0.003168
-0.004783
-0.005881
-0.005897
-0.005444
-0.004843
-0.004152
-0.003966
-0.004555
-0.004801
-0.003631
-0.001885
-0.001134
-0.001302
-0.001185
-0.000442
0.000502
0.001517
0.002425
0.002584
0.002035
0.001958
0.002990
0.004171
0.004455
0.004198
0.004211
0.004394
0.004255
0.003877
0.003464
0.002693
0.001481
0.000402
-0.000471
-0.001895
-0.003835
-0.005126
-0.005563
-0.006441
-0.008244
-0.009653
-0.009652
-0.008812
-0.007643
-0.005534
-0.002505
-0.000143
0.001032
0.003021
0.006871
0.010158
0.010696
0.010015
0.010136
0.010200
0.009029
0.007557
0.006285
0.003886
0.000398
-0.001885
-0.002193
-0.002598
-0.004407
-0.006192
-0.006534
-0.006047
-0.005731
-0.005394
-0.004813
-0.004658
-0.004953
-0.004423
-0.002677
-0.001234
-0.000982
-0.000744
0.000312
0.001263
0.001508
0.001799
0.002328
0.002245
0.001731
0.001964
0.002863
0.003273
0.003191
0.003581
0.004312
0.004412
0.003954
0.003807
0.003818
0.003029
0.001578
0.000578
-0.000014
-0.001387
-0.003451
-0.004803
-0.005357
-0.006475
-0.008303
-0.009394
-0.009246
-0.008771
-0.008031
-0.006007
-0.002934
-0.000597
0.000543
0.002332
0.005715
0.008777
0.009798
0.009902
0.010403
0.010403
0.009247
0.008157
0.007417
0.005328
0.001797
-0.000786
-0.001539
-0.002329
-0.004259
-0.006079
-0.006774
-0.006879
-0.006836
-0.006348
-0.005619
-0.005452
-0.005603
-0.004762
-0.002776
-0.001195
-0.000750
-0.000174
0.001184
0.002078
0.001993
0.002227
0.003084
0.003049
0.001996
0.001748
0.002606
0.002867
0.002238
0.002226
0.003029
0.003341
0.003031
0.003135
0.003516
0.003045
0.001872
0.001183
0.000944
0.000005
-0.001684
-0.003006
-0.003764
-0.004810
-0.006206
-0.007194
-0.007812
-0.008620
-0.009081
-0.008103
-0.005828
-0.003420
-0.001605
-0.000133
0.001699
0.004248
0.007000
0.009008
0.009893
0.009972
0.009727
0.009533
0.009383
0.008597
0.006516
0.003651
0.001209
-0.000441
-0.001858
-0.003530
-0.005453
-0.007215
-0.008106
-0.007836
-0.007145
-0.006872
-0.006878
-0.006454
-0.005300
-0.003606
-0.001732
-0.000161
0.000849
0.001612
0.002504
0.003340
0.003772
0.003838
0.003635
0.003178
0.002746
0.002608
0.002509
0.002145
0.001764
0.001594
0.001421
0.001211
0.001292
0.001565
0.001491
0.001040
0.000680
0.000540
0.000361
-0.000024
-0.000687
-0.001599
-0.002445
-0.003066
-0.003809
-0.004929
-0.006154
-0.007153
-0.007787
-0.007702
-0.006479
-0.004334
-0.002268
-0.001017
0.000063
0.002148
0.005048
0.007327
0.008347
0.008728
0.008974
0.009155
0.009368
0.009283
0.008011
0.005486
0.002974
0.001354
0.000079
-0.001691
-0.003891
-0.005884
-0.007258
-0.007955
-0.008162
-0.008203
-0.008304
-0.008206
-0.007273
-0.005445
-0.003564
-0.002277
-0.001120
0.000619
0.002690
0.004252
0.004955
0.005122
0.005184
0.005375
0.005602
0.005331
0.004205
0.002771
0.001926
0.001644
0.001116
0.000123
-0.000696
-0.000901
-0.000731
-0.000537
-0.000521
-0.000798
-0.001071
-0.000843
-0.000345
-0.000455
-0.001325
-0.002078
-0.002244
-0.002334
-0.002828
-0.003618
-0.004498
-0.005294
-0.005544
-0.004785
-0.003225
-0.001860
-0.001430
-0.001272
-0.000093
0.002147
0.004186
0.005302
0.005905
0.006409
0.006943
0.007691
0.008362
0.008025
0.006508
0.004908
0.003917
0.002972
0.001438
-0.000543
-0.002544
-0.004293
-0.005576
-0.006436
-0.007249
-0.008149
-0.008708
-0.008474
-0.007586
-0.006523
-0.005513
-0.004288
-0.002421
-0.000134
0.001677
0.002675
0.003589
0.004880
0.005982
0.006429
0.006412
0.006088
0.005522
0.005070
0.004766
0.003970
0.002546
0.001323
0.000722
0.000203
-0.000620
-0.001613
-0.002694
-0.003578
-0.003688
-0.003227
-0.003220
-0.003872
-0.004232
-0.003758
-0.002942
-0.002373
-0.002174
-0.002223
-0.002356
-0.002381
-0.002176
-0.001638
-0.000636
0.000539
0.001135
0.001016
0.001097
0.001982
0.003128
0.003868
0.004192
0.004208
0.004031
0.004174
0.004824
0.005180
0.004546
0.003375
0.002447
0.001901
0.001468
0.000813
-0.000398
-0.001987
-0.003145
-0.003574
-0.004033
-0.005046
-0.006151
-0.006777
-0.006754
-0.006040
-0.004965
-0.004218
-0.003779
-0.002729
-0.000827
0.000892
0.001739
0.002299
0.003200
0.004290
0.005223
0.005747
0.005619
0.005111
0.004958
0.005122
0.004696
0.003485
0.002305
0.001603
0.001127
0.000598
-0.000319
-0.001863
-0.003351
-0.003805
-0.003638
-0.004079
-0.005081
-0.005567
-0.005234
-0.004549
-0.003826
-0.003301
-0.003094
-0.002787
-0.002066
-0.001424
-0.001149
-0.000467
0.001159
0.002803
0.003341
0.003084
0.003113
0.003799
0.004672
0.005104
0.004717
0.003683
0.002862
0.002981
0.003563
0.003402
0.002176
0.000740
-0.000109
-0.000283
-0.000207
-0.000568
-0.001682
-0.002880
-0.003278
-0.003065
-0.003082
-0.003563
-0.004128
-0.004400
-0.004095
-0.003294
-0.002739
-0.002817
-0.002670
-0.001441
0.000234
0.001122
0.001134
0.001178
0.001851
0.002956
0.003797
0.003759
0.003066
0.002729
0.003209
0.003694
0.003297
0.002276
0.001496
0.001328
0.001473
0.001348
0.000495
-0.000839
-0.001721
-0.001740
-0.001657
-0.002219
-0.003130
-0.003702
-0.003733
-0.003413
-0.003042
-0.002912
-0.002937
-0.002629
-0.001893
-0.001393
-0.001636
-0.002103
-0.001698
0.000005
0.002020
0.002813
0.002239
0.001824
0.002645
0.003977
0.004567
0.004084
0.003018
0.002244
0.002507
0.003397
0.003458
0.002108
0.000552
0.000058
0.000401
0.000562
-0.000021
-0.001179
-0.002162
-0.002253
-0.001782
-0.001857
-0.002763
-0.003634
-0.003795
-0.003386
-0.002827
-0.002562
-0.002805
-0.002910
-0.001974
-0.000405
0.000426
0.000261
0.000195
0.000884
0.001882
0.002582
0.002704
0.002302
0.002040
0.002590
0.003421
0.003423
0.002670
0.002128
0.002082
0.002083
0.001807
0.001163
0.000232
-0.000576
-0.001001
-0.001400
-0.002089
-0.002787
-0.003174
-0.003308
-0.003264
-0.003042
-0.002775
-0.002536
-0.002210
-0.001816
-0.001554
-0.001489
-0.001598
-0.001818
-0.001651
-0.000487
0.001217
0.002079
0.001738
0.001458
0.002140
0.003115
0.003548
0.003457
0.003048
0.002579
0.002631
0.003185
0.003237
0.002342
0.001355
0.000954
0.000814
0.000548
0.000094
-0.000693
-0.001643
-0.002079
-0.001968
-0.002147
-0.002826
-0.003305
-0.003357
-0.003348
-0.003224
-0.002763
-0.002293
-0.002041
-0.001592
-0.000742
-0.000003
0.000272
0.000433
0.000852
0.001431
0.001979
0.002418
0.002611
0.002551
0.002515
0.002587
0.002446
0.001972
0.001492
0.001234
0.001127
0.001075
0.000975
0.000667
0.000193
-0.000282
-0.000806
-0.001422
-0.001883
-0.002052
-0.002189
-0.002451
-0.002576
-0.002381
-0.002048
-0.001732
-0.001450
-0.001296
-0.001276
-0.001159
-0.000882
-0.000765
-0.001039
-0.001326
-0.000851
0.000578
0.001968
0.002222
0.001637
0.001418
0.001979
0.002692
0.002965
0.002655
0.001914
0.001385
0.001726
0.002393
0.002189
0.001168
0.000446
0.000380
0.000424
0.000271
-0.000122
-0.000851
-0.001563
-0.001694
-0.001538
-0.001838
-0.002432
-0.002627
-0.002485
-0.002437
-0.002307
-0.001879
-0.001524
-0.001420
-0.001088
-0.000278
0.000519
0.000783
0.000655
0.000667
0.001054
0.001559
0.001802
0.001717
0.001567
0.001591
0.001753
0.001832
0.001678
0.001341
0.001017
0.000847
0.000789
0.000716
0.000578
0.000420
0.000190
-0.000353
-0.001228
-0.001987
-0.002216
-0.002045
-0.001899
-0.001947
-0.001999
-0.001812
-0.001372
-0.000933
-0.000771
-0.000890
-0.001006
-0.000835
-0.000429
-0.000140
-0.000236
-0.000656
-0.000921
-0.000340
0.001103
0.002269
0.002119
0.001231
0.001031
0.001801
0.002598
0.002722
0.002176
0.001328
0.000895
0.001318
0.001885
0.001589
0.000639
0.000004
-0.000053
0.000005
-0.000159
-0.000619
-0.001268
-0.001670
-0.001550
-0.001358
-0.001581
-0.001895
-0.001826
-0.001569
-0.001473
-0.001426
-0.001219
-0.000952
-0.000819
-0.000776
-0.000605
-0.000212
0.000201
0.000388
0.000458
0.000704
0.001094
0.001363
0.001452
0.001471
0.001462
0.001454
0.001505
0.001518
0.001345
0.001102
0.000997
0.000946
0.000754
0.000429
0.000089
-0.000184
-0.000377
-0.000644
-0.001138
-0.001678
-0.001909
-0.001789
-0.001602
-0.001570
-0.001662
-0.001656
-0.001342
-0.000868
-0.000635
-0.000672
-0.000634
-0.000410
-0.000171
0.000029
0.000234
0.000343
0.000232
-0.000013
-0.000087
0.000346
0.001262
0.001962
0.001735
0.000961
0.000679
0.001159
0.001774
0.001957
0.001557
0.000841
0.000519
0.000970
0.001476
0.001165
0.000307
-0.000279
-0.000387
-0.000275
-0.000176
-0.000365
-0.000956
-0.001486
-0.001479
-0.001240
-0.001299
-0.001520
-0.001550
-0.001471
-0.001429
-0.001337
-0.001160
-0.000972
-0.000850
-0.000868
-0.000784
-0.000086
0.001028
0.001560
0.001249
0.001021
0.001413
0.001907
0.002056
0.001905
0.001487
0.001028
0.000980
0.001149
0.000870
0.000271
0.000012
0.000023
-0.000177
-0.000495
-0.000672
-0.000801
-0.000910
-0.000980
-0.001226
-0.001562
-0.001513
-0.001082
-0.000753
-0.000661
-0.000686
-0.000833
-0.000937
-0.000693
-0.000274
-0.000143
-0.000251
-0.000195
0.000045
0.000250
0.000411
0.000531
0.000505
0.000452
0.000510
0.000405
-0.000100
-0.000532
-0.000188
0.000817
0.001504
0.001177
0.000301
-0.000027
0.000622
0.001560
0.001809
0.001121
0.000222
0.000075
0.000773
0.001326
0.000893
-0.000091
-0.000608
-0.000417
-0.000086
-0.000114
-0.000537
-0.001029
-0.001154
-0.000885
-0.000790
-0.001200
-0.001595
-0.001420
-0.000923
-0.000682
-0.000782
-0.000788
-0.000421
-0.000090
-0.000342
-0.000777
-0.000358
0.000922
0.001761
0.001439
0.000793
0.000790
0.001308
0.001741
0.001709
0.001155
0.000558
0.000579
0.001029
0.001017
0.000350
-0.000264
-0.000425
-0.000422
-0.000518
-0.000709
-0.000912
-0.000941
-0.000766
-0.000777
-0.001162
-0.001459
-0.001313
-0.001064
-0.001099
-0.001298
-0.001310
-0.000914
-0.000252
0.000168
0.000110
0.000018
0.000312
0.000754
0.000953
0.000935
0.000889
0.000882
0.000992
0.001156
0.001077
0.000719
0.000500
0.000544
0.000335
-0.000447
-0.001200
-0.001002
0.000143
0.001029
0.000637
-0.000456
-0.000821
-0.000093
0.000789
0.000981
0.000419
-0.000398
-0.000597
0.000241
0.001138
0.000809
-0.000390
-0.001001
-0.000565
0.000120
0.000333
-0.000042
-0.000679
-0.000917
-0.000446
0.000099
0.000033
-0.000339
-0.000368
-0.000095
0.000004
-0.000222
-0.000502
-0.000487
-0.000170
0.000034
-0.000059
-0.000025
0.000400
0.000759
0.000633
0.000302
0.000184
0.000289
0.000493
0.000632
0.000439
0.000013
-0.000100
0.000190
0.000245
-0.000233
-0.000707
-0.000755
-0.000571
-0.000373
-0.000200
-0.000108
-0.000050
0.000071
0.000115
-0.000050
-0.000205
-0.000135
0.000020
0.000031
-0.000126
-0.000332
-0.000419
-0.000291
-0.000112
-0.000117
-0.000229
-0.000202
-0.000014
0.000191
0.000337
0.000412
0.000407
0.000346
0.000282
0.000202
0.000071
-0.000056
-0.000115
-0.000109
-0.000037
0.000081
0.000139
0.000060
-0.000115
-0.000338
-0.000508
-0.000312
0.000378
0.001006
0.000904
0.000281
-0.000023
0.000292
0.000738
0.000836
0.000532
0.000025
-0.000299
-0.000152
0.000130
-0.000064
-0.000619
-0.000839
-0.000536
-0.000171
-0.000125
-0.000398
-0.000710
-0.000684
-0.000297
-0.000021
-0.000157
-0.000360
-0.000183
0.000284
0.000588
0.000384
-0.000246
-0.000639
-0.000175
0.000703
0.000946
0.000458
0.000125
0.000334
0.000628
0.000647
0.000409
0.000014
-0.000243
-0.000084
0.000173
0.000038
-0.000300
-0.000403
-0.000356
-0.000390
-0.000442
-0.000452
-0.000416
-0.000263
-0.000118
-0.000205
-0.000364
-0.000284
-0.000060
0.000031
-0.000023
-0.000085
-0.000065
0.000116
0.000357
0.000356
0.000095
-0.000060
0.000036
0.000152
0.000144
0.000110
0.000131
0.000195
0.000272
0.000293
0.000202
0.000091
0.000036
-0.000047
-0.000172
-0.000217
-0.000182
-0.000170
-0.000166
-0.000134
-0.000136
-0.000186
-0.000229
-0.000268
-0.000294
-0.000214
-0.000049
0.000042
0.000043
0.000072
0.000127
0.000150
0.000217
0.000342
0.000376
0.000322
0.000343
0.000448
0.000500
0.000486
0.000469
0.000397
0.000236
0.000093
0.000018
-0.000043
-0.000097
-0.000122
-0.000177
-0.000319
-0.000466
-0.000441
-0.000176
0.000165
0.000314
0.000157
-0.000138
-0.000281
-0.000193
-0.000082
-0.000125
-0.000267
-0.000374
-0.000410
-0.000389
-0.000337
-0.000315
-0.000334
-0.000305
-0.000194
-0.000066
0.000045
0.000165
0.000296
0.000382
0.000357
0.000248
0.000146
0.000129
0.000221
0.000322
0.000311
0.000230
0.000176
0.000136
0.000067
-0.000019
-0.000113
-0.000206
-0.000249
-0.000212
-0.000152
-0.000126
-0.000148
-0.000218
-0.000315
-0.000376
-0.000348
-0.000247
-0.000173
-0.000183
-0.000182
-0.000045
0.000172
0.000288
0.000237
0.000133
0.000137
0.000278
0.000381
0.000300
0.000142
0.000097
0.000169
0.000232
0.000224
0.000169
0.000079
-0.000022
-0.000047
0.000026
0.000082
0.000030
-0.000071
-0.000107
-0.000043
0.000026
-0.000003
-0.000079
-0.000075
0.000006
0.000046
-0.000012
-0.000134
-0.000269
-0.000340
-0.000283
-0.000126
0.000022
0.000080
0.000093
0.000172
0.000311
0.000395
0.000399
0.000391
0.000358
0.000246
0.000122
0.000081
0.000094
0.000060
-0.000063
-0.000227
-0.000310
-0.000247
-0.000162
-0.000216
-0.000332
-0.000310
-0.000159
-0.000075
-0.000115
-0.000153
-0.000140
-0.000154
-0.000210
-0.000243
-0.000241
-0.000240
-0.000210
-0.000097
0.000043
0.000112
0.000128
0.000171
0.000237
0.000263
0.000217
0.000148
0.000147
0.000192
0.000121
-0.000093
-0.000207
-0.000064
0.000151
0.000195
0.000096
0.000048
0.000106
0.000155
0.000109
-0.000002
-0.000138
-0.000282
-0.000364
-0.000302
-0.000195
-0.000208
-0.000274
-0.000216
-0.000062
0.000034
0.000071
0.000158
0.000287
0.000318
0.000235
0.000185
0.000167
-0.000013
-0.000317
-0.000434
-0.000288
-0.000126
-0.000065
0.000028
0.000221
0.000404
0.000460
0.000394
0.000319
0.000320
0.000352
0.000309
0.000187
0.000078
0.000023
-0.000019
-0.000055
-0.000073
-0.000120
-0.000199
-0.000212
-0.000126
-0.000059
-0.000098
-0.000172
-0.000188
-0.000142
-0.000068
-0.000023
-0.000060
-0.000148
-0.000190
-0.000151
-0.000056
0.000052
0.000090
0.000056
0.000064
0.000130
0.000155
0.000128
0.000111
0.000100
0.000036
-0.000093
-0.000204
-0.000222
-0.000152
-0.000039
0.000041
0.000009
-0.000082
-0.000121
-0.000107
-0.000098
-0.000094
-0.000073
-0.000036
-0.000013
-0.000041
-0.000100
-0.000088
0.000039
0.000156
0.000125
0.000008
-0.000041
0.000017
0.000122
0.000193
0.000176
0.000112
0.000056
-0.000017
-0.000098
-0.000098
-0.000018
0.000035
0.000065
0.000167
0.000282
0.000244
0.000061
-0.000103
-0.000162
-0.000137
-0.000087
-0.000113
-0.000231
-0.000294
-0.000205
-0.000065
-0.000010
-0.000031
-0.000036
0.000009
0.000054
0.000071
0.000108
0.000189
0.000255
0.000262
0.000229
0.000172
0.000119
0.000102
0.000082
0.000001
-0.000111
-0.000175
-0.000181
-0.000161
-0.000125
-0.000095
-0.000112
-0.000143
-0.000076
0.000085
0.000176
0.000111
-0.000000
-0.000048
-0.000053
-0.000069
-0.000119
-0.000185
-0.000187
-0.000068
0.000050
0.000029
-0.000003
0.000134
0.000334
0.000365
0.000237
0.000135
0.000110
0.000083
0.000046
0.000035
0.000021
-0.000018
-0.000017
0.000037
0.000047
-0.000022
-0.000088
-0.000114
-0.000149
-0.000216
-0.000282
-0.000283
-0.000183
-0.000065
-0.000067
-0.000196
-0.000291
-0.000154
0.000199
0.000511
0.000595
0.000503
0.000351
0.000189
0.000030
-0.000085
-0.000131
-0.000163
-0.000226
-0.000292
-0.000323
-0.000327
-0.000310
-0.000281
-0.000255
-0.000230
-0.000145
0.000039
0.000221
0.000265
0.000194
0.000137
0.000124
0.000087
0.000009
-0.000047
-0.000031
0.000021
0.000051
0.000078
0.000114
0.000108
0.000081
0.000089
0.000080
0.000007
-0.000068
-0.000089
-0.000070
-0.000060
-0.000057
-0.000025
0.000010
0.000021
0.000052
0.000132
0.000199
0.000228
0.000266
0.000295
0.000227
0.000070
-0.000063
-0.000144
-0.000219
-0.000257
-0.000213
-0.000148
-0.000145
-0.000187
-0.000187
-0.000109
-0.000001
0.000083
0.000124
0.000138
0.000143
0.000118
0.000048
-0.000015
-0.000022
-0.000005
-0.000022
-0.000073
-0.000094
-0.000050
0.000035
0.000122
0.000155
0.000078
-0.000034
-0.000056
-0.000019
-0.000021
-0.000050
-0.000056
-0.000042
-0.000034
-0.000031
-0.000007
0.000018
0.000007
-0.000022
0.000004
0.000092
0.000126
0.000048
-0.000015
-0.000004
-0.000031
-0.000116
-0.000147
-0.000119
-0.000107
-0.000130
-0.000154
-0.000119
0.000017
0.000195
0.000285
0.000223
0.000106
0.000076
0.000132
0.000165
0.000108
-0.000001
-0.000078
-0.000094
-0.000084
-0.000044
0.000025
0.000054
0.000009
-0.000039
-0.000023
0.000013
0.000003
-0.000058
-0.000157
-0.000240
-0.000204
-0.000078
-0.000019
-0.000055
-0.000070
-0.000044
-0.000032
-0.000000
0.000061
0.000075
0.000055
0.000119
0.000234
0.000241
0.000149
0.000129
0.000183
0.000142
-0.000010
-0.000108
-0.000086
-0.000042
-0.000060
-0.000112
-0.000119
-0.000103
-0.000166
-0.000274
-0.000296
-0.000248
-0.000238
-0.000241
-0.000186
-0.000118
-0.000075
0.000015
0.000185
0.000343
0.000406
0.000403
0.000405
0.000428
0.000434
0.000379
0.000260
0.000103
-0.000045
-0.000154
-0.000226
-0.000253
-0.000198
-0.000074
0.000041
0.000085
0.000034
-0.000102
-0.000236
-0.000273
-0.000211
-0.000127
-0.000092
-0.000095
-0.000063
0.000006
0.000027
0.000004
0.000041
0.000128
0.000137
0.000051
-0.000015
-0.000009
0.000024
0.000049
0.000047
0.000006
-0.000011
0.000061
0.000147
0.000098
-0.000085
-0.000252
-0.000292
-0.000229
-0.000142
-0.000068
0.000004
0.000042
0.000010
-0.000010
0.000066
0.000145
0.000114
0.000050
0.000059
0.000087
0.000063
0.000035
0.000039
0.000023
-0.000031
-0.000062
-0.000028
0.000038
0.000064
0.000035
-0.000007
-0.000044
-0.000061
-0.000024
0.000037
0.000036
-0.000022
-0.000029
0.000049
0.000114
0.000100
0.000065
0.000049
-0.000008
-0.000110
-0.000159
-0.000133
-0.000124
-0.000151
-0.000166
-0.000143
-0.000082
0.000009
0.000102
0.000155
0.000161
0.000164
0.000173
0.000122
0.000019
-0.000029
0.000008
0.000051
0.000029
-0.000042
-0.000089
-0.000087
-0.000084
-0.000090
-0.000048
0.000070
0.000191
0.000195
0.000077
-0.000022
-0.000015
0.000025
0.000018
-0.000041
-0.000116
-0.000150
-0.000149
-0.000171
-0.000205
-0.000164
-0.000036
0.000092
0.000146
0.000155
0.000195
0.000254
0.000246
0.000151
0.000059
0.000037
0.000034
-0.000034
-0.000139
-0.000189
-0.000169
-0.000143
-0.000127
-0.000073
0.000027
0.000110
0.000093
-0.000018
-0.000145
-0.000238
-0.000229
-0.000056
0.000167
0.000270
0.000277
0.000289
0.000282
0.000205
0.000097
0.000022
-0.000040
-0.000142
-0.000245
-0.000270
-0.000258
-0.000287
-0.000308
-0.000240
-0.000134
-0.000096
-0.000121
-0.000113
-0.000014
0.000118
0.000181
0.000173
0.000165
0.000163
0.000129
0.000098
0.000123
0.000165
0.000156
0.000088
0.000007
-0.000012
0.000027
0.000030
-0.000032
-0.000099
-0.000133
-0.000133
-0.000087
-0.000018
0.000035
0.000060
0.000060
0.000032
-0.000032
-0.000103
-0.000122
-0.000042
0.000136
0.000311
0.000321
0.000186
0.000087
0.000082
0.000076
0.000023
-0.000073
-0.000201
-0.000266
-0.000196
-0.000106
-0.000119
-0.000162
-0.000108
0.000012
0.000065
0.000016
-0.000039
-0.000016
0.000054
0.000072
0.000011
-0.000042
-0.000025
0.000036
0.000087
0.000081
0.000021
-0.000024
-0.000018
0.000001
-0.000013
-0.000064
-0.000080
0.000010
0.000124
0.000130
0.000059
0.000006
-0.000035
-0.000081
-0.000073
-0.000030
-0.000063
-0.000148
-0.000137
0.000006
0.000158
0.000220
0.000218
0.000188
0.000143
0.000090
0.000019
-0.000045
-0.000057
-0.000029
-0.000003
0.000001
-0.000018
-0.000059
-0.000106
-0.000118
-0.000091
-0.000101
-0.000159
-0.000163
-0.000089
-0.000024
-0.000000
-0.000012
-0.000066
-0.000113
-0.000092
-0.000018
0.000081
0.000208
0.000308
0.000279
0.000116
-0.000017
0.000013
0.000097
0.000057
-0.000058
-0.000082
-0.000022
-0.000002
-0.000029
-0.000008
0.000032
-0.000007
-0.000083
-0.000093
-0.000070
-0.000098
-0.000122
-0.000049
0.000061
0.000074
-0.000016
-0.000075
-0.000026
0.000064
0.000134
0.000182
0.000142
-0.000055
-0.000298
-0.000414
-0.000384
-0.000308
-0.000239
-0.000146
0.000016
0.000187
0.000245
0.000215
0.000242
0.000358
0.000465
0.000481
0.000422
0.000344
0.000268
0.000180
0.000075
-0.000024
-0.000100
-0.000150
-0.000181
-0.000224
-0.000274
-0.000264
-0.000208
-0.000223
-0.000317
-0.000337
-0.000184
0.000015
0.000055
-0.000064
-0.000153
-0.000106
0.000021
0.000126
0.000157
0.000126
0.000099
0.000127
0.000178
0.000185
0.000167
0.000149
0.000101
0.000016
-0.000054
-0.000075
-0.000067
-0.000082
-0.000129
-0.000143
-0.000096
-0.000058
-0.000092
-0.000167
-0.000209
-0.000195
-0.000158
-0.000098
0.000012
0.000141
0.000209
0.000187
0.000107
0.000031
0.000008
0.000023
0.000030
0.000022
0.000020
0.000031
0.000028
-0.000004
-0.000024
0.000013
0.000087
0.000152
0.000156
0.000088
0.000041
0.000087
0.000162
0.000167
0.000096
0.000004
-0.000088
-0.000139
-0.000095
-0.000048
-0.000133
-0.000263
-0.000275
-0.000196
-0.000134
-0.000076
0.000023
0.000105
0.000094
0.000012
-0.000059
-0.000058
0.000009
0.000078
0.000093
0.000080
0.000103
0.000149
0.000144
0.000088
0.000040
-0.000013
-0.000106
-0.000179
-0.000146
-0.000049
0.000007
0.000021
0.000066
0.000098
0.000036
-0.000039
-0.000018
0.000028
-0.000011
-0.000083
-0.000077
-0.000008
-0.000003
-0.000080
-0.000074
0.000084
0.000198
0.000137
0.000041
0.000020
0.000004
-0.000025
-0.000024
-0.000022
-0.000043
-0.000054
-0.000052
-0.000043
-0.000014
-0.000011
-0.000066
-0.000098
-0.000027
0.000093
0.000149
0.000114
0.000045
-0.000014
-0.000079
-0.000167
-0.000169
0.000067
0.000419
0.000560
0.000428
0.000255
0.000165
0.000087
-0.000020
-0.000131
-0.000235
-0.000304
-0.000319
-0.000312
-0.000325
-0.000356
-0.000374
-0.000352
-0.000272
-0.000153
-0.000033
0.000063
0.000122
0.000112
0.000059
0.000054
0.000110
0.000127
0.000078
0.000051
0.000084
0.000101
0.000100
0.000146
0.000173
0.000092
0.000006
0.000044
0.000143
0.000189
0.000157
0.000074
0.000025
0.000053
0.000064
-0.000026
-0.000146
-0.000189
-0.000163
-0.000135
-0.000118
-0.000066
0.000046
0.000150
0.000141
0.000031
-0.000042
-0.000013
0.000045
0.000054
0.000009
-0.000058
-0.000112
-0.000121
-0.000050
0.000084
0.000172
0.000130
0.000021
-0.000055
-0.000094
-0.000132
-0.000155
-0.000144
-0.000116
-0.000071
0.000001
0.000067
0.000104
0.000106
0.000083
0.000073
0.000080
0.000047
-0.000033
-0.000082
-0.000062
-0.000056
-0.000109
-0.000119
-0.000012
0.000127
0.000184
0.000150
0.000101
0.000133
0.000211
0.000161
-0.000022
-0.000132
-0.000104
-0.000058
-0.000061
-0.000090
-0.000143
-0.000222
-0.000271
-0.000226
-0.000118
-0.000021
0.000053
0.000120
0.000169
0.000178
0.000152
0.000116
0.000074
0.000022
0.000001
0.000022
0.000005
-0.000066
-0.000084
0.000003
0.000078
0.000032
-0.000067
-0.000084
-0.000018
0.000041
0.000067
0.000065
0.000003
-0.000096
-0.000135
-0.000094
-0.000028
0.000056
0.000139
0.000143
0.000069
0.000027
0.000051
0.000058
0.000009
-0.000044
-0.000069
-0.000084
-0.000102
-0.000112
-0.000079
-0.000012
0.000018
-0.000020
-0.000053
-0.000004
0.000082
0.000135
0.000168
0.000133
-0.000070
-0.000346
-0.000490
-0.000470
-0.000346
-0.000152
0.000035
0.000128
0.000171
0.000256
0.000351
0.000380
0.000358
0.000323
0.000266
0.000190
0.000141
0.000120
0.000076
0.000002
-0.000047
-0.000037
0.000002
0.000022
0.000004
-0.000043
-0.000098
-0.000145
-0.000187
-0.000216
-0.000214
-0.000197
-0.000211
-0.000244
-0.000234
-0.000175
-0.000104
-0.000022
0.000069
0.000129
0.000157
0.000185
0.000187
0.000112
0.000008
-0.000019
0.000041
0.000098
0.000111
0.000115
0.000134
0.000136
0.000096
0.000027
-0.000058
-0.000123
-0.000124
-0.000080
-0.000093
-0.000203
-0.000303
-0.000301
-0.000225
-0.000144
-0.000078
0.000002
0.000101
0.000140
0.000095
0.000058
0.000078
0.000111
0.000133
0.000168
0.000198
0.000182
0.000142
0.000112
0.000073
-0.000002
-0.000090
-0.000123
-0.000056
0.000091
0.000238
0.000270
0.000150
0.000001
-0.000064
-0.000073
-0.000105
-0.000166
-0.000218
-0.000266
-0.000327
-0.000374
-0.000340
-0.000213
-0.000064
0.000055
0.000141
0.000173
0.000140
0.000091
0.000075
0.000078
0.000072
0.000076
0.000106
0.000129
0.000103
0.000044
0.000019
0.000062
0.000119
0.000137
0.000122
0.000068
-0.000018
-0.000072
-0.000066
-0.000063
-0.000094
-0.000118
-0.000106
-0.000100
-0.000138
-0.000153
-0.000081
0.000010
0.000037
0.000015
-0.000033
-0.000112
-0.000147
-0.000049
0.000095
0.000154
0.000133
0.000114
0.000142
0.000207
0.000232
0.000153
0.000044
0.000016
0.000033
0.000014
-0.000024
-0.000044
-0.000073
-0.000118
-0.000137
-0.000109
-0.000058
-0.000016
0.000005
0.000003
-0.000066
-0.000198
-0.000201
0.000034
0.000274
0.000293
0.000204
0.000191
0.000202
0.000102
-0.000066
-0.000167
-0.000199
-0.000258
-0.000330
-0.000304
-0.000168
-0.000044
-0.000021
-0.000067
-0.000103
-0.000091
-0.000035
0.000046
0.000114
0.000138
0.000143
0.000145
0.000075
-0.000085
-0.000192
-0.000103
0.000107
0.000225
0.000182
0.000099
0.000051
0.000008
-0.000038
-0.000058
-0.000037
0.000007
0.000055
0.000097
0.000103
0.000038
-0.000052
-0.000086
-0.000058
-0.000015
0.000023
0.000067
0.000111
0.000134
0.000145
0.000117
-0.000021
-0.000193
-0.000227
-0.000128
-0.000019
0.000077
0.000150
0.000144
0.000099
0.000077
0.000030
-0.000059
-0.000114
-0.000123
-0.000150
-0.000194
-0.000174
-0.000074
-0.000002
-0.000036
-0.000068
0.000010
0.000125
0.000167
0.000147
0.000127
0.000105
0.000060
0.000007
-0.000052
-0.000127
-0.000179
-0.000151
-0.000064
-0.000019
-0.000056
-0.000094
-0.000070
-0.000002
0.000081
0.000167
0.000204
0.000136
0.000041
0.000052
0.000146
0.000167
0.000066
-0.000055
-0.000123
-0.000136
-0.000110
-0.000069
-0.000028
0.000000
0.000002
-0.000012
-0.000006
0.000043
0.000112
0.000130
0.000065
-0.000033
-0.000117
-0.000170
-0.000176
-0.000139
-0.000077
-0.000029
-0.000020
0.000010
0.000093
0.000128
0.000070
0.000032
0.000081
0.000126
0.000072
-0.000056
-0.000191
-0.000264
-0.000211
-0.000064
0.000089
0.000194
0.000232
0.000226
0.000202
0.000143
0.000045
-0.000030
-0.000022
0.000015
-0.000013
-0.000092
-0.000137
-0.000131
-0.000108
-0.000083
-0.000045
0.000008
0.000019
-0.000046
-0.000093
-0.000022
0.000062
-0.000046
-0.000309
-0.000466
-0.000394
-0.000213
-0.000070
0.000013
0.000094
0.000202
0.000307
0.000363
0.000359
0.000355
0.000384
0.000394
0.000347
0.000256
0.000147
0.000054
-0.000010
-0.000083
-0.000185
-0.000270
-0.000270
-0.000184
-0.000112
-0.000118
-0.000136
-0.000117
-0.000108
-0.000113
-0.000077
-0.000016
0.000004
-0.000014
-0.000021
-0.000008
0.000034
0.000097
0.000122
0.000078
0.000019
-0.000015
-0.000035
-0.000042
-0.000005
0.000054
0.000070
0.000025
-0.000049
-0.000096
-0.000064
0.000026
0.000078
0.000028
-0.000077
-0.000136
-0.000141
-0.000141
-0.000133
-0.000111
-0.000093
-0.000077
-0.000035
0.000049
0.000146
0.000195
0.000153
0.000030
-0.000091
-0.000103
-0.000003
0.000112
0.000173
0.000173
0.000134
0.000076
0.000029
0.000024
0.000037
0.000037
