4801
-0.000214
-0.000127
-0.000073
-0.000040
0.000004
0.000051
0.000058
0.000023
-0.000011
-0.000016
0.000017
0.000056
0.000029
-0.000047
-0.000046
0.000054
0.000123
0.000087
0.000027
0.000008
-0.000010
-0.000058
-0.000085
-0.000036
0.000055
0.000073
-0.000026
-0.000099
-0.000041
0.000025
-0.000005
-0.000044
-0.000014
0.000042
0.000050
-0.000004
-0.000043
0.000005
0.000071
0.000034
-0.000082
-0.000149
-0.000122
-0.000048
0.000056
0.000158
0.000167
0.000094
0.000036
0.000003
-0.000016
0.000013
0.000060
0.000056
-0.000031
-0.000169
-0.000267
-0.000282
-0.000280
-0.000262
-0.000159
0.000001
0.000124
0.000198
0.000252
0.000262
0.000219
0.000184
0.000196
0.000215
0.000166
0.000050
-0.000017
0.000047
0.000140
0.000117
0.000013
-0.000019
0.000023
0.000010
-0.000076
-0.000117
-0.000094
-0.000114
-0.000216
-0.000280
-0.000225
-0.000135
-0.000089
-0.000074
-0.000062
-0.000040
-0.000013
0.000006
0.000038
0.000102
0.000152
0.000142
0.000112
0.000127
0.000157
0.000124
0.000023
-0.000073
-0.000115
-0.000116
-0.000107
-0.000065
0.000027
0.000105
0.000091
0.000004
-0.000067
-0.000075
-0.000073
-0.000125
-0.000179
-0.000143
-0.000076
-0.000076
-0.000089
-0.000030
0.000059
0.000103
0.000097
0.000076
0.000084
0.000130
0.000164
0.000124
0.000023
-0.000037
0.000019
0.000107
0.000103
0.000047
0.000026
-0.000000
-0.000050
-0.000057
-0.000007
0.000046
0.000048
0.000004
-0.000014
-0.000003
-0.000044
-0.000132
-0.000185
-0.000181
-0.000160
-0.000152
-0.000149
-0.000108
-0.000009
0.000085
0.000117
0.000108
0.000089
0.000064
0.000044
0.000053
0.000098
0.000137
0.000107
0.000027
-0.000035
-0.000047
-0.000023
0.000011
0.000043
0.000068
0.000072
0.000042
-0.000005
-0.000030
-0.000030
-0.000034
-0.000037
-0.000013
0.000018
0.000018
-0.000016
-0.000041
-0.000038
-0.000044
-0.000056
-0.000021
0.000021
-0.000009
-0.000070
-0.000078
-0.000036
-0.000008
-0.000028
-0.000057
-0.000045
-0.000003
0.000014
-0.000003
-0.000003
0.000033
0.000062
0.000089
0.000156
0.000218
0.000206
0.000131
0.000037
-0.000034
-0.000066
-0.000118
-0.000251
-0.000381
-0.000267
0.000118
0.000424
0.000437
0.000336
0.000274
0.000197
0.000057
-0.000083
-0.000163
-0.000206
-0.000237
-0.000262
-0.000297
-0.000339
-0.000348
-0.000279
-0.000141
-0.000030
-0.000020
-0.000054
-0.000036
0.000018
0.000035
0.000028
0.000038
0.000041
0.000030
0.000048
0.000112
0.000195
0.000239
0.000232
0.000224
0.000225
0.000193
0.000122
0.000042
-0.000003
0.000004
-0.000016
-0.000117
-0.000198
-0.000168
-0.000085
-0.000048
-0.000049
-0.000042
-0.000023
-0.000003
0.000006
0.000002
0.000014
0.000056
0.000102
0.000125
0.000121
0.000078
-0.000022
-0.000126
-0.000134
-0.000069
-0.000024
0.000008
0.000055
0.000069
0.000021
-0.000041
-0.000052
-0.000006
0.000024
-0.000000
-0.000033
-0.000037
-0.000025
-0.000028
-0.000053
-0.000042
0.000069
0.000200
0.000183
0.000017
-0.000137
-0.000190
-0.000173
-0.000136
-0.000097
-0.000053
-0.000017
0.000005
0.000025
0.000044
0.000068
0.000114
0.000179
0.000224
0.000200
0.000124
0.000037
-0.000057
-0.000127
-0.000122
-0.000076
-0.000067
-0.000106
-0.000134
-0.000102
-0.000032
0.000024
0.000050
0.000067
0.000067
0.000029
-0.000017
-0.000032
-0.000027
-0.000020
-0.000022
-0.000010
0.000037
0.000082
0.000076
0.000035
0.000022
0.000052
0.000060
0.000030
0.000028
0.000066
0.000073
0.000010
-0.000067
-0.000077
-0.000008
0.000057
0.000044
-0.000019
-0.000067
-0.000102
-0.000144
-0.000162
-0.000147
-0.000138
-0.000130
-0.000100
-0.000059
0.000002
0.000064
0.000074
0.000041
0.000031
0.000068
0.000108
0.000111
0.000126
0.000182
0.000210
0.000193
0.000154
0.000011
-0.000244
-0.000436
-0.000453
-0.000341
-0.000201
-0.000094
-0.000016
0.000069
0.000172
0.000257
0.000291
0.000281
0.000262
0.000246
0.000224
0.000184
0.000121
0.000046
-0.000039
-0.000141
-0.000210
-0.000177
-0.000068
0.000016
0.000030
0.000001
-0.000023
-0.000022
-0.000020
-0.000041
-0.000072
-0.000079
-0.000064
-0.000056
-0.000071
-0.000079
-0.000037
0.000023
0.000027
-0.000009
-0.000008
0.000029
0.000030
-0.000017
-0.000029
0.000024
0.000061
0.000051
0.000048
0.000037
-0.000029
-0.000096
-0.000109
-0.000102
-0.000083
-0.000042
-0.000015
-0.000036
-0.000066
-0.000040
0.000017
0.000017
-0.000035
-0.000061
-0.000034
0.000016
0.000054
0.000049
0.000012
0.000009
0.000050
0.000057
0.000029
0.000050
0.000113
0.000150
0.000146
0.000129
0.000156
0.000217
0.000201
0.000086
-0.000045
-0.000138
-0.000181
-0.000178
-0.000168
-0.000176
-0.000145
-0.000041
0.000023
-0.000060
-0.000193
-0.000195
-0.000048
0.000068
0.000029
-0.000056
-0.000047
0.000025
0.000074
0.000078
0.000079
0.000117
0.000165
0.000160
0.000100
0.000044
0.000040
0.000065
0.000055
-0.000005
-0.000061
-0.000049
-0.000007
-0.000103
-0.000308
-0.000216
0.000260
0.000432
-0.000105
-0.000602
-0.000260
0.000442
0.000450
-0.000244
-0.000612
-0.000147
0.000441
0.000339
-0.000210
-0.000351
0.000108
0.000447
0.000154
-0.000284
-0.000151
0.000386
0.000575
0.000201
-0.000257
-0.000435
-0.000331
0.000107
0.000486
-0.000030
-0.000939
-0.000692
0.000557
0.000971
-0.000001
-0.000802
-0.000289
0.000647
0.000625
-0.000228
-0.000647
-0.000146
0.000363
0.000125
-0.000317
-0.000165
0.000446
0.000801
0.000548
0.000026
-0.000198
-0.000025
0.000115
-0.000111
-0.000475
-0.000551
-0.000310
-0.000098
-0.000151
-0.000332
-0.000305
-0.000007
0.000196
0.000062
-0.000148
-0.000127
0.000053
0.000152
0.000104
0.000019
0.000022
0.000135
0.000232
0.000165
0.000011
0.000010
0.000183
0.000254
0.000085
-0.000097
-0.000054
0.000108
0.000151
0.000052
-0.000058
-0.000092
-0.000066
-0.000061
-0.000105
-0.000121
-0.000067
-0.000022
-0.000036
-0.000068
-0.000084
-0.000094
-0.000079
-0.000029
0.000029
0.000096
0.000171
0.000205
0.000187
0.000176
0.000190
0.000171
0.000081
-0.000035
-0.000107
-0.000114
-0.000087
-0.000048
-0.000006
0.000014
-0.000006
-0.000028
-0.000014
0.000014
-0.000019
-0.000124
-0.000188
-0.000118
0.000023
0.000104
0.000023
-0.000160
-0.000252
-0.000193
-0.000101
-0.000058
-0.000043
-0.000008
0.000032
0.000026
0.000018
0.000083
0.000188
0.000243
0.000206
0.000118
0.000063
0.000055
0.000030
-0.000009
0.000007
0.000067
0.000081
0.000017
-0.000056
-0.000091
-0.000091
-0.000056
-0.000011
-0.000001
-0.000035
-0.000068
-0.000052
-0.000019
-0.000035
-0.000074
-0.000051
0.000039
0.000093
0.000027
-0.000099
-0.000121
0.000005
0.000114
0.000092
0.000024
-0.000011
-0.000045
-0.000063
-0.000013
0.000060
0.000077
0.000056
0.000039
0.000018
-0.000017
-0.000063
-0.000114
-0.000135
-0.000096
-0.000035
-0.000019
-0.000037
-0.000035
0.000014
0.000073
0.000070
0.000002
-0.000094
-0.000231
-0.000413
-0.000604
-0.000692
-0.000665
-0.001223
-0.002375
-0.001031
0.004676
0.009254
0.006057
-0.001836
-0.004754
0.000118
0.004741
0.001474
-0.006385
-0.009132
-0.003606
0.002827
0.002317
-0.003078
-0.004843
0.000021
0.005358
0.004530
-0.000940
-0.003876
-0.001066
0.003185
0.003423
-0.000083
-0.002334
-0.000323
0.003047
0.003054
-0.000176
-0.002162
-0.000763
0.001476
0.001594
-0.000216
-0.001481
-0.000830
0.000365
0.000285
-0.000675
-0.000949
-0.000284
0.000153
-0.000385
-0.001180
-0.001096
-0.000028
0.000749
0.000299
-0.000407
-0.000346
0.000445
0.001270
0.000726
-0.000888
-0.001133
0.000574
0.001890
0.000766
-0.001663
-0.002112
0.000028
0.001693
0.000877
-0.001126
-0.001459
0.000880
0.002844
0.000998
-0.003059
-0.003620
0.001040
0.004783
0.002039
-0.003438
-0.003737
0.001156
0.004031
0.001338
-0.003482
-0.004482
0.000516
0.005378
0.002943
-0.002826
-0.002967
0.001597
0.002980
-0.000455
-0.003306
-0.002073
0.001672
0.003549
0.000772
-0.003293
-0.002948
0.001779
0.004360
0.000401
-0.004908
-0.004121
0.001643
0.005267
0.002644
-0.002827
-0.003947
0.000690
0.004014
0.000844
-0.004127
-0.003369
0.002183
0.004678
0.000830
-0.003190
-0.000775
0.003445
0.001430
-0.003361
-0.003567
-0.000265
0.001678
0.001523
0.000891
-0.000118
-0.001039
-0.000919
0.000242
0.001375
0.000299
-0.001972
-0.001267
0.002097
0.003082
-0.000000
-0.002183
-0.000003
0.001730
-0.000545
-0.002123
-0.000394
0.000890
0.000155
-0.000472
0.000138
0.001248
0.001434
-0.000035
-0.001920
-0.001655
0.000516
0.000988
-0.000650
-0.001396
-0.000288
0.001389
0.002023
0.000776
-0.001136
-0.001309
-0.000210
-0.000070
0.000051
0.001083
0.000951
-0.000781
-0.001291
0.000732
0.001981
-0.000446
-0.002903
-0.001397
0.001040
0.001341
0.000875
0.000376
-0.000620
-0.001943
-0.002629
-0.001794
-0.000614
-0.000171
0.001233
0.004353
0.005300
0.001263
-0.001832
0.001278
0.003942
0.000466
-0.003533
-0.002542
0.001052
0.002146
-0.000642
-0.003913
-0.003654
-0.001052
-0.001009
-0.003049
-0.001810
0.002021
0.001703
-0.002406
-0.002575
0.001853
0.004011
0.001201
-0.002096
-0.000888
0.002973
0.003796
0.001663
0.000519
0.000517
0.000547
0.001205
0.002031
0.001492
-0.000746
-0.002326
-0.001478
-0.000232
-0.000040
-0.000039
-0.000120
-0.001069
-0.002389
-0.001930
0.000322
0.001182
-0.000880
-0.002879
-0.001707
0.000607
0.001270
0.001044
0.000271
-0.001156
-0.001639
-0.000280
0.001523
0.001776
0.000737
0.000239
0.000785
0.001287
0.000916
0.000355
-0.000011
-0.000901
-0.001327
0.000426
0.002120
0.000850
-0.000990
-0.001193
-0.000844
0.000724
0.002593
0.000926
-0.002894
-0.003141
0.000531
0.002831
0.001596
-0.000690
-0.001607
-0.001224
-0.001461
-0.002002
-0.000469
0.001896
0.001418
-0.001146
-0.001559
0.000187
0.000662
-0.000197
-0.001072
-0.001777
-0.000251
0.003884
0.005770
0.002240
-0.002499
-0.003026
-0.000691
0.000679
0.001026
0.001185
0.000708
-0.000349
-0.000473
0.000555
0.000293
-0.001168
-0.001726
-0.001875
-0.001469
0.000773
0.002532
0.000756
-0.002196
-0.001967
0.000731
0.001654
-0.000288
-0.001571
-0.000301
0.000642
-0.000055
0.000145
0.001012
-0.000024
-0.001415
-0.000418
0.001489
0.001506
0.000341
0.000668
0.001778
0.000825
-0.001565
-0.002146
-0.000582
0.000229
-0.000489
-0.000555
0.000874
0.002057
0.001392
-0.000453
-0.001573
-0.001098
-0.000164
-0.000358
-0.001113
-0.000718
0.000652
0.001761
0.001819
0.000416
-0.001516
-0.002206
-0.001002
0.000224
-0.000631
-0.001190
0.001352
0.003862
0.002456
-0.001019
-0.001814
0.000513
0.001072
-0.001701
-0.003144
-0.000712
0.002584
0.003393
0.002021
0.000682
-0.000094
-0.001387
-0.002996
-0.003321
-0.002178
-0.000619
0.001057
0.002818
0.003861
0.002854
-0.000240
-0.003522
-0.005341
-0.004858
-0.001592
0.002803
0.004780
0.003398
0.001334
0.000451
0.000237
-0.000650
-0.002323
-0.002694
-0.000901
0.001312
0.002595
0.002555
0.001204
-0.000102
-0.000084
-0.000043
-0.001055
-0.001600
-0.001506
-0.002007
-0.002019
-0.000403
0.001747
0.003150
0.002782
0.000639
-0.001245
-0.002008
-0.002509
-0.002392
-0.001192
0.000613
0.002488
0.003343
0.002596
0.001159
-0.000233
-0.001440
-0.002099
-0.002117
-0.001714
-0.000583
0.001076
0.002114
0.002319
0.001999
0.000881
-0.000845
-0.002141
-0.002268
-0.001802
-0.001391
-0.000475
0.001483
0.003567
0.003805
0.001599
-0.001136
-0.002522
-0.002518
-0.001814
-0.001097
-0.000842
-0.000736
0.000118
0.002019
0.003326
0.002128
-0.000494
-0.002125
-0.002571
-0.002629
-0.001769
0.000185
0.002105
0.003465
0.003987
0.003008
0.000854
-0.001165
-0.002051
-0.001912
-0.001344
-0.000830
-0.000623
-0.000099
0.001106
0.001979
0.001485
-0.000375
-0.002151
-0.002129
-0.000980
-0.000615
-0.000678
0.000318
0.001548
0.001460
0.000719
0.000298
-0.000212
-0.001262
-0.002357
-0.002144
-0.000073
0.002141
0.002402
0.001289
0.000962
0.001263
0.000659
-0.000434
-0.000955
-0.001044
-0.001212
-0.001343
-0.000641
0.001028
0.002232
0.001593
-0.000405
-0.001866
-0.001560
-0.000475
-0.000253
-0.000467
0.000244
0.001420
0.001672
0.000924
-0.000043
-0.000790
-0.001139
-0.001122
-0.000797
-0.000209
0.000088
-0.000213
-0.000428
-0.000011
0.000801
0.001317
0.000766
-0.000627
-0.001328
-0.000413
0.000930
0.000898
-0.000365
-0.000991
-0.000402
0.000110
0.000301
0.000925
0.001458
0.001176
0.000524
0.000181
0.000161
-0.000259
-0.000951
-0.000550
0.000731
0.001178
0.000579
-0.000031
-0.000421
-0.000822
-0.000950
-0.000773
-0.000706
-0.000754
-0.000726
-0.000505
-0.000044
0.000265
0.000101
-0.000060
0.000111
-0.000093
-0.000939
-0.001167
-0.000184
0.000686
0.000703
0.000726
0.001105
0.001144
0.000625
0.000117
-0.000034
-0.000003
0.000019
0.000097
0.000323
0.000583
0.000640
0.000351
0.000011
-0.000056
-0.000121
-0.000358
-0.000581
-0.000743
-0.000730
-0.000481
-0.000228
-0.000089
-0.000070
-0.000231
-0.000504
-0.000715
-0.000818
-0.000772
-0.000286
0.000413
0.000440
0.000093
0.000467
0.001098
0.000899
0.000131
-0.000382
-0.000367
0.000017
0.000416
0.000619
0.000842
0.001029
0.000731
0.000140
-0.000211
-0.000376
-0.000591
-0.000764
-0.000625
-0.000183
0.000183
0.000217
-0.000013
-0.000295
-0.000482
-0.000583
-0.000517
-0.000267
-0.000065
0.000080
0.000361
0.000478
0.000107
-0.000217
-0.000060
0.000101
-0.000093
-0.000205
0.000261
0.000898
0.000767
-0.000035
-0.000338
0.000163
0.000468
0.000023
-0.000539
-0.000457
0.000135
0.000416
0.000144
-0.000123
-0.000204
-0.000295
-0.000274
-0.000154
-0.000205
-0.000275
-0.000016
0.000367
0.000477
0.000419
0.000419
0.000346
0.000087
-0.000253
-0.000586
-0.000747
-0.000555
-0.000233
-0.000032
0.000300
0.000822
0.001021
0.000717
0.000291
-0.000037
-0.000320
-0.000467
-0.000385
-0.000334
-0.000447
-0.000256
0.000446
0.000938
0.000600
-0.000139
-0.000547
-0.000556
-0.000516
-0.000627
-0.000831
-0.000867
-0.000538
0.000029
0.000497
0.000632
0.000512
0.000371
0.000167
-0.000268
-0.000722
-0.000833
-0.000616
-0.000305
0.000052
0.000529
0.000950
0.000925
0.000444
0.000011
-0.000093
-0.000123
-0.000269
-0.000263
0.000121
0.000578
0.000740
0.000772
0.000945
0.000975
0.000532
0.000071
0.000141
0.000391
0.000312
0.000189
0.000426
0.000780
0.000927
0.000973
0.000945
0.000637
0.000197
-0.000050
-0.000288
-0.000857
-0.001627
-0.002288
-0.002766
-0.003085
-0.003166
-0.002879
-0.002300
-0.001669
-0.001024
-0.000326
0.000247
0.000572
0.000836
0.001204
0.001496
0.001494
0.001409
0.001563
0.001725
0.001425
0.000803
0.000411
0.000284
-0.000040
-0.000656
-0.001095
-0.001089
-0.000864
-0.000603
-0.000239
0.000197
0.000514
0.000658
0.000731
0.000736
0.000630
0.000523
0.000471
0.000333
0.000112
0.000068
0.000269
0.000432
0.000402
0.000360
0.000429
0.000434
0.000192
-0.000182
-0.000430
-0.000524
-0.000667
-0.000899
-0.000995
-0.000843
-0.000592
-0.000241
0.000413
0.001248
0.001907
0.002411
0.003034
0.003531
0.003087
0.001275
-0.001342
-0.003823
-0.005516
-0.005936
-0.004960
-0.003257
-0.001545
0.000293
0.002508
0.004555
0.005605
0.005534
0.004741
0.003283
0.001068
-0.001286
-0.002598
-0.002246
-0.000771
0.000690
0.001548
0.002137
0.002747
0.002623
0.000766
-0.002456
-0.005561
-0.007612
-0.008701
-0.008999
-0.008294
-0.006607
-0.004433
-0.002194
-0.000155
0.001325
0.002147
0.002661
0.003077
0.003209
0.003053
0.002975
0.003134
0.003240
0.003063
0.002765
0.002558
0.002457
0.002468
0.002567
0.002531
0.002145
0.001385
0.000348
-0.000764
-0.001549
-0.001548
-0.000606
0.000983
0.002620
0.003651
0.003664
0.002675
0.000978
-0.001177
-0.003538
-0.005641
-0.007072
-0.007712
-0.007404
-0.005825
-0.003004
0.000442
0.003784
0.006457
0.007841
0.007468
0.005535
0.002795
-0.000046
-0.002590
-0.004528
-0.005457
-0.005113
-0.003769
-0.002174
-0.000922
-0.000051
0.000653
0.001257
0.001720
0.002065
0.002263
0.002188
0.001864
0.001394
0.000741
-0.000058
-0.000761
-0.001145
-0.001078
-0.000518
0.000341
0.001115
0.001517
0.001543
0.001379
0.001173
0.000934
0.000654
0.000387
0.000131
-0.000325
-0.001427
-0.003438
-0.005879
-0.007619
-0.007657
-0.006054
-0.003849
-0.001791
0.000234
0.002410
0.004302
0.005373
0.005820
0.006117
0.006019
0.004871
0.002744
0.000722
-0.000120
0.000207
0.000949
0.001697
0.002480
0.003037
0.002861
0.001980
0.000937
-0.000075
-0.001396
-0.003185
-0.005080
-0.006574
-0.007351
-0.007329
-0.006700
-0.005648
-0.004031
-0.002052
-0.000777
-0.000815
-0.001052
-0.000120
0.001331
0.001773
0.001557
0.002151
0.003420
0.004054
0.004057
0.004526
0.005415
0.005607
0.004769
0.003568
0.002548
0.001784
0.001222
0.000755
0.000259
-0.000147
-0.000265
-0.000260
-0.000422
-0.000700
-0.000940
-0.001355
-0.002379
-0.004003
-0.005483
-0.006011
-0.005651
-0.005081
-0.004453
-0.003337
-0.001817
-0.000618
0.000136
0.001086
0.002231
0.002733
0.002352
0.001773
0.001435
0.001181
0.001100
0.001551
0.002344
0.002921
0.003184
0.003338
0.003317
0.002948
0.002245
0.001177
-0.000422
-0.002729
-0.005838
-0.008981
-0.010111
-0.007915
-0.003947
-0.000838
0.001320
0.004323
0.007740
0.009129
0.008428
0.007895
0.007733
0.005820
0.001801
-0.001979
-0.003819
-0.004193
-0.003845
-0.002732
-0.001014
0.000546
0.001466
0.001891
0.001995
0.001590
0.000361
-0.001697
-0.004193
-0.006651
-0.008612
-0.009443
-0.008644
-0.006603
-0.004348
-0.002301
-0.000221
0.001706
0.002971
0.003645
0.003997
0.003724
0.002653
0.001387
0.000423
-0.000165
0.000178
0.002063
0.004670
0.006344
0.006914
0.007560
0.008287
0.007825
0.006018
0.003915
0.001718
-0.001190
-0.004396
-0.006570
-0.007249
-0.006980
-0.006138
-0.004883
-0.003639
-0.002655
-0.001766
-0.001073
-0.001008
-0.001645
-0.002671
-0.003837
-0.004900
-0.005426
-0.005094
-0.003965
-0.002302
-0.000433
0.001396
0.003183
0.004899
0.006204
0.006748
0.006595
0.006029
0.005137
0.004013
0.003037
0.002400
0.001830
0.001199
0.000740
0.000475
0.000174
-0.000125
-0.000629
-0.002512
-0.006024
-0.008534
-0.007600
-0.004876
-0.003534
-0.003275
-0.001415
0.002027
0.004209
0.004495
0.005231
0.007071
0.007681
0.005695
0.002737
0.000603
-0.000804
-0.001760
-0.001754
-0.000956
-0.000439
-0.000465
-0.000115
0.000925
0.001627
0.001186
0.000124
-0.000853
-0.002278
-0.004809
-0.007341
-0.008146
-0.007418
-0.006727
-0.006385
-0.005292
-0.003217
-0.001233
0.000244
0.001855
0.003496
0.004063
0.003340
0.002496
0.002344
0.002484
0.002515
0.002749
0.003425
0.004320
0.005328
0.006557
0.007743
0.008300
0.007965
0.006809
0.004852
0.002205
-0.000621
-0.003001
-0.004815
-0.006370
-0.007647
-0.008172
-0.007751
-0.006710
-0.005326
-0.003659
-0.002028
-0.001047
-0.000959
-0.001372
-0.001819
-0.002189
-0.002552
-0.002926
-0.003235
-0.003307
-0.002881
-0.001723
0.000080
0.002099
0.003993
0.005730
0.007235
0.008120
0.008065
0.007315
0.006322
0.005020
0.003080
0.000787
-0.001060
-0.002105
-0.002889
-0.004337
-0.006630
-0.008344
-0.007551
-0.004432
-0.001466
-0.000210
0.000677
0.002842
0.005156
0.005641
0.004952
0.004905
0.005125
0.003839
0.000997
-0.001622
-0.002890
-0.003000
-0.002318
-0.001203
-0.000310
0.000087
0.000576
0.001507
0.002116
0.001702
0.000681
-0.000322
-0.001593
-0.003768
-0.006312
-0.007653
-0.007218
-0.006193
-0.005702
-0.005237
-0.003737
-0.001420
0.000659
0.002185
0.003414
0.004084
0.003813
0.003042
0.002436
0.002048
0.001862
0.002254
0.003224
0.004013
0.004342
0.005032
0.006481
0.007708
0.007712
0.006698
0.005271
0.003391
0.000880
-0.001834
-0.004142
-0.005914
-0.007322
-0.008321
-0.008659
-0.008195
-0.006972
-0.005220
-0.003368
-0.001908
-0.001102
-0.000829
-0.000831
-0.001020
-0.001391
-0.001842
-0.002226
-0.002447
-0.002393
-0.001841
-0.000636
0.001046
0.002786
0.004287
0.005570
0.006739
0.007662
0.008014
0.007589
0.006477
0.004902
0.003011
0.000903
-0.001166
-0.002800
-0.004031
-0.005724
-0.008295
-0.009979
-0.008516
-0.004662
-0.001517
-0.000245
0.001241
0.004389
0.007252
0.007872
0.007501
0.007784
0.007714
0.005570
0.001946
-0.001092
-0.002747
-0.003547
-0.003809
-0.003661
-0.003520
-0.003467
-0.002782
-0.001157
0.000372
0.000817
0.000466
0.000044
-0.000669
-0.002485
-0.004932
-0.006326
-0.006178
-0.005846
-0.006295
-0.006504
-0.005108
-0.002550
-0.000161
0.001789
0.003678
0.005072
0.005290
0.004851
0.004709
0.004832
0.004697
0.004349
0.004106
0.003767
0.003195
0.003133
0.004051
0.005100
0.005276
0.004661
0.003844
0.002804
0.001243
-0.000559
-0.002188
-0.003782
-0.005620
-0.007408
-0.008483
-0.008577
-0.007891
-0.006680
-0.005127
-0.003521
-0.002218
-0.001202
-0.000154
0.000877
0.001474
0.001459
0.001034
0.000395
-0.000383
-0.000997
-0.000966
-0.000252
0.000620
0.001322
0.002124
0.003270
0.004475
0.005396
0.006016
0.006289
0.005911
0.004757
0.003154
0.001457
-0.000266
-0.002192
-0.004860
-0.008368
-0.010937
-0.010339
-0.007169
-0.004351
-0.003023
-0.001066
0.002999
0.007010
0.008686
0.009247
0.010544
0.011418
0.009613
0.005571
0.001725
-0.000878
-0.002817
-0.004476
-0.005768
-0.006735
-0.007267
-0.006670
-0.004656
-0.002234
-0.000539
0.000417
0.001240
0.001800
0.001150
-0.000704
-0.002301
-0.002862
-0.003466
-0.005192
-0.007087
-0.007367
-0.005930
-0.004038
-0.002190
0.000071
0.002534
0.004215
0.005031
0.005890
0.007062
0.007881
0.007893
0.007202
0.005956
0.004443
0.003301
0.002848
0.002649
0.002137
0.001349
0.000757
0.000443
0.000017
-0.000600
-0.001052
-0.001382
-0.002281
-0.003970
-0.005582
-0.006263
-0.006211
-0.006102
-0.006015
-0.005549
-0.004685
-0.003712
-0.002620
-0.001298
-0.000011
0.000890
0.001403
0.001611
0.001437
0.001069
0.000998
0.001282
0.001427
0.001229
0.001190
0.001755
0.002649
0.003373
0.003871
0.004274
0.004425
0.004128
0.003530
0.002812
0.001914
0.000707
-0.001151
-0.004161
-0.007599
-0.009146
-0.007717
-0.005337
-0.004405
-0.004147
-0.001894
0.002272
0.005417
0.006649
0.008019
0.010227
0.011053
0.008971
0.005620
0.003145
0.001485
-0.000382
-0.002632
-0.004858
-0.006842
-0.008129
-0.007873
-0.006212
-0.004423
-0.003195
-0.002011
-0.000412
0.000842
0.000867
0.000342
0.000454
0.000796
-0.000169
-0.002603
-0.004686
-0.005073
-0.004454
-0.004030
-0.003673
-0.002555
-0.000882
0.000529
0.001806
0.003607
0.005744
0.007289
0.007851
0.007865
0.007574
0.006854
0.005933
0.005195
0.004400
0.002953
0.001069
-0.000336
-0.001037
-0.001636
-0.002386
-0.002898
-0.003100
-0.003533
-0.004267
-0.004588
-0.004175
-0.003604
-0.003420
-0.003446
-0.003298
-0.003001
-0.002666
-0.002116
-0.001335
-0.000789
-0.000791
-0.000943
-0.000799
-0.000543
-0.000414
-0.000162
0.000432
0.001057
0.001403
0.001792
0.002642
0.003670
0.004317
0.004534
0.004578
0.004378
0.003717
0.002819
0.002058
0.001314
0.000227
-0.001344
-0.003563
-0.006294
-0.008113
-0.007435
-0.005035
-0.003498
-0.003554
-0.002812
0.000377
0.003947
0.005524
0.006181
0.007916
0.009658
0.008921
0.006169
0.004057
0.003228
0.002153
0.000087
-0.002255
-0.004348
-0.006162
-0.007018
-0.006370
-0.005112
-0.004333
-0.003815
-0.002709
-0.001175
-0.000311
-0.000215
0.000203
0.001162
0.001338
-0.000202
-0.002316
-0.003219
-0.002931
-0.002822
-0.003350
-0.003589
-0.002980
-0.002095
-0.001202
0.000280
0.002499
0.004616
0.005881
0.006525
0.007036
0.007380
0.007493
0.007478
0.007033
0.005642
0.003507
0.001577
0.000285
-0.000897
-0.002305
-0.003493
-0.004142
-0.004691
-0.005436
-0.005732
-0.005019
-0.003837
-0.003046
-0.002697
-0.002291
-0.001690
-0.001097
-0.000499
0.000126
0.000403
0.000001
-0.000742
-0.001221
-0.001387
-0.001537
-0.001658
-0.001498
-0.001035
-0.000513
0.000082
0.001115
0.002560
0.003792
0.004439
0.004756
0.004953
0.004818
0.004238
0.003452
0.002601
0.001529
0.000165
-0.001381
-0.003290
-0.005741
-0.007695
-0.007552
-0.005614
-0.004159
-0.004240
-0.003879
-0.001087
0.002651
0.004698
0.005552
0.007390
0.009726
0.009986
0.007889
0.005874
0.005074
0.004075
0.001757
-0.001146
-0.003628
-0.005652
-0.007086
-0.007314
-0.006630
-0.006101
-0.005847
-0.004894
-0.002993
-0.001322
-0.000549
0.000271
0.001777
0.002778
0.001959
0.000153
-0.000775
-0.000637
-0.000804
-0.001945
-0.003166
-0.003487
-0.003253
-0.003118
-0.002637
-0.001086
0.001122
0.002858
0.003849
0.004821
0.006145
0.007382
0.008085
0.008214
0.007723
0.006446
0.004690
0.003087
0.001671
-0.000030
-0.002007
-0.003679
-0.004868
-0.005974
-0.006870
-0.006801
-0.005743
-0.004644
-0.004021
-0.003324
-0.002021
-0.000406
0.000945
0.001825
0.002258
0.002158
0.001486
0.000556
-0.000283
-0.001030
-0.001770
-0.002368
-0.002703
-0.002849
-0.002741
-0.002050
-0.000724
0.000719
0.001802
0.002690
0.003724
0.004673
0.005073
0.004985
0.004746
0.004293
0.003307
0.001880
0.000432
-0.001191
-0.003538
-0.005988
-0.006888
-0.006009
-0.005203
-0.005605
-0.005651
-0.003451
-0.000010
0.002253
0.003380
0.005374
0.008266
0.009696
0.008764
0.007430
0.007103
0.006614
0.004645
0.001799
-0.000774
-0.003099
-0.005409
-0.006961
-0.007358
-0.007454
-0.007763
-0.007488
-0.006030
-0.004224
-0.002969
-0.001724
0.000274
0.002272
0.002934
0.002467
0.002314
0.002820
0.002798
0.001544
-0.000121
-0.001168
-0.001759
-0.002594
-0.003501
-0.003693
-0.002991
-0.001987
-0.001070
0.000067
0.001737
0.003673
0.005404
0.006726
0.007581
0.007795
0.007378
0.006677
0.005760
0.004292
0.002278
0.000217
-0.001616
-0.003441
-0.005239
-0.006427
-0.006707
-0.006544
-0.006424
-0.006100
-0.005067
-0.003484
-0.001922
-0.000527
0.000825
0.001938
0.002520
0.002667
0.002637
0.002372
0.001737
0.000890
-0.000017
-0.001021
-0.001998
-0.002589
-0.002647
-0.002428
-0.002163
-0.001687
-0.000745
0.000509
0.001619
0.002456
0.003311
0.004251
0.004866
0.004842
0.004392
0.003868
0.003145
0.001678
-0.000722
-0.003242
-0.004646
-0.004772
-0.004837
-0.005696
-0.006382
-0.005409
-0.003158
-0.001310
-0.000105
0.001757
0.004501
0.006518
0.006871
0.006751
0.007289
0.007748
0.007020
0.005308
0.003374
0.001246
-0.001202
-0.003343
-0.004724
-0.005848
-0.007110
-0.007996
-0.008004
-0.007528
-0.007042
-0.006092
-0.004080
-0.001552
0.000282
0.001258
0.002355
0.003883
0.004956
0.004950
0.004253
0.003483
0.002643
0.001421
-0.000006
-0.001115
-0.001753
-0.002207
-0.002631
-0.002767
-0.002344
-0.001406
-0.000173
0.001157
0.002436
0.003501
0.004281
0.004932
0.005502
0.005669
0.005152
0.004158
0.003107
0.001964
0.000406
-0.001366
-0.002761
-0.003733
-0.004755
-0.005837
-0.006401
-0.006191
-0.005519
-0.004652
-0.003610
-0.002429
-0.001231
-0.000073
0.001041
0.001979
0.002532
0.002683
0.002603
0.002364
0.001867
0.001202
0.000700
0.000398
-0.000048
-0.000681
-0.001058
-0.000943
-0.000660
-0.000500
-0.000332
0.000051
0.000615
0.001183
0.001639
0.001977
0.002233
0.002407
0.002425
0.002049
0.001024
-0.000387
-0.001328
-0.001386
-0.001395
-0.002319
-0.003608
-0.003797
-0.002762
-0.001956
-0.001978
-0.001556
0.000189
0.002056
0.002657
0.002602
0.003288
0.004593
0.005239
0.004774
0.003908
0.003146
0.002279
0.001183
0.000083
-0.000986
-0.002228
-0.003519
-0.004392
-0.004796
-0.005162
-0.005452
-0.005087
-0.004078
-0.003214
-0.002828
-0.002229
-0.000871
0.000680
0.001587
0.001895
0.002211
0.002716
0.003034
0.002899
0.002475
0.002035
0.001623
0.001135
0.000557
0.000011
-0.000317
-0.000320
-0.000154
-0.000039
0.000023
0.000193
0.000609
0.001208
0.001692
0.001814
0.001679
0.001592
0.001570
0.001344
0.000822
0.000217
-0.000262
-0.000645
-0.001124
-0.001742
-0.002251
-0.002446
-0.002461
-0.002561
-0.002717
-0.002667
-0.002313
-0.001798
-0.001338
-0.001055
-0.000847
-0.000527
-0.000060
0.000501
0.001087
0.001549
0.001774
0.001811
0.001766
0.001713
0.001726
0.001789
0.001753
0.001519
0.001161
0.000827
0.000606
0.000463
0.000281
0.000027
-0.000197
-0.000317
-0.000430
-0.000624
-0.000799
-0.000864
-0.000981
-0.001349
-0.001802
-0.001940
-0.001648
-0.001276
-0.001213
-0.001325
-0.001099
-0.000464
0.000064
0.000265
0.000620
0.001412
0.002073
0.002056
0.001760
0.001892
0.002366
0.002525
0.002144
0.001608
0.001205
0.000847
0.000481
0.000252
0.000137
-0.000188
-0.000862
-0.001565
-0.001969
-0.002137
-0.002272
-0.002339
-0.002249
-0.002166
-0.002226
-0.002170
-0.001702
-0.000995
-0.000479
-0.000278
-0.000153
0.000086
0.000394
0.000705
0.001050
0.001405
0.001635
0.001680
0.001597
0.001464
0.001397
0.001470
0.001533
0.001358
0.000988
0.000688
0.000565
0.000493
0.000408
0.000304
0.000061
-0.000345
-0.000655
-0.000657
-0.000496
-0.000465
-0.000648
-0.000895
-0.001077
-0.001204
-0.001267
-0.001165
-0.000955
-0.000879
-0.000976
-0.000990
-0.000802
-0.000579
-0.000442
-0.000318
-0.000152
0.000023
0.000209
0.000431
0.000658
0.000848
0.001009
0.001155
0.001249
0.001257
0.001239
0.001256
0.001250
0.001111
0.000851
0.000601
0.000390
0.000135
-0.000124
-0.000280
-0.000396
-0.000590
-0.000831
-0.001001
-0.001085
-0.001122
-0.001075
-0.000942
-0.000852
-0.000935
-0.001198
-0.001501
-0.001546
-0.001090
-0.000305
0.000242
0.000187
-0.000160
-0.000185
0.000296
0.000932
0.001375
0.001615
0.001690
0.001497
0.001204
0.001352
0.002066
0.002613
0.002291
0.001401
0.000796
0.000762
0.000847
0.000575
-0.000071
-0.000860
-0.001605
-0.002166
-0.002397
-0.002256
-0.001949
-0.001801
-0.001893
-0.002029
-0.002009
-0.001739
-0.001259
-0.000792
-0.000568
-0.000566
-0.000571
-0.000431
-0.000109
0.000344
0.000814
0.001241
0.001621
0.001915
0.002099
0.002241
0.002406
0.002534
0.002459
0.002099
0.001579
0.001107
0.000782
0.000544
0.000300
-0.000003
-0.000405
-0.000884
-0.001272
-0.001440
-0.001489
-0.001612
-0.001833
-0.001987
-0.001984
-0.001887
-0.001736
-0.001529
-0.001346
-0.001259
-0.001158
-0.000891
-0.000465
0.000011
0.000444
0.000782
0.001031
0.001259
0.001503
0.001710
0.001797
0.001737
0.001594
0.001471
0.001400
0.001308
0.001106
0.000813
0.000538
0.000347
0.000166
-0.000101
-0.000411
-0.000617
-0.000725
-0.000906
-0.001176
-0.001371
-0.001418
-0.001361
-0.001251
-0.001133
-0.001026
-0.000878
-0.000662
-0.000481
-0.000423
-0.000445
-0.000515
-0.000656
-0.000749
-0.000487
0.000252
0.001071
0.001358
0.001021
0.000627
0.000728
0.001256
0.001740
0.001907
0.001794
0.001429
0.000881
0.000544
0.000790
0.001312
0.001325
0.000593
-0.000218
-0.000465
-0.000284
-0.000151
-0.000217
-0.000427
-0.000818
-0.001330
-0.001654
-0.001567
-0.001269
-0.001183
-0.001420
-0.001681
-0.001719
-0.001565
-0.001309
-0.001015
-0.000770
-0.000639
-0.000595
-0.000505
-0.000229
0.000259
0.000869
0.001414
0.001689
0.001678
0.001657
0.001905
0.002292
0.002374
0.001981
0.001421
0.001026
0.000818
0.000693
0.000585
0.000385
-0.000063
-0.000716
-0.001167
-0.001077
-0.000736
-0.000720
-0.001093
-0.001424
-0.001444
-0.001286
-0.001155
-0.001033
-0.000826
-0.000656
-0.000696
-0.000832
-0.000796
-0.000519
-0.000195
-0.000029
0.000000
0.000067
0.000264
0.000552
0.000851
0.001078
0.001167
0.001135
0.001077
0.001076
0.001113
0.001082
0.000907
0.000598
0.000241
-0.000054
-0.000201
-0.000215
-0.000217
-0.000326
-0.000513
-0.000619
-0.000568
-0.000462
-0.000414
-0.000445
-0.000525
-0.000579
-0.000515
-0.000354
-0.000223
-0.000178
-0.000182
-0.000274
-0.000499
-0.000773
-0.001037
-0.001291
-0.001329
-0.000822
0.000233
0.001297
0.001640
0.001120
0.000451
0.000429
0.001061
0.001724
0.001919
0.001590
0.000971
0.000465
0.000441
0.000847
0.001127
0.000805
0.000090
-0.000359
-0.000254
0.000053
0.000132
-0.000111
-0.000601
-0.001182
-0.001482
-0.001266
-0.000893
-0.000879
-0.001207
-0.001494
-0.001531
-0.001395
-0.001236
-0.001094
-0.000967
-0.000913
-0.000923
-0.000784
-0.000280
0.000465
0.000993
0.001039
0.000913
0.001070
0.001513
0.001890
0.001982
0.001846
0.001602
0.001341
0.001192
0.001196
0.001173
0.000883
0.000348
-0.000119
-0.000280
-0.000248
-0.000287
-0.000491
-0.000786
-0.001080
-0.001276
-0.001318
-0.001271
-0.001246
-0.001267
-0.001296
-0.001312
-0.001298
-0.001205
-0.000973
-0.000628
-0.000318
-0.000159
-0.000043
0.000223
0.000608
0.000912
0.001061
0.001114
0.001094
0.001026
0.000984
0.001003
0.001020
0.000948
0.000793
0.000615
0.000447
0.000317
0.000229
0.000117
-0.000055
-0.000230
-0.000322
-0.000320
-0.000296
-0.000300
-0.000346
-0.000452
-0.000584
-0.000645
-0.000594
-0.000485
-0.000403
-0.000385
-0.000400
-0.000434
-0.000518
-0.000720
-0.001067
-0.001361
-0.001272
-0.000718
-0.000069
0.000244
0.000254
0.000347
0.000735
0.001242
0.001550
0.001523
0.001292
0.001086
0.001054
0.001185
0.001321
0.001257
0.000912
0.000449
0.000172
0.000185
0.000230
0.000040
-0.000326
-0.000647
-0.000776
-0.000724
-0.000666
-0.000753
-0.000952
-0.001132
-0.001183
-0.001082
-0.000958
-0.000944
-0.000974
-0.000914
-0.000763
-0.000610
-0.000529
-0.000502
-0.000339
0.000136
0.000743
0.001069
0.001020
0.000932
0.001047
0.001209
0.001218
0.001102
0.000913
0.000656
0.000457
0.000452
0.000503
0.000334
-0.000065
-0.000386
-0.000438
-0.000395
-0.000452
-0.000535
-0.000537
-0.000532
-0.000584
-0.000578
-0.000446
-0.000361
-0.000477
-0.000631
-0.000575
-0.000377
-0.000298
-0.000328
-0.000230
-0.000025
0.000055
0.000017
0.000055
0.000218
0.000397
0.000534
0.000697
0.000865
0.000862
0.000657
0.000452
0.000394
0.000417
0.000343
0.000111
-0.000130
-0.000240
-0.000250
-0.000237
-0.000249
-0.000301
-0.000353
-0.000353
-0.000294
-0.000184
-0.000069
-0.000055
-0.000160
-0.000218
-0.000110
0.000054
0.000113
0.000071
0.000024
-0.000002
-0.000063
-0.000258
-0.000596
-0.000874
-0.000855
-0.000575
-0.000386
-0.000517
-0.000582
0.000046
0.001175
0.001707
0.001083
0.000180
0.000120
0.000793
0.001297
0.001267
0.000980
0.000554
0.000022
-0.000115
0.000457
0.000984
0.000541
-0.000448
-0.000788
-0.000331
0.000021
-0.000141
-0.000423
-0.000636
-0.000949
-0.001175
-0.000941
-0.000512
-0.000507
-0.000881
-0.001009
-0.000694
-0.000393
-0.000421
-0.000512
-0.000345
-0.000043
0.000155
0.000341
0.000662
0.000953
0.001090
0.001249
0.001425
0.001311
0.000896
0.000559
0.000480
0.000457
0.000274
-0.000055
-0.000371
-0.000565
-0.000644
-0.000677
-0.000701
-0.000726
-0.000752
-0.000744
-0.000665
-0.000552
-0.000493
-0.000530
-0.000612
-0.000600
-0.000418
-0.000143
0.000108
0.000275
0.000352
0.000422
0.000536
0.000615
0.000624
0.000646
0.000710
0.000752
0.000724
0.000650
0.000570
0.000453
0.000249
0.000036
-0.000061
-0.000082
-0.000173
-0.000332
-0.000412
-0.000375
-0.000330
-0.000319
-0.000306
-0.000299
-0.000307
-0.000262
-0.000160
-0.000110
-0.000169
-0.000245
-0.000226
-0.000144
-0.000132
-0.000206
-0.000234
-0.000159
-0.000053
0.000030
0.000087
0.000127
0.000159
0.000140
0.000011
-0.000187
-0.000295
-0.000203
-0.000010
0.000112
0.000150
0.000193
0.000253
0.000302
0.000361
0.000420
0.000379
0.000246
0.000229
0.000413
0.000553
0.000449
0.000279
0.000232
0.000193
0.000129
0.000242
0.000450
0.000364
0.000004
-0.000188
-0.000121
-0.000137
-0.000362
-0.000570
-0.000650
-0.000709
-0.000749
-0.000637
-0.000455
-0.000459
-0.000624
-0.000629
-0.000374
-0.000125
-0.000061
-0.000063
-0.000010
0.000042
0.000069
0.000161
0.000337
0.000512
0.000635
0.000673
0.000630
0.000582
0.000574
0.000548
0.000456
0.000302
0.000088
-0.000142
-0.000286
-0.000321
-0.000343
-0.000398
-0.000434
-0.000399
-0.000319
-0.000258
-0.000204
-0.000111
-0.000049
-0.000102
-0.000177
-0.000135
-0.000028
0.000009
-0.000010
0.000008
0.000038
0.000000
-0.000064
-0.000042
0.000066
0.000164
0.000216
0.000286
0.000427
0.000560
0.000473
0.000125
-0.000210
-0.000303
-0.000222
-0.000180
-0.000273
-0.000337
-0.000165
0.000136
0.000293
0.000257
0.000189
0.000181
0.000189
0.000161
0.000112
0.000081
0.000060
-0.000016
-0.000157
-0.000264
-0.000274
-0.000236
-0.000221
-0.000256
-0.000308
-0.000294
-0.000176
-0.000026
0.000038
-0.000009
-0.000040
0.000015
0.000030
-0.000120
-0.000297
-0.000233
0.000075
0.000305
0.000255
0.000119
0.000164
0.000332
0.000394
0.000354
0.000383
0.000430
0.000362
0.000307
0.000391
0.000417
0.000191
-0.000113
-0.000211
-0.000112
-0.000039
-0.000074
-0.000134
-0.000230
-0.000410
-0.000527
-0.000439
-0.000289
-0.000287
-0.000375
-0.000360
-0.000250
-0.000188
-0.000171
-0.000091
-0.000003
-0.000041
-0.000144
-0.000147
-0.000061
-0.000001
0.000047
0.000194
0.000391
0.000454
0.000377
0.000361
0.000465
0.000536
0.000519
0.000497
0.000430
0.000215
-0.000021
-0.000083
-0.000067
-0.000191
-0.000408
-0.000499
-0.000445
-0.000395
-0.000378
-0.000340
-0.000334
-0.000391
-0.000372
-0.000195
-0.000001
0.000062
0.000025
-0.000017
-0.000034
-0.000059
-0.000092
-0.000087
-0.000016
0.000110
0.000226
0.000241
0.000176
0.000160
0.000213
0.000227
0.000215
0.000297
0.000413
0.000375
0.000210
0.000115
0.000123
0.000098
-0.000005
-0.000080
-0.000064
-0.000024
-0.000028
-0.000066
-0.000120
-0.000186
-0.000209
-0.000156
-0.000098
-0.000108
-0.000154
-0.000163
-0.000129
-0.000119
-0.000191
-0.000281
-0.000250
-0.000085
0.000062
0.000100
0.000077
0.000052
0.000028
0.000024
0.000083
0.000152
0.000101
-0.000039
-0.000077
-0.000005
-0.000020
-0.000085
0.000074
0.000416
0.000565
0.000403
0.000170
0.000018
-0.000091
-0.000140
-0.000101
-0.000061
-0.000087
-0.000105
-0.000059
-0.000034
-0.000078
-0.000096
-0.000043
-0.000019
-0.000071
-0.000089
-0.000010
0.000069
0.000043
-0.000054
-0.000097
-0.000037
0.000053
0.000117
0.000164
0.000187
0.000180
0.000143
0.000082
0.000035
0.000017
-0.000016
-0.000058
-0.000059
-0.000044
-0.000074
-0.000137
-0.000214
-0.000310
-0.000375
-0.000342
-0.000234
-0.000144
-0.000115
-0.000069
0.000065
0.000202
0.000236
0.000212
0.000198
0.000204
0.000211
0.000198
0.000195
0.000225
0.000197
0.000061
-0.000072
-0.000089
-0.000011
0.000064
0.000076
0.000025
-0.000041
-0.000076
-0.000072
-0.000062
-0.000097
-0.000198
-0.000294
-0.000297
-0.000214
-0.000132
-0.000107
-0.000102
-0.000060
-0.000000
0.000027
0.000028
0.000056
0.000147
0.000243
0.000229
0.000110
0.000029
0.000052
0.000111
0.000135
0.000138
0.000154
0.000161
0.000125
0.000069
0.000047
0.000063
0.000041
-0.000079
-0.000232
-0.000298
-0.000283
-0.000283
-0.000299
-0.000250
-0.000130
-0.000026
0.000013
0.000026
0.000054
0.000086
0.000082
0.000049
0.000029
0.000030
0.000030
0.000016
0.000012
0.000035
0.000050
0.000047
0.000069
0.000116
0.000154
0.000183
0.000215
0.000234
0.000208
0.000104
-0.000055
-0.000153
-0.000131
-0.000097
-0.000099
-0.000059
-0.000000
-0.000011
-0.000049
-0.000034
-0.000017
-0.000073
-0.000148
-0.000170
-0.000170
-0.000147
-0.000051
0.000046
0.000041
-0.000005
0.000011
0.000064
0.000088
0.000079
0.000074
0.000132
0.000265
0.000304
0.000070
-0.000291
-0.000460
-0.000359
-0.000184
-0.000118
-0.000147
-0.000124
0.000028
0.000230
0.000369
0.000421
0.000412
0.000338
0.000216
0.000125
0.000091
0.000049
-0.000026
-0.000078
-0.000083
-0.000100
-0.000161
-0.000183
-0.000122
-0.000068
-0.000066
-0.000065
-0.000054
-0.000071
-0.000114
-0.000144
-0.000150
-0.000143
-0.000149
-0.000184
-0.000150
0.000030
0.000201
0.000213
0.000164
0.000166
0.000161
0.000079
-0.000037
-0.000080
-0.000025
0.000022
-0.000028
-0.000121
-0.000147
-0.000094
-0.000052
-0.000060
-0.000062
-0.000018
0.000028
0.000037
0.000037
0.000042
0.000023
-0.000012
0.000001
0.000076
0.000140
0.000113
0.000013
-0.000051
-0.000005
0.000075
0.000097
0.000078
0.000053
0.000030
0.000045
0.000082
0.000044
-0.000081
-0.000168
-0.000157
-0.000097
-0.000027
0.000035
0.000082
0.000137
0.000194
0.000190
0.000084
-0.000059
-0.000154
-0.000208
-0.000243
-0.000203
-0.000105
-0.000087
-0.000171
-0.000231
-0.000190
-0.000084
0.000007
0.000045
0.000055
0.000079
0.000128
0.000195
0.000263
0.000300
0.000293
0.000260
0.000199
0.000111
0.000059
0.000028
-0.000086
-0.000215
-0.000201
-0.000100
-0.000054
-0.000057
-0.000054
-0.000044
-0.000039
-0.000039
-0.000025
0.000025
0.000091
0.000123
0.000089
0.000004
-0.000051
-0.000027
0.000008
-0.000010
-0.000034
-0.000019
0.000010
0.000042
0.000070
0.000059
0.000011
-0.000060
-0.000149
-0.000206
-0.000190
-0.000149
-0.000114
-0.000062
-0.000002
0.000051
0.000119
0.000148
0.000070
-0.000048
-0.000108
-0.000090
-0.000025
0.000034
0.000046
-0.000020
-0.000091
0.000014
0.000303
0.000526
0.000515
0.000361
0.000213
0.000101
0.000011
-0.000040
-0.000086
-0.000203
-0.000357
-0.000402
-0.000320
-0.000263
-0.000276
-0.000261
-0.000193
-0.000126
-0.000099
-0.000109
-0.000080
0.000044
0.000161
0.000167
0.000117
0.000091
0.000087
0.000072
0.000040
0.000010
0.000000
0.000003
0.000006
0.000034
0.000114
0.000182
0.000148
0.000029
-0.000066
-0.000059
0.000021
0.000082
0.000087
0.000079
0.000078
0.000021
-0.000107
-0.000174
-0.000104
-0.000002
0.000023
0.000006
0.000028
0.000082
0.000076
0.000000
-0.000040
0.000025
0.000142
0.000165
0.000042
-0.000068
-0.000020
0.000077
0.000070
0.000005
-0.000003
0.000028
0.000001
-0.000105
-0.000224
-0.000263
-0.000181
-0.000058
0.000013
0.000054
0.000089
0.000065
-0.000011
-0.000051
-0.000046
-0.000082
-0.000167
-0.000171
-0.000031
0.000116
0.000124
0.000041
0.000000
0.000035
0.000102
0.000149
0.000121
0.000027
-0.000046
-0.000027
0.000044
0.000074
0.000037
-0.000020
-0.000058
-0.000045
0.000011
0.000050
0.000060
0.000074
0.000087
0.000083
0.000082
0.000082
0.000065
0.000026
-0.000044
-0.000130
-0.000188
-0.000176
-0.000092
0.000029
0.000095
0.000016
-0.000130
-0.000164
-0.000097
-0.000062
-0.000065
-0.000051
-0.000041
-0.000042
-0.000010
0.000053
0.000083
0.000074
0.000078
0.000094
0.000064
-0.000001
-0.000031
-0.000011
0.000010
0.000039
0.000097
0.000108
0.000022
-0.000057
-0.000040
0.000006
-0.000019
-0.000081
-0.000060
0.000064
0.000157
0.000119
0.000007
-0.000086
-0.000141
-0.000136
-0.000014
0.000137
0.000072
-0.000228
-0.000456
-0.000424
-0.000259
-0.000130
-0.000078
-0.000049
0.000038
0.000180
0.000283
0.000318
0.000338
0.000366
0.000365
0.000319
0.000264
0.000222
0.000196
0.000178
0.000084
-0.000103
-0.000240
-0.000215
-0.000118
-0.000105
-0.000188
-0.000237
-0.000179
-0.000112
-0.000140
-0.000192
-0.000161
-0.000098
-0.000067
-0.000026
0.000024
0.000022
-0.000024
-0.000032
0.000046
0.000135
0.000122
0.000041
0.000020
0.000079
0.000118
0.000085
0.000025
0.000009
0.000074
0.000156
0.000147
0.000040
-0.000067
-0.000093
-0.000075
-0.000103
-0.000152
-0.000150
-0.000134
-0.000147
-0.000135
-0.000065
-0.000007
-0.000012
-0.000024
0.000012
0.000064
0.000068
0.000026
0.000013
0.000053
0.000086
0.000071
0.000036
0.000025
0.000037
0.000048
0.000045
0.000037
0.000038
0.000039
0.000019
0.000027
0.000107
0.000184
0.000155
0.000045
-0.000028
-0.000013
0.000007
-0.000050
-0.000133
-0.000143
-0.000095
-0.000059
-0.000050
-0.000072
-0.000127
-0.000172
-0.000164
-0.000111
-0.000045
-0.000001
0.000009
0.000008
0.000021
0.000046
0.000060
0.000051
0.000045
0.000072
0.000118
0.000171
0.000214
0.000189
0.000081
-0.000042
-0.000125
-0.000173
-0.000189
-0.000160
-0.000081
0.000019
0.000080
0.000095
0.000105
0.000116
0.000088
0.000024
-0.000006
-0.000009
-0.000076
-0.000190
-0.000220
-0.000113
0.000037
0.000107
0.000071
0.000003
-0.000002
0.000051
0.000080
0.000058
0.000038
0.000063
0.000110
0.000119
0.000066
-0.000003
-0.000012
0.000055
0.000087
-0.000016
-0.000163
-0.000197
-0.000156
-0.000187
-0.000290
-0.000285
-0.000041
0.000315
0.000495
0.000422
0.000286
0.000198
0.000085
-0.000039
-0.000091
-0.000119
-0.000183
-0.000216
-0.000190
-0.000193
-0.000258
-0.000292
-0.000222
-0.000074
0.000055
0.000088
0.000052
0.000036
0.000044
0.000035
0.000008
-0.000037
-0.000105
-0.000141
-0.000081
0.000050
0.000171
0.000242
0.000246
0.000174
0.000107
0.000115
0.000116
0.000050
-0.000010
-0.000027
-0.000051
-0.000079
-0.000062
-0.000004
0.000025
-0.000027
-0.000107
-0.000114
-0.000030
0.000061
0.000093
0.000089
0.000076
0.000038
0.000004
0.000020
0.000045
0.000016
-0.000032
-0.000017
0.000036
0.000046
0.000027
0.000024
-0.000004
-0.000082
-0.000139
-0.000130
-0.000097
-0.000075
-0.000040
-0.000004
-0.000014
-0.000044
-0.000027
0.000032
0.000081
0.000094
0.000099
0.000087
0.000014
-0.000066
-0.000081
-0.000100
-0.000170
-0.000148
0.000009
0.000095
0.000019
-0.000044
0.000016
0.000110
0.000134
0.000073
-0.000008
0.000002
0.000100
0.000144
0.000110
0.000104
0.000104
0.000007
-0.000128
-0.000144
-0.000051
-0.000003
-0.000061
-0.000134
-0.000154
-0.000135
-0.000067
0.000047
0.000123
0.000117
0.000096
0.000090
0.000069
0.000052
0.000079
0.000099
0.000037
-0.000077
-0.000154
-0.000185
-0.000202
-0.000173
-0.000076
0.000022
0.000050
0.000022
-0.000008
-0.000002
0.000026
0.000041
0.000060
0.000099
0.000095
0.000037
0.000001
0.000012
0.000037
0.000067
0.000083
0.000024
-0.000089
-0.000136
-0.000091
-0.000056
-0.000071
-0.000081
-0.000049
-0.000016
-0.000019
-0.000009
0.000064
0.000122
0.000118
0.000165
0.000244
0.000126
-0.000180
-0.000372
-0.000313
-0.000191
-0.000187
-0.000270
-0.000309
-0.000216
-0.000010
0.000207
0.000354
0.000404
0.000401
0.000411
0.000403
0.000326
0.000228
0.000190
0.000197
0.000139
-0.000046
-0.000235
-0.000293
-0.000260
-0.000233
-0.000200
-0.000092
0.000033
0.000036
-0.000069
-0.000132
-0.000115
-0.000103
-0.000119
-0.000120
-0.000090
-0.000073
-0.000115
-0.000148
-0.000059
0.000089
0.000133
0.000069
0.000024
0.000068
0.000146
0.000169
0.000118
0.000046
0.000012
0.000042
0.000083
0.000042
-0.000072
-0.000144
-0.000148
-0.000134
-0.000091
-0.000002
0.000046
-0.000026
-0.000113
-0.000056
0.000099
0.000158
0.000052
-0.000080
-0.000090
-0.000003
0.000034
-0.000024
-0.000063
-0.000023
0.000012
0.000014
0.000059
0.000152
0.000184
0.000118
0.000061
0.000091
0.000148
0.000151
0.000063
-0.000077
-0.000128
-0.000041
0.000003
-0.000100
-0.000202
-0.000173
-0.000106
-0.000132
-0.000215
-0.000227
-0.000133
-0.000007
0.000072
0.000087
0.000085
0.000109
0.000121
0.000078
0.000028
0.000015
0.000013
0.000027
0.000089
0.000153
0.000166
0.000132
0.000047
-0.000054
-0.000082
-0.000026
0.000042
0.000081
0.000074
0.000016
-0.000041
-0.000032
0.000012
-0.000012
-0.000104
-0.000144
-0.000093
-0.000046
-0.000071
-0.000117
-0.000095
-0.000001
0.000068
0.000060
0.000032
0.000033
0.000034
0.000010
-0.000029
-0.000085
-0.000132
-0.000083
0.000050
0.000133
0.000135
0.000124
0.000112
0.000065
-0.000017
-0.000082
-0.000084
-0.000071
-0.000107
-0.000139
-0.000093
0.000006
0.000076
0.000078
0.000035
0.000028
0.000146
0.000333
0.000425
0.000376
0.000277
0.000168
0.000005
-0.000184
-0.000281
-0.000287
-0.000298
-0.000302
-0.000245
-0.000168
-0.000154
-0.000205
-0.000226
-0.000174
-0.000098
-0.000006
0.000128
0.000203
0.000116
-0.000037
-0.000104
-0.000098
-0.000078
-0.000036
0.000026
0.000087
0.000147
0.000196
0.000218
0.000207
0.000148
0.000065
0.000041
0.000074
0.000064
-0.000005
-0.000055
-0.000055
-0.000037
-0.000045
-0.000097
-0.000131
-0.000071
0.000028
0.000050
-0.000001
-0.000043
-0.000016
0.000065
0.000118
0.000098
0.000047
-0.000000
-0.000040
-0.000029
0.000064
0.000160
0.000154
0.000072
0.000023
0.000028
0.000038
0.000028
-0.000014
-0.000051
-0.000040
-0.000037
-0.000108
-0.000217
-0.000269
-0.000213
-0.000093
-0.000002
0.000003
-0.000040
-0.000041
-0.000010
-0.000001
-0.000005
-0.000016
-0.000032
-0.000013
0.000063
0.000146
0.000141
0.000043
-0.000031
-0.000016
0.000025
0.000052
0.000083
0.000092
0.000066
0.000074
0.000117
0.000100
0.000023
-0.000013
0.000009
0.000014
-0.000013
-0.000018
-0.000006
-0.000025
-0.000060
-0.000048
0.000004
0.000018
-0.000037
-0.000119
-0.000119
