5120
0.000014
0.000014
-0.000000
-0.000010
0.000046
0.000137
0.000200
0.000241
0.000262
0.000228
0.000166
0.000141
0.000106
-0.000030
-0.000191
-0.000225
-0.000152
-0.000083
-0.000016
0.000088
0.000156
0.000114
0.000037
0.000025
0.000057
0.000063
0.000034
0.000025
0.000053
0.000041
-0.000045
-0.000105
-0.000051
0.000048
0.000077
0.000041
0.000023
0.000040
0.000031
-0.000021
-0.000058
-0.000065
-0.000092
-0.000124
-0.000118
-0.000095
-0.000074
-0.000025
0.000022
0.000014
0.000004
0.000042
0.000059
0.000013
-0.000042
-0.000070
-0.000055
-0.000010
0.000004
-0.000018
0.000008
0.000077
0.000097
0.000046
-0.000005
0.000003
0.000065
0.000113
0.000072
-0.000027
-0.000073
-0.000031
0.000033
0.000055
0.000015
-0.000057
-0.000099
-0.000077
-0.000020
0.000012
0.000011
0.000018
0.000049
0.000089
0.000110
0.000065
-0.000038
-0.000113
-0.000111
-0.000069
-0.000039
-0.000025
-0.000007
0.000009
0.000024
0.000047
0.000043
-0.000001
-0.000026
-0.000044
-0.000102
-0.000134
-0.000072
0.000027
0.000092
0.000119
0.000120
0.000119
0.000137
0.000128
0.000035
-0.000083
-0.000134
-0.000120
-0.000087
-0.000050
-0.000027
-0.000023
-0.000005
0.000040
0.000072
0.000066
0.000044
0.000023
0.000002
-0.000018
-0.000036
-0.000043
-0.000025
-0.000013
-0.000045
-0.000086
-0.000067
0.000019
0.000100
0.000051
-0.000153
-0.000340
-0.000355
-0.000248
-0.000139
-0.000048
0.000023
0.000061
0.000103
0.000180
0.000248
0.000265
0.000272
0.000305
0.000322
0.000279
0.000206
0.000164
0.000166
0.000152
0.000079
-0.000015
-0.000090
-0.000143
-0.000143
-0.000064
0.000008
-0.000023
-0.000136
-0.000246
-0.000295
-0.000280
-0.000264
-0.000263
-0.000217
-0.000101
0.000047
0.000154
0.000175
0.000161
0.000173
0.000174
0.000158
0.000180
0.000189
0.000084
-0.000073
-0.000165
-0.000205
-0.000258
-0.000313
-0.000304
-0.000216
-0.000119
-0.000075
-0.000054
-0.000018
0.000020
0.000045
0.000070
0.000090
0.000104
0.000132
0.000164
0.000155
0.000117
0.000117
0.000153
0.000147
0.000077
0.000008
-0.000007
0.000009
0.000013
-0.000009
-0.000043
-0.000044
-0.000009
0.000005
-0.000020
-0.000037
-0.000032
-0.000023
-0.000019
-0.000023
-0.000036
-0.000039
-0.000030
-0.000044
-0.000082
-0.000089
-0.000040
0.000033
0.000080
0.000087
0.000063
0.000016
-0.000029
-0.000045
-0.000024
0.000013
0.000026
0.000007
-0.000012
-0.000007
0.000002
-0.000005
-0.000015
-0.000023
-0.000025
-0.000004
0.000009
-0.000004
-0.000011
-0.000018
-0.000044
-0.000057
-0.000049
-0.000031
0.000032
0.000122
0.000134
0.000050
-0.000040
-0.000077
-0.000051
0.000000
0.000017
0.000023
0.000066
0.000114
0.000105
0.000054
0.000029
0.000056
0.000082
0.000041
-0.000056
-0.000130
-0.000134
-0.000091
-0.000043
-0.000023
-0.000040
-0.000057
-0.000020
0.000038
0.000036
-0.000019
-0.000038
0.000006
0.000039
0.000011
-0.000035
-0.000039
0.000002
0.000062
0.000110
0.000097
-0.000006
-0.000124
-0.000107
0.000071
0.000251
0.000306
0.000275
0.000216
0.000121
0.000012
-0.000058
-0.000100
-0.000147
-0.000188
-0.000205
-0.000222
-0.000252
-0.000258
-0.000211
-0.000170
-0.000180
-0.000185
-0.000150
-0.000115
-0.000080
0.000003
0.000077
0.000064
0.000044
0.000124
0.000233
0.000257
0.000206
0.000142
0.000104
0.000120
0.000166
0.000164
0.000092
0.000005
-0.000076
-0.000164
-0.000200
-0.000103
0.000068
0.000142
0.000064
-0.000027
-0.000019
0.000037
0.000068
0.000062
0.000034
0.000013
0.000040
0.000082
0.000060
-0.000001
-0.000013
-0.000001
-0.000041
-0.000093
-0.000083
-0.000063
-0.000098
-0.000127
-0.000049
0.000066
0.000063
-0.000024
-0.000049
-0.000001
0.000037
0.000037
0.000018
-0.000014
-0.000044
-0.000054
-0.000069
-0.000106
-0.000121
-0.000086
-0.000018
0.000035
0.000050
0.000046
0.000048
0.000062
0.000088
0.000102
0.000088
0.000072
0.000065
0.000050
0.000014
-0.000025
-0.000038
-0.000024
-0.000012
-0.000009
-0.000003
-0.000014
-0.000050
-0.000069
-0.000029
0.000023
-0.000002
-0.000058
-0.000027
0.000058
0.000070
0.000018
-0.000013
-0.000011
-0.000004
0.000004
0.000030
0.000061
0.000046
-0.000015
-0.000052
-0.000048
-0.000059
-0.000112
-0.000178
-0.000184
-0.000078
0.000042
0.000069
0.000083
0.000166
0.000231
0.000182
0.000076
0.000013
0.000001
0.000004
0.000007
-0.000006
-0.000029
-0.000017
0.000017
-0.000001
-0.000058
-0.000072
-0.000044
-0.000041
-0.000059
-0.000057
-0.000067
-0.000122
-0.000141
-0.000073
-0.000009
0.000001
0.000027
0.000069
0.000070
0.000086
0.000141
0.000086
-0.000124
-0.000290
-0.000284
-0.000205
-0.000150
-0.000089
0.000007
0.000111
0.000185
0.000202
0.000174
0.000164
0.000217
0.000290
0.000289
0.000231
0.000196
0.000187
0.000154
0.000081
0.000002
-0.000038
-0.000052
-0.000103
-0.000174
-0.000167
-0.000095
-0.000098
-0.000194
-0.000218
-0.000127
-0.000093
-0.000183
-0.000230
-0.000154
-0.000071
-0.000020
0.000068
0.000171
0.000205
0.000160
0.000120
0.000156
0.000229
0.000228
0.000124
0.000025
-0.000011
-0.000078
-0.000220
-0.000327
-0.000336
-0.000296
-0.000248
-0.000200
-0.000149
-0.000109
-0.000101
-0.000100
-0.000058
0.000029
0.000111
0.000132
0.000104
0.000102
0.000166
0.000252
0.000275
0.000220
0.000145
0.000100
0.000098
0.000107
0.000075
0.000019
0.000018
0.000076
0.000115
0.000094
0.000039
-0.000006
-0.000043
-0.000098
-0.000155
-0.000189
-0.000217
-0.000222
-0.000152
-0.000065
-0.000074
-0.000137
-0.000136
-0.000085
-0.000033
0.000049
0.000140
0.000170
0.000150
0.000122
0.000088
0.000044
0.000013
0.000016
0.000010
-0.000043
-0.000081
-0.000046
0.000018
0.000057
0.000058
0.000027
-0.000017
-0.000044
-0.000041
-0.000027
-0.000027
-0.000043
-0.000065
-0.000074
-0.000051
-0.000007
0.000035
0.000039
-0.000023
-0.000094
-0.000061
0.000062
0.000165
0.000186
0.000126
0.000036
-0.000000
0.000041
0.000087
0.000067
0.000010
-0.000004
0.000024
0.000051
0.000062
0.000026
-0.000077
-0.000181
-0.000200
-0.000146
-0.000100
-0.000088
-0.000077
-0.000061
-0.000061
-0.000052
0.000015
0.000109
0.000146
0.000113
0.000082
0.000105
0.000135
0.000084
-0.000037
-0.000097
0.000004
0.000177
0.000242
0.000184
0.000126
0.000112
0.000086
0.000016
-0.000072
-0.000144
-0.000200
-0.000237
-0.000241
-0.000228
-0.000247
-0.000274
-0.000235
-0.000151
-0.000108
-0.000101
-0.000085
-0.000072
-0.000060
-0.000018
0.000022
0.000034
0.000089
0.000202
0.000255
0.000220
0.000217
0.000266
0.000270
0.000212
0.000143
0.000054
-0.000070
-0.000164
-0.000191
-0.000183
-0.000142
-0.000047
0.000069
0.000136
0.000129
0.000087
0.000054
0.000044
0.000045
0.000041
0.000014
-0.000035
-0.000068
-0.000038
0.000029
0.000039
-0.000024
-0.000071
-0.000052
-0.000016
-0.000012
-0.000049
-0.000104
-0.000130
-0.000086
0.000005
0.000062
0.000050
0.000027
0.000047
0.000086
0.000095
0.000041
-0.000056
-0.000098
-0.000041
0.000018
0.000003
-0.000031
-0.000032
-0.000037
-0.000065
-0.000075
-0.000041
0.000013
0.000049
0.000061
0.000051
0.000013
-0.000027
-0.000026
0.000011
0.000036
0.000025
0.000008
0.000026
0.000065
0.000076
0.000033
-0.000034
-0.000054
-0.000005
0.000051
0.000055
0.000036
0.000022
-0.000016
-0.000060
-0.000068
-0.000063
-0.000076
-0.000073
-0.000041
-0.000012
0.000024
0.000085
0.000120
0.000080
0.000007
-0.000029
-0.000032
-0.000066
-0.000153
-0.000195
-0.000108
0.000032
0.000097
0.000104
0.000131
0.000151
0.000126
0.000101
0.000074
0.000008
-0.000037
-0.000040
-0.000053
-0.000062
-0.000052
-0.000069
-0.000103
-0.000086
-0.000016
0.000031
0.000003
-0.000038
-0.000016
0.000044
0.000081
0.000073
0.000025
-0.000036
-0.000042
0.000020
0.000068
0.000047
-0.000000
-0.000064
-0.000205
-0.000354
-0.000367
-0.000267
-0.000175
-0.000114
-0.000037
0.000059
0.000152
0.000240
0.000296
0.000285
0.000258
0.000299
0.000351
0.000313
0.000222
0.000169
0.000160
0.000142
0.000068
-0.000043
-0.000116
-0.000126
-0.000125
-0.000134
-0.000128
-0.000125
-0.000155
-0.000185
-0.000163
-0.000115
-0.000110
-0.000166
-0.000225
-0.000213
-0.000109
0.000045
0.000164
0.000191
0.000162
0.000147
0.000157
0.000158
0.000143
0.000098
0.000002
-0.000078
-0.000091
-0.000120
-0.000211
-0.000275
-0.000282
-0.000271
-0.000218
-0.000124
-0.000053
-0.000011
0.000040
0.000084
0.000097
0.000111
0.000137
0.000133
0.000098
0.000090
0.000118
0.000126
0.000094
0.000071
0.000080
0.000097
0.000088
0.000025
-0.000050
-0.000061
-0.000004
0.000059
0.000078
0.000055
0.000039
0.000049
0.000062
0.000050
-0.000010
-0.000108
-0.000170
-0.000144
-0.000099
-0.000113
-0.000156
-0.000147
-0.000076
-0.000014
-0.000006
-0.000017
-0.000004
0.000034
0.000068
0.000085
0.000111
0.000139
0.000117
0.000052
0.000006
-0.000007
-0.000031
-0.000074
-0.000082
-0.000055
-0.000061
-0.000086
-0.000070
-0.000040
-0.000021
0.000019
0.000076
0.000103
0.000070
0.000006
-0.000018
0.000003
0.000023
0.000029
-0.000015
-0.000121
-0.000162
-0.000054
0.000084
0.000131
0.000129
0.000136
0.000129
0.000112
0.000122
0.000117
0.000039
-0.000052
-0.000066
-0.000029
-0.000029
-0.000071
-0.000106
-0.000122
-0.000131
-0.000132
-0.000122
-0.000097
-0.000060
-0.000019
0.000016
0.000026
0.000021
0.000022
0.000023
0.000021
0.000034
0.000075
0.000114
0.000083
-0.000031
-0.000087
0.000057
0.000285
0.000361
0.000286
0.000221
0.000196
0.000124
-0.000005
-0.000117
-0.000177
-0.000225
-0.000290
-0.000345
-0.000339
-0.000276
-0.000236
-0.000252
-0.000251
-0.000185
-0.000111
-0.000078
-0.000035
0.000058
0.000122
0.000079
0.000017
0.000061
0.000170
0.000231
0.000222
0.000205
0.000205
0.000193
0.000148
0.000081
0.000004
-0.000060
-0.000078
-0.000036
0.000033
0.000055
0.000015
0.000005
0.000059
0.000080
0.000026
-0.000020
-0.000016
-0.000030
-0.000094
-0.000129
-0.000077
-0.000003
0.000017
0.000013
0.000048
0.000096
0.000086
0.000024
-0.000014
-0.000012
-0.000039
-0.000097
-0.000079
0.000019
0.000061
-0.000001
-0.000069
-0.000061
-0.000010
0.000010
-0.000003
-0.000018
-0.000041
-0.000053
-0.000028
-0.000009
-0.000029
-0.000049
-0.000021
0.000032
0.000061
0.000054
0.000045
0.000048
0.000033
-0.000025
-0.000075
-0.000062
-0.000011
0.000019
0.000009
-0.000001
0.000025
0.000066
0.000097
0.000100
0.000041
-0.000028
-0.000022
0.000015
-0.000002
-0.000050
-0.000065
-0.000047
-0.000034
-0.000029
0.000002
0.000044
0.000044
0.000020
0.000035
0.000058
0.000009
-0.000069
-0.000063
0.000016
0.000049
0.000003
-0.000039
-0.000014
0.000008
-0.000070
-0.000170
-0.000124
0.000045
0.000156
0.000120
0.000016
-0.000027
0.000014
0.000040
-0.000002
-0.000049
-0.000025
0.000059
0.000107
0.000054
-0.000036
-0.000073
-0.000056
-0.000035
-0.000017
0.000010
0.000027
-0.000119
-0.000897
-0.002245
-0.002580
-0.001156
0.000112
0.000645
0.002626
0.005561
0.006192
0.004125
0.001503
-0.000370
-0.001763
-0.003815
-0.005661
-0.004811
-0.002464
-0.001562
-0.001115
0.000351
0.001495
0.001440
0.000552
-0.000380
-0.000347
-0.000338
-0.001458
-0.001442
0.000975
0.003343
0.004458
0.005136
0.005224
0.004219
0.001761
-0.001873
-0.004460
-0.004916
-0.004977
-0.004884
-0.003215
-0.000676
0.001139
0.001822
0.001520
0.001053
0.000893
0.000243
-0.000569
-0.000260
0.000649
0.001288
0.001951
0.002356
0.001949
0.000958
-0.000562
-0.002344
-0.003472
-0.003810
-0.003665
-0.002722
-0.001011
0.000860
0.002400
0.003055
0.002808
0.002396
0.001805
0.000635
-0.000335
-0.000401
-0.000104
0.000138
0.000413
0.000543
0.000392
-0.000022
-0.000689
-0.001343
-0.001942
-0.002577
-0.002546
-0.001491
-0.000274
0.000646
0.001421
0.001744
0.001484
0.000941
0.000425
0.000400
0.000684
0.000552
0.000361
0.000613
0.000663
0.000333
0.000120
-0.000079
-0.000324
-0.000492
-0.000841
-0.001195
-0.001155
-0.001003
-0.000927
-0.000767
-0.000513
-0.000066
0.000489
0.000838
0.001170
0.001487
0.001261
0.000729
0.000454
0.000106
-0.000590
-0.001173
-0.001341
-0.001205
-0.000926
-0.000543
0.000115
0.000864
0.000985
0.000425
0.000037
0.000124
0.000241
0.000341
0.000582
0.000731
0.000607
0.000231
-0.000317
-0.000731
-0.000899
-0.001001
-0.000936
-0.000696
-0.000577
-0.000424
-0.000006
0.000421
0.000751
0.000959
0.000867
0.000740
0.000832
0.000866
0.000806
0.000798
0.000654
0.000299
-0.000191
-0.000717
-0.000962
-0.000980
-0.001170
-0.001328
-0.001189
-0.001042
-0.000874
-0.000451
0.000019
0.000321
0.000150
-0.000874
-0.001846
-0.001271
0.000580
0.002397
0.003691
0.004460
0.004657
0.004025
0.002153
-0.000285
-0.001942
-0.002882
-0.003747
-0.004096
-0.003489
-0.002285
-0.001035
-0.000237
0.000066
0.000284
0.000458
0.000395
0.000221
0.000143
0.000416
0.001202
0.001930
0.001729
0.000674
-0.000286
-0.000695
-0.001041
-0.001565
-0.001642
-0.000993
-0.000377
-0.000210
0.000208
0.001068
0.001082
-0.000598
-0.002681
-0.003208
-0.001939
-0.000194
0.001317
0.003188
0.005457
0.006682
0.005930
0.004206
0.002775
0.001477
-0.000266
-0.001994
-0.002851
-0.002944
-0.003025
-0.003203
-0.003011
-0.002595
-0.002647
-0.003182
-0.003401
-0.002793
-0.001646
-0.000373
0.000990
0.002372
0.003325
0.003530
0.003239
0.002810
0.002139
0.001026
-0.000198
-0.000984
-0.001274
-0.001404
-0.001531
-0.001649
-0.001944
-0.002466
-0.002543
-0.001393
0.000753
0.002955
0.004665
0.005822
0.006187
0.005279
0.003139
0.000742
-0.001024
-0.002330
-0.003581
-0.004429
-0.004433
-0.003887
-0.003404
-0.003111
-0.002648
-0.001943
-0.001372
-0.000882
0.000100
0.001575
0.002846
0.003489
0.003611
0.003329
0.002600
0.001548
0.000543
-0.000209
-0.000767
-0.001061
-0.000966
-0.000680
-0.000545
-0.000562
-0.000398
0.000008
0.000162
-0.000178
-0.000479
-0.000388
-0.000224
-0.000218
-0.000443
-0.001384
-0.003970
-0.008682
-0.013784
-0.015216
-0.010144
-0.000113
0.010489
0.018470
0.023143
0.023996
0.019980
0.012207
0.004139
-0.001961
-0.006170
-0.008770
-0.009345
-0.007831
-0.005486
-0.004135
-0.004435
-0.005974
-0.008540
-0.011535
-0.012920
-0.010716
-0.005195
0.001534
0.007653
0.012174
0.014070
0.012671
0.008819
0.004261
0.000043
-0.003750
-0.006832
-0.008048
-0.006500
-0.003060
0.000297
0.002363
0.002961
0.002180
0.000490
-0.000968
-0.001033
0.000565
0.003143
0.005858
0.008115
0.009215
0.008395
0.005580
0.001564
-0.002875
-0.007463
-0.011549
-0.013661
-0.012973
-0.010651
-0.008691
-0.006952
-0.003284
0.001775
0.004928
0.006424
0.009252
0.012353
0.012459
0.009729
0.006736
0.005039
0.003467
0.000208
-0.002994
-0.004053
-0.005208
-0.007654
-0.008644
-0.007281
-0.005332
-0.003803
-0.002529
-0.000415
0.002426
0.003670
0.003321
0.003657
0.004011
0.002660
0.000525
-0.000980
-0.001455
-0.001363
-0.001789
-0.002204
-0.001238
0.000017
0.000149
0.000235
0.001325
0.002727
0.003373
0.002963
0.002398
0.002420
0.002167
0.001092
0.000063
-0.000783
-0.002051
-0.003250
-0.003803
-0.004772
-0.008058
-0.013887
-0.018967
-0.018566
-0.011150
0.000561
0.012574
0.022065
0.027559
0.028001
0.023087
0.014866
0.006749
0.000463
-0.004137
-0.007078
-0.007984
-0.007215
-0.006207
-0.006308
-0.007685
-0.010005
-0.013074
-0.015794
-0.015909
-0.011916
-0.004623
0.003599
0.010604
0.015017
0.015843
0.013094
0.008390
0.003605
-0.000615
-0.004308
-0.006907
-0.007309
-0.005215
-0.001950
0.000527
0.001284
0.000641
-0.000760
-0.002195
-0.002529
-0.000790
0.002789
0.006966
0.010526
0.012577
0.012335
0.009508
0.004793
-0.000582
-0.005977
-0.011317
-0.015626
-0.016809
-0.014131
-0.009517
-0.005136
-0.001716
0.000476
0.001604
0.002612
0.004033
0.005892
0.008101
0.009750
0.010080
0.009365
0.007576
0.004714
0.001597
-0.001589
-0.004836
-0.007088
-0.007820
-0.007286
-0.005492
-0.003109
-0.001088
0.000468
0.001245
0.000979
0.000461
0.000185
0.000079
0.000338
0.000550
0.000182
-0.000143
-0.000026
0.000052
-0.000096
-0.000469
-0.000979
-0.001030
-0.000331
0.000884
0.002435
0.003792
0.004267
0.003906
0.003087
0.001928
0.000673
-0.000204
-0.000829
-0.002121
-0.004266
-0.005760
-0.005686
-0.006263
-0.010613
-0.017426
-0.020453
-0.015213
-0.003781
0.008879
0.019901
0.027921
0.030949
0.027549
0.019353
0.010400
0.003284
-0.002222
-0.006313
-0.007993
-0.007532
-0.007052
-0.007838
-0.009231
-0.010732
-0.013137
-0.016262
-0.017425
-0.014098
-0.006802
0.001901
0.009764
0.015242
0.016963
0.014392
0.009016
0.003616
-0.000324
-0.003355
-0.005827
-0.006649
-0.005117
-0.002410
-0.000351
0.000285
-0.000335
-0.001796
-0.003221
-0.003200
-0.000828
0.003412
0.008161
0.012192
0.014565
0.014271
0.010778
0.004983
-0.001471
-0.007371
-0.011790
-0.014536
-0.015764
-0.013884
-0.008291
-0.003349
-0.002475
-0.002600
-0.000755
0.001389
0.002369
0.003503
0.006536
0.010586
0.011846
0.009310
0.006742
0.005243
0.002147
-0.002137
-0.004859
-0.005554
-0.005304
-0.004953
-0.004108
-0.001859
0.000146
-0.000201
-0.001239
-0.001121
-0.001033
-0.001446
-0.001144
0.000083
0.001382
0.001657
0.000638
-0.000139
0.000109
-0.000060
-0.001064
-0.001345
-0.000204
0.001488
0.002781
0.003661
0.004564
0.004787
0.003221
0.000841
-0.000463
-0.000633
-0.000651
-0.000923
-0.001577
-0.002662
-0.003941
-0.005273
-0.007471
-0.012175
-0.018773
-0.022272
-0.017736
-0.005746
0.008961
0.021842
0.030116
0.032464
0.028744
0.020391
0.010606
0.002606
-0.002448
-0.005035
-0.005819
-0.005505
-0.005337
-0.006644
-0.009617
-0.013288
-0.016825
-0.019509
-0.019614
-0.015277
-0.006655
0.003715
0.012494
0.017310
0.017488
0.013717
0.007731
0.001957
-0.001776
-0.003446
-0.004017
-0.003749
-0.002426
-0.000789
-0.000256
-0.001381
-0.003556
-0.005661
-0.006405
-0.004762
-0.000548
0.005457
0.011613
0.015910
0.017011
0.014737
0.009619
0.002416
-0.005569
-0.011632
-0.013079
-0.010840
-0.008520
-0.007085
-0.005029
-0.003049
-0.003353
-0.005621
-0.006910
-0.004976
-0.000833
0.003175
0.006986
0.010966
0.012787
0.010684
0.006515
0.002821
0.000125
-0.002114
-0.003616
-0.003117
-0.000813
0.000901
0.000818
-0.000021
-0.001161
-0.002990
-0.004853
-0.005439
-0.004243
-0.002100
-0.000355
0.000828
0.001966
0.002343
0.001032
-0.001007
-0.002007
-0.001506
-0.000256
0.001095
0.002560
0.004065
0.004948
0.004874
0.004161
0.002746
0.000416
-0.001899
-0.002677
-0.001853
-0.000935
-0.000790
-0.001003
-0.001716
-0.003625
-0.006061
-0.008418
-0.012376
-0.018238
-0.021014
-0.015059
-0.001348
0.013626
0.024619
0.030250
0.030476
0.025147
0.015792
0.006368
0.000356
-0.002186
-0.003255
-0.003661
-0.003401
-0.004010
-0.007372
-0.012592
-0.016965
-0.019372
-0.020037
-0.018005
-0.011714
-0.001887
0.008036
0.014486
0.016115
0.013734
0.008815
0.003038
-0.001259
-0.002286
-0.000890
0.000466
0.000801
0.000754
0.000206
-0.001789
-0.004931
-0.007506
-0.008135
-0.006462
-0.002515
0.003378
0.009911
0.014857
0.016373
0.014284
0.009719
0.003737
-0.002846
-0.008347
-0.010410
-0.008427
-0.004628
-0.001711
-0.000830
-0.002267
-0.005642
-0.009284
-0.011319
-0.010529
-0.006294
0.000252
0.006584
0.010991
0.012420
0.010321
0.006057
0.001789
-0.001109
-0.001738
-0.000425
0.001414
0.003141
0.004156
0.003231
0.000438
-0.003057
-0.006260
-0.007908
-0.007293
-0.005017
-0.001795
0.001313
0.002771
0.002421
0.001091
-0.000858
-0.002579
-0.002821
-0.001480
0.000782
0.003216
0.004939
0.005563
0.005120
0.003620
0.001705
0.000299
-0.000520
-0.000844
-0.000408
0.000351
0.000605
0.000281
-0.000752
-0.002945
-0.005365
-0.006164
-0.005080
-0.003998
-0.005795
-0.011801
-0.018380
-0.018917
-0.011090
0.001506
0.014541
0.024956
0.029784
0.027853
0.021490
0.014178
0.007794
0.002910
-0.000081
-0.001351
-0.002057
-0.003473
-0.006265
-0.010328
-0.014696
-0.018406
-0.020997
-0.021163
-0.016925
-0.008614
0.000762
0.008465
0.012948
0.013125
0.009474
0.004701
0.001561
0.000967
0.002268
0.003942
0.004459
0.003453
0.001421
-0.001509
-0.004991
-0.007694
-0.008662
-0.007891
-0.004982
0.000429
0.006848
0.011758
0.013817
0.012925
0.009517
0.004714
-0.000179
-0.004154
-0.005977
-0.005094
-0.002794
-0.000637
0.000220
-0.001754
-0.006219
-0.010243
-0.012066
-0.011524
-0.008163
-0.002724
0.002899
0.007397
0.009240
0.007805
0.005027
0.002529
0.000775
0.000916
0.002951
0.005125
0.006459
0.006286
0.004000
0.000627
-0.002788
-0.005977
-0.007641
-0.006980
-0.005083
-0.002764
-0.000576
0.000305
-0.000300
-0.001569
-0.002852
-0.003190
-0.001953
0.000165
0.002423
0.004515
0.005723
0.005516
0.004191
0.002355
0.000790
0.000110
0.000051
0.000215
0.000791
0.001464
0.001275
0.000098
-0.001486
-0.003297
-0.005107
-0.006227
-0.006015
-0.004227
-0.001616
-0.000578
-0.003914
-0.011558
-0.018420
-0.017729
-0.007880
0.006425
0.019491
0.027660
0.029078
0.024363
0.016533
0.008940
0.003733
0.001243
0.000352
-0.000058
-0.000709
-0.002597
-0.006512
-0.011900
-0.017117
-0.020711
-0.021823
-0.019417
-0.012763
-0.003453
0.004989
0.009889
0.010502
0.007575
0.003239
0.000122
-0.000134
0.002531
0.006451
0.008866
0.008051
0.004581
0.000042
-0.004393
-0.007621
-0.008543
-0.007057
-0.003940
0.000245
0.004912
0.008712
0.010257
0.009163
0.006064
0.001998
-0.001918
-0.003871
-0.002266
0.001324
0.003492
0.003695
0.002761
-0.000732
-0.007009
-0.012496
-0.013967
-0.011455
-0.007050
-0.002634
0.001493
0.004641
0.004685
0.002063
0.000177
0.000321
0.001468
0.003514
0.006598
0.009564
0.010521
0.008201
0.003670
-0.000630
-0.003890
-0.006192
-0.006538
-0.004672
-0.002280
-0.001040
-0.001428
-0.002779
-0.003986
-0.004771
-0.005062
-0.003817
-0.000694
0.002714
0.004817
0.005462
0.005121
0.004055
0.002462
0.001089
0.000872
0.001542
0.001879
0.001684
0.001867
0.002237
0.001238
-0.001289
-0.003386
-0.004158
-0.004730
-0.005280
-0.004558
-0.002464
-0.000434
-0.000110
-0.003229
-0.010784
-0.019969
-0.023382
-0.015136
0.001922
0.018648
0.028453
0.030183
0.025187
0.016285
0.007853
0.003634
0.004134
0.006409
0.007006
0.004975
0.000989
-0.004887
-0.012326
-0.019212
-0.023109
-0.023234
-0.019920
-0.013406
-0.004755
0.002919
0.006355
0.005211
0.001885
-0.000884
-0.001304
0.001296
0.006386
0.012022
0.014954
0.012616
0.005871
-0.001634
-0.006921
-0.009060
-0.008045
-0.004522
-0.000328
0.002532
0.003620
0.003764
0.003428
0.002539
0.001436
0.000861
0.001216
0.001977
0.001969
0.001468
0.002434
0.004247
0.003144
-0.001414
-0.005545
-0.007131
-0.007154
-0.006442
-0.005187
-0.003572
-0.002308
-0.002674
-0.003909
-0.003486
-0.001611
-0.000023
0.001980
0.005109
0.007916
0.009200
0.008769
0.007067
0.005165
0.003089
0.000539
-0.001037
-0.001056
-0.001286
-0.002492
-0.003850
-0.005028
-0.005903
-0.006401
-0.006554
-0.005481
-0.002859
-0.000306
0.001262
0.002554
0.003492
0.003511
0.003169
0.003276
0.003985
0.004721
0.004433
0.002981
0.001370
0.000172
-0.000654
-0.001041
-0.001205
-0.001503
-0.001908
-0.002476
-0.003110
-0.003244
-0.003043
-0.003216
-0.003291
-0.002687
-0.003518
-0.008970
-0.017271
-0.020422
-0.012486
0.002943
0.017116
0.024766
0.025274
0.019849
0.011481
0.005205
0.004866
0.009184
0.012721
0.011613
0.006537
-0.000322
-0.007781
-0.014507
-0.018538
-0.019068
-0.017221
-0.014335
-0.010425
-0.005487
-0.001524
-0.000793
-0.002611
-0.004138
-0.003415
-0.000262
0.004563
0.009832
0.013676
0.013734
0.009097
0.002259
-0.002800
-0.004298
-0.003004
-0.000235
0.002614
0.003731
0.002129
-0.000965
-0.003073
-0.002853
-0.000856
0.001664
0.003464
0.003306
0.001474
0.000603
0.002076
0.003316
0.001754
-0.001107
-0.002272
-0.001212
0.000210
0.000169
-0.001404
-0.003824
-0.006874
-0.009371
-0.009130
-0.006061
-0.002451
-0.000007
0.001087
0.001534
0.002180
0.003172
0.004433
0.006084
0.007426
0.007427
0.006370
0.005037
0.003420
0.001380
-0.000812
-0.002672
-0.003850
-0.004651
-0.005467
-0.005784
-0.005169
-0.004301
-0.003754
-0.003151
-0.001945
-0.000108
0.001850
0.003413
0.004541
0.005151
0.004775
0.003553
0.002412
0.001849
0.001618
0.001446
0.001206
0.000640
-0.000386
-0.001522
-0.002240
-0.002437
-0.002507
-0.002841
-0.003406
-0.003720
-0.003341
-0.002750
-0.004068
-0.009448
-0.016650
-0.018592
-0.010727
0.003469
0.016449
0.022933
0.021639
0.014717
0.006863
0.003171
0.005972
0.012558
0.016865
0.014734
0.006996
-0.002601
-0.010651
-0.015189
-0.015687
-0.013286
-0.010498
-0.009155
-0.008709
-0.007841
-0.006771
-0.006390
-0.006379
-0.005527
-0.002919
0.001372
0.006146
0.009863
0.011308
0.009588
0.005081
0.000403
-0.001460
0.000028
0.002967
0.005106
0.005100
0.002591
-0.001551
-0.005070
-0.005641
-0.002829
0.001554
0.004783
0.004772
0.001487
-0.002332
-0.003217
-0.000855
0.001869
0.003339
0.004368
0.004712
0.003118
0.000330
-0.002008
-0.003829
-0.005793
-0.007668
-0.008155
-0.006381
-0.003899
-0.002937
-0.003011
-0.002589
-0.001749
-0.000462
0.002133
0.005605
0.008312
0.008992
0.007511
0.005234
0.003646
0.002623
0.001746
0.001262
0.000659
-0.000974
-0.003357
-0.005520
-0.006646
-0.006387
-0.005310
-0.004011
-0.002364
-0.000660
0.000338
0.000785
0.001362
0.002168
0.003013
0.003710
0.004012
0.003797
0.002982
0.001779
0.000893
0.000421
-0.000362
-0.001221
-0.001051
-0.000112
0.000062
-0.001043
-0.002327
-0.002845
-0.003043
-0.003586
-0.004023
-0.004358
-0.006446
-0.010760
-0.013385
-0.009909
-0.000924
0.008780
0.014812
0.015661
0.012427
0.007763
0.004933
0.006370
0.011341
0.015450
0.014276
0.007596
-0.000901
-0.007491
-0.010677
-0.010525
-0.008171
-0.006058
-0.006358
-0.008671
-0.010676
-0.010804
-0.009286
-0.007088
-0.004752
-0.002264
0.000314
0.002579
0.004339
0.005622
0.005927
0.004740
0.002921
0.002191
0.003229
0.005017
0.005807
0.004547
0.001696
-0.001264
-0.002901
-0.002408
0.000060
0.003086
0.004525
0.003206
-0.000270
-0.004685
-0.007988
-0.006561
0.000378
0.007186
0.008499
0.005802
0.002613
-0.000471
-0.003146
-0.003940
-0.002354
-0.000228
-0.000745
-0.004287
-0.006964
-0.006741
-0.006042
-0.005814
-0.004166
-0.000984
0.002014
0.003892
0.004751
0.005307
0.005650
0.004887
0.003679
0.003820
0.004685
0.004367
0.002733
0.000470
-0.001994
-0.004059
-0.005294
-0.005281
-0.003821
-0.002322
-0.002288
-0.002818
-0.002491
-0.001586
-0.000551
0.000988
0.003005
0.004489
0.004231
0.002381
0.000779
0.000530
0.000809
0.001000
0.001448
0.001902
0.001606
0.000446
-0.001019
-0.001874
-0.001677
-0.001314
-0.001722
-0.002514
-0.003094
-0.003675
-0.004980
-0.007683
-0.010863
-0.011508
-0.007605
-0.000469
0.006944
0.011863
0.012447
0.009289
0.005553
0.004634
0.007795
0.013022
0.015982
0.013508
0.006304
-0.001943
-0.007405
-0.008361
-0.005817
-0.002612
-0.001763
-0.004515
-0.009163
-0.012488
-0.012571
-0.009744
-0.005748
-0.002658
-0.001507
-0.001564
-0.001479
-0.000532
0.001204
0.003024
0.004128
0.004387
0.004257
0.004130
0.004084
0.003907
0.003301
0.002212
0.001020
0.000393
0.000751
0.001759
0.002598
0.002575
0.001402
-0.000885
-0.003817
-0.005438
-0.003193
0.001637
0.004105
0.002910
0.001535
0.001228
0.000503
-0.000183
0.000404
0.001453
0.000867
-0.002519
-0.006297
-0.006680
-0.004704
-0.004019
-0.004172
-0.003172
-0.001849
-0.001008
0.000104
0.001838
0.003859
0.005047
0.004475
0.003602
0.003959
0.004308
0.003595
0.002509
0.001187
-0.000496
-0.001967
-0.002914
-0.003099
-0.002602
-0.002574
-0.003224
-0.003171
-0.002212
-0.001349
-0.000567
0.000564
0.001687
0.002169
0.001787
0.001259
0.001519
0.001955
0.001467
0.000670
0.000569
0.000753
0.000644
0.000544
0.000746
0.000872
0.000327
-0.000845
-0.001895
-0.002341
-0.002366
-0.002249
-0.002371
-0.003583
-0.006376
-0.009443
-0.010003
-0.006405
-0.000076
0.005785
0.008793
0.008417
0.005890
0.003598
0.003852
0.007350
0.011924
0.013530
0.010014
0.003415
-0.002255
-0.004486
-0.003343
-0.000607
0.001234
0.000064
-0.004251
-0.009080
-0.011052
-0.009254
-0.005702
-0.003048
-0.002585
-0.003821
-0.005177
-0.005180
-0.003243
0.000020
0.002870
0.003746
0.002835
0.001646
0.001361
0.002147
0.003426
0.004330
0.004266
0.003277
0.002021
0.001378
0.001720
0.002483
0.002676
0.001708
-0.000394
-0.002887
-0.004056
-0.002603
0.000092
0.001495
0.001660
0.002138
0.002445
0.001508
0.000516
0.000829
0.001212
-0.000381
-0.003395
-0.005020
-0.004324
-0.003595
-0.004135
-0.004317
-0.003247
-0.002150
-0.001488
-0.000256
0.001777
0.003312
0.003268
0.002438
0.002384
0.003043
0.003241
0.002816
0.002179
0.001199
-0.000073
-0.001024
-0.001228
-0.000900
-0.000776
-0.001263
-0.001763
-0.001669
-0.001323
-0.001090
-0.000593
0.000361
0.001175
0.001292
0.000955
0.000763
0.000787
0.000585
0.000111
-0.000105
0.000011
-0.000185
-0.000662
-0.000459
0.000510
0.001095
0.000739
-0.000008
-0.000738
-0.001483
-0.002037
-0.001932
-0.001147
-0.000810
-0.002419
-0.005613
-0.007812
-0.006899
-0.003257
0.001181
0.004854
0.006822
0.006298
0.003765
0.001958
0.003437
0.007291
0.009990
0.009140
0.005298
0.000789
-0.002237
-0.002699
-0.000698
0.002098
0.002835
-0.000006
-0.004545
-0.007363
-0.007061
-0.004931
-0.002952
-0.002356
-0.003441
-0.005374
-0.006333
-0.004956
-0.001828
0.000949
0.001794
0.000948
-0.000228
-0.000639
0.000091
0.001794
0.003642
0.004364
0.003426
0.001797
0.001018
0.001624
0.002890
0.003837
0.003836
0.002625
0.000548
-0.001749
-0.003757
-0.004249
-0.001893
0.001830
0.003583
0.002976
0.002293
0.001779
-0.000030
-0.001987
-0.001301
0.001016
0.000566
-0.003250
-0.005840
-0.004935
-0.003294
-0.002758
-0.001904
-0.000230
0.000435
-0.000510
-0.000753
0.001229
0.003189
0.002720
0.001210
0.000907
0.001289
0.001175
0.001014
0.001154
0.000766
-0.000491
-0.001608
-0.001538
-0.000629
-0.000243
-0.000724
-0.000892
-0.000210
0.000460
0.000732
0.001199
0.001978
0.002309
0.001735
0.000901
0.000560
0.000254
-0.000704
-0.001473
-0.000999
-0.000193
-0.000425
-0.001092
-0.000908
-0.000242
-0.000175
-0.000528
-0.000597
-0.000758
-0.001599
-0.002224
-0.001356
0.000257
0.000545
-0.001048
-0.003160
-0.004453
-0.004411
-0.002781
0.000244
0.003357
0.004745
0.003826
0.001968
0.001174
0.002262
0.004421
0.006054
0.005854
0.003734
0.001085
-0.000314
0.000222
0.001899
0.003121
0.002562
0.000212
-0.002530
-0.004089
-0.003970
-0.002843
-0.001935
-0.002259
-0.003741
-0.005159
-0.005316
-0.004092
-0.002269
-0.000785
-0.000273
-0.000743
-0.001418
-0.001331
-0.000262
0.001153
0.002133
0.002338
0.001967
0.001595
0.001781
0.002628
0.003617
0.003873
0.002831
0.000839
-0.000994
-0.001645
-0.000816
0.001039
0.002809
0.003074
0.001464
-0.000490
-0.001039
-0.000235
0.000615
0.000532
-0.000695
-0.002582
-0.003936
-0.003653
-0.001966
-0.000416
-0.000249
-0.001138
-0.001812
-0.001545
-0.000521
0.000711
0.001445
0.001146
0.000187
-0.000361
0.000037
0.000840
0.001209
0.000857
0.000080
-0.000642
-0.000913
-0.000640
-0.000122
0.000213
0.000193
0.000028
0.000068
0.000473
0.001093
0.001662
0.002018
0.002056
0.001671
0.000930
0.000142
-0.000358
-0.000458
-0.000316
-0.000236
-0.000444
-0.000895
-0.001261
-0.001262
-0.000974
-0.000662
-0.000530
-0.000673
-0.000888
-0.000753
-0.000271
0.000046
-0.000067
-0.000334
-0.000450
-0.000457
-0.000667
-0.001356
-0.002384
-0.003214
-0.003356
-0.002435
-0.000305
0.002141
0.003329
0.002991
0.002327
0.002069
0.002261
0.003215
0.004570
0.004710
0.003085
0.001347
0.000852
0.001214
0.001787
0.002260
0.001943
0.000427
-0.001485
-0.002654
-0.002842
-0.002588
-0.002534
-0.002973
-0.003657
-0.004094
-0.004019
-0.003413
-0.002442
-0.001629
-0.001462
-0.001680
-0.001643
-0.001226
-0.000658
-0.000037
0.000559
0.001078
0.001625
0.002263
0.003044
0.003968
0.004536
0.004221
0.003450
0.002868
0.002215
0.001274
0.000670
0.000640
0.000537
0.000069
-0.000418
-0.000827
-0.001335
-0.001788
-0.001870
-0.001729
-0.001865
-0.002314
-0.002587
-0.002446
-0.002034
-0.001433
-0.000805
-0.000553
-0.000732
-0.000783
-0.000331
0.000314
0.000740
0.000907
0.000858
0.000606
0.000410
0.000586
0.000961
0.001064
0.000838
0.000612
0.000542
0.000598
0.000784
0.001003
0.001020
0.000773
0.000466
0.000289
0.000257
0.000322
0.000396
0.000335
0.000071
-0.000282
-0.000549
-0.000689
-0.000798
-0.000879
-0.000836
-0.000749
-0.000757
-0.000770
-0.000662
-0.000485
-0.000266
0.000047
0.000306
0.000207
-0.000231
-0.000517
-0.000300
0.000164
0.000406
0.000193
-0.000553
-0.001641
-0.002357
-0.002108
-0.001230
-0.000457
-0.000061
-0.000040
-0.000186
0.000230
0.001593
0.003068
0.003672
0.003375
0.002585
0.001771
0.001595
0.002139
0.002542
0.002229
0.001482
0.000644
-0.000031
-0.000200
0.000010
-0.000048
-0.000664
-0.001578
-0.002457
-0.003024
-0.003120
-0.002973
-0.002927
-0.002957
-0.002909
-0.002811
-0.002615
-0.002137
-0.001411
-0.000705
-0.000191
0.000156
0.000461
0.000889
0.001550
0.002332
0.002959
0.003214
0.003082
0.002722
0.002337
0.002062
0.001934
0.001837
0.001539
0.000950
0.000309
-0.000074
-0.000181
-0.000252
-0.000480
-0.000830
-0.001157
-0.001403
-0.001532
-0.001530
-0.001589
-0.001875
-0.002142
-0.002041
-0.001636
-0.001217
-0.000873
-0.000591
-0.000428
-0.000324
-0.000102
0.000246
0.000554
0.000733
0.000847
0.000983
0.001095
0.001048
0.000841
0.000615
0.000472
0.000434
0.000476
0.000498
0.000459
0.000466
0.000588
0.000719
0.000730
0.000622
0.000454
0.000230
-0.000001
-0.000132
-0.000233
-0.000483
-0.000730
-0.000648
-0.000375
-0.000324
-0.000498
-0.000675
-0.000828
-0.000827
-0.000433
0.000148
0.000353
-0.000043
-0.000638
-0.000855
-0.000566
-0.000085
0.000299
0.000380
-0.000063
-0.000874
-0.001387
-0.001171
-0.000545
-0.000035
0.000206
0.000171
-0.000144
-0.000335
0.000133
0.001027
0.001642
0.001881
0.002033
0.001977
0.001592
0.001308
0.001475
0.001788
0.001829
0.001605
0.001255
0.000748
0.000133
-0.000332
-0.000545
-0.000769
-0.001235
-0.001793
-0.002194
-0.002406
-0.002475
-0.002436
-0.002425
-0.002500
-0.002450
-0.002091
-0.001517
-0.000902
-0.000340
0.000064
0.000234
0.000309
0.000585
0.001154
0.001739
0.002014
0.001974
0.001817
0.001689
0.001700
0.001880
0.001989
0.001762
0.001317
0.000925
0.000657
0.000472
0.000280
-0.000029
-0.000419
-0.000739
-0.000949
-0.001083
-0.001135
-0.001177
-0.001410
-0.001792
-0.001954
-0.001753
-0.001422
-0.001108
-0.000792
-0.000557
-0.000472
-0.000368
-0.000073
0.000269
0.000440
0.000525
0.000698
0.000883
0.000948
0.000958
0.000944
0.000780
0.000536
0.000460
0.000542
0.000576
0.000563
0.000608
0.000598
0.000381
0.000082
-0.000064
-0.000074
-0.000154
-0.000307
-0.000338
-0.000241
-0.000226
-0.000357
-0.000491
-0.000501
-0.000403
-0.000297
-0.000247
-0.000286
-0.000432
-0.000544
-0.000545
-0.000712
-0.001087
-0.001012
-0.000170
0.000773
0.001282
0.001410
0.000995
0.000071
-0.000461
-0.000133
0.000250
0.000067
-0.000334
-0.000626
-0.000801
-0.000620
0.000090
0.000887
0.001153
0.000829
0.000460
0.000458
0.000602
0.000607
0.000584
0.000560
0.000365
0.000189
0.000338
0.000595
0.000584
0.000392
0.000214
-0.000059
-0.000465
-0.000830
-0.001155
-0.001438
-0.001361
-0.000790
-0.000129
0.000221
0.000188
-0.000120
-0.000411
-0.000402
-0.000234
-0.000289
-0.000656
-0.001085
-0.001238
-0.000894
-0.000203
0.000391
0.000603
0.000535
0.000485
0.000630
0.000889
0.001053
0.001004
0.000780
0.000514
0.000385
0.000498
0.000708
0.000719
0.000414
0.000007
-0.000206
-0.000191
-0.000159
-0.000262
-0.000481
-0.000670
-0.000682
-0.000544
-0.000431
-0.000431
-0.000463
-0.000429
-0.000327
-0.000195
-0.000089
-0.000107
-0.000274
-0.000435
-0.000420
-0.000243
-0.000037
0.000115
0.000229
0.000333
0.000444
0.000562
0.000613
0.000481
0.000196
-0.000046
-0.000083
0.000045
0.000192
0.000290
0.000315
0.000253
0.000131
-0.000051
-0.000264
-0.000296
-0.000005
0.000390
0.000546
0.000325
-0.000159
-0.000558
-0.000499
-0.000081
0.000161
-0.000065
-0.000526
-0.000802
-0.000643
-0.000139
0.000348
0.000443
0.000082
-0.000332
-0.000337
0.000044
0.000434
0.000538
0.000250
-0.000279
-0.000633
-0.000526
-0.000140
0.000091
-0.000030
-0.000302
-0.000408
-0.000190
0.000321
0.000899
0.001160
0.000938
0.000567
0.000407
0.000421
0.000512
0.000644
0.000573
0.000157
-0.000249
-0.000287
-0.000106
0.000002
0.000001
-0.000072
-0.000235
-0.000418
-0.000501
-0.000476
-0.000448
-0.000472
-0.000485
-0.000461
-0.000461
-0.000463
-0.000400
-0.000385
-0.000526
-0.000648
-0.000547
-0.000313
-0.000115
0.000076
0.000301
0.000444
0.000465
0.000479
0.000544
0.000630
0.000745
0.000877
0.000899
0.000713
0.000446
0.000285
0.000247
0.000240
0.000204
0.000072
-0.000175
-0.000409
-0.000474
-0.000370
-0.000225
-0.000202
-0.000326
-0.000424
-0.000384
-0.000316
-0.000354
-0.000484
-0.000595
-0.000574
-0.000390
-0.000106
0.000168
0.000306
0.000246
0.000091
-0.000004
-0.000036
-0.000048
0.000032
0.000211
0.000335
0.000300
0.000159
-0.000012
-0.000150
-0.000176
-0.000098
-0.000031
-0.000040
-0.000088
-0.000092
0.000056
0.000330
0.000515
0.000445
0.000147
-0.000188
-0.000374
-0.000543
-0.000968
-0.001324
-0.000888
0.000274
0.001359
0.001860
0.001604
0.000645
-0.000196
0.000012
0.000875
0.001222
0.000707
-0.000185
-0.000984
-0.001298
-0.000875
-0.000136
0.000118
-0.000203
-0.000396
-0.000123
0.000126
-0.000002
-0.000271
-0.000562
-0.000929
-0.001011
-0.000533
-0.000004
0.000020
-0.000219
-0.000237
-0.000032
0.000240
0.000570
0.000747
0.000489
0.000078
0.000058
0.000350
0.000483
0.000455
0.000559
0.000751
0.000852
0.000883
0.000761
0.000280
-0.000340
-0.000564
-0.000317
-0.000063
-0.000057
-0.000137
-0.000212
-0.000312
-0.000342
-0.000273
-0.000329
-0.000622
-0.000864
-0.000773
-0.000501
-0.000327
-0.000261
-0.000221
-0.000206
-0.000144
0.000073
0.000282
0.000219
0.000009
-0.000031
0.000091
0.000184
0.000263
0.000423
0.000538
0.000479
0.000375
0.000362
0.000342
0.000246
0.000151
0.000084
0.000021
0.000002
0.000030
-0.000003
-0.000121
-0.000216
-0.000244
-0.000294
-0.000354
-0.000237
0.000075
0.000280
0.000205
0.000023
-0.000139
-0.000320
-0.000447
-0.000396
-0.000236
-0.000122
-0.000090
-0.000077
-0.000040
0.000012
0.000033
-0.000043
-0.000233
-0.000426
-0.000416
-0.000136
0.000189
0.000307
0.000243
0.000150
0.000083
0.000101
0.000260
0.000367
0.000227
0.000023
0.000040
0.000229
0.000363
0.000344
0.000201
-0.000027
-0.000241
-0.000263
-0.000065
0.000134
0.000164
0.000091
0.000034
0.000031
0.000060
0.000044
-0.000044
-0.000129
-0.000138
-0.000068
0.000031
0.000078
0.000034
-0.000031
-0.000016
0.000033
-0.000017
-0.000137
-0.000163
-0.000060
0.000059
0.000088
-0.000001
-0.000148
-0.000238
-0.000188
0.000008
0.000238
0.000293
0.000103
-0.000117
-0.000132
0.000056
0.000290
0.000419
0.000376
0.000196
0.000014
-0.000044
0.000019
0.000072
0.000003
-0.000149
-0.000235
-0.000186
-0.000099
-0.000082
-0.000119
-0.000173
-0.000237
-0.000276
-0.000238
-0.000138
-0.000075
-0.000096
-0.000128
-0.000122
-0.000105
-0.000055
0.000059
0.000159
0.000146
0.000053
-0.000012
-0.000008
0.000056
0.000164
0.000236
0.000193
0.000096
0.000056
0.000061
0.000060
0.000073
0.000118
0.000140
0.000093
0.000025
0.000001
-0.000024
-0.000128
-0.000248
-0.000262
-0.000190
-0.000120
-0.000047
0.000045
0.000077
-0.000028
-0.000208
-0.000301
-0.000219
-0.000043
0.000086
0.000083
-0.000002
-0.000019
0.000060
0.000120
0.000136
0.000130
0.000032
-0.000122
-0.000115
0.000091
0.000250
0.000218
0.000115
0.000086
0.000105
0.000086
0.000049
0.000036
-0.000009
-0.000061
-0.000017
0.000009
-0.000154
-0.000332
-0.000297
-0.000182
-0.000181
-0.000198
-0.000108
-0.000001
0.000041
0.000089
0.000176
0.000223
0.000224
0.000268
0.000350
0.000380
0.000334
0.000248
0.000136
0.000039
0.000048
0.000144
0.000187
0.000094
-0.000072
-0.000163
-0.000107
0.000009
0.000040
-0.000085
-0.000303
-0.000455
-0.000437
-0.000311
-0.000217
-0.000223
-0.000284
-0.000308
-0.000214
0.000003
0.000219
0.000311
0.000305
0.000289
0.000264
0.000180
0.000067
0.000018
0.000015
-0.000059
-0.000175
-0.000199
-0.000123
-0.000047
-0.000026
-0.000036
-0.000015
0.000018
-0.000029
-0.000119
-0.000107
0.000031
0.000164
0.000171
0.000060
-0.000049
-0.000070
-0.000001
0.000096
0.000130
0.000072
-0.000037
-0.000123
-0.000095
0.000055
0.000191
0.000169
0.000016
-0.000111
-0.000123
-0.000071
-0.000017
0.000035
0.000086
0.000099
0.000068
0.000035
0.000010
-0.000055
-0.000134
-0.000138
-0.000081
-0.000036
0.000011
0.000077
0.000076
-0.000013
-0.000084
-0.000069
-0.000013
0.000017
0.000012
0.000001
-0.000026
-0.000094
-0.000147
-0.000131
-0.000095
-0.000071
-0.000008
0.000085
0.000148
0.000173
0.000119
-0.000038
-0.000170
-0.000161
-0.000050
0.000074
0.000147
0.000146
0.000106
0.000073
0.000063
0.000082
0.000116
0.000099
0.000006
-0.000093
-0.000111
-0.000055
0.000017
0.000067
0.000068
0.000035
0.000031
0.000064
0.000060
-0.000005
-0.000078
-0.000109
-0.000078
-0.000000
0.000059
0.000067
0.000069
0.000073
0.000054
0.000041
0.000038
-0.000006
-0.000080
-0.000155
-0.000239
-0.000288
-0.000238
-0.000110
0.000027
0.000120
0.000131
0.000036
-0.000088
-0.000051
0.000184
0.000378
0.000379
0.000299
0.000226
0.000127
0.000028
-0.000014
-0.000040
-0.000125
-0.000276
-0.000412
-0.000422
-0.000322
-0.000228
-0.000188
-0.000173
-0.000141
-0.000070
0.000022
0.000087
0.000080
0.000011
-0.000035
0.000018
0.000119
0.000188
0.000234
0.000265
0.000235
0.000148
0.000058
-0.000017
-0.000063
-0.000051
-0.000009
0.000008
-0.000014
-0.000057
-0.000085
-0.000071
-0.000033
0.000010
0.000067
0.000153
0.000236
0.000236
0.000145
0.000055
0.000022
0.000001
-0.000049
-0.000106
-0.000124
-0.000089
-0.000044
-0.000059
-0.000136
-0.000188
-0.000159
-0.000060
0.000065
0.000163
0.000199
0.000166
0.000082
0.000007
-0.000026
-0.000058
-0.000116
-0.000160
-0.000145
-0.000088
-0.000062
-0.000114
-0.000174
-0.000144
-0.000055
0.000005
0.000030
0.000047
0.000052
0.000038
0.000021
0.000026
0.000051
0.000063
0.000071
0.000092
0.000113
0.000121
0.000122
0.000147
0.000190
0.000162
0.000048
-0.000017
0.000042
0.000117
0.000110
0.000041
-0.000068
-0.000209
-0.000278
-0.000198
-0.000107
-0.000163
-0.000260
-0.000222
-0.000107
-0.000060
-0.000054
-0.000015
0.000010
-0.000002
0.000036
0.000135
0.000199
0.000209
0.000210
0.000183
0.000104
0.000026
-0.000010
-0.000040
-0.000074
-0.000067
-0.000025
0.000001
0.000009
0.000032
0.000053
0.000047
0.000047
0.000048
-0.000015
-0.000120
-0.000165
-0.000124
-0.000037
0.000067
0.000134
0.000059
-0.000128
-0.000203
-0.000079
0.000058
0.000054
-0.000012
-0.000043
-0.000059
-0.000052
0.000029
0.000112
0.000115
0.000105
0.000076
-0.000081
-0.000273
-0.000301
-0.000202
-0.000142
-0.000128
-0.000053
0.000086
0.000179
0.000188
0.000194
0.000244
0.000278
0.000250
0.000201
0.000178
0.000178
0.000171
0.000123
0.000054
0.000021
0.000044
0.000084
0.000086
0.000021
-0.000100
-0.000207
-0.000230
-0.000195
-0.000205
-0.000259
-0.000252
-0.000190
-0.000196
-0.000259
-0.000238
-0.000091
0.000066
0.000137
0.000137
0.000126
0.000120
0.000100
0.000055
0.000013
0.000004
0.000032
0.000087
0.000116
0.000080
0.000028
0.000011
0.000002
-0.000038
-0.000087
-0.000104
-0.000091
-0.000080
-0.000095
-0.000125
-0.000121
-0.000072
-0.000032
-0.000018
0.000011
0.000041
0.000035
0.000040
0.000071
0.000058
0.000021
0.000044
0.000081
0.000048
-0.000013
-0.000017
0.000019
0.000043
0.000084
0.000165
0.000199
0.000128
0.000052
0.000063
0.000099
0.000076
0.000030
-0.000003
-0.000059
-0.000127
-0.000156
-0.000177
-0.000236
-0.000283
-0.000227
-0.000076
0.000059
0.000119
0.000114
0.000059
0.000009
0.000010
0.000006
-0.000042
-0.000060
-0.000002
0.000059
0.000071
0.000077
0.000082
0.000045
0.000028
0.000093
0.000138
0.000072
-0.000033
-0.000076
-0.000031
0.000056
0.000103
0.000066
-0.000017
-0.000080
-0.000125
-0.000180
-0.000209
-0.000162
-0.000085
-0.000046
-0.000041
-0.000015
0.000037
0.000051
0.000021
0.000056
0.000184
0.000273
0.000232
0.000104
-0.000044
-0.000135
-0.000109
-0.000026
0.000004
-0.000001
0.000030
0.000085
0.000120
0.000110
0.000059
-0.000016
-0.000095
-0.000132
-0.000094
-0.000041
-0.000032
-0.000023
0.000015
0.000009
-0.000092
-0.000238
-0.000293
-0.000149
0.000108
0.000275
0.000288
0.000250
0.000250
0.000271
0.000242
0.000111
-0.000064
-0.000160
-0.000176
-0.000222
-0.000286
-0.000262
-0.000208
-0.000241
-0.000296
-0.000256
-0.000161
-0.000105
-0.000081
-0.000022
0.000079
0.000154
0.000168
0.000156
0.000132
0.000078
0.000047
0.000108
0.000211
0.000255
0.000220
0.000125
-0.000014
-0.000113
-0.000106
-0.000066
-0.000066
-0.000075
-0.000061
-0.000018
0.000053
0.000131
0.000198
0.000222
0.000143
0.000001
-0.000079
-0.000050
0.000003
-0.000004
-0.000034
-0.000037
-0.000027
-0.000027
-0.000033
-0.000016
0.000023
0.000026
-0.000016
-0.000023
0.000020
0.000034
0.000014
0.000023
0.000053
0.000029
-0.000079
-0.000191
-0.000192
-0.000100
-0.000039
-0.000061
-0.000102
-0.000083
-0.000004
0.000058
0.000067
0.000075
0.000121
0.000147
0.000087
-0.000005
-0.000019
0.000039
0.000070
0.000034
-0.000021
-0.000043
-0.000047
-0.000092
-0.000148
-0.000123
-0.000030
0.000022
0.000009
0.000022
0.000108
0.000154
0.000070
-0.000019
0.000017
0.000076
0.000038
-0.000027
-0.000042
-0.000027
-0.000004
0.000017
0.000019
0.000002
-0.000028
-0.000060
-0.000070
-0.000053
-0.000043
-0.000048
-0.000038
-0.000017
0.000000
0.000028
0.000072
0.000085
0.000016
-0.000102
-0.000144
-0.000052
0.000070
0.000130
0.000153
0.000151
0.000096
0.000025
-0.000024
-0.000068
-0.000078
-0.000037
-0.000001
0.000007
0.000013
0.000002
-0.000040
-0.000066
-0.000047
-0.000026
-0.000047
-0.000079
-0.000091
-0.000119
-0.000172
-0.000179
-0.000099
0.000016
0.000120
0.000178
0.000128
-0.000006
-0.000093
-0.000100
-0.000098
-0.000086
-0.000038
0.000014
0.000051
0.000100
0.000156
0.000189
0.000217
0.000261
0.000281
0.000239
0.000170
0.000130
0.000102
0.000061
0.000044
0.000043
-0.000002
-0.000054
-0.000046
-0.000040
-0.000091
-0.000124
-0.000106
-0.000118
-0.000178
-0.000215
-0.000216
-0.000216
-0.000206
-0.000164
-0.000116
-0.000065
0.000031
0.000166
0.000264
0.000249
0.000149
0.000080
0.000072
0.000042
-0.000017
-0.000007
0.000080
0.000115
0.000010
-0.000144
-0.000222
-0.000239
-0.000267
-0.000296
-0.000276
-0.000217
-0.000133
-0.000003
0.000127
0.000171
0.000134
0.000085
0.000053
0.000048
0.000097
0.000169
0.000205
0.000208
0.000202
0.000163
0.000080
0.000002
-0.000019
0.000009
0.000048
0.000072
0.000073
0.000045
-0.000001
-0.000051
-0.000111
-0.000165
-0.000195
-0.000200
-0.000161
-0.000074
-0.000013
-0.000035
-0.000093
-0.000092
-0.000021
0.000035
0.000034
0.000030
0.000060
0.000103
0.000124
0.000113
0.000085
0.000069
0.000070
0.000049
0.000005
-0.000010
0.000008
0.000005
-0.000050
-0.000127
-0.000155
-0.000109
-0.000063
-0.000072
-0.000072
-0.000023
0.000010
0.000005
0.000018
0.000037
0.000017
-0.000001
0.000047
0.000121
0.000132
0.000090
0.000066
0.000046
-0.000036
-0.000120
-0.000101
-0.000015
0.000046
0.000064
0.000054
0.000029
0.000030
0.000066
0.000066
0.000016
-0.000019
-0.000018
-0.000014
-0.000007
-0.000000
-0.000028
-0.000083
-0.000107
-0.000079
-0.000050
-0.000057
-0.000056
-0.000014
0.000029
0.000036
0.000025
-0.000003
-0.000058
-0.000103
-0.000107
-0.000100
-0.000102
-0.000023
0.000197
0.000398
0.000416
0.000342
0.000301
0.000204
0.000012
-0.000097
-0.000065
-0.000053
-0.000139
-0.000234
-0.000281
-0.000294
-0.000274
-0.000232
-0.000208
-0.000209
-0.000176
-0.000097
-0.000042
-0.000037
-0.000030
-0.000001
0.000014
0.000019
0.000071
0.000169
0.000249
0.000285
0.000271
0.000206
0.000138
0.000109
0.000058
-0.000061
-0.000146
-0.000118
-0.000064
-0.000058
-0.000047
0.000016
0.000086
0.000110
0.000098
0.000098
0.000101
0.000068
0.000009
-0.000044
-0.000085
-0.000101
-0.000071
-0.000016
0.000013
-0.000004
-0.000019
0.000029
0.000110
0.000114
0.000018
-0.000072
-0.000081
-0.000045
-0.000014
0.000009
0.000015
0.000014
0.000021
0.000008
-0.000047
-0.000085
-0.000071
-0.000071
-0.000112
-0.000112
-0.000041
0.000011
-0.000002
-0.000023
-0.000004
0.000035
0.000044
0.000017
-0.000003
0.000015
0.000060
0.000098
0.000092
0.000035
-0.000026
-0.000037
-0.000009
0.000012
0.000012
0.000030
0.000066
0.000069
0.000037
0.000026
0.000066
0.000103
0.000052
-0.000070
-0.000143
-0.000126
-0.000094
-0.000083
-0.000065
-0.000043
-0.000030
-0.000017
0.000001
0.000022
0.000038
0.000038
0.000035
0.000048
0.000070
0.000059
-0.000006
-0.000054
-0.000032
0.000011
0.000010
-0.000053
-0.000120
-0.000085
0.000029
0.000093
0.000090
0.000102
0.000143
0.000127
0.000024
-0.000079
-0.000106
-0.000082
-0.000059
-0.000049
-0.000039
-0.000016
0.000012
0.000026
0.000024
0.000025
0.000016
-0.000047
-0.000136
-0.000144
-0.000061
0.000001
0.000018
0.000079
0.000196
0.000268
0.000223
0.000039
-0.000229
-0.000418
-0.000416
-0.000286
-0.000181
-0.000153
-0.000106
0.000008
0.000103
0.000128
0.000142
0.000199
0.000282
0.000342
0.000342
0.000301
0.000286
0.000308
0.000290
0.000189
0.000057
-0.000040
-0.000090
-0.000140
-0.000213
-0.000239
-0.000185
-0.000145
-0.000179
-0.000217
-0.000197
-0.000161
-0.000159
-0.000160
-0.000111
-0.000024
0.000049
0.000083
0.000103
0.000142
0.000195
0.000226
0.000186
0.000092
0.000012
-0.000039
-0.000071
-0.000077
-0.000083
-0.000125
-0.000170
-0.000182
-0.000169
-0.000141
-0.000114
-0.000114
-0.000116
-0.000086
-0.000036
0.000016
0.000063
0.000101
0.000127
0.000123
0.000075
0.000015
0.000015
0.000096
0.000158
0.000126
0.000056
0.000029
0.000049
0.000086
0.000120
0.000125
0.000100
0.000072
0.000049
0.000022
0.000003
0.000004
-0.000006
-0.000041
-0.000070
-0.000085
-0.000127
-0.000190
-0.000207
-0.000165
-0.000105
-0.000045
0.000010
0.000054
0.000090
0.000121
0.000124
0.000076
0.000007
-0.000015
0.000016
0.000038
0.000021
-0.000019
-0.000055
-0.000074
-0.000083
-0.000087
-0.000071
-0.000050
-0.000040
-0.000010
0.000046
0.000075
0.000055
0.000021
0.000014
0.000041
0.000060
0.000022
-0.000035
-0.000024
0.000039
0.000067
0.000038
0.000011
0.000018
0.000009
-0.000055
-0.000095
-0.000047
0.000018
0.000025
0.000006
0.000007
0.000027
0.000074
0.000117
0.000076
-0.000021
-0.000055
-0.000006
0.000050
0.000067
0.000025
-0.000070
-0.000147
-0.000135
-0.000068
-0.000025
-0.000023
-0.000015
0.000016
0.000018
-0.000043
-0.000114
-0.000115
-0.000047
0.000020
0.000035
0.000027
0.000084
0.000218
0.000334
0.000384
0.000375
0.000287
0.000135
-0.000002
-0.000097
-0.000208
-0.000323
-0.000328
-0.000220
-0.000140
-0.000141
-0.000165
-0.000188
-0.000220
-0.000233
-0.000199
-0.000134
-0.000069
-0.000027
-0.000030
-0.000067
-0.000062
0.000019
