4320
-0.000117
-0.000170
-0.000187
-0.000221
-0.000308
-0.000364
-0.000346
-0.000324
-0.000300
-0.000200
-0.000065
-0.000017
-0.000049
-0.000056
-0.000007
0.000059
0.000143
0.000247
0.000328
0.000381
0.000398
0.000322
0.000173
0.000063
0.000043
0.000038
-0.000045
-0.000188
-0.000272
-0.000256
-0.000219
-0.000176
-0.000077
0.000042
0.000106
0.000123
0.000142
0.000172
0.000172
0.000128
0.000097
0.000114
0.000138
0.000136
0.000112
0.000063
0.000007
-0.000023
-0.000031
-0.000055
-0.000107
-0.000148
-0.000163
-0.000170
-0.000149
-0.000083
-0.000028
-0.000031
-0.000066
-0.000088
-0.000069
-0.000009
0.000038
0.000026
-0.000013
-0.000027
-0.000010
0.000009
0.000014
0.000020
0.000033
0.000048
0.000057
0.000061
0.000079
0.000113
0.000136
0.000110
0.000055
0.000040
0.000051
-0.000007
-0.000107
-0.000119
-0.000034
-0.000000
-0.000086
-0.000185
-0.000184
-0.000107
-0.000045
-0.000028
-0.000017
0.000007
0.000048
0.000107
0.000149
0.000141
0.000104
0.000042
-0.000032
-0.000036
0.000034
0.000070
0.000032
-0.000015
-0.000009
0.000019
0.000014
-0.000005
0.000002
0.000012
-0.000021
-0.000093
-0.000131
-0.000089
-0.000022
0.000002
-0.000006
-0.000004
0.000014
0.000033
0.000017
-0.000030
-0.000037
0.000032
0.000098
0.000071
-0.000022
-0.000087
-0.000070
0.000015
0.000062
-0.000010
-0.000110
-0.000102
-0.000010
0.000057
0.000083
0.000091
0.000062
0.000018
0.000005
0.000003
-0.000025
-0.000049
-0.000008
0.000065
0.000023
-0.000166
-0.000310
-0.000297
-0.000222
-0.000169
-0.000108
-0.000022
0.000034
0.000056
0.000112
0.000190
0.000244
0.000310
0.000389
0.000375
0.000253
0.000157
0.000140
0.000116
0.000047
-0.000007
-0.000006
0.000028
0.000038
-0.000013
-0.000080
-0.000085
-0.000052
-0.000084
-0.000156
-0.000157
-0.000132
-0.000173
-0.000222
-0.000207
-0.000184
-0.000183
-0.000121
0.000023
0.000133
0.000143
0.000119
0.000115
0.000095
0.000055
0.000045
0.000057
0.000028
-0.000043
-0.000112
-0.000143
-0.000133
-0.000111
-0.000099
-0.000101
-0.000111
-0.000098
-0.000052
-0.000007
0.000016
0.000039
0.000073
0.000098
0.000097
0.000058
0.000004
0.000004
0.000065
0.000117
0.000123
0.000112
0.000114
0.000120
0.000091
0.000017
-0.000060
-0.000082
-0.000015
0.000082
0.000129
0.000115
0.000060
-0.000020
-0.000088
-0.000112
-0.000115
-0.000130
-0.000141
-0.000126
-0.000085
-0.000020
0.000032
0.000027
-0.000016
-0.000060
-0.000086
-0.000073
-0.000051
-0.000077
-0.000126
-0.000092
0.000048
0.000177
0.000187
0.000132
0.000116
0.000123
0.000112
0.000112
0.000117
0.000047
-0.000065
-0.000065
0.000026
0.000017
-0.000107
-0.000163
-0.000112
-0.000069
-0.000057
-0.000022
0.000024
0.000036
0.000031
0.000052
0.000083
0.000073
0.000024
-0.000015
-0.000024
-0.000011
-0.000000
-0.000017
-0.000034
-0.000021
-0.000017
-0.000039
-0.000032
0.000012
0.000008
-0.000056
-0.000080
-0.000017
0.000054
0.000064
0.000032
0.000013
0.000032
0.000059
0.000053
0.000015
-0.000018
-0.000011
0.000033
0.000069
0.000060
0.000012
-0.000045
-0.000080
-0.000109
-0.000157
-0.000142
0.000045
0.000282
0.000347
0.000272
0.000226
0.000206
0.000119
-0.000015
-0.000102
-0.000114
-0.000127
-0.000214
-0.000309
-0.000313
-0.000287
-0.000321
-0.000343
-0.000270
-0.000142
-0.000046
-0.000022
-0.000024
0.000021
0.000086
0.000107
0.000119
0.000172
0.000227
0.000241
0.000219
0.000166
0.000099
0.000049
0.000033
0.000011
-0.000066
-0.000145
-0.000139
-0.000072
-0.000021
0.000008
0.000040
0.000069
0.000088
0.000114
0.000146
0.000119
0.000028
-0.000031
-0.000016
0.000031
0.000077
0.000102
0.000088
0.000058
0.000040
0.000019
-0.000017
-0.000029
-0.000013
-0.000028
-0.000077
-0.000088
-0.000061
-0.000060
-0.000097
-0.000131
-0.000133
-0.000107
-0.000075
-0.000048
-0.000013
0.000042
0.000078
0.000048
-0.000009
-0.000012
0.000044
0.000077
0.000044
-0.000003
-0.000037
-0.000079
-0.000090
-0.000022
0.000060
0.000058
0.000014
0.000029
0.000090
0.000113
0.000083
0.000047
0.000029
0.000026
0.000026
0.000006
-0.000037
-0.000068
-0.000084
-0.000122
-0.000174
-0.000155
-0.000037
0.000058
0.000040
-0.000015
-0.000013
0.000014
0.000023
0.000051
0.000110
0.000135
0.000108
0.000090
0.000104
0.000103
0.000065
0.000025
-0.000004
-0.000045
-0.000066
-0.000033
-0.000006
-0.000038
-0.000096
-0.000119
-0.000113
-0.000115
-0.000114
-0.000075
-0.000012
0.000028
0.000018
-0.000032
-0.000076
-0.000061
-0.000012
0.000017
0.000029
0.000040
0.000050
0.000070
0.000067
0.000016
-0.000009
0.000039
0.000089
0.000080
0.000037
0.000027
0.000070
0.000104
0.000060
-0.000015
0.000005
0.000099
0.000062
-0.000175
-0.000401
-0.000449
-0.000384
-0.000299
-0.000173
-0.000006
0.000101
0.000116
0.000115
0.000139
0.000184
0.000256
0.000320
0.000325
0.000272
0.000227
0.000238
0.000227
0.000108
-0.000029
-0.000052
0.000000
0.000008
-0.000040
-0.000070
-0.000038
0.000017
0.000001
-0.000089
-0.000147
-0.000165
-0.000227
-0.000280
-0.000229
-0.000153
-0.000153
-0.000153
-0.000044
0.000108
0.000182
0.000177
0.000149
0.000116
0.000101
0.000110
0.000078
-0.000027
-0.000114
-0.000130
-0.000138
-0.000180
-0.000224
-0.000224
-0.000170
-0.000114
-0.000106
-0.000098
-0.000032
0.000046
0.000066
0.000065
0.000125
0.000204
0.000199
0.000153
0.000140
0.000122
0.000080
0.000071
0.000101
0.000100
0.000029
-0.000044
-0.000039
0.000013
0.000027
-0.000007
-0.000032
-0.000023
0.000016
0.000061
0.000058
-0.000001
-0.000058
-0.000079
-0.000071
-0.000046
-0.000045
-0.000086
-0.000117
-0.000087
-0.000032
-0.000006
-0.000003
0.000017
0.000042
0.000018
-0.000042
-0.000076
-0.000069
-0.000036
0.000013
0.000057
0.000064
0.000049
0.000054
0.000066
0.000041
-0.000018
-0.000090
-0.000130
-0.000058
0.000091
0.000180
0.000178
0.000141
0.000069
-0.000020
-0.000055
-0.000003
0.000062
0.000046
-0.000030
-0.000075
-0.000084
-0.000104
-0.000112
-0.000091
-0.000083
-0.000081
-0.000041
0.000002
0.000002
0.000004
0.000062
0.000134
0.000145
0.000090
0.000024
-0.000013
-0.000044
-0.000090
-0.000091
-0.000016
0.000051
0.000033
-0.000022
-0.000019
0.000030
0.000040
0.000013
0.000003
0.000019
0.000052
0.000071
0.000028
-0.000044
-0.000079
-0.000116
-0.000199
-0.000179
0.000083
0.000392
0.000459
0.000325
0.000219
0.000196
0.000145
0.000013
-0.000133
-0.000219
-0.000244
-0.000241
-0.000256
-0.000307
-0.000341
-0.000293
-0.000201
-0.000147
-0.000105
-0.000028
0.000019
-0.000029
-0.000109
-0.000120
-0.000056
0.000025
0.000082
0.000133
0.000235
0.000334
0.000315
0.000198
0.000087
0.000027
0.000035
0.000082
0.000079
-0.000008
-0.000094
-0.000105
-0.000058
0.000003
0.000043
0.000032
-0.000015
-0.000037
-0.000020
0.000001
0.000031
0.000106
0.000189
0.000182
0.000088
0.000028
0.000044
0.000044
0.000002
-0.000002
-0.000006
-0.000218
-0.000650
-0.000842
-0.000444
0.000202
0.000646
0.000917
0.001091
0.001015
0.000578
-0.000081
-0.000605
-0.000851
-0.001051
-0.001187
-0.000976
-0.000524
-0.000136
0.000187
0.000530
0.000756
0.000686
0.000373
0.000077
-0.000044
-0.000135
-0.000461
-0.000959
-0.001025
-0.000217
0.001027
0.001912
0.002119
0.001773
0.001070
0.000052
-0.001089
-0.001720
-0.001597
-0.001282
-0.001102
-0.000799
-0.000251
0.000288
0.000541
0.000542
0.000453
0.000219
-0.000163
-0.000408
-0.000245
0.000281
0.000801
0.000979
0.000817
0.000460
0.000027
-0.000363
-0.000640
-0.000775
-0.000778
-0.000676
-0.000426
-0.000057
0.000282
0.000566
0.000807
0.000859
0.000591
0.000103
-0.000281
-0.000339
-0.000233
-0.000183
-0.000135
0.000002
0.000143
0.000168
0.000085
-0.000049
-0.000276
-0.000572
-0.000728
-0.000644
-0.000436
-0.000151
0.000210
0.000526
0.000662
0.000595
0.000397
0.000166
-0.000036
-0.000145
-0.000132
-0.000062
0.000022
0.000118
0.000138
0.000011
-0.000164
-0.000229
-0.000216
-0.000283
-0.000401
-0.000370
-0.000141
0.000123
0.000330
0.000526
0.000683
0.000645
0.000344
-0.000041
-0.000292
-0.000403
-0.000442
-0.000358
-0.000106
0.000182
0.000358
0.000445
0.000521
0.000522
0.000371
0.000154
-0.000009
-0.000101
-0.000151
-0.000204
-0.000280
-0.000351
-0.000439
-0.000556
-0.000579
-0.000460
-0.000348
-0.000298
-0.000204
-0.000063
0.000035
0.000095
0.000208
0.000383
0.000464
0.000380
0.000314
0.000326
0.000212
-0.000068
-0.000257
-0.000185
0.000005
0.000112
0.000170
0.000274
0.000293
0.000023
-0.000377
-0.000469
-0.000277
-0.000305
-0.000482
-0.000281
0.000161
0.000365
0.000362
0.000413
0.000563
0.000583
0.000310
0.000080
0.000075
-0.000090
-0.000391
-0.000356
-0.000043
0.000095
-0.000082
-0.000283
-0.000265
-0.000245
-0.000456
-0.000655
-0.000553
-0.000236
0.000092
0.000409
0.000756
0.000986
0.000919
0.000613
0.000220
-0.000183
-0.000530
-0.000739
-0.000743
-0.000572
-0.000352
-0.000147
0.000037
0.000131
0.000081
-0.000063
-0.000142
-0.000029
0.000154
0.000261
0.000364
0.000490
0.000520
0.000436
0.000334
0.000238
0.000069
-0.000177
-0.000373
-0.000463
-0.000501
-0.000464
-0.000275
0.000034
0.000335
0.000486
0.000416
0.000161
-0.000183
-0.000430
-0.000413
-0.000213
-0.000023
0.000089
0.000132
0.000150
0.000176
0.000114
-0.000009
0.000001
0.000051
-0.000061
-0.000188
-0.000217
-0.000229
-0.000171
-0.000049
0.000066
0.000173
0.000023
-0.000496
-0.000860
-0.000604
0.000096
0.000668
0.000520
-0.000650
-0.002617
-0.004255
-0.004086
-0.002023
0.000716
0.003431
0.005988
0.007820
0.008170
0.006849
0.004472
0.001831
-0.000823
-0.003367
-0.005201
-0.005769
-0.005248
-0.004159
-0.002776
-0.001544
-0.001178
-0.001699
-0.002317
-0.002364
-0.001699
-0.000572
0.000736
0.002159
0.003499
0.004357
0.004557
0.004030
0.002698
0.000792
-0.001213
-0.002827
-0.003630
-0.003556
-0.002812
-0.001559
-0.000093
0.001055
0.001549
0.001577
0.001582
0.001629
0.001440
0.001104
0.000988
0.001078
0.001118
0.001042
0.000907
0.000619
-0.000050
-0.001057
-0.002021
-0.002705
-0.003098
-0.003111
-0.002626
-0.001744
-0.000725
0.000226
0.001026
0.001584
0.001770
0.001564
0.001124
0.000688
0.000426
0.000329
0.000322
0.000450
0.000673
0.000744
0.000575
0.000335
0.000082
-0.000265
-0.000629
-0.000779
-0.000660
-0.000422
-0.000183
0.000012
0.000093
0.000013
-0.000183
-0.000403
-0.000602
-0.000744
-0.000761
-0.000668
-0.000509
-0.000213
0.000235
0.000673
0.000933
0.000950
0.000798
0.000683
0.000655
0.000556
0.000403
0.000319
0.000189
-0.000067
-0.000293
-0.000340
-0.000156
0.000014
-0.000279
-0.000930
-0.001270
-0.001084
-0.000819
-0.000670
-0.000303
0.000362
0.000883
0.000964
0.000884
0.001059
0.001099
-0.000348
-0.003839
-0.007486
-0.008481
-0.006185
-0.002069
0.002820
0.007957
0.011919
0.013223
0.011716
0.008306
0.004088
-0.000304
-0.004334
-0.006894
-0.007295
-0.006306
-0.004879
-0.003088
-0.001398
-0.001141
-0.002639
-0.004574
-0.005582
-0.005137
-0.003277
-0.000385
0.002960
0.006044
0.008091
0.008661
0.007757
0.005407
0.001846
-0.001976
-0.004860
-0.006214
-0.006129
-0.004941
-0.002999
-0.000816
0.000904
0.001674
0.001637
0.001344
0.001158
0.001166
0.001483
0.002204
0.003199
0.004118
0.004493
0.003962
0.002438
0.000121
-0.002495
-0.004752
-0.006086
-0.006235
-0.005342
-0.003830
-0.002130
-0.000560
0.000682
0.001487
0.001783
0.001648
0.001379
0.001277
0.001406
0.001630
0.001821
0.001902
0.001781
0.001377
0.000680
-0.000211
-0.001067
-0.001615
-0.001713
-0.001447
-0.000999
-0.000462
0.000107
0.000601
0.000918
0.000954
0.000634
0.000040
-0.000595
-0.001055
-0.001236
-0.001159
-0.000936
-0.000652
-0.000338
-0.000061
0.000090
0.000105
0.000122
0.000305
0.000602
0.000868
0.001171
0.001555
0.001713
0.001297
0.000398
-0.000421
-0.000758
-0.000881
-0.001060
-0.000908
-0.000099
0.000923
0.001292
0.000479
-0.001024
-0.002061
-0.002129
-0.001707
-0.001179
-0.000310
0.000899
0.001732
0.001811
0.001616
0.001517
0.001271
0.000278
-0.002246
-0.006244
-0.009633
-0.009741
-0.006096
-0.000181
0.006566
0.012456
0.015387
0.014713
0.011363
0.006437
0.001062
-0.003683
-0.006964
-0.007986
-0.006848
-0.004972
-0.003391
-0.002095
-0.001654
-0.003047
-0.005637
-0.007550
-0.007639
-0.005630
-0.001689
0.003225
0.007697
0.010576
0.011169
0.009530
0.006360
0.002292
-0.001906
-0.005023
-0.006297
-0.005843
-0.004098
-0.001805
0.000013
0.000768
0.000552
-0.000198
-0.000914
-0.001148
-0.000731
0.000447
0.002348
0.004418
0.005808
0.005958
0.004800
0.002586
-0.000204
-0.002915
-0.004946
-0.005925
-0.005728
-0.004611
-0.003124
-0.001794
-0.000927
-0.000516
-0.000294
-0.000020
0.000403
0.000982
0.001667
0.002472
0.003347
0.003882
0.003610
0.002551
0.001156
-0.000099
-0.000941
-0.001334
-0.001365
-0.001150
-0.000814
-0.000458
-0.000193
-0.000165
-0.000375
-0.000626
-0.000768
-0.000806
-0.000765
-0.000650
-0.000504
-0.000349
-0.000193
-0.000094
-0.000112
-0.000184
-0.000134
0.000141
0.000512
0.000749
0.000744
0.000510
0.000133
-0.000050
0.000373
0.001192
0.001586
0.001159
0.000377
-0.000157
-0.000421
-0.000797
-0.001268
-0.001235
-0.000467
0.000376
0.000603
0.000294
-0.000108
-0.000496
-0.000904
-0.000983
-0.000546
-0.000179
-0.000264
-0.000174
0.000618
0.001468
0.001368
0.000547
0.000370
0.001094
0.000972
-0.001622
-0.006321
-0.010647
-0.010970
-0.005605
0.002779
0.010031
0.014486
0.016108
0.014316
0.009115
0.002496
-0.003058
-0.006428
-0.007730
-0.007250
-0.005150
-0.002469
-0.001120
-0.001687
-0.003100
-0.004957
-0.007393
-0.009044
-0.007905
-0.003668
0.002152
0.007533
0.010900
0.011592
0.009787
0.006212
0.002101
-0.001339
-0.003650
-0.004751
-0.004425
-0.002822
-0.000798
0.000521
0.000444
-0.000743
-0.002137
-0.003067
-0.003130
-0.001985
0.000296
0.003078
0.005490
0.006750
0.006436
0.004679
0.002160
-0.000269
-0.002178
-0.003574
-0.004329
-0.004233
-0.003534
-0.002792
-0.002348
-0.002250
-0.002407
-0.002544
-0.002167
-0.000912
0.000991
0.002855
0.004105
0.004492
0.004041
0.003034
0.001865
0.000801
-0.000033
-0.000509
-0.000554
-0.000323
-0.000125
-0.000172
-0.000508
-0.001013
-0.001455
-0.001643
-0.001521
-0.001120
-0.000507
0.000176
0.000692
0.000861
0.000724
0.000431
0.000111
-0.000153
-0.000381
-0.000661
-0.000914
-0.000888
-0.000480
0.000062
0.000414
0.000537
0.000589
0.000590
0.000475
0.000446
0.000754
0.001156
0.001247
0.001107
0.000882
0.000300
-0.000775
-0.001882
-0.002353
-0.001870
-0.000745
0.000325
0.000860
0.000878
0.000636
0.000211
-0.000451
-0.000991
-0.000762
0.000282
0.001350
0.001676
0.001037
-0.001266
-0.006312
-0.011839
-0.011890
-0.004483
0.004882
0.011106
0.014660
0.016397
0.014254
0.007699
0.000251
-0.004460
-0.006247
-0.006721
-0.005968
-0.003227
-0.000227
-0.000030
-0.002479
-0.005036
-0.007215
-0.009619
-0.010572
-0.007800
-0.001783
0.004788
0.009514
0.011442
0.010615
0.007443
0.003009
-0.000790
-0.002625
-0.002786
-0.002087
-0.000780
0.000747
0.001527
0.000836
-0.001213
-0.003671
-0.005275
-0.005231
-0.003321
0.000105
0.003812
0.006426
0.007473
0.006914
0.004656
0.001240
-0.001878
-0.003368
-0.003160
-0.002185
-0.001218
-0.000638
-0.000848
-0.002027
-0.003742
-0.005169
-0.005591
-0.004741
-0.002697
0.000237
0.003307
0.005409
0.005805
0.004645
0.002706
0.000847
-0.000312
-0.000502
0.000190
0.001315
0.002156
0.002208
0.001478
0.000158
-0.001506
-0.002965
-0.003546
-0.003009
-0.001731
-0.000351
0.000680
0.001149
0.000939
0.000150
-0.000830
-0.001536
-0.001609
-0.000951
0.000137
0.001147
0.001692
0.001671
0.001249
0.000699
0.000255
0.000012
-0.000117
-0.000194
-0.000021
0.000603
0.001322
0.001294
0.000201
-0.001127
-0.001704
-0.001655
-0.001554
-0.001269
-0.000650
-0.000104
0.000241
0.000628
0.000906
0.000549
-0.000477
-0.001110
-0.000443
0.000713
0.001187
0.001217
0.001408
0.001502
0.000448
-0.003217
-0.009083
-0.012539
-0.008841
0.000199
0.008535
0.013528
0.015693
0.014295
0.008876
0.001967
-0.003002
-0.004825
-0.004710
-0.003873
-0.002081
0.000229
0.000527
-0.002516
-0.006669
-0.009471
-0.010873
-0.010809
-0.007956
-0.002338
0.003900
0.008561
0.010474
0.009460
0.006220
0.002049
-0.001184
-0.001751
0.000107
0.002230
0.003064
0.002666
0.001357
-0.000919
-0.003873
-0.006370
-0.007065
-0.005623
-0.002766
0.000863
0.004585
0.006982
0.006961
0.004973
0.002350
0.000104
-0.001338
-0.001634
-0.000560
0.001127
0.001908
0.001004
-0.001119
-0.003584
-0.005727
-0.006982
-0.006700
-0.004668
-0.001654
0.001146
0.003068
0.003979
0.003778
0.002563
0.001024
0.000159
0.000451
0.001464
0.002454
0.003016
0.002883
0.001830
0.000122
-0.001507
-0.002454
-0.002532
-0.001875
-0.000832
0.000126
0.000564
0.000321
-0.000392
-0.001187
-0.001693
-0.001707
-0.001251
-0.000428
0.000539
0.001232
0.001342
0.000908
0.000224
-0.000288
-0.000310
0.000114
0.000710
0.001210
0.001281
0.000714
-0.000107
-0.000511
-0.000386
-0.000192
-0.000103
0.000243
0.000826
0.000853
-0.000063
-0.001290
-0.002259
-0.002875
-0.002706
-0.001285
0.000924
0.002714
0.003043
0.001974
0.000620
-0.000321
-0.000883
-0.000838
-0.000157
0.000476
0.000541
-0.000560
-0.003998
-0.009181
-0.011610
-0.006881
0.002748
0.010493
0.013660
0.014088
0.012007
0.006641
0.000454
-0.002843
-0.002688
-0.001426
-0.000898
-0.000711
-0.000361
-0.001552
-0.005589
-0.009987
-0.011606
-0.010727
-0.008499
-0.004310
0.001538
0.006447
0.008233
0.006988
0.004306
0.001726
0.000052
-0.000155
0.001580
0.004505
0.006281
0.005192
0.001983
-0.001612
-0.004700
-0.006742
-0.007095
-0.005527
-0.002504
0.000716
0.002944
0.004164
0.004434
0.003253
0.001315
0.000331
0.000804
0.001960
0.002965
0.003263
0.002506
0.000433
-0.002696
-0.005545
-0.006722
-0.006181
-0.004730
-0.002910
-0.001034
0.000369
0.000780
0.000323
-0.000119
0.000209
0.001159
0.002242
0.003291
0.004078
0.004102
0.003103
0.001437
-0.000134
-0.001106
-0.001459
-0.001156
-0.000242
0.000609
0.000655
-0.000095
-0.001134
-0.002049
-0.002603
-0.002540
-0.001688
-0.000376
0.000646
0.000922
0.000608
0.000100
-0.000350
-0.000625
-0.000559
-0.000026
0.000819
0.001598
0.002031
0.002051
0.001630
0.000769
-0.000276
-0.001102
-0.001454
-0.001201
-0.000374
0.000650
0.001296
0.001167
0.000335
-0.000826
-0.001975
-0.002484
-0.001721
-0.000212
0.000945
0.001398
0.001067
-0.000102
-0.001366
-0.001594
-0.000500
0.000872
0.001332
0.001153
0.001046
0.000581
-0.000401
-0.000973
-0.000847
-0.000991
-0.002619
-0.005941
-0.008811
-0.007377
-0.000300
0.008304
0.012986
0.012802
0.009921
0.005503
0.000715
-0.001834
-0.000864
0.001716
0.002930
0.001522
-0.001439
-0.004470
-0.007544
-0.010519
-0.011328
-0.008900
-0.005306
-0.002194
0.000925
0.003571
0.004113
0.002642
0.000865
0.000196
0.001119
0.003277
0.005837
0.007743
0.007657
0.004827
0.000344
-0.003593
-0.005671
-0.005811
-0.004322
-0.002046
-0.000372
0.000036
-0.000355
-0.000941
-0.001330
-0.001066
0.000199
0.002332
0.004502
0.005663
0.005516
0.004348
0.002200
-0.000627
-0.002943
-0.003812
-0.003558
-0.002977
-0.002529
-0.002458
-0.002861
-0.003465
-0.003650
-0.002857
-0.001183
0.000657
0.002068
0.002893
0.003153
0.002950
0.002535
0.002197
0.002096
0.002106
0.001901
0.001317
0.000479
-0.000468
-0.001478
-0.002361
-0.002664
-0.002107
-0.001054
-0.000167
0.000205
0.000027
-0.000589
-0.001221
-0.001254
-0.000513
0.000528
0.001338
0.001697
0.001472
0.000598
-0.000522
-0.001093
-0.000728
0.000147
0.000915
0.001332
0.001337
0.000883
0.000139
-0.000560
-0.000944
-0.000885
-0.000449
0.000160
0.000716
0.000868
0.000277
-0.000790
-0.001604
-0.001749
-0.001182
-0.000159
0.000699
0.001087
0.001228
0.000984
0.000047
-0.001105
-0.001595
-0.000982
0.000352
0.001286
0.001206
0.000625
-0.000080
-0.000922
-0.001279
-0.000802
-0.001060
-0.004008
-0.007882
-0.007202
-0.000264
0.006981
0.009467
0.009097
0.007939
0.004632
0.000360
-0.000808
0.001847
0.004823
0.004656
0.001295
-0.002371
-0.004864
-0.007357
-0.009259
-0.008155
-0.005009
-0.003140
-0.002756
-0.001919
-0.000700
-0.000367
-0.000567
0.000146
0.002116
0.004231
0.005375
0.005619
0.005497
0.004524
0.002080
-0.000547
-0.001491
-0.001011
-0.000626
-0.000927
-0.001611
-0.002387
-0.003247
-0.003861
-0.003092
-0.000591
0.002004
0.003265
0.003511
0.003279
0.002530
0.001502
0.000821
0.000817
0.001026
0.000644
-0.000369
-0.001411
-0.002328
-0.003320
-0.004173
-0.004349
-0.003586
-0.002246
-0.001003
-0.000101
0.000548
0.000790
0.000682
0.000882
0.001783
0.002988
0.003794
0.003737
0.002881
0.001678
0.000500
-0.000440
-0.000927
-0.000900
-0.000650
-0.000610
-0.000937
-0.001404
-0.001679
-0.001564
-0.001032
-0.000297
0.000232
0.000340
0.000213
0.000098
0.000068
0.000068
0.000010
-0.000060
0.000006
0.000165
0.000240
0.000217
0.000199
0.000210
0.000237
0.000381
0.000745
0.001122
0.001115
0.000651
0.000005
-0.000489
-0.000532
-0.000187
0.000016
-0.000328
-0.001074
-0.001621
-0.001462
-0.000842
-0.000273
0.000243
0.000599
0.000252
-0.000584
-0.000813
0.000022
0.001141
0.001537
0.000995
0.000036
-0.000723
-0.000798
0.000056
0.001240
0.001069
-0.001954
-0.006755
-0.009009
-0.005380
0.001649
0.006805
0.008421
0.007544
0.004466
0.000550
-0.000812
0.001826
0.005952
0.007693
0.005260
0.000339
-0.004096
-0.006767
-0.007454
-0.005762
-0.002883
-0.001524
-0.002440
-0.003903
-0.004600
-0.004433
-0.003324
-0.001196
0.001354
0.003218
0.003747
0.003452
0.003196
0.002947
0.002346
0.001859
0.002018
0.002246
0.001706
0.000469
-0.000948
-0.002201
-0.002840
-0.002368
-0.000903
0.000590
0.001064
0.000548
-0.000002
-0.000131
-0.000055
0.000427
0.001553
0.002457
0.002014
0.000499
-0.000821
-0.001372
-0.001513
-0.001507
-0.001309
-0.001150
-0.001470
-0.002202
-0.002624
-0.002183
-0.001163
-0.000203
0.000463
0.000948
0.001262
0.001357
0.001419
0.001641
0.001847
0.001780
0.001529
0.001310
0.001052
0.000570
-0.000005
-0.000320
-0.000302
-0.000227
-0.000261
-0.000313
-0.000379
-0.000633
-0.001051
-0.001286
-0.001093
-0.000661
-0.000369
-0.000346
-0.000492
-0.000732
-0.000943
-0.000870
-0.000407
0.000284
0.000944
0.001246
0.001032
0.000543
0.000164
0.000221
0.000817
0.001505
0.001738
0.001585
0.001274
0.000605
-0.000549
-0.001706
-0.002187
-0.001805
-0.000919
-0.000042
0.000343
-0.000085
-0.001078
-0.001787
-0.001509
-0.000419
0.000708
0.001234
0.000875
-0.000108
-0.000831
-0.000621
0.000361
0.001488
0.001975
0.001437
0.000377
-0.000876
-0.002689
-0.004304
-0.003822
-0.001268
0.001137
0.002331
0.002971
0.003054
0.002140
0.001130
0.001473
0.003232
0.004857
0.004582
0.002296
-0.000368
-0.002190
-0.003100
-0.002874
-0.001630
-0.000902
-0.001791
-0.003403
-0.004381
-0.004188
-0.002885
-0.001112
0.000244
0.000668
0.000094
-0.000794
-0.000752
0.000561
0.002242
0.003405
0.003617
0.002750
0.001288
0.000093
-0.000386
-0.000261
0.000087
0.000311
0.000333
0.000117
-0.000380
-0.000707
-0.000301
0.000455
0.000686
0.000389
0.000256
0.000387
0.000193
-0.000409
-0.000651
-0.000129
0.000493
0.000443
-0.000188
-0.000833
-0.001296
-0.001727
-0.001995
-0.001730
-0.001001
-0.000372
-0.000215
-0.000319
-0.000275
0.000062
0.000590
0.001085
0.001309
0.001224
0.001013
0.000865
0.000831
0.000849
0.000855
0.000824
0.000672
0.000272
-0.000285
-0.000574
-0.000291
0.000253
0.000459
0.000148
-0.000404
-0.000902
-0.001194
-0.001189
-0.000875
-0.000438
-0.000228
-0.000458
-0.000914
-0.001095
-0.000737
-0.000067
0.000511
0.000779
0.000762
0.000581
0.000363
0.000295
0.000524
0.000904
0.001092
0.000911
0.000450
0.000010
-0.000064
0.000151
0.000161
-0.000219
-0.000589
-0.000620
-0.000537
-0.000668
-0.000796
-0.000556
-0.000257
-0.000421
-0.000747
-0.000508
0.000185
0.000428
-0.000038
-0.000346
0.000182
0.000993
0.001131
0.000546
-0.000188
-0.000970
-0.001863
-0.002256
-0.001469
0.000212
0.001750
0.002279
0.001789
0.001130
0.001069
0.001573
0.002314
0.002925
0.002692
0.001323
-0.000357
-0.001358
-0.001372
-0.000749
-0.000343
-0.000764
-0.001711
-0.002542
-0.002864
-0.002421
-0.001364
-0.000462
-0.000329
-0.000828
-0.001355
-0.001320
-0.000563
0.000590
0.001622
0.001906
0.001108
-0.000056
-0.000378
0.000318
0.001164
0.001517
0.001386
0.000914
0.000142
-0.000647
-0.000791
0.000025
0.001058
0.001267
0.000631
-0.000002
-0.000134
0.000005
0.000089
0.000132
0.000173
-0.000035
-0.000601
-0.001055
-0.000943
-0.000521
-0.000353
-0.000582
-0.000913
-0.001038
-0.000878
-0.000530
-0.000114
0.000219
0.000318
0.000211
0.000099
0.000134
0.000330
0.000594
0.000785
0.000752
0.000434
0.000056
0.000007
0.000323
0.000606
0.000603
0.000458
0.000330
0.000182
0.000021
-0.000017
0.000050
0.000021
-0.000172
-0.000369
-0.000419
-0.000398
-0.000549
-0.000903
-0.001097
-0.000892
-0.000566
-0.000402
-0.000241
0.000075
0.000285
0.000176
0.000078
0.000394
0.000891
0.000992
0.000645
0.000388
0.000500
0.000631
0.000484
0.000265
0.000141
-0.000117
-0.000586
-0.000878
-0.000692
-0.000231
0.000090
0.000026
-0.000387
-0.000799
-0.000775
-0.000327
0.000134
0.000363
0.000429
0.000463
0.000437
0.000222
-0.000172
-0.000567
-0.000793
-0.000845
-0.000814
-0.000546
0.000216
0.001127
0.001434
0.001021
0.000549
0.000555
0.000902
0.001140
0.001144
0.001099
0.000911
0.000306
-0.000416
-0.000670
-0.000516
-0.000441
-0.000593
-0.000758
-0.000763
-0.000649
-0.000588
-0.000639
-0.000730
-0.000829
-0.000950
-0.001008
-0.000824
-0.000353
0.000110
0.000198
-0.000044
-0.000231
-0.000159
0.000059
0.000295
0.000503
0.000595
0.000515
0.000367
0.000339
0.000500
0.000742
0.000932
0.000989
0.000873
0.000607
0.000318
0.000156
0.000085
-0.000050
-0.000229
-0.000330
-0.000399
-0.000512
-0.000578
-0.000550
-0.000565
-0.000708
-0.000808
-0.000640
-0.000271
-0.000002
0.000023
-0.000063
-0.000108
-0.000123
-0.000139
-0.000054
0.000177
0.000402
0.000475
0.000423
0.000343
0.000296
0.000284
0.000286
0.000343
0.000469
0.000532
0.000416
0.000178
-0.000035
-0.000122
-0.000122
-0.000137
-0.000163
-0.000131
-0.000086
-0.000114
-0.000183
-0.000252
-0.000373
-0.000551
-0.000681
-0.000670
-0.000512
-0.000259
-0.000009
0.000138
0.000156
0.000138
0.000225
0.000421
0.000545
0.000494
0.000351
0.000186
-0.000002
-0.000138
-0.000091
0.000134
0.000289
0.000176
-0.000004
0.000021
0.000144
0.000152
0.000063
-0.000052
-0.000209
-0.000428
-0.000663
-0.000833
-0.000912
-0.000895
-0.000718
-0.000301
0.000286
0.000755
0.000848
0.000650
0.000507
0.000618
0.000827
0.000904
0.000809
0.000605
0.000342
0.000094
-0.000010
0.000142
0.000446
0.000577
0.000316
-0.000184
-0.000561
-0.000658
-0.000620
-0.000611
-0.000651
-0.000695
-0.000721
-0.000707
-0.000632
-0.000541
-0.000528
-0.000589
-0.000579
-0.000407
-0.000149
0.000074
0.000195
0.000178
0.000059
0.000006
0.000187
0.000574
0.000957
0.001146
0.001106
0.000927
0.000741
0.000628
0.000491
0.000185
-0.000197
-0.000431
-0.000478
-0.000446
-0.000416
-0.000425
-0.000469
-0.000490
-0.000434
-0.000320
-0.000196
-0.000076
0.000029
0.000084
0.000075
0.000043
0.000037
0.000083
0.000152
0.000181
0.000147
0.000085
0.000017
-0.000044
-0.000044
0.000058
0.000179
0.000186
0.000081
-0.000006
-0.000031
-0.000058
-0.000099
-0.000104
-0.000063
-0.000016
0.000035
0.000124
0.000207
0.000162
-0.000002
-0.000109
-0.000066
0.000046
0.000124
0.000115
0.000016
-0.000156
-0.000371
-0.000513
-0.000508
-0.000414
-0.000255
-0.000037
0.000102
0.000068
-0.000033
-0.000066
-0.000038
0.000067
0.000326
0.000554
0.000443
0.000100
-0.000085
0.000018
0.000208
0.000305
0.000351
0.000389
0.000320
0.000104
-0.000147
-0.000328
-0.000500
-0.000775
-0.001012
-0.000913
-0.000459
0.000088
0.000492
0.000634
0.000486
0.000195
0.000024
0.000124
0.000403
0.000641
0.000654
0.000449
0.000198
0.000069
0.000137
0.000312
0.000380
0.000236
0.000015
-0.000106
-0.000109
-0.000096
-0.000149
-0.000262
-0.000387
-0.000502
-0.000578
-0.000565
-0.000486
-0.000436
-0.000455
-0.000507
-0.000527
-0.000474
-0.000378
-0.000279
-0.000153
0.000063
0.000359
0.000584
0.000593
0.000447
0.000313
0.000269
0.000310
0.000409
0.000498
0.000491
0.000400
0.000306
0.000263
0.000272
0.000276
0.000203
0.000041
-0.000136
-0.000282
-0.000418
-0.000531
-0.000566
-0.000519
-0.000445
-0.000358
-0.000227
-0.000096
-0.000066
-0.000130
-0.000169
-0.000126
-0.000076
-0.000071
-0.000061
-0.000018
0.000029
0.000097
0.000234
0.000400
0.000456
0.000327
0.000141
0.000035
-0.000024
0.000006
0.000245
0.000501
0.000412
-0.000026
-0.000396
-0.000348
0.000001
0.000327
0.000508
0.000524
0.000255
-0.000255
-0.000603
-0.000499
-0.000196
-0.000098
-0.000253
-0.000472
-0.000580
-0.000494
-0.000220
0.000135
0.000341
0.000229
-0.000032
-0.000112
0.000078
0.000331
0.000385
0.000141
-0.000259
-0.000513
-0.000417
-0.000048
0.000324
0.000439
0.000256
-0.000002
-0.000124
-0.000101
-0.000023
0.000030
-0.000019
-0.000197
-0.000389
-0.000422
-0.000252
0.000013
0.000250
0.000399
0.000458
0.000465
0.000469
0.000476
0.000426
0.000317
0.000263
0.000305
0.000343
0.000337
0.000332
0.000307
0.000201
0.000018
-0.000183
-0.000319
-0.000362
-0.000370
-0.000359
-0.000291
-0.000234
-0.000281
-0.000365
-0.000385
-0.000382
-0.000414
-0.000441
-0.000426
-0.000411
-0.000409
-0.000342
-0.000178
-0.000025
0.000031
0.000027
0.000035
0.000110
0.000265
0.000435
0.000538
0.000581
0.000583
0.000503
0.000340
0.000166
0.000049
0.000035
0.000108
0.000201
0.000260
0.000248
0.000140
-0.000029
-0.000169
-0.000235
-0.000255
-0.000244
-0.000215
-0.000235
-0.000298
-0.000272
-0.000130
-0.000010
-0.000005
-0.000092
-0.000204
-0.000262
-0.000248
-0.000230
-0.000234
-0.000190
-0.000077
0.000015
0.000049
0.000082
0.000155
0.000260
0.000343
0.000341
0.000283
0.000254
0.000235
0.000123
-0.000047
-0.000111
-0.000036
0.000057
0.000081
0.000033
-0.000111
-0.000339
-0.000507
-0.000492
-0.000350
-0.000209
-0.000093
0.000047
0.000227
0.000427
0.000622
0.000709
0.000544
0.000203
-0.000024
-0.000028
0.000056
0.000147
0.000161
-0.000082
-0.000490
-0.000666
-0.000485
-0.000244
-0.000167
-0.000138
-0.000036
0.000025
-0.000088
-0.000354
-0.000627
-0.000685
-0.000357
0.000311
0.001013
0.001342
0.001093
0.000514
0.000118
0.000143
0.000349
0.000403
0.000217
-0.000101
-0.000382
-0.000437
-0.000185
0.000204
0.000430
0.000377
0.000167
-0.000044
-0.000207
-0.000351
-0.000490
-0.000584
-0.000607
-0.000522
-0.000274
0.000036
0.000175
0.000074
-0.000117
-0.000261
-0.000337
-0.000311
-0.000187
-0.000114
-0.000169
-0.000200
-0.000108
0.000020
0.000126
0.000259
0.000401
0.000448
0.000378
0.000276
0.000182
0.000070
-0.000044
-0.000060
0.000044
0.000136
0.000126
0.000099
0.000110
0.000080
-0.000036
-0.000152
-0.000191
-0.000162
-0.000096
-0.000028
-0.000009
-0.000082
-0.000213
-0.000288
-0.000226
-0.000062
0.000101
0.000192
0.000202
0.000134
0.000025
-0.000034
0.000012
0.000092
0.000107
0.000076
0.000080
0.000127
0.000126
0.000018
-0.000128
-0.000214
-0.000222
-0.000165
-0.000049
0.000070
0.000111
0.000063
-0.000008
-0.000039
-0.000016
0.000044
0.000105
0.000111
-0.000003
-0.000220
-0.000377
-0.000332
-0.000142
0.000025
0.000084
0.000059
0.000013
0.000032
0.000114
0.000140
0.000064
0.000001
0.000056
0.000222
0.000376
0.000411
0.000359
0.000278
0.000156
0.000025
-0.000042
-0.000068
-0.000113
-0.000155
-0.000174
-0.000228
-0.000302
-0.000278
-0.000163
-0.000115
-0.000165
-0.000161
-0.000068
-0.000033
-0.000068
-0.000018
0.000091
0.000069
-0.000086
-0.000168
-0.000104
-0.000016
0.000050
0.000136
0.000191
0.000150
0.000057
0.000007
0.000041
0.000147
0.000323
0.000520
0.000588
0.000488
0.000390
0.000394
0.000407
0.000341
0.000168
-0.000104
-0.000351
-0.000435
-0.000427
-0.000500
-0.000656
-0.000768
-0.000767
-0.000664
-0.000493
-0.000286
-0.000137
-0.000112
-0.000130
-0.000085
0.000005
0.000077
0.000102
0.000099
0.000140
0.000245
0.000354
0.000424
0.000443
0.000368
0.000202
0.000051
-0.000014
-0.000034
-0.000044
-0.000014
0.000059
0.000124
0.000118
0.000057
0.000010
0.000011
0.000035
0.000057
0.000078
0.000096
0.000100
0.000106
0.000126
0.000090
-0.000053
-0.000193
-0.000208
-0.000159
-0.000161
-0.000174
-0.000114
-0.000026
0.000025
0.000051
0.000043
-0.000029
-0.000132
-0.000185
-0.000137
-0.000023
0.000075
0.000094
0.000045
-0.000014
-0.000075
-0.000140
-0.000149
-0.000094
-0.000046
0.000009
0.000127
0.000240
0.000232
0.000125
0.000002
-0.000101
-0.000163
-0.000154
-0.000090
-0.000012
0.000072
0.000172
0.000232
0.000192
0.000113
0.000096
0.000140
0.000203
0.000261
0.000281
0.000222
0.000094
-0.000041
-0.000152
-0.000234
-0.000260
-0.000228
-0.000202
-0.000240
-0.000311
-0.000322
-0.000252
-0.000198
-0.000201
-0.000181
-0.000082
0.000065
0.000221
0.000316
0.000266
0.000145
0.000115
0.000157
0.000160
0.000153
0.000194
0.000192
0.000075
-0.000029
0.000009
0.000079
0.000032
-0.000045
-0.000019
0.000043
0.000024
-0.000063
-0.000103
-0.000020
0.000129
0.000220
0.000181
0.000039
-0.000115
-0.000205
-0.000206
-0.000124
-0.000041
-0.000091
-0.000269
-0.000388
-0.000322
-0.000176
-0.000109
-0.000132
-0.000137
-0.000029
0.000162
0.000258
0.000122
-0.000133
-0.000274
-0.000247
-0.000151
-0.000059
0.000026
0.000100
0.000158
0.000232
0.000333
0.000402
0.000395
0.000333
0.000256
0.000194
0.000159
0.000147
0.000144
0.000135
0.000118
0.000091
0.000028
-0.000075
-0.000174
-0.000195
-0.000115
-0.000052
-0.000137
-0.000273
-0.000270
-0.000171
-0.000146
-0.000211
-0.000263
-0.000254
-0.000224
-0.000195
-0.000110
0.000044
0.000162
0.000182
0.000161
0.000148
0.000152
0.000193
0.000224
0.000144
-0.000053
-0.000268
-0.000386
-0.000318
-0.000093
0.000125
0.000194
0.000125
0.000013
-0.000071
-0.000102
-0.000091
-0.000064
-0.000022
0.000030
0.000056
0.000051
0.000068
0.000136
0.000192
0.000191
0.000174
0.000163
0.000138
0.000116
0.000117
0.000101
0.000029
-0.000054
-0.000073
-0.000043
-0.000030
-0.000038
-0.000039
-0.000036
-0.000069
-0.000145
-0.000193
-0.000150
-0.000089
-0.000122
-0.000228
-0.000278
-0.000182
0.000008
0.000161
0.000204
0.000164
0.000113
0.000100
0.000113
0.000090
0.000012
-0.000046
-0.000025
0.000034
0.000080
0.000103
0.000097
0.000062
0.000028
0.000004
-0.000019
-0.000006
0.000071
0.000128
0.000085
0.000021
0.000033
0.000069
0.000063
0.000034
0.000002
-0.000041
-0.000099
-0.000167
-0.000241
-0.000280
-0.000253
-0.000220
-0.000239
-0.000250
-0.000171
-0.000043
0.000046
0.000073
0.000071
0.000067
0.000079
0.000125
0.000176
0.000212
0.000233
0.000215
0.000152
0.000090
0.000073
0.000088
0.000072
-0.000008
-0.000097
-0.000130
-0.000117
-0.000113
-0.000121
-0.000116
-0.000104
-0.000056
0.000054
0.000146
0.000118
-0.000031
-0.000183
-0.000172
0.000066
0.000335
0.000386
0.000259
0.000154
0.000094
-0.000006
-0.000095
-0.000105
-0.000104
-0.000143
-0.000177
-0.000185
-0.000208
-0.000276
-0.000336
-0.000303
-0.000180
-0.000057
-0.000004
-0.000042
-0.000126
-0.000133
-0.000024
0.000061
0.000031
0.000017
0.000146
0.000324
0.000375
0.000286
0.000197
0.000160
0.000128
0.000089
0.000028
-0.000097
-0.000208
-0.000167
-0.000019
0.000050
0.000001
-0.000054
-0.000028
0.000049
0.000095
0.000075
0.000051
0.000101
0.000226
0.000347
0.000374
0.000274
0.000091
-0.000091
-0.000198
-0.000195
-0.000134
-0.000094
-0.000098
-0.000138
-0.000207
-0.000264
-0.000257
-0.000168
-0.000034
0.000051
0.000049
0.000032
0.000050
0.000063
0.000041
-0.000010
-0.000082
-0.000134
-0.000113
-0.000052
-0.000030
-0.000041
-0.000014
0.000062
0.000126
0.000130
0.000100
0.000084
0.000086
0.000107
0.000169
0.000242
0.000249
0.000149
0.000016
-0.000015
0.000049
0.000042
-0.000076
-0.000151
-0.000116
-0.000075
-0.000092
-0.000120
-0.000151
-0.000207
-0.000242
-0.000205
-0.000122
-0.000042
0.000028
0.000051
-0.000024
-0.000105
-0.000053
0.000084
0.000152
0.000127
0.000099
0.000108
0.000123
0.000107
0.000072
0.000056
0.000062
0.000049
0.000003
-0.000032
-0.000045
-0.000046
-0.000016
0.000038
0.000062
0.000025
-0.000064
-0.000131
-0.000109
-0.000037
0.000015
0.000039
0.000029
-0.000016
-0.000052
-0.000057
-0.000055
-0.000059
-0.000054
-0.000020
0.000031
0.000042
-0.000006
-0.000056
-0.000041
0.000049
0.000137
0.000094
-0.000062
-0.000163
-0.000104
0.000047
0.000095
-0.000088
-0.000362
-0.000470
-0.000339
-0.000131
-0.000016
0.000032
0.000116
0.000217
0.000274
0.000309
0.000345
0.000333
0.000259
0.000201
0.000209
0.000237
0.000217
0.000140
0.000061
0.000025
0.000020
0.000031
0.000059
0.000055
-0.000043
-0.000190
-0.000248
-0.000174
-0.000058
0.000029
0.000019
-0.000149
-0.000355
-0.000393
-0.000268
-0.000146
-0.000069
0.000022
0.000101
0.000110
0.000094
0.000097
0.000082
0.000044
0.000033
0.000018
-0.000043
-0.000084
-0.000061
-0.000042
-0.000080
-0.000132
-0.000148
-0.000136
-0.000123
-0.000089
-0.000020
0.000053
0.000097
0.000101
0.000071
0.000049
0.000070
0.000115
0.000141
0.000158
0.000180
0.000125
-0.000030
-0.000127
-0.000070
0.000019
0.000015
-0.000031
-0.000024
0.000031
0.000083
0.000100
0.000074
0.000042
0.000038
0.000046
0.000050
0.000044
-0.000001
-0.000077
-0.000141
-0.000178
-0.000176
-0.000116
-0.000046
-0.000048
-0.000115
-0.000139
-0.000051
0.000058
0.000061
-0.000004
0.000011
0.000093
0.000092
0.000003
-0.000014
0.000074
0.000126
0.000071
0.000000
-0.000021
-0.000052
-0.000133
-0.000179
-0.000116
-0.000013
0.000038
0.000042
0.000037
0.000053
0.000090
0.000100
0.000069
0.000062
0.000115
0.000166
0.000154
0.000083
-0.000004
-0.000086
-0.000155
-0.000164
-0.000093
-0.000011
0.000019
0.000005
-0.000037
-0.000064
-0.000038
-0.000002
-0.000003
-0.000018
-0.000039
-0.000063
-0.000050
-0.000003
0.000014
-0.000028
-0.000088
-0.000115
-0.000078
0.000012
0.000080
0.000081
0.000056
0.000047
0.000069
0.000125
0.000177
0.000165
0.000084
-0.000015
-0.000097
-0.000089
0.000095
0.000329
0.000398
0.000306
0.000206
0.000151
0.000090
-0.000016
-0.000141
-0.000235
-0.000282
-0.000328
-0.000395
-0.000405
-0.000330
-0.000264
-0.000236
-0.000189
-0.000136
-0.000136
-0.000179
-0.000194
-0.000132
-0.000029
0.000036
0.000052
0.000098
0.000216
0.000340
0.000375
0.000326
0.000294
0.000309
0.000288
0.000192
0.000072
-0.000037
-0.000119
-0.000135
-0.000081
-0.000016
-0.000006
-0.000049
-0.000094
-0.000103
-0.000073
-0.000024
0.000021
0.000061
0.000101
0.000122
0.000097
0.000044
0.000005
-0.000007
0.000000
0.000025
0.000049
0.000049
0.000018
-0.000044
-0.000107
-0.000115
-0.000067
-0.000044
-0.000077
-0.000096
-0.000044
0.000033
0.000039
-0.000022
-0.000050
-0.000027
-0.000036
-0.000081
-0.000072
0.000002
0.000042
0.000008
-0.000028
-0.000003
0.000059
0.000075
0.000012
-0.000051
-0.000046
0.000007
0.000076
0.000126
0.000128
0.000101
0.000059
-0.000004
-0.000056
-0.000072
-0.000087
-0.000120
-0.000117
-0.000051
0.000030
0.000085
0.000094
0.000056
0.000015
0.000013
0.000053
0.000111
0.000138
0.000071
-0.000074
-0.000173
-0.000150
-0.000065
0.000003
0.000030
0.000013
-0.000028
-0.000059
-0.000041
0.000028
0.000075
0.000030
-0.000066
-0.000106
-0.000064
-0.000008
0.000005
-0.000008
0.000005
0.000066
0.000116
0.000088
0.000015
-0.000005
0.000026
0.000014
-0.000031
-0.000022
0.000031
0.000053
0.000043
0.000029
0.000002
-0.000021
-0.000008
0.000002
-0.000024
-0.000056
-0.000059
-0.000047
-0.000046
-0.000062
-0.000059
-0.000010
0.000035
0.000034
0.000018
-0.000036
-0.000180
-0.000313
-0.000331
-0.000300
-0.000278
-0.000184
0.000013
0.000198
0.000281
0.000293
0.000285
0.000265
0.000263
0.000312
0.000368
0.000341
0.000222
0.000122
0.000127
0.000163
0.000115
-0.000000
-0.000103
-0.000161
-0.000184
-0.000170
-0.000100
-0.000006
0.000011
-0.000072
-0.000151
-0.000169
-0.000176
-0.000186
-0.000160
-0.000130
-0.000131
-0.000119
-0.000063
-0.000006
0.000014
0.000013
0.000018
0.000022
0.000014
0.000023
0.000071
0.000096
0.000055
-0.000002
-0.000048
-0.000097
-0.000129
-0.000109
-0.000059
-0.000021
0.000004
0.000041
0.000085
0.000107
0.000094
0.000031
-0.000087
-0.000181
-0.000149
-0.000020
0.000088
0.000118
0.000084
0.000057
0.000079
0.000091
0.000060
0.000051
0.000105
0.000168
0.000167
0.000105
0.000045
0.000019
0.000014
-0.000001
-0.000032
-0.000081
-0.000145
-0.000187
-0.000166
-0.000109
-0.000067
-0.000085
-0.000152
-0.000141
0.000019
0.000169
0.000128
-0.000016
-0.000069
-0.000014
0.000054
0.000099
0.000134
0.000162
0.000151
0.000062
-0.000032
-0.000027
0.000009
-0.000035
-0.000098
-0.000092
-0.000080
-0.000123
-0.000140
-0.000083
-0.000031
-0.000031
-0.000026
0.000037
0.000116
0.000139
0.000117
0.000085
0.000064
0.000076
0.000083
0.000043
-0.000013
-0.000047
-0.000057
-0.000044
-0.000044
-0.000087
-0.000115
-0.000058
0.000029
0.000049
0.000017
-0.000012
-0.000028
-0.000034
-0.000026
0.000001
0.000022
-0.000000
-0.000033
-0.000007
0.000049
0.000059
0.000027
0.000015
0.000035
0.000056
0.000053
-0.000000
-0.000079
-0.000088
-0.000021
0.000027
0.000024
-0.000010
-0.000081
-0.000127
-0.000022
0.000214
0.000401
0.000418
0.000307
0.000197
0.000138
0.000039
-0.000143
-0.000279
-0.000286
-0.000258
-0.000270
-0.000288
-0.000285
-0.000252
-0.000175
-0.000093
-0.000069
-0.000090
-0.000091
-0.000068
-0.000061
-0.000070
-0.000080
-0.000072
0.000001
0.000146
0.000301
0.000378
0.000337
0.000229
0.000138
0.000078
0.000016
-0.000034
-0.000029
0.000004
-0.000007
-0.000064
-0.000082
-0.000026
0.000045
0.000074
0.000058
0.000042
0.000053
0.000067
0.000063
0.000069
0.000093
0.000087
0.000026
-0.000038
-0.000053
-0.000044
-0.000029
-0.000003
0.000001
-0.000038
-0.000091
-0.000115
-0.000084
-0.000031
-0.000010
-0.000014
0.000009
0.000060
0.000069
-0.000005
-0.000094
-0.000108
-0.000049
0.000004
-0.000019
-0.000094
-0.000102
-0.000016
0.000031
-0.000016
-0.000044
-0.000000
0.000057
0.000075
0.000045
-0.000001
0.000004
0.000052
0.000069
0.000040
0.000015
0.000026
0.000049
0.000047
0.000021
-0.000003
-0.000015
-0.000026
-0.000046
-0.000051
-0.000014
0.000041
0.000072
0.000076
0.000070
0.000055
0.000031
-0.000017
-0.000105
-0.000185
-0.000180
-0.000089
-0.000002
0.000024
0.000030
0.000050
0.000058
0.000048
0.000044
0.000048
0.000052
0.000060
0.000062
0.000030
-0.000026
-0.000041
-0.000021
-0.000040
-0.000099
-0.000110
-0.000060
-0.000018
-0.000017
-0.000034
-0.000045
-0.000034
-0.000016
-0.000008
0.000022
0.000081
0.000115
0.000103
0.000081
0.000066
0.000036
-0.000005
-0.000018
-0.000006
-0.000014
-0.000058
-0.000088
-0.000058
-0.000012
-0.000028
-0.000084
-0.000064
0.000071
0.000147
-0.000016
-0.000283
-0.000392
-0.000326
-0.000210
-0.000104
-0.000004
0.000095
0.000177
0.000212
0.000209
