4960
-0.000115
-0.000096
-0.000078
-0.000047
0.000003
0.000069
0.000131
0.000179
0.000214
0.000202
0.000115
0.000009
-0.000024
0.000035
0.000103
0.000086
-0.000030
-0.000176
-0.000224
-0.000099
0.000052
0.000031
-0.000088
-0.000129
-0.000102
-0.000101
-0.000125
-0.000123
-0.000095
-0.000043
0.000059
0.000173
0.000199
0.000128
0.000073
0.000076
0.000073
0.000062
0.000059
0.000012
-0.000070
-0.000100
-0.000067
-0.000032
-0.000007
0.000055
0.000140
0.000152
0.000071
0.000013
0.000038
0.000065
0.000019
-0.000066
-0.000110
-0.000119
-0.000148
-0.000121
0.000044
0.000234
0.000286
0.000216
0.000151
0.000143
0.000104
-0.000029
-0.000176
-0.000248
-0.000273
-0.000272
-0.000233
-0.000198
-0.000214
-0.000249
-0.000260
-0.000240
-0.000177
-0.000086
-0.000022
0.000023
0.000077
0.000088
0.000040
0.000048
0.000175
0.000295
0.000266
0.000142
0.000081
0.000127
0.000196
0.000208
0.000128
-0.000025
-0.000162
-0.000174
-0.000059
0.000052
0.000056
-0.000018
-0.000086
-0.000072
0.000037
0.000130
0.000112
0.000049
0.000056
0.000143
0.000206
0.000176
0.000110
0.000060
0.000014
-0.000015
-0.000013
-0.000030
-0.000102
-0.000160
-0.000127
-0.000052
-0.000050
-0.000129
-0.000196
-0.000180
-0.000112
-0.000103
-0.000172
-0.000178
-0.000054
0.000078
0.000106
0.000071
0.000075
0.000106
0.000088
0.000043
0.000054
0.000125
0.000172
0.000131
0.000033
-0.000029
-0.000046
-0.000087
-0.000135
-0.000131
-0.000076
-0.000012
0.000033
0.000068
0.000095
0.000065
-0.000025
-0.000069
0.000003
0.000117
0.000153
0.000085
-0.000010
-0.000072
-0.000108
-0.000125
-0.000084
0.000029
0.000141
0.000160
0.000087
-0.000030
-0.000135
-0.000171
-0.000145
-0.000094
-0.000002
0.000124
0.000194
0.000152
0.000057
-0.000005
0.000003
0.000048
0.000047
-0.000034
-0.000148
-0.000233
-0.000235
-0.000160
-0.000083
-0.000037
0.000002
0.000048
0.000082
0.000070
0.000023
0.000022
0.000080
0.000105
0.000063
0.000018
0.000000
-0.000018
-0.000046
-0.000046
0.000017
0.000086
0.000085
0.000051
0.000046
0.000064
0.000085
0.000085
0.000047
-0.000004
-0.000021
0.000012
-0.000021
-0.000251
-0.000515
-0.000564
-0.000450
-0.000312
-0.000132
0.000082
0.000214
0.000224
0.000193
0.000188
0.000210
0.000249
0.000302
0.000349
0.000339
0.000276
0.000249
0.000280
0.000251
0.000105
-0.000050
-0.000101
-0.000052
0.000007
0.000011
-0.000000
0.000018
-0.000006
-0.000124
-0.000247
-0.000311
-0.000356
-0.000392
-0.000376
-0.000305
-0.000204
-0.000082
0.000039
0.000160
0.000283
0.000342
0.000266
0.000069
-0.000150
-0.000232
-0.000124
0.000018
0.000038
-0.000013
-0.000024
-0.000003
-0.000000
-0.000018
-0.000055
-0.000104
-0.000117
-0.000081
-0.000027
-0.000002
-0.000041
-0.000097
-0.000093
-0.000017
0.000098
0.000205
0.000256
0.000228
0.000129
0.000020
-0.000028
-0.000014
0.000037
0.000089
0.000086
0.000035
-0.000002
-0.000005
0.000005
0.000010
0.000005
0.000009
0.000037
0.000032
-0.000049
-0.000129
-0.000122
-0.000062
-0.000022
-0.000017
-0.000020
-0.000023
-0.000066
-0.000132
-0.000123
-0.000036
0.000042
0.000095
0.000147
0.000194
0.000199
0.000120
-0.000019
-0.000145
-0.000205
-0.000167
-0.000059
0.000030
0.000058
0.000036
-0.000003
-0.000007
0.000001
-0.000050
-0.000139
-0.000170
-0.000099
0.000013
0.000085
0.000119
0.000148
0.000137
0.000076
0.000044
0.000075
0.000093
0.000039
-0.000024
-0.000010
0.000034
0.000010
-0.000061
-0.000120
-0.000147
-0.000129
-0.000100
-0.000092
-0.000041
0.000076
0.000173
0.000205
0.000187
0.000132
0.000047
-0.000061
-0.000145
-0.000162
-0.000125
-0.000065
-0.000021
-0.000026
-0.000045
-0.000023
0.000044
0.000118
0.000177
0.000195
0.000114
-0.000049
-0.000165
-0.000165
-0.000077
0.000095
0.000287
0.000358
0.000306
0.000247
0.000191
0.000064
-0.000097
-0.000206
-0.000278
-0.000354
-0.000400
-0.000366
-0.000241
-0.000106
-0.000084
-0.000163
-0.000215
-0.000191
-0.000154
-0.000128
-0.000077
-0.000013
-0.000012
-0.000054
-0.000004
0.000180
0.000342
0.000356
0.000282
0.000210
0.000162
0.000163
0.000205
0.000198
0.000067
-0.000135
-0.000233
-0.000153
-0.000035
-0.000012
-0.000045
-0.000061
-0.000049
-0.000008
0.000093
0.000235
0.000291
0.000209
0.000109
0.000068
0.000040
-0.000017
-0.000079
-0.000078
-0.000012
0.000001
-0.000074
-0.000120
-0.000085
-0.000061
-0.000092
-0.000104
-0.000046
0.000030
0.000066
0.000062
0.000054
0.000031
-0.000044
-0.000131
-0.000151
-0.000126
-0.000115
-0.000099
-0.000073
-0.000039
0.000029
0.000064
0.000010
-0.000007
0.000082
0.000158
0.000147
0.000077
0.000007
0.000000
0.000029
0.000020
-0.000024
-0.000047
0.000005
0.000093
0.000073
-0.000036
-0.000076
-0.000077
-0.000118
-0.000138
-0.000089
0.000015
0.000121
0.000158
0.000152
0.000126
0.000063
0.000014
0.000002
-0.000004
0.000003
-0.000003
-0.000064
-0.000136
-0.000142
-0.000045
0.000085
0.000115
0.000029
-0.000061
-0.000074
-0.000017
0.000056
0.000091
0.000043
-0.000051
-0.000077
-0.000061
-0.000109
-0.000177
-0.000146
-0.000014
0.000090
0.000058
-0.000016
0.000019
0.000121
0.000150
0.000073
-0.000027
-0.000052
0.000007
0.000075
0.000081
0.000020
-0.000048
-0.000069
-0.000051
-0.000038
-0.000033
0.000013
0.000113
0.000182
0.000115
-0.000038
-0.000102
-0.000020
0.000059
-0.000049
-0.000317
-0.000499
-0.000445
-0.000272
-0.000160
-0.000117
-0.000053
0.000051
0.000142
0.000198
0.000277
0.000410
0.000495
0.000415
0.000246
0.000201
0.000301
0.000324
0.000178
0.000058
0.000096
0.000162
0.000080
-0.000109
-0.000206
-0.000165
-0.000171
-0.000306
-0.000383
-0.000270
-0.000109
-0.000104
-0.000254
-0.000356
-0.000257
-0.000062
0.000059
0.000127
0.000243
0.000366
0.000333
0.000135
-0.000006
0.000028
0.000053
-0.000074
-0.000210
-0.000198
-0.000118
-0.000141
-0.000267
-0.000288
-0.000099
0.000078
0.000004
-0.000174
-0.000130
0.000120
0.000252
0.000137
0.000003
0.000051
0.000148
0.000062
-0.000142
-0.000204
-0.000060
0.000102
0.000139
0.000138
0.000238
0.000333
0.000212
-0.000029
-0.000064
0.000123
0.000182
0.000002
-0.000079
0.000093
0.000162
-0.000084
-0.000283
-0.000141
0.000010
-0.000176
-0.000401
-0.000254
0.000065
0.000111
-0.000071
-0.000089
0.000082
0.000070
-0.000168
-0.000228
0.000009
0.000185
0.000110
0.000021
0.000109
0.000221
0.000168
0.000015
-0.000046
0.000028
0.000087
0.000034
-0.000021
0.000037
0.000105
0.000026
-0.000148
-0.000219
-0.000154
-0.000117
-0.000138
-0.000050
0.000142
0.000189
0.000018
-0.000117
-0.000054
0.000086
0.000163
0.000153
0.000090
0.000016
-0.000046
-0.000076
-0.000041
0.000016
-0.000014
-0.000118
-0.000155
-0.000082
0.000012
0.000052
0.000044
0.000028
0.000005
-0.000047
-0.000080
-0.000027
0.000080
0.000125
0.000066
0.000001
0.000029
0.000106
0.000119
0.000034
-0.000086
-0.000166
-0.000176
-0.000130
-0.000068
-0.000025
-0.000032
-0.000095
-0.000101
0.000129
0.000514
0.000722
0.000618
0.000395
0.000220
0.000084
-0.000055
-0.000183
-0.000272
-0.000319
-0.000350
-0.000380
-0.000388
-0.000375
-0.000399
-0.000477
-0.000501
-0.000367
-0.000139
0.000027
0.000076
0.000089
0.000129
0.000172
0.000180
0.000167
0.000181
0.000221
0.000245
0.000261
0.000282
0.000251
0.000149
0.000033
-0.000060
-0.000124
-0.000134
-0.000088
-0.000036
-0.000014
-0.000017
-0.000040
-0.000067
-0.000026
0.000106
0.000216
0.000216
0.000168
0.000165
0.000202
0.000213
0.000155
0.000058
-0.000042
-0.000133
-0.000186
-0.000180
-0.000176
-0.000227
-0.000277
-0.000260
-0.000190
-0.000110
-0.000036
0.000050
0.000148
0.000202
0.000175
0.000111
0.000066
0.000034
-0.000018
-0.000064
-0.000063
-0.000041
-0.000055
-0.000096
-0.000120
-0.000109
-0.000059
0.000028
0.000114
0.000127
0.000038
-0.000052
-0.000037
0.000049
0.000118
0.000152
0.000156
0.000106
0.000014
-0.000037
-0.000026
-0.000043
-0.000102
-0.000109
-0.000021
0.000097
0.000135
0.000033
-0.000110
-0.000153
-0.000114
-0.000100
-0.000126
-0.000109
0.000005
0.000143
0.000186
0.000153
0.000143
0.000142
0.000054
-0.000084
-0.000133
-0.000066
0.000012
0.000038
0.000008
-0.000083
-0.000183
-0.000191
-0.000117
-0.000062
-0.000020
0.000074
0.000202
0.000273
0.000235
0.000116
-0.000013
-0.000087
-0.000097
-0.000088
-0.000071
-0.000014
0.000034
-0.000017
-0.000140
-0.000206
-0.000156
-0.000070
-0.000014
0.000051
0.000132
0.000138
0.000061
0.000001
0.000016
0.000051
0.000024
-0.000026
-0.000004
0.000100
0.000216
0.000212
-0.000001
-0.000275
-0.000392
-0.000374
-0.000364
-0.000370
-0.000322
-0.000198
-0.000025
0.000144
0.000266
0.000347
0.000411
0.000429
0.000367
0.000291
0.000291
0.000346
0.000364
0.000290
0.000152
0.000062
0.000102
0.000183
0.000117
-0.000128
-0.000327
-0.000317
-0.000242
-0.000284
-0.000401
-0.000445
-0.000374
-0.000288
-0.000256
-0.000185
-0.000015
0.000169
0.000280
0.000308
0.000285
0.000215
0.000083
-0.000000
0.000038
-0.000005
-0.000248
-0.000417
-0.000302
-0.000087
-0.000053
-0.000203
-0.000255
-0.000022
0.000274
0.000301
0.000119
0.000025
0.000109
0.000188
0.000067
-0.000142
-0.000162
-0.000009
0.000090
0.000076
0.000029
0.000046
0.000109
0.000073
-0.000041
-0.000060
0.000014
0.000057
0.000036
-0.000001
0.000015
0.000053
0.000018
-0.000024
0.000017
0.000051
0.000042
0.000083
0.000106
-0.000016
-0.000182
-0.000226
-0.000125
0.000008
0.000054
0.000050
0.000088
0.000079
-0.000048
-0.000164
-0.000163
-0.000091
-0.000029
-0.000002
0.000054
0.000189
0.000298
0.000217
-0.000024
-0.000211
-0.000219
-0.000153
-0.000158
-0.000168
-0.000043
0.000109
0.000165
0.000218
0.000248
0.000136
-0.000099
-0.000343
-0.000336
-0.000011
0.000228
0.000150
0.000006
0.000054
0.000254
0.000249
-0.000070
-0.000183
0.000105
0.000266
0.000079
-0.000167
-0.000257
-0.000194
-0.000181
-0.000290
-0.000255
-0.000096
-0.000099
-0.000124
0.000099
0.000480
0.000738
0.000603
0.000231
0.000080
0.000051
-0.000239
-0.000593
-0.000625
-0.000355
-0.000117
-0.000164
-0.000255
-0.000026
0.000331
0.000417
0.000281
0.000229
0.000255
0.000097
-0.000162
-0.000156
0.000085
0.000208
0.000171
0.000257
0.000511
0.000567
0.000235
-0.000198
-0.000421
-0.000446
-0.000466
-0.000608
-0.000794
-0.000729
-0.000266
0.000191
0.000250
0.000143
0.000200
0.000342
0.000152
-0.000450
-0.000766
-0.000417
0.000085
0.000291
0.000119
-0.000032
0.000339
0.000717
0.000555
0.000211
-0.000095
-0.000260
-0.000172
-0.000133
-0.000088
0.000087
0.000139
0.000289
0.000586
0.000468
0.000034
-0.000236
-0.000221
-0.000001
-0.000038
-0.000343
-0.000158
0.000316
0.000306
0.000084
-0.000007
-0.000138
-0.000189
0.000012
0.000359
0.000421
-0.000226
-0.000921
-0.000741
-0.000164
-0.000027
-0.000070
0.000309
0.000930
0.001083
0.000563
-0.000138
-0.000593
-0.000860
-0.001099
-0.001031
-0.000391
0.000349
0.000639
0.000523
0.000286
0.000223
0.000321
0.000172
-0.000212
-0.000400
-0.000339
-0.000156
0.000076
0.000168
0.000216
0.000436
0.000656
0.000708
0.000542
0.000104
-0.000443
-0.000906
-0.001054
-0.000738
-0.000421
-0.000344
-0.000050
0.000474
0.000875
0.000918
0.000293
-0.000477
-0.000528
-0.000355
-0.000394
0.000045
0.000879
0.001442
0.001609
0.000987
-0.000356
-0.001342
-0.001719
-0.001674
-0.000879
0.000023
0.000206
0.000198
0.000325
0.000409
0.000568
0.000411
-0.000232
-0.000551
-0.000349
-0.000019
0.000422
0.000786
0.000882
0.000688
0.000031
-0.000625
-0.000681
-0.000521
-0.000371
-0.000090
0.000005
-0.000021
0.000064
-0.000092
-0.000319
-0.000012
0.000589
0.000762
0.000196
-0.000658
-0.000949
-0.000514
0.000209
0.001069
0.001683
0.001303
0.000150
-0.000861
-0.001445
-0.001616
-0.001384
-0.000870
-0.000006
0.000740
0.000564
0.000025
0.000071
0.000429
0.000638
0.000618
0.000371
0.000222
0.000334
0.000408
0.000415
0.000486
0.000067
-0.001333
-0.002549
-0.001917
0.000028
0.001389
0.001653
0.001865
0.002732
0.003031
0.001341
-0.000954
-0.001858
-0.001811
-0.001740
-0.001832
-0.001912
-0.001120
0.000276
0.000853
0.000734
0.000519
0.000111
-0.000089
-0.000007
0.000135
0.000660
0.001028
0.000695
0.000512
0.000597
0.000128
-0.000882
-0.001992
-0.002691
-0.002502
-0.001668
-0.000512
0.000796
0.001469
0.001101
0.000522
0.000405
0.000422
-0.000046
-0.000783
-0.000234
0.002358
0.004694
0.004128
0.001346
-0.001069
-0.001918
-0.002109
-0.002849
-0.003538
-0.003110
-0.002788
-0.004148
-0.005370
-0.003185
0.001754
0.005413
0.006544
0.007549
0.009147
0.009046
0.005806
0.001273
-0.001505
-0.002334
-0.003532
-0.005484
-0.006258
-0.005316
-0.004222
-0.003993
-0.003870
-0.003025
-0.002132
-0.001941
-0.001340
0.001123
0.004515
0.006427
0.006242
0.005575
0.005355
0.004402
0.001776
-0.001307
-0.003124
-0.003639
-0.003934
-0.004310
-0.004034
-0.002920
-0.001863
-0.001325
-0.000744
0.000143
0.000779
0.000955
0.001483
0.003025
0.004797
0.005354
0.004463
0.003204
0.002234
0.000967
-0.001116
-0.003304
-0.004559
-0.004776
-0.004462
-0.003838
-0.002846
-0.001684
-0.000820
-0.000354
0.000079
0.000513
0.000610
0.000685
0.001496
0.002918
0.003966
0.004167
0.004056
0.003953
0.003126
0.001115
-0.001219
-0.002813
-0.003524
-0.003792
-0.003676
-0.002831
-0.001589
-0.000867
-0.000873
-0.000897
-0.000196
0.001067
0.001903
0.002021
0.002145
0.002499
0.002509
0.001842
0.000730
-0.000355
-0.001197
-0.001922
-0.002439
-0.002530
-0.002282
-0.001781
-0.001024
-0.000192
0.000469
0.000669
0.000437
0.000492
0.001171
0.001789
0.001825
0.001535
0.001445
0.001766
0.001953
0.001336
-0.000189
-0.002411
-0.004247
-0.004409
-0.003772
-0.003856
-0.004355
-0.004850
-0.005126
-0.004615
-0.004095
-0.003143
0.001760
0.010432
0.016956
0.018141
0.016238
0.013244
0.008859
0.002901
-0.003396
-0.008040
-0.009945
-0.009937
-0.009432
-0.008553
-0.007043
-0.006179
-0.006915
-0.007409
-0.005699
-0.002663
0.000234
0.003282
0.007204
0.011298
0.013347
0.011597
0.007126
0.002668
-0.000771
-0.003839
-0.006274
-0.007137
-0.006666
-0.005695
-0.004437
-0.003040
-0.001942
-0.001441
-0.001464
-0.001074
0.000995
0.004268
0.006878
0.008239
0.008980
0.008982
0.007482
0.004259
0.000099
-0.003506
-0.005645
-0.006692
-0.007101
-0.006743
-0.005859
-0.005084
-0.004436
-0.003540
-0.002442
-0.001362
-0.000170
0.001519
0.003932
0.006542
0.008065
0.007660
0.005831
0.003762
0.001960
-0.000017
-0.002287
-0.003979
-0.004465
-0.004018
-0.002982
-0.002023
-0.002380
-0.003554
-0.002975
-0.000223
0.002133
0.002866
0.003208
0.004158
0.005141
0.004813
0.002977
0.000807
-0.001056
-0.002513
-0.003251
-0.003494
-0.003686
-0.003805
-0.003676
-0.002864
-0.001245
0.000169
0.000609
0.000816
0.001840
0.003505
0.004471
0.003874
0.002575
0.001835
0.001490
0.000675
-0.000607
-0.001688
-0.002245
-0.002443
-0.002378
-0.001980
-0.001503
-0.001424
-0.001553
-0.001013
0.000376
0.001566
0.001771
0.001227
0.000293
-0.000541
-0.000792
-0.000911
-0.000976
-0.000030
0.001205
0.000457
-0.002523
-0.006000
-0.008798
-0.009923
-0.007022
0.001346
0.011756
0.018214
0.018841
0.016259
0.012501
0.007472
0.001094
-0.005174
-0.008718
-0.008380
-0.006250
-0.005187
-0.005796
-0.007276
-0.009238
-0.011146
-0.011515
-0.009235
-0.004888
0.000242
0.005569
0.010761
0.014521
0.014719
0.010662
0.004819
0.000574
-0.001222
-0.001896
-0.002438
-0.002814
-0.002902
-0.003075
-0.003821
-0.005137
-0.006464
-0.007009
-0.006027
-0.003112
0.001369
0.005958
0.008878
0.009593
0.008916
0.007480
0.005195
0.002146
-0.000798
-0.002447
-0.002462
-0.001927
-0.002214
-0.003578
-0.005348
-0.006871
-0.007666
-0.007303
-0.005712
-0.003340
-0.000678
0.002190
0.005162
0.007347
0.007729
0.006718
0.005482
0.003843
0.001450
0.000137
0.001103
0.001997
0.000779
-0.001414
-0.002983
-0.003692
-0.004427
-0.005788
-0.006211
-0.004114
-0.000625
0.002241
0.003434
0.003184
0.002762
0.002363
0.001186
-0.000104
-0.000519
-0.000436
-0.000205
0.000215
0.000509
0.000206
-0.001082
-0.002792
-0.003308
-0.002171
-0.000594
0.000588
0.001554
0.002609
0.003481
0.003353
0.001997
0.000305
-0.000769
-0.000942
-0.000422
0.000332
0.000782
0.000642
0.000186
-0.000173
-0.000699
-0.001919
-0.003402
-0.003864
-0.002740
-0.001075
-0.000707
-0.002612
-0.005897
-0.008769
-0.010495
-0.010496
-0.005760
0.005677
0.018491
0.024533
0.022841
0.018186
0.012947
0.006706
0.000064
-0.005160
-0.007351
-0.006409
-0.004826
-0.005583
-0.008641
-0.011931
-0.014637
-0.016292
-0.014812
-0.009130
-0.001620
0.004843
0.009695
0.013214
0.014729
0.012990
0.007850
0.001944
-0.000928
-0.000176
0.001266
0.001224
-0.000179
-0.002623
-0.005930
-0.008984
-0.010518
-0.010119
-0.007804
-0.003902
0.000872
0.005848
0.009890
0.011201
0.009441
0.006688
0.004912
0.004098
0.003411
0.002512
0.001489
0.000349
-0.001376
-0.004253
-0.007859
-0.010746
-0.011816
-0.010847
-0.007940
-0.003761
0.000195
0.002515
0.002622
0.001712
0.003010
0.007396
0.010372
0.008306
0.004120
0.003330
0.006890
0.009051
0.004659
-0.002966
-0.007383
-0.007562
-0.006447
-0.006489
-0.007108
-0.005663
-0.002337
0.000213
0.001249
0.001181
0.000327
-0.000067
0.001043
0.003520
0.005860
0.005446
0.002147
-0.000621
-0.001036
-0.000928
-0.002309
-0.004661
-0.005263
-0.002684
0.000764
0.002270
0.001854
0.001044
0.000859
0.001327
0.001859
0.002082
0.001895
0.001339
0.001083
0.001730
0.002271
0.000980
-0.001745
-0.003391
-0.002788
-0.001528
-0.001458
-0.002505
-0.003339
-0.003158
-0.002468
-0.002647
-0.004894
-0.008624
-0.011308
-0.010924
-0.006472
0.003236
0.016084
0.024539
0.023805
0.017860
0.012365
0.007952
0.003509
-0.000395
-0.002871
-0.003654
-0.003386
-0.004418
-0.008695
-0.014508
-0.018416
-0.019140
-0.016516
-0.010040
-0.001560
0.004957
0.008116
0.009496
0.010001
0.009274
0.007143
0.004257
0.002563
0.003755
0.006223
0.006255
0.002615
-0.002841
-0.008065
-0.011536
-0.011917
-0.009386
-0.005667
-0.002001
0.001255
0.003804
0.005549
0.006353
0.005817
0.004655
0.004718
0.006406
0.007947
0.007632
0.005141
0.001166
-0.003061
-0.006534
-0.009070
-0.010574
-0.010545
-0.009012
-0.006823
-0.004724
-0.003137
-0.002437
-0.002066
-0.000127
0.003689
0.006725
0.008524
0.011714
0.014848
0.013656
0.008514
0.002698
-0.001560
-0.003505
-0.004851
-0.006746
-0.007433
-0.006493
-0.005512
-0.005339
-0.006121
-0.006334
-0.004089
-0.000629
0.002444
0.005407
0.007396
0.007158
0.005288
0.002912
0.001087
0.000041
-0.001368
-0.002885
-0.002996
-0.002257
-0.002177
-0.002853
-0.003472
-0.002979
-0.001118
0.001027
0.002677
0.003828
0.004331
0.004148
0.003476
0.002533
0.001737
0.001158
0.000335
-0.000521
-0.000739
-0.000793
-0.001715
-0.003336
-0.004634
-0.004945
-0.004358
-0.003611
-0.003601
-0.005098
-0.008042
-0.010658
-0.010969
-0.007663
0.001374
0.015133
0.025260
0.024969
0.018152
0.011865
0.007495
0.004289
0.002650
0.001687
0.000023
-0.002060
-0.004969
-0.010264
-0.016558
-0.020172
-0.020089
-0.016993
-0.010220
-0.001224
0.005048
0.006470
0.005738
0.005344
0.005861
0.007099
0.007896
0.007784
0.008140
0.008810
0.007097
0.002120
-0.003954
-0.009120
-0.012107
-0.011496
-0.007681
-0.003493
-0.001124
-0.000650
-0.001127
-0.000907
0.001276
0.004342
0.006520
0.008133
0.009871
0.010655
0.009363
0.006142
0.001625
-0.002904
-0.005742
-0.006629
-0.006670
-0.006603
-0.006901
-0.007988
-0.009094
-0.008977
-0.007739
-0.005981
-0.003259
0.001247
0.006787
0.010589
0.011537
0.012022
0.012554
0.010559
0.006431
0.003008
0.001027
-0.000293
-0.002133
-0.004933
-0.007167
-0.008194
-0.008983
-0.009222
-0.008170
-0.005886
-0.002427
0.001112
0.003357
0.004727
0.005591
0.005382
0.004507
0.003774
0.003345
0.002954
0.001698
-0.000579
-0.002483
-0.003487
-0.004256
-0.004636
-0.004020
-0.002428
-0.000538
0.000605
0.000788
0.000979
0.001738
0.002640
0.003277
0.003679
0.003864
0.003487
0.002333
0.000835
-0.000619
-0.002150
-0.003562
-0.004081
-0.003423
-0.002521
-0.002602
-0.003620
-0.004603
-0.005620
-0.007740
-0.010763
-0.012378
-0.009181
0.001132
0.015418
0.024590
0.022842
0.014752
0.008318
0.006004
0.006487
0.008294
0.008727
0.005400
-0.000495
-0.006621
-0.012502
-0.017380
-0.019491
-0.018600
-0.015200
-0.009021
-0.001907
0.001848
0.000914
-0.001350
-0.001262
0.002330
0.007977
0.012388
0.013328
0.011662
0.008892
0.005159
0.000965
-0.002449
-0.004911
-0.006542
-0.006380
-0.004414
-0.002836
-0.003407
-0.005577
-0.007360
-0.006399
-0.001686
0.004557
0.008755
0.009723
0.008613
0.006731
0.005137
0.004379
0.003777
0.002527
0.000848
-0.000949
-0.002932
-0.004958
-0.007053
-0.009354
-0.010822
-0.010083
-0.008120
-0.007326
-0.006540
-0.001783
0.005297
0.008152
0.006951
0.007660
0.010663
0.011997
0.010568
0.007567
0.004606
0.002582
0.000517
-0.002113
-0.004725
-0.007277
-0.009024
-0.009085
-0.008312
-0.007025
-0.004765
-0.002650
-0.001416
0.000116
0.002476
0.004597
0.005180
0.004286
0.003802
0.004455
0.004257
0.002200
-0.000192
-0.001662
-0.002269
-0.002451
-0.002447
-0.002064
-0.001394
-0.001076
-0.001063
-0.000614
0.000393
0.001462
0.002312
0.003058
0.003720
0.003719
0.002444
0.000281
-0.001522
-0.002007
-0.001509
-0.001253
-0.001796
-0.002613
-0.003183
-0.003572
-0.004152
-0.005314
-0.007310
-0.009713
-0.011025
-0.009108
-0.001928
0.009774
0.019327
0.019438
0.012218
0.006490
0.006282
0.009434
0.012980
0.013748
0.009313
0.001396
-0.006114
-0.011483
-0.014467
-0.014788
-0.013374
-0.011804
-0.010029
-0.007530
-0.005681
-0.005781
-0.006258
-0.004462
0.000503
0.007272
0.012442
0.012961
0.009841
0.006599
0.004695
0.003846
0.003935
0.003810
0.001813
-0.001475
-0.004185
-0.005795
-0.006664
-0.006981
-0.006962
-0.006181
-0.003569
0.000396
0.003330
0.003875
0.003059
0.002596
0.003560
0.005885
0.007895
0.007680
0.005160
0.001606
-0.001641
-0.003342
-0.003346
-0.003294
-0.004504
-0.006351
-0.007860
-0.009019
-0.009796
-0.009064
-0.005428
0.000307
0.005382
0.008382
0.009080
0.007401
0.005617
0.006289
0.008364
0.009623
0.008816
0.005243
0.000263
-0.003942
-0.006803
-0.008032
-0.007762
-0.007221
-0.006525
-0.005300
-0.004479
-0.004274
-0.003625
-0.001975
0.000746
0.003889
0.005930
0.006193
0.005072
0.003189
0.001701
0.001388
0.001609
0.001470
0.000703
-0.000541
-0.001770
-0.002552
-0.002787
-0.002488
-0.001754
-0.000692
0.000600
0.001773
0.002363
0.002143
0.001300
0.000552
0.000577
0.001025
0.000949
0.000136
-0.000974
-0.002101
-0.003012
-0.003297
-0.002951
-0.002607
-0.002975
-0.004666
-0.007720
-0.010368
-0.009561
-0.003419
0.006575
0.014812
0.015494
0.009633
0.004349
0.004259
0.008194
0.012831
0.014606
0.010812
0.002608
-0.005370
-0.009648
-0.010098
-0.008492
-0.007123
-0.007591
-0.009308
-0.010333
-0.009998
-0.008948
-0.007161
-0.004088
0.000141
0.004659
0.007780
0.007899
0.005842
0.004302
0.004588
0.006081
0.007653
0.007682
0.004830
0.000072
-0.003903
-0.005361
-0.004530
-0.002939
-0.002328
-0.003175
-0.004215
-0.004056
-0.002698
-0.000946
0.000667
0.001918
0.002923
0.004044
0.005002
0.004933
0.003730
0.002151
0.000951
0.000665
0.001110
0.000938
-0.000935
-0.003895
-0.006380
-0.007383
-0.007592
-0.008487
-0.008480
-0.003890
0.003270
0.006325
0.004296
0.001848
0.001661
0.004101
0.008382
0.011531
0.010991
0.006724
0.000828
-0.002932
-0.002925
-0.001853
-0.002127
-0.003604
-0.005707
-0.007251
-0.007010
-0.005691
-0.004343
-0.002797
-0.000824
0.001400
0.003021
0.002813
0.001340
0.000717
0.001701
0.003367
0.004571
0.004350
0.002386
-0.000328
-0.002074
-0.001877
-0.000457
0.000451
-0.000037
-0.001076
-0.001350
-0.000621
0.000447
0.001218
0.001317
0.000839
0.000468
0.000478
0.000226
-0.000563
-0.001312
-0.001737
-0.001993
-0.002063
-0.002025
-0.002108
-0.002570
-0.003997
-0.006274
-0.007621
-0.006426
-0.002475
0.003720
0.009584
0.010808
0.007047
0.003504
0.004129
0.007782
0.011455
0.012527
0.009145
0.002347
-0.003830
-0.006291
-0.005310
-0.003203
-0.002660
-0.005163
-0.009231
-0.011668
-0.011044
-0.008200
-0.004507
-0.001550
-0.000432
-0.000302
0.000275
0.001223
0.002209
0.003705
0.005473
0.006508
0.006529
0.005589
0.003586
0.001274
-0.000068
-0.000144
0.000424
0.000752
-0.000160
-0.002403
-0.004380
-0.004440
-0.002673
-0.000341
0.001313
0.001480
0.000450
-0.000350
0.000084
0.001424
0.002796
0.003329
0.002487
0.000863
-0.000340
-0.000783
-0.000898
-0.001065
-0.001618
-0.002589
-0.003653
-0.005332
-0.007971
-0.008289
-0.002515
0.005381
0.007146
0.002337
-0.001985
-0.001062
0.004272
0.009734
0.011100
0.007867
0.002477
-0.001974
-0.002562
0.000244
0.002063
0.000354
-0.003385
-0.006555
-0.007176
-0.005293
-0.003104
-0.002075
-0.001915
-0.001873
-0.001185
0.000055
0.000714
0.000659
0.001033
0.002258
0.003590
0.003998
0.002888
0.000805
-0.000789
-0.000819
0.000489
0.001740
0.001448
-0.000428
-0.002138
-0.001948
-0.000062
0.001780
0.002146
0.000949
-0.000660
-0.001260
-0.000567
0.000356
0.000358
-0.000883
-0.002683
-0.003673
-0.003077
-0.001596
-0.000528
-0.000884
-0.003109
-0.006020
-0.007049
-0.004753
0.000171
0.005561
0.008245
0.006536
0.003024
0.002045
0.004851
0.009158
0.011742
0.010380
0.005310
-0.000479
-0.003592
-0.003067
-0.000757
0.000370
-0.001610
-0.005953
-0.009697
-0.010414
-0.008217
-0.004933
-0.002505
-0.002096
-0.003219
-0.003967
-0.003026
-0.000664
0.002160
0.004327
0.004935
0.004232
0.003311
0.002809
0.002760
0.003036
0.003263
0.003004
0.002170
0.000865
-0.000683
-0.001845
-0.001978
-0.001206
-0.000297
0.000072
-0.000320
-0.001142
-0.001545
-0.000908
0.000418
0.001504
0.001703
0.000962
-0.000109
-0.000548
-0.000028
0.000814
0.001150
0.000501
-0.001037
-0.002764
-0.004344
-0.005878
-0.005739
-0.001986
0.002419
0.002534
-0.000505
-0.002025
-0.000619
0.002582
0.005591
0.006480
0.005419
0.003088
0.000210
-0.000523
0.001590
0.003105
0.001962
-0.000818
-0.003538
-0.004403
-0.003307
-0.001992
-0.001252
-0.001247
-0.002144
-0.002768
-0.002124
-0.000898
0.000229
0.001015
0.001129
0.000880
0.000830
0.000886
0.000842
0.000746
0.000721
0.000915
0.001125
0.000841
0.000089
-0.000398
-0.000114
0.000613
0.001180
0.001322
0.000930
0.000125
-0.000564
-0.000686
-0.000158
0.000519
0.000201
-0.001431
-0.003018
-0.003166
-0.001967
-0.000667
-0.000363
-0.001046
-0.002372
-0.004209
-0.005336
-0.004100
-0.000984
0.001955
0.003432
0.003423
0.002923
0.003185
0.004523
0.006476
0.008162
0.008146
0.005844
0.002683
0.000541
0.000038
0.000501
0.000572
-0.000761
-0.003297
-0.005847
-0.007078
-0.006439
-0.004623
-0.003040
-0.002768
-0.003702
-0.004608
-0.004302
-0.002624
-0.000303
0.001554
0.002148
0.001708
0.001197
0.001345
0.002235
0.003347
0.003888
0.003447
0.002323
0.001194
0.000589
0.000563
0.000751
0.000737
0.000398
-0.000088
-0.000482
-0.000621
-0.000435
-0.000087
0.000076
-0.000079
-0.000410
-0.000708
-0.000712
-0.000320
0.000183
0.000442
0.000312
-0.000181
-0.000870
-0.001845
-0.003378
-0.004096
-0.001752
0.001601
0.001124
-0.001972
-0.002216
0.000474
0.002317
0.002439
0.002258
0.002439
0.002038
0.000502
0.000139
0.002169
0.003303
0.001488
-0.000853
-0.001509
-0.000831
-0.000231
-0.000494
-0.000842
-0.000772
-0.001206
-0.002098
-0.002174
-0.001339
-0.000579
-0.000450
-0.000750
-0.000796
-0.000294
0.000178
0.000218
0.000156
0.000290
0.000517
0.000647
0.000648
0.000696
0.000913
0.001142
0.001175
0.001102
0.001207
0.001418
0.001291
0.000812
0.000464
0.000386
0.000206
-0.000384
-0.001267
-0.001916
-0.001931
-0.001642
-0.001671
-0.001995
-0.002126
-0.001897
-0.001546
-0.001500
-0.002060
-0.002700
-0.002417
-0.001146
0.000295
0.001324
0.001912
0.002541
0.003560
0.004429
0.004712
0.004898
0.005045
0.004436
0.003183
0.002281
0.001987
0.001552
0.000461
-0.000964
-0.002162
-0.002950
-0.003445
-0.003729
-0.003706
-0.003424
-0.003346
-0.003645
-0.003691
-0.003014
-0.002009
-0.001239
-0.000815
-0.000507
-0.000016
0.000614
0.001065
0.001355
0.001694
0.001926
0.001855
0.001635
0.001490
0.001456
0.001423
0.001274
0.001061
0.000945
0.000928
0.000829
0.000575
0.000285
0.000030
-0.000209
-0.000385
-0.000446
-0.000426
-0.000339
-0.000230
-0.000244
-0.000384
-0.000488
-0.000846
-0.002089
-0.003153
-0.001546
0.001546
0.001365
-0.001970
-0.002991
-0.000275
0.002146
0.001869
0.000602
0.000526
0.000926
0.000257
0.000042
0.001801
0.002917
0.001027
-0.001653
-0.001825
0.000399
0.001898
0.000859
-0.000795
-0.000973
-0.000491
-0.000518
-0.000576
-0.000182
0.000057
-0.000557
-0.001496
-0.001415
-0.000250
0.000431
-0.000241
-0.001263
-0.001324
-0.000391
0.000508
0.000699
0.000522
0.000453
0.000449
0.000463
0.000756
0.001330
0.001665
0.001423
0.000954
0.000752
0.000789
0.000689
0.000249
-0.000409
-0.000920
-0.000937
-0.000586
-0.000470
-0.000890
-0.001416
-0.001564
-0.001436
-0.001310
-0.001155
-0.000939
-0.001003
-0.001539
-0.001972
-0.001661
-0.000997
-0.000889
-0.001126
-0.000292
0.001917
0.003735
0.004005
0.003705
0.003841
0.004097
0.003923
0.003375
0.002749
0.001943
0.000609
-0.000876
-0.001525
-0.001250
-0.001168
-0.001991
-0.002986
-0.003084
-0.002368
-0.001702
-0.001498
-0.001574
-0.001719
-0.001920
-0.002072
-0.001741
-0.000773
0.000129
0.000224
-0.000222
-0.000359
0.000160
0.000910
0.001287
0.001182
0.000975
0.000935
0.000972
0.001017
0.001149
0.001288
0.001152
0.000711
0.000400
0.000582
0.001013
0.001115
0.000665
-0.000005
-0.000468
-0.000611
-0.000524
-0.000423
-0.000791
-0.001699
-0.001951
-0.000709
0.000370
-0.000535
-0.001954
-0.001250
0.001028
0.001941
0.000755
-0.000236
0.000183
0.000606
0.000268
0.000308
0.001059
0.001033
-0.000380
-0.001280
-0.000077
0.001613
0.001304
-0.000480
-0.001245
-0.000376
0.000466
0.000282
-0.000134
-0.000152
-0.000344
-0.000976
-0.001186
-0.000465
0.000241
-0.000143
-0.001119
-0.001311
-0.000458
0.000369
0.000368
-0.000057
-0.000147
0.000149
0.000442
0.000672
0.001009
0.001270
0.001092
0.000620
0.000451
0.000771
0.001035
0.000725
0.000080
-0.000314
-0.000388
-0.000523
-0.000799
-0.000867
-0.000572
-0.000337
-0.000663
-0.001264
-0.001184
-0.000379
-0.000087
-0.000664
-0.000858
-0.000054
0.000617
0.000080
-0.000962
-0.001143
-0.000586
-0.000327
-0.000366
-0.000027
0.000666
0.001152
0.001230
0.001245
0.001522
0.001868
0.001842
0.001469
0.001254
0.001332
0.001230
0.000640
-0.000056
-0.000324
-0.000256
-0.000361
-0.000689
-0.000792
-0.000596
-0.000573
-0.000949
-0.001354
-0.001372
-0.001113
-0.001012
-0.001118
-0.001065
-0.000748
-0.000495
-0.000518
-0.000559
-0.000345
-0.000053
0.000073
0.000118
0.000253
0.000449
0.000543
0.000515
0.000582
0.000882
0.001197
0.001223
0.000933
0.000578
0.000398
0.000319
0.000146
-0.000040
-0.000100
-0.000242
-0.000716
-0.001203
-0.001019
-0.000188
0.000386
0.000273
0.000187
0.000707
0.001157
0.000700
-0.000129
-0.000269
0.000219
0.000487
0.000284
0.000067
-0.000057
-0.000469
-0.000939
-0.000738
0.000012
0.000350
-0.000118
-0.000696
-0.000629
-0.000121
0.000115
-0.000119
-0.000411
-0.000375
-0.000112
0.000132
0.000364
0.000548
0.000401
-0.000138
-0.000626
-0.000628
-0.000306
-0.000148
-0.000258
-0.000357
-0.000267
-0.000039
0.000223
0.000425
0.000504
0.000459
0.000392
0.000439
0.000590
0.000707
0.000660
0.000435
0.000174
0.000051
0.000057
0.000015
-0.000142
-0.000287
-0.000353
-0.000418
-0.000511
-0.000567
-0.000569
-0.000555
-0.000514
-0.000382
-0.000206
-0.000163
-0.000271
-0.000359
-0.000361
-0.000353
-0.000370
-0.000359
-0.000318
-0.000311
-0.000291
-0.000140
0.000087
0.000199
0.000111
0.000028
0.000350
0.001200
0.002158
0.002737
0.002840
0.002456
0.001587
0.000690
0.000330
0.000356
0.000180
-0.000394
-0.001083
-0.001537
-0.001598
-0.001360
-0.001039
-0.000819
-0.000812
-0.000981
-0.001074
-0.000910
-0.000638
-0.000527
-0.000689
-0.000987
-0.001096
-0.000828
-0.000351
0.000097
0.000428
0.000562
0.000462
0.000353
0.000505
0.000856
0.001110
0.001117
0.000938
0.000682
0.000501
0.000516
0.000625
0.000626
0.000463
0.000209
-0.000072
-0.000304
-0.000338
-0.000161
-0.000026
-0.000125
-0.000336
-0.000459
-0.000467
-0.000407
-0.000222
0.000064
0.000199
0.000052
-0.000219
-0.000448
-0.000560
-0.000498
-0.000265
0.000023
0.000195
0.000179
0.000034
-0.000090
-0.000001
0.000289
0.000513
0.000541
0.000502
0.000481
0.000384
0.000163
-0.000094
-0.000345
-0.000622
-0.000838
-0.000817
-0.000554
-0.000295
-0.000234
-0.000299
-0.000328
-0.000247
-0.000077
0.000102
0.000244
0.000385
0.000508
0.000490
0.000326
0.000220
0.000290
0.000393
0.000420
0.000469
0.000543
0.000445
0.000134
-0.000176
-0.000342
-0.000380
-0.000338
-0.000285
-0.000288
-0.000343
-0.000367
-0.000301
-0.000208
-0.000165
-0.000182
-0.000237
-0.000291
-0.000269
-0.000127
0.000028
-0.000009
-0.000234
-0.000393
-0.000365
-0.000270
-0.000178
-0.000061
0.000050
0.000156
0.000370
0.000695
0.000970
0.001111
0.001126
0.000979
0.000716
0.000553
0.000597
0.000690
0.000644
0.000416
0.000060
-0.000282
-0.000443
-0.000392
-0.000247
-0.000143
-0.000168
-0.000342
-0.000570
-0.000732
-0.000791
-0.000771
-0.000764
-0.000893
-0.001183
-0.001424
-0.001275
-0.000667
0.000061
0.000597
0.000845
0.000742
0.000382
0.000139
0.000297
0.000708
0.000975
0.000875
0.000524
0.000176
-0.000009
-0.000007
0.000102
0.000218
0.000265
0.000215
0.000141
0.000143
0.000206
0.000210
0.000042
-0.000230
-0.000384
-0.000340
-0.000203
-0.000107
-0.000136
-0.000282
-0.000471
-0.000608
-0.000576
-0.000355
-0.000112
-0.000002
0.000005
0.000021
0.000104
0.000247
0.000388
0.000442
0.000349
0.000136
-0.000049
-0.000093
-0.000030
0.000022
-0.000022
-0.000136
-0.000226
-0.000219
-0.000100
0.000048
0.000119
0.000123
0.000119
0.000092
0.000026
-0.000035
-0.000049
-0.000022
0.000008
0.000017
0.000034
0.000119
0.000263
0.000302
0.000104
-0.000190
-0.000330
-0.000293
-0.000250
-0.000276
-0.000255
-0.000100
0.000064
0.000128
0.000206
0.000386
0.000481
0.000332
0.000068
-0.000107
-0.000144
-0.000090
-0.000002
0.000037
-0.000081
-0.000337
-0.000527
-0.000525
-0.000436
-0.000339
-0.000187
-0.000039
-0.000016
-0.000073
-0.000077
-0.000015
0.000094
0.000309
0.000611
0.000877
0.001051
0.001123
0.001047
0.000845
0.000633
0.000475
0.000352
0.000249
0.000135
-0.000048
-0.000270
-0.000440
-0.000543
-0.000631
-0.000746
-0.000872
-0.000928
-0.000862
-0.000738
-0.000663
-0.000689
-0.000737
-0.000669
-0.000471
-0.000242
-0.000049
0.000072
0.000092
0.000040
0.000019
0.000126
0.000325
0.000465
0.000473
0.000464
0.000524
0.000573
0.000548
0.000521
0.000544
0.000566
0.000533
0.000454
0.000372
0.000306
0.000219
0.000075
-0.000086
-0.000222
-0.000340
-0.000424
-0.000427
-0.000347
-0.000246
-0.000200
-0.000224
-0.000306
-0.000419
-0.000445
-0.000282
-0.000018
0.000144
0.000099
-0.000054
-0.000129
-0.000098
-0.000082
-0.000096
-0.000042
0.000052
0.000045
-0.000030
-0.000013
0.000065
0.000052
-0.000002
0.000050
0.000190
0.000273
0.000221
0.000084
-0.000048
-0.000119
-0.000095
0.000026
0.000179
0.000268
0.000250
0.000147
0.000023
-0.000055
-0.000063
-0.000019
0.000084
0.000243
0.000363
0.000310
0.000092
-0.000128
-0.000253
-0.000326
-0.000367
-0.000305
-0.000148
-0.000027
-0.000019
-0.000104
-0.000209
-0.000231
-0.000165
-0.000122
-0.000163
-0.000228
-0.000269
-0.000337
-0.000454
-0.000521
-0.000479
-0.000342
-0.000075
0.000277
0.000475
0.000370
0.000117
0.000020
0.000273
0.000768
0.001169
0.001252
0.001066
0.000798
0.000634
0.000628
0.000629
0.000470
0.000201
-0.000013
-0.000153
-0.000295
-0.000429
-0.000526
-0.000632
-0.000769
-0.000842
-0.000756
-0.000592
-0.000517
-0.000551
-0.000582
-0.000539
-0.000462
-0.000402
-0.000350
-0.000268
-0.000169
-0.000089
-0.000023
0.000044
0.000094
0.000122
0.000144
0.000130
0.000095
0.000156
0.000352
0.000554
0.000633
0.000611
0.000608
0.000660
0.000700
0.000667
0.000555
0.000375
0.000150
-0.000022
-0.000066
-0.000087
-0.000211
-0.000363
-0.000392
-0.000297
-0.000172
-0.000026
0.000098
0.000032
-0.000208
-0.000382
-0.000392
-0.000314
-0.000219
-0.000180
-0.000229
-0.000278
-0.000246
-0.000185
-0.000173
-0.000204
-0.000243
-0.000256
-0.000162
0.000067
0.000299
0.000388
0.000357
0.000304
0.000243
0.000137
0.000039
0.000048
0.000149
0.000246
0.000276
0.000233
0.000152
0.000059
-0.000048
-0.000142
-0.000193
-0.000215
-0.000205
-0.000114
0.000048
0.000186
0.000244
0.000252
0.000226
0.000124
-0.000048
-0.000188
-0.000215
-0.000153
-0.000087
-0.000078
-0.000094
-0.000083
-0.000094
-0.000171
-0.000243
-0.000252
-0.000225
-0.000168
-0.000089
-0.000047
-0.000101
-0.000255
-0.000423
-0.000464
-0.000335
-0.000143
0.000014
0.000123
0.000189
0.000247
0.000349
0.000455
0.000500
0.000520
0.000523
0.000463
0.000384
0.000378
0.000441
0.000511
0.000528
0.000453
0.000323
0.000219
0.000141
0.000036
-0.000081
-0.000177
-0.000279
-0.000393
-0.000456
-0.000435
-0.000374
-0.000371
-0.000498
-0.000677
-0.000690
-0.000457
-0.000246
-0.000342
-0.000586
-0.000656
-0.000586
-0.000525
-0.000384
-0.000107
0.000158
0.000305
0.000389
0.000481
0.000569
0.000614
0.000624
0.000624
0.000635
0.000658
0.000665
0.000637
0.000591
0.000506
0.000368
0.000254
0.000196
0.000093
-0.000084
-0.000221
-0.000262
-0.000278
-0.000322
-0.000381
-0.000496
-0.000687
-0.000819
-0.000744
-0.000545
-0.000392
-0.000263
-0.000066
0.000135
0.000230
0.000222
0.000183
0.000130
0.000052
-0.000005
0.000010
0.000069
0.000070
-0.000024
-0.000153
-0.000268
-0.000301
-0.000179
0.000018
0.000107
0.000049
0.000006
0.000105
0.000284
0.000408
0.000402
0.000286
0.000154
0.000077
0.000047
0.000020
-0.000015
-0.000029
-0.000014
0.000018
0.000082
0.000160
0.000151
0.000014
-0.000141
-0.000179
-0.000074
0.000066
0.000100
0.000005
-0.000166
-0.000354
-0.000428
-0.000285
-0.000044
0.000071
0.000008
-0.000121
-0.000230
-0.000311
-0.000367
-0.000406
-0.000399
-0.000274
-0.000075
0.000074
0.000158
0.000203
0.000188
0.000151
0.000197
0.000357
0.000548
0.000655
0.000643
0.000554
0.000439
0.000354
0.000337
0.000339
0.000266
0.000092
-0.000077
-0.000111
-0.000026
0.000045
0.000001
-0.000144
-0.000297
-0.000353
-0.000289
-0.000191
-0.000165
-0.000238
-0.000366
-0.000488
-0.000547
-0.000523
-0.000434
-0.000272
-0.000045
0.000114
0.000102
0.000010
-0.000039
-0.000054
-0.000091
-0.000126
-0.000074
0.000078
0.000240
0.000313
0.000289
0.000223
0.000161
0.000114
0.000114
0.000216
0.000394
0.000489
0.000387
0.000183
0.000047
0.000029
0.000074
0.000105
0.000088
0.000006
-0.000152
-0.000328
-0.000381
-0.000223
0.000028
0.000149
0.000099
0.000027
0.000004
-0.000027
-0.000111
-0.000218
-0.000290
-0.000307
-0.000287
-0.000260
-0.000244
-0.000264
-0.000302
-0.000277
-0.000172
-0.000052
0.000034
0.000048
-0.000000
-0.000005
0.000094
0.000202
0.000207
0.000138
0.000102
0.000129
0.000174
0.000210
0.000254
0.000297
0.000295
0.000249
0.000187
0.000094
-0.000020
-0.000102
-0.000133
-0.000175
-0.000270
-0.000314
-0.000182
0.000028
0.000118
0.000071
0.000033
0.000083
0.000136
0.000121
0.000090
0.000079
0.000054
0.000006
-0.000046
-0.000092
-0.000110
-0.000113
-0.000150
-0.000211
-0.000236
-0.000220
-0.000206
-0.000181
-0.000099
0.000036
0.000154
0.000185
0.000153
0.000117
0.000082
0.000052
0.000065
0.000126
0.000204
0.000286
0.000358
0.000379
0.000318
0.000191
0.000075
0.000032
0.000016
-0.000021
-0.000023
0.000018
0.000007
-0.000076
-0.000133
-0.000118
-0.000105
-0.000163
-0.000253
-0.000294
-0.000280
-0.000271
-0.000276
-0.000232
-0.000134
-0.000069
-0.000067
-0.000068
-0.000042
-0.000023
-0.000022
-0.000023
-0.000006
0.000036
0.000064
0.000058
0.000080
0.000167
0.000260
0.000302
0.000300
0.000263
0.000181
0.000089
0.000033
0.000002
-0.000022
0.000007
0.000118
0.000212
0.000163
0.000005
-0.000104
-0.000085
-0.000020
-0.000047
-0.000155
-0.000226
-0.000250
-0.000284
-0.000303
-0.000283
-0.000243
-0.000190
-0.000144
-0.000127
-0.000101
-0.000013
0.000124
0.000228
0.000249
0.000197
0.000105
0.000028
0.000036
0.000096
0.000085
0.000011
-0.000000
0.000028
0.000013
-0.000015
-0.000064
-0.000190
-0.000295
-0.000247
-0.000115
-0.000041
-0.000029
-0.000009
0.000032
0.000072
0.000147
0.000269
0.000350
0.000327
0.000259
0.000208
0.000164
0.000124
0.000138
0.000206
0.000242
0.000184
0.000064
-0.000025
-0.000037
-0.000035
-0.000077
-0.000119
-0.000157
-0.000263
-0.000402
-0.000435
-0.000339
-0.000235
-0.000213
-0.000249
-0.000290
-0.000289
-0.000193
0.000012
0.000244
0.000394
0.000427
0.000382
0.000318
0.000263
0.000208
0.000137
0.000058
-0.000027
-0.000114
-0.000191
-0.000263
-0.000313
-0.000259
-0.000105
0.000023
0.000085
0.000162
0.000282
0.000344
0.000268
0.000118
0.000025
0.000044
0.000130
0.000175
0.000086
-0.000073
-0.000156
-0.000155
-0.000177
-0.000224
-0.000210
-0.000161
-0.000180
-0.000252
-0.000271
-0.000235
-0.000229
-0.000229
-0.000151
0.000006
0.000199
0.000397
0.000520
0.000466
0.000266
0.000069
-0.000041
-0.000077
-0.000046
0.000026
0.000056
0.000024
-0.000011
-0.000045
-0.000078
-0.000052
0.000030
0.000075
0.000039
-0.000024
-0.000021
0.000033
-0.000002
-0.000162
-0.000280
-0.000237
-0.000115
-0.000019
0.000060
0.000138
0.000163
0.000103
-0.000017
-0.000140
-0.000181
-0.000138
-0.000115
-0.000139
-0.000122
-0.000037
0.000054
0.000108
0.000148
0.000194
0.000209
0.000130
-0.000007
-0.000087
-0.000051
0.000061
0.000136
0.000092
-0.000026
-0.000118
-0.000124
-0.000032
0.000085
0.000117
0.000070
0.000065
0.000137
0.000170
0.000097
0.000001
-0.000056
-0.000099
-0.000125
-0.000115
-0.000113
-0.000154
-0.000196
-0.000190
-0.000111
0.000046
0.000199
0.000223
0.000134
0.000045
-0.000011
-0.000013
0.000106
0.000286
0.000357
0.000294
0.000202
0.000117
-0.000001
-0.000160
-0.000329
-0.000453
-0.000468
-0.000378
-0.000270
-0.000183
-0.000080
0.000009
0.000007
-0.000062
-0.000089
-0.000064
-0.000068
-0.000074
-0.000002
0.000082
0.000076
0.000027
0.000068
0.000240
0.000461
0.000607
0.000585
0.000423
0.000264
0.000189
0.000125
-0.000004
-0.000166
-0.000278
-0.000306
-0.000286
-0.000283
-0.000326
-0.000367
-0.000333
-0.000224
-0.000112
-0.000038
0.000025
0.000115
0.000179
0.000152
0.000100
0.000118
0.000172
0.000189
0.000190
0.000199
0.000178
0.000108
0.000028
-0.000046
-0.000112
-0.000122
-0.000068
-0.000042
-0.000104
-0.000191
-0.000228
-0.000215
-0.000153
-0.000032
0.000107
0.000183
0.000161
0.000083
0.000003
-0.000065
-0.000119
-0.000151
-0.000152
-0.000107
-0.000010
0.000099
0.000160
0.000155
0.000101
0.000005
-0.000101
-0.000134
-0.000064
0.000026
0.000077
0.000109
0.000119
0.000071
-0.000015
-0.000077
-0.000099
-0.000099
-0.000071
-0.000001
0.000087
0.000159
0.000173
0.000069
-0.000108
-0.000204
-0.000165
-0.000090
-0.000047
0.000009
0.000107
0.000153
0.000080
-0.000011
0.000002
0.000087
0.000133
0.000113
0.000095
0.000102
0.000093
0.000055
0.000020
0.000001
-0.000023
-0.000069
-0.000103
-0.000068
0.000009
-0.000021
-0.000224
-0.000419
-0.000402
-0.000203
0.000009
0.000110
0.000101
0.000070
0.000075
0.000096
0.000079
0.000008
-0.000039
-0.000018
0.000024
0.000076
0.000127
0.000122
0.000070
0.000035
0.000039
0.000067
0.000100
0.000142
0.000203
0.000179
-0.000033
-0.000270
-0.000326
-0.000272
-0.000263
-0.000279
-0.000220
-0.000054
0.000140
0.000230
0.000169
0.000054
0.000041
0.000171
0.000324
0.000364
0.000282
0.000155
0.000059
0.000025
0.000013
0.000008
0.000044
0.000100
0.000106
0.000068
0.000015
-0.000073
-0.000198
-0.000295
-0.000324
-0.000315
-0.000287
-0.000231
-0.000157
-0.000090
-0.000030
0.000023
0.000031
-0.000008
-0.000008
0.000089
0.000203
0.000232
0.000186
0.000136
0.000097
0.000042
-0.000032
-0.000108
-0.000161
-0.000184
-0.000211
-0.000231
-0.000174
-0.000080
-0.000086
-0.000187
-0.000223
-0.000122
0.000026
0.000127
0.000188
0.000220
0.000191
0.000138
0.000142
0.000183
0.000191
0.000156
0.000084
-0.000002
-0.000049
-0.000056
-0.000062
-0.000047
0.000033
0.000138
0.000174
0.000131
0.000045
-0.000073
-0.000190
-0.000258
-0.000265
-0.000189
-0.000049
0.000037
0.000015
0.000004
0.000082
0.000132
0.000068
0.000005
0.000019
0.000012
-0.000043
-0.000032
0.000049
0.000080
0.000016
-0.000053
-0.000044
0.000003
-0.000003
-0.000051
-0.000067
-0.000029
0.000046
0.000119
0.000117
0.000029
-0.000054
-0.000089
-0.000116
-0.000136
-0.000091
0.000028
0.000144
0.000177
0.000128
0.000051
-0.000003
-0.000017
-0.000001
0.000017
0.000008
-0.000029
-0.000032
0.000045
0.000128
0.000149
0.000133
0.000067
-0.000079
-0.000210
-0.000230
-0.000183
-0.000175
-0.000195
-0.000153
-0.000053
0.000019
0.000073
0.000165
0.000237
0.000189
0.000070
0.000020
0.000058
0.000072
0.000015
-0.000040
-0.000062
-0.000091
-0.000099
-0.000030
0.000071
0.000120
0.000064
-0.000094
-0.000193
-0.000048
0.000246
0.000452
0.000517
0.000482
0.000326
0.000088
-0.000103
-0.000222
-0.000354
-0.000479
-0.000497
-0.000427
-0.000368
-0.000323
-0.000219
-0.000077
-0.000003
-0.000035
-0.000132
-0.000245
-0.000294
-0.000196
-0.000006
0.000129
0.000168
0.000188
0.000208
0.000184
0.000140
0.000170
0.000296
0.000398
0.000360
0.000248
0.000181
0.000114
-0.000043
-0.000184
-0.000159
-0.000049
-0.000028
-0.000073
-0.000071
-0.000037
-0.000021
0.000011
0.000055
0.000009
-0.000142
-0.000254
-0.000188
0.000024
0.000219
0.000278
0.000214
0.000117
0.000056
0.000048
0.000076
0.000092
0.000052
-0.000017
-0.000046
-0.000050
-0.000090
-0.000151
-0.000159
-0.000111
-0.000063
-0.000054
-0.000084
-0.000123
-0.000145
-0.000151
-0.000151
-0.000132
-0.000086
-0.000011
0.000103
0.000205
0.000197
0.000085
-0.000007
-0.000018
0.000033
0.000124
0.000223
0.000274
0.000231
0.000102
-0.000021
-0.000070
-0.000088
-0.000111
-0.000131
-0.000150
-0.000134
-0.000034
0.000091
0.000135
0.000096
0.000040
-0.000010
-0.000074
-0.000141
-0.000152
-0.000063
0.000077
0.000158
0.000142
0.000084
0.000022
-0.000043
-0.000089
-0.000105
-0.000089
-0.000046
-0.000021
-0.000056
-0.000101
-0.000106
-0.000103
-0.000092
-0.000027
0.000070
0.000122
0.000122
0.000132
0.000172
0.000183
0.000094
-0.000056
-0.000137
-0.000112
-0.000070
-0.000057
-0.000009
0.000093
0.000130
0.000034
-0.000084
-0.000115
-0.000097
-0.000073
-0.000008
0.000076
0.000089
0.000049
0.000047
0.000068
0.000023
-0.000056
-0.000079
-0.000040
0.000043
0.000114
0.000016
-0.000268
-0.000490
-0.000473
-0.000329
-0.000240
-0.000218
-0.000126
0.000093
0.000308
0.000397
0.000419
0.000459
0.000471
0.000395
0.000289
0.000226
0.000195
0.000178
0.000192
0.000182
0.000052
-0.000149
-0.000234
-0.000148
-0.000039
-0.000001
-0.000004
-0.000072
-0.000233
-0.000388
-0.000438
-0.000384
-0.000300
-0.000243
-0.000164
0.000008
0.000221
0.000358
0.000377
0.000313
0.000224
0.000134
0.000028
-0.000080
-0.000141
-0.000141
-0.000122
-0.000119
-0.000136
-0.000165
-0.000205
-0.000242
-0.000259
-0.000237
-0.000163
-0.000052
0.000049
0.000113
0.000136
0.000141
0.000167
0.000208
0.000188
0.000096
0.000021
0.000028
0.000091
0.000137
0.000104
0.000011
-0.000060
-0.000052
0.000003
0.000043
0.000051
0.000043
0.000028
0.000019
0.000035
0.000055
0.000057
0.000041
0.000004
-0.000030
-0.000028
-0.000013
-0.000035
-0.000106
-0.000186
-0.000200
-0.000129
-0.000040
0.000027
0.000072
0.000073
0.000029
-0.000011
-0.000026
-0.000015
0.000013
0.000015
-0.000012
-0.000009
0.000026
0.000027
0.000014
0.000044
0.000055
0.000000
-0.000042
-0.000025
0.000022
0.000084
0.000114
0.000030
-0.000131
-0.000220
-0.000159
-0.000017
0.000086
0.000106
0.000094
0.000089
0.000066
0.000018
-0.000008
0.000009
0.000006
-0.000069
-0.000138
-0.000113
-0.000030
0.000044
0.000085
0.000070
0.000011
-0.000036
-0.000040
-0.000013
0.000003
-0.000008
-0.000009
0.000032
0.000096
0.000122
0.000074
-0.000005
-0.000081
-0.000151
-0.000175
-0.000119
-0.000031
0.000031
0.000072
0.000114
0.000142
0.000126
0.000069
0.000000
-0.000072
-0.000108
0.000003
0.000231
0.000353
0.000281
0.000179
0.000178
0.000210
0.000150
-0.000032
-0.000236
-0.000358
-0.000404
-0.000409
-0.000338
-0.000203
-0.000112
-0.000122
-0.000198
-0.000272
-0.000270
-0.000190
-0.000116
-0.000072
0.000002
0.000099
0.000153
0.000170
0.000189
0.000175
0.000088
0.000011
0.000037
0.000145
0.000251
0.000275
0.000205
0.000109
0.000031
-0.000019
-0.000018
0.000026
0.000073
0.000104
0.000100
0.000036
-0.000024
0.000022
0.000117
0.000095
-0.000030
-0.000121
-0.000172
-0.000203
-0.000126
0.000048
0.000140
0.000088
0.000017
-0.000006
-0.000015
-0.000032
-0.000049
-0.000024
0.000082
0.000203
0.000198
0.000049
-0.000118
-0.000223
-0.000273
-0.000264
-0.000195
-0.000120
-0.000074
-0.000042
-0.000024
-0.000051
-0.000083
-0.000048
0.000039
0.000101
0.000112
0.000115
0.000148
0.000193
0.000221
0.000207
0.000123
0.000004
-0.000079
-0.000099
-0.000038
0.000077
0.000121
0.000054
0.000011
0.000038
-0.000008
-0.000166
-0.000291
-0.000309
-0.000266
-0.000188
-0.000080
-0.000006
0.000002
0.000010
0.000067
0.000136
0.000176
0.000208
0.000249
