4640
-0.000021
-0.000062
-0.000086
-0.000097
-0.000077
-0.000019
0.000044
0.000059
0.000029
0.000018
0.000040
0.000035
0.000002
0.000028
0.000118
0.000151
0.000067
-0.000046
-0.000072
0.000008
0.000065
-0.000014
-0.000120
-0.000115
-0.000049
-0.000004
0.000027
0.000042
0.000020
-0.000027
-0.000077
-0.000089
-0.000048
-0.000019
-0.000046
-0.000077
-0.000057
0.000003
0.000056
0.000058
0.000015
-0.000033
-0.000044
0.000013
0.000107
0.000151
0.000092
0.000002
-0.000047
-0.000053
0.000029
0.000233
0.000417
0.000437
0.000352
0.000278
0.000179
-0.000006
-0.000184
-0.000241
-0.000238
-0.000321
-0.000478
-0.000538
-0.000451
-0.000352
-0.000322
-0.000288
-0.000197
-0.000111
-0.000092
-0.000091
-0.000010
0.000125
0.000173
0.000136
0.000182
0.000312
0.000350
0.000297
0.000289
0.000308
0.000245
0.000116
0.000016
-0.000031
-0.000085
-0.000180
-0.000262
-0.000260
-0.000157
-0.000012
0.000101
0.000153
0.000158
0.000136
0.000099
0.000062
0.000058
0.000049
-0.000021
-0.000060
0.000039
0.000162
0.000150
0.000067
0.000055
0.000049
-0.000057
-0.000150
-0.000109
-0.000039
-0.000042
-0.000047
-0.000007
-0.000002
-0.000058
-0.000092
-0.000083
-0.000097
-0.000126
-0.000111
-0.000073
-0.000048
-0.000039
-0.000053
-0.000082
-0.000077
-0.000007
0.000088
0.000155
0.000175
0.000175
0.000184
0.000151
0.000056
-0.000004
0.000020
0.000030
-0.000029
-0.000085
-0.000089
-0.000081
-0.000092
-0.000085
-0.000029
0.000029
0.000025
-0.000010
0.000010
0.000062
0.000063
0.000026
-0.000001
-0.000029
-0.000060
-0.000050
0.000004
0.000044
0.000018
-0.000043
-0.000063
-0.000029
0.000002
-0.000005
-0.000017
0.000020
0.000096
0.000134
0.000104
0.000045
0.000008
-0.000005
-0.000033
-0.000069
-0.000070
-0.000045
-0.000038
-0.000030
0.000019
0.000053
0.000008
-0.000063
-0.000089
-0.000086
-0.000098
-0.000102
-0.000050
0.000027
0.000075
0.000073
0.000028
-0.000004
0.000031
0.000079
0.000072
0.000039
0.000019
0.000003
-0.000006
-0.000007
-0.000019
-0.000032
-0.000023
0.000010
0.000074
0.000138
0.000061
-0.000217
-0.000490
-0.000541
-0.000420
-0.000275
-0.000135
0.000020
0.000174
0.000290
0.000327
0.000293
0.000261
0.000283
0.000344
0.000385
0.000354
0.000276
0.000227
0.000200
0.000124
0.000008
-0.000068
-0.000058
-0.000014
-0.000022
-0.000064
-0.000092
-0.000157
-0.000268
-0.000308
-0.000250
-0.000206
-0.000222
-0.000230
-0.000185
-0.000111
-0.000041
0.000026
0.000092
0.000158
0.000215
0.000215
0.000144
0.000088
0.000092
0.000067
-0.000022
-0.000094
-0.000125
-0.000180
-0.000269
-0.000343
-0.000346
-0.000261
-0.000148
-0.000060
0.000021
0.000109
0.000174
0.000172
0.000101
0.000017
0.000011
0.000112
0.000212
0.000200
0.000133
0.000116
0.000128
0.000108
0.000069
0.000031
0.000004
0.000004
0.000021
0.000011
-0.000018
0.000000
0.000057
0.000066
-0.000012
-0.000136
-0.000222
-0.000206
-0.000117
-0.000044
-0.000044
-0.000081
-0.000082
-0.000044
-0.000014
0.000012
0.000071
0.000139
0.000152
0.000105
0.000063
0.000044
0.000019
-0.000000
0.000007
0.000024
0.000027
-0.000005
-0.000067
-0.000116
-0.000136
-0.000137
-0.000093
-0.000007
0.000052
0.000058
0.000052
0.000037
0.000000
-0.000033
-0.000064
-0.000095
-0.000077
-0.000004
0.000059
0.000089
0.000109
0.000114
0.000090
0.000068
0.000062
0.000050
0.000037
0.000042
0.000062
0.000097
0.000095
-0.000007
-0.000134
-0.000179
-0.000169
-0.000162
-0.000132
-0.000061
0.000001
0.000004
-0.000036
-0.000062
-0.000048
-0.000011
0.000022
0.000032
0.000039
0.000051
0.000043
0.000040
0.000064
0.000062
0.000012
-0.000015
0.000015
0.000069
0.000097
0.000043
-0.000012
0.000127
0.000407
0.000529
0.000408
0.000234
0.000139
0.000070
-0.000046
-0.000197
-0.000331
-0.000412
-0.000444
-0.000452
-0.000451
-0.000430
-0.000377
-0.000305
-0.000256
-0.000230
-0.000172
-0.000047
0.000073
0.000080
0.000002
-0.000019
0.000068
0.000182
0.000251
0.000292
0.000343
0.000374
0.000341
0.000280
0.000242
0.000199
0.000089
-0.000078
-0.000200
-0.000196
-0.000107
-0.000030
0.000014
0.000051
0.000083
0.000101
0.000091
0.000047
0.000008
-0.000001
-0.000013
-0.000058
-0.000075
-0.000025
0.000007
-0.000014
-0.000004
0.000053
0.000085
0.000069
0.000029
-0.000031
-0.000076
-0.000070
-0.000048
-0.000031
-0.000011
-0.000011
-0.000055
-0.000106
-0.000106
-0.000046
0.000011
0.000005
-0.000038
-0.000066
-0.000073
-0.000086
-0.000118
-0.000124
-0.000050
0.000070
0.000134
0.000135
0.000136
0.000133
0.000105
0.000061
-0.000005
-0.000082
-0.000118
-0.000091
-0.000040
0.000011
0.000075
0.000122
0.000111
0.000085
0.000090
0.000079
-0.000005
-0.000108
-0.000120
-0.000047
0.000007
0.000023
0.000056
0.000076
0.000016
-0.000077
-0.000113
-0.000093
-0.000056
-0.000041
-0.000070
-0.000105
-0.000080
0.000002
0.000114
0.000210
0.000211
0.000113
0.000010
-0.000025
-0.000031
-0.000087
-0.000146
-0.000107
-0.000012
0.000055
0.000130
0.000217
0.000179
0.000006
-0.000118
-0.000122
-0.000105
-0.000100
-0.000063
-0.000043
-0.000114
-0.000194
-0.000152
-0.000039
0.000009
0.000007
0.000030
0.000052
0.000050
0.000063
0.000106
0.000131
0.000115
0.000086
0.000036
-0.000034
-0.000039
0.000006
-0.000071
-0.000273
-0.000411
-0.000409
-0.000316
-0.000168
-0.000016
0.000079
0.000125
0.000173
0.000228
0.000259
0.000259
0.000253
0.000285
0.000375
0.000449
0.000410
0.000311
0.000238
0.000171
0.000086
-0.000006
-0.000084
-0.000093
-0.000096
-0.000184
-0.000209
-0.000110
-0.000102
-0.000229
-0.000346
-0.000407
-0.000436
-0.000522
-0.000651
-0.000623
-0.000419
-0.000165
0.000161
0.000526
0.000794
0.000910
0.000869
0.000768
0.000679
0.000440
0.000006
-0.000369
-0.000557
-0.000648
-0.000679
-0.000632
-0.000529
-0.000400
-0.000226
-0.000026
0.000091
0.000096
0.000113
0.000203
0.000302
0.000342
0.000299
0.000213
0.000133
0.000037
-0.000097
-0.000243
-0.000340
-0.000314
-0.000189
-0.000042
0.000111
0.000222
0.000228
0.000193
0.000183
0.000134
0.000002
-0.000122
-0.000115
-0.000002
0.000077
0.000118
0.000226
0.000377
0.000411
0.000199
-0.000205
-0.000540
-0.000643
-0.000618
-0.000552
-0.000371
-0.000049
0.000288
0.000511
0.000640
0.000697
0.000565
0.000203
-0.000219
-0.000441
-0.000341
-0.000154
-0.000097
0.000001
0.000202
0.000300
0.000239
0.000053
-0.000240
-0.000515
-0.000651
-0.000590
-0.000324
0.000014
0.000268
0.000415
0.000475
0.000437
0.000264
-0.000075
-0.000510
-0.000901
-0.001072
-0.000835
-0.000264
0.000314
0.000798
0.001262
0.001594
0.001633
0.001307
0.000648
-0.000113
-0.000708
-0.001008
-0.000993
-0.000783
-0.000531
-0.000291
-0.000108
-0.000019
0.000011
-0.000024
-0.000135
-0.000232
-0.000205
-0.000025
0.000227
0.000402
0.000394
0.000224
0.000022
-0.000116
-0.000252
-0.000451
-0.000618
-0.000626
-0.000421
-0.000009
0.000467
0.000785
0.000824
0.000630
0.000385
0.000187
-0.000008
-0.000165
-0.000119
0.000180
0.000537
0.000711
0.000652
0.000396
-0.000070
-0.000681
-0.001242
-0.001596
-0.001706
-0.001587
-0.001221
-0.000597
0.000091
0.000484
0.000545
0.000638
0.000847
0.000910
0.000858
0.000900
0.000949
0.000879
0.000775
0.000609
0.000223
-0.000367
-0.000940
-0.001205
-0.001108
-0.000932
-0.000791
-0.000513
-0.000093
0.000347
0.000728
0.000958
0.001023
0.000966
0.000784
0.000516
0.000104
-0.000603
-0.001344
-0.001543
-0.001126
-0.000543
-0.000070
0.000389
0.000933
0.001345
0.001303
0.000899
0.000482
0.000106
-0.000283
-0.000509
-0.000467
-0.000342
-0.000299
-0.000302
-0.000259
-0.000218
-0.000322
-0.000515
-0.000592
-0.000478
-0.000191
0.000216
0.000600
0.000764
0.000558
0.000095
-0.000258
-0.000381
-0.000486
-0.000618
-0.000588
-0.000326
0.000048
0.000394
0.000623
0.000564
0.000122
-0.000378
-0.000489
-0.000182
0.000231
0.000474
0.000606
0.000854
0.000993
0.000543
-0.000204
-0.000428
0.000005
0.000561
0.000792
0.000559
0.000067
-0.000426
-0.000923
-0.001400
-0.001769
-0.001974
-0.001759
-0.000943
0.000160
0.000998
0.001262
0.001160
0.001069
0.001014
0.000870
0.000615
0.000323
0.000202
0.000290
0.000345
0.000248
-0.000027
-0.000529
-0.001072
-0.001346
-0.001294
-0.001096
-0.000972
-0.000914
-0.000600
0.000099
0.000831
0.001255
0.001384
0.001397
0.001446
0.001518
0.001403
0.000935
0.000189
-0.000557
-0.001003
-0.001114
-0.001129
-0.001209
-0.001254
-0.001068
-0.000705
-0.000475
-0.000427
-0.000291
0.000029
0.000415
0.000787
0.001069
0.001123
0.000911
0.000591
0.000336
0.000180
0.000022
-0.000249
-0.000541
-0.000672
-0.000594
-0.000323
0.000019
0.000212
0.000242
0.000269
0.000368
0.000480
0.000408
0.000129
-0.000007
0.000095
0.000102
-0.000117
-0.000374
-0.000516
-0.000558
-0.000587
-0.000530
-0.000273
-0.000002
0.000096
0.000160
0.000269
0.000315
0.000269
0.000219
0.000267
0.000391
0.000519
0.000715
0.000799
0.000302
-0.000707
-0.001576
-0.001859
-0.001641
-0.001259
-0.000786
-0.000184
0.000325
0.000713
0.001038
0.000977
0.000538
0.000248
0.000335
0.000605
0.000752
0.000726
0.000698
0.000496
-0.000045
-0.000575
-0.000866
-0.001071
-0.001268
-0.001276
-0.000803
0.000125
0.001029
0.001580
0.001822
0.001827
0.001579
0.001054
0.000335
-0.000398
-0.001037
-0.001497
-0.001592
-0.001305
-0.000936
-0.000736
-0.000635
-0.000469
-0.000273
-0.000179
-0.000119
0.000072
0.000380
0.000672
0.000891
0.001008
0.000930
0.000606
0.000169
-0.000183
-0.000403
-0.000569
-0.000685
-0.000642
-0.000379
0.000001
0.000317
0.000466
0.000478
0.000431
0.000378
0.000329
0.000241
0.000085
-0.000068
-0.000163
-0.000230
-0.000280
-0.000322
-0.000390
-0.000427
-0.000364
-0.000208
-0.000004
0.000165
0.000198
0.000134
0.000130
0.000209
0.000254
0.000218
0.000058
-0.000243
-0.000428
-0.000285
-0.000088
-0.000183
-0.000410
-0.000325
0.000124
0.000496
0.000574
0.000655
0.000843
0.000765
0.000323
-0.000097
-0.000373
-0.000771
-0.001150
-0.000982
-0.000253
0.000321
0.000233
-0.000063
-0.000040
-0.000071
-0.000384
-0.000594
-0.000684
-0.000678
-0.000318
0.000265
0.000947
0.001711
0.002080
0.001844
0.001328
0.000674
-0.000052
-0.000672
-0.001022
-0.000867
-0.000269
0.000258
0.000400
0.000231
-0.000163
-0.000706
-0.001209
-0.001522
-0.001611
-0.001461
-0.001019
-0.000279
0.000586
0.001236
0.001399
0.001145
0.000754
0.000336
-0.000128
-0.000495
-0.000581
-0.000453
-0.000281
-0.000098
0.000073
0.000084
-0.000115
-0.000336
-0.000365
-0.000196
0.000079
0.000467
0.000959
0.001349
0.001363
0.000994
0.000495
0.000003
-0.000456
-0.000695
-0.000585
-0.000336
-0.000195
-0.000176
-0.000179
-0.000113
-0.000008
-0.000009
-0.000116
-0.000213
-0.000270
-0.000275
-0.000202
-0.000083
0.000036
0.000055
-0.000092
-0.000253
-0.000279
-0.000241
-0.000190
-0.000027
0.000267
0.000517
0.000559
0.000465
0.000423
0.000445
0.000339
-0.000001
-0.000353
-0.000466
-0.000449
-0.000493
-0.000534
-0.000467
-0.000281
-0.000051
0.000132
0.000384
0.000668
0.000585
0.000242
0.000155
0.000258
0.000233
0.000097
0.000161
0.000524
0.000325
-0.000880
-0.001692
-0.001433
-0.001178
-0.000879
0.000397
0.002213
0.003267
0.002787
0.001419
0.000202
-0.001495
-0.004187
-0.006012
-0.005401
-0.003336
-0.001316
0.000512
0.002519
0.004250
0.004812
0.004292
0.003678
0.003298
0.002666
0.001908
0.001710
0.001745
0.000858
-0.001047
-0.002901
-0.004126
-0.004984
-0.005486
-0.005125
-0.003736
-0.001874
-0.000084
0.001606
0.003044
0.003622
0.003152
0.002304
0.001705
0.001226
0.000522
-0.000281
-0.000864
-0.001226
-0.001512
-0.001738
-0.001940
-0.002168
-0.002208
-0.001707
-0.000691
0.000331
0.001031
0.001681
0.002512
0.003157
0.003226
0.002841
0.002273
0.001534
0.000517
-0.000621
-0.001470
-0.001916
-0.002206
-0.002282
-0.001889
-0.001204
-0.000573
0.000018
0.000732
0.001397
0.001623
0.001411
0.001076
0.000592
-0.000198
-0.001026
-0.001438
-0.001374
-0.001211
-0.001120
-0.000785
-0.000156
0.000275
0.000275
0.000238
0.000568
0.001031
0.001186
0.001201
0.001337
0.001201
0.000445
-0.000578
-0.001324
-0.001598
-0.001524
-0.001279
-0.000924
-0.000602
-0.000557
-0.000643
-0.000396
0.000256
0.001138
0.001981
0.001977
0.000881
-0.000089
-0.000258
-0.000487
-0.001176
-0.001131
0.000743
0.002957
0.002824
0.000655
-0.001494
-0.004073
-0.007804
-0.010030
-0.007979
-0.002929
0.002141
0.006578
0.010902
0.013707
0.012815
0.008627
0.003885
0.000209
-0.002835
-0.005061
-0.005241
-0.003889
-0.003187
-0.003773
-0.004421
-0.004609
-0.005033
-0.005691
-0.005174
-0.002557
0.001089
0.004201
0.006535
0.008086
0.007899
0.005542
0.002298
-0.000386
-0.002396
-0.004059
-0.004940
-0.004507
-0.003256
-0.002203
-0.001621
-0.001102
-0.000549
-0.000157
0.000298
0.001230
0.002495
0.003526
0.004048
0.004143
0.003772
0.002718
0.001070
-0.000591
-0.001723
-0.002321
-0.002607
-0.002555
-0.002104
-0.001517
-0.001114
-0.000894
-0.000706
-0.000516
-0.000315
-0.000019
0.000442
0.001007
0.001432
0.001435
0.000993
0.000325
-0.000361
-0.001012
-0.001721
-0.002225
-0.001744
-0.000062
0.002021
0.003590
0.004116
0.003621
0.002607
0.001329
-0.000116
-0.001340
-0.002110
-0.002410
-0.002281
-0.002023
-0.001834
-0.001768
-0.001963
-0.002157
-0.001766
-0.000584
0.001108
0.002673
0.003490
0.003496
0.002967
0.002033
0.000803
-0.000401
-0.001233
-0.001629
-0.001828
-0.002069
-0.002222
-0.001985
-0.001562
-0.001121
-0.000021
0.001772
0.002560
0.001212
-0.000366
0.000241
0.001625
0.001095
-0.000329
-0.001423
-0.004646
-0.010422
-0.013798
-0.010909
-0.003450
0.004752
0.012073
0.018605
0.022642
0.021104
0.014288
0.006072
-0.001084
-0.007149
-0.011262
-0.011809
-0.009542
-0.007312
-0.006564
-0.006437
-0.006305
-0.006807
-0.007787
-0.007194
-0.003487
0.002198
0.007727
0.012093
0.014486
0.013535
0.009087
0.003199
-0.001776
-0.005174
-0.007438
-0.008409
-0.007476
-0.005180
-0.003065
-0.001821
-0.001062
-0.000616
-0.000470
0.000084
0.001823
0.004509
0.007161
0.008840
0.008981
0.007468
0.004531
0.000807
-0.002632
-0.005017
-0.006318
-0.006658
-0.006130
-0.005193
-0.004353
-0.003517
-0.002259
-0.000609
0.000948
0.002175
0.003249
0.004175
0.004504
0.003847
0.002463
0.000919
-0.000532
-0.001692
-0.002219
-0.002205
-0.002157
-0.002174
-0.001761
-0.000577
0.000995
0.002271
0.003015
0.003461
0.003680
0.003278
0.002035
0.000374
-0.001228
-0.002556
-0.003388
-0.003688
-0.003658
-0.003432
-0.003024
-0.002272
-0.001084
0.000232
0.001415
0.002479
0.003317
0.003714
0.003542
0.002861
0.001955
0.000981
-0.000172
-0.001474
-0.002438
-0.002343
-0.001253
-0.000435
-0.000880
-0.002065
-0.002481
-0.001169
0.000743
0.001161
0.000215
-0.000289
-0.000112
-0.000500
-0.002404
-0.005788
-0.008970
-0.009562
-0.006232
0.000893
0.009363
0.015541
0.018348
0.018428
0.015215
0.008917
0.001875
-0.003958
-0.007879
-0.009494
-0.008836
-0.006884
-0.005500
-0.006137
-0.008104
-0.009203
-0.008431
-0.006550
-0.003944
-0.000009
0.005062
0.009752
0.012535
0.012555
0.009701
0.004908
-0.000087
-0.003636
-0.005149
-0.005294
-0.004904
-0.004217
-0.003474
-0.003107
-0.003100
-0.002992
-0.002355
-0.000976
0.001137
0.003827
0.006677
0.008743
0.009098
0.007703
0.005204
0.002206
-0.000806
-0.003341
-0.005006
-0.005662
-0.005782
-0.006617
-0.008509
-0.009247
-0.006732
-0.001826
0.003776
0.008935
0.011875
0.011354
0.007854
0.002975
-0.001247
-0.004073
-0.005800
-0.005763
-0.003976
-0.002261
-0.001864
-0.002652
-0.003547
-0.003148
-0.001226
0.001701
0.005162
0.008010
0.009149
0.008500
0.006257
0.002648
-0.001750
-0.005843
-0.008140
-0.008007
-0.006311
-0.004282
-0.002682
-0.001783
-0.001370
-0.000906
0.000161
0.001868
0.003629
0.005037
0.006122
0.006623
0.005876
0.003640
0.000686
-0.001845
-0.003565
-0.004543
-0.004444
-0.003113
-0.001462
-0.000904
-0.001608
-0.001911
-0.001016
-0.000597
-0.001362
-0.001556
-0.000663
-0.000912
-0.003985
-0.007759
-0.008309
-0.005163
-0.000213
0.006631
0.014718
0.020269
0.020640
0.016516
0.010100
0.003384
-0.002807
-0.007583
-0.009354
-0.008425
-0.007155
-0.006802
-0.007128
-0.008134
-0.009794
-0.010818
-0.009416
-0.005407
-0.000215
0.005019
0.009688
0.012661
0.012587
0.009384
0.004765
0.000693
-0.002189
-0.003863
-0.004058
-0.003125
-0.002351
-0.002633
-0.003673
-0.004651
-0.005030
-0.004487
-0.002619
0.000603
0.004313
0.007315
0.009017
0.009394
0.008364
0.005933
0.002848
0.000222
-0.001499
-0.002557
-0.003212
-0.003715
-0.004471
-0.006196
-0.009851
-0.013564
-0.011467
-0.002725
0.004527
0.006278
0.007259
0.009276
0.009129
0.005790
0.002052
0.001091
0.001284
-0.000755
-0.002485
-0.001292
-0.000806
-0.003365
-0.006341
-0.006745
-0.004261
-0.001382
0.000758
0.003670
0.006344
0.006483
0.005162
0.003840
0.001795
-0.001286
-0.003814
-0.003861
-0.002165
-0.001582
-0.002624
-0.003374
-0.003218
-0.002952
-0.002549
-0.001050
0.001515
0.003547
0.004231
0.004505
0.004751
0.004175
0.002631
0.000841
-0.000559
-0.001265
-0.001296
-0.000980
-0.000956
-0.001787
-0.002777
-0.002740
-0.002213
-0.001932
-0.000940
0.000643
0.001069
0.000106
-0.001250
-0.002218
-0.002273
-0.002777
-0.006253
-0.011923
-0.014485
-0.008674
0.004608
0.018443
0.027329
0.030006
0.025649
0.014597
0.001322
-0.008700
-0.013199
-0.013071
-0.010308
-0.006516
-0.003503
-0.003772
-0.007948
-0.013123
-0.015626
-0.013934
-0.008369
-0.000077
0.008765
0.015324
0.017911
0.016648
0.012225
0.005461
-0.001676
-0.006234
-0.006543
-0.003874
-0.001057
-0.000015
-0.001301
-0.004645
-0.008635
-0.010832
-0.009448
-0.004802
0.001189
0.006673
0.010580
0.012242
0.011429
0.008715
0.005104
0.001593
-0.000880
-0.001724
-0.001169
-0.000399
-0.001209
-0.005085
-0.010918
-0.013891
-0.011002
-0.005835
-0.002124
0.001358
0.005447
0.008236
0.008461
0.006918
0.005658
0.004832
0.002740
0.000568
0.000298
0.000196
-0.001754
-0.004753
-0.006630
-0.005943
-0.003839
-0.001997
0.000042
0.002332
0.003619
0.003880
0.003687
0.002742
0.000792
-0.001448
-0.002453
-0.001684
-0.000710
-0.000863
-0.001660
-0.002454
-0.003151
-0.003317
-0.002301
-0.000242
0.001835
0.003174
0.003962
0.004451
0.004270
0.003148
0.001506
0.000106
-0.000402
0.000097
0.000837
0.000691
-0.000762
-0.002847
-0.004415
-0.004824
-0.003938
-0.001712
0.001005
0.002341
0.001258
-0.001139
-0.002309
-0.001015
0.000368
-0.001433
-0.005720
-0.008400
-0.007194
-0.003526
0.001289
0.007622
0.013845
0.016352
0.014308
0.010169
0.006119
0.002536
-0.000594
-0.002259
-0.001993
-0.001767
-0.003577
-0.006749
-0.009649
-0.011654
-0.012372
-0.011043
-0.007569
-0.003157
0.000859
0.004244
0.006941
0.008030
0.006976
0.004874
0.003342
0.002810
0.002720
0.002774
0.002738
0.001680
-0.001011
-0.004357
-0.006653
-0.007121
-0.006112
-0.004198
-0.001760
0.000660
0.002405
0.003358
0.003918
0.004227
0.004147
0.003866
0.003789
0.003620
0.002130
-0.000651
-0.001971
-0.000707
-0.000396
-0.003141
-0.005657
-0.005085
-0.002984
-0.001766
-0.000950
0.000999
0.002619
0.001675
-0.000077
-0.000025
0.000620
-0.000266
-0.001730
-0.001357
0.000907
0.002611
0.002616
0.002178
0.001790
0.000730
-0.000411
-0.000368
0.000437
0.000666
0.000194
-0.000073
-0.000116
-0.001034
-0.002792
-0.003792
-0.003384
-0.002406
-0.001341
-0.000085
0.000981
0.001174
0.000633
0.000464
0.001222
0.001908
0.001148
-0.000611
-0.000744
0.001961
0.004911
0.005829
0.005359
0.003684
0.000137
-0.004122
-0.006996
-0.007248
-0.005015
-0.001767
0.000860
0.001586
-0.000081
-0.002592
-0.004126
-0.005002
-0.005621
-0.004916
-0.002630
0.000026
0.002539
0.005442
0.008469
0.010349
0.010432
0.009158
0.007323
0.005492
0.003652
0.001750
0.000104
-0.001569
-0.003872
-0.006314
-0.008152
-0.009283
-0.009399
-0.008265
-0.006337
-0.004059
-0.001754
0.000205
0.001831
0.003142
0.003873
0.004182
0.004392
0.004325
0.003865
0.003183
0.002251
0.000943
-0.000738
-0.002572
-0.003976
-0.004477
-0.004162
-0.003252
-0.001943
-0.000668
0.000264
0.000993
0.001772
0.002678
0.003584
0.004264
0.004597
0.004425
0.002981
-0.000182
-0.002597
-0.001074
0.002014
0.001457
-0.001952
-0.003349
-0.001950
-0.000912
-0.001642
-0.002086
-0.001123
-0.000943
-0.002108
-0.002046
-0.000658
-0.000531
-0.001691
-0.001528
0.000845
0.003177
0.003466
0.002645
0.002109
0.001467
0.000671
0.000770
0.001481
0.001268
-0.000032
-0.001028
-0.001114
-0.001399
-0.002592
-0.003455
-0.002922
-0.001788
-0.000899
-0.000053
0.000671
0.000575
-0.000353
-0.000838
0.000178
0.001890
0.002868
0.003045
0.002815
0.001859
0.000506
0.000158
0.001014
0.001427
0.000445
-0.000828
-0.001188
-0.001265
-0.002542
-0.005158
-0.007335
-0.007070
-0.004429
-0.000973
0.002472
0.004621
0.003336
-0.000139
-0.001673
0.000223
0.004308
0.008777
0.011036
0.009628
0.005602
0.000798
-0.002701
-0.003733
-0.003505
-0.003074
-0.002214
-0.001728
-0.002594
-0.004118
-0.005248
-0.005348
-0.004099
-0.001944
0.000553
0.002863
0.003883
0.003226
0.002002
0.001119
0.000524
0.000068
-0.000191
-0.000187
-0.000017
-0.000017
-0.000462
-0.001348
-0.002500
-0.003431
-0.003296
-0.001714
0.000522
0.002196
0.002793
0.002491
0.001799
0.001424
0.001752
0.002447
0.002571
0.001303
-0.000530
-0.000918
0.000155
0.000747
0.000294
-0.000308
-0.000718
-0.001114
-0.001466
-0.001369
-0.000681
-0.000311
-0.000807
-0.001163
-0.000699
-0.000087
0.000148
0.000183
0.000234
0.000279
0.000199
0.000154
0.000408
0.000711
0.000736
0.000647
0.000553
0.000255
-0.000187
-0.000410
-0.000256
-0.000000
-0.000001
-0.000189
-0.000352
-0.000642
-0.001093
-0.001295
-0.001091
-0.000822
-0.000693
-0.000500
-0.000082
0.000369
0.000666
0.000957
0.001341
0.001599
0.001534
0.001189
0.000736
0.000376
0.000080
-0.000430
-0.001017
-0.001080
-0.000711
-0.001098
-0.003110
-0.005863
-0.007386
-0.006838
-0.004913
-0.001921
0.002298
0.006638
0.009226
0.009405
0.008183
0.006931
0.005905
0.004879
0.004372
0.004308
0.003240
0.000505
-0.002989
-0.006172
-0.008360
-0.009215
-0.008661
-0.006830
-0.004539
-0.002846
-0.001817
-0.001056
-0.000545
0.000005
0.001162
0.002861
0.004447
0.005259
0.005038
0.003991
0.002347
0.000382
-0.001169
-0.001749
-0.001718
-0.001733
-0.002017
-0.002523
-0.003080
-0.003320
-0.002876
-0.001648
0.000140
0.001988
0.003396
0.004198
0.004418
0.003760
0.001972
0.000425
0.001200
0.003129
0.003034
0.001325
0.000362
-0.000387
-0.002151
-0.003921
-0.004180
-0.003045
-0.002293
-0.002635
-0.002533
-0.001653
-0.001397
-0.001557
-0.000915
0.000445
0.001705
0.002451
0.002872
0.003109
0.002748
0.001878
0.001327
0.001135
0.000684
0.000051
-0.000331
-0.000589
-0.001079
-0.001667
-0.001849
-0.001636
-0.001651
-0.001954
-0.001857
-0.001217
-0.000563
-0.000034
0.000611
0.001346
0.001873
0.001997
0.001835
0.001604
0.001387
0.001209
0.001011
0.000683
0.000205
-0.000495
-0.001323
-0.001798
-0.001790
-0.002062
-0.003572
-0.005861
-0.006688
-0.005067
-0.002757
-0.000632
0.002329
0.005443
0.006622
0.005822
0.004942
0.005193
0.005825
0.005726
0.005345
0.004986
0.003290
-0.000170
-0.003626
-0.005539
-0.005967
-0.005678
-0.005029
-0.004022
-0.003268
-0.003364
-0.003549
-0.002900
-0.001692
-0.000362
0.001162
0.002736
0.003719
0.003591
0.002697
0.001859
0.001243
0.000629
0.000245
0.000213
0.000057
-0.000611
-0.001585
-0.002357
-0.002610
-0.002342
-0.001547
-0.000282
0.000977
0.001636
0.001375
0.000460
0.000167
0.001356
0.002873
0.003493
0.003513
0.003060
0.001747
0.000057
-0.000914
-0.000727
-0.000314
-0.000779
-0.001472
-0.001433
-0.001510
-0.002544
-0.003611
-0.003536
-0.002442
-0.001266
-0.000413
0.000370
0.000849
0.000578
0.000196
0.000655
0.001646
0.002240
0.002292
0.002195
0.001992
0.001392
0.000457
-0.000303
-0.000716
-0.001072
-0.001330
-0.001230
-0.001050
-0.001246
-0.001680
-0.001795
-0.001367
-0.000719
-0.000156
0.000374
0.000923
0.001300
0.001285
0.000955
0.000627
0.000443
0.000486
0.000982
0.001578
0.001051
-0.001282
-0.004082
-0.005110
-0.004081
-0.002350
-0.000106
0.002679
0.004152
0.003136
0.001331
0.000907
0.002105
0.003615
0.004413
0.004731
0.004420
0.002364
-0.000894
-0.003098
-0.003499
-0.003089
-0.002510
-0.001875
-0.001541
-0.001998
-0.003059
-0.003552
-0.002770
-0.001469
-0.000368
0.000702
0.001539
0.001428
0.000526
-0.000099
0.000094
0.000568
0.000750
0.000822
0.000941
0.000655
-0.000165
-0.000845
-0.000910
-0.000593
-0.000167
0.000355
0.000855
0.001000
0.000438
-0.000629
-0.000889
0.000461
0.001973
0.002298
0.002129
0.001893
0.001175
0.000485
0.000558
0.001295
0.001931
0.001469
0.000142
-0.000921
-0.001761
-0.002689
-0.003090
-0.002808
-0.002332
-0.002002
-0.001987
-0.002009
-0.001707
-0.001185
-0.000332
0.000996
0.002143
0.002523
0.002366
0.002023
0.001568
0.001010
0.000490
0.000258
0.000157
-0.000329
-0.001083
-0.001508
-0.001652
-0.001792
-0.001608
-0.000892
-0.000058
0.000453
0.000334
-0.000367
-0.000793
-0.000199
0.000866
0.001443
0.001501
0.001414
0.000878
-0.000613
-0.002397
-0.002854
-0.001602
-0.000098
0.000796
0.001718
0.002611
0.002391
0.001261
0.000801
0.001599
0.002668
0.003043
0.002691
0.001842
0.000404
-0.001379
-0.002467
-0.002309
-0.001715
-0.001495
-0.001503
-0.001592
-0.001987
-0.002462
-0.002306
-0.001289
-0.000081
0.000543
0.000635
0.000671
0.000587
0.000168
-0.000119
0.000231
0.000848
0.001012
0.000640
0.000183
-0.000120
-0.000390
-0.000612
-0.000539
-0.000197
0.000017
-0.000084
-0.000197
-0.000128
-0.000189
-0.000397
-0.000085
0.000914
0.001781
0.001944
0.001694
0.001476
0.001380
0.001239
0.001006
0.000863
0.000678
0.000075
-0.000801
-0.001492
-0.001882
-0.002088
-0.002147
-0.001997
-0.001665
-0.001373
-0.001203
-0.000959
-0.000564
-0.000059
0.000634
0.001447
0.001994
0.001967
0.001498
0.001034
0.000824
0.000707
0.000469
0.000076
-0.000412
-0.000900
-0.001293
-0.001493
-0.001329
-0.000753
-0.000174
-0.000102
-0.000512
-0.000804
-0.000459
0.000270
0.000632
0.000422
0.000136
-0.000099
-0.000804
-0.001741
-0.001671
-0.000500
0.000440
0.000715
0.000970
0.001387
0.001722
0.001763
0.001687
0.002115
0.002755
0.002521
0.001589
0.000838
0.000217
-0.000437
-0.000873
-0.001045
-0.001014
-0.001026
-0.001394
-0.001830
-0.002015
-0.002102
-0.001949
-0.001356
-0.000760
-0.000512
-0.000398
-0.000157
0.000233
0.000555
0.000633
0.000650
0.000742
0.000735
0.000600
0.000487
0.000431
0.000393
0.000275
0.000025
-0.000203
-0.000263
-0.000243
-0.000383
-0.000678
-0.000430
0.000822
0.001960
0.001687
0.000667
0.000311
0.000630
0.000791
0.000640
0.000687
0.000935
0.000643
-0.000289
-0.001024
-0.001281
-0.001544
-0.001902
-0.001949
-0.001533
-0.001048
-0.000887
-0.000812
-0.000458
-0.000018
0.000318
0.000732
0.001167
0.001246
0.000952
0.000763
0.000929
0.001034
0.000691
0.000190
-0.000092
-0.000323
-0.000711
-0.000929
-0.000653
-0.000312
-0.000525
-0.001026
-0.001063
-0.000671
-0.000553
-0.000805
-0.000796
-0.000454
-0.000452
-0.000783
-0.000658
0.000010
0.000643
0.001105
0.001585
0.002008
0.002159
0.002062
0.002030
0.002169
0.002117
0.001624
0.000948
0.000375
-0.000179
-0.000788
-0.001168
-0.001146
-0.001047
-0.001160
-0.001307
-0.001292
-0.001223
-0.001229
-0.001210
-0.001026
-0.000754
-0.000556
-0.000404
-0.000234
-0.000126
-0.000098
-0.000051
0.000036
0.000102
0.000124
0.000174
0.000333
0.000513
0.000526
0.000410
0.000336
0.000215
-0.000146
-0.000368
0.000241
0.001225
0.001229
0.000302
-0.000153
0.000241
0.000621
0.000527
0.000365
0.000552
0.000729
0.000403
-0.000025
-0.000046
-0.000004
-0.000282
-0.000636
-0.000687
-0.000480
-0.000412
-0.000553
-0.000579
-0.000497
-0.000505
-0.000458
-0.000252
-0.000065
0.000006
0.000104
0.000365
0.000556
0.000325
-0.000154
-0.000403
-0.000369
-0.000366
-0.000446
-0.000303
0.000097
0.000287
0.000058
-0.000227
-0.000286
-0.000225
-0.000227
-0.000294
-0.000327
-0.000411
-0.000624
-0.000688
-0.000433
-0.000127
0.000022
0.000121
0.000389
0.000889
0.001368
0.001643
0.001839
0.001914
0.001658
0.001209
0.000877
0.000664
0.000400
0.000098
-0.000109
-0.000248
-0.000489
-0.000839
-0.001096
-0.001173
-0.001214
-0.001290
-0.001245
-0.001002
-0.000758
-0.000663
-0.000613
-0.000508
-0.000384
-0.000274
-0.000118
0.000082
0.000178
0.000145
0.000168
0.000261
0.000256
0.000119
-0.000052
-0.000092
0.000142
0.000543
0.000837
0.000909
0.000877
0.000889
0.000912
0.000848
0.000742
0.000632
0.000456
0.000223
0.000059
0.000018
-0.000018
-0.000191
-0.000471
-0.000719
-0.000873
-0.000914
-0.000848
-0.000740
-0.000621
-0.000508
-0.000429
-0.000352
-0.000300
-0.000309
-0.000256
-0.000050
0.000167
0.000223
0.000145
0.000085
0.000104
0.000188
0.000298
0.000337
0.000294
0.000229
0.000079
-0.000130
-0.000186
-0.000086
-0.000032
-0.000131
-0.000431
-0.000815
-0.000965
-0.000803
-0.000513
-0.000215
0.000005
0.000141
0.000389
0.000799
0.001137
0.001261
0.001241
0.001151
0.001026
0.000913
0.000849
0.000833
0.000763
0.000505
0.000137
-0.000120
-0.000238
-0.000361
-0.000541
-0.000655
-0.000572
-0.000350
-0.000222
-0.000334
-0.000572
-0.000748
-0.000795
-0.000758
-0.000693
-0.000645
-0.000670
-0.000770
-0.000824
-0.000744
-0.000576
-0.000378
-0.000216
-0.000183
-0.000196
0.000009
0.000456
0.000801
0.000848
0.000841
0.001006
0.001159
0.001080
0.000925
0.000895
0.000832
0.000571
0.000353
0.000384
0.000396
0.000106
-0.000285
-0.000427
-0.000339
-0.000317
-0.000482
-0.000677
-0.000777
-0.000788
-0.000665
-0.000399
-0.000199
-0.000239
-0.000367
-0.000339
-0.000193
-0.000150
-0.000250
-0.000284
-0.000150
-0.000021
0.000021
0.000119
0.000266
0.000246
0.000028
-0.000100
0.000035
0.000201
0.000211
0.000180
0.000102
-0.000132
-0.000352
-0.000378
-0.000292
-0.000206
-0.000102
0.000064
0.000257
0.000415
0.000602
0.000847
0.000952
0.000811
0.000646
0.000644
0.000677
0.000597
0.000452
0.000327
0.000200
0.000024
-0.000136
-0.000185
-0.000217
-0.000406
-0.000658
-0.000733
-0.000646
-0.000592
-0.000599
-0.000582
-0.000573
-0.000633
-0.000664
-0.000570
-0.000460
-0.000425
-0.000347
-0.000128
0.000117
0.000230
0.000212
0.000152
0.000094
0.000111
0.000276
0.000497
0.000659
0.000790
0.000907
0.000903
0.000709
0.000419
0.000241
0.000284
0.000407
0.000402
0.000223
-0.000051
-0.000291
-0.000358
-0.000257
-0.000186
-0.000279
-0.000432
-0.000501
-0.000508
-0.000511
-0.000489
-0.000436
-0.000394
-0.000363
-0.000262
-0.000034
0.000169
0.000133
-0.000098
-0.000293
-0.000333
-0.000263
-0.000166
-0.000090
-0.000055
-0.000051
-0.000034
0.000012
0.000021
-0.000074
-0.000182
-0.000117
0.000068
0.000063
-0.000226
-0.000489
-0.000440
-0.000134
0.000252
0.000616
0.000875
0.000954
0.000893
0.000840
0.000902
0.001021
0.001015
0.000782
0.000425
0.000154
0.000074
0.000124
0.000160
0.000054
-0.000182
-0.000378
-0.000410
-0.000333
-0.000285
-0.000371
-0.000594
-0.000816
-0.000880
-0.000792
-0.000677
-0.000612
-0.000624
-0.000693
-0.000719
-0.000583
-0.000289
0.000034
0.000267
0.000404
0.000491
0.000551
0.000614
0.000707
0.000777
0.000722
0.000558
0.000391
0.000290
0.000266
0.000263
0.000212
0.000101
-0.000057
-0.000214
-0.000276
-0.000204
-0.000096
-0.000083
-0.000182
-0.000296
-0.000351
-0.000325
-0.000222
-0.000119
-0.000101
-0.000132
-0.000124
-0.000066
-0.000038
-0.000117
-0.000273
-0.000405
-0.000422
-0.000297
-0.000123
-0.000023
0.000000
0.000002
0.000013
0.000046
0.000072
0.000055
0.000009
-0.000055
-0.000119
-0.000144
-0.000153
-0.000189
-0.000210
-0.000147
0.000010
0.000226
0.000449
0.000609
0.000650
0.000574
0.000472
0.000473
0.000576
0.000629
0.000534
0.000369
0.000256
0.000228
0.000239
0.000227
0.000154
0.000017
-0.000152
-0.000288
-0.000336
-0.000354
-0.000456
-0.000617
-0.000701
-0.000667
-0.000594
-0.000532
-0.000477
-0.000452
-0.000488
-0.000505
-0.000376
-0.000141
0.000050
0.000143
0.000169
0.000155
0.000138
0.000157
0.000239
0.000409
0.000630
0.000761
0.000673
0.000426
0.000291
0.000396
0.000531
0.000503
0.000387
0.000259
0.000090
-0.000027
-0.000001
0.000035
-0.000063
-0.000226
-0.000332
-0.000364
-0.000342
-0.000301
-0.000324
-0.000434
-0.000566
-0.000630
-0.000544
-0.000370
-0.000286
-0.000253
-0.000089
0.000126
0.000211
0.000223
0.000282
0.000330
0.000248
0.000054
-0.000131
-0.000243
-0.000267
-0.000238
-0.000272
-0.000416
-0.000530
-0.000512
-0.000414
-0.000292
-0.000145
0.000019
0.000193
0.000383
0.000569
0.000711
0.000758
0.000707
0.000656
0.000676
0.000703
0.000682
0.000613
0.000472
0.000248
0.000019
-0.000134
-0.000222
-0.000300
-0.000363
-0.000361
-0.000280
-0.000185
-0.000164
-0.000216
-0.000275
-0.000339
-0.000408
-0.000398
-0.000308
-0.000233
-0.000180
-0.000117
-0.000085
-0.000123
-0.000178
-0.000156
-0.000032
0.000120
0.000208
0.000216
0.000181
0.000130
0.000130
0.000279
0.000499
0.000572
0.000483
0.000412
0.000399
0.000352
0.000288
0.000251
0.000178
0.000030
-0.000115
-0.000202
-0.000267
-0.000347
-0.000446
-0.000535
-0.000580
-0.000585
-0.000568
-0.000501
-0.000365
-0.000226
-0.000171
-0.000209
-0.000258
-0.000220
-0.000094
0.000014
0.000023
-0.000025
-0.000035
0.000031
0.000112
0.000127
0.000055
-0.000054
-0.000154
-0.000181
-0.000047
0.000204
0.000394
0.000467
0.000498
0.000519
0.000533
0.000568
0.000593
0.000543
0.000440
0.000371
0.000346
0.000293
0.000202
0.000140
0.000107
0.000011
-0.000153
-0.000262
-0.000264
-0.000285
-0.000412
-0.000530
-0.000534
-0.000492
-0.000464
-0.000418
-0.000338
-0.000273
-0.000277
-0.000303
-0.000261
-0.000168
-0.000101
-0.000060
0.000000
0.000066
0.000108
0.000141
0.000141
0.000092
0.000098
0.000257
0.000477
0.000565
0.000452
0.000262
0.000158
0.000198
0.000321
0.000410
0.000389
0.000278
0.000164
0.000051
-0.000125
-0.000306
-0.000409
-0.000466
-0.000478
-0.000399
-0.000276
-0.000198
-0.000181
-0.000188
-0.000201
-0.000194
-0.000100
0.000080
0.000180
0.000074
-0.000095
-0.000115
-0.000009
0.000068
0.000050
-0.000030
-0.000103
-0.000115
-0.000096
-0.000090
-0.000046
0.000062
0.000114
0.000003
-0.000151
-0.000160
-0.000050
0.000010
-0.000002
0.000024
0.000147
0.000310
0.000424
0.000479
0.000529
0.000585
0.000588
0.000495
0.000355
0.000248
0.000187
0.000108
-0.000057
-0.000276
-0.000427
-0.000457
-0.000435
-0.000413
-0.000380
-0.000344
-0.000329
-0.000330
-0.000325
-0.000315
-0.000310
-0.000288
-0.000211
-0.000123
-0.000077
-0.000014
0.000108
0.000195
0.000171
0.000115
0.000160
0.000311
0.000440
0.000459
0.000416
0.000396
0.000388
0.000348
0.000284
0.000220
0.000162
0.000101
-0.000006
-0.000165
-0.000284
-0.000299
-0.000264
-0.000240
-0.000203
-0.000129
-0.000068
-0.000085
-0.000180
-0.000255
-0.000218
-0.000139
-0.000134
-0.000191
-0.000231
-0.000236
-0.000243
-0.000257
-0.000251
-0.000230
-0.000208
-0.000152
-0.000074
-0.000018
0.000040
0.000109
0.000131
0.000116
0.000134
0.000167
0.000136
0.000067
0.000094
0.000256
0.000407
0.000428
0.000360
0.000286
0.000227
0.000213
0.000284
0.000375
0.000362
0.000258
0.000190
0.000192
0.000180
0.000111
0.000010
-0.000099
-0.000213
-0.000302
-0.000329
-0.000311
-0.000293
-0.000308
-0.000366
-0.000423
-0.000380
-0.000212
-0.000094
-0.000157
-0.000231
-0.000155
-0.000055
-0.000059
-0.000097
-0.000089
-0.000061
-0.000028
0.000055
0.000207
0.000354
0.000408
0.000376
0.000317
0.000269
0.000329
0.000577
0.000849
0.000883
0.000681
0.000445
0.000251
0.000012
-0.000283
-0.000540
-0.000697
-0.000771
-0.000793
-0.000783
-0.000747
-0.000694
-0.000625
-0.000520
-0.000379
-0.000244
-0.000179
-0.000197
-0.000213
-0.000140
-0.000013
0.000057
0.000044
0.000041
0.000109
0.000192
0.000255
0.000353
0.000478
0.000515
0.000435
0.000313
0.000187
0.000048
-0.000080
-0.000137
-0.000092
0.000026
0.000142
0.000198
0.000222
0.000280
0.000358
0.000378
0.000330
0.000286
0.000284
0.000269
0.000200
0.000131
0.000086
0.000022
-0.000056
-0.000113
-0.000166
-0.000211
-0.000225
-0.000257
-0.000355
-0.000421
-0.000360
-0.000264
-0.000223
-0.000158
-0.000017
0.000092
0.000069
0.000009
0.000037
0.000098
0.000071
-0.000033
-0.000130
-0.000170
-0.000157
-0.000107
-0.000030
0.000045
0.000093
0.000126
0.000172
0.000210
0.000177
0.000085
0.000041
0.000084
0.000122
0.000068
-0.000044
-0.000099
-0.000055
-0.000011
-0.000054
-0.000128
-0.000124
-0.000072
-0.000109
-0.000236
-0.000295
-0.000206
-0.000085
-0.000047
-0.000045
-0.000024
-0.000015
-0.000025
-0.000004
0.000046
0.000070
0.000051
0.000020
0.000018
0.000046
0.000057
0.000031
0.000016
0.000042
0.000079
0.000119
0.000176
0.000191
0.000113
0.000013
0.000003
0.000088
0.000176
0.000197
0.000150
0.000078
0.000025
0.000012
0.000041
0.000074
0.000060
0.000005
-0.000044
-0.000058
-0.000011
0.000089
0.000117
-0.000021
-0.000204
-0.000279
-0.000247
-0.000177
-0.000118
-0.000100
-0.000106
-0.000089
-0.000024
0.000068
0.000164
0.000246
0.000207
-0.000059
-0.000374
-0.000451
-0.000314
-0.000182
-0.000122
-0.000055
0.000041
0.000115
0.000158
0.000207
0.000268
0.000308
0.000322
0.000334
0.000341
0.000332
0.000293
0.000192
0.000044
-0.000079
-0.000140
-0.000165
-0.000191
-0.000207
-0.000190
-0.000167
-0.000188
-0.000236
-0.000251
-0.000226
-0.000228
-0.000274
-0.000302
-0.000279
-0.000230
-0.000136
0.000036
0.000216
0.000309
0.000330
0.000335
0.000332
0.000294
0.000215
0.000127
0.000060
-0.000016
-0.000124
-0.000204
-0.000192
-0.000119
-0.000066
-0.000049
-0.000027
-0.000011
-0.000061
-0.000146
-0.000153
-0.000060
0.000037
0.000064
0.000047
0.000060
0.000104
0.000126
0.000131
0.000147
0.000180
0.000213
0.000199
0.000140
0.000113
0.000115
0.000058
-0.000049
-0.000118
-0.000116
-0.000080
-0.000063
-0.000071
-0.000057
-0.000011
0.000033
0.000045
0.000015
-0.000040
-0.000077
-0.000056
0.000008
0.000027
-0.000038
-0.000141
-0.000221
-0.000218
-0.000127
-0.000032
0.000004
0.000003
-0.000014
-0.000033
-0.000042
-0.000061
-0.000102
-0.000122
-0.000087
-0.000047
-0.000069
-0.000115
-0.000081
0.000033
0.000110
0.000093
0.000045
0.000023
0.000035
0.000074
0.000125
0.000166
0.000176
0.000142
0.000075
0.000013
-0.000002
0.000029
0.000055
0.000031
-0.000005
0.000011
0.000049
0.000035
-0.000009
-0.000009
0.000004
-0.000048
-0.000119
-0.000083
0.000049
0.000121
0.000087
0.000067
0.000081
0.000037
-0.000021
0.000009
0.000060
0.000035
-0.000007
0.000009
0.000030
-0.000010
-0.000075
-0.000105
-0.000106
-0.000094
-0.000055
-0.000013
0.000001
-0.000004
-0.000047
-0.000122
-0.000068
0.000185
0.000405
0.000423
0.000376
0.000368
0.000303
0.000153
0.000007
-0.000093
-0.000156
-0.000196
-0.000269
-0.000392
-0.000497
-0.000531
-0.000488
-0.000399
-0.000336
-0.000303
-0.000244
-0.000176
-0.000140
-0.000112
-0.000060
0.000006
0.000068
0.000139
0.000216
0.000256
0.000279
0.000313
0.000291
0.000205
0.000146
0.000118
0.000042
-0.000053
-0.000052
0.000039
0.000101
0.000113
0.000146
0.000195
0.000190
0.000125
0.000051
0.000005
-0.000019
-0.000041
-0.000053
-0.000023
0.000037
0.000059
0.000007
-0.000035
0.000012
0.000084
0.000084
0.000028
-0.000028
-0.000084
-0.000139
-0.000185
-0.000208
-0.000144
0.000010
0.000121
0.000074
-0.000056
-0.000111
-0.000056
0.000019
0.000044
0.000038
0.000048
0.000079
0.000087
0.000057
0.000033
0.000041
0.000063
0.000061
0.000015
-0.000041
-0.000067
-0.000068
-0.000053
-0.000010
0.000055
0.000063
-0.000032
-0.000135
-0.000133
-0.000057
-0.000018
-0.000040
-0.000051
-0.000006
0.000046
0.000051
0.000032
0.000022
0.000021
0.000032
0.000021
-0.000069
-0.000187
-0.000183
-0.000051
0.000042
0.000026
0.000003
0.000031
0.000059
0.000046
0.000010
-0.000012
-0.000010
0.000003
0.000004
0.000003
0.000014
0.000003
-0.000016
0.000015
0.000069
0.000061
-0.000013
-0.000073
-0.000051
0.000012
0.000041
0.000060
0.000105
0.000137
0.000111
0.000036
-0.000050
-0.000115
-0.000122
-0.000065
0.000029
0.000104
0.000072
-0.000066
-0.000161
-0.000145
-0.000077
-0.000000
0.000071
0.000089
0.000042
-0.000003
-0.000004
0.000029
0.000080
0.000057
-0.000128
-0.000341
-0.000384
-0.000287
-0.000195
-0.000126
-0.000008
0.000134
0.000221
0.000270
0.000360
0.000485
0.000520
0.000403
0.000253
0.000198
0.000179
0.000107
0.000022
-0.000009
-0.000024
-0.000079
-0.000127
-0.000127
-0.000149
-0.000215
-0.000237
-0.000193
-0.000176
-0.000222
-0.000260
-0.000233
-0.000181
-0.000157
-0.000164
-0.000173
-0.000133
-0.000015
0.000127
0.000218
0.000265
0.000293
0.000282
0.000216
0.000120
0.000025
-0.000051
-0.000086
-0.000063
-0.000031
-0.000058
-0.000124
-0.000161
-0.000145
-0.000121
-0.000133
-0.000143
-0.000103
-0.000036
0.000019
0.000043
0.000023
-0.000019
-0.000037
-0.000034
-0.000053
-0.000068
-0.000003
0.000123
0.000214
0.000227
0.000198
0.000191
0.000198
0.000158
0.000110
0.000130
0.000152
0.000081
-0.000022
-0.000039
0.000017
0.000027
-0.000049
-0.000128
-0.000139
-0.000106
-0.000091
-0.000110
-0.000130
-0.000126
-0.000106
-0.000086
-0.000066
-0.000022
0.000054
0.000125
0.000152
0.000119
0.000008
-0.000127
-0.000163
-0.000095
-0.000026
0.000020
0.000065
0.000073
0.000039
0.000012
0.000002
-0.000004
0.000005
0.000024
0.000030
0.000016
-0.000026
-0.000073
-0.000083
-0.000054
-0.000011
0.000010
-0.000010
-0.000041
-0.000052
-0.000036
0.000005
0.000042
0.000055
0.000054
0.000050
0.000060
0.000053
-0.000025
-0.000091
-0.000025
0.000117
0.000177
0.000122
0.000037
-0.000013
-0.000032
-0.000053
-0.000070
-0.000032
0.000066
0.000138
0.000085
-0.000054
-0.000148
-0.000145
-0.000099
-0.000060
-0.000034
-0.000011
-0.000005
-0.000029
-0.000033
0.000028
0.000095
0.000044
-0.000060
0.000012
0.000246
0.000373
0.000318
0.000242
0.000225
0.000210
0.000153
0.000037
-0.000126
-0.000247
-0.000278
-0.000302
-0.000358
-0.000384
-0.000374
-0.000366
-0.000327
-0.000208
-0.000076
-0.000062
-0.000148
-0.000155
-0.000031
0.000060
0.000035
0.000032
0.000155
0.000308
0.000359
0.000310
0.000246
0.000199
0.000175
0.000182
0.000154
0.000017
-0.000167
-0.000261
-0.000217
-0.000103
0.000018
0.000128
0.000182
0.000139
0.000058
0.000039
0.000076
0.000091
0.000064
0.000037
0.000041
0.000044
-0.000004
-0.000098
-0.000167
-0.000149
-0.000056
0.000022
0.000020
-0.000022
-0.000040
-0.000037
-0.000043
-0.000087
-0.000123
-0.000050
0.000092
0.000156
0.000130
0.000109
0.000103
0.000070
0.000025
-0.000020
-0.000088
-0.000140
-0.000114
-0.000062
-0.000057
-0.000087
-0.000120
-0.000134
-0.000106
-0.000036
0.000043
0.000092
0.000102
0.000098
0.000101
0.000105
0.000083
0.000034
0.000013
0.000036
0.000036
0.000001
-0.000021
-0.000011
0.000004
-0.000013
-0.000062
-0.000096
-0.000100
-0.000075
-0.000001
0.000076
0.000075
0.000032
0.000043
0.000072
0.000017
-0.000073
-0.000085
-0.000045
-0.000031
-0.000029
0.000011
0.000057
0.000054
0.000021
0.000002
-0.000003
-0.000011
-0.000034
-0.000048
-0.000007
0.000058
0.000062
0.000014
-0.000011
-0.000011
-0.000019
-0.000023
-0.000022
-0.000053
-0.000112
-0.000120
-0.000034
0.000055
0.000071
0.000066
0.000096
0.000141
0.000171
0.000163
0.000099
-0.000015
-0.000145
-0.000250
-0.000286
-0.000231
-0.000123
-0.000028
0.000041
0.000110
0.000157
0.000058
-0.000215
-0.000429
-0.000377
-0.000187
-0.000086
-0.000069
0.000001
0.000134
0.000243
0.000294
0.000318
0.000323
0.000300
0.000277
0.000282
0.000287
0.000270
0.000248
0.000218
0.000171
0.000110
0.000043
-0.000027
-0.000093
-0.000149
-0.000189
-0.000215
-0.000252
-0.000314
-0.000367
-0.000370
-0.000329
-0.000277
-0.000216
-0.000119
0.000009
0.000116
0.000174
0.000198
0.000217
0.000234
0.000218
0.000146
0.000058
0.000015
0.000017
0.000023
-0.000006
-0.000080
-0.000147
-0.000172
-0.000209
-0.000263
-0.000241
-0.000117
-0.000009
-0.000025
-0.000100
-0.000100
-0.000033
0.000015
0.000035
0.000068
0.000113
0.000136
0.000128
0.000103
0.000073
0.000071
0.000118
0.000179
0.000179
0.000097
0.000016
0.000020
0.000066
0.000062
0.000007
-0.000037
-0.000030
0.000003
0.000001
-0.000038
-0.000059
-0.000052
-0.000059
-0.000086
-0.000085
-0.000031
0.000017
-0.000024
-0.000138
-0.000198
-0.000115
0.000035
0.000107
0.000071
0.000039
0.000075
0.000086
0.000024
-0.000016
0.000015
0.000055
0.000062
0.000038
-0.000000
-0.000034
-0.000072
-0.000138
-0.000180
-0.000123
-0.000011
0.000046
0.000028
0.000015
0.000033
0.000017
-0.000040
-0.000056
0.000023
0.000139
0.000184
0.000150
0.000119
0.000088
0.000021
-0.000025
-0.000022
-0.000040
-0.000091
-0.000099
-0.000055
-0.000035
-0.000074
-0.000115
-0.000093
-0.000024
0.000042
0.000097
0.000133
0.000104
0.000016
-0.000037
-0.000009
0.000043
0.000087
0.000092
-0.000004
-0.000145
-0.000195
-0.000133
-0.000052
-0.000025
-0.000042
-0.000048
-0.000017
0.000036
0.000072
0.000060
0.000037
0.000119
0.000313
0.000433
0.000378
0.000272
0.000222
0.000150
0.000006
-0.000119
-0.000188
-0.000261
-0.000338
-0.000352
-0.000312
-0.000286
-0.000297
-0.000307
-0.000289
-0.000253
-0.000217
-0.000170
-0.000116
-0.000067
-0.000002
0.000087
0.000168
0.000210
0.000229
0.000254
0.000280
0.000303
0.000312
0.000268
0.000159
0.000033
-0.000055
-0.000109
-0.000155
-0.000175
-0.000137
-0.000074
-0.000055
-0.000060
0.000001
0.000117
0.000184
0.000164
0.000115
0.000093
0.000089
0.000075
0.000072
0.000114
0.000159
0.000123
0.000023
-0.000032
-0.000026
-0.000039
-0.000086
-0.000133
-0.000172
-0.000177
-0.000107
-0.000029
-0.000048
-0.000130
-0.000139
-0.000060
-0.000015
-0.000018
0.000025
0.000104
0.000114
0.000035
-0.000038
-0.000027
0.000013
-0.000007
-0.000042
0.000003
0.000072
0.000049
-0.000032
-0.000057
-0.000013
0.000031
0.000029
-0.000006
-0.000019
0.000012
0.000048
0.000063
0.000085
0.000100
0.000056
-0.000009
-0.000037
-0.000057
-0.000069
-0.000035
0.000003
-0.000004
-0.000022
-0.000028
-0.000041
-0.000047
-0.000050
-0.000078
-0.000088
-0.000026
0.000051
0.000074
0.000070
0.000078
0.000075
0.000037
-0.000003
0.000006
0.000056
0.000068
-0.000011
-0.000115
-0.000155
-0.000132
-0.000079
