7040
0.000240
0.000148
0.000025
-0.000160
-0.000318
-0.000360
-0.000299
-0.000225
-0.000190
-0.000179
-0.000167
-0.000160
-0.000149
-0.000123
-0.000114
-0.000144
-0.000193
-0.000210
-0.000133
0.000001
0.000066
0.000041
0.000043
0.000100
0.000095
0.000039
0.000096
0.000193
0.000149
0.000127
0.000235
0.000210
0.000009
-0.000055
0.000043
0.000016
-0.000123
-0.000099
0.000095
0.000194
0.000090
-0.000022
-0.000002
-0.000007
-0.000171
-0.000323
-0.000286
-0.000184
-0.000212
-0.000310
-0.000312
-0.000183
0.000004
0.000168
0.000292
0.000413
0.000488
0.000413
0.000229
0.000099
0.000056
-0.000001
-0.000083
-0.000128
-0.000138
-0.000137
-0.000115
-0.000074
-0.000050
-0.000079
-0.000126
-0.000102
-0.000007
0.000072
0.000104
0.000118
0.000093
0.000001
-0.000070
-0.000030
0.000038
0.000029
-0.000004
0.000009
0.000010
-0.000075
-0.000182
-0.000172
-0.000043
0.000058
0.000058
0.000003
-0.000034
-0.000003
0.000061
0.000086
0.000093
0.000132
0.000149
0.000082
-0.000006
-0.000036
-0.000025
-0.000020
-0.000036
-0.000070
-0.000100
-0.000098
-0.000049
0.000051
0.000147
0.000163
0.000127
0.000080
0.000008
-0.000046
-0.000027
0.000016
0.000013
-0.000028
-0.000079
-0.000115
-0.000116
-0.000120
-0.000160
-0.000170
-0.000083
0.000060
0.000154
0.000125
0.000023
-0.000013
0.000036
0.000032
-0.000064
-0.000134
-0.000097
0.000015
0.000080
-0.000026
-0.000144
0.000054
0.000456
0.000599
0.000431
0.000290
0.000255
0.000144
-0.000063
-0.000226
-0.000335
-0.000465
-0.000554
-0.000507
-0.000390
-0.000277
-0.000129
0.000036
0.000126
0.000125
0.000086
0.000071
0.000100
0.000099
0.000037
0.000018
0.000085
0.000102
-0.000006
-0.000110
-0.000084
0.000029
0.000131
0.000170
0.000125
0.000019
-0.000068
-0.000118
-0.000159
-0.000141
-0.000025
0.000101
0.000141
0.000117
0.000112
0.000147
0.000153
0.000102
0.000064
0.000054
-0.000004
-0.000103
-0.000164
-0.000182
-0.000187
-0.000167
-0.000114
-0.000030
0.000080
0.000179
0.000209
0.000145
0.000037
-0.000049
-0.000090
-0.000065
0.000040
0.000176
0.000255
0.000242
0.000206
0.000198
0.000167
0.000073
-0.000023
-0.000026
0.000035
-0.000008
-0.000211
-0.000407
-0.000470
-0.000458
-0.000410
-0.000300
-0.000167
-0.000074
-0.000016
0.000007
-0.000018
-0.000026
0.000069
0.000210
0.000274
0.000246
0.000190
0.000166
0.000208
0.000282
0.000291
0.000207
0.000117
0.000055
-0.000040
-0.000184
-0.000276
-0.000231
-0.000102
-0.000025
-0.000032
-0.000046
-0.000041
-0.000060
-0.000081
-0.000060
-0.000034
-0.000028
0.000002
0.000036
0.000012
-0.000024
0.000004
0.000050
0.000060
0.000067
0.000069
0.000025
-0.000065
-0.000150
-0.000150
-0.000068
0.000002
0.000041
0.000102
0.000163
0.000161
0.000112
0.000068
0.000029
-0.000023
-0.000068
-0.000095
-0.000127
-0.000148
-0.000120
-0.000061
-0.000007
0.000026
0.000018
-0.000016
-0.000057
-0.000103
-0.000099
0.000002
0.000109
0.000111
0.000013
-0.000099
-0.000086
0.000134
0.000364
0.000262
-0.000149
-0.000476
-0.000478
-0.000251
0.000016
0.000192
0.000249
0.000252
0.000263
0.000257
0.000201
0.000157
0.000170
0.000178
0.000134
0.000096
0.000080
0.000012
-0.000087
-0.000114
-0.000103
-0.000140
-0.000178
-0.000159
-0.000124
-0.000102
-0.000073
-0.000046
-0.000047
-0.000042
-0.000018
-0.000030
-0.000083
-0.000115
-0.000096
-0.000043
0.000014
0.000047
0.000031
-0.000004
0.000013
0.000060
0.000056
0.000018
0.000030
0.000085
0.000126
0.000162
0.000220
0.000251
0.000217
0.000139
0.000036
-0.000073
-0.000166
-0.000258
-0.000332
-0.000328
-0.000246
-0.000152
-0.000083
-0.000053
-0.000078
-0.000125
-0.000120
-0.000026
0.000088
0.000104
0.000046
0.000042
0.000077
0.000055
0.000023
0.000102
0.000254
0.000269
0.000047
-0.000181
-0.000147
0.000046
0.000141
0.000158
0.000208
0.000213
0.000125
0.000066
0.000073
0.000045
-0.000008
-0.000015
-0.000044
-0.000174
-0.000338
-0.000438
-0.000428
-0.000312
-0.000155
-0.000035
0.000043
0.000110
0.000146
0.000126
0.000105
0.000151
0.000197
0.000114
-0.000050
-0.000122
-0.000084
-0.000062
-0.000061
-0.000016
0.000036
0.000062
0.000095
0.000131
0.000139
0.000116
0.000068
0.000041
0.000064
0.000067
0.000002
-0.000033
0.000029
0.000073
-0.000010
-0.000122
-0.000126
-0.000069
-0.000062
-0.000081
-0.000080
-0.000104
-0.000132
-0.000086
-0.000012
0.000012
0.000042
0.000132
0.000201
0.000176
0.000108
0.000069
0.000053
0.000044
0.000062
0.000092
0.000076
-0.000003
-0.000077
-0.000109
-0.000138
-0.000182
-0.000225
-0.000268
-0.000310
-0.000297
-0.000091
0.000335
0.000661
0.000605
0.000344
0.000176
0.000079
-0.000075
-0.000232
-0.000284
-0.000261
-0.000244
-0.000242
-0.000178
0.000005
0.000168
0.000134
0.000018
-0.000009
-0.000028
-0.000120
-0.000166
-0.000110
-0.000095
-0.000179
-0.000201
-0.000092
-0.000000
0.000005
0.000039
0.000137
0.000175
0.000108
0.000036
0.000035
0.000092
0.000177
0.000270
0.000350
0.000372
0.000295
0.000132
-0.000032
-0.000125
-0.000148
-0.000132
-0.000114
-0.000110
-0.000097
-0.000085
-0.000127
-0.000209
-0.000233
-0.000167
-0.000077
-0.000006
0.000066
0.000131
0.000144
0.000119
0.000104
0.000066
-0.000035
-0.000095
-0.000005
0.000142
0.000189
0.000128
0.000026
-0.000094
-0.000215
-0.000260
-0.000181
-0.000063
0.000001
0.000040
0.000087
0.000094
0.000039
0.000010
0.000067
0.000156
0.000197
0.000134
-0.000017
-0.000145
-0.000205
-0.000254
-0.000284
-0.000243
-0.000126
0.000043
0.000211
0.000298
0.000257
0.000124
-0.000009
-0.000073
-0.000044
0.000070
0.000180
0.000167
0.000050
-0.000053
-0.000105
-0.000153
-0.000190
-0.000169
-0.000114
-0.000074
-0.000023
0.000080
0.000180
0.000177
0.000080
0.000011
0.000026
0.000087
0.000132
0.000118
0.000056
-0.000012
-0.000085
-0.000163
-0.000199
-0.000168
-0.000107
-0.000062
-0.000022
0.000057
0.000135
0.000110
-0.000010
-0.000096
-0.000095
-0.000057
-0.000025
-0.000029
-0.000065
-0.000073
-0.000025
0.000034
0.000074
0.000088
0.000049
0.000004
0.000059
0.000153
0.000136
0.000039
-0.000005
0.000035
0.000084
0.000074
0.000025
-0.000013
-0.000046
-0.000018
0.000130
0.000162
-0.000164
-0.000607
-0.000807
-0.000720
-0.000429
-0.000018
0.000331
0.000469
0.000460
0.000447
0.000451
0.000406
0.000315
0.000241
0.000169
0.000047
-0.000042
0.000006
0.000095
0.000053
-0.000111
-0.000257
-0.000264
-0.000148
-0.000075
-0.000091
-0.000055
0.000025
-0.000008
-0.000149
-0.000262
-0.000248
-0.000090
0.000102
0.000169
0.000087
-0.000049
-0.000139
-0.000190
-0.000275
-0.000342
-0.000257
-0.000032
0.000210
0.000384
0.000430
0.000348
0.000279
0.000302
0.000278
0.000116
-0.000042
-0.000075
-0.000040
-0.000038
-0.000110
-0.000209
-0.000242
-0.000227
-0.000237
-0.000225
-0.000132
-0.000013
0.000044
0.000021
-0.000008
0.000017
0.000037
0.000006
-0.000009
0.000014
0.000006
-0.000039
-0.000033
0.000034
0.000081
0.000102
0.000135
0.000136
0.000072
0.000016
0.000010
0.000010
-0.000003
-0.000000
-0.000018
-0.000090
-0.000117
-0.000034
0.000055
0.000048
0.000004
0.000023
0.000091
0.000113
0.000073
0.000043
0.000050
0.000027
-0.000054
-0.000118
-0.000079
0.000004
0.000020
0.000004
0.000022
0.000003
-0.000097
-0.000144
-0.000022
0.000174
0.000245
0.000095
-0.000144
-0.000225
-0.000098
0.000023
0.000020
-0.000008
-0.000012
-0.000051
-0.000114
-0.000139
-0.000098
-0.000023
0.000037
0.000047
-0.000021
-0.000091
-0.000004
0.000168
0.000179
0.000052
-0.000005
-0.000001
-0.000014
0.000041
0.000175
0.000242
0.000194
0.000122
0.000083
0.000071
0.000046
-0.000008
-0.000065
-0.000133
-0.000236
-0.000299
-0.000221
-0.000072
-0.000029
-0.000139
-0.000244
-0.000176
-0.000010
0.000004
-0.000183
-0.000235
0.000122
0.000643
0.000902
0.000835
0.000614
0.000311
-0.000019
-0.000216
-0.000215
-0.000209
-0.000379
-0.000571
-0.000578
-0.000489
-0.000442
-0.000387
-0.000265
-0.000150
-0.000129
-0.000131
0.000016
0.000294
0.000456
0.000368
0.000205
0.000160
0.000139
0.000023
-0.000051
-0.000001
0.000046
0.000057
0.000116
0.000189
0.000175
0.000048
-0.000097
-0.000115
-0.000014
0.000056
0.000065
0.000116
0.000203
0.000210
0.000100
-0.000059
-0.000199
-0.000276
-0.000273
-0.000180
-0.000004
0.000155
0.000156
-0.000009
-0.000193
-0.000251
-0.000150
0.000002
0.000090
0.000114
0.000109
0.000074
0.000029
0.000022
0.000095
0.000211
0.000244
0.000140
0.000020
-0.000013
-0.000006
-0.000042
-0.000102
-0.000082
-0.000012
-0.000042
-0.000148
-0.000160
-0.000077
-0.000014
0.000003
0.000002
-0.000035
-0.000111
-0.000156
-0.000147
-0.000156
-0.000176
-0.000123
-0.000005
0.000092
0.000127
0.000129
0.000151
0.000184
0.000192
0.000199
0.000193
0.000102
-0.000011
-0.000016
0.000035
-0.000013
-0.000163
-0.000236
-0.000122
0.000055
0.000128
0.000118
0.000111
0.000100
0.000044
-0.000076
-0.000183
-0.000129
0.000069
0.000181
0.000107
-0.000017
-0.000095
-0.000154
-0.000196
-0.000202
-0.000160
-0.000054
0.000082
0.000152
0.000111
0.000024
-0.000011
-0.000037
-0.000143
-0.000229
-0.000161
-0.000019
0.000108
0.000248
0.000334
0.000272
0.000094
-0.000098
-0.000160
-0.000077
-0.000027
-0.000054
-0.000038
0.000015
0.000032
0.000024
0.000023
0.000060
0.000111
0.000079
-0.000010
-0.000028
0.000009
0.000017
0.000026
0.000011
-0.000171
-0.000462
-0.000592
-0.000478
-0.000264
-0.000081
0.000011
0.000108
0.000351
0.000596
0.000607
0.000466
0.000368
0.000313
0.000196
0.000003
-0.000141
-0.000146
-0.000078
0.000012
0.000093
0.000047
-0.000142
-0.000270
-0.000202
-0.000065
-0.000023
-0.000043
-0.000024
0.000023
0.000029
-0.000040
-0.000134
-0.000141
-0.000083
-0.000094
-0.000152
-0.000130
-0.000058
-0.000056
-0.000091
-0.000055
-0.000001
-0.000013
-0.000011
0.000077
0.000144
0.000097
0.000029
0.000103
0.000298
0.000408
0.000326
0.000153
0.000023
-0.000015
-0.000035
-0.000108
-0.000153
-0.000105
-0.000073
-0.000124
-0.000165
-0.000117
-0.000051
-0.000075
-0.000175
-0.000285
-0.000377
-0.000354
-0.000101
0.000230
0.000340
0.000203
0.000046
-0.000033
-0.000103
-0.000158
-0.000085
0.000152
0.000397
0.000454
0.000319
0.000147
0.000046
0.000015
-0.000007
-0.000063
-0.000068
0.000064
0.000228
0.000237
0.000075
-0.000115
-0.000264
-0.000401
-0.000459
-0.000336
-0.000106
0.000046
0.000037
-0.000013
0.000075
0.000213
0.000127
-0.000147
-0.000261
-0.000091
0.000123
0.000171
0.000124
0.000123
0.000120
0.000022
-0.000098
-0.000116
-0.000045
0.000013
0.000065
0.000160
0.000144
-0.000089
-0.000267
-0.000155
0.000057
0.000136
0.000178
0.000344
0.000485
0.000280
-0.000178
-0.000371
-0.000153
0.000037
-0.000044
-0.000113
0.000019
0.000059
-0.000211
-0.000415
-0.000224
-0.000005
-0.000121
-0.000262
-0.000107
0.000095
0.000015
-0.000206
-0.000138
0.000267
0.000515
0.000339
0.000085
0.000009
-0.000065
-0.000198
-0.000181
0.000043
0.000234
0.000259
0.000299
0.000442
0.000458
0.000257
0.000124
0.000217
0.000289
0.000135
-0.000112
-0.000236
-0.000247
-0.000337
-0.000526
-0.000597
-0.000515
-0.000501
-0.000619
-0.000647
-0.000368
0.000049
0.000175
-0.000008
-0.000076
0.000085
0.000176
0.000083
0.000053
0.000285
0.000583
0.000631
0.000448
0.000252
0.000056
-0.000184
-0.000252
0.000014
0.000319
0.000344
0.000268
0.000320
0.000274
-0.000086
-0.000487
-0.000542
-0.000315
-0.000177
-0.000179
-0.000040
0.000284
0.000501
0.000365
-0.000046
-0.000384
-0.000440
-0.000315
-0.000113
0.000096
0.000138
-0.000032
-0.000197
-0.000165
-0.000008
0.000054
0.000010
0.000066
0.000203
0.000237
0.000232
0.000302
0.000313
0.000155
-0.000059
-0.000175
-0.000225
-0.000316
-0.000353
-0.000160
0.000150
0.000284
0.000198
0.000067
-0.000029
-0.000156
-0.000325
-0.000396
-0.000290
-0.000097
0.000106
0.000278
0.000270
0.000031
-0.000214
-0.000209
0.000041
0.000302
0.000427
0.000531
0.000661
0.000566
0.000135
-0.000319
-0.000527
-0.000553
-0.000508
-0.000414
-0.000291
-0.000184
-0.000140
-0.000123
-0.000034
0.000035
-0.000036
-0.000088
0.000018
0.000170
0.000283
0.000370
0.000444
0.000496
0.000447
0.000258
0.000039
-0.000116
-0.000184
-0.000179
-0.000196
-0.000285
-0.000345
-0.000278
-0.000123
0.000004
0.000079
0.000159
0.000212
0.000132
-0.000078
-0.000232
-0.000140
0.000106
0.000239
0.000165
-0.000061
-0.000283
-0.000322
-0.000301
-0.000363
-0.000263
0.000067
0.000247
0.000190
0.000195
0.000403
0.000651
0.000647
0.000334
-0.000022
-0.000231
-0.000357
-0.000502
-0.000513
-0.000188
0.000131
0.000019
-0.000199
-0.000175
-0.000153
-0.000243
-0.000232
0.000032
0.000443
0.000543
0.000255
0.000177
0.000336
0.000120
-0.000360
-0.000473
-0.000156
0.000169
0.000270
0.000349
0.000623
0.000720
0.000179
-0.000506
-0.000490
-0.000008
0.000051
-0.000355
-0.000452
0.000029
0.000421
0.000177
-0.000317
-0.000476
-0.000392
-0.000427
-0.000547
-0.000454
-0.000054
0.000358
0.000467
0.000328
0.000160
0.000006
-0.000135
-0.000121
0.000092
0.000283
0.000290
0.000234
0.000259
0.000286
0.000100
-0.000252
-0.000374
-0.000144
0.000071
0.000040
-0.000073
-0.000062
0.000080
0.000179
0.000135
0.000034
-0.000115
-0.000301
-0.000305
-0.000106
-0.000047
-0.000193
-0.000150
0.000233
0.000489
0.000232
-0.000139
-0.000090
0.000052
-0.000240
-0.000531
-0.000116
0.000666
0.000926
0.000538
0.000151
0.000105
0.000006
-0.000424
-0.000666
-0.000295
0.000108
-0.000088
-0.000431
-0.000268
0.000066
-0.000089
-0.000592
-0.000871
-0.000829
-0.000732
-0.000539
0.000053
0.000900
0.001380
0.001326
0.001196
0.001188
0.001011
0.000604
0.000350
0.000459
0.000581
0.000348
-0.000065
-0.000359
-0.000657
-0.001128
-0.001565
-0.001679
-0.001455
-0.001053
-0.000600
-0.000167
0.000140
0.000226
0.000158
0.000131
0.000186
0.000172
0.000055
0.000044
0.000273
0.000573
0.000696
0.000591
0.000381
0.000174
0.000011
0.000007
0.000254
0.000492
0.000352
-0.000013
-0.000187
-0.000181
-0.000171
-0.000018
0.000307
0.000508
0.000378
0.000002
-0.000319
-0.000458
-0.000702
-0.001060
-0.001168
-0.001103
-0.001012
-0.000608
0.000142
0.000914
0.001373
0.001272
0.000940
0.000868
0.000843
0.000659
0.000575
0.000581
0.000453
0.000086
-0.000536
-0.001121
-0.001396
-0.001498
-0.001421
-0.000965
-0.000279
0.000321
0.000672
0.000771
0.000723
0.000524
0.000120
-0.000343
-0.000669
-0.000812
-0.000777
-0.000533
-0.000076
0.000376
0.000483
0.000224
-0.000094
-0.000196
0.000044
0.000532
0.000976
0.001236
0.001365
0.001356
0.001117
0.000605
-0.000056
-0.000594
-0.000864
-0.000926
-0.000860
-0.000730
-0.000588
-0.000431
-0.000302
-0.000298
-0.000417
-0.000510
-0.000472
-0.000322
-0.000066
0.000279
0.000550
0.000545
0.000303
0.000077
0.000007
-0.000016
-0.000078
-0.000030
0.000261
0.000588
0.000655
0.000492
0.000337
0.000214
-0.000040
-0.000364
-0.000438
-0.000178
0.000130
0.000313
0.000361
0.000124
-0.000393
-0.000803
-0.000857
-0.000718
-0.000592
-0.000425
-0.000047
0.000424
0.000565
0.000235
-0.000142
-0.000167
0.000016
0.000094
0.000118
0.000319
0.000642
0.000780
0.000555
0.000169
0.000084
0.000281
-0.000214
-0.001893
-0.003385
-0.003172
-0.001659
-0.000080
0.001234
0.002612
0.003902
0.004085
0.002714
0.001086
0.000445
0.000345
0.000009
-0.000441
-0.000608
-0.000598
-0.000909
-0.001621
-0.002217
-0.002492
-0.002673
-0.002563
-0.001670
-0.000189
0.001053
0.001668
0.002017
0.002286
0.002069
0.001121
-0.000078
-0.000798
-0.000860
-0.000678
-0.000525
-0.000283
0.000049
0.000255
0.000234
0.000028
-0.000266
-0.000443
-0.000269
0.000302
0.001035
0.001569
0.001735
0.001618
0.001272
0.000660
-0.000172
-0.001072
-0.001783
-0.002021
-0.001774
-0.001352
-0.001045
-0.000864
-0.000695
-0.000602
-0.000669
-0.000685
-0.000384
0.000175
0.000780
0.001321
0.001717
0.001819
0.001561
0.001116
0.000698
0.000322
-0.000014
-0.000132
0.000065
0.000344
0.000382
0.000174
-0.000051
-0.000192
-0.000364
-0.000738
-0.001214
-0.001251
-0.000665
-0.000052
0.000343
0.000735
0.000750
0.000101
-0.000747
-0.001413
-0.001666
-0.001379
-0.000926
-0.000463
0.000184
0.000770
0.001052
0.001129
0.001153
0.001237
0.001191
0.000841
0.000507
0.000441
0.000547
0.000567
0.000164
-0.000409
-0.000583
-0.000692
-0.001179
-0.001509
-0.001291
-0.000922
-0.000699
-0.000494
-0.000074
0.000454
0.000561
0.000218
0.000130
0.000407
0.000364
-0.000093
-0.000316
-0.000020
0.000399
0.000546
0.000519
0.000540
0.000546
0.000449
0.000356
0.000338
0.000308
0.000235
0.000193
0.000140
-0.000066
-0.000423
-0.000717
-0.000609
-0.000240
-0.000331
-0.000910
-0.001172
-0.000840
-0.000257
0.000145
0.000206
0.000399
0.000723
0.000414
-0.000312
-0.001023
-0.002301
-0.003382
-0.002129
0.001246
0.004283
0.005549
0.005428
0.004762
0.003290
0.000140
-0.003277
-0.004203
-0.002956
-0.002039
-0.002007
-0.001819
-0.001165
-0.000720
-0.001089
-0.001701
-0.001647
-0.001100
-0.000205
0.001514
0.003521
0.004378
0.003642
0.002200
0.000948
-0.000164
-0.001499
-0.002578
-0.002512
-0.001478
-0.000637
-0.000443
-0.000225
0.000237
0.000321
-0.000008
-0.000091
0.000301
0.000884
0.001383
0.001655
0.001618
0.001068
-0.000154
-0.001556
-0.002358
-0.002696
-0.003412
-0.004413
-0.004307
-0.002109
0.001224
0.003824
0.005145
0.005802
0.005798
0.004634
0.002645
0.001023
0.000500
0.000456
-0.000092
-0.001108
-0.002055
-0.002846
-0.003565
-0.004093
-0.004204
-0.003777
-0.002956
-0.001822
-0.000285
0.001285
0.002150
0.002191
0.001938
0.001636
0.001049
0.000181
-0.000405
-0.000313
0.000140
0.000414
0.000367
0.000219
0.000137
0.000083
0.000106
0.000351
0.000724
0.001023
0.001269
0.001550
0.001695
0.001355
0.000606
0.000081
-0.000069
-0.000532
-0.001727
-0.003099
-0.003611
-0.002979
-0.002021
-0.001016
0.000579
0.002328
0.003070
0.002472
0.001141
0.000025
-0.000559
-0.001037
-0.001307
-0.001037
-0.000631
-0.000462
-0.000401
-0.000272
-0.000055
0.000046
0.000149
0.000772
0.001733
0.002279
0.002253
0.001965
0.001546
0.000841
-0.000270
-0.001478
-0.002284
-0.002554
-0.002505
-0.002314
-0.001948
-0.001409
-0.000731
0.000271
0.001502
0.002283
0.002175
0.001288
0.000062
-0.000844
-0.001299
-0.001578
-0.001397
-0.001497
-0.004476
-0.009450
-0.009769
-0.002607
0.005798
0.010538
0.013782
0.016575
0.015575
0.009157
0.000632
-0.004428
-0.004459
-0.004042
-0.005887
-0.006566
-0.004412
-0.002981
-0.004129
-0.005552
-0.005956
-0.006528
-0.006848
-0.004426
0.000884
0.005901
0.007960
0.007593
0.006935
0.005764
0.001892
-0.003449
-0.005998
-0.004930
-0.003015
-0.001582
-0.000081
0.001521
0.002483
0.002271
0.001286
0.000418
-0.000075
-0.000112
0.001108
0.003674
0.005725
0.005589
0.003899
0.001915
-0.000440
-0.003311
-0.005708
-0.006568
-0.005625
-0.003641
-0.002079
-0.001483
-0.001273
-0.001402
-0.002093
-0.002770
-0.002814
-0.001993
-0.000154
0.002341
0.004596
0.005847
0.005877
0.004989
0.003494
0.001810
0.000828
0.000930
0.001484
0.001895
0.002052
0.001931
0.001180
-0.000715
-0.003190
-0.004749
-0.004969
-0.004597
-0.004026
-0.003098
-0.001770
-0.000530
-0.000035
-0.000252
-0.000611
-0.000760
-0.000531
0.000229
0.001385
0.002438
0.002939
0.002889
0.002485
0.001692
0.000595
-0.000233
-0.000263
0.000303
0.000757
0.000791
0.000677
0.000569
0.000322
-0.000048
-0.000168
0.000264
0.000787
0.000637
-0.000046
-0.000693
-0.001575
-0.003061
-0.004418
-0.004830
-0.004672
-0.004452
-0.003505
-0.001542
-0.001574
-0.006798
-0.012050
-0.007956
0.003414
0.011884
0.016398
0.021546
0.024563
0.019916
0.008779
-0.001792
-0.005980
-0.005711
-0.006688
-0.008513
-0.007220
-0.004439
-0.004661
-0.007065
-0.008113
-0.008789
-0.011045
-0.011188
-0.005524
0.002716
0.008241
0.009834
0.009558
0.008936
0.006247
0.000012
-0.005904
-0.006908
-0.004356
-0.001792
0.000497
0.003153
0.004925
0.004685
0.003174
0.001524
0.000034
-0.000974
-0.000501
0.002148
0.005783
0.007572
0.006136
0.003214
0.000415
-0.002970
-0.007096
-0.010403
-0.012038
-0.011737
-0.008854
-0.004059
0.000501
0.003406
0.004767
0.005395
0.005362
0.003918
0.001848
0.001551
0.003465
0.005126
0.004479
0.002073
-0.000365
-0.002138
-0.003608
-0.004850
-0.005163
-0.003854
-0.001162
0.001944
0.004517
0.005693
0.005069
0.003337
0.001440
-0.000511
-0.002676
-0.004550
-0.005225
-0.004563
-0.003567
-0.003151
-0.003133
-0.002778
-0.001791
-0.000591
0.000369
0.001337
0.002824
0.004704
0.006220
0.006731
0.006248
0.005163
0.003641
0.001597
-0.000695
-0.002332
-0.002679
-0.002240
-0.002058
-0.002820
-0.004205
-0.004804
-0.004110
-0.003414
-0.003223
-0.002670
-0.001730
-0.001003
-0.001227
-0.004609
-0.011392
-0.014724
-0.007796
0.004986
0.014774
0.021026
0.026167
0.026634
0.018889
0.006347
-0.003921
-0.007618
-0.006645
-0.005674
-0.005562
-0.004512
-0.003759
-0.005790
-0.009236
-0.011402
-0.013016
-0.014551
-0.012197
-0.003943
0.005555
0.010995
0.011978
0.010636
0.007965
0.003369
-0.002826
-0.007317
-0.006948
-0.002967
0.001101
0.003924
0.005677
0.005627
0.003508
0.000930
-0.000785
-0.001766
-0.001643
0.000716
0.004987
0.008796
0.009546
0.006574
0.001472
-0.004167
-0.009768
-0.013600
-0.013301
-0.009120
-0.002729
0.004193
0.008240
0.007249
0.003296
-0.001185
-0.004859
-0.006276
-0.005491
-0.002921
0.001390
0.005084
0.005910
0.004466
0.001513
-0.002052
-0.004228
-0.004001
-0.001481
0.002596
0.006622
0.009390
0.010054
0.007730
0.003068
-0.001874
-0.005436
-0.007026
-0.006983
-0.005869
-0.004123
-0.002581
-0.002088
-0.002660
-0.003633
-0.004136
-0.003449
-0.001428
0.001382
0.004165
0.006395
0.007802
0.007960
0.006501
0.003844
0.001161
-0.000640
-0.001519
-0.001766
-0.001468
-0.000927
-0.000803
-0.001373
-0.002429
-0.003773
-0.005232
-0.006332
-0.006221
-0.004564
-0.002218
-0.000044
0.001301
-0.001048
-0.009380
-0.016533
-0.010532
0.006535
0.019973
0.025033
0.028095
0.028390
0.019195
0.002972
-0.009220
-0.011133
-0.007409
-0.005751
-0.006827
-0.006289
-0.004198
-0.005364
-0.010280
-0.013644
-0.013848
-0.013998
-0.012111
-0.003237
0.008984
0.015574
0.014504
0.010524
0.006543
0.001500
-0.004821
-0.008970
-0.007499
-0.001795
0.003291
0.005288
0.005648
0.005205
0.002746
-0.000773
-0.002343
-0.001571
0.000153
0.003248
0.007962
0.011666
0.011214
0.006257
-0.000500
-0.005756
-0.008642
-0.010397
-0.011298
-0.010818
-0.010082
-0.010156
-0.009402
-0.005758
0.000510
0.007075
0.011080
0.011841
0.010816
0.008186
0.004082
0.001152
0.000942
0.001587
0.000744
-0.001980
-0.004548
-0.005015
-0.004418
-0.004161
-0.003423
-0.001414
0.001478
0.004614
0.007161
0.008200
0.006892
0.003269
-0.000925
-0.004009
-0.006113
-0.007737
-0.008346
-0.007290
-0.005150
-0.003324
-0.002323
-0.001432
-0.000061
0.001575
0.003131
0.004746
0.006485
0.007749
0.008002
0.007311
0.005949
0.004154
0.001915
-0.000758
-0.002950
-0.003669
-0.003662
-0.004343
-0.005330
-0.005651
-0.005919
-0.006383
-0.005820
-0.004258
-0.002986
-0.002042
-0.000648
0.001556
0.003629
0.001325
-0.008488
-0.017155
-0.010373
0.008891
0.022554
0.025772
0.028096
0.028752
0.018209
-0.000385
-0.012741
-0.012317
-0.005966
-0.002675
-0.003457
-0.004378
-0.004999
-0.008471
-0.014211
-0.017066
-0.016096
-0.015413
-0.013129
-0.002923
0.011182
0.017521
0.013926
0.008084
0.004086
-0.000090
-0.004813
-0.006581
-0.003019
0.003614
0.008425
0.008839
0.006516
0.003448
-0.000614
-0.004494
-0.004804
-0.001547
0.001894
0.004976
0.009040
0.011769
0.009464
0.002646
-0.004635
-0.008967
-0.010028
-0.010170
-0.010653
-0.009632
-0.006718
-0.005034
-0.004933
-0.002934
0.001262
0.004721
0.006400
0.007192
0.008065
0.008291
0.006019
0.002952
0.002258
0.002033
-0.000689
-0.004083
-0.005208
-0.003988
-0.002516
-0.002191
-0.001461
0.001036
0.003473
0.004400
0.004642
0.004482
0.003086
0.000279
-0.002713
-0.004511
-0.005410
-0.006283
-0.006477
-0.005214
-0.003453
-0.002495
-0.002134
-0.001271
0.000337
0.001924
0.003113
0.004442
0.006243
0.007834
0.008290
0.007317
0.005117
0.002369
0.000190
-0.001101
-0.002308
-0.003384
-0.003303
-0.002594
-0.002951
-0.004463
-0.006015
-0.007261
-0.007873
-0.006793
-0.004219
-0.001656
0.000813
0.003483
0.004758
0.002836
-0.004077
-0.014937
-0.018446
-0.004019
0.017985
0.029487
0.030610
0.029602
0.023345
0.007462
-0.009486
-0.015262
-0.009484
-0.002112
0.000031
-0.001770
-0.004500
-0.008279
-0.014385
-0.020323
-0.021044
-0.017059
-0.012649
-0.005753
0.006870
0.018019
0.018237
0.009920
0.002234
-0.001544
-0.003627
-0.004143
-0.001023
0.005028
0.010039
0.010473
0.006245
0.000605
-0.003757
-0.006699
-0.007120
-0.002900
0.003904
0.008634
0.010448
0.010732
0.008366
0.002226
-0.005132
-0.009649
-0.009647
-0.007251
-0.006394
-0.007870
-0.008304
-0.006147
-0.003385
-0.000599
0.002569
0.004795
0.005516
0.005073
0.003644
0.002696
0.002639
0.002016
0.001362
0.001217
-0.000134
-0.002526
-0.003897
-0.003518
-0.001860
-0.000200
0.000974
0.003067
0.005975
0.007492
0.006787
0.004604
0.001825
-0.000903
-0.003413
-0.005365
-0.006241
-0.006320
-0.006086
-0.005551
-0.004828
-0.004221
-0.003805
-0.003152
-0.001627
0.000834
0.003706
0.006388
0.008286
0.008964
0.008253
0.006178
0.003473
0.001437
0.000515
0.000175
-0.000045
-0.000654
-0.002190
-0.004209
-0.005523
-0.005787
-0.006072
-0.007390
-0.008658
-0.007364
-0.003230
0.000809
0.002795
0.003246
-0.000175
-0.011107
-0.020939
-0.012419
0.012672
0.031653
0.034255
0.030308
0.024076
0.010294
-0.007091
-0.014872
-0.008243
0.002828
0.005981
0.000136
-0.006905
-0.011225
-0.016152
-0.022362
-0.023424
-0.016843
-0.009380
-0.003944
0.004737
0.015153
0.017006
0.008126
-0.001841
-0.005307
-0.003372
0.000228
0.004265
0.008627
0.011415
0.009395
0.002224
-0.005192
-0.007922
-0.006791
-0.004340
0.000358
0.007096
0.011402
0.010833
0.007659
0.003810
-0.000576
-0.004405
-0.005752
-0.003775
0.000149
0.002442
0.000229
-0.005575
-0.012034
-0.017290
-0.019112
-0.014302
-0.003718
0.006941
0.013535
0.015330
0.012548
0.006732
0.000581
-0.002741
-0.000501
0.005092
0.007964
0.006414
0.002906
-0.001436
-0.005962
-0.009101
-0.009237
-0.005300
0.001044
0.006217
0.008720
0.008419
0.004867
-0.000715
-0.005413
-0.007086
-0.005663
-0.002930
-0.000745
0.000155
-0.000772
-0.003800
-0.007524
-0.009298
-0.007549
-0.003070
0.002222
0.006876
0.009919
0.010687
0.009180
0.006224
0.003379
0.002061
0.002347
0.003200
0.003668
0.003232
0.001241
-0.002752
-0.007559
-0.010661
-0.010679
-0.008626
-0.006557
-0.005309
-0.004111
-0.002673
-0.001720
-0.001329
-0.002525
-0.008580
-0.016541
-0.012957
0.007467
0.028517
0.034553
0.030069
0.023371
0.012528
-0.002148
-0.010899
-0.006469
0.005782
0.012664
0.007143
-0.005109
-0.015062
-0.020803
-0.024257
-0.023370
-0.015717
-0.006283
-0.001155
0.002137
0.006880
0.008168
0.002108
-0.005592
-0.007216
-0.001890
0.005683
0.010823
0.012145
0.010473
0.005956
-0.001285
-0.007763
-0.008375
-0.003074
0.003148
0.007353
0.009717
0.009342
0.005607
0.000920
-0.001994
-0.002378
-0.000586
0.002080
0.004041
0.004712
0.003253
-0.001626
-0.008526
-0.013380
-0.014107
-0.012515
-0.010981
-0.009286
-0.006037
-0.001722
0.002033
0.004926
0.007317
0.008632
0.008384
0.007728
0.008240
0.009288
0.008586
0.005599
0.002049
-0.000933
-0.003563
-0.005475
-0.005350
-0.003104
-0.000860
-0.000432
-0.001092
-0.001186
-0.000592
-0.000356
-0.000839
-0.001286
-0.001132
-0.000823
-0.000965
-0.001587
-0.002597
-0.003971
-0.005164
-0.005142
-0.003494
-0.001018
0.001232
0.002913
0.004036
0.004511
0.004540
0.004711
0.005328
0.006056
0.006221
0.005346
0.003695
0.001998
0.000562
-0.000765
-0.002334
-0.004551
-0.006930
-0.008343
-0.008942
-0.009459
-0.009071
-0.006842
-0.003776
-0.001443
-0.001047
-0.004928
-0.013129
-0.015766
-0.001691
0.021005
0.032643
0.029772
0.022730
0.014676
0.004067
-0.004318
-0.003759
0.005508
0.013955
0.010882
-0.002549
-0.015085
-0.020597
-0.022071
-0.021329
-0.015659
-0.006717
-0.001691
-0.001721
-0.001182
0.000437
-0.000978
-0.004402
-0.004721
0.000326
0.008091
0.013083
0.012180
0.007701
0.002947
-0.001672
-0.005276
-0.004538
0.001151
0.006964
0.008588
0.006675
0.003471
0.000201
-0.001751
-0.001480
0.000676
0.003943
0.006342
0.005542
0.002223
-0.001265
-0.004693
-0.008238
-0.009675
-0.007405
-0.004164
-0.004401
-0.008685
-0.013083
-0.013589
-0.009056
-0.001186
0.006463
0.010983
0.011815
0.009865
0.007048
0.005356
0.005024
0.005616
0.006830
0.006981
0.004707
0.001166
-0.001958
-0.003846
-0.004423
-0.004423
-0.003815
-0.001886
0.000324
0.000991
-0.000199
-0.002509
-0.004616
-0.005077
-0.003759
-0.001761
-0.000377
-0.000544
-0.002037
-0.003610
-0.004314
-0.003810
-0.001994
0.000693
0.003165
0.004576
0.004963
0.004793
0.004514
0.004557
0.005064
0.005615
0.005619
0.004890
0.003581
0.001645
-0.001045
-0.003872
-0.005688
-0.006181
-0.006346
-0.007320
-0.008818
-0.009139
-0.007316
-0.004482
-0.002867
-0.005025
-0.011377
-0.014833
-0.005575
0.013289
0.026620
0.027083
0.020300
0.012181
0.004650
0.000188
0.001827
0.009375
0.016392
0.013761
0.000434
-0.013944
-0.020561
-0.019668
-0.015399
-0.009546
-0.003944
-0.002384
-0.005284
-0.008076
-0.007857
-0.005928
-0.003718
-0.001070
0.002663
0.007161
0.009766
0.008026
0.003603
0.000124
-0.001173
-0.000711
0.001682
0.005419
0.007784
0.006489
0.002394
-0.001563
-0.002836
-0.000831
0.002683
0.005450
0.006679
0.006010
0.003011
-0.000927
-0.003287
-0.003560
-0.003228
-0.002999
-0.002309
-0.001692
-0.003492
-0.009077
-0.015850
-0.017765
-0.011325
-0.000843
0.006629
0.008842
0.007037
0.003282
0.000472
0.000386
0.003515
0.009229
0.013413
0.012091
0.006668
0.000643
-0.003616
-0.004466
-0.002539
0.000136
0.002374
0.002738
0.000560
-0.002432
-0.004732
-0.006033
-0.005785
-0.003846
-0.001091
0.000912
0.000542
-0.002025
-0.004759
-0.006070
-0.005530
-0.003398
-0.000439
0.002333
0.003684
0.003043
0.001629
0.001217
0.002363
0.004449
0.006314
0.006981
0.006357
0.004810
0.002630
0.000510
-0.000672
-0.000959
-0.001321
-0.002611
-0.004631
-0.006292
-0.007144
-0.007769
-0.007860
-0.006046
-0.002553
-0.000559
-0.004339
-0.013294
-0.016707
-0.004262
0.015985
0.025493
0.020389
0.011686
0.006323
0.003377
0.002478
0.005941
0.013733
0.018797
0.012289
-0.003819
-0.016743
-0.018337
-0.012780
-0.007169
-0.003257
-0.001611
-0.004644
-0.010856
-0.014119
-0.011456
-0.005473
-0.000109
0.002512
0.003281
0.004072
0.004105
0.002059
0.000073
0.000836
0.003353
0.005143
0.005779
0.005860
0.004906
0.002397
-0.000483
-0.001558
0.000358
0.004043
0.006412
0.005764
0.003431
0.000988
-0.001225
-0.002267
-0.001157
0.000992
0.002022
0.000705
-0.002766
-0.006713
-0.009251
-0.009825
-0.008790
-0.007324
-0.006670
-0.005251
-0.000978
0.003188
0.002968
-0.000059
-0.000881
0.002492
0.007146
0.008796
0.007547
0.006616
0.005786
0.003093
0.000260
0.000168
0.002451
0.004136
0.002931
-0.000033
-0.002033
-0.002676
-0.002926
-0.002695
-0.001956
-0.001554
-0.002232
-0.003773
-0.004822
-0.004462
-0.003518
-0.002961
-0.002597
-0.002048
-0.001416
-0.000945
-0.000580
0.000200
0.001617
0.002999
0.003791
0.004349
0.004921
0.004852
0.003790
0.002796
0.003056
0.003971
0.003671
0.001514
-0.001125
-0.003052
-0.004541
-0.005801
-0.006156
-0.005244
-0.003750
-0.002905
-0.003296
-0.005091
-0.009565
-0.014791
-0.011601
0.003962
0.019154
0.020184
0.010574
0.002653
0.001682
0.004793
0.008202
0.011842
0.015829
0.014689
0.003456
-0.011537
-0.017720
-0.011938
-0.003088
0.000726
-0.000527
-0.004560
-0.010139
-0.014079
-0.012814
-0.006570
0.000941
0.004946
0.003371
-0.000435
-0.002061
-0.001269
0.000286
0.002426
0.004981
0.006301
0.005077
0.002295
0.000211
-0.000021
0.001038
0.002169
0.002857
0.003600
0.004127
0.003082
0.000927
-0.000024
0.000825
0.002072
0.002808
0.003000
0.002501
0.000728
-0.002456
-0.005748
-0.007567
-0.007890
-0.007329
-0.005344
-0.002087
-0.000516
-0.002652
-0.005736
-0.005639
-0.001735
0.002859
0.004666
0.003835
0.002962
0.002389
0.001273
0.000944
0.002717
0.005445
0.006770
0.005343
0.002570
0.001033
0.001011
0.001341
0.001709
0.001870
0.001228
-0.000439
-0.002673
-0.004252
-0.004443
-0.003987
-0.003664
-0.003422
-0.003177
-0.003202
-0.003750
-0.004185
-0.003233
-0.000929
0.001191
0.002002
0.001701
0.001399
0.001941
0.002911
0.003534
0.003900
0.004354
0.004432
0.003352
0.001551
0.000441
0.000178
-0.000404
-0.001758
-0.003276
-0.004108
-0.003779
-0.002830
-0.002223
-0.002175
-0.002921
-0.005972
-0.011089
-0.011697
-0.001623
0.012088
0.015824
0.008513
0.000855
-0.000103
0.004071
0.008353
0.010389
0.011797
0.011606
0.005031
-0.006293
-0.012492
-0.008486
-0.000631
0.002544
-0.000144
-0.005054
-0.009616
-0.012038
-0.010599
-0.005774
-0.000122
0.003027
0.001320
-0.003042
-0.004758
-0.002216
0.001778
0.004730
0.005740
0.004573
0.002010
-0.000248
-0.000732
0.000817
0.003277
0.004703
0.003801
0.001595
0.000260
0.000236
0.000799
0.001917
0.003186
0.003642
0.003201
0.001992
0.000167
-0.001106
-0.001190
-0.001050
-0.001445
-0.002463
-0.004130
-0.005762
-0.006293
-0.005286
-0.003139
-0.001413
-0.001598
-0.002820
-0.002938
-0.001412
0.000378
0.000989
0.000797
0.001333
0.002576
0.003208
0.003163
0.003358
0.003936
0.004292
0.004041
0.003546
0.003270
0.002892
0.002002
0.000948
0.000160
-0.000468
-0.001271
-0.002307
-0.003159
-0.003450
-0.003378
-0.003337
-0.003432
-0.003531
-0.003389
-0.002818
-0.001920
-0.001032
-0.000372
0.000111
0.000541
0.001076
0.001831
0.002492
0.002685
0.002707
0.002822
0.002597
0.001878
0.001207
0.000797
0.000293
-0.000531
-0.001472
-0.002033
-0.001949
-0.001636
-0.001546
-0.001422
-0.001004
-0.001696
-0.005647
-0.010006
-0.006773
0.004383
0.011708
0.008074
0.000559
-0.001657
0.002209
0.007117
0.008942
0.008635
0.008367
0.005588
-0.001721
-0.007909
-0.006565
-0.000468
0.002571
0.000406
-0.003283
-0.006273
-0.008540
-0.008930
-0.006426
-0.002070
0.001504
0.001260
-0.002625
-0.005449
-0.003911
0.000136
0.003425
0.004488
0.003357
0.001107
-0.000569
-0.000497
0.001157
0.003275
0.004507
0.003775
0.001584
0.000079
0.000271
0.001347
0.002779
0.003995
0.003763
0.002171
0.000670
-0.000008
0.000007
0.000327
0.000263
-0.000831
-0.003039
-0.005116
-0.004971
-0.002743
-0.001251
-0.002045
-0.003604
-0.003707
-0.002283
-0.001489
-0.002122
-0.002271
-0.001191
-0.000372
-0.000135
0.000680
0.002239
0.003355
0.003184
0.002624
0.003092
0.004166
0.004381
0.003622
0.002903
0.002641
0.002244
0.001198
-0.000046
-0.000749
-0.000872
-0.000969
-0.001482
-0.002211
-0.002693
-0.002955
-0.003196
-0.003313
-0.003122
-0.002504
-0.001702
-0.001282
-0.001207
-0.000934
-0.000381
0.000221
0.000813
0.001476
0.002266
0.002820
0.002697
0.002201
0.001801
0.001402
0.000851
0.000180
-0.000432
-0.000760
-0.000981
-0.001259
-0.001266
-0.000909
-0.000592
-0.001225
-0.004065
-0.007503
-0.006207
0.000811
0.006282
0.005006
0.001045
0.000417
0.003524
0.006601
0.006850
0.005557
0.005175
0.004287
0.000553
-0.003158
-0.002601
0.000321
0.000786
-0.001224
-0.002701
-0.003385
-0.004588
-0.005808
-0.005672
-0.003803
-0.001474
-0.000997
-0.002695
-0.003862
-0.002720
-0.000627
0.000708
0.001137
0.001062
0.000795
0.000745
0.001051
0.001597
0.002483
0.003389
0.003281
0.002145
0.001363
0.001475
0.001786
0.002019
0.002270
0.002312
0.002127
0.001839
0.001260
0.000519
0.000033
-0.000352
-0.000865
-0.001449
-0.002461
-0.003800
-0.003969
-0.002316
-0.000743
-0.001110
-0.002649
-0.003408
-0.002757
-0.001763
-0.001573
-0.001705
-0.001102
-0.000259
-0.000010
0.000303
0.001280
0.002147
0.002196
0.001963
0.002495
0.003775
0.004347
0.003333
0.001945
0.001633
0.001951
0.001617
0.000613
-0.000123
-0.000344
-0.000654
-0.001387
-0.002082
-0.002148
-0.001792
-0.001724
-0.001943
-0.001836
-0.001389
-0.001190
-0.001446
-0.001720
-0.001502
-0.000815
-0.000142
0.000241
0.000523
0.000853
0.001038
0.001012
0.001055
0.001238
0.001237
0.000821
0.000141
-0.000334
-0.000225
0.000165
0.000183
-0.000129
-0.000188
-0.000019
-0.000586
-0.002592
-0.004553
-0.003703
-0.000351
0.001903
0.001609
0.000985
0.001996
0.004103
0.005210
0.004316
0.003275
0.003661
0.003517
0.001216
-0.000787
-0.000408
0.000247
-0.000736
-0.001827
-0.001808
-0.001907
-0.002980
-0.004260
-0.004568
-0.003349
-0.001747
-0.001628
-0.002626
-0.002767
-0.001795
-0.000926
-0.000412
0.000190
0.000668
0.000680
0.000431
0.000266
0.000601
0.001704
0.002777
0.002761
0.002105
0.001837
0.001810
0.001600
0.001605
0.002106
0.002625
0.002588
0.001861
0.000911
0.000383
0.000153
-0.000469
-0.001489
-0.002172
-0.002150
-0.001770
-0.001403
-0.001127
-0.001054
-0.001276
-0.001669
-0.002144
-0.002539
-0.002453
-0.001819
-0.001146
-0.000867
-0.000799
-0.000438
0.000223
0.000695
0.000911
0.001269
0.001765
0.001978
0.001880
0.001906
0.002146
0.002109
0.001553
0.000949
0.000831
0.001115
0.001227
0.000793
0.000038
-0.000609
-0.000921
-0.000864
-0.000603
-0.000409
-0.000426
-0.000718
-0.001239
-0.001641
-0.001592
-0.001255
-0.000992
-0.000840
-0.000646
-0.000408
-0.000259
-0.000230
-0.000151
0.000077
0.000286
0.000292
0.000167
0.000119
0.000191
0.000228
0.000164
0.000160
0.000289
0.000365
0.000320
0.000330
0.000421
0.000258
-0.000563
-0.002020
-0.003369
-0.003250
-0.000961
0.001925
0.003098
0.002783
0.002545
0.002052
0.000887
0.000902
0.002792
0.003966
0.002761
0.000648
-0.000833
-0.001189
-0.000071
0.001490
0.001465
-0.000175
-0.001832
-0.002860
-0.003235
-0.002766
-0.001992
-0.001739
-0.001983
-0.002444
-0.002793
-0.002152
-0.000491
0.000487
-0.000107
-0.000913
-0.000859
-0.000455
0.000062
0.001026
0.002041
0.002408
0.001980
0.001044
0.000453
0.001070
0.002338
0.002885
0.002443
0.001669
0.000917
0.000337
0.000151
0.000258
0.000318
0.000131
-0.000447
-0.001241
-0.001401
-0.000463
0.000582
0.000464
-0.000677
-0.001759
-0.002204
-0.002129
-0.001734
-0.001192
-0.000835
-0.000969
-0.001448
-0.001643
-0.001053
0.000013
0.000671
0.000525
0.000081
0.000021
0.000436
0.000886
0.001073
0.001166
0.001362
0.001527
0.001511
0.001450
0.001451
0.001313
0.000874
0.000428
0.000442
0.000852
0.001011
0.000518
-0.000279
-0.000829
-0.001032
-0.001132
-0.001237
-0.001264
-0.001270
-0.001361
-0.001324
-0.000916
-0.000410
-0.000297
-0.000551
-0.000677
-0.000455
-0.000199
-0.000191
-0.000282
-0.000258
-0.000151
-0.000024
0.000171
0.000415
0.000510
0.000356
0.000238
0.000426
0.000434
-0.000704
-0.002980
-0.004429
-0.002759
0.001239
0.003925
0.003794
0.002921
0.002385
0.001228
0.000486
0.002217
0.004696
0.004407
0.001547
-0.000985
-0.001533
-0.000139
0.001776
0.002049
0.000407
-0.001473
-0.002848
-0.003742
-0.003439
-0.002079
-0.001370
-0.002071
-0.003172
-0.003581
-0.002814
-0.001220
-0.000241
-0.000619
-0.001113
-0.000785
-0.000376
-0.000102
0.000933
0.002424
0.002892
0.002000
0.000803
0.000377
0.001118
0.002424
0.003171
0.003026
0.002436
0.001586
0.000682
0.000376
0.000698
0.000685
-0.000160
-0.001140
-0.001385
-0.000844
-0.000135
0.000136
-0.000236
-0.001088
-0.001980
-0.002379
-0.002084
-0.001438
-0.001008
-0.001123
-0.001620
-0.001916
-0.001553
-0.000743
-0.000065
0.000239
0.000296
0.000224
0.000124
0.000168
0.000493
0.001032
0.001488
0.001646
0.001631
0.001674
0.001741
0.001615
0.001327
0.001180
0.001247
0.001266
0.001093
0.000800
0.000348
-0.000282
-0.000823
-0.001048
-0.001134
-0.001369
-0.001698
-0.001811
-0.001582
-0.001253
-0.001078
-0.000989
-0.000806
-0.000575
-0.000459
-0.000388
-0.000141
0.000199
0.000249
-0.000060
-0.000345
-0.000333
-0.000123
0.000146
0.000412
0.000549
0.000513
0.000482
0.000541
0.000482
-0.000081
-0.001527
-0.003386
-0.003658
-0.000915
0.002845
0.004308
0.003420
0.002282
0.001197
0.000105
0.000899
0.003755
0.005048
0.002769
-0.000413
-0.001621
-0.000703
0.001210
0.002385
0.001456
-0.000746
-0.002591
-0.003642
-0.003565
-0.002190
-0.001118
-0.001861
-0.003357
-0.003826
-0.003060
-0.001740
-0.000672
-0.000577
-0.001093
-0.001131
-0.000634
-0.000079
0.000927
0.002391
0.002946
0.002012
0.000981
0.001058
0.001829
0.002482
0.002788
0.002769
0.002354
0.001460
0.000430
0.000078
0.000546
0.000820
0.000228
-0.000635
-0.000992
-0.000782
-0.000363
-0.000141
-0.000370
-0.000950
-0.001590
-0.002068
-0.002184
-0.001890
-0.001555
-0.001614
-0.001943
-0.001950
-0.001321
-0.000465
0.000005
0.000059
0.000073
0.000121
0.000121
0.000302
0.000822
0.001365
0.001624
0.001712
0.001815
0.001868
0.001678
0.001264
0.000996
0.001107
0.001256
0.001033
0.000591
0.000274
0.000088
-0.000082
-0.000192
-0.000304
-0.000647
-0.001193
-0.001553
-0.001451
-0.001093
-0.000896
-0.000969
-0.001081
-0.001065
-0.000959
-0.000822
-0.000635
-0.000402
-0.000256
-0.000349
-0.000576
-0.000589
-0.000243
0.000164
0.000377
0.000558
0.000857
0.001097
0.001140
0.001007
0.000723
0.000293
-0.000494
-0.001948
-0.003526
-0.003538
-0.001002
0.002393
0.003919
0.003275
0.002172
0.001238
0.000480
0.001214
0.003614
0.004658
0.002407
-0.000661
-0.001530
-0.000360
0.001167
0.001852
0.001084
-0.000755
-0.002538
-0.003493
-0.003200
-0.001869
-0.001105
-0.002100
-0.003520
-0.003489
-0.002239
-0.001051
-0.000470
-0.000486
-0.000843
-0.001016
-0.000775
-0.000183
0.000903
0.002133
0.002398
0.001540
0.000855
0.001090
0.001654
0.002077
0.002554
0.002940
0.002599
0.001453
0.000322
-0.000066
0.000090
0.000137
-0.000129
-0.000457
-0.000548
-0.000277
0.000109
0.000162
-0.000247
-0.000935
-0.001717
-0.002247
-0.002176
-0.001812
-0.001748
-0.001900
-0.001774
-0.001305
-0.000828
-0.000599
-0.000549
-0.000432
-0.000201
0.000042
0.000407
0.000982
0.001473
0.001572
0.001422
0.001407
0.001628
0.001825
0.001788
0.001602
0.001383
0.001064
0.000651
0.000352
0.000293
0.000301
0.000116
-0.000257
-0.000556
-0.000667
-0.000760
-0.000931
-0.001043
-0.001068
-0.001153
-0.001256
-0.001182
-0.000954
-0.000777
-0.000710
-0.000628
-0.000416
-0.000117
0.000048
-0.000072
-0.000238
-0.000139
0.000057
0.000049
0.000027
0.000231
0.000366
0.000158
-0.000055
0.000198
0.000838
0.001284
0.001050
0.000212
-0.000985
-0.002450
-0.003143
-0.001385
0.002004
0.003786
0.002977
0.001632
0.000859
0.000444
0.001112
0.002890
0.003501
0.001607
-0.000930
-0.001745
-0.000606
0.001028
0.001510
0.000408
-0.001218
-0.002318
-0.002679
-0.002237
-0.001311
-0.001088
-0.002052
-0.002979
-0.002765
-0.001751
-0.000771
-0.000283
-0.000294
-0.000389
-0.000211
0.000166
0.000697
0.001427
0.001918
0.001657
0.000983
0.000666
0.000908
0.001345
0.001605
0.001594
0.001359
0.000808
0.000014
-0.000335
0.000264
0.001074
0.001047
0.000374
-0.000088
-0.000173
-0.000117
0.000099
0.000305
-0.000043
-0.001059
-0.002018
-0.002134
-0.001540
-0.001124
-0.001328
-0.001689
-0.001720
-0.001482
-0.001109
-0.000576
-0.000097
0.000020
-0.000053
0.000122
0.000572
0.000922
0.000978
0.000967
0.001166
0.001509
0.001685
0.001527
0.001145
0.000772
0.000596
0.000695
0.000954
0.001051
0.000735
0.000175
-0.000186
-0.000152
0.000021
-0.000044
-0.000404
-0.000770
-0.000908
-0.000866
-0.000821
-0.000890
-0.001080
-0.001286
-0.001295
-0.000952
-0.000437
-0.000207
-0.000470
-0.000850
-0.000845
-0.000463
-0.000055
0.000187
0.000220
0.000079
0.000035
0.000376
0.000949
0.001274
0.001133
0.000748
0.000466
0.000455
0.000565
0.000334
-0.000637
-0.001980
-0.002454
-0.001143
0.001170
0.002651
0.002558
0.001598
0.000452
-0.000370
0.000076
0.001768
0.002772
0.001724
-0.000114
-0.000847
-0.000304
0.000552
0.000900
0.000365
-0.000829
-0.001968
-0.002387
-0.001885
-0.001035
-0.000887
-0.001633
-0.002220
-0.001913
-0.001150
-0.000568
-0.000310
-0.000295
-0.000387
-0.000357
-0.000031
0.000562
0.001172
0.001405
0.001153
0.000866
0.000913
0.001051
0.000990
0.000855
0.000762
0.000682
0.000754
0.000995
0.001001
0.000590
0.000234
0.000308
0.000563
0.000697
0.000681
0.000375
-0.000297
-0.000874
-0.000899
-0.000673
-0.000837
-0.001442
-0.001943
-0.001934
-0.001587
-0.001367
-0.001437
-0.001564
-0.001528
-0.001249
-0.000728
-0.000134
0.000280
0.000510
0.000795
0.001212
0.001547
0.001657
0.001622
0.001544
0.001458
0.001381
0.001312
0.001201
0.000937
0.000484
0.000083
0.000040
0.000279
0.000412
0.000255
-0.000032
-0.000284
-0.000485
-0.000625
-0.000702
-0.000796
-0.000947
-0.001110
-0.001239
-0.001250
-0.001086
-0.000881
-0.000829
-0.000900
-0.000866
-0.000568
-0.000121
0.000198
0.000285
0.000266
0.000250
0.000343
0.000647
0.000992
0.001050
0.000833
0.000675
0.000669
0.000596
0.000378
0.000160
-0.000015
-0.000272
-0.000720
-0.001295
-0.001681
-0.001475
-0.000563
0.000725
0.001772
0.001988
0.001298
0.000409
0.000227
0.000849
0.001490
0.001397
0.000559
-0.000326
-0.000482
0.000093
0.000649
0.000633
0.000077
-0.000727
-0.001336
-0.001321
-0.000853
-0.000630
-0.000963
-0.001447
-0.001562
-0.001206
-0.000678
-0.000353
-0.000338
-0.000459
-0.000501
-0.000299
0.000205
0.000742
0.000887
0.000610
0.000284
0.000150
0.000124
0.000154
0.000345
0.000648
0.000821
0.000837
0.000910
0.001055
0.001092
0.001054
0.001106
0.001147
0.000975
0.000637
0.000300
0.000042
-0.000166
-0.000484
-0.000962
-0.001381
-0.001597
-0.001676
-0.001694
-0.001719
-0.001735
-0.001551
-0.001110
-0.000646
-0.000349
-0.000175
-0.000043
0.000064
0.000172
0.000330
0.000539
0.000739
0.000888
0.000997
0.001049
0.001012
0.000917
0.000787
0.000642
0.000665
0.000879
0.000893
0.000599
0.000467
0.000635
0.000561
0.000041
-0.000256
0.000027
0.000158
-0.000457
-0.001238
-0.001394
-0.001092
-0.000871
-0.000772
-0.000624
-0.000440
-0.000343
-0.000403
-0.000537
-0.000614
-0.000602
-0.000488
-0.000204
0.000092
0.000063
-0.000165
-0.000084
0.000341
0.000690
0.000818
0.000844
0.000734
0.000475
0.000305
0.000357
0.000394
0.000209
-0.000089
-0.000417
-0.000891
-0.001391
-0.001384
-0.000550
0.000663
0.001470
0.001562
0.001138
0.000563
0.000369
0.000875
0.001539
0.001476
0.000639
-0.000223
-0.000510
-0.000189
0.000312
0.000416
-0.000110
-0.000943
-0.001465
-0.001279
-0.000654
-0.000358
-0.000755
-0.001329
-0.001395
-0.000905
-0.000288
0.000042
-0.000080
-0.000453
-0.000650
-0.000401
0.000178
0.000686
0.000747
0.000382
-0.000002
-0.000117
-0.000045
0.000107
0.000389
0.000742
0.000966
0.001022
0.001036
0.001090
0.001193
0.001298
0.001263
0.000960
0.000492
0.000127
-0.000030
-0.000109
-0.000273
-0.000611
-0.001062
-0.001423
-0.001557
-0.001468
-0.001267
-0.001157
-0.001221
-0.001270
-0.001108
-0.000754
-0.000379
-0.000161
-0.000112
-0.000029
0.000210
0.000448
0.000506
0.000426
0.000367
0.000424
0.000611
0.000861
0.001045
0.001058
0.000935
0.000828
0.000838
0.000911
0.000923
0.000819
0.000643
0.000458
0.000283
0.000097
-0.000134
-0.000406
-0.000659
-0.000856
-0.001030
-0.001265
-0.001564
-0.001689
-0.001370
-0.000720
-0.000191
-0.000063
-0.000222
-0.000408
-0.000388
-0.000009
0.000552
0.000786
0.000501
0.000147
0.000170
0.000472
0.000715
0.000716
0.000497
0.000235
0.000178
0.000386
0.000587
0.000423
-0.000095
-0.000502
-0.000468
-0.000253
-0.000320
-0.000737
-0.001102
-0.000901
-0.000064
0.000837
0.001148
0.000774
0.000137
-0.000168
0.000214
0.000940
0.001219
0.000762
0.000065
-0.000260
-0.000030
0.000464
0.000709
0.000465
-0.000046
-0.000458
-0.000540
-0.000313
-0.000113
-0.000309
-0.000811
-0.001098
-0.000859
-0.000353
-0.000087
-0.000297
-0.000783
-0.001176
-0.001218
-0.000843
-0.000247
0.000180
0.000205
0.000032
0.000033
0.000263
0.000567
0.000949
0.001365
0.001523
0.001353
0.001217
0.001290
0.001250
0.000868
0.000406
0.000170
0.000098
-0.000003
-0.000147
-0.000278
-0.000492
-0.000867
-0.001183
-0.001192
-0.001060
-0.001072
-0.001149
-0.001104
-0.001000
-0.000921
-0.000830
-0.000746
-0.000726
-0.000678
-0.000458
-0.000127
0.000096
0.000157
0.000264
0.000557
0.000904
0.001129
0.001270
0.001435
0.001561
0.001511
0.001318
0.001122
0.000925
0.000631
0.000295
0.000065
-0.000057
-0.000210
-0.000446
-0.000650
-0.000734
-0.000753
-0.000771
-0.000764
-0.000721
-0.000693
-0.000732
-0.000823
-0.000868
-0.000724
-0.000425
-0.000175
-0.000039
0.000069
0.000113
0.000051
0.000036
0.000180
0.000300
0.000200
0.000036
0.000120
0.000472
0.000782
0.000832
0.000714
0.000570
0.000425
0.000373
0.000523
0.000669
0.000444
-0.000137
-0.000680
-0.000962
-0.001033
-0.000891
-0.000548
-0.000218
-0.000073
-0.000051
-0.000020
0.000102
0.000327
0.000574
0.000703
0.000568
0.000215
0.000007
0.000213
0.000574
0.000648
0.000401
0.000141
0.000024
-0.000013
-0.000007
-0.000041
-0.000269
-0.000617
-0.000779
-0.000611
-0.000293
-0.000123
-0.000236
-0.000494
-0.000661
-0.000641
-0.000463
-0.000228
-0.000121
-0.000161
-0.000039
0.000360
0.000717
0.000826
0.000772
0.000598
0.000339
0.000158
0.000156
0.000241
0.000260
0.000143
-0.000067
-0.000249
-0.000301
-0.000237
-0.000177
-0.000225
-0.000332
-0.000299
-0.000070
0.000122
0.000067
-0.000167
-0.000368
-0.000420
-0.000332
-0.000198
-0.000114
-0.000107
-0.000128
-0.000133
-0.000127
-0.000149
-0.000194
-0.000165
-0.000006
0.000205
0.000352
0.000383
0.000346
0.000326
0.000346
0.000372
0.000372
0.000309
0.000174
0.000047
0.000020
0.000066
0.000115
0.000147
0.000137
0.000068
0.000024
0.000065
0.000117
0.000124
0.000114
0.000061
-0.000085
-0.000268
-0.000414
-0.000498
-0.000465
-0.000360
-0.000358
-0.000487
-0.000561
-0.000456
-0.000234
-0.000022
0.000101
0.000130
0.000159
0.000303
0.000491
0.000518
0.000353
0.000210
0.000280
0.000492
0.000584
0.000400
0.000050
-0.000360
-0.000967
-0.001753
-0.001946
-0.000695
0.001318
0.002346
0.001938
0.001069
0.000266
-0.000316
0.000038
0.001194
0.001329
-0.000282
-0.001682
-0.001278
-0.000084
0.000322
-0.000187
-0.000892
-0.001299
-0.001207
-0.000481
0.000515
0.000728
-0.000166
-0.000913
-0.000480
0.000448
0.000741
0.000349
-0.000136
-0.000415
-0.000424
-0.000043
0.000548
0.000732
0.000298
-0.000100
0.000091
0.000506
0.000528
0.000207
0.000056
0.000251
0.000480
0.000519
0.000441
0.000238
-0.000150
-0.000477
-0.000459
-0.000269
-0.000270
-0.000437
-0.000467
-0.000349
-0.000354
-0.000499
-0.000556
-0.000518
-0.000536
-0.000552
-0.000415
-0.000178
0.000007
0.000166
0.000413
0.000656
0.000698
0.000595
0.000583
0.000588
0.000299
-0.000198
-0.000473
-0.000409
-0.000200
0.000039
0.000243
0.000288
0.000185
0.000138
0.000258
0.000407
0.000430
0.000328
0.000158
-0.000020
-0.000093
-0.000060
-0.000094
-0.000273
-0.000443
-0.000431
-0.000211
0.000067
0.000166
0.000021
-0.000165
-0.000219
-0.000185
-0.000139
-0.000094
-0.000099
-0.000189
-0.000243
-0.000107
0.000132
0.000198
0.000022
-0.000140
-0.000120
-0.000001
0.000146
0.000299
0.000341
0.000201
0.000062
0.000130
0.000331
0.000445
0.000375
0.000159
-0.000079
-0.000170
-0.000074
0.000029
-0.000050
-0.000291
-0.000500
-0.000499
-0.000282
-0.000031
0.000048
-0.000113
-0.000367
-0.000449
-0.000274
-0.000023
0.000116
0.000109
0.000035
0.000003
0.000067
0.000203
0.000312
0.000273
0.000149
0.000121
0.000205
0.000288
0.000359
0.000412
0.000325
0.000099
-0.000032
0.000035
0.000095
0.000004
-0.000102
-0.000081
0.000007
0.000050
0.000024
-0.000045
-0.000105
-0.000128
-0.000163
-0.000229
-0.000249
-0.000194
-0.000141
-0.000164
-0.000258
-0.000370
-0.000441
-0.000408
-0.000232
0.000034
0.000235
0.000288
0.000252
0.000197
0.000143
0.000117
0.000128
0.000127
0.000071
-0.000010
-0.000044
-0.000016
0.000011
0.000005
0.000026
0.000113
0.000208
0.000239
0.000192
0.000067
-0.000107
-0.000236
-0.000259
-0.000241
-0.000250
-0.000233
-0.000112
0.000061
0.000138
0.000063
-0.000052
-0.000080
-0.000027
0.000037
0.000082
0.000100
0.000053
-0.000057
-0.000110
-0.000048
-0.000009
-0.000092
-0.000164
-0.000075
0.000106
0.000212
0.000227
0.000259
0.000331
0.000358
0.000257
0.000044
-0.000136
-0.000138
0.000018
0.000244
0.000444
0.000473
0.000258
-0.000056
-0.000279
-0.000387
-0.000453
-0.000513
-0.000574
-0.000605
-0.000503
-0.000223
0.000068
0.000151
0.000009
-0.000155
-0.000124
0.000094
0.000250
0.000182
0.000058
0.000070
0.000147
0.000167
0.000159
0.000140
0.000084
0.000058
0.000127
0.000191
0.000144
0.000075
0.000148
0.000328
0.000370
0.000150
-0.000133
-0.000229
-0.000158
-0.000060
0.000015
0.000005
-0.000172
-0.000390
-0.000385
-0.000137
0.000073
0.000038
-0.000133
-0.000230
-0.000200
-0.000100
0.000048
0.000214
0.000309
0.000298
0.000258
0.000247
0.000204
0.000050
-0.000152
-0.000219
-0.000081
0.000104
0.000185
0.000190
0.000172
0.000105
-0.000013
-0.000108
-0.000113
-0.000071
-0.000078
-0.000129
-0.000131
-0.000084
-0.000089
-0.000209
-0.000375
-0.000428
-0.000329
-0.000211
-0.000148
-0.000071
0.000037
0.000120
0.000169
0.000202
0.000201
0.000188
0.000229
0.000336
0.000424
0.000404
0.000290
0.000185
0.000128
0.000058
-0.000058
-0.000173
-0.000269
-0.000362
-0.000412
-0.000395
-0.000376
-0.000372
-0.000290
-0.000109
0.000054
0.000122
0.000146
0.000148
0.000036
-0.000152
-0.000144
0.000130
0.000364
0.000358
0.000257
0.000198
0.000158
0.000133
0.000148
0.000126
0.000011
-0.000106
-0.000142
-0.000127
-0.000103
-0.000081
-0.000067
-0.000011
0.000083
0.000091
-0.000004
-0.000034
0.000059
0.000128
0.000040
-0.000169
-0.000327
-0.000268
-0.000023
0.000140
0.000044
-0.000158
-0.000269
-0.000291
-0.000255
-0.000137
-0.000003
0.000058
0.000099
0.000250
0.000462
0.000443
0.000121
-0.000135
-0.000123
-0.000086
-0.000169
-0.000206
-0.000117
-0.000024
0.000025
0.000137
0.000316
0.000401
0.000323
0.000226
0.000279
0.000427
0.000425
0.000216
0.000015
-0.000071
-0.000180
-0.000324
-0.000330
-0.000219
-0.000186
-0.000225
-0.000195
-0.000123
-0.000131
-0.000186
-0.000177
-0.000134
-0.000159
-0.000211
-0.000148
0.000049
0.000207
0.000180
0.000053
0.000000
0.000028
0.000057
0.000108
0.000166
0.000099
-0.000075
-0.000139
0.000002
0.000175
0.000187
0.000098
0.000075
0.000126
0.000168
0.000166
0.000093
-0.000060
-0.000222
-0.000298
-0.000258
-0.000173
-0.000146
-0.000216
-0.000302
-0.000306
-0.000228
-0.000140
-0.000061
0.000061
0.000224
0.000330
0.000334
0.000283
0.000203
0.000095
0.000025
0.000032
0.000052
0.000032
0.000032
0.000080
0.000096
0.000048
0.000034
0.000094
0.000085
-0.000086
-0.000272
-0.000293
-0.000148
0.000050
0.000161
0.000111
-0.000011
-0.000080
-0.000072
-0.000051
-0.000102
-0.000215
-0.000242
-0.000097
0.000094
0.000176
0.000119
-0.000047
-0.000238
-0.000314
-0.000214
-0.000021
0.000133
0.000167
0.000110
0.000100
0.000245
0.000442
0.000438
0.000147
-0.000179
-0.000210
0.000035
0.000228
0.000198
0.000058
-0.000069
-0.000151
-0.000164
-0.000104
-0.000048
-0.000103
-0.000234
-0.000274
-0.000161
-0.000014
0.000044
0.000016
0.000001
0.000085
0.000241
0.000345
0.000271
-0.000016
-0.000314
-0.000314
-0.000047
0.000129
0.000070
-0.000041
-0.000074
-0.000063
0.000005
0.000167
0.000288
0.000210
0.000073
0.000109
0.000192
0.000038
-0.000264
-0.000358
-0.000143
0.000142
0.000315
0.000375
0.000316
0.000148
-0.000007
-0.000097
-0.000226
-0.000427
-0.000539
-0.000434
-0.000241
-0.000188
-0.000293
-0.000367
-0.000288
-0.000103
0.000095
0.000226
0.000205
0.000051
-0.000045
0.000056
0.000246
0.000323
0.000221
0.000061
0.000013
0.000106
0.000211
0.000235
0.000198
0.000146
0.000116
0.000128
0.000155
0.000150
0.000113
0.000052
-0.000056
-0.000179
-0.000226
-0.000247
-0.000380
-0.000553
-0.000570
-0.000415
-0.000236
-0.000125
-0.000070
-0.000022
0.000083
0.000272
0.000443
0.000473
0.000418
0.000410
0.000432
0.000376
0.000192
-0.000035
-0.000138
-0.000093
-0.000057
-0.000105
-0.000149
-0.000113
-0.000025
0.000062
0.000128
0.000184
0.000220
0.000159
-0.000032
-0.000260
-0.000416
-0.000477
-0.000475
-0.000409
-0.000276
-0.000143
-0.000105
-0.000152
-0.000168
-0.000080
0.000032
0.000064
0.000047
0.000060
0.000111
0.000191
0.000299
0.000399
0.000427
0.000376
0.000291
0.000189
0.000068
0.000007
0.000066
0.000111
0.000010
-0.000119
-0.000116
-0.000043
-0.000023
-0.000040
-0.000025
0.000014
0.000015
-0.000055
-0.000158
-0.000229
-0.000266
-0.000284
-0.000250
-0.000166
-0.000119
-0.000133
-0.000105
0.000017
0.000157
0.000260
0.000319
0.000270
0.000096
-0.000010
0.000099
0.000273
0.000286
0.000134
-0.000037
-0.000090
0.000046
0.000260
0.000267
-0.000048
-0.000384
-0.000405
-0.000187
-0.000072
-0.000196
-0.000372
-0.000395
-0.000266
-0.000100
0.000014
0.000002
-0.000118
-0.000160
-0.000009
0.000211
0.000326
0.000291
0.000190
0.000184
0.000326
0.000399
0.000195
-0.000168
-0.000438
-0.000540
-0.000500
-0.000327
-0.000100
0.000055
0.000129
0.000214
0.000341
0.000416
0.000381
0.000304
0.000266
0.000272
0.000291
0.000252
0.000101
-0.000089
-0.000210
-0.000281
-0.000356
-0.000356
-0.000237
-0.000131
-0.000125
-0.000145
-0.000135
-0.000112
-0.000063
0.000045
0.000169
0.000204
0.000147
0.000120
0.000149
0.000112
-0.000040
-0.000184
-0.000198
-0.000090
0.000016
0.000030
0.000016
0.000055
0.000080
0.000017
-0.000061
-0.000077
-0.000024
0.000083
0.000183
0.000181
0.000049
-0.000146
-0.000262
-0.000213
-0.000108
-0.000082
-0.000087
-0.000039
0.000017
0.000033
0.000037
0.000022
-0.000016
-0.000007
0.000050
0.000069
0.000040
0.000029
0.000038
0.000027
0.000014
0.000010
-0.000011
-0.000032
-0.000012
0.000037
0.000065
0.000038
-0.000025
-0.000058
-0.000029
0.000057
0.000195
0.000324
0.000309
0.000121
-0.000098
-0.000207
-0.000181
-0.000076
-0.000004
-0.000055
-0.000189
-0.000300
-0.000313
-0.000217
-0.000053
0.000152
0.000315
0.000278
0.000090
-0.000021
0.000000
0.000042
0.000060
0.000059
0.000012
-0.000086
-0.000157
-0.000136
-0.000054
0.000035
0.000118
0.000186
0.000185
0.000076
-0.000083
-0.000184
-0.000173
-0.000091
-0.000034
-0.000034
-0.000024
0.000040
0.000109
0.000106
0.000026
-0.000060
-0.000068
0.000024
0.000129
0.000097
-0.000055
-0.000143
-0.000118
-0.000076
-0.000028
0.000068
0.000176
0.000235
0.000213
0.000148
0.000094
0.000033
-0.000046
-0.000069
-0.000012
0.000007
-0.000066
-0.000138
-0.000185
-0.000258
-0.000309
-0.000285
-0.000200
0.000003
0.000317
0.000548
0.000590
0.000494
0.000282
0.000009
-0.000177
-0.000215
-0.000222
-0.000275
-0.000298
-0.000239
-0.000172
-0.000161
-0.000172
-0.000141
-0.000067
0.000001
0.000017
-0.000026
-0.000085
-0.000120
-0.000105
0.000017
0.000208
0.000283
0.000168
0.000019
-0.000011
0.000069
0.000160
0.000189
0.000161
0.000127
0.000117
0.000108
0.000062
-0.000015
-0.000068
-0.000049
0.000022
0.000078
0.000086
0.000042
-0.000062
-0.000190
-0.000253
-0.000211
-0.000098
0.000013
0.000015
-0.000138
-0.000288
-0.000232
-0.000021
0.000133
0.000178
0.000207
0.000237
0.000215
0.000148
0.000094
0.000060
0.000023
-0.000005
0.000005
0.000030
0.000015
-0.000030
-0.000039
0.000003
0.000033
0.000005
-0.000056
-0.000126
-0.000182
-0.000186
-0.000136
-0.000093
-0.000103
-0.000135
-0.000160
-0.000193
-0.000195
-0.000062
0.000153
0.000251
0.000194
0.000155
0.000180
0.000146
0.000045
-0.000009
0.000018
0.000096
0.000168
0.000159
0.000095
0.000073
0.000074
0.000049
0.000068
0.000124
0.000047
-0.000196
-0.000401
-0.000383
-0.000170
0.000056
0.000149
0.000118
0.000062
0.000054
0.000084
0.000076
0.000008
-0.000049
-0.000066
-0.000103
-0.000173
-0.000247
-0.000335
-0.000380
-0.000288
-0.000124
0.000006
0.000118
0.000226
0.000271
0.000233
0.000203
0.000250
0.000300
0.000253
0.000130
-0.000004
-0.000123
-0.000208
-0.000242
-0.000210
-0.000096
0.000098
0.000261
0.000245
0.000075
-0.000075
-0.000084
0.000009
0.000040
-0.000057
-0.000139
-0.000130
-0.000129
-0.000164
-0.000140
-0.000027
0.000162
0.000362
0.000333
-0.000023
-0.000387
-0.000502
-0.000449
-0.000308
-0.000106
0.000052
0.000145
0.000281
0.000473
0.000585
0.000550
0.000452
0.000348
0.000187
-0.000030
-0.000178
-0.000189
-0.000166
-0.000193
-0.000219
-0.000204
-0.000204
-0.000263
-0.000331
-0.000317
-0.000167
0.000063
0.000257
0.000348
0.000330
0.000227
0.000086
-0.000015
-0.000033
-0.000011
-0.000022
-0.000085
-0.000149
-0.000159
-0.000158
-0.000207
-0.000258
-0.000223
-0.000084
0.000094
0.000225
0.000272
0.000249
0.000200
0.000162
0.000156
0.000166
0.000121
-0.000011
-0.000159
-0.000246
-0.000258
-0.000236
-0.000200
-0.000129
-0.000056
-0.000067
-0.000129
-0.000130
-0.000048
0.000039
0.000061
0.000034
0.000026
0.000038
0.000038
0.000053
0.000119
0.000190
0.000176
0.000069
-0.000006
0.000027
0.000104
0.000142
0.000117
0.000055
0.000029
0.000091
0.000174
0.000159
0.000057
-0.000024
-0.000051
-0.000075
-0.000117
-0.000164
-0.000165
-0.000087
-0.000004
-0.000000
-0.000066
-0.000173
-0.000277
-0.000276
-0.000119
0.000095
0.000196
0.000116
-0.000007
-0.000061
-0.000125
-0.000231
-0.000248
-0.000143
-0.000032
0.000082
0.000249
0.000364
0.000319
0.000175
0.000055
0.000002
0.000000
0.000018
0.000029
0.000040
0.000047
0.000011
-0.000056
-0.000094
-0.000084
-0.000023
0.000085
0.000143
0.000055
-0.000098
-0.000141
-0.000049
0.000025
-0.000012
-0.000084
-0.000106
-0.000067
0.000018
0.000132
0.000219
0.000226
0.000192
0.000168
0.000091
-0.000052
-0.000125
-0.000076
-0.000023
-0.000030
-0.000048
-0.000067
-0.000134
-0.000211
-0.000226
-0.000220
-0.000197
-0.000067
0.000122
0.000228
0.000297
0.000414
0.000436
0.000254
0.000036
-0.000059
-0.000095
-0.000164
-0.000244
-0.000285
-0.000298
-0.000307
-0.000313
-0.000305
-0.000271
-0.000203
-0.000149
-0.000131
-0.000048
0.000116
0.000196
0.000134
0.000096
0.000181
0.000263
0.000260
0.000274
0.000365
0.000447
0.000450
0.000375
0.000208
-0.000039
-0.000263
-0.000357
-0.000314
-0.000213
-0.000181
-0.000227
-0.000200
-0.000066
0.000027
-0.000032
-0.000207
-0.000327
-0.000214
0.000070
0.000287
0.000337
0.000271
0.000135
-0.000010
-0.000065
-0.000036
-0.000056
-0.000171
-0.000228
-0.000086
0.000151
0.000280
0.000290
0.000278
0.000225
0.000097
-0.000022
-0.000043
-0.000003
0.000021
-0.000021
-0.000122
-0.000194
-0.000170
-0.000117
-0.000140
-0.000222
-0.000255
-0.000195
-0.000078
0.000065
0.000196
0.000258
0.000223
0.000107
-0.000013
-0.000026
0.000065
0.000131
0.000110
0.000072
0.000047
-0.000022
-0.000113
-0.000139
-0.000116
-0.000096
-0.000031
0.000087
0.000161
0.000135
0.000059
0.000029
0.000060
0.000054
-0.000028
-0.000087
-0.000068
-0.000047
-0.000081
-0.000120
-0.000121
-0.000103
-0.000102
-0.000127
-0.000139
-0.000087
0.000020
0.000134
0.000217
0.000234
0.000167
0.000063
0.000011
0.000048
0.000133
0.000155
0.000026
-0.000167
-0.000234
-0.000139
-0.000013
0.000053
0.000068
0.000044
-0.000027
-0.000105
-0.000132
-0.000154
-0.000226
-0.000254
-0.000156
-0.000025
0.000044
0.000075
0.000089
0.000088
0.000090
0.000081
0.000037
0.000011
0.000074
0.000175
0.000191
0.000131
0.000148
0.000271
0.000261
-0.000031
-0.000351
-0.000441
-0.000371
-0.000270
-0.000146
-0.000018
0.000047
0.000007
-0.000058
-0.000009
0.000148
0.000254
0.000246
0.000191
0.000114
0.000037
0.000049
0.000158
0.000227
0.000151
0.000001
-0.000055
0.000016
0.000027
-0.000130
-0.000223
-0.000049
0.000166
0.000125
-0.000081
-0.000209
-0.000209
-0.000141
-0.000034
0.000073
0.000102
0.000022
-0.000086
-0.000119
-0.000089
-0.000069
-0.000097
-0.000168
-0.000202
-0.000092
0.000117
0.000248
0.000195
0.000048
-0.000025
0.000004
0.000054
0.000103
0.000119
0.000035
-0.000074
-0.000053
0.000059
0.000076
-0.000028
-0.000092
-0.000048
-0.000012
-0.000073
-0.000162
-0.000171
-0.000078
0.000055
0.000136
0.000117
0.000021
-0.000070
-0.000081
-0.000028
0.000010
-0.000006
-0.000035
-0.000022
0.000024
0.000060
0.000075
0.000104
0.000185
0.000275
0.000286
0.000212
0.000131
0.000037
-0.000100
-0.000203
-0.000217
-0.000188
-0.000154
-0.000137
-0.000159
-0.000202
-0.000259
-0.000312
-0.000293
-0.000156
0.000044
0.000182
0.000201
0.000215
0.000294
0.000290
0.000123
-0.000025
-0.000014
0.000031
0.000015
0.000041
0.000138
0.000162
0.000072
-0.000000
-0.000004
-0.000008
-0.000009
0.000008
-0.000027
-0.000117
-0.000143
-0.000071
-0.000026
-0.000072
-0.000095
-0.000037
-0.000011
-0.000055
-0.000064
-0.000013
0.000024
0.000048
0.000098
0.000126
0.000081
0.000011
-0.000028
-0.000065
-0.000125
-0.000146
-0.000062
0.000084
0.000184
0.000202
0.000168
0.000066
-0.000105
-0.000253
-0.000282
-0.000179
-0.000013
0.000119
0.000184
0.000189
0.000085
-0.000091
-0.000108
0.000125
0.000378
0.000454
0.000406
0.000323
0.000196
0.000014
-0.000217
-0.000451
-0.000562
-0.000487
-0.000320
-0.000183
-0.000116
-0.000122
-0.000196
-0.000254
-0.000186
0.000000
0.000164
0.000175
0.000044
-0.000088
-0.000113
-0.000061
-0.000001
0.000071
0.000189
0.000328
0.000391
0.000328
0.000210
0.000112
0.000028
-0.000034
-0.000022
0.000038
0.000050
0.000015
0.000014
0.000051
0.000066
0.000032
-0.000043
-0.000129
-0.000190
-0.000207
-0.000175
-0.000131
-0.000127
-0.000148
-0.000136
-0.000082
-0.000007
0.000066
0.000103
0.000094
0.000107
0.000211
0.000326
0.000320
0.000203
0.000084
0.000042
0.000077
0.000104
0.000026
-0.000113
-0.000180
-0.000145
-0.000077
-0.000048
-0.000108
-0.000198
-0.000192
-0.000099
-0.000059
-0.000123
-0.000182
-0.000134
-0.000025
0.000041
0.000020
-0.000080
-0.000188
-0.000201
-0.000086
0.000071
0.000136
0.000083
0.000022
0.000027
0.000059
0.000088
0.000140
0.000221
0.000267
0.000220
0.000134
0.000105
0.000132
0.000148
0.000123
0.000099
0.000119
0.000150
0.000129
0.000047
-0.000063
-0.000176
-0.000283
-0.000379
-0.000411
-0.000327
-0.000195
-0.000145
-0.000170
-0.000156
-0.000069
0.000047
0.000139
0.000152
0.000085
0.000014
0.000016
0.000073
0.000089
0.000039
0.000028
0.000130
0.000264
0.000316
0.000265
0.000150
0.000020
-0.000090
-0.000159
-0.000170
-0.000117
-0.000052
-0.000058
-0.000120
-0.000154
-0.000152
-0.000154
-0.000133
-0.000058
0.000018
0.000019
-0.000052
-0.000090
-0.000018
0.000083
0.000100
0.000052
0.000037
0.000133
0.000277
0.000253
0.000032
-0.000167
-0.000244
-0.000259
-0.000213
-0.000104
0.000008
0.000102
0.000195
0.000233
0.000155
0.000052
0.000076
0.000201
0.000270
0.000239
0.000199
0.000206
0.000224
0.000191
0.000071
-0.000116
-0.000304
-0.000421
-0.000473
-0.000516
-0.000512
-0.000341
-0.000077
0.000057
0.000046
0.000070
0.000167
0.000212
0.000167
0.000099
0.000057
0.000053
0.000056
0.000006
-0.000077
-0.000068
0.000053
0.000142
0.000133
0.000107
0.000122
0.000172
0.000223
0.000225
0.000146
0.000007
-0.000132
-0.000213
-0.000240
-0.000267
-0.000268
-0.000191
-0.000112
-0.000135
-0.000224
-0.000271
-0.000222
-0.000142
-0.000094
0.000005
0.000202
0.000314
0.000233
0.000130
0.000135
0.000166
0.000159
0.000147
0.000126
0.000053
-0.000052
-0.000107
-0.000082
-0.000010
0.000063
0.000078
0.000006
-0.000079
-0.000067
0.000041
0.000131
0.000132
0.000061
-0.000031
-0.000101
-0.000128
-0.000101
-0.000045
-0.000024
-0.000019
0.000036
0.000074
0.000001
-0.000088
-0.000058
0.000054
0.000133
0.000136
0.000084
0.000029
0.000001
-0.000038
-0.000120
-0.000203
-0.000241
-0.000224
-0.000154
-0.000061
-0.000013
-0.000004
0.000054
0.000123
0.000076
-0.000018
0.000009
0.000117
0.000137
0.000067
0.000044
0.000092
0.000111
0.000081
0.000080
0.000126
0.000132
0.000040
-0.000070
-0.000098
-0.000091
-0.000137
-0.000194
-0.000174
-0.000081
0.000006
0.000040
0.000050
0.000061
0.000059
0.000047
0.000039
0.000036
0.000034
0.000030
0.000029
0.000027
0.000004
-0.000044
-0.000084
-0.000099
-0.000097
-0.000101
-0.000156
-0.000214
-0.000111
0.000126
0.000257
0.000226
0.000214
0.000278
0.000284
0.000165
0.000009
-0.000082
-0.000088
-0.000080
-0.000125
-0.000183
-0.000183
-0.000142
-0.000124
-0.000131
-0.000124
-0.000071
0.000016
0.000070
0.000052
0.000000
-0.000031
-0.000072
-0.000199
-0.000353
-0.000350
-0.000159
0.000074
0.000274
0.000427
0.000453
0.000321
0.000155
0.000093
0.000145
0.000240
0.000275
0.000196
0.000056
-0.000075
-0.000171
-0.000233
-0.000270
-0.000300
-0.000320
-0.000297
-0.000208
-0.000096
-0.000012
0.000050
0.000098
0.000102
0.000065
0.000032
0.000044
0.000087
0.000121
0.000141
0.000158
0.000165
0.000147
0.000080
-0.000030
-0.000133
-0.000176
-0.000119
0.000023
0.000159
0.000190
0.000102
-0.000014
-0.000071
-0.000067
-0.000019
0.000041
0.000056
0.000011
-0.000065
-0.000142
-0.000219
-0.000302
-0.000359
-0.000340
-0.000242
-0.000102
0.000038
0.000145
0.000217
0.000269
0.000286
0.000261
0.000232
0.000214
0.000174
0.000127
0.000101
0.000055
-0.000032
-0.000091
-0.000104
-0.000128
-0.000140
-0.000059
0.000071
0.000124
0.000067
-0.000012
-0.000026
-0.000016
-0.000086
-0.000217
-0.000299
-0.000303
-0.000281
-0.000253
-0.000158
0.000073
0.000340
0.000434
0.000309
0.000109
-0.000049
-0.000138
-0.000122
0.000010
0.000142
0.000134
0.000026
-0.000029
0.000006
0.000065
0.000116
0.000136
0.000059
-0.000101
-0.000193
-0.000135
-0.000030
0.000011
0.000008
0.000013
0.000024
0.000026
0.000014
-0.000023
-0.000055
-0.000033
0.000002
-0.000029
-0.000106
-0.000161
-0.000156
-0.000061
0.000147
0.000356
0.000338
0.000038
-0.000313
-0.000494
-0.000478
-0.000336
-0.000145
0.000035
0.000168
0.000238
0.000251
0.000238
0.000234
0.000255
0.000278
0.000259
0.000190
0.000108
0.000051
0.000016
-0.000037
-0.000101
-0.000088
0.000030
0.000108
0.000019
-0.000110
-0.000103
-0.000057
-0.000147
-0.000254
-0.000179
-0.000008
0.000077
0.000065
0.000013
-0.000060
-0.000122
-0.000127
-0.000061
0.000042
0.000111
0.000080
-0.000038
-0.000147
-0.000182
-0.000148
-0.000091
-0.000034
0.000039
0.000116
0.000154
0.000165
