4320
-0.000163
-0.000172
-0.000182
-0.000193
-0.000181
-0.000085
0.000072
0.000167
0.000125
-0.000021
-0.000178
-0.000258
-0.000258
-0.000218
-0.000110
0.000086
0.000280
0.000382
0.000397
0.000355
0.000257
0.000122
0.000008
-0.000042
-0.000064
-0.000104
-0.000117
-0.000049
0.000028
-0.000001
-0.000123
-0.000209
-0.000179
-0.000091
-0.000055
-0.000078
-0.000085
-0.000064
-0.000047
-0.000027
0.000022
0.000065
0.000049
-0.000002
-0.000028
-0.000006
0.000068
0.000187
0.000263
0.000169
-0.000057
-0.000204
-0.000165
-0.000047
0.000067
0.000196
0.000291
0.000284
0.000223
0.000145
0.000013
-0.000135
-0.000197
-0.000168
-0.000136
-0.000135
-0.000159
-0.000195
-0.000194
-0.000126
-0.000044
-0.000028
-0.000073
-0.000092
-0.000030
0.000074
0.000141
0.000142
0.000126
0.000138
0.000150
0.000117
0.000060
0.000046
0.000097
0.000126
0.000066
-0.000068
-0.000206
-0.000241
-0.000134
0.000026
0.000133
0.000140
0.000061
-0.000032
-0.000070
-0.000064
-0.000077
-0.000122
-0.000154
-0.000109
0.000027
0.000144
0.000125
0.000047
0.000042
0.000068
0.000029
-0.000045
-0.000061
0.000013
0.000107
0.000129
0.000073
-0.000013
-0.000086
-0.000092
-0.000028
0.000017
-0.000020
-0.000093
-0.000138
-0.000152
-0.000138
-0.000052
0.000108
0.000212
0.000127
-0.000028
0.000019
0.000259
0.000413
0.000377
0.000255
0.000076
-0.000127
-0.000195
-0.000090
-0.000019
-0.000121
-0.000283
-0.000326
-0.000233
-0.000153
-0.000200
-0.000294
-0.000296
-0.000191
-0.000056
0.000037
0.000060
0.000043
0.000034
0.000048
0.000064
0.000062
0.000085
0.000159
0.000193
0.000135
0.000090
0.000124
0.000155
0.000114
0.000047
0.000038
0.000105
0.000189
0.000231
0.000208
0.000099
-0.000052
-0.000139
-0.000141
-0.000143
-0.000186
-0.000232
-0.000228
-0.000160
-0.000095
-0.000100
-0.000143
-0.000133
-0.000028
0.000101
0.000151
0.000144
0.000157
0.000170
0.000137
0.000110
0.000119
0.000109
0.000080
0.000085
0.000089
0.000032
-0.000071
-0.000153
-0.000176
-0.000179
-0.000204
-0.000213
-0.000134
0.000018
0.000122
0.000109
0.000035
-0.000022
-0.000046
-0.000054
-0.000035
-0.000000
0.000004
-0.000008
0.000031
0.000087
0.000083
0.000024
-0.000046
-0.000059
0.000032
0.000136
0.000118
0.000015
-0.000028
-0.000005
-0.000031
-0.000099
-0.000089
-0.000011
0.000011
-0.000028
-0.000025
0.000026
0.000053
0.000033
0.000004
0.000028
0.000104
0.000138
0.000091
0.000028
-0.000014
-0.000039
-0.000041
-0.000023
-0.000007
-0.000004
-0.000011
-0.000012
-0.000018
-0.000053
-0.000101
-0.000101
-0.000044
-0.000002
-0.000013
-0.000022
0.000018
0.000048
-0.000010
-0.000081
-0.000046
0.000035
0.000066
0.000076
0.000074
0.000021
-0.000050
-0.000066
-0.000013
0.000049
0.000038
-0.000013
0.000021
0.000130
0.000141
0.000006
-0.000132
-0.000175
-0.000147
-0.000076
0.000014
0.000056
0.000066
0.000141
0.000204
0.000037
-0.000289
-0.000456
-0.000409
-0.000342
-0.000307
-0.000217
-0.000071
0.000075
0.000204
0.000302
0.000371
0.000446
0.000495
0.000454
0.000375
0.000340
0.000309
0.000195
0.000021
-0.000109
-0.000147
-0.000133
-0.000130
-0.000164
-0.000221
-0.000255
-0.000226
-0.000154
-0.000094
-0.000063
-0.000049
-0.000046
-0.000056
-0.000058
-0.000014
0.000060
0.000066
-0.000048
-0.000186
-0.000202
-0.000119
-0.000080
-0.000114
-0.000128
-0.000074
0.000037
0.000185
0.000315
0.000346
0.000253
0.000137
0.000105
0.000120
0.000071
-0.000061
-0.000170
-0.000165
-0.000097
-0.000080
-0.000137
-0.000192
-0.000182
-0.000126
-0.000074
-0.000029
0.000018
0.000064
0.000114
0.000164
0.000171
0.000093
-0.000009
-0.000011
0.000060
0.000056
-0.000004
0.000023
0.000131
0.000176
0.000119
0.000050
0.000022
-0.000003
-0.000038
-0.000025
0.000069
0.000153
0.000114
-0.000053
-0.000246
-0.000343
-0.000265
-0.000099
-0.000055
-0.000175
-0.000261
-0.000176
-0.000023
0.000047
0.000041
0.000058
0.000098
0.000093
0.000042
0.000002
0.000030
0.000130
0.000241
0.000295
0.000274
0.000184
0.000053
-0.000038
-0.000040
-0.000034
-0.000110
-0.000163
-0.000078
0.000021
-0.000030
-0.000160
-0.000176
-0.000054
0.000041
-0.000001
-0.000101
-0.000126
-0.000068
-0.000001
0.000066
0.000143
0.000172
0.000119
0.000068
0.000094
0.000135
0.000080
-0.000046
-0.000113
-0.000095
-0.000089
-0.000128
-0.000120
-0.000032
0.000007
-0.000062
-0.000083
0.000012
0.000079
0.000063
0.000058
0.000069
0.000050
0.000021
-0.000013
-0.000070
-0.000155
-0.000232
-0.000157
0.000121
0.000374
0.000426
0.000389
0.000377
0.000312
0.000081
-0.000261
-0.000479
-0.000439
-0.000303
-0.000238
-0.000186
-0.000051
0.000088
0.000091
-0.000011
-0.000076
-0.000075
-0.000078
-0.000112
-0.000126
-0.000083
-0.000035
-0.000013
0.000020
0.000040
0.000015
0.000028
0.000113
0.000172
0.000146
0.000091
0.000060
0.000059
0.000091
0.000149
0.000178
0.000142
0.000086
0.000019
-0.000102
-0.000190
-0.000112
0.000035
0.000057
-0.000022
-0.000035
0.000027
0.000018
-0.000110
-0.000222
-0.000177
0.000002
0.000175
0.000226
0.000149
0.000038
-0.000053
-0.000129
-0.000153
-0.000116
-0.000052
0.000043
0.000165
0.000225
0.000163
0.000033
-0.000055
-0.000052
-0.000017
-0.000019
-0.000057
-0.000089
-0.000086
-0.000063
-0.000051
-0.000051
-0.000034
0.000027
0.000094
0.000077
-0.000017
-0.000075
-0.000052
0.000023
0.000146
0.000250
0.000202
0.000026
-0.000119
-0.000189
-0.000240
-0.000249
-0.000157
-0.000015
0.000089
0.000137
0.000157
0.000184
0.000176
0.000058
-0.000069
-0.000059
0.000003
-0.000031
-0.000090
-0.000043
0.000067
0.000121
0.000079
-0.000034
-0.000144
-0.000165
-0.000104
-0.000068
-0.000097
-0.000099
-0.000011
0.000105
0.000134
0.000055
-0.000022
-0.000007
0.000022
-0.000007
-0.000026
-0.000013
-0.000053
-0.000094
-0.000004
0.000121
0.000110
0.000038
0.000062
0.000147
0.000151
0.000051
-0.000040
-0.000035
0.000040
0.000093
0.000062
-0.000043
-0.000171
-0.000241
-0.000210
-0.000155
-0.000143
-0.000115
-0.000025
0.000067
0.000072
0.000015
0.000045
0.000194
0.000308
0.000289
0.000113
-0.000183
-0.000408
-0.000427
-0.000350
-0.000296
-0.000232
-0.000120
-0.000018
0.000053
0.000196
0.000417
0.000519
0.000444
0.000385
0.000419
0.000418
0.000301
0.000137
0.000034
-0.000015
-0.000112
-0.000244
-0.000294
-0.000269
-0.000251
-0.000243
-0.000216
-0.000168
-0.000096
-0.000024
0.000011
-0.000019
-0.000103
-0.000147
-0.000069
0.000073
0.000148
0.000097
-0.000014
-0.000080
-0.000073
-0.000066
-0.000100
-0.000090
0.000055
0.000258
0.000345
0.000258
0.000095
-0.000028
-0.000057
-0.000035
-0.000053
-0.000120
-0.000141
-0.000012
0.000184
0.000240
0.000124
-0.000025
-0.000134
-0.000202
-0.000241
-0.000230
-0.000144
-0.000035
0.000024
0.000002
-0.000079
-0.000137
-0.000164
-0.000196
-0.000132
0.000089
0.000316
0.000427
0.000432
0.000357
0.000231
0.000088
-0.000048
-0.000134
-0.000126
-0.000052
-0.000008
-0.000044
-0.000066
0.000013
0.000082
-0.000001
-0.000173
-0.000251
-0.000170
-0.000063
-0.000065
-0.000088
0.000005
0.000118
0.000094
-0.000008
-0.000014
0.000109
0.000220
0.000200
0.000082
-0.000041
-0.000098
-0.000099
-0.000146
-0.000257
-0.000318
-0.000297
-0.000227
-0.000107
0.000014
0.000106
0.000229
0.000378
0.000463
0.000409
0.000248
0.000127
0.000102
0.000056
-0.000072
-0.000240
-0.000378
-0.000397
-0.000325
-0.000277
-0.000241
-0.000137
0.000022
0.000168
0.000261
0.000304
0.000328
0.000325
0.000249
0.000136
0.000070
0.000051
0.000019
-0.000044
-0.000129
-0.000207
-0.000239
-0.000236
-0.000207
-0.000128
-0.000002
0.000153
0.000288
0.000258
0.000051
-0.000120
-0.000188
-0.000324
-0.000460
-0.000279
0.000172
0.000484
0.000511
0.000464
0.000437
0.000285
-0.000017
-0.000277
-0.000386
-0.000367
-0.000251
-0.000093
0.000055
0.000132
0.000046
-0.000153
-0.000269
-0.000224
-0.000119
-0.000027
0.000042
0.000049
-0.000019
-0.000090
-0.000138
-0.000210
-0.000244
-0.000144
-0.000019
0.000027
0.000092
0.000223
0.000338
0.000399
0.000386
0.000313
0.000227
0.000114
0.000010
-0.000024
-0.000073
-0.000101
0.000066
0.000286
0.000249
-0.000016
-0.000214
-0.000178
-0.000121
-0.000325
-0.000559
-0.000443
-0.000163
-0.000083
-0.000138
-0.000055
0.000213
0.000431
0.000407
0.000284
0.000209
0.000079
-0.000053
0.000000
0.000081
-0.000053
-0.000218
-0.000133
0.000102
0.000164
-0.000040
-0.000257
-0.000236
-0.000058
0.000049
0.000060
0.000090
0.000138
0.000162
0.000187
0.000128
-0.000117
-0.000346
-0.000334
-0.000191
-0.000105
-0.000012
0.000279
0.000616
0.000522
0.000037
-0.000302
-0.000402
-0.000531
-0.000647
-0.000511
-0.000113
0.000207
0.000218
0.000226
0.000452
0.000590
0.000447
0.000197
0.000007
-0.000103
-0.000200
-0.000199
0.000003
0.000136
0.000062
0.000073
0.000134
-0.000082
-0.000397
-0.000383
-0.000059
0.000151
0.000046
-0.000057
0.000063
0.000100
-0.000140
-0.000358
-0.000341
-0.000193
-0.000001
0.000238
0.000494
0.000609
0.000450
0.000260
0.000227
0.000006
-0.000401
-0.000482
-0.000283
-0.000141
-0.000069
-0.000058
-0.000049
-0.000011
-0.000117
-0.000269
-0.000276
-0.000217
-0.000059
0.000193
0.000347
0.000420
0.000411
0.000223
0.000059
0.000038
-0.000057
-0.000210
-0.000219
-0.000146
-0.000086
0.000012
0.000141
0.000208
0.000038
-0.000389
-0.000756
-0.000859
-0.000801
-0.000656
-0.000321
0.000442
0.001424
0.001813
0.001517
0.001198
0.000694
-0.000379
-0.001437
-0.001868
-0.001605
-0.000888
-0.000189
0.000435
0.001048
0.001128
0.000674
0.000441
0.000542
0.000639
0.000615
0.000334
-0.000087
-0.000337
-0.000505
-0.000701
-0.000780
-0.000695
-0.000438
-0.000081
0.000116
0.000139
0.000181
0.000238
0.000264
0.000288
0.000276
0.000175
-0.000049
-0.000318
-0.000452
-0.000503
-0.000608
-0.000604
-0.000384
-0.000131
0.000042
0.000143
0.000215
0.000382
0.000594
0.000673
0.000660
0.000613
0.000481
0.000332
0.000188
-0.000092
-0.000485
-0.000763
-0.000795
-0.000679
-0.000584
-0.000589
-0.000711
-0.000761
-0.000301
0.000513
0.000832
0.000660
0.000843
0.001327
0.001362
0.000749
-0.000188
-0.000827
-0.000856
-0.000828
-0.000898
-0.000693
-0.000889
-0.001809
-0.002006
-0.000991
-0.000154
0.000024
0.000820
0.003094
0.005301
0.005239
0.003648
0.002401
0.000835
-0.002088
-0.005255
-0.006907
-0.006208
-0.003817
-0.001037
0.001685
0.003792
0.004260
0.003422
0.002347
0.001140
-0.000321
-0.001496
-0.001659
-0.000819
0.000068
0.000330
0.000189
-0.000214
-0.001038
-0.002037
-0.002627
-0.002445
-0.001513
-0.000063
0.001533
0.002793
0.003337
0.003065
0.002212
0.001164
0.000067
-0.000981
-0.001527
-0.001282
-0.000639
-0.000127
0.000113
0.000120
-0.000085
-0.000392
-0.000600
-0.000616
-0.000528
-0.000364
-0.000039
0.000336
0.000480
0.000273
-0.000140
-0.000503
-0.000755
-0.001027
-0.001181
-0.000820
0.000029
0.000767
0.001043
0.001122
0.001140
0.000855
0.000436
0.000414
0.000712
0.000706
0.000197
-0.000262
-0.000193
-0.000001
-0.000517
-0.001819
-0.002795
-0.002310
-0.000780
0.000485
0.001184
0.001920
0.002795
0.002998
0.001807
0.000003
-0.000977
-0.001142
-0.001324
-0.001543
-0.001505
-0.001284
-0.001057
-0.000913
-0.000721
-0.000461
-0.000389
-0.000245
0.000503
0.001512
0.002210
0.002642
0.002720
0.002239
0.001556
0.000809
-0.000451
-0.002020
-0.002932
-0.002752
-0.001873
-0.000912
-0.000263
0.000179
0.000651
0.000749
0.000024
-0.000861
-0.000934
-0.000073
0.001301
0.002338
0.002232
0.001418
0.000659
-0.000168
-0.001096
-0.001848
-0.002136
-0.001442
-0.000184
0.000386
0.000193
-0.000088
-0.000129
0.000243
0.000555
0.000220
-0.000196
0.000044
0.000791
0.001297
0.000919
0.000118
-0.000256
-0.000378
-0.000669
-0.001044
-0.001227
-0.000807
0.000017
0.000474
0.000505
0.000397
0.000164
-0.000050
-0.000253
-0.000379
0.000006
0.000741
0.001275
0.001416
0.001036
0.000227
-0.000766
-0.001705
-0.001877
-0.001167
-0.000588
-0.000361
0.000159
0.000847
0.000984
0.000316
-0.000401
-0.000331
-0.000097
-0.000494
-0.000758
-0.000094
0.000981
0.001729
0.002080
0.002244
0.002051
0.001243
0.000216
-0.000445
-0.000836
-0.001229
-0.001348
-0.000952
-0.000559
-0.000725
-0.001083
-0.000998
-0.000629
-0.000547
-0.000736
-0.000627
-0.000135
0.000178
0.000162
0.000199
0.000317
0.000243
-0.000024
-0.000236
-0.000170
0.000095
0.000262
0.000381
0.000675
0.000963
0.000998
0.000795
0.000455
0.000124
-0.000244
-0.000742
-0.001133
-0.001504
-0.001957
-0.001621
-0.000396
0.000108
-0.000769
-0.001732
-0.001333
0.000522
0.002406
0.003533
0.004647
0.005327
0.004295
0.002156
-0.000046
-0.002147
-0.003505
-0.003517
-0.002430
-0.000955
-0.000149
-0.000139
0.000053
0.000239
-0.000488
-0.001552
-0.001829
-0.001247
-0.000339
0.000504
0.001166
0.001528
0.001322
0.000644
-0.000073
-0.000820
-0.001727
-0.002264
-0.001720
-0.000174
0.001397
0.001995
0.001800
0.001850
0.002231
0.002009
0.001017
0.000161
0.000039
0.000175
-0.000279
-0.001224
-0.001727
-0.001549
-0.001296
-0.001161
-0.000830
-0.000285
0.000170
0.000467
0.000782
0.000908
0.000419
-0.000408
-0.000919
-0.001081
-0.001190
-0.001216
-0.001003
-0.000632
-0.000284
0.000241
0.001128
0.001558
0.000734
-0.000521
-0.000933
-0.000753
-0.001893
-0.005417
-0.007980
-0.005077
0.001233
0.005623
0.008474
0.012203
0.014078
0.010768
0.004370
-0.000612
-0.002919
-0.004594
-0.006055
-0.005292
-0.003133
-0.003028
-0.004799
-0.005400
-0.004781
-0.005014
-0.005571
-0.003968
0.000049
0.003961
0.006011
0.006899
0.007168
0.005649
0.002078
-0.001464
-0.003196
-0.003607
-0.003766
-0.003201
-0.001065
0.001396
0.002077
0.001216
0.000675
0.001084
0.001913
0.002848
0.003594
0.003582
0.002552
0.000901
-0.000710
-0.002106
-0.003368
-0.003846
-0.002931
-0.001508
-0.000824
-0.000770
-0.000487
0.000203
0.000541
0.000133
-0.000182
0.000081
0.000149
-0.000274
-0.000619
-0.000896
-0.001507
-0.002010
-0.001414
0.000105
0.001072
0.001059
0.001109
0.001362
0.000995
0.000274
-0.000023
-0.000627
-0.002758
-0.005322
-0.005751
-0.003399
0.000334
0.004266
0.008052
0.011103
0.011675
0.008713
0.004330
0.001146
-0.001172
-0.003489
-0.004907
-0.004894
-0.004465
-0.004689
-0.005454
-0.005838
-0.005658
-0.005409
-0.004525
-0.002051
0.001267
0.003864
0.005462
0.006473
0.006464
0.004769
0.001924
-0.000737
-0.002607
-0.003742
-0.003873
-0.003108
-0.002240
-0.000812
0.002177
0.004964
0.004827
0.002986
0.002928
0.004374
0.003804
0.000806
-0.001293
-0.001386
-0.001872
-0.003782
-0.005122
-0.004455
-0.003096
-0.002436
-0.001499
0.000513
0.002141
0.002393
0.002247
0.002213
0.001344
-0.000621
-0.002134
-0.002069
-0.001479
-0.001496
-0.001477
-0.000659
0.000296
0.000241
-0.000591
-0.000735
-0.000019
0.000349
-0.000051
-0.001651
-0.004845
-0.007181
-0.005586
-0.000943
0.004210
0.009620
0.015037
0.017311
0.013962
0.007584
0.002394
-0.001335
-0.005069
-0.007729
-0.007708
-0.006363
-0.006298
-0.007427
-0.007713
-0.007213
-0.007274
-0.006756
-0.003715
0.000940
0.004989
0.007929
0.010081
0.010386
0.007612
0.003167
-0.000407
-0.003006
-0.005400
-0.006378
-0.004974
-0.002234
0.000646
0.002618
0.003137
0.003617
0.004842
0.005084
0.003679
0.002115
0.001219
0.000490
-0.001175
-0.003901
-0.005750
-0.005663
-0.004947
-0.004214
-0.002754
-0.000406
0.002139
0.003824
0.004271
0.003868
0.002462
0.000268
-0.001398
-0.002139
-0.002548
-0.002668
-0.002357
-0.001597
-0.000664
-0.000653
-0.001920
-0.002736
-0.001588
0.000469
0.001420
0.000753
-0.001197
-0.003905
-0.005357
-0.003587
0.000722
0.006232
0.012175
0.016130
0.015640
0.011494
0.006203
0.001375
-0.002640
-0.005837
-0.007485
-0.007334
-0.007089
-0.007898
-0.008649
-0.008641
-0.008506
-0.007907
-0.005619
-0.001635
0.002825
0.006645
0.009308
0.010470
0.009544
0.006551
0.002925
-0.000250
-0.003355
-0.005994
-0.007019
-0.006561
-0.003617
0.003306
0.009847
0.010023
0.005922
0.002900
0.001040
-0.001765
-0.004660
-0.004699
-0.001735
-0.000077
-0.001624
-0.003171
-0.003566
-0.004466
-0.005014
-0.003079
0.001136
0.005179
0.007155
0.007711
0.006928
0.003116
-0.002359
-0.005704
-0.006365
-0.006300
-0.005809
-0.003557
-0.000097
0.001191
-0.000769
-0.002193
-0.000550
0.001560
0.001399
0.000318
-0.000147
-0.002244
-0.006637
-0.008036
-0.002655
0.006187
0.013474
0.017341
0.017996
0.015265
0.008723
0.001108
-0.003323
-0.004991
-0.006409
-0.006829
-0.005938
-0.006143
-0.008341
-0.010886
-0.012042
-0.011290
-0.008995
-0.004878
0.001379
0.007715
0.011276
0.011933
0.010962
0.008091
0.003243
-0.001342
-0.003762
-0.004824
-0.006083
-0.006125
-0.001159
0.007075
0.010264
0.006420
0.002479
0.001096
-0.001079
-0.004110
-0.004538
-0.001345
0.001793
0.001217
-0.001153
-0.002576
-0.004422
-0.006512
-0.005673
-0.001604
0.002971
0.005984
0.007370
0.007479
0.004978
-0.000197
-0.004486
-0.005736
-0.005526
-0.005054
-0.003775
-0.001628
-0.000087
-0.000557
-0.002096
-0.002619
-0.001703
-0.000112
0.001942
0.004283
0.004524
-0.001122
-0.010748
-0.014529
-0.006396
0.007094
0.016425
0.020977
0.023488
0.020508
0.009261
-0.002981
-0.008000
-0.007919
-0.008137
-0.007753
-0.004665
-0.002617
-0.005999
-0.011965
-0.014529
-0.013437
-0.011365
-0.006607
0.002624
0.011693
0.015216
0.014151
0.011740
0.007572
0.000422
-0.006920
-0.009784
-0.006613
-0.000002
0.005960
0.008823
0.008455
0.005443
0.000553
-0.004714
-0.008294
-0.008085
-0.003635
0.002183
0.005389
0.004584
0.001042
-0.003303
-0.006819
-0.007968
-0.005554
-0.000217
0.005299
0.008422
0.008455
0.006091
0.002275
-0.002075
-0.005374
-0.005944
-0.004145
-0.002082
-0.001020
-0.000835
-0.001424
-0.002997
-0.004721
-0.004583
-0.001889
0.001575
0.004075
0.005452
0.004541
-0.002034
-0.013299
-0.018409
-0.008436
0.008855
0.019953
0.023909
0.024955
0.019897
0.006951
-0.005402
-0.008850
-0.006284
-0.005045
-0.004848
-0.001947
-0.000472
-0.006356
-0.015030
-0.018376
-0.016708
-0.013364
-0.006658
0.004174
0.013274
0.015317
0.012334
0.008141
0.001941
-0.005822
-0.007547
0.001409
0.012395
0.014718
0.010197
0.005704
0.000844
-0.006778
-0.013015
-0.012517
-0.007156
-0.002496
0.000611
0.003794
0.004393
-0.000256
-0.005935
-0.006831
-0.003246
0.001206
0.005470
0.009342
0.009827
0.005257
-0.000315
-0.002857
-0.003637
-0.004287
-0.003282
-0.000508
0.000715
-0.001404
-0.004239
-0.005258
-0.005489
-0.005544
-0.003360
0.001095
0.004535
0.005120
0.003542
-0.000052
-0.005680
-0.010665
-0.010584
-0.003253
0.008866
0.019543
0.023173
0.019144
0.010818
0.002146
-0.003421
-0.004581
-0.003110
-0.001188
-0.000190
-0.001468
-0.005218
-0.010393
-0.015615
-0.018311
-0.016138
-0.009728
-0.001523
0.005971
0.010307
0.010377
0.006965
0.001932
-0.001448
0.000167
0.006400
0.012725
0.014760
0.011768
0.005711
-0.001509
-0.008216
-0.011872
-0.011000
-0.007391
-0.003927
-0.001614
-0.000402
-0.000807
-0.002800
-0.004401
-0.003295
0.000530
0.005086
0.008447
0.009267
0.007017
0.002856
-0.001093
-0.003301
-0.003126
-0.001073
0.001007
0.001201
-0.000901
-0.003961
-0.006213
-0.007100
-0.006650
-0.004264
-0.000413
0.002457
0.002940
0.002098
0.000695
-0.002133
-0.006034
-0.008092
-0.005902
0.000789
0.010558
0.018769
0.019748
0.013727
0.006129
0.000646
-0.001810
-0.001339
0.000623
0.001952
0.000848
-0.003015
-0.007635
-0.011631
-0.015443
-0.017320
-0.014236
-0.007127
0.000298
0.005376
0.006266
0.002822
-0.000624
0.001322
0.007707
0.012489
0.013234
0.012274
0.010141
0.004982
-0.001993
-0.006513
-0.007120
-0.006371
-0.005637
-0.004007
-0.002735
-0.004300
-0.007150
-0.007205
-0.003710
0.000680
0.004293
0.007166
0.008356
0.006632
0.003314
0.000602
-0.001302
-0.002384
-0.001350
0.001487
0.002960
0.000841
-0.003124
-0.005857
-0.006598
-0.005974
-0.004177
-0.001842
-0.000043
0.000951
0.001168
0.000628
0.000013
-0.000497
-0.001631
-0.002618
-0.001756
0.000738
0.004269
0.008764
0.011487
0.009531
0.005558
0.003921
0.004010
0.003002
0.001088
0.000236
-0.000067
-0.002499
-0.006598
-0.008788
-0.009174
-0.010691
-0.011728
-0.008781
-0.004041
-0.001848
-0.001063
0.002219
0.007267
0.009859
0.009242
0.008341
0.007892
0.006189
0.003580
0.001766
0.000206
-0.002339
-0.004675
-0.005120
-0.004686
-0.005277
-0.006182
-0.005317
-0.002826
-0.000376
0.001753
0.003823
0.004749
0.003708
0.001904
0.000915
0.000622
0.000190
0.000068
0.001032
0.002008
0.001300
-0.000763
-0.002496
-0.003094
-0.002842
-0.002210
-0.001608
-0.001450
-0.001809
-0.002223
-0.002312
-0.002093
-0.001561
-0.001057
-0.001358
-0.001992
-0.001261
0.000989
0.003175
0.004823
0.006563
0.007769
0.007274
0.005892
0.005424
0.005430
0.003940
0.001272
-0.000451
-0.001333
-0.003264
-0.006200
-0.008629
-0.010186
-0.010781
-0.009103
-0.004655
0.000141
0.002487
0.002874
0.003425
0.004130
0.004061
0.004061
0.004981
0.005633
0.004659
0.002520
0.000303
-0.002039
-0.004603
-0.005872
-0.004652
-0.002345
-0.000890
-0.000261
0.000366
0.000993
0.001269
0.001281
0.001273
0.001239
0.001202
0.001254
0.001044
0.000226
-0.000637
-0.000864
-0.000820
-0.001053
-0.001148
-0.000676
-0.000310
-0.000717
-0.001404
-0.001612
-0.001369
-0.001136
-0.001012
-0.000691
-0.000298
-0.000713
-0.002439
-0.004824
-0.007084
-0.008013
-0.003500
0.009367
0.022522
0.022420
0.009550
-0.001954
-0.005061
-0.003810
-0.000468
0.005244
0.008653
0.003652
-0.007405
-0.014669
-0.014173
-0.011852
-0.010158
-0.004368
0.004607
0.009167
0.006878
0.002144
-0.001025
-0.001873
-0.000565
0.003202
0.007430
0.008024
0.004691
0.000734
-0.002726
-0.005711
-0.006156
-0.002839
0.001695
0.003595
0.002044
-0.000632
-0.002909
-0.004330
-0.003144
0.000930
0.004160
0.003468
0.000517
-0.001344
-0.001591
-0.001738
-0.001595
0.000109
0.002071
0.001917
0.000419
-0.000206
-0.000441
-0.001815
-0.003138
-0.002328
-0.000440
-0.000072
-0.000971
-0.000984
-0.000124
-0.000061
-0.001038
-0.002074
-0.002409
-0.001460
0.000616
0.002462
0.003279
0.003638
0.003845
0.003441
0.002529
0.002348
0.003783
0.005329
0.004745
0.002858
0.001638
-0.000107
-0.003714
-0.006580
-0.006389
-0.005363
-0.005738
-0.005433
-0.002540
0.000232
0.000211
-0.000403
0.001101
0.003153
0.003510
0.003260
0.003700
0.003269
0.000951
-0.001080
-0.001216
-0.000987
-0.001599
-0.001837
-0.000992
-0.000444
-0.000979
-0.001151
0.000129
0.001496
0.001384
0.000353
-0.000331
-0.000532
-0.000689
-0.000800
-0.000603
-0.000117
0.000450
0.000942
0.001136
0.000892
0.000368
-0.000152
-0.000285
0.000114
0.000335
-0.000266
-0.001190
-0.001866
-0.002316
-0.002490
-0.002867
-0.004490
-0.006846
-0.007499
-0.004498
0.001672
0.008122
0.011403
0.009770
0.004334
-0.000403
0.001231
0.008990
0.014447
0.011283
0.003823
-0.000565
-0.002664
-0.007375
-0.012791
-0.013062
-0.009385
-0.007473
-0.006770
-0.003228
0.000632
-0.000192
-0.002355
0.001237
0.008485
0.010884
0.007293
0.003973
0.002878
0.000611
-0.002888
-0.004097
-0.002891
-0.002293
-0.002534
-0.001704
-0.000779
-0.001623
-0.001922
0.001434
0.006132
0.007289
0.004354
0.000819
-0.001071
-0.001795
-0.001914
-0.001251
-0.000584
-0.001223
-0.002558
-0.002718
-0.001637
-0.000910
-0.000998
-0.000727
0.000550
0.001754
0.001566
0.000204
-0.001248
-0.002158
-0.002046
-0.000798
0.000334
-0.000158
-0.001975
-0.003129
-0.001958
0.000728
0.002080
0.001134
0.000371
0.001471
0.002842
0.003362
0.004363
0.006001
0.005935
0.003445
0.001347
0.001817
0.002821
0.001462
-0.001336
-0.003165
-0.004246
-0.005394
-0.005788
-0.005156
-0.004339
-0.003528
-0.002415
-0.001085
-0.000052
0.000518
0.001453
0.002883
0.003370
0.002594
0.001923
0.001736
0.001307
0.000613
0.000238
0.000151
-0.000373
-0.001199
-0.001112
-0.000326
-0.000590
-0.001879
-0.002107
-0.000518
0.001233
0.001634
0.001089
0.000417
-0.000454
-0.001189
-0.000772
0.000562
0.001325
0.000934
0.000266
0.000014
-0.000221
-0.000690
-0.000747
-0.000293
-0.000136
-0.000424
-0.000828
-0.001894
-0.003749
-0.004470
-0.002636
-0.000490
-0.001097
-0.003265
-0.003211
-0.000146
0.003532
0.006293
0.008406
0.009634
0.008622
0.005218
0.001880
0.000964
0.001594
0.001509
0.000473
-0.000927
-0.003274
-0.006162
-0.007340
-0.006032
-0.003815
-0.001877
-0.000350
0.000251
-0.000589
-0.001817
-0.001555
0.000111
0.001130
0.000868
0.000701
0.000944
0.000437
-0.000721
-0.000906
0.000340
0.001544
0.001796
0.001863
0.002019
0.001300
-0.000286
-0.001265
-0.000715
0.000786
0.002018
0.002191
0.001268
-0.000328
-0.001720
-0.001864
-0.000750
0.000368
0.000553
0.000059
-0.000618
-0.001455
-0.002257
-0.002291
-0.001380
-0.000520
-0.000441
-0.000675
-0.000986
-0.002019
-0.003398
-0.003316
-0.001338
0.000400
0.000280
-0.000396
0.000236
0.001780
0.003022
0.004206
0.005760
0.006706
0.006311
0.005310
0.004199
0.002517
0.000514
-0.000705
-0.001198
-0.002069
-0.003060
-0.003047
-0.002798
-0.003868
-0.005279
-0.004688
-0.002255
-0.000499
-0.000515
-0.000764
-0.000142
0.000302
-0.000133
-0.000405
0.000117
0.000642
0.000589
0.000366
0.000446
0.000656
0.000713
0.000885
0.001408
0.001860
0.001766
0.001112
0.000262
-0.000070
0.000543
0.001403
0.001413
0.000398
-0.000925
-0.001701
-0.001507
-0.000765
-0.000268
-0.000143
-0.000126
-0.000423
-0.001184
-0.001862
-0.001884
-0.001288
-0.000530
0.000027
0.000307
0.000077
-0.001021
-0.002499
-0.002972
-0.001688
0.000127
0.000389
-0.000717
-0.000696
0.001171
0.002795
0.003116
0.003468
0.004703
0.005617
0.004872
0.003244
0.002440
0.002183
0.001010
-0.000768
-0.001858
-0.002257
-0.002557
-0.002822
-0.003004
-0.003169
-0.003201
-0.002707
-0.001581
-0.000633
-0.000570
-0.000808
-0.000660
-0.000421
-0.000330
-0.000043
0.000526
0.000918
0.000722
0.000195
-0.000016
0.000234
0.000703
0.001350
0.001960
0.002033
0.001509
0.000659
-0.000289
-0.000700
0.000098
0.001469
0.001774
0.000435
-0.001200
-0.001592
-0.000977
-0.000577
-0.000481
-0.000012
0.000452
-0.000039
-0.001220
-0.001874
-0.001506
-0.000806
-0.000551
-0.000719
-0.000916
-0.001048
-0.001228
-0.001534
-0.001869
-0.001776
-0.001139
-0.000716
-0.000762
-0.000200
0.001563
0.003357
0.003898
0.003621
0.003770
0.004267
0.004036
0.003234
0.002892
0.002661
0.001544
-0.000097
-0.001587
-0.002915
-0.003375
-0.002317
-0.001218
-0.001739
-0.002935
-0.002899
-0.001684
-0.000852
-0.000848
-0.000583
0.000100
0.000060
-0.000609
-0.000727
-0.000338
-0.000246
-0.000377
-0.000164
0.000262
0.000249
0.000017
0.000569
0.001732
0.002310
0.002178
0.001973
0.001476
0.000346
-0.000469
0.000142
0.001332
0.001201
-0.000237
-0.001249
-0.001273
-0.001229
-0.001435
-0.001237
-0.000502
-0.000071
-0.000380
-0.000727
-0.000618
-0.000516
-0.000593
-0.000449
-0.000309
-0.000719
-0.001228
-0.001071
-0.000748
-0.001083
-0.001320
-0.000460
0.000248
-0.000744
-0.001797
-0.000399
0.002251
0.003180
0.002584
0.002743
0.003726
0.003768
0.002708
0.002197
0.002675
0.002514
0.000923
-0.000723
-0.001535
-0.002195
-0.002651
-0.002059
-0.001146
-0.001448
-0.002579
-0.002784
-0.001751
-0.000865
-0.000687
-0.000257
0.000611
0.000783
0.000068
-0.000360
0.000021
0.000434
0.000266
-0.000053
-0.000063
-0.000101
-0.000262
0.000088
0.000905
0.001280
0.001060
0.000935
0.000936
0.000442
-0.000230
0.000101
0.001288
0.001590
0.000372
-0.000931
-0.001147
-0.000786
-0.000697
-0.000752
-0.000522
-0.000317
-0.000490
-0.000636
-0.000566
-0.000706
-0.000891
-0.000543
0.000004
-0.000044
-0.000648
-0.001126
-0.001373
-0.001873
-0.002148
-0.001048
0.000589
0.000593
-0.000611
-0.000435
0.001422
0.002597
0.002165
0.001964
0.003136
0.004047
0.003246
0.001953
0.001642
0.001643
0.000885
-0.000141
-0.000612
-0.001006
-0.001896
-0.002258
-0.001283
-0.000524
-0.001361
-0.002300
-0.001674
-0.000578
-0.000666
-0.001247
-0.000727
0.000412
0.000352
-0.000772
-0.000993
0.000075
0.000787
0.000394
-0.000138
-0.000106
0.000106
0.000210
0.000503
0.000928
0.000971
0.000746
0.000826
0.000940
0.000358
-0.000485
-0.000295
0.000870
0.001269
0.000161
-0.000967
-0.000855
-0.000191
-0.000110
-0.000571
-0.000725
-0.000318
-0.000125
-0.000509
-0.000843
-0.000884
-0.000864
-0.000585
-0.000124
-0.000139
-0.000664
-0.001002
-0.000855
-0.000798
-0.001229
-0.001223
-0.000016
0.000995
0.000320
-0.000706
0.000080
0.001972
0.002485
0.001482
0.001218
0.002283
0.002858
0.002155
0.001371
0.001283
0.001282
0.000719
-0.000032
-0.000417
-0.000978
-0.002006
-0.002001
-0.000413
0.000346
-0.001145
-0.002524
-0.001557
0.000290
0.000430
-0.000717
-0.000674
0.000727
0.001103
-0.000204
-0.001149
-0.000624
0.000130
0.000060
-0.000254
-0.000164
-0.000101
-0.000357
-0.000348
0.000114
0.000409
0.000412
0.000671
0.001166
0.001056
0.000029
-0.000752
-0.000160
0.000921
0.000894
-0.000050
-0.000549
-0.000201
0.000253
0.000161
-0.000317
-0.000625
-0.000555
-0.000287
-0.000160
-0.000503
-0.001067
-0.001112
-0.000573
-0.000261
-0.000638
-0.001142
-0.000992
-0.000296
0.000033
-0.000348
-0.000614
-0.000165
0.000276
-0.000075
-0.000521
0.000114
0.001413
0.001841
0.001218
0.000947
0.001625
0.002248
0.002031
0.001452
0.001204
0.001218
0.001011
0.000560
0.000189
-0.000295
-0.001091
-0.001303
-0.000368
0.000195
-0.000976
-0.002416
-0.002016
-0.000400
0.000211
-0.000621
-0.001195
-0.000455
0.000532
0.000463
-0.000320
-0.000735
-0.000535
-0.000194
-0.000039
-0.000110
-0.000365
-0.000506
-0.000158
0.000447
0.000688
0.000508
0.000441
0.000688
0.000780
0.000404
0.000156
0.000663
0.001248
0.000858
-0.000094
-0.000460
-0.000163
0.000026
-0.000283
-0.000774
-0.000883
-0.000491
-0.000100
-0.000172
-0.000633
-0.001041
-0.000999
-0.000544
-0.000197
-0.000364
-0.000723
-0.000624
-0.000087
0.000231
0.000001
-0.000451
-0.000550
-0.000040
0.000567
0.000498
-0.000088
-0.000196
0.000502
0.001118
0.000849
0.000287
0.000601
0.001606
0.001992
0.001418
0.000869
0.000942
0.001091
0.000755
0.000380
0.000537
0.000672
0.000087
-0.000602
-0.000555
-0.000275
-0.000645
-0.001414
-0.001692
-0.001287
-0.000869
-0.000945
-0.001197
-0.001123
-0.000772
-0.000392
-0.000051
0.000079
-0.000205
-0.000606
-0.000478
0.000196
0.000633
0.000425
0.000132
0.000312
0.000759
0.000990
0.000858
0.000526
0.000242
0.000244
0.000584
0.000880
0.000638
-0.000024
-0.000406
-0.000138
0.000293
0.000156
-0.000450
-0.000672
-0.000252
0.000065
-0.000188
-0.000604
-0.000796
-0.000827
-0.000779
-0.000694
-0.000729
-0.000890
-0.000901
-0.000606
-0.000214
-0.000027
-0.000097
-0.000198
-0.000058
0.000330
0.000614
0.000512
0.000245
0.000242
0.000591
0.000968
0.000994
0.000745
0.000692
0.000942
0.001147
0.001177
0.001112
0.000953
0.000757
0.000637
0.000565
0.000368
-0.000088
-0.000590
-0.000758
-0.000673
-0.000727
-0.000959
-0.001068
-0.000914
-0.000693
-0.000609
-0.000545
-0.000360
-0.000237
-0.000335
-0.000482
-0.000490
-0.000411
-0.000343
-0.000224
0.000033
0.000318
0.000421
0.000310
0.000144
0.000067
0.000100
0.000221
0.000420
0.000568
0.000488
0.000327
0.000424
0.000649
0.000516
0.000103
0.000009
0.000290
0.000364
0.000024
-0.000305
-0.000345
-0.000295
-0.000372
-0.000518
-0.000630
-0.000753
-0.000907
-0.000928
-0.000702
-0.000419
-0.000351
-0.000446
-0.000443
-0.000232
0.000066
0.000276
0.000338
0.000273
0.000095
-0.000070
0.000010
0.000295
0.000433
0.000325
0.000278
0.000477
0.000728
0.000757
0.000542
0.000369
0.000481
0.000728
0.000807
0.000647
0.000406
0.000327
0.000445
0.000502
0.000388
0.000228
0.000027
-0.000257
-0.000507
-0.000644
-0.000731
-0.000861
-0.000992
-0.000944
-0.000673
-0.000359
-0.000156
-0.000082
-0.000079
-0.000048
0.000022
0.000034
-0.000019
-0.000025
0.000061
0.000131
0.000063
-0.000064
-0.000047
0.000106
0.000243
0.000353
0.000497
0.000560
0.000373
0.000099
0.000106
0.000296
0.000158
-0.000304
-0.000480
-0.000161
0.000133
-0.000050
-0.000513
-0.000731
-0.000515
-0.000195
-0.000183
-0.000485
-0.000692
-0.000464
0.000037
0.000296
0.000058
-0.000290
-0.000191
0.000298
0.000594
0.000406
0.000038
-0.000144
-0.000123
-0.000072
-0.000065
-0.000090
-0.000166
-0.000230
-0.000082
0.000242
0.000369
0.000165
-0.000025
0.000064
0.000290
0.000399
0.000336
0.000248
0.000252
0.000310
0.000368
0.000435
0.000501
0.000555
0.000604
0.000604
0.000476
0.000219
-0.000052
-0.000219
-0.000255
-0.000224
-0.000203
-0.000216
-0.000267
-0.000363
-0.000481
-0.000558
-0.000486
-0.000226
0.000009
-0.000008
-0.000154
-0.000156
-0.000038
-0.000046
-0.000230
-0.000419
-0.000512
-0.000469
-0.000267
-0.000065
-0.000066
-0.000170
-0.000119
0.000075
0.000213
0.000283
0.000410
0.000544
0.000516
0.000359
0.000289
0.000321
0.000219
-0.000061
-0.000254
-0.000174
0.000051
0.000158
0.000020
-0.000285
-0.000517
-0.000433
-0.000108
0.000043
-0.000170
-0.000434
-0.000414
-0.000155
0.000043
-0.000019
-0.000250
-0.000389
-0.000313
-0.000115
0.000058
0.000111
0.000082
0.000126
0.000273
0.000358
0.000308
0.000246
0.000249
0.000272
0.000296
0.000333
0.000338
0.000252
0.000088
-0.000062
-0.000101
-0.000040
0.000021
0.000101
0.000324
0.000595
0.000681
0.000620
0.000599
0.000587
0.000461
0.000268
0.000105
-0.000047
-0.000260
-0.000535
-0.000756
-0.000832
-0.000808
-0.000744
-0.000630
-0.000502
-0.000447
-0.000430
-0.000353
-0.000248
-0.000172
-0.000054
0.000104
0.000142
0.000044
-0.000015
0.000020
0.000034
0.000033
0.000134
0.000286
0.000350
0.000333
0.000321
0.000345
0.000372
0.000283
0.000013
-0.000230
-0.000149
0.000195
0.000385
0.000197
-0.000150
-0.000334
-0.000298
-0.000226
-0.000307
-0.000514
-0.000599
-0.000379
0.000005
0.000213
0.000065
-0.000250
-0.000341
-0.000062
0.000269
0.000306
0.000103
-0.000064
-0.000045
0.000128
0.000281
0.000267
0.000146
0.000054
0.000016
-0.000025
-0.000077
-0.000073
-0.000009
0.000019
-0.000008
-0.000001
0.000095
0.000239
0.000354
0.000377
0.000287
0.000149
0.000087
0.000119
0.000121
0.000048
0.000026
0.000160
0.000355
0.000390
0.000185
-0.000053
-0.000098
-0.000002
0.000047
-0.000009
-0.000098
-0.000182
-0.000249
-0.000265
-0.000260
-0.000321
-0.000399
-0.000322
-0.000082
0.000096
0.000086
0.000009
-0.000029
-0.000087
-0.000198
-0.000295
-0.000320
-0.000280
-0.000222
-0.000156
-0.000072
-0.000001
0.000045
0.000122
0.000226
0.000279
0.000281
0.000292
0.000289
0.000214
0.000120
0.000097
0.000112
0.000033
-0.000179
-0.000344
-0.000276
-0.000065
0.000041
-0.000006
-0.000064
-0.000076
-0.000071
-0.000042
0.000003
0.000007
-0.000064
-0.000158
-0.000198
-0.000209
-0.000242
-0.000228
-0.000110
0.000035
0.000163
0.000287
0.000354
0.000304
0.000172
0.000085
0.000135
0.000194
0.000063
-0.000176
-0.000325
-0.000379
-0.000393
-0.000327
-0.000171
-0.000006
0.000114
0.000240
0.000438
0.000638
0.000675
0.000526
0.000339
0.000213
0.000106
0.000018
0.000005
0.000009
-0.000044
-0.000085
-0.000021
0.000142
0.000269
0.000184
-0.000044
-0.000160
-0.000081
0.000045
0.000040
-0.000127
-0.000333
-0.000444
-0.000394
-0.000212
-0.000025
0.000041
-0.000049
-0.000215
-0.000317
-0.000295
-0.000204
-0.000146
-0.000158
-0.000144
-0.000036
0.000068
0.000055
-0.000007
0.000022
0.000138
0.000191
0.000142
0.000118
0.000169
0.000184
0.000097
-0.000017
-0.000063
-0.000043
-0.000034
-0.000066
-0.000088
-0.000088
-0.000069
-0.000010
0.000047
0.000014
-0.000075
-0.000108
-0.000077
-0.000050
-0.000054
-0.000086
-0.000119
-0.000089
-0.000007
0.000025
-0.000025
-0.000042
0.000060
0.000195
0.000264
0.000304
0.000364
0.000378
0.000286
0.000155
0.000054
-0.000054
-0.000191
-0.000317
-0.000397
-0.000407
-0.000347
-0.000261
-0.000199
-0.000144
-0.000022
0.000154
0.000251
0.000201
0.000107
0.000118
0.000228
0.000282
0.000207
0.000114
0.000121
0.000174
0.000146
0.000042
-0.000022
0.000005
0.000076
0.000144
0.000177
0.000115
-0.000039
-0.000161
-0.000143
-0.000040
0.000023
0.000023
-0.000001
-0.000057
-0.000172
-0.000282
-0.000264
-0.000131
-0.000011
0.000039
0.000038
-0.000004
-0.000056
-0.000096
-0.000107
-0.000059
0.000016
0.000044
0.000017
-0.000025
-0.000055
-0.000063
-0.000060
-0.000056
-0.000048
-0.000033
0.000004
0.000063
0.000073
-0.000009
-0.000073
-0.000009
0.000137
0.000215
0.000122
-0.000088
-0.000175
0.000009
0.000296
0.000432
0.000388
0.000301
0.000200
-0.000018
-0.000329
-0.000543
-0.000572
-0.000491
-0.000379
-0.000279
-0.000235
-0.000244
-0.000199
-0.000049
0.000073
0.000058
0.000028
0.000123
0.000241
0.000218
0.000120
0.000082
0.000060
0.000014
0.000070
0.000260
0.000378
0.000263
0.000049
-0.000024
0.000079
0.000199
0.000236
0.000214
0.000145
0.000058
0.000020
0.000021
-0.000026
-0.000130
-0.000173
-0.000091
-0.000020
-0.000086
-0.000203
-0.000228
-0.000159
-0.000074
-0.000025
-0.000009
0.000017
0.000064
0.000084
0.000091
0.000176
0.000321
0.000350
0.000174
-0.000038
-0.000077
-0.000002
-0.000022
-0.000157
-0.000234
-0.000157
-0.000017
0.000036
-0.000040
-0.000151
-0.000192
-0.000158
-0.000110
-0.000049
0.000042
0.000122
0.000114
0.000003
-0.000123
-0.000177
-0.000199
-0.000240
-0.000220
-0.000116
-0.000050
-0.000040
0.000036
0.000179
0.000259
0.000224
0.000157
0.000158
0.000180
0.000098
-0.000048
-0.000083
0.000016
0.000103
0.000108
0.000076
0.000002
-0.000116
-0.000164
-0.000118
-0.000133
-0.000224
-0.000231
-0.000116
0.000028
0.000122
0.000125
0.000060
0.000011
0.000040
0.000111
0.000126
0.000064
0.000036
0.000136
0.000243
0.000189
0.000039
-0.000043
-0.000053
-0.000085
-0.000134
-0.000138
-0.000150
-0.000251
-0.000305
-0.000152
0.000070
0.000146
0.000102
0.000055
0.000025
0.000048
0.000191
0.000355
0.000332
0.000125
-0.000066
-0.000114
-0.000077
-0.000082
-0.000124
-0.000090
0.000013
0.000073
0.000061
0.000029
-0.000004
-0.000059
-0.000103
-0.000037
0.000117
0.000131
-0.000086
-0.000286
-0.000268
-0.000157
-0.000107
-0.000100
-0.000102
-0.000085
0.000030
0.000214
0.000316
0.000277
0.000195
0.000175
0.000165
0.000079
-0.000021
-0.000051
-0.000052
-0.000033
0.000051
0.000095
-0.000036
-0.000194
-0.000127
0.000106
0.000224
0.000146
0.000028
-0.000011
0.000001
-0.000006
-0.000063
-0.000153
-0.000237
-0.000288
-0.000291
-0.000246
-0.000181
-0.000115
-0.000072
-0.000070
-0.000060
0.000013
0.000119
0.000177
0.000165
0.000130
0.000098
0.000051
0.000015
0.000043
0.000102
0.000113
0.000075
0.000039
-0.000007
-0.000077
-0.000119
-0.000113
-0.000098
-0.000093
-0.000101
-0.000141
-0.000181
-0.000133
0.000004
0.000124
0.000177
0.000200
0.000216
0.000209
0.000199
0.000224
0.000249
0.000197
0.000060
-0.000123
-0.000292
-0.000328
-0.000180
0.000004
0.000056
0.000009
-0.000020
-0.000008
0.000000
-0.000014
-0.000008
0.000059
0.000126
0.000086
-0.000023
-0.000069
-0.000047
-0.000040
-0.000051
-0.000043
-0.000018
0.000023
0.000092
0.000157
0.000172
0.000121
0.000023
-0.000052
-0.000075
-0.000139
-0.000249
-0.000261
-0.000133
0.000018
0.000114
0.000159
0.000135
0.000025
-0.000083
-0.000098
-0.000069
-0.000070
-0.000093
-0.000080
-0.000017
0.000054
0.000109
0.000111
0.000028
-0.000083
-0.000117
-0.000035
0.000108
0.000190
0.000117
-0.000067
-0.000212
-0.000216
-0.000121
-0.000047
-0.000006
0.000093
0.000212
0.000224
0.000157
0.000112
0.000084
0.000074
0.000123
0.000146
0.000035
-0.000132
-0.000196
-0.000147
-0.000128
-0.000181
-0.000168
-0.000072
-0.000110
-0.000340
-0.000433
-0.000129
0.000348
0.000610
0.000578
0.000438
0.000300
0.000162
0.000076
0.000049
-0.000042
-0.000232
-0.000386
-0.000398
-0.000293
-0.000152
-0.000042
-0.000014
-0.000072
-0.000136
-0.000107
-0.000021
-0.000021
-0.000145
-0.000264
-0.000257
-0.000101
0.000149
0.000357
0.000402
0.000303
0.000172
0.000117
0.000153
0.000191
0.000144
0.000027
-0.000061
-0.000066
-0.000059
-0.000110
-0.000153
-0.000104
0.000014
0.000115
0.000115
0.000003
-0.000117
-0.000140
-0.000098
-0.000071
-0.000062
-0.000043
0.000002
0.000071
0.000085
-0.000001
-0.000043
0.000103
0.000328
0.000405
0.000291
0.000122
0.000010
-0.000060
-0.000177
-0.000323
-0.000336
-0.000183
-0.000037
0.000001
0.000004
0.000022
0.000020
-0.000044
-0.000154
-0.000234
-0.000189
-0.000011
0.000171
0.000250
0.000239
0.000176
0.000083
0.000003
-0.000057
-0.000126
-0.000192
-0.000204
-0.000135
-0.000027
0.000071
0.000141
0.000171
0.000181
0.000187
0.000123
-0.000029
-0.000130
-0.000108
-0.000083
-0.000114
-0.000093
0.000018
0.000096
0.000063
-0.000015
-0.000036
0.000003
0.000019
-0.000029
-0.000129
-0.000235
-0.000246
-0.000112
0.000065
0.000162
0.000164
0.000117
0.000068
0.000074
0.000137
0.000149
0.000047
-0.000066
-0.000091
-0.000063
-0.000036
-0.000021
-0.000051
-0.000128
-0.000154
-0.000080
0.000007
0.000066
0.000144
0.000209
0.000186
0.000119
0.000094
0.000079
0.000015
-0.000078
-0.000146
-0.000147
-0.000074
-0.000002
-0.000010
-0.000073
-0.000122
-0.000150
-0.000148
-0.000076
0.000069
0.000196
0.000210
0.000161
0.000197
0.000294
0.000208
-0.000154
-0.000506
-0.000559
-0.000384
-0.000208
-0.000104
-0.000017
0.000087
0.000202
0.000294
0.000340
0.000352
0.000316
0.000221
0.000133
0.000106
0.000104
0.000101
0.000087
0.000035
-0.000053
-0.000139
-0.000202
-0.000244
-0.000290
-0.000316
-0.000218
-0.000026
0.000055
0.000005
-0.000001
0.000041
0.000017
-0.000041
-0.000040
0.000000
0.000048
0.000112
0.000155
0.000101
-0.000026
-0.000106
-0.000074
-0.000006
-0.000003
-0.000047
-0.000061
-0.000047
-0.000025
0.000020
0.000079
0.000112
0.000080
-0.000029
-0.000157
-0.000201
-0.000150
-0.000070
0.000024
0.000117
0.000140
0.000074
-0.000007
-0.000043
-0.000048
-0.000049
-0.000041
-0.000028
-0.000023
0.000003
0.000061
0.000085
0.000040
-0.000037
-0.000099
-0.000095
-0.000000
0.000092
0.000083
0.000007
-0.000043
-0.000029
0.000040
0.000142
0.000239
0.000269
0.000219
0.000154
0.000106
0.000043
-0.000048
-0.000144
-0.000227
-0.000272
-0.000234
-0.000126
-0.000040
-0.000043
-0.000094
-0.000116
-0.000089
-0.000044
-0.000005
0.000062
0.000178
0.000251
0.000177
0.000038
-0.000020
-0.000009
-0.000005
-0.000020
-0.000055
-0.000083
-0.000070
-0.000039
-0.000023
-0.000021
-0.000024
-0.000010
0.000040
0.000126
0.000220
0.000257
0.000186
0.000052
-0.000063
-0.000121
-0.000122
-0.000079
-0.000003
0.000081
0.000118
0.000057
-0.000059
-0.000115
-0.000087
-0.000064
-0.000084
-0.000088
-0.000063
-0.000062
-0.000064
0.000001
0.000073
0.000013
-0.000116
-0.000117
0.000015
0.000117
0.000114
0.000057
0.000011
-0.000024
-0.000065
-0.000067
-0.000033
-0.000078
-0.000182
-0.000102
0.000235
0.000549
0.000606
0.000465
0.000255
0.000037
-0.000136
-0.000249
-0.000327
-0.000354
-0.000326
-0.000287
-0.000262
-0.000239
-0.000223
-0.000218
-0.000187
-0.000111
-0.000041
-0.000013
0.000018
0.000079
0.000128
0.000157
0.000186
0.000176
0.000127
0.000110
0.000134
0.000171
0.000194
0.000198
0.000190
0.000126
-0.000037
-0.000208
-0.000248
-0.000151
-0.000018
0.000076
0.000104
0.000087
0.000105
0.000183
0.000201
0.000060
-0.000137
-0.000235
-0.000231
