2240
-0.000079
0.000356
0.000534
0.000452
0.000369
0.000439
0.000628
0.000881
0.001120
0.001250
0.001280
0.001230
0.001195
0.001269
0.001394
0.001477
0.001363
0.000982
0.000486
0.000125
-0.000099
-0.000286
-0.000361
-0.000336
-0.000295
-0.000266
-0.000296
-0.000397
-0.000453
-0.000427
-0.000400
-0.000428
-0.000516
-0.000556
-0.000458
-0.000252
-0.000077
0.000006
0.000077
0.000099
-0.000024
-0.000197
-0.000232
-0.000128
-0.000001
0.000087
0.000154
0.000232
0.000335
0.000471
0.000545
0.000576
0.000630
0.000682
0.000772
0.000905
0.001013
0.001015
0.000912
0.000813
0.000780
0.000749
0.000680
0.000671
0.000787
0.000937
0.001026
0.000988
0.000860
0.000757
0.000673
0.000497
0.000299
0.000259
0.000255
0.000021
-0.000474
-0.001070
-0.001666
-0.002209
-0.002569
-0.002660
-0.002548
-0.002358
-0.002200
-0.002218
-0.002385
-0.002521
-0.002506
-0.002282
-0.001852
-0.001355
-0.000993
-0.000834
-0.000852
-0.000849
-0.000577
-0.000107
0.000452
0.001096
0.001713
0.002117
0.002223
0.002219
0.002285
0.002362
0.002395
0.002355
0.002144
0.001837
0.001607
0.001396
0.001075
0.000681
0.000321
0.000017
-0.000313
-0.000734
-0.001198
-0.001540
-0.001661
-0.001656
-0.001660
-0.001655
-0.001552
-0.001372
-0.001175
-0.000949
-0.000642
-0.000289
0.000016
0.000216
0.000279
0.000309
0.000389
0.000487
0.000612
0.000773
0.000843
0.000775
0.000724
0.000716
0.000695
0.000659
0.000589
0.000457
0.000314
0.000209
0.000091
-0.000039
-0.000091
-0.000085
-0.000235
-0.000506
-0.000651
-0.000650
-0.000581
-0.000564
-0.000595
-0.000545
-0.000420
-0.000348
-0.000321
-0.000217
-0.000089
-0.000043
-0.000094
-0.000132
-0.000150
-0.000179
-0.000132
-0.000021
0.000079
0.000109
0.000098
0.000086
0.000101
0.000119
0.000080
0.000089
0.000181
0.000222
0.000214
0.000317
0.000519
0.000626
0.000611
0.000574
0.000584
0.000654
0.000734
0.000795
0.000858
0.000929
0.000962
0.000952
0.000881
0.000744
0.000582
0.000514
0.000565
0.000605
0.000540
0.000500
0.000411
0.000453
0.001757
0.003003
0.001364
-0.002331
-0.004724
-0.004194
-0.002621
-0.002697
-0.004085
-0.004585
-0.004027
-0.003823
-0.004182
-0.004073
-0.003102
-0.002086
-0.001943
-0.002242
-0.001515
0.000207
0.001395
0.001594
0.001652
0.002202
0.002952
0.002889
0.002052
0.002228
0.003918
0.005140
0.004391
0.002548
0.001513
0.001857
0.002354
0.001898
0.001068
0.000892
0.000933
0.000004
-0.001718
-0.002756
-0.002466
-0.001883
-0.002209
-0.003180
-0.003566
-0.003179
-0.002978
-0.002964
-0.002243
-0.000963
-0.000232
-0.000596
-0.001329
-0.001211
-0.000039
0.001017
0.001074
0.000885
0.001433
0.002213
0.002081
0.001304
0.001223
0.002152
0.002999
0.002669
0.001581
0.001077
0.001339
0.001385
0.000974
0.000747
0.000816
0.000652
0.000034
-0.000680
-0.000848
-0.000371
-0.000108
-0.000557
-0.000992
-0.000962
-0.001036
-0.001403
-0.001546
-0.001147
-0.000507
-0.000267
-0.000646
-0.000950
-0.000536
0.000122
0.000338
0.000342
0.000594
0.000912
0.001008
0.000930
0.000920
0.001201
0.001548
0.001514
0.001295
0.001334
0.001478
0.001544
0.001625
0.001643
0.001556
0.001434
0.001154
0.000733
0.000459
0.000450
0.000495
0.000435
0.000414
0.000460
0.000389
0.000219
0.000060
0.000008
0.000140
0.000243
0.000078
-0.000231
-0.000531
-0.001263
-0.002754
-0.004434
-0.005137
-0.004145
-0.002459
-0.002163
-0.003743
-0.005165
-0.005017
-0.004003
-0.002968
-0.001927
-0.000806
0.000075
0.000299
-0.000179
-0.000522
0.000208
0.001762
0.003202
0.003998
0.004008
0.003265
0.002353
0.002198
0.003064
0.004378
0.005104
0.004511
0.003128
0.001912
0.001097
0.000621
0.000545
0.000749
0.000860
0.000350
-0.001010
-0.002618
-0.003549
-0.003452
-0.002745
-0.002163
-0.002204
-0.002762
-0.003385
-0.003709
-0.003467
-0.002604
-0.001478
-0.000600
-0.000195
-0.000156
-0.000232
-0.000096
0.000470
0.001442
0.002579
0.003425
0.003346
0.002066
0.000845
0.001324
0.002848
0.003405
0.002786
0.002057
0.001346
0.000614
0.000188
0.000026
0.000075
0.000565
0.000737
-0.000048
-0.000908
-0.001458
-0.001819
-0.001395
-0.000522
-0.000544
-0.001273
-0.001754
-0.002066
-0.001963
-0.001137
-0.000616
-0.000721
-0.000558
-0.000314
-0.000409
-0.000112
0.000545
0.000887
0.001275
0.001724
0.001569
0.001173
0.001219
0.001429
0.001650
0.001989
0.001840
0.001149
0.000787
0.000770
0.000663
0.000732
0.000898
0.000672
0.000362
0.000274
0.000058
-0.000179
-0.000103
-0.000071
-0.000185
-0.000049
0.000114
-0.000123
-0.000473
-0.000512
-0.000197
0.000304
0.000525
0.000120
-0.000384
-0.000615
-0.001427
-0.003341
-0.005459
-0.006043
-0.004219
-0.001785
-0.001517
-0.003454
-0.005086
-0.005240
-0.004561
-0.003247
-0.001277
0.000425
0.000968
0.000504
-0.000247
-0.000357
0.000593
0.002079
0.003659
0.005002
0.005122
0.003703
0.002115
0.001915
0.003129
0.004578
0.005133
0.004438
0.003025
0.001513
0.000265
-0.000330
-0.000127
0.000310
0.000233
-0.000572
-0.002005
-0.003662
-0.004780
-0.004797
-0.003754
-0.002447
-0.001998
-0.002703
-0.003789
-0.004351
-0.004007
-0.002839
-0.001204
0.000365
0.001292
0.001267
0.000703
0.000446
0.000898
0.001926
0.003258
0.004401
0.004562
0.003286
0.001495
0.000958
0.002101
0.003428
0.003323
0.001960
0.000898
0.000629
0.000051
-0.001148
-0.001548
-0.000603
0.000173
-0.000458
-0.001912
-0.003014
-0.003294
-0.002818
-0.001951
-0.001118
-0.000857
-0.001542
-0.002451
-0.002293
-0.001157
-0.000322
0.000085
0.000648
0.000995
0.000706
0.000285
0.000389
0.001154
0.002144
0.002619
0.002477
0.002195
0.001840
0.001397
0.001358
0.001848
0.002090
0.001622
0.000870
0.000344
0.000180
0.000168
0.000156
0.000351
0.000682
0.000590
-0.000005
-0.000561
-0.000764
-0.000518
0.000037
0.000331
0.000339
0.000306
-0.000115
-0.000705
-0.000496
0.000213
0.000313
0.000128
0.000261
-0.000386
-0.002778
-0.005942
-0.008019
-0.007073
-0.003426
-0.000767
-0.001629
-0.004145
-0.005889
-0.006624
-0.005659
-0.002241
0.001712
0.003505
0.002936
0.001420
0.000345
0.000639
0.002249
0.004614
0.007076
0.008149
0.006656
0.003909
0.002344
0.002574
0.003669
0.004935
0.005710
0.005137
0.002995
0.000231
-0.001687
-0.002168
-0.001760
-0.001161
-0.000802
-0.001241
-0.002920
-0.005350
-0.006950
-0.006496
-0.004617
-0.002826
-0.001874
-0.001865
-0.002784
-0.004025
-0.004221
-0.002669
-0.000214
0.001924
0.002994
0.002899
0.002215
0.001608
0.001629
0.002759
0.004734
0.006199
0.006078
0.004490
0.002247
0.000773
0.001148
0.002318
0.002524
0.001988
0.001331
-0.000126
-0.002150
-0.003326
-0.003510
-0.003070
-0.001883
-0.000990
-0.001605
-0.003008
-0.004222
-0.004698
-0.003357
-0.000813
0.000632
0.000581
0.000086
-0.000785
-0.001385
-0.000454
0.001228
0.002442
0.003202
0.003055
0.001890
0.001097
0.001167
0.001497
0.002300
0.003254
0.003003
0.001797
0.000887
0.000313
0.000074
0.000582
0.001275
0.001350
0.000901
0.000092
-0.000798
-0.000977
-0.000406
0.000232
0.000718
0.000911
0.000419
-0.000416
-0.000827
-0.000897
-0.000668
0.000344
0.001662
0.002075
0.001348
0.000023
-0.001184
-0.001414
-0.000560
0.000210
-0.000760
-0.003926
-0.008168
-0.010522
-0.008369
-0.003722
-0.001093
-0.001713
-0.003678
-0.005917
-0.007325
-0.005609
-0.000882
0.003378
0.004867
0.004274
0.002948
0.002067
0.002420
0.003924
0.006088
0.007987
0.008350
0.007145
0.005721
0.004604
0.003221
0.002171
0.002590
0.003773
0.004024
0.002718
0.000333
-0.002459
-0.004752
-0.005574
-0.004643
-0.002940
-0.002370
-0.003870
-0.006281
-0.007767
-0.007663
-0.006331
-0.004155
-0.001904
-0.000877
-0.001485
-0.002496
-0.002505
-0.001418
0.000238
0.002172
0.003930
0.004872
0.004767
0.003938
0.003106
0.003006
0.003655
0.004540
0.005314
0.005258
0.003785
0.001566
-0.000329
-0.001346
-0.001187
-0.000222
0.000119
-0.000832
-0.002587
-0.004519
-0.005839
-0.005741
-0.004224
-0.002327
-0.001157
-0.001363
-0.002504
-0.003274
-0.002932
-0.001550
0.000481
0.002293
0.002928
0.002353
0.001370
0.000852
0.001129
0.001975
0.003051
0.003908
0.003944
0.002946
0.001582
0.000728
0.000632
0.001149
0.001846
0.002132
0.001740
0.000659
-0.000718
-0.001562
-0.001483
-0.000831
-0.000051
0.000436
0.000266
-0.000417
-0.001075
-0.001236
-0.000773
0.000164
0.001111
0.001493
0.001307
0.000987
0.001034
0.001695
0.002327
0.002090
0.001286
0.000529
-0.000109
-0.001019
-0.003328
-0.007765
-0.011987
-0.011670
-0.007026
-0.003077
-0.002375
-0.003723
-0.006728
-0.010440
-0.010604
-0.005268
0.001483
0.005268
0.005872
0.004779
0.003315
0.002811
0.003927
0.006501
0.009407
0.010821
0.010306
0.009250
0.008144
0.005927
0.003070
0.001783
0.002422
0.003424
0.003782
0.003018
0.000391
-0.003915
-0.007761
-0.008845
-0.007230
-0.005097
-0.004462
-0.005607
-0.007578
-0.009361
-0.009959
-0.008474
-0.005390
-0.002701
-0.001439
-0.000770
-0.000041
0.000385
0.000647
0.001581
0.003246
0.005161
0.007020
0.008264
0.008332
0.007245
0.005538
0.004192
0.004192
0.005336
0.006130
0.005639
0.003940
0.000963
-0.002448
-0.004356
-0.004725
-0.005035
-0.004884
-0.004017
-0.004706
-0.007560
-0.009440
-0.008476
-0.006051
-0.003481
-0.001340
-0.000163
0.000013
-0.000298
-0.000202
0.001337
0.003794
0.005360
0.006118
0.007037
0.007003
0.005366
0.003996
0.003796
0.003812
0.003900
0.004202
0.003875
0.002517
0.000563
-0.001320
-0.002175
-0.001894
-0.001605
-0.001650
-0.001623
-0.002149
-0.003464
-0.004170
-0.003511
-0.002260
-0.001013
0.000116
0.000751
0.000755
0.000554
0.000726
0.001704
0.003164
0.004250
0.004777
0.004975
0.004510
0.003440
0.002626
0.002152
0.001564
0.000713
-0.001492
-0.006445
-0.012540
-0.015157
-0.012275
-0.007421
-0.004642
-0.004480
-0.006346
-0.009770
-0.011888
-0.009287
-0.003122
0.002362
0.005417
0.006846
0.007218
0.006905
0.006694
0.007254
0.008583
0.010020
0.011101
0.012100
0.012655
0.011102
0.006944
0.002509
0.000077
-0.000361
0.000350
0.001246
0.000764
-0.002230
-0.006757
-0.010286
-0.011276
-0.010444
-0.009310
-0.008437
-0.007731
-0.007360
-0.007426
-0.007205
-0.006040
-0.004490
-0.003035
-0.000927
0.002190
0.005124
0.006631
0.006689
0.006021
0.005556
0.006068
0.007633
0.009404
0.010203
0.009429
0.007319
0.004889
0.003092
0.001883
0.000935
0.000271
-0.000346
-0.001448
-0.002963
-0.004568
-0.006491
-0.008732
-0.010764
-0.011852
-0.010885
-0.007696
-0.004536
-0.003744
-0.005017
-0.006489
-0.006089
-0.002562
0.002846
0.007264
0.009198
0.009047
0.007923
0.007301
0.007663
0.007952
0.007745
0.007502
0.006941
0.005831
0.004402
0.002209
-0.000817
-0.003282
-0.004179
-0.003773
-0.002693
-0.002150
-0.003182
-0.005072
-0.006390
-0.006517
-0.005286
-0.003117
-0.001212
-0.000319
-0.000110
0.000012
0.000412
0.001289
0.002399
0.003415
0.004377
0.005144
0.005654
0.006104
0.006074
0.005271
0.004339
0.003623
0.002913
0.002209
0.001173
-0.001550
-0.006759
-0.013345
-0.018365
-0.018152
-0.013009
-0.007986
-0.006182
-0.006608
-0.008643
-0.011433
-0.011230
-0.006470
-0.000620
0.003827
0.007669
0.010847
0.012271
0.012245
0.011402
0.010165
0.009577
0.010150
0.011692
0.013813
0.014606
0.011653
0.005728
0.000095
-0.003570
-0.005204
-0.004741
-0.003334
-0.003475
-0.005955
-0.009200
-0.011823
-0.013449
-0.014145
-0.013918
-0.012408
-0.009573
-0.006218
-0.003394
-0.001588
-0.000994
-0.001360
-0.001104
0.001368
0.005533
0.009463
0.011915
0.012548
0.011445
0.009535
0.008150
0.007704
0.007636
0.007420
0.006878
0.005833
0.004185
0.001815
-0.001356
-0.004678
-0.007056
-0.008060
-0.007891
-0.006965
-0.006253
-0.006750
-0.008177
-0.009567
-0.010853
-0.011685
-0.010735
-0.007612
-0.003346
0.000669
0.003238
0.003823
0.003451
0.003748
0.005392
0.008142
0.011046
0.012774
0.012768
0.011450
0.009090
0.006069
0.003309
0.001425
0.000295
-0.000328
-0.000746
-0.001753
-0.003693
-0.005959
-0.007801
-0.008511
-0.007644
-0.005684
-0.003745
-0.002479
-0.001943
-0.001944
-0.001856
-0.001162
0.000080
0.001702
0.003560
0.005243
0.006264
0.006451
0.005880
0.004871
0.004061
0.004191
0.005181
0.006055
0.006072
0.004970
0.002916
0.000701
-0.001751
-0.006400
-0.013571
-0.019663
-0.020516
-0.015883
-0.009589
-0.005476
-0.005056
-0.007926
-0.011881
-0.013065
-0.009060
-0.001961
0.004528
0.009349
0.012917
0.014783
0.014713
0.013603
0.012148
0.010620
0.009891
0.011095
0.013849
0.015686
0.013881
0.008105
0.001051
-0.004503
-0.007534
-0.007827
-0.006243
-0.005204
-0.006393
-0.008865
-0.011073
-0.012798
-0.014207
-0.014874
-0.014014
-0.011225
-0.006967
-0.002398
0.001159
0.002685
0.002111
0.001045
0.001697
0.004703
0.008771
0.012254
0.014147
0.014026
0.012270
0.009873
0.007709
0.005979
0.004542
0.003584
0.003207
0.002924
0.001825
-0.000674
-0.004319
-0.008115
-0.010733
-0.011352
-0.010107
-0.008053
-0.006626
-0.006391
-0.006880
-0.007326
-0.007692
-0.008371
-0.007903
-0.004971
-0.001042
0.002609
0.006086
0.008113
0.007599
0.006559
0.006737
0.007727
0.009357
0.011062
0.011339
0.010116
0.007947
0.004559
0.001156
-0.000844
-0.002329
-0.003717
-0.004189
-0.004286
-0.005088
-0.006168
-0.007043
-0.007755
-0.007593
-0.006170
-0.004010
-0.001572
0.000559
0.001686
0.002097
0.002527
0.003028
0.003765
0.005036
0.006315
0.006817
0.006597
0.006264
0.005919
0.005439
0.004919
0.004237
0.003345
0.002490
0.001834
0.000595
-0.003430
-0.011131
-0.019105
-0.021900
-0.018132
-0.011841
-0.007071
-0.005101
-0.006173
-0.009377
-0.011337
-0.009169
-0.004223
0.000685
0.005403
0.010653
0.015111
0.017061
0.016447
0.014033
0.010786
0.008222
0.008151
0.010909
0.014101
0.014273
0.010278
0.004189
-0.001652
-0.006182
-0.008574
-0.008621
-0.007846
-0.007911
-0.008508
-0.008840
-0.009459
-0.011268
-0.013788
-0.015119
-0.013716
-0.009651
-0.004328
0.000533
0.003400
0.003562
0.002263
0.001745
0.003015
0.005489
0.008297
0.010871
0.012506
0.012798
0.011867
0.009857
0.006914
0.003675
0.001373
0.000800
0.001497
0.002043
0.001178
-0.001327
-0.004818
-0.008247
-0.010548
-0.011084
-0.010098
-0.008515
-0.007039
-0.005839
-0.005145
-0.005359
-0.006183
-0.006427
-0.005245
-0.002900
-0.000010
0.002841
0.004947
0.006135
0.006654
0.006673
0.006633
0.007052
0.007768
0.008336
0.008639
0.008296
0.006759
0.004316
0.001799
-0.000332
-0.001836
-0.002637
-0.003109
-0.003670
-0.004475
-0.005421
-0.006200
-0.006525
-0.006237
-0.005293
-0.003808
-0.002121
-0.000603
0.000572
0.001411
0.002063
0.002650
0.003279
0.004136
0.005020
0.005447
0.005497
0.005509
0.005238
0.004492
0.003829
0.003609
0.003370
0.002767
0.001675
-0.000841
-0.005806
-0.012441
-0.017277
-0.016755
-0.011869
-0.007169
-0.005117
-0.005052
-0.006426
-0.008504
-0.008913
-0.006438
-0.002682
0.000843
0.004586
0.008936
0.012557
0.013654
0.011945
0.008892
0.006462
0.005916
0.007390
0.009958
0.011746
0.010936
0.007502
0.003056
-0.000953
-0.003890
-0.005570
-0.006148
-0.005901
-0.005182
-0.004693
-0.005082
-0.006561
-0.008962
-0.011525
-0.012696
-0.011168
-0.007478
-0.003352
-0.000231
0.001140
0.001140
0.000726
0.000500
0.000927
0.002312
0.004381
0.006570
0.008499
0.009734
0.009603
0.007908
0.005393
0.003169
0.002082
0.002354
0.003314
0.003878
0.003394
0.001723
-0.000853
-0.003512
-0.005453
-0.006524
-0.006802
-0.006225
-0.005067
-0.003963
-0.003702
-0.004971
-0.006861
-0.007504
-0.006531
-0.004556
-0.002185
-0.000434
0.000332
0.001086
0.002171
0.003035
0.003734
0.004552
0.005412
0.006421
0.007370
0.007505
0.006857
0.005769
0.004232
0.002792
0.002017
0.001661
0.001396
0.000981
0.000003
-0.001334
-0.002338
-0.002837
-0.003030
-0.002888
-0.002447
-0.002021
-0.001606
-0.001148
-0.000853
-0.000736
-0.000623
-0.000317
0.000212
0.000738
0.001118
0.001545
0.002010
0.002272
0.002443
0.002623
0.002687
0.002670
0.002510
0.001592
-0.000762
-0.004459
-0.007895
-0.008795
-0.006585
-0.002993
-0.000409
-0.000288
-0.002519
-0.005090
-0.005866
-0.004832
-0.003289
-0.001933
-0.000470
0.001380
0.003542
0.005259
0.005315
0.003526
0.001222
0.000146
0.000932
0.002977
0.005047
0.006020
0.005634
0.004314
0.002689
0.001274
0.000299
-0.000258
-0.000220
0.000541
0.001484
0.001953
0.001589
0.000210
-0.001907
-0.003850
-0.004785
-0.004619
-0.003664
-0.002322
-0.001244
-0.001024
-0.001546
-0.002349
-0.003203
-0.003743
-0.003503
-0.002479
-0.001060
0.000354
0.001380
0.001773
0.001617
0.001118
0.000559
0.000365
0.000730
0.001511
0.002531
0.003494
0.003936
0.003652
0.002827
0.001772
0.000853
0.000384
0.000430
0.000768
0.000996
0.000889
0.000443
-0.000243
-0.000963
-0.001617
-0.002180
-0.002557
-0.002543
-0.002157
-0.001647
-0.001082
-0.000646
-0.000676
-0.001044
-0.001195
-0.000832
-0.000048
0.000808
0.001391
0.001763
0.002000
0.002016
0.001918
0.001842
0.001637
0.001113
0.000377
-0.000358
-0.000957
-0.001261
-0.001188
-0.000904
-0.000728
-0.000738
-0.000722
-0.000540
-0.000304
-0.000115
0.000119
0.000347
0.000465
0.000498
0.000503
0.000437
0.000277
0.000101
0.000002
0.000114
0.000357
0.000480
0.000440
0.000304
0.000169
0.000122
0.000105
0.000120
0.000196
0.000283
0.000282
0.000118
-0.000146
-0.000422
-0.000645
-0.000760
-0.000771
-0.000701
-0.000633
-0.000640
-0.000676
-0.000713
-0.000769
-0.000829
-0.000855
-0.000766
-0.000577
-0.000438
-0.000382
-0.000381
-0.000414
-0.000479
-0.000649
-0.000762
-0.000597
-0.000300
-0.000103
0.000006
0.000080
0.000064
-0.000014
-0.000070
-0.000074
-0.000042
-0.000050
-0.000130
-0.000194
-0.000181
-0.000157
-0.000173
-0.000236
-0.000285
-0.000262
-0.000227
-0.000144
0.000024
0.000121
0.000135
0.000186
0.000236
0.000255
0.000291
0.000363
0.000518
0.000703
0.000790
0.000789
0.000751
0.000657
0.000585
0.000669
0.000747
0.000684
0.000648
0.000678
0.000586
0.000347
0.000178
0.000099
-0.000024
-0.000144
-0.000198
-0.000251
-0.000364
-0.000519
-0.000615
-0.000600
-0.000573
-0.000560
-0.000521
-0.000477
-0.000441
-0.000411
-0.000375
-0.000330
-0.000266
-0.000220
-0.000218
-0.000194
-0.000076
0.000067
0.000092
0.000037
0.000019
0.000047
0.000035
0.000004
0.000058
0.000168
0.000271
0.000346
0.000350
0.000274
0.000193
0.000138
0.000086
0.000076
0.000148
0.000287
0.000516
0.000773
0.000751
0.000407
0.000112
0.000050
0.000066
0.000034
0.000026
0.000044
-0.000047
-0.000255
-0.000409
-0.000449
-0.000433
-0.000342
-0.000252
-0.000245
-0.000238
-0.000273
-0.000422
-0.000609
-0.000727
-0.000717
-0.000616
-0.000509
-0.000502
-0.000573
-0.000607
-0.000587
-0.000530
-0.000447
-0.000339
-0.000192
-0.000023
0.000116
0.000178
0.000198
0.000264
0.000387
0.000476
0.000513
0.000576
0.000609
0.000548
0.000470
0.000457
0.000524
0.000541
0.000350
0.000079
0.000001
0.000104
0.000179
0.000191
0.000188
0.000151
0.000100
0.000069
0.000077
0.000152
0.000255
0.000289
0.000246
0.000241
0.000310
0.000314
0.000209
0.000133
0.000159
0.000215
0.000333
0.000562
0.000689
0.000591
0.000407
0.000252
0.000180
0.000210
0.000249
0.000206
0.000138
0.000100
0.000046
-0.000048
-0.000162
-0.000250
-0.000283
-0.000243
-0.000166
-0.000152
-0.000208
-0.000281
-0.000320
-0.000306
-0.000259
-0.000189
-0.000102
-0.000011
0.000032
0.000007
-0.000006
-0.000001
-0.000012
0.000040
0.000140
0.000217
0.000254
0.000276
0.000344
0.000409
0.000395
0.000343
0.000298
0.000251
0.000238
0.000288
0.000387
0.000446
0.000325
0.000111
-0.000013
-0.000042
-0.000014
0.000033
0.000030
-0.000013
-0.000033
-0.000014
0.000030
0.000044
0.000014
-0.000030
-0.000143
-0.000271
-0.000307
-0.000315
-0.000319
-0.000341
-0.000476
-0.000631
-0.000652
-0.000566
-0.000487
-0.000505
-0.000623
-0.000700
-0.000623
-0.000460
-0.000363
-0.000333
-0.000263
-0.000225
-0.000277
-0.000281
-0.000153
-0.000058
-0.000105
-0.000141
-0.000098
-0.000046
-0.000025
0.000073
0.000339
0.000590
0.000712
0.000765
0.000771
0.000783
0.000803
0.000773
0.000759
0.000740
0.000587
0.000422
0.000381
0.000359
0.000327
0.000327
0.000303
0.000205
0.000074
0.000039
0.000116
0.000172
0.000162
0.000092
-0.000019
-0.000117
-0.000154
-0.000134
-0.000124
-0.000152
-0.000211
-0.000295
-0.000364
-0.000385
-0.000388
-0.000386
-0.000348
-0.000242
-0.000142
-0.000168
-0.000230
-0.000227
-0.000221
-0.000240
-0.000233
-0.000223
-0.000254
-0.000293
-0.000310
-0.000333
-0.000391
-0.000405
-0.000379
-0.000410
-0.000444
-0.000403
-0.000323
-0.000249
-0.000204
-0.000186
-0.000183
-0.000156
-0.000028
0.000158
0.000300
0.000400
0.000459
0.000435
0.000394
0.000416
0.000353
0.000180
0.000131
0.000267
0.000446
0.000532
0.000466
0.000256
0.000023
-0.000079
-0.000045
0.000005
0.000020
0.000015
-0.000021
-0.000135
-0.000290
-0.000349
-0.000344
-0.000362
-0.000353
-0.000285
-0.000213
-0.000187
-0.000217
-0.000257
-0.000252
-0.000230
-0.000252
-0.000309
-0.000306
-0.000232
-0.000212
-0.000257
-0.000314
-0.000412
-0.000506
-0.000503
-0.000466
-0.000445
-0.000388
-0.000313
-0.000247
-0.000205
-0.000195
-0.000163
-0.000094
-0.000045
-0.000000
0.000065
0.000064
-0.000009
-0.000047
-0.000012
0.000046
0.000100
0.000174
0.000262
0.000299
0.000269
0.000220
0.000190
0.000195
0.000226
0.000250
0.000252
0.000240
0.000231
0.000186
0.000081
-0.000002
-0.000008
0.000052
0.000176
0.000345
0.000420
0.000323
0.000244
0.000244
0.000138
0.000017
0.000059
0.000154
0.000189
0.000196
0.000215
0.000240
0.000153
-0.000123
-0.000401
-0.000529
-0.000502
-0.000366
-0.000262
-0.000238
-0.000221
-0.000192
-0.000129
-0.000039
0.000000
0.000003
0.000025
0.000078
0.000208
0.000367
0.000415
0.000341
0.000246
0.000183
0.000077
-0.000039
-0.000002
0.000134
0.000265
0.000369
0.000356
0.000212
0.000055
-0.000058
-0.000111
-0.000029
0.000183
0.000385
0.000378
0.000100
-0.000298
-0.000615
-0.000779
-0.000776
-0.000658
-0.000527
-0.000380
-0.000303
-0.000352
-0.000391
-0.000399
-0.000459
-0.000494
-0.000392
-0.000212
-0.000017
0.000219
0.000426
0.000471
0.000382
0.000332
0.000410
0.000531
0.000581
0.000582
0.000578
0.000572
0.000577
0.000543
0.000399
0.000186
0.000036
-0.000014
0.000014
0.000128
0.000212
0.000153
0.000030
-0.000039
-0.000019
0.000005
-0.000036
-0.000074
