4480
-0.000031
-0.000028
-0.000056
-0.000083
-0.000036
0.000054
0.000075
0.000056
-0.000011
-0.000132
-0.000186
-0.000142
-0.000088
-0.000089
-0.000101
-0.000083
-0.000089
-0.000142
-0.000161
-0.000084
0.000006
-0.000000
-0.000034
-0.000030
-0.000037
-0.000064
-0.000103
-0.000155
-0.000193
-0.000217
-0.000225
-0.000186
-0.000101
-0.000036
-0.000003
0.000036
0.000048
0.000008
-0.000018
-0.000010
-0.000017
0.000014
0.000073
0.000075
0.000053
0.000020
-0.000046
-0.000096
-0.000071
-0.000006
0.000035
0.000046
0.000032
0.000007
0.000035
0.000114
0.000128
0.000065
0.000017
0.000025
0.000070
0.000096
0.000058
-0.000007
-0.000025
-0.000035
-0.000098
-0.000135
-0.000100
-0.000072
-0.000099
-0.000199
-0.000294
-0.000251
-0.000133
-0.000032
0.000044
0.000056
0.000015
0.000003
0.000029
0.000054
0.000121
0.000187
0.000161
0.000124
0.000119
0.000109
0.000084
0.000081
0.000095
0.000086
0.000097
0.000109
0.000101
0.000132
0.000143
0.000084
0.000075
0.000177
0.000187
-0.000042
-0.000342
-0.000524
-0.000553
-0.000500
-0.000456
-0.000410
-0.000355
-0.000312
-0.000268
-0.000271
-0.000297
-0.000202
-0.000052
-0.000032
-0.000107
-0.000161
-0.000160
-0.000084
0.000006
0.000010
-0.000007
0.000051
0.000120
0.000147
0.000175
0.000189
0.000123
0.000046
0.000087
0.000195
0.000248
0.000249
0.000250
0.000242
0.000245
0.000276
0.000273
0.000221
0.000207
0.000252
0.000275
0.000274
0.000239
0.000203
0.000237
0.000283
0.000272
0.000192
0.000167
0.000291
0.000373
0.000276
0.000119
0.000026
-0.000010
-0.000013
0.000037
0.000081
0.000100
0.000129
0.000101
0.000030
0.000002
0.000001
0.000010
0.000035
0.000052
0.000051
0.000041
0.000025
0.000021
0.000019
-0.000028
-0.000127
-0.000157
-0.000025
0.000128
0.000116
0.000026
-0.000001
0.000016
0.000007
0.000004
0.000093
0.000181
0.000171
0.000115
0.000044
-0.000013
-0.000028
-0.000044
-0.000039
0.000035
0.000115
0.000158
0.000185
0.000194
0.000208
0.000234
0.000207
0.000126
0.000047
-0.000004
-0.000011
0.000007
0.000038
0.000048
-0.000002
-0.000021
0.000009
0.000010
-0.000024
-0.000047
0.000003
0.000069
0.000083
0.000073
0.000054
0.000034
0.000011
-0.000014
-0.000018
-0.000009
-0.000005
0.000010
0.000016
0.000002
-0.000016
-0.000041
-0.000094
-0.000153
-0.000180
-0.000165
-0.000124
-0.000122
-0.000110
-0.000000
0.000143
0.000166
0.000046
-0.000028
0.000021
0.000079
0.000090
0.000073
0.000026
-0.000024
-0.000041
-0.000026
-0.000008
0.000015
0.000032
-0.000053
-0.000162
-0.000185
-0.000164
-0.000101
-0.000095
-0.000173
-0.000115
0.000132
0.000340
0.000362
0.000375
0.000466
0.000466
0.000420
0.000435
0.000392
0.000294
0.000254
0.000209
0.000124
0.000045
-0.000017
-0.000018
0.000030
0.000060
0.000047
0.000004
-0.000046
-0.000107
-0.000162
-0.000171
-0.000188
-0.000237
-0.000238
-0.000164
-0.000094
-0.000087
-0.000114
-0.000136
-0.000191
-0.000250
-0.000198
-0.000150
-0.000200
-0.000197
-0.000153
-0.000155
-0.000155
-0.000125
-0.000086
-0.000071
-0.000091
-0.000131
-0.000158
-0.000195
-0.000218
-0.000156
-0.000087
-0.000090
-0.000141
-0.000152
-0.000118
-0.000132
-0.000187
-0.000201
-0.000162
-0.000119
-0.000126
-0.000169
-0.000124
-0.000023
-0.000042
-0.000153
-0.000174
-0.000090
-0.000033
-0.000091
-0.000234
-0.000364
-0.000414
-0.000353
-0.000255
-0.000185
-0.000084
0.000026
0.000089
0.000082
-0.000036
-0.000219
-0.000320
-0.000251
-0.000123
-0.000081
-0.000111
-0.000129
-0.000093
-0.000064
-0.000138
-0.000242
-0.000207
-0.000026
0.000113
0.000122
0.000114
0.000118
0.000098
0.000073
0.000033
-0.000021
-0.000031
-0.000051
-0.000130
-0.000118
-0.000001
0.000084
0.000113
0.000093
0.000077
0.000086
0.000077
0.000103
0.000147
0.000141
0.000135
0.000162
0.000215
0.000279
0.000268
0.000178
0.000142
0.000159
0.000154
0.000138
0.000093
0.000061
0.000056
-0.000008
-0.000060
0.000002
0.000104
0.000139
0.000165
0.000246
0.000304
0.000322
0.000341
0.000369
0.000389
0.000362
0.000285
0.000194
0.000088
-0.000031
-0.000133
-0.000184
-0.000167
-0.000177
-0.000236
-0.000234
-0.000235
-0.000323
-0.000370
-0.000311
-0.000238
-0.000292
-0.000519
-0.000744
-0.000885
-0.000962
-0.000977
-0.001005
-0.000987
-0.000811
-0.000558
-0.000427
-0.000455
-0.000452
-0.000340
-0.000231
-0.000203
-0.000160
-0.000039
0.000090
0.000155
0.000151
0.000159
0.000186
0.000155
0.000106
0.000110
0.000146
0.000205
0.000244
0.000248
0.000233
0.000192
0.000189
0.000232
0.000273
0.000299
0.000346
0.000415
0.000411
0.000332
0.000255
0.000228
0.000246
0.000260
0.000258
0.000250
0.000279
0.000351
0.000388
0.000401
0.000410
0.000432
0.000532
0.000641
0.000674
0.000665
0.000643
0.000611
0.000611
0.000640
0.000637
0.000612
0.000626
0.000704
0.000761
0.000748
0.000728
0.000685
0.000569
0.000444
0.000400
0.000418
0.000384
0.000294
0.000194
0.000069
-0.000023
-0.000111
-0.000287
-0.000417
-0.000388
-0.000323
-0.000370
-0.000555
-0.000708
-0.000677
-0.000582
-0.000583
-0.000682
-0.000793
-0.000854
-0.000903
-0.000964
-0.001050
-0.001170
-0.001278
-0.001360
-0.001373
-0.001317
-0.001262
-0.001126
-0.000868
-0.000685
-0.000613
-0.000430
-0.000108
0.000187
0.000379
0.000498
0.000582
0.000656
0.000775
0.000850
0.000798
0.000706
0.000631
0.000577
0.000574
0.000666
0.000772
0.000779
0.000749
0.000662
0.000429
0.000277
0.000383
0.000469
0.000355
0.000254
0.000218
0.000057
-0.000203
-0.000393
-0.000478
-0.000534
-0.000494
-0.000298
-0.000142
-0.000066
0.000050
0.000139
0.000124
0.000114
0.000193
0.000290
0.000430
0.000663
0.000870
0.000981
0.001077
0.001168
0.001177
0.001158
0.001190
0.001236
0.001244
0.001208
0.001120
0.000954
0.000720
0.000583
0.000659
0.000760
0.000672
0.000482
0.000376
0.000315
0.000194
-0.000030
-0.000272
-0.000396
-0.000482
-0.000657
-0.000828
-0.000917
-0.001078
-0.001260
-0.001258
-0.001216
-0.001433
-0.001868
-0.002272
-0.002676
-0.003082
-0.003095
-0.002538
-0.001918
-0.001597
-0.001297
-0.000996
-0.001005
-0.001119
-0.000859
-0.000384
-0.000072
0.000309
0.000917
0.001378
0.001464
0.001472
0.001469
0.001247
0.001077
0.001259
0.001554
0.001663
0.001670
0.001591
0.001257
0.000773
0.000359
0.000066
-0.000118
-0.000245
-0.000407
-0.000554
-0.000682
-0.001009
-0.001585
-0.002007
-0.002024
-0.002016
-0.001997
-0.001518
-0.000889
-0.000752
-0.000776
-0.000421
-0.000102
-0.000112
0.000083
0.000637
0.001054
0.001354
0.001803
0.002049
0.001835
0.001599
0.001604
0.001590
0.001564
0.001678
0.001751
0.001609
0.001388
0.001159
0.000832
0.000464
0.000151
-0.000113
-0.000326
-0.000422
-0.000500
-0.000684
-0.000917
-0.001161
-0.001385
-0.001422
-0.001148
-0.000754
-0.000451
-0.000272
-0.000225
-0.000305
-0.000386
-0.000276
0.000032
0.000353
0.000624
0.000892
0.001092
0.001141
0.001025
0.000826
0.000593
0.000496
0.000518
0.000545
0.000295
0.000188
-0.000246
-0.000388
-0.002296
-0.005088
-0.002544
-0.001632
-0.004825
-0.004341
-0.001098
-0.000895
-0.002503
-0.002411
-0.002149
-0.002010
-0.001789
-0.001321
-0.000306
0.000793
0.001109
0.001163
0.001702
0.001768
0.001091
0.000989
0.001748
0.002163
0.002091
0.002633
0.003383
0.002875
0.001812
0.001481
0.001256
0.000627
0.000238
0.000305
0.000566
0.000279
-0.000197
-0.000269
-0.001036
-0.002358
-0.002876
-0.002776
-0.002643
-0.002204
-0.001388
-0.000944
-0.001189
-0.001302
-0.001035
-0.000951
-0.000720
0.000074
0.000843
0.001269
0.001625
0.001822
0.001692
0.001454
0.001321
0.001302
0.001478
0.001916
0.002258
0.002266
0.002051
0.001699
0.001213
0.000700
0.000405
0.000254
0.000166
0.000175
0.000125
-0.000097
-0.000428
-0.000772
-0.001028
-0.001117
-0.000961
-0.000605
-0.000285
-0.000102
0.000045
0.000122
-0.000001
-0.000149
-0.000047
0.000213
0.000482
0.000917
0.001410
0.001579
0.001366
0.001038
0.000844
0.000805
0.000822
0.000783
0.000759
0.000719
0.000456
0.000002
-0.000706
-0.001770
-0.002821
-0.003556
-0.004055
-0.004071
-0.003309
-0.002583
-0.002465
-0.002268
-0.002144
-0.002665
-0.002932
-0.002154
-0.001309
-0.000946
-0.000065
0.001108
0.001418
0.001405
0.001853
0.001932
0.001361
0.001385
0.002113
0.002609
0.003012
0.003550
0.003530
0.002862
0.002243
0.001734
0.001184
0.000800
0.000604
0.000460
0.000367
0.000192
-0.000403
-0.001218
-0.001836
-0.002355
-0.002692
-0.002420
-0.001844
-0.001582
-0.001400
-0.001124
-0.001173
-0.001431
-0.001267
-0.000778
-0.000419
0.000115
0.000933
0.001467
0.001627
0.001759
0.001777
0.001600
0.001608
0.001882
0.002126
0.002291
0.002373
0.002207
0.001807
0.001368
0.000933
0.000565
0.000429
0.000440
0.000376
0.000173
-0.000136
-0.000524
-0.000885
-0.001134
-0.001232
-0.001172
-0.001016
-0.000782
-0.000557
-0.000522
-0.000676
-0.000786
-0.000751
-0.000578
-0.000214
0.000229
0.000583
0.000908
0.001224
0.001367
0.001197
0.001015
0.001097
0.001224
0.001352
0.001452
0.001377
0.001155
0.000746
-0.000091
-0.001295
-0.002306
-0.003110
-0.004003
-0.004281
-0.003471
-0.002826
-0.002901
-0.002596
-0.002289
-0.003045
-0.003543
-0.002692
-0.001945
-0.001683
-0.000459
0.000994
0.001100
0.001028
0.001736
0.001813
0.001169
0.001447
0.002256
0.002473
0.002890
0.003684
0.003588
0.002761
0.002331
0.001982
0.001271
0.000886
0.000838
0.000463
0.000102
-0.000135
-0.000830
-0.001511
-0.001819
-0.002301
-0.002714
-0.002557
-0.002228
-0.001983
-0.001671
-0.001562
-0.001765
-0.001790
-0.001525
-0.001232
-0.000793
-0.000111
0.000470
0.000850
0.001272
0.001588
0.001638
0.001690
0.001896
0.002012
0.002071
0.002357
0.002598
0.002434
0.002035
0.001628
0.001196
0.000800
0.000563
0.000394
0.000134
-0.000156
-0.000369
-0.000678
-0.001182
-0.001579
-0.001692
-0.001721
-0.001705
-0.001467
-0.001099
-0.000856
-0.000759
-0.000670
-0.000504
-0.000707
-0.000497
0.000926
0.001168
0.000480
0.001576
0.002140
0.000875
0.000896
0.001574
0.000970
0.000744
0.001152
0.000904
0.000718
0.000883
0.000420
-0.000496
-0.001322
-0.002283
-0.003218
-0.003748
-0.004133
-0.004081
-0.003313
-0.002953
-0.003149
-0.002787
-0.002610
-0.003337
-0.003262
-0.002127
-0.001683
-0.001384
0.000032
0.001030
0.000841
0.001205
0.001765
0.001278
0.001158
0.002113
0.002710
0.002875
0.003555
0.004032
0.003620
0.003143
0.002788
0.001980
0.001276
0.001241
0.001107
0.000699
0.000482
0.000073
-0.000636
-0.001195
-0.001763
-0.002400
-0.002479
-0.002193
-0.002056
-0.001670
-0.001195
-0.001470
-0.002032
-0.001965
-0.001789
-0.001821
-0.001250
-0.000253
0.000221
0.000526
0.001204
0.001548
0.001380
0.001551
0.001998
0.002115
0.002285
0.002737
0.002783
0.002380
0.002146
0.001975
0.001574
0.001264
0.001141
0.000831
0.000393
0.000072
-0.000367
-0.000978
-0.001414
-0.001510
-0.001400
-0.001226
-0.000980
-0.000654
-0.000388
-0.000338
-0.000330
-0.000224
-0.000253
-0.000333
-0.000028
0.000413
0.000542
0.000733
0.001111
0.001103
0.000790
0.001001
0.001546
0.001486
0.001279
0.001629
0.001776
0.001398
0.001275
0.001216
0.000280
-0.001130
-0.002111
-0.002970
-0.004043
-0.004499
-0.003819
-0.003104
-0.003207
-0.003291
-0.002917
-0.003110
-0.003775
-0.003451
-0.002429
-0.001976
-0.001388
0.000041
0.000963
0.001006
0.001402
0.001832
0.001426
0.001228
0.002006
0.002736
0.003152
0.003871
0.004325
0.003997
0.003520
0.003096
0.002417
0.001806
0.001479
0.001059
0.000726
0.000745
0.000566
-0.000016
-0.000649
-0.001521
-0.002673
-0.003264
-0.003158
-0.002992
-0.002612
-0.001924
-0.001769
-0.002086
-0.001982
-0.001842
-0.001958
-0.001444
-0.000345
0.000384
0.000958
0.001865
0.002308
0.002091
0.002126
0.002351
0.002291
0.002499
0.003113
0.003320
0.003114
0.003000
0.002726
0.002078
0.001514
0.001165
0.000746
0.000342
0.000066
-0.000269
-0.000749
-0.001236
-0.001608
-0.001835
-0.001940
-0.001957
-0.001710
-0.001242
-0.001065
-0.001176
-0.001074
-0.000979
-0.001184
-0.001011
-0.000283
0.000278
0.000631
0.000959
0.001154
0.001409
0.001403
0.001196
0.001640
0.002002
0.001643
0.001469
0.001687
0.001782
0.001629
0.001474
0.001249
0.000356
-0.001136
-0.002268
-0.003067
-0.004182
-0.004627
-0.003791
-0.003316
-0.003650
-0.003402
-0.003183
-0.004149
-0.004578
-0.003540
-0.002884
-0.002718
-0.001418
0.000136
0.000466
0.000827
0.001758
0.001676
0.001033
0.001522
0.002383
0.002771
0.003579
0.004445
0.004384
0.004035
0.003780
0.003038
0.002178
0.001875
0.001603
0.001186
0.001164
0.001004
0.000255
-0.000403
-0.001117
-0.002395
-0.003229
-0.003189
-0.003370
-0.003518
-0.002758
-0.002238
-0.002628
-0.002539
-0.001929
-0.002318
-0.002942
-0.001713
-0.000169
-0.000247
0.000346
0.002110
0.002192
0.001470
0.002226
0.002653
0.001995
0.002421
0.003383
0.003245
0.003151
0.003461
0.002854
0.001944
0.001698
0.001328
0.000774
0.000626
0.000353
-0.000197
-0.000490
-0.000852
-0.001555
-0.002006
-0.002140
-0.002316
-0.002348
-0.002204
-0.002153
-0.001994
-0.001342
-0.000965
-0.001472
-0.001210
-0.000274
-0.000439
-0.000216
0.001210
0.001496
0.000855
0.001527
0.002555
0.001932
0.001432
0.002443
0.002317
0.001317
0.001741
0.001881
0.001007
0.000961
0.001126
0.000445
-0.000296
-0.001354
-0.003031
-0.004333
-0.005167
-0.005432
-0.004478
-0.003553
-0.003630
-0.003369
-0.003057
-0.003999
-0.004563
-0.003621
-0.003121
-0.003063
-0.001522
0.000312
0.000879
0.001511
0.002424
0.002024
0.001156
0.001528
0.002175
0.002546
0.003683
0.004771
0.004764
0.004684
0.004665
0.003802
0.002812
0.002346
0.001630
0.000993
0.001306
0.001472
0.000686
0.000096
-0.000286
-0.001505
-0.002662
-0.002825
-0.003098
-0.003719
-0.003592
-0.003278
-0.003803
-0.003954
-0.003168
-0.002964
-0.003136
-0.002297
-0.001250
-0.000949
-0.000252
0.001063
0.001675
0.001817
0.002366
0.002627
0.002333
0.002533
0.003137
0.003315
0.003340
0.003576
0.003552
0.003150
0.002777
0.002378
0.001824
0.001296
0.000863
0.000427
0.000011
-0.000473
-0.001046
-0.001369
-0.001678
-0.002159
-0.002129
-0.001843
-0.002140
-0.002234
-0.001551
-0.001196
-0.001332
-0.000891
-0.000452
-0.000749
-0.000437
0.000651
0.001144
0.001240
0.001924
0.002351
0.001840
0.001939
0.002795
0.002673
0.001832
0.001971
0.002356
0.001789
0.001525
0.001787
0.001543
0.001183
0.000899
-0.000050
-0.001517
-0.003199
-0.005187
-0.006315
-0.005723
-0.004545
-0.003851
-0.003438
-0.003179
-0.003614
-0.004416
-0.004492
-0.003877
-0.003509
-0.003019
-0.001345
0.000637
0.001691
0.002329
0.002806
0.002287
0.001387
0.001628
0.002476
0.002979
0.003795
0.004932
0.005278
0.005034
0.004902
0.004267
0.002970
0.001940
0.001369
0.001053
0.001268
0.001609
0.001139
0.000205
-0.000505
-0.001491
-0.002748
-0.003349
-0.003540
-0.003990
-0.004029
-0.003394
-0.003137
-0.003492
-0.003696
-0.003625
-0.003407
-0.002766
-0.001805
-0.000763
0.000320
0.001160
0.001782
0.002359
0.002590
0.002524
0.002806
0.003293
0.003480
0.003830
0.004386
0.004282
0.003644
0.003219
0.002724
0.001892
0.001368
0.001250
0.000840
0.000260
0.000083
-0.000299
-0.001288
-0.002019
-0.002204
-0.002346
-0.002446
-0.002276
-0.002113
-0.002394
-0.002667
-0.002330
-0.002105
-0.001966
-0.001400
-0.000973
-0.000354
0.000387
0.000776
0.001316
0.001940
0.002617
0.002897
0.002772
0.003386
0.003504
0.002289
0.002224
0.002931
0.001928
0.001233
0.001865
0.001329
0.000654
0.001333
0.001281
0.000528
0.000107
-0.001895
-0.004876
-0.006190
-0.006736
-0.007055
-0.005687
-0.004152
-0.004079
-0.003879
-0.003438
-0.004024
-0.004563
-0.004193
-0.003952
-0.003469
-0.001561
0.000650
0.002035
0.003232
0.003808
0.002981
0.002248
0.002427
0.002468
0.002748
0.003940
0.004990
0.005493
0.006008
0.005883
0.004541
0.002986
0.001679
0.000342
-0.000263
0.000180
0.000518
0.000198
-0.000311
-0.000982
-0.002038
-0.003170
-0.004123
-0.004848
-0.005062
-0.004638
-0.003882
-0.003147
-0.002695
-0.002671
-0.002903
-0.003249
-0.003417
-0.002859
-0.001709
-0.000533
0.000712
0.002165
0.003114
0.003275
0.003385
0.003553
0.003367
0.003354
0.003901
0.004305
0.004439
0.004613
0.004329
0.003339
0.002258
0.001307
0.000383
-0.000268
-0.000602
-0.000769
-0.001013
-0.001531
-0.002118
-0.002531
-0.002947
-0.003281
-0.003039
-0.002503
-0.002184
-0.001905
-0.001552
-0.001562
-0.001986
-0.001852
-0.001052
-0.000261
0.000325
0.000930
0.001897
0.002298
0.002373
0.002855
0.002858
0.002806
0.003220
0.003280
0.002838
0.002770
0.002658
0.001699
0.001223
0.001473
0.000989
0.000480
0.000814
0.000790
0.000279
-0.000732
-0.003447
-0.006745
-0.008517
-0.008943
-0.008284
-0.006174
-0.004193
-0.003618
-0.003377
-0.003221
-0.003640
-0.003904
-0.003788
-0.003829
-0.002948
-0.000465
0.001979
0.003837
0.005480
0.005713
0.004413
0.003567
0.003568
0.003271
0.003339
0.004513
0.005517
0.005981
0.006588
0.006477
0.004804
0.002538
0.000566
-0.001060
-0.001868
-0.001648
-0.001225
-0.001085
-0.001147
-0.001747
-0.002831
-0.003871
-0.005002
-0.006166
-0.006445
-0.005660
-0.004681
-0.003640
-0.002380
-0.001749
-0.002061
-0.002221
-0.001861
-0.001745
-0.001573
-0.000422
0.001372
0.002997
0.004337
0.005288
0.005432
0.004946
0.004526
0.004366
0.004271
0.004301
0.004495
0.004645
0.004418
0.003623
0.002425
0.000980
-0.000464
-0.001367
-0.001541
-0.001558
-0.001721
-0.001682
-0.001706
-0.002227
-0.002766
-0.002790
-0.002788
-0.003164
-0.002949
-0.001801
-0.000883
-0.000314
0.000271
0.000083
-0.000402
-0.000311
-0.000248
0.000130
0.001323
0.002429
0.003029
0.003513
0.003563
0.002971
0.002650
0.002816
0.002731
0.002670
0.002791
0.002382
0.001846
0.001541
0.000989
0.000449
0.000250
0.000151
0.000130
0.000302
-0.000348
-0.003110
-0.007047
-0.009843
-0.010579
-0.009950
-0.008279
-0.005903
-0.004065
-0.003382
-0.003118
-0.002598
-0.002562
-0.003424
-0.003891
-0.002730
-0.000247
0.002553
0.005415
0.007882
0.008544
0.007406
0.006244
0.005556
0.004466
0.003402
0.003590
0.004705
0.005734
0.006606
0.006937
0.005628
0.002833
-0.000017
-0.002101
-0.003525
-0.004289
-0.004193
-0.003551
-0.002937
-0.002705
-0.003067
-0.003851
-0.004913
-0.006318
-0.007312
-0.006854
-0.005526
-0.004374
-0.002845
-0.000841
0.000238
0.000091
-0.000104
-0.000022
-0.000069
0.000283
0.001694
0.003660
0.005218
0.006242
0.006903
0.006740
0.005565
0.004242
0.003393
0.002702
0.002247
0.002514
0.002975
0.002536
0.001321
0.000174
-0.001026
-0.002444
-0.003324
-0.003380
-0.003111
-0.002637
-0.001970
-0.001465
-0.001371
-0.001709
-0.002156
-0.002264
-0.002072
-0.001662
-0.000719
0.000478
0.001168
0.001417
0.001597
0.001595
0.001402
0.001282
0.001380
0.001739
0.002162
0.002452
0.002777
0.002996
0.002876
0.002646
0.002372
0.001892
0.001405
0.001252
0.001332
0.001316
0.001016
0.000776
0.000874
0.000852
0.000670
0.000730
-0.000200
-0.004167
-0.010118
-0.014253
-0.014861
-0.013506
-0.011441
-0.008493
-0.005445
-0.004010
-0.003810
-0.002878
-0.001847
-0.002841
-0.004056
-0.001925
0.002477
0.006049
0.009249
0.012574
0.013332
0.011267
0.009635
0.008761
0.006484
0.003738
0.002975
0.003895
0.004973
0.005707
0.005676
0.004078
0.000889
-0.002871
-0.005894
-0.007633
-0.008728
-0.009329
-0.008400
-0.006145
-0.004573
-0.004437
-0.004667
-0.005154
-0.006470
-0.007368
-0.006275
-0.004213
-0.002799
-0.000965
0.002272
0.004789
0.005194
0.005042
0.004876
0.003708
0.002727
0.003680
0.005184
0.005582
0.005904
0.006606
0.006273
0.004699
0.002842
0.000920
-0.000764
-0.001475
-0.001285
-0.000829
-0.000666
-0.001126
-0.001903
-0.002516
-0.003285
-0.004300
-0.004552
-0.003838
-0.002999
-0.001913
-0.000350
0.000567
0.000331
0.000061
0.000270
0.000308
0.000156
0.000454
0.001133
0.001710
0.002188
0.002563
0.002467
0.001901
0.001460
0.001561
0.001909
0.002053
0.002077
0.002190
0.002296
0.002312
0.002224
0.001966
0.001833
0.002095
0.002267
0.002015
0.001705
0.001414
0.001034
0.001007
0.001435
0.001852
0.001534
-0.001394
-0.008088
-0.016001
-0.020819
-0.021036
-0.018631
-0.015273
-0.010768
-0.005833
-0.002593
-0.000922
0.000828
0.001415
-0.000411
-0.001023
0.002784
0.008222
0.012436
0.016420
0.019546
0.019322
0.016682
0.013906
0.010216
0.004947
0.000468
-0.001253
-0.000695
0.000678
0.001268
0.000299
-0.001684
-0.004618
-0.008687
-0.012266
-0.014077
-0.015067
-0.014962
-0.011863
-0.006948
-0.003573
-0.002003
-0.000532
0.000383
-0.000106
-0.000414
0.000666
0.001892
0.002988
0.005504
0.008993
0.010986
0.010690
0.009293
0.007404
0.004937
0.002506
0.000949
0.000446
0.000521
0.000667
0.001086
0.001532
0.000455
-0.002136
-0.003916
-0.004339
-0.004807
-0.004882
-0.003506
-0.001841
-0.000906
0.000035
0.000831
0.000437
-0.000602
-0.001106
-0.000888
-0.000183
0.000720
0.001564
0.002359
0.002892
0.002687
0.002027
0.001393
0.000525
-0.000360
-0.000461
0.000042
0.000307
0.000347
0.000666
0.001023
0.000976
0.000766
0.000757
0.000893
0.001039
0.001271
0.001753
0.002392
0.002826
0.003085
0.003657
0.004411
0.004579
0.003934
0.003160
0.002739
0.002163
0.001238
0.000926
0.001378
0.000232
-0.004514
-0.011700
-0.019617
-0.026339
-0.027991
-0.024019
-0.019123
-0.014391
-0.006919
0.000596
0.003961
0.005952
0.008515
0.008354
0.007165
0.010355
0.015656
0.018454
0.020382
0.022449
0.021922
0.018690
0.014255
0.007911
0.000311
-0.005730
-0.009467
-0.010858
-0.009108
-0.006796
-0.007532
-0.009647
-0.011362
-0.015302
-0.019886
-0.019145
-0.014243
-0.010218
-0.005352
0.002089
0.007050
0.007938
0.009027
0.010062
0.008298
0.006321
0.006768
0.007631
0.007932
0.008566
0.008660
0.007378
0.005092
0.001715
-0.001894
-0.003801
-0.004498
-0.005242
-0.004740
-0.002700
-0.001758
-0.002314
-0.002188
-0.001855
-0.002720
-0.003361
-0.002599
-0.001490
-0.000502
0.000932
0.002415
0.003303
0.003643
0.003375
0.002718
0.002249
0.001751
0.000919
0.000403
0.000401
0.000055
-0.000698
-0.001179
-0.001727
-0.002734
-0.003442
-0.003444
-0.003234
-0.002930
-0.002167
-0.000926
0.000359
0.001446
0.002491
0.003506
0.004224
0.004489
0.004497
0.004567
0.004619
0.004348
0.003918
0.003615
0.003369
0.003081
0.002825
0.002770
0.002848
0.002568
0.001513
0.000011
-0.001166
-0.001688
-0.001683
-0.002628
-0.007622
-0.016737
-0.025289
-0.030032
-0.030944
-0.027294
-0.019218
-0.010092
-0.001862
0.006327
0.012950
0.015453
0.015142
0.014473
0.014120
0.015116
0.018017
0.020927
0.022228
0.021982
0.019661
0.014523
0.007373
-0.000964
-0.009916
-0.017075
-0.020284
-0.020363
-0.018730
-0.015840
-0.012719
-0.010465
-0.008895
-0.007841
-0.007670
-0.007602
-0.006117
-0.002709
0.002236
0.007857
0.012549
0.015226
0.016394
0.016481
0.014859
0.011339
0.007026
0.003027
-0.000202
-0.002248
-0.003264
-0.004227
-0.005643
-0.007242
-0.008979
-0.010637
-0.011468
-0.011282
-0.010234
-0.007789
-0.003500
0.001746
0.006498
0.009920
0.011691
0.011913
0.011000
0.009171
0.006581
0.003926
0.002107
0.001238
0.000633
-0.000309
-0.001795
-0.003745
-0.005581
-0.006668
-0.007053
-0.006860
-0.005851
-0.004250
-0.002492
-0.000631
0.000877
0.001451
0.001489
0.001646
0.002035
0.002495
0.002869
0.003178
0.003651
0.004402
0.005012
0.005125
0.004941
0.004465
0.003603
0.002760
0.002052
0.001026
-0.000261
-0.001316
-0.002016
-0.002348
-0.002249
-0.002071
-0.001875
-0.000923
0.000745
0.001897
0.002344
0.003197
0.004560
0.005702
0.004646
-0.002501
-0.015241
-0.026792
-0.032211
-0.032080
-0.028069
-0.019946
-0.008890
0.002217
0.011835
0.018424
0.020631
0.019125
0.015434
0.012106
0.012184
0.014942
0.016796
0.017310
0.017915
0.016957
0.012119
0.004272
-0.005017
-0.014744
-0.022394
-0.025802
-0.025019
-0.021208
-0.015994
-0.010294
-0.004140
0.001172
0.003587
0.003364
0.002594
0.002430
0.003278
0.005580
0.008913
0.012070
0.014311
0.015142
0.014158
0.011587
0.007158
0.000767
-0.005605
-0.009937
-0.012421
-0.013741
-0.013475
-0.011532
-0.008952
-0.006512
-0.004428
-0.003027
-0.002451
-0.002307
-0.001454
0.001376
0.005728
0.009870
0.013229
0.015936
0.016905
0.014999
0.010806
0.005536
0.000167
-0.004254
-0.007227
-0.008866
-0.009343
-0.009193
-0.008695
-0.007584
-0.006442
-0.005884
-0.005247
-0.003835
-0.001734
0.000674
0.003072
0.005120
0.006460
0.007034
0.006990
0.006406
0.005263
0.003687
0.002316
0.001719
0.001658
0.001579
0.001357
0.001156
0.000939
0.000610
0.000122
-0.000671
-0.001696
-0.002449
-0.002612
-0.002454
-0.002161
-0.001810
-0.001504
-0.000867
0.000187
0.001108
0.002194
0.004436
0.007288
0.009136
0.009645
0.009474
0.008936
0.008255
0.006707
0.000388
-0.013083
-0.028578
-0.039132
-0.042601
-0.039818
-0.031647
-0.019463
-0.005552
0.007845
0.018384
0.024371
0.025675
0.023029
0.018922
0.017083
0.018033
0.019019
0.019044
0.018950
0.017925
0.014060
0.006683
-0.003373
-0.014490
-0.024500
-0.031029
-0.032624
-0.029563
-0.023523
-0.015915
-0.007085
0.001674
0.007772
0.010194
0.010294
0.009727
0.009408
0.009727
0.010649
0.012051
0.013518
0.014240
0.013541
0.010960
0.006277
-0.000314
-0.007839
-0.014616
-0.019093
-0.020884
-0.020409
-0.017635
-0.012707
-0.006934
-0.001889
0.001630
0.003687
0.005002
0.005936
0.006529
0.007633
0.009954
0.012793
0.014867
0.015505
0.014264
0.010607
0.004915
-0.001354
-0.006870
-0.011110
-0.013743
-0.014391
-0.013096
-0.010515
-0.007739
-0.005479
-0.003567
-0.001837
-0.000587
0.000426
0.001935
0.003863
0.005572
0.006965
0.008067
0.008507
0.008010
0.006623
0.004650
0.002639
0.000963
-0.000401
-0.001365
-0.001694
-0.001619
-0.001568
-0.001492
-0.001373
-0.001577
-0.002134
-0.002688
-0.003049
-0.003210
-0.003043
-0.002253
-0.000719
0.001070
0.002380
0.003231
0.004181
0.005092
0.005575
0.006319
0.007668
0.008601
0.008592
0.007712
0.006146
0.004807
0.004118
0.001887
-0.005889
-0.019603
-0.034055
-0.043976
-0.046832
-0.041714
-0.030100
-0.015396
0.000280
0.015842
0.028145
0.034075
0.033908
0.029624
0.023694
0.019267
0.017398
0.016216
0.014598
0.012752
0.010010
0.005336
-0.001797
-0.011458
-0.022350
-0.031435
-0.036060
-0.035645
-0.030628
-0.021950
-0.011205
0.000154
0.010478
0.017700
0.020796
0.020373
0.017925
0.015106
0.012920
0.011489
0.010567
0.009823
0.008616
0.006142
0.002377
-0.002363
-0.008412
-0.015327
-0.021024
-0.023792
-0.023571
-0.020682
-0.015324
-0.008463
-0.001462
0.004621
0.008854
0.010868
0.011369
0.011465
0.012053
0.013388
0.014667
0.014779
0.013412
0.010839
0.006936
0.001456
-0.004788
-0.010309
-0.014048
-0.015494
-0.014770
-0.012585
-0.009720
-0.006602
-0.003390
-0.000398
0.001825
0.002967
0.003529
0.004277
0.005246
0.006049
0.006572
0.006829
0.006738
0.006231
0.005274
0.003864
0.002059
0.000097
-0.001425
-0.002117
-0.002300
-0.002305
-0.002056
-0.001559
-0.001108
-0.000957
-0.001186
-0.001767
-0.002455
-0.002876
-0.002690
-0.001676
-0.000026
0.001683
0.003138
0.004541
0.005784
0.006332
0.006086
0.005726
0.006129
0.007169
0.007633
0.006485
0.004114
0.002053
0.000851
-0.000461
-0.003502
-0.010247
-0.020767
-0.031886
-0.039933
-0.041820
-0.035456
-0.022909
-0.008832
0.005436
0.020015
0.031134
0.035342
0.034140
0.029713
0.023247
0.017247
0.013273
0.010503
0.008120
0.005470
0.001858
-0.002478
-0.007717
-0.015029
-0.023508
-0.029777
-0.031815
-0.029704
-0.023563
-0.014001
-0.002956
0.007585
0.016301
0.022147
0.024316
0.022732
0.018657
0.014210
0.010729
0.008037
0.005537
0.003228
0.001001
-0.002019
-0.006066
-0.010233
-0.014305
-0.018612
-0.021918
-0.022307
-0.019595
-0.014591
-0.008006
-0.001033
0.005462
0.011361
0.015627
0.017133
0.016881
0.016267
0.015239
0.013753
0.011908
0.009127
0.005418
0.001531
-0.002548
-0.006811
-0.010407
-0.012986
-0.014309
-0.013625
-0.011296
-0.008561
-0.005573
-0.002232
0.000721
0.003007
0.004714
0.005391
0.005117
0.004740
0.004489
0.004159
0.003850
0.003517
0.003109
0.002873
0.002731
0.002133
0.000998
-0.000110
-0.000830
-0.001167
-0.001216
-0.001159
-0.001196
-0.001281
-0.001327
-0.001541
-0.002023
-0.002579
-0.002964
-0.002897
-0.002102
-0.000552
0.001464
0.003515
0.005239
0.006476
0.007140
0.007087
0.006261
0.005027
0.004069
0.003614
0.003366
0.002753
0.001358
-0.000298
-0.001450
-0.001857
-0.002368
-0.005423
-0.012326
-0.021218
-0.030285
-0.037509
-0.037385
-0.027368
-0.013515
-0.000966
0.011862
0.024256
0.031446
0.032537
0.029448
0.023388
0.016845
0.011908
0.008465
0.006657
0.005704
0.002967
-0.001618
-0.005879
-0.010608
-0.017600
-0.024620
-0.028211
-0.027583
-0.022991
-0.014896
-0.004724
0.005670
0.014345
0.019956
0.022534
0.022279
0.018970
0.013659
0.008784
0.005659
0.003438
0.000923
-0.001776
-0.004348
-0.007427
-0.011014
-0.014199
-0.016860
-0.018886
-0.019201
-0.017215
-0.012862
-0.006206
0.001098
0.007235
0.012462
0.016527
0.017964
0.017286
0.015850
0.013659
0.011154
0.008840
0.005932
0.002512
-0.000529
-0.003644
-0.006922
-0.009261
-0.010707
-0.011651
-0.011294
-0.009427
-0.006905
-0.004038
-0.001152
0.001053
0.002707
0.003940
0.004178
0.003663
0.003211
0.002797
0.002330
0.002201
0.002404
0.002536
0.002481
0.002259
0.001835
0.001287
0.000598
-0.000312
-0.001136
-0.001502
-0.001602
-0.001800
-0.002036
-0.002093
-0.001984
-0.001844
-0.001842
-0.001867
-0.001518
-0.000744
0.000270
0.001633
0.003360
0.004894
0.005750
0.006106
0.006201
0.005889
0.004914
0.003281
0.001538
0.000428
-0.000108
-0.000869
-0.001614
-0.001514
-0.001203
-0.001403
-0.001136
-0.000689
-0.003196
-0.009086
-0.014794
-0.020260
-0.027593
-0.031490
-0.025036
-0.012246
-0.000882
0.008994
0.018869
0.025615
0.027029
0.024253
0.019139
0.013923
0.009519
0.005396
0.003156
0.003767
0.003295
-0.000905
-0.005669
-0.009093
-0.013377
-0.018620
-0.021761
-0.021100
-0.016871
-0.009981
-0.001885
0.006305
0.013392
0.017503
0.018224
0.017085
0.014735
0.010637
0.005930
0.002891
0.001446
-0.000412
-0.003239
-0.005830
-0.007766
-0.009802
-0.012129
-0.014029
-0.014477
-0.013002
-0.010277
-0.006598
-0.001336
0.004497
0.008609
0.011182
0.013845
0.015844
0.015618
0.013668
0.011163
0.008573
0.005835
0.002507
-0.000959
-0.003383
-0.005093
-0.007081
-0.008622
-0.008827
-0.008431
-0.007998
-0.006907
-0.004784
-0.002164
0.000069
0.001353
0.002093
0.002869
0.003165
0.002467
0.001583
0.001315
0.001310
0.001298
0.001573
0.002028
0.002213
0.001968
0.001473
0.001087
0.000937
0.000632
0.000058
-0.000272
-0.000212
-0.000203
-0.000424
-0.000591
-0.000641
-0.000927
-0.001390
-0.001495
-0.001161
-0.000636
0.000087
0.001037
0.002118
0.003202
0.004051
0.004519
0.004662
0.004210
0.002946
0.001412
0.000046
-0.001202
-0.002081
-0.002536
-0.003023
-0.003015
-0.001594
0.000598
0.002356
0.002900
0.001096
-0.003064
-0.007627
-0.011829
-0.017182
-0.023024
-0.024167
-0.017321
-0.006334
0.003270
0.010371
0.015664
0.018235
0.017504
0.014676
0.011314
0.008363
0.005985
0.004343
0.004320
0.005350
0.004379
0.000300
-0.004496
-0.008476
-0.012086
-0.015057
-0.016104
-0.014500
-0.010292
-0.004432
0.001498
0.006708
0.010588
0.012042
0.011339
0.010082
0.008705
0.006635
0.004373
0.002683
0.001130
-0.000749
-0.002686
-0.004680
-0.006935
-0.009114
-0.010783
-0.011377
-0.010230
-0.007823
-0.005163
-0.002250
0.000957
0.003816
0.006283
0.008731
0.010708
0.011502
0.011067
0.009806
0.008170
0.006209
0.003611
0.000704
-0.001698
-0.003453
-0.004845
-0.005925
-0.006604
-0.006765
-0.006347
-0.005419
-0.004082
-0.002498
-0.001027
-0.000056
0.000453
0.000834
0.001064
0.000881
0.000397
0.000073
0.000249
0.000809
0.001384
0.001750
0.001838
0.001722
0.001553
0.001372
0.001181
0.000949
0.000720
0.000684
0.000895
0.001103
0.000940
0.000359
-0.000427
-0.001245
-0.001844
-0.002046
-0.001894
-0.001438
-0.000745
0.000075
0.000929
0.001713
0.002312
0.002785
0.003105
0.003056
0.002601
0.001759
0.000789
0.000142
-0.000359
-0.001072
-0.001764
-0.002265
-0.002541
-0.001901
0.000081
0.002374
0.003374
0.001899
-0.002117
-0.007064
-0.011119
-0.014393
-0.017441
-0.018345
-0.014517
-0.006720
0.001363
0.007160
0.010596
0.011957
0.011339
0.009525
0.007693
0.006717
0.006492
0.006271
0.005961
0.005889
0.005178
0.002517
-0.001602
-0.005703
-0.008980
-0.010966
-0.011335
-0.010123
-0.007407
-0.003489
0.000493
0.003531
0.005555
0.006428
0.006122
0.005394
0.004770
0.004022
0.003185
0.002372
0.001063
-0.000622
-0.001928
-0.003120
-0.005002
-0.007269
-0.009016
-0.009512
-0.008188
-0.005466
-0.002217
0.001262
0.004508
0.006551
0.007153
0.006958
0.006382
0.005713
0.005211
0.004889
0.004751
0.004531
0.003689
0.002050
-0.000008
-0.001942
-0.003376
-0.004182
-0.004394
-0.003994
-0.003030
-0.001933
-0.001207
-0.000894
-0.000820
-0.001030
-0.001539
-0.002020
-0.002203
-0.002071
-0.001603
-0.000874
-0.000039
0.000788
0.001434
0.001746
0.001843
0.001974
0.002143
0.002236
0.002276
0.002268
0.002148
0.001926
0.001701
0.001488
0.001102
0.000478
-0.000135
-0.000560
-0.000934
-0.001331
-0.001523
-0.001352
-0.000856
-0.000129
0.000610
0.001084
0.001378
0.001686
0.001838
0.001761
0.001535
0.001210
0.000919
0.000738
0.000410
-0.000083
-0.000110
0.000412
0.000937
0.001299
0.001629
0.001930
0.001600
-0.000417
-0.003998
-0.007435
-0.010665
-0.015343
-0.019218
-0.017195
-0.009062
0.000035
0.006056
0.008452
0.008649
0.008716
0.008803
0.007960
0.006911
0.006256
0.005197
0.003949
0.003613
0.003338
0.001916
-0.000213
-0.002795
-0.005321
-0.006578
-0.006729
-0.006731
-0.005986
-0.003683
-0.000876
0.001511
0.003486
0.004533
0.004458
0.003952
0.003194
0.002041
0.001251
0.001195
0.000988
0.000091
-0.001146
-0.002261
-0.003050
-0.003741
-0.004753
-0.005654
-0.005388
-0.003861
-0.001954
-0.000170
0.001639
0.003239
0.003976
0.003845
0.003599
0.003647
0.003728
0.003723
0.003649
0.003508
0.003334
0.002850
0.001795
0.000536
-0.000285
-0.000725
-0.001142
-0.001427
-0.001455
-0.001294
-0.001042
-0.000916
-0.001109
-0.001532
-0.002049
-0.002525
-0.002747
-0.002714
-0.002493
-0.002020
-0.001314
-0.000472
0.000396
0.001104
0.001540
0.001750
0.001907
0.002133
0.002369
0.002602
0.002795
0.002787
0.002550
0.002242
0.001826
0.001089
0.000204
-0.000460
-0.000841
-0.001130
-0.001466
-0.001719
-0.001704
-0.001415
-0.000960
-0.000502
-0.000128
0.000257
0.000703
0.001129
0.001435
0.001589
0.001606
0.001520
0.001407
0.001214
0.000923
0.000795
0.000925
0.000853
0.000340
-0.000238
-0.000525
-0.000561
-0.001025
-0.002472
-0.004420
-0.006004
-0.006939
-0.007385
-0.007370
-0.007019
-0.006385
-0.005079
-0.002870
-0.000240
0.002065
0.003712
0.004584
0.004860
0.004840
0.004525
0.004128
0.003861
0.003443
0.002669
0.001804
0.000966
0.000022
-0.000823
-0.001462
-0.002064
-0.002529
-0.002609
-0.002302
-0.001656
-0.000637
0.000368
0.000872
0.001034
0.001144
0.001172
0.001117
0.000928
0.000438
-0.000268
-0.000883
-0.001305
-0.001650
-0.001933
-0.002086
-0.002232
-0.002502
-0.002682
-0.002414
-0.001485
-0.000043
0.001263
0.001860
0.001886
0.001804
0.001744
0.001772
0.002068
0.002483
0.002677
0.002624
0.002467
0.002226
0.001981
0.001801
0.001564
0.001187
0.000843
0.000627
0.000380
0.000085
-0.000286
-0.000843
-0.001479
-0.002041
-0.002485
-0.002763
-0.002833
-0.002776
-0.002687
-0.002597
-0.002381
-0.001820
-0.001005
-0.000240
0.000424
0.001147
0.001832
0.002277
0.002616
0.002935
0.003000
0.002712
0.002272
0.001818
0.001363
0.000953
0.000543
0.000020
-0.000475
-0.000758
-0.000923
-0.001014
-0.000954
-0.000781
-0.000549
-0.000254
0.000100
0.000458
0.000676
0.000674
0.000525
0.000309
0.000135
0.000104
0.000180
0.000245
0.000175
-0.000074
-0.000379
-0.000515
-0.000433
-0.000448
-0.000912
-0.001838
-0.002941
-0.003881
-0.004453
-0.004521
-0.004196
-0.003870
-0.003650
-0.003239
-0.002305
-0.001018
0.000228
0.001288
0.001990
0.002206
0.002055
0.001876
0.001872
0.001949
0.002027
0.002024
0.001831
0.001435
0.000966
0.000582
0.000291
0.000106
0.000052
-0.000008
-0.000120
-0.000038
0.000305
0.000634
0.000804
0.000768
0.000457
0.000002
-0.000396
-0.000759
-0.001222
-0.001801
-0.002413
-0.002804
-0.002627
-0.001821
-0.000671
0.000363
0.000931
0.000989
0.000705
0.000407
0.000370
0.000664
0.001198
0.001775
0.002121
0.002102
0.001939
0.001798
0.001726
0.001766
0.001840
0.001840
0.001842
0.001977
0.002115
0.002207
0.002249
0.001979
0.001337
0.000586
-0.000154
-0.000900
-0.001575
-0.002089
-0.002366
-0.002466
-0.002509
-0.002496
-0.002383
-0.002145
-0.001871
-0.001649
-0.001406
-0.000981
-0.000323
0.000423
0.001092
0.001637
0.001985
0.002118
0.002110
0.001935
0.001583
0.001204
0.001016
0.000988
0.000900
0.000706
0.000512
0.000383
0.000335
0.000354
0.000354
0.000287
0.000197
0.000166
0.000204
0.000229
0.000259
0.000295
0.000207
0.000035
-0.000069
-0.000128
-0.000166
-0.000178
-0.000201
-0.000187
-0.000103
0.000047
0.000167
0.000039
-0.000484
-0.001374
-0.002375
-0.003287
-0.003974
-0.004197
-0.003976
-0.003536
-0.003068
-0.002599
-0.001967
-0.001171
-0.000399
0.000225
0.000771
0.001172
0.001241
0.001201
0.001250
0.001318
0.001442
0.001668
0.001838
0.001697
0.001283
0.000870
0.000614
0.000587
0.000750
0.000864
0.000820
0.000789
0.000819
0.000751
0.000585
0.000374
0.000051
-0.000396
-0.000927
-0.001584
-0.002238
-0.002621
-0.002611
-0.002072
-0.001158
-0.000337
0.000159
0.000312
0.000255
0.000150
0.000146
0.000347
0.000634
0.000897
0.001144
0.001375
0.001544
0.001648
0.001727
0.001796
0.001879
0.002005
0.002077
0.001971
0.001827
0.001749
0.001678
0.001631
0.001531
0.001216
0.000675
-0.000006
-0.000667
-0.001158
-0.001508
-0.001810
-0.002119
-0.002352
-0.002374
-0.002219
-0.001975
-0.001709
-0.001510
-0.001420
-0.001290
-0.000992
-0.000579
-0.000121
0.000352
0.000808
0.001146
0.001315
0.001361
0.001247
0.000963
0.000677
0.000498
0.000449
0.000533
0.000653
0.000693
0.000604
0.000493
0.000545
0.000722
0.000779
0.000641
0.000447
0.000309
0.000202
0.000077
0.000036
0.000097
0.000173
0.000241
0.000177
-0.000068
-0.000350
-0.000511
-0.000471
-0.000365
-0.000435
-0.000821
-0.001516
-0.002416
-0.003343
-0.004088
-0.004508
-0.004582
-0.004367
-0.003830
-0.002918
-0.001828
-0.000913
-0.000311
0.000134
0.000580
0.000997
0.001305
0.001383
0.001246
0.001196
0.001364
0.001520
0.001527
0.001548
0.001588
0.001560
0.001523
0.001407
0.001117
0.000798
0.000666
0.000673
0.000683
0.000750
0.000883
0.000882
0.000646
0.000217
-0.000438
-0.001274
-0.002000
-0.002380
-0.002397
-0.002159
-0.001836
-0.001589
-0.001466
-0.001423
-0.001467
-0.001430
-0.001072
-0.000483
0.000149
0.000762
0.001251
0.001535
0.001756
0.002075
0.002410
0.002618
0.002731
0.002754
0.002580
0.002302
0.002048
0.001793
0.001537
0.001225
0.000804
0.000382
0.000018
-0.000323
-0.000580
-0.000718
-0.000848
-0.001073
-0.001373
-0.001660
-0.001705
-0.001489
-0.001357
-0.001334
-0.001182
-0.000971
-0.000951
-0.001065
-0.001056
-0.000831
-0.000446
-0.000010
0.000397
0.000752
0.001049
0.001242
0.001291
0.001242
0.001155
0.001029
0.000846
0.000611
0.000347
0.000195
0.000303
0.000512
0.000568
0.000489
0.000418
0.000357
0.000237
0.000119
0.000159
0.000340
0.000536
0.000730
0.000846
0.000785
0.000623
0.000463
0.000268
-0.000076
-0.000613
-0.001289
-0.002005
-0.002643
-0.003152
-0.003506
-0.003596
-0.003329
-0.002806
-0.002297
-0.001989
-0.001748
-0.001357
-0.000856
-0.000373
0.000078
0.000559
0.001063
0.001494
0.001679
0.001470
0.001083
0.000981
0.001209
0.001505
0.001817
0.002126
0.002252
0.002142
0.001902
0.001472
0.000858
0.000325
0.000033
-0.000072
-0.000124
-0.000192
-0.000246
-0.000300
-0.000409
-0.000654
-0.001075
-0.001516
-0.001734
-0.001672
-0.001447
-0.001227
-0.001066
-0.000888
-0.000709
-0.000566
-0.000416
-0.000241
-0.000003
0.000354
0.000697
0.000987
0.001315
0.001663
0.002003
0.002265
0.002460
0.002639
0.002678
0.002492
0.002186
0.001788
0.001302
0.000912
0.000671
0.000417
0.000091
-0.000266
-0.000614
-0.000856
-0.000988
-0.001077
-0.001109
-0.001034
-0.000854
-0.000701
-0.000650
-0.000633
-0.000591
-0.000539
-0.000521
-0.000505
-0.000428
-0.000321
-0.000205
-0.000068
0.000046
0.000137
0.000259
0.000462
0.000730
0.000993
0.001220
0.001347
0.001396
0.001474
0.001467
0.001185
0.000769
0.000535
0.000498
0.000475
0.000358
0.000161
0.000019
0.000013
0.000015
-0.000037
-0.000069
-0.000033
0.000087
0.000259
0.000382
0.000267
-0.000033
-0.000230
-0.000459
-0.001119
-0.002155
-0.003140
-0.003670
-0.003639
-0.003339
-0.002965
-0.002545
-0.002282
-0.002261
-0.002291
-0.002200
-0.002001
-0.001551
-0.000762
0.000002
0.000510
0.000857
0.001127
0.001415
0.001786
0.002267
0.002727
0.003014
0.003184
0.003141
0.002744
0.002214
0.001791
0.001473
0.001190
0.000865
0.000410
-0.000118
-0.000547
-0.000833
-0.001069
-0.001326
-0.001558
-0.001706
-0.001842
-0.002005
-0.002159
-0.002207
-0.002102
-0.002023
-0.002040
-0.002055
-0.001839
-0.001224
-0.000409
0.000306
0.000752
0.001038
0.001300
0.001450
0.001451
0.001460
0.001667
0.002105
0.002505
0.002545
0.002320
0.002128
0.001962
0.001687
0.001400
0.001183
0.000962
0.000681
0.000287
-0.000221
-0.000703
-0.001016
-0.001175
-0.001246
-0.001295
-0.001353
-0.001311
-0.001162
-0.001017
-0.000954
-0.001018
-0.001144
-0.001258
-0.001311
-0.001235
-0.000994
-0.000589
-0.000108
0.000268
0.000475
0.000585
0.000624
0.000656
0.000741
0.000838
0.000958
0.001159
0.001393
0.001569
0.001630
0.001607
0.001562
0.001485
0.001346
0.001163
0.000972
0.000791
0.000600
0.000397
0.000219
0.000038
-0.000156
-0.000267
-0.000289
-0.000261
-0.000273
-0.000495
-0.000926
-0.001552
-0.002359
-0.003128
-0.003586
-0.003627
-0.003462
-0.003325
-0.003169
-0.003075
-0.003210
-0.003307
-0.002973
-0.002280
-0.001492
-0.000719
-0.000160
0.000004
-0.000028
0.000119
0.000536
0.001117
0.001880
0.002775
0.003473
0.003704
0.003543
0.003195
0.002902
0.002808
0.002691
0.002325
0.001831
0.001333
0.000842
0.000406
0.000146
-0.000052
-0.000483
-0.001058
-0.001613
-0.002227
-0.002823
-0.003145
-0.003098
-0.002795
-0.002424
-0.002147
-0.001930
-0.001656
-0.001334
-0.001000
-0.000587
-0.000141
0.000285
0.000670
0.000979
0.001288
0.001585
0.001822
0.001985
0.002076
0.002012
0.001729
0.001475
0.001470
0.001614
0.001717
0.001692
0.001479
0.001128
0.000722
0.000314
0.000040
-0.000021
0.000023
-0.000006
-0.000150
-0.000390
-0.000646
-0.000757
-0.000692
-0.000630
-0.000696
-0.000780
-0.000801
-0.000792
-0.000771
-0.000673
-0.000475
-0.000277
-0.000148
-0.000089
0.000013
0.000246
0.000541
0.000846
0.001078
0.001134
0.001073
0.001061
0.001191
0.001323
0.001365
0.001455
0.001594
0.001711
0.001732
0.001596
0.001397
0.001220
0.001081
0.000900
0.000616
0.000334
0.000139
0.000019
-0.000086
-0.000144
-0.000104
-0.000045
-0.000065
-0.000213
-0.000585
-0.001285
-0.002188
-0.003017
-0.003515
-0.003609
-0.003416
-0.003016
-0.002620
-0.002487
-0.002677
-0.003052
-0.003198
-0.002774
-0.001865
-0.000864
-0.000163
0.000092
-0.000040
-0.000236
-0.000114
0.000418
0.001264
0.002206
0.002958
0.003276
0.003180
0.002926
0.002701
0.002659
0.002735
0.002664
0.002370
0.001903
0.001347
0.000837
0.000474
0.000233
0.000000
-0.000355
-0.000898
-0.001506
-0.002029
-0.002409
-0.002555
-0.002450
-0.002229
-0.002014
-0.001885
-0.001805
-0.001691
-0.001479
-0.001087
-0.000506
0.000119
0.000533
0.000727
0.000852
0.000945
0.001140
0.001486
0.001729
0.001657
0.001470
0.001393
0.001342
0.001321
0.001425
0.001572
0.001594
0.001429
0.001079
0.000619
0.000213
0.000027
0.000099
0.000287
0.000375
0.000260
0.000075
-0.000040
-0.000095
-0.000138
-0.000166
-0.000194
-0.000340
-0.000586
-0.000766
-0.000803
-0.000746
-0.000639
-0.000511
-0.000471
-0.000514
-0.000474
-0.000289
-0.000010
0.000265
0.000450
0.000558
0.000643
0.000710
0.000730
0.000761
0.000867
0.000974
0.001054
0.001144
0.001186
0.001193
0.001192
0.001128
0.001015
0.000861
0.000666
0.000498
0.000405
0.000392
0.000420
0.000361
0.000167
-0.000104
-0.000390
-0.000590
-0.000714
-0.000919
-0.001389
-0.002212
-0.003133
-0.003726
-0.003858
-0.003668
-0.003264
-0.002823
-0.002622
-0.002765
-0.003160
-0.003371
-0.002988
-0.002155
-0.001236
-0.000516
-0.000173
-0.000251
-0.000435
-0.000339
0.000093
