5920
-0.000057
-0.000028
0.000093
0.000230
0.000248
0.000127
-0.000037
-0.000122
-0.000106
-0.000081
-0.000085
-0.000048
0.000008
-0.000014
-0.000077
-0.000074
-0.000036
-0.000063
-0.000123
-0.000074
0.000118
0.000277
0.000247
0.000105
0.000022
0.000040
0.000062
0.000000
-0.000105
-0.000142
-0.000073
0.000014
0.000037
-0.000006
-0.000076
-0.000117
-0.000080
-0.000024
-0.000048
-0.000134
-0.000176
-0.000146
-0.000100
-0.000062
-0.000019
0.000007
-0.000012
-0.000061
-0.000090
-0.000042
0.000077
0.000196
0.000276
0.000302
0.000256
0.000158
0.000066
0.000040
0.000101
0.000175
0.000151
0.000030
-0.000108
-0.000215
-0.000258
-0.000235
-0.000176
-0.000113
-0.000074
-0.000075
-0.000077
-0.000049
0.000003
0.000097
0.000209
0.000230
0.000148
0.000090
0.000092
0.000041
-0.000085
-0.000159
-0.000138
-0.000077
0.000008
0.000086
0.000099
0.000057
0.000006
-0.000050
-0.000093
-0.000089
-0.000053
-0.000009
0.000056
0.000125
0.000144
0.000093
0.000000
-0.000090
-0.000162
-0.000203
-0.000145
0.000014
0.000145
0.000158
0.000098
0.000046
0.000017
-0.000002
-0.000005
0.000001
-0.000039
-0.000124
-0.000159
-0.000103
-0.000021
0.000055
0.000129
0.000135
0.000041
-0.000027
0.000041
0.000138
0.000123
0.000027
-0.000037
-0.000025
0.000022
0.000037
0.000007
-0.000026
-0.000039
-0.000053
-0.000077
-0.000089
-0.000087
-0.000097
-0.000101
-0.000064
-0.000016
0.000001
-0.000003
-0.000018
-0.000033
0.000001
0.000100
0.000196
0.000233
0.000178
0.000040
-0.000071
-0.000090
-0.000080
-0.000057
0.000021
0.000096
0.000071
-0.000028
-0.000083
-0.000074
-0.000106
-0.000197
-0.000219
-0.000122
0.000003
0.000041
-0.000027
-0.000083
-0.000030
0.000067
0.000101
0.000079
0.000078
0.000126
0.000167
0.000154
0.000132
0.000107
0.000000
-0.000171
-0.000248
-0.000168
-0.000049
-0.000019
-0.000079
-0.000128
-0.000099
-0.000037
0.000022
0.000110
0.000210
0.000251
0.000229
0.000181
0.000125
0.000083
0.000068
0.000082
0.000092
0.000050
-0.000039
-0.000120
-0.000188
-0.000253
-0.000251
-0.000153
-0.000057
-0.000031
0.000008
0.000096
0.000113
0.000029
-0.000026
0.000018
0.000074
0.000063
0.000026
0.000025
0.000038
0.000010
-0.000041
-0.000053
-0.000026
-0.000021
-0.000045
-0.000078
-0.000122
-0.000148
-0.000122
-0.000070
-0.000035
0.000002
0.000075
0.000132
0.000091
-0.000031
-0.000129
-0.000142
-0.000062
0.000083
0.000205
0.000224
0.000158
0.000078
0.000012
-0.000063
-0.000127
-0.000156
-0.000159
-0.000104
0.000015
0.000091
0.000059
0.000018
0.000066
0.000151
0.000161
0.000082
0.000024
0.000076
0.000158
0.000128
0.000003
-0.000099
-0.000135
-0.000133
-0.000120
-0.000106
-0.000078
-0.000036
-0.000030
-0.000106
-0.000208
-0.000211
-0.000093
0.000073
0.000210
0.000255
0.000189
0.000085
0.000016
-0.000027
-0.000067
-0.000055
0.000019
0.000083
0.000105
0.000067
-0.000041
-0.000136
-0.000128
-0.000048
0.000021
0.000032
0.000002
-0.000022
-0.000040
-0.000077
-0.000094
-0.000061
-0.000025
-0.000036
-0.000056
-0.000022
0.000047
0.000105
0.000159
0.000214
0.000236
0.000171
0.000032
-0.000067
-0.000055
0.000018
0.000081
0.000083
0.000010
-0.000071
-0.000107
-0.000113
-0.000092
-0.000030
0.000029
0.000030
-0.000028
-0.000103
-0.000149
-0.000148
-0.000111
-0.000056
0.000005
0.000078
0.000153
0.000159
0.000063
-0.000043
-0.000085
-0.000070
0.000027
0.000192
0.000287
0.000226
0.000087
-0.000009
-0.000026
-0.000011
-0.000019
-0.000076
-0.000160
-0.000216
-0.000210
-0.000159
-0.000104
-0.000060
-0.000025
-0.000039
-0.000112
-0.000129
-0.000051
-0.000017
-0.000071
-0.000073
0.000041
0.000154
0.000157
0.000084
0.000026
0.000010
0.000033
0.000090
0.000149
0.000175
0.000162
0.000123
0.000096
0.000095
0.000080
0.000027
-0.000034
-0.000084
-0.000147
-0.000190
-0.000154
-0.000069
-0.000017
-0.000034
-0.000091
-0.000132
-0.000124
-0.000046
0.000094
0.000195
0.000162
0.000061
0.000007
-0.000014
-0.000044
-0.000034
0.000044
0.000093
0.000059
0.000019
0.000009
-0.000003
0.000006
0.000055
0.000087
0.000046
-0.000031
-0.000039
0.000049
0.000117
0.000046
-0.000114
-0.000202
-0.000174
-0.000150
-0.000179
-0.000170
-0.000098
-0.000044
-0.000032
-0.000015
0.000016
0.000064
0.000167
0.000299
0.000349
0.000285
0.000164
0.000027
-0.000063
-0.000067
-0.000067
-0.000127
-0.000164
-0.000120
-0.000061
-0.000007
0.000055
0.000086
0.000078
0.000030
-0.000079
-0.000139
-0.000033
0.000106
0.000082
-0.000065
-0.000162
-0.000147
-0.000085
-0.000048
-0.000031
0.000015
0.000082
0.000129
0.000153
0.000134
0.000043
-0.000071
-0.000113
-0.000050
0.000048
0.000086
0.000054
0.000019
0.000006
-0.000008
-0.000027
-0.000052
-0.000057
-0.000007
0.000045
0.000024
-0.000040
-0.000087
-0.000096
-0.000067
0.000002
0.000092
0.000150
0.000124
0.000044
-0.000019
-0.000047
-0.000067
-0.000085
-0.000064
0.000012
0.000071
0.000037
-0.000054
-0.000112
-0.000081
0.000034
0.000128
0.000063
-0.000115
-0.000209
-0.000158
-0.000082
-0.000072
-0.000086
-0.000048
0.000039
0.000120
0.000150
0.000124
0.000105
0.000138
0.000177
0.000167
0.000137
0.000140
0.000171
0.000179
0.000139
0.000059
-0.000016
-0.000033
-0.000034
-0.000127
-0.000291
-0.000366
-0.000292
-0.000201
-0.000181
-0.000139
-0.000032
0.000023
-0.000003
0.000011
0.000077
0.000104
0.000109
0.000135
0.000136
0.000088
0.000038
0.000014
0.000019
0.000070
0.000130
0.000114
0.000014
-0.000084
-0.000125
-0.000110
-0.000046
0.000034
0.000047
-0.000055
-0.000206
-0.000288
-0.000264
-0.000183
-0.000068
0.000071
0.000191
0.000228
0.000159
0.000048
0.000009
0.000078
0.000164
0.000170
0.000106
0.000048
0.000024
-0.000005
-0.000064
-0.000118
-0.000121
-0.000083
-0.000053
-0.000054
-0.000059
-0.000037
0.000007
0.000048
0.000065
0.000057
0.000046
0.000047
0.000034
-0.000037
-0.000134
-0.000180
-0.000133
-0.000012
0.000138
0.000229
0.000189
0.000057
-0.000062
-0.000113
-0.000086
0.000014
0.000112
0.000096
-0.000016
-0.000069
-0.000018
0.000028
0.000043
0.000080
0.000070
-0.000044
-0.000123
-0.000097
-0.000089
-0.000144
-0.000158
-0.000096
-0.000057
-0.000093
-0.000077
0.000100
0.000281
0.000248
0.000078
-0.000003
0.000021
0.000016
-0.000019
-0.000021
-0.000006
-0.000019
-0.000061
-0.000077
-0.000036
0.000019
0.000050
0.000056
0.000023
-0.000021
-0.000015
0.000027
0.000043
0.000040
0.000056
0.000067
0.000030
-0.000016
-0.000001
0.000032
-0.000007
-0.000082
-0.000085
-0.000001
0.000065
0.000029
-0.000051
-0.000063
-0.000045
-0.000099
-0.000127
0.000018
0.000223
0.000268
0.000147
0.000022
-0.000004
0.000033
0.000050
0.000010
-0.000064
-0.000115
-0.000120
-0.000116
-0.000116
-0.000110
-0.000114
-0.000126
-0.000111
-0.000057
-0.000006
-0.000008
-0.000057
-0.000097
-0.000098
-0.000072
-0.000019
0.000075
0.000143
0.000080
-0.000052
-0.000054
0.000119
0.000288
0.000330
0.000296
0.000240
0.000145
0.000019
-0.000091
-0.000163
-0.000186
-0.000158
-0.000100
-0.000057
-0.000069
-0.000107
-0.000097
-0.000054
-0.000062
-0.000110
-0.000119
-0.000078
-0.000007
0.000085
0.000184
0.000248
0.000210
0.000081
0.000020
0.000113
0.000207
0.000172
0.000095
0.000072
0.000049
-0.000026
-0.000090
-0.000105
-0.000109
-0.000119
-0.000118
-0.000113
-0.000109
-0.000075
-0.000015
0.000020
0.000009
-0.000038
-0.000099
-0.000126
-0.000110
-0.000078
-0.000031
0.000009
-0.000009
-0.000064
-0.000081
-0.000045
-0.000008
0.000030
0.000116
0.000226
0.000262
0.000190
0.000111
0.000097
0.000092
0.000066
0.000050
0.000042
0.000046
0.000076
0.000081
0.000010
-0.000088
-0.000136
-0.000139
-0.000122
-0.000077
-0.000056
-0.000115
-0.000143
-0.000036
0.000081
0.000069
-0.000015
-0.000085
-0.000132
-0.000140
-0.000090
-0.000027
-0.000028
-0.000081
-0.000089
-0.000021
0.000048
0.000086
0.000105
0.000101
0.000098
0.000110
0.000116
0.000101
0.000091
0.000109
0.000124
0.000095
0.000060
0.000076
0.000097
0.000025
-0.000131
-0.000258
-0.000302
-0.000287
-0.000236
-0.000148
-0.000045
0.000047
0.000128
0.000180
0.000154
0.000072
0.000016
-0.000002
0.000000
0.000062
0.000158
0.000163
0.000012
-0.000186
-0.000283
-0.000257
-0.000198
-0.000153
-0.000108
-0.000043
0.000053
0.000172
0.000244
0.000203
0.000114
0.000105
0.000157
0.000162
0.000151
0.000175
0.000165
0.000083
0.000005
-0.000017
-0.000006
-0.000031
-0.000138
-0.000249
-0.000252
-0.000185
-0.000156
-0.000169
-0.000137
-0.000027
0.000076
0.000104
0.000108
0.000135
0.000163
0.000159
0.000116
0.000062
0.000041
0.000044
0.000016
-0.000053
-0.000107
-0.000090
-0.000019
0.000023
-0.000034
-0.000170
-0.000278
-0.000282
-0.000217
-0.000164
-0.000112
-0.000004
0.000118
0.000173
0.000179
0.000152
0.000076
0.000019
0.000038
0.000071
0.000055
0.000029
0.000043
0.000063
0.000041
0.000008
-0.000007
-0.000054
-0.000150
-0.000179
-0.000081
0.000018
0.000034
0.000053
0.000107
0.000102
0.000018
-0.000055
-0.000053
0.000019
0.000104
0.000125
0.000074
0.000024
0.000010
-0.000009
-0.000064
-0.000111
-0.000094
-0.000038
-0.000016
-0.000045
-0.000073
-0.000056
-0.000003
0.000049
0.000079
0.000076
0.000043
0.000016
0.000031
0.000068
0.000074
0.000028
-0.000031
-0.000037
0.000011
0.000012
-0.000071
-0.000126
-0.000061
0.000041
0.000037
-0.000072
-0.000145
-0.000082
0.000077
0.000198
0.000189
0.000091
0.000026
0.000059
0.000106
0.000070
-0.000023
-0.000102
-0.000143
-0.000131
-0.000062
0.000029
0.000097
0.000121
0.000096
0.000011
-0.000119
-0.000199
-0.000166
-0.000093
-0.000056
-0.000031
0.000007
0.000013
-0.000036
-0.000077
-0.000034
0.000072
0.000151
0.000157
0.000105
0.000035
-0.000008
-0.000005
0.000022
0.000045
0.000035
-0.000009
-0.000015
0.000062
0.000142
0.000146
0.000081
-0.000002
-0.000046
-0.000034
-0.000014
-0.000037
-0.000097
-0.000161
-0.000208
-0.000218
-0.000192
-0.000185
-0.000202
-0.000172
-0.000099
-0.000054
-0.000036
0.000007
0.000065
0.000117
0.000195
0.000257
0.000191
0.000031
-0.000063
-0.000071
-0.000083
-0.000067
0.000045
0.000146
0.000112
0.000016
0.000005
0.000075
0.000135
0.000183
0.000225
0.000189
0.000058
-0.000065
-0.000111
-0.000114
-0.000091
-0.000016
0.000079
0.000105
0.000046
0.000007
0.000048
0.000089
0.000080
0.000094
0.000157
0.000152
-0.000003
-0.000218
-0.000327
-0.000277
-0.000166
-0.000098
-0.000055
-0.000002
0.000003
-0.000100
-0.000229
-0.000250
-0.000156
0.000003
0.000189
0.000320
0.000316
0.000183
0.000020
-0.000045
0.000002
0.000040
0.000011
-0.000006
0.000031
0.000050
0.000013
-0.000026
-0.000055
-0.000082
-0.000056
0.000032
0.000102
0.000117
0.000083
-0.000013
-0.000120
-0.000150
-0.000136
-0.000149
-0.000128
-0.000027
0.000047
0.000030
0.000014
0.000038
0.000028
-0.000011
-0.000016
-0.000008
-0.000027
-0.000036
-0.000057
-0.000139
-0.000197
-0.000165
-0.000163
-0.000272
-0.000337
-0.000222
-0.000050
-0.000010
-0.000083
-0.000127
-0.000066
0.000100
0.000291
0.000365
0.000310
0.000255
0.000269
0.000303
0.000304
0.000257
0.000201
0.000196
0.000236
0.000249
0.000209
0.000174
0.000185
0.000179
0.000093
-0.000014
-0.000066
-0.000101
-0.000146
-0.000128
-0.000032
0.000044
0.000031
-0.000037
-0.000082
-0.000111
-0.000209
-0.000332
-0.000325
-0.000204
-0.000120
-0.000078
-0.000005
0.000010
-0.000120
-0.000266
-0.000303
-0.000277
-0.000234
-0.000149
-0.000031
0.000074
0.000155
0.000207
0.000193
0.000121
0.000087
0.000136
0.000196
0.000228
0.000268
0.000296
0.000242
0.000114
0.000013
-0.000012
-0.000018
-0.000038
-0.000051
-0.000066
-0.000115
-0.000194
-0.000244
-0.000253
-0.000278
-0.000297
-0.000210
-0.000064
-0.000011
-0.000067
-0.000117
-0.000103
-0.000051
0.000016
0.000059
0.000029
-0.000024
-0.000019
0.000015
0.000012
-0.000032
-0.000092
-0.000126
-0.000102
-0.000057
-0.000061
-0.000111
-0.000161
-0.000217
-0.000301
-0.000401
-0.000497
-0.000563
-0.000557
-0.000404
-0.000014
0.000535
0.000914
0.000897
0.000687
0.000633
0.000813
0.001070
0.001179
0.000977
0.000574
0.000319
0.000322
0.000324
0.000184
0.000084
0.000129
0.000172
0.000121
0.000024
-0.000143
-0.000360
-0.000408
-0.000253
-0.000197
-0.000355
-0.000533
-0.000628
-0.000656
-0.000626
-0.000617
-0.000654
-0.000616
-0.000472
-0.000368
-0.000381
-0.000385
-0.000259
-0.000061
0.000076
0.000096
0.000036
0.000005
0.000092
0.000244
0.000345
0.000361
0.000346
0.000373
0.000417
0.000349
0.000152
-0.000016
-0.000045
-0.000004
0.000049
0.000130
0.000196
0.000171
0.000082
0.000004
-0.000054
-0.000102
-0.000114
-0.000102
-0.000117
-0.000172
-0.000228
-0.000254
-0.000244
-0.000185
-0.000086
-0.000035
-0.000112
-0.000215
-0.000176
-0.000051
-0.000043
-0.000148
-0.000203
-0.000166
-0.000101
-0.000016
0.000081
0.000117
0.000064
-0.000037
-0.000238
-0.000696
-0.001348
-0.001695
-0.001135
0.000279
0.001504
0.001517
0.000711
0.000411
0.000991
0.001602
0.001691
0.001442
0.001025
0.000652
0.000734
0.001066
0.000851
0.000099
-0.000250
0.000073
0.000308
0.000011
-0.000496
-0.000854
-0.000924
-0.000720
-0.000594
-0.000870
-0.001207
-0.001081
-0.000671
-0.000511
-0.000613
-0.000610
-0.000385
-0.000057
0.000216
0.000180
-0.000247
-0.000657
-0.000619
-0.000287
-0.000091
-0.000042
0.000166
0.000547
0.000792
0.000700
0.000372
0.000112
0.000158
0.000379
0.000399
0.000098
-0.000225
-0.000265
-0.000082
0.000045
-0.000013
-0.000119
-0.000056
0.000212
0.000459
0.000456
0.000262
0.000094
0.000044
0.000035
-0.000072
-0.000305
-0.000432
-0.000235
0.000100
0.000199
0.000002
-0.000242
-0.000304
-0.000169
-0.000029
-0.000066
-0.000228
-0.000312
-0.000237
-0.000120
-0.000095
-0.000171
-0.000250
-0.000180
0.000079
0.000265
0.000109
-0.000216
-0.000312
-0.000175
-0.000230
-0.000820
-0.001811
-0.002424
-0.001612
0.000592
0.002387
0.002150
0.000769
0.000419
0.001416
0.002237
0.002100
0.001464
0.000684
0.000113
0.000390
0.001068
0.000743
-0.000408
-0.000624
0.000354
0.000881
0.000270
-0.000526
-0.000856
-0.000808
-0.000457
-0.000231
-0.000775
-0.001579
-0.001465
-0.000652
-0.000325
-0.000538
-0.000531
-0.000286
-0.000143
-0.000013
-0.000013
-0.000497
-0.001002
-0.000710
-0.000016
0.000089
-0.000225
-0.000111
0.000426
0.000820
0.000893
0.000704
0.000358
0.000202
0.000405
0.000546
0.000266
-0.000161
-0.000343
-0.000276
-0.000140
-0.000055
-0.000030
0.000066
0.000315
0.000495
0.000345
-0.000003
-0.000176
-0.000027
0.000228
0.000238
-0.000093
-0.000420
-0.000376
-0.000107
-0.000042
-0.000237
-0.000389
-0.000321
-0.000106
0.000039
-0.000084
-0.000365
-0.000442
-0.000220
0.000002
0.000045
0.000030
0.000058
0.000118
0.000214
0.000290
0.000216
0.000032
-0.000081
-0.000098
-0.000136
-0.000315
-0.000839
-0.001812
-0.002609
-0.002019
0.000129
0.002046
0.001973
0.000646
0.000237
0.001269
0.002298
0.002338
0.001718
0.000913
0.000310
0.000508
0.001251
0.001195
0.000105
-0.000480
0.000129
0.000671
0.000223
-0.000623
-0.001174
-0.001299
-0.000950
-0.000509
-0.000754
-0.001470
-0.001505
-0.000748
-0.000267
-0.000375
-0.000412
-0.000196
-0.000028
0.000107
0.000161
-0.000184
-0.000649
-0.000523
0.000006
0.000060
-0.000343
-0.000353
0.000187
0.000632
0.000675
0.000508
0.000259
0.000086
0.000225
0.000478
0.000350
-0.000115
-0.000333
-0.000099
0.000169
0.000154
0.000021
0.000050
0.000310
0.000623
0.000667
0.000325
-0.000071
-0.000134
0.000046
0.000077
-0.000155
-0.000393
-0.000402
-0.000249
-0.000164
-0.000205
-0.000242
-0.000221
-0.000154
-0.000084
-0.000160
-0.000419
-0.000561
-0.000357
-0.000049
0.000041
0.000002
0.000098
0.000287
0.000358
0.000271
0.000079
-0.000160
-0.000298
-0.000260
-0.000209
-0.000377
-0.000974
-0.002059
-0.002947
-0.002289
0.000106
0.002196
0.002043
0.000589
0.000292
0.001589
0.002743
0.002692
0.001938
0.001085
0.000499
0.000723
0.001449
0.001298
0.000088
-0.000514
0.000198
0.000764
0.000156
-0.000807
-0.001249
-0.001228
-0.000901
-0.000568
-0.000894
-0.001666
-0.001660
-0.000735
-0.000124
-0.000219
-0.000241
-0.000023
-0.000002
-0.000039
0.000016
-0.000259
-0.000710
-0.000521
0.000149
0.000262
-0.000204
-0.000281
0.000222
0.000614
0.000629
0.000456
0.000121
-0.000163
0.000012
0.000360
0.000165
-0.000455
-0.000705
-0.000397
-0.000049
0.000025
-0.000024
0.000066
0.000376
0.000690
0.000701
0.000435
0.000268
0.000417
0.000613
0.000471
-0.000027
-0.000510
-0.000615
-0.000392
-0.000176
-0.000118
-0.000143
-0.000165
-0.000110
0.000016
0.000001
-0.000315
-0.000678
-0.000670
-0.000285
0.000068
0.000113
-0.000031
-0.000091
0.000029
0.000179
0.000169
0.000010
-0.000133
-0.000184
-0.000225
-0.000392
-0.000901
-0.001927
-0.002956
-0.002655
-0.000411
0.002152
0.002651
0.001142
0.000102
0.000884
0.002229
0.002712
0.002357
0.001525
0.000584
0.000498
0.001428
0.001689
0.000388
-0.000722
-0.000159
0.000829
0.000630
-0.000363
-0.001170
-0.001576
-0.001370
-0.000589
-0.000349
-0.001191
-0.001790
-0.001195
-0.000403
-0.000328
-0.000431
-0.000273
-0.000213
-0.000187
0.000125
0.000176
-0.000478
-0.000933
-0.000450
0.000116
-0.000042
-0.000218
0.000250
0.000753
0.000747
0.000572
0.000410
0.000062
-0.000108
0.000317
0.000672
0.000228
-0.000429
-0.000483
-0.000207
-0.000095
-0.000020
0.000125
0.000185
0.000258
0.000435
0.000414
0.000119
-0.000019
0.000148
0.000219
-0.000030
-0.000331
-0.000373
-0.000129
0.000195
0.000331
0.000181
-0.000072
-0.000178
-0.000114
-0.000059
-0.000153
-0.000336
-0.000404
-0.000283
-0.000164
-0.000180
-0.000178
-0.000013
0.000196
0.000262
0.000132
-0.000108
-0.000255
-0.000192
-0.000119
-0.000297
-0.000578
-0.000591
-0.000463
-0.000886
-0.002108
-0.003048
-0.002054
0.000759
0.002738
0.001840
-0.000306
-0.000648
0.001073
0.002729
0.003109
0.002422
0.001137
0.000365
0.001268
0.002691
0.002217
0.000246
-0.000518
0.000410
0.000995
0.000318
-0.000798
-0.001695
-0.001970
-0.001242
-0.000379
-0.000836
-0.002077
-0.002165
-0.000969
-0.000105
-0.000170
-0.000452
-0.000568
-0.000480
-0.000023
0.000324
-0.000245
-0.001109
-0.000777
0.000468
0.000828
-0.000017
-0.000575
-0.000096
0.000719
0.001187
0.001078
0.000332
-0.000431
-0.000242
0.000609
0.000712
-0.000220
-0.000901
-0.000575
0.000091
0.000389
0.000322
0.000088
-0.000018
0.000346
0.000830
0.000633
-0.000077
-0.000295
0.000127
0.000335
-0.000052
-0.000550
-0.000671
-0.000375
0.000046
0.000181
-0.000054
-0.000241
-0.000048
0.000303
0.000343
-0.000025
-0.000386
-0.000349
-0.000036
0.000132
-0.000020
-0.000254
-0.000292
-0.000118
0.000100
0.000145
-0.000051
-0.000235
-0.000140
0.000117
0.000211
0.000060
-0.000124
-0.000115
0.000034
-0.000194
-0.001476
-0.003451
-0.004073
-0.001680
0.001996
0.003132
0.000971
-0.000955
-0.000002
0.002257
0.003328
0.002986
0.001821
0.000284
-0.000093
0.001502
0.002655
0.001102
-0.001052
-0.000733
0.000972
0.001192
-0.000061
-0.001143
-0.001619
-0.001407
-0.000370
0.000187
-0.000981
-0.002382
-0.001930
-0.000438
0.000076
-0.000317
-0.000456
-0.000260
0.000011
0.000419
0.000366
-0.000649
-0.001395
-0.000640
0.000403
0.000082
-0.000743
-0.000432
0.000603
0.001127
0.001084
0.000729
-0.000004
-0.000439
0.000185
0.000936
0.000441
-0.000662
-0.000826
-0.000123
0.000301
0.000175
0.000047
0.000229
0.000678
0.001153
0.001176
0.000582
-0.000001
0.000024
0.000290
0.000085
-0.000538
-0.000960
-0.000857
-0.000422
-0.000061
-0.000090
-0.000434
-0.000608
-0.000316
0.000041
-0.000125
-0.000664
-0.000853
-0.000458
0.000042
0.000234
0.000174
0.000101
0.000199
0.000473
0.000631
0.000389
-0.000022
-0.000134
0.000051
0.000159
0.000013
-0.000281
-0.000542
-0.000707
-0.001155
-0.002497
-0.004057
-0.003402
0.000274
0.003454
0.002566
-0.000391
-0.000884
0.001293
0.003054
0.003411
0.003021
0.001548
-0.000173
0.000508
0.003024
0.003207
0.000460
-0.000975
0.000436
0.001501
0.000554
-0.000781
-0.001701
-0.002468
-0.002174
-0.000785
-0.000602
-0.002279
-0.003114
-0.001685
-0.000037
0.000229
-0.000056
-0.000136
-0.000170
0.000201
0.001053
0.001049
-0.000277
-0.001009
0.000003
0.000968
0.000334
-0.000675
-0.000601
-0.000007
0.000249
0.000306
0.000010
-0.000988
-0.001639
-0.000765
0.000504
0.000329
-0.000633
-0.000465
0.000649
0.001141
0.000948
0.000952
0.001005
0.000815
0.000934
0.001246
0.000781
-0.000113
-0.000094
0.000547
0.000468
-0.000149
-0.000319
-0.000229
-0.000339
-0.000312
-0.000204
-0.000624
-0.001169
-0.000922
-0.000337
-0.000437
-0.000897
-0.000918
-0.000682
-0.000386
0.000295
0.000977
0.000964
0.000694
0.000887
0.001131
0.000737
0.000049
-0.000208
-0.000121
-0.000226
-0.000546
-0.000700
-0.000591
-0.000400
-0.000174
0.000125
0.000317
0.000244
0.000128
0.000246
0.000487
0.000554
0.000285
-0.000350
-0.001331
-0.002763
-0.004698
-0.006034
-0.004571
-0.000314
0.002726
0.001527
-0.001035
-0.000600
0.002181
0.004219
0.005070
0.005086
0.003581
0.002252
0.004065
0.006891
0.005825
0.002031
0.000885
0.002442
0.002312
-0.000114
-0.002250
-0.003859
-0.005519
-0.005920
-0.005251
-0.005980
-0.007879
-0.007994
-0.005992
-0.004095
-0.002827
-0.001440
-0.000358
0.000387
0.002100
0.004446
0.005050
0.003732
0.003286
0.004663
0.005398
0.004016
0.002106
0.001201
0.000954
0.000676
0.000039
-0.001259
-0.002547
-0.002251
-0.000463
0.000709
0.000465
0.000367
0.001302
0.002278
0.002679
0.002873
0.002680
0.001766
0.000868
0.000530
-0.000156
-0.001966
-0.004035
-0.005090
-0.005137
-0.005166
-0.005738
-0.006260
-0.005729
-0.004099
-0.002416
-0.001497
-0.000966
0.000118
0.001933
0.003561
0.004203
0.004292
0.004762
0.005547
0.005820
0.005398
0.004720
0.003876
0.002787
0.001760
0.000948
0.000005
-0.001160
-0.002051
-0.002351
-0.002333
-0.002330
-0.002413
-0.002491
-0.002280
-0.001645
-0.001085
-0.001140
-0.001483
-0.001472
-0.001275
-0.001657
-0.002995
-0.005035
-0.007169
-0.008225
-0.006705
-0.002725
0.000805
0.001287
0.000263
0.001195
0.004508
0.008168
0.011016
0.012148
0.010556
0.008496
0.009908
0.013027
0.011730
0.006011
0.002413
0.002708
0.001648
-0.003065
-0.007791
-0.010380
-0.012366
-0.014080
-0.014432
-0.014271
-0.014666
-0.014183
-0.011535
-0.007828
-0.004176
-0.000661
0.002079
0.003866
0.006357
0.010002
0.011976
0.010572
0.008692
0.009258
0.010292
0.008523
0.004891
0.002530
0.001765
0.000647
-0.001396
-0.003289
-0.004293
-0.004357
-0.003647
-0.002743
-0.002218
-0.001723
-0.000683
0.000483
0.001183
0.001793
0.002416
0.001985
0.000381
-0.000521
0.000015
-0.000260
-0.002833
-0.005536
-0.006067
-0.005472
-0.005647
-0.006176
-0.005763
-0.004381
-0.002627
-0.000931
0.000304
0.001330
0.003019
0.005088
0.006212
0.006437
0.006978
0.007657
0.007345
0.006345
0.005617
0.004756
0.003039
0.001064
-0.000273
-0.001156
-0.002291
-0.003815
-0.005137
-0.005578
-0.005205
-0.004862
-0.004971
-0.004811
-0.003692
-0.002206
-0.001425
-0.001322
-0.000928
0.000097
0.000993
0.001124
0.000870
0.000922
0.001247
0.001370
0.001317
0.001435
0.001575
0.001299
0.000550
-0.000582
-0.002243
-0.004203
-0.005242
-0.004018
-0.000838
0.001975
0.002470
0.001641
0.002134
0.004763
0.008040
0.010214
0.010155
0.008004
0.006178
0.006854
0.007918
0.005504
0.000467
-0.002811
-0.003669
-0.005430
-0.008989
-0.011955
-0.013466
-0.014508
-0.014669
-0.013169
-0.011270
-0.010113
-0.008466
-0.005004
-0.000419
0.003920
0.007184
0.009050
0.010292
0.012209
0.014222
0.014104
0.011555
0.009033
0.007941
0.006616
0.003437
-0.000502
-0.003262
-0.004602
-0.005345
-0.005841
-0.006061
-0.005997
-0.005391
-0.003931
-0.001835
0.000246
0.001721
0.002335
0.002378
0.002531
0.002952
0.002683
0.000882
-0.001564
-0.002981
-0.003441
-0.004667
-0.006976
-0.008441
-0.007904
-0.006612
-0.005890
-0.005169
-0.003299
-0.000372
0.002526
0.004584
0.005979
0.007453
0.009068
0.010029
0.009944
0.009296
0.008559
0.007427
0.005362
0.002892
0.001047
-0.000495
-0.002650
-0.004867
-0.005921
-0.006000
-0.006418
-0.007462
-0.007817
-0.006661
-0.004971
-0.003955
-0.003462
-0.002611
-0.001187
0.000104
0.000765
0.001345
0.002433
0.003472
0.003647
0.003162
0.002411
0.000703
-0.002790
-0.006957
-0.008909
-0.006974
-0.002910
-0.000189
-0.000076
-0.000282
0.001794
0.006029
0.011089
0.015978
0.018383
0.016262
0.012867
0.013639
0.016588
0.014065
0.005407
-0.001801
-0.004501
-0.007773
-0.014242
-0.020166
-0.023285
-0.025320
-0.026285
-0.024256
-0.020236
-0.016849
-0.013625
-0.008256
-0.000643
0.007260
0.013515
0.016978
0.018342
0.019953
0.022354
0.022585
0.018477
0.012570
0.008625
0.006212
0.002384
-0.002925
-0.006971
-0.008636
-0.009310
-0.009843
-0.009531
-0.008099
-0.006308
-0.004420
-0.001862
0.001284
0.003842
0.004991
0.005161
0.005134
0.005010
0.004172
0.001891
-0.001611
-0.004749
-0.006421
-0.007805
-0.010272
-0.012374
-0.011858
-0.009557
-0.007805
-0.006336
-0.003318
0.000924
0.004546
0.007301
0.010183
0.012941
0.014344
0.014230
0.013436
0.012288
0.010475
0.007851
0.004584
0.001190
-0.001657
-0.004034
-0.006669
-0.009248
-0.010344
-0.009787
-0.009155
-0.009090
-0.008305
-0.006096
-0.003672
-0.002113
-0.000920
0.000612
0.002041
0.002621
0.002460
0.002153
0.001953
0.001714
0.001290
0.000806
0.000637
0.000927
0.001278
0.001448
0.001959
0.003043
0.003767
0.003426
0.002537
0.001254
-0.001421
-0.005373
-0.008038
-0.007305
-0.004498
-0.002499
-0.002058
-0.001754
-0.000502
0.002072
0.006613
0.012307
0.015256
0.012909
0.009196
0.009585
0.011974
0.009556
0.001993
-0.004339
-0.006948
-0.009646
-0.014198
-0.017776
-0.019110
-0.019824
-0.019598
-0.016382
-0.010968
-0.006173
-0.002524
0.001604
0.007037
0.012990
0.017554
0.018736
0.016938
0.015190
0.014842
0.013262
0.008229
0.001919
-0.002333
-0.004680
-0.007207
-0.009868
-0.010993
-0.010379
-0.009119
-0.007384
-0.004605
-0.001161
0.001810
0.003949
0.005806
0.007628
0.008787
0.008428
0.006476
0.003885
0.001736
-0.000088
-0.002801
-0.006693
-0.009954
-0.010860
-0.010357
-0.010376
-0.010407
-0.008527
-0.005055
-0.001932
0.000691
0.003924
0.007278
0.009326
0.010119
0.010605
0.010689
0.009654
0.007545
0.005033
0.002697
0.000798
-0.000919
-0.002893
-0.004642
-0.005032
-0.004249
-0.003848
-0.004146
-0.003690
-0.002030
-0.000646
-0.000404
-0.000420
-0.000033
0.000175
-0.000279
-0.001025
-0.001618
-0.002064
-0.002459
-0.002697
-0.002584
-0.002027
-0.001174
-0.000322
0.000546
0.001863
0.003610
0.004887
0.005159
0.005022
0.004472
0.001811
-0.003555
-0.008559
-0.009618
-0.007429
-0.005475
-0.004724
-0.003400
-0.001081
0.001134
0.004389
0.011081
0.018764
0.020743
0.015982
0.012309
0.014633
0.016544
0.010551
0.000077
-0.006875
-0.010097
-0.014599
-0.020490
-0.023903
-0.024600
-0.025002
-0.024147
-0.019332
-0.011825
-0.005553
-0.001483
0.002901
0.009519
0.017133
0.022149
0.022044
0.018707
0.016430
0.015910
0.013449
0.007153
0.000175
-0.003982
-0.005970
-0.008029
-0.009814
-0.009677
-0.008102
-0.006766
-0.005365
-0.002304
0.001897
0.004695
0.005160
0.005181
0.006335
0.007308
0.005789
0.002040
-0.001236
-0.002575
-0.003577
-0.006176
-0.009422
-0.010685
-0.009547
-0.008284
-0.008039
-0.006989
-0.003835
-0.000437
0.001379
0.002896
0.005699
0.008431
0.009051
0.008209
0.007904
0.008167
0.007279
0.004722
0.002100
0.000875
0.000441
-0.000723
-0.002584
-0.003475
-0.002699
-0.001801
-0.002164
-0.002739
-0.001914
-0.000428
-0.000217
-0.001190
-0.001589
-0.001092
-0.001130
-0.002202
-0.003053
-0.002857
-0.002485
-0.002860
-0.003338
-0.002766
-0.001319
-0.000183
0.000282
0.001029
0.002751
0.004637
0.005437
0.005327
0.005579
0.006351
0.006255
0.004617
0.002311
-0.000544
-0.005190
-0.010957
-0.014185
-0.012937
-0.010003
-0.008419
-0.007059
-0.003752
0.000482
0.004178
0.009252
0.016928
0.022564
0.021087
0.015887
0.014614
0.016805
0.014478
0.005343
-0.003942
-0.009016
-0.012981
-0.018308
-0.022267
-0.023097
-0.023227
-0.023567
-0.020976
-0.014114
-0.006502
-0.001464
0.001964
0.006450
0.012562
0.018276
0.020660
0.018659
0.014868
0.012663
0.011571
0.008380
0.002610
-0.002689
-0.005576
-0.007105
-0.008260
-0.008253
-0.006744
-0.005126
-0.004160
-0.002366
0.001365
0.005178
0.006520
0.005748
0.005247
0.005718
0.005442
0.003061
-0.000551
-0.003511
-0.005083
-0.006079
-0.007421
-0.008851
-0.009380
-0.008730
-0.007633
-0.006493
-0.004708
-0.002122
0.000134
0.001559
0.003406
0.006212
0.008160
0.007946
0.007105
0.007332
0.007659
0.006434
0.004137
0.002323
0.001294
0.000367
-0.000733
-0.001754
-0.002382
-0.002431
-0.002129
-0.001987
-0.001960
-0.001508
-0.000914
-0.001132
-0.001940
-0.002084
-0.001605
-0.001829
-0.002807
-0.003152
-0.002614
-0.002417
-0.002896
-0.002974
-0.002048
-0.000756
0.000164
0.000754
0.001527
0.002746
0.004043
0.004827
0.005139
0.005608
0.006215
0.005978
0.004423
0.001989
-0.001567
-0.006767
-0.011660
-0.012848
-0.010580
-0.008748
-0.008441
-0.006505
-0.001928
0.002224
0.005308
0.010911
0.018872
0.022516
0.018775
0.014335
0.015231
0.016737
0.011397
0.001360
-0.005943
-0.009756
-0.014577
-0.020346
-0.023082
-0.022900
-0.023253
-0.023632
-0.020061
-0.012256
-0.004570
0.000155
0.003493
0.008108
0.014278
0.019597
0.021092
0.018449
0.014811
0.012783
0.010965
0.006858
0.001371
-0.002776
-0.005303
-0.007572
-0.009075
-0.008202
-0.005712
-0.004162
-0.003837
-0.002176
0.001925
0.005753
0.006312
0.004479
0.003410
0.003795
0.003283
0.000510
-0.002793
-0.004547
-0.005245
-0.006508
-0.008006
-0.007975
-0.006302
-0.004879
-0.004568
-0.003755
-0.001072
0.002002
0.003150
0.002894
0.003772
0.006010
0.006964
0.005526
0.003970
0.004037
0.004174
0.002580
0.000387
-0.000366
-0.000005
-0.000304
-0.001472
-0.001972
-0.001099
-0.000137
-0.000375
-0.001146
-0.000924
0.000213
0.000598
-0.000424
-0.001389
-0.001073
-0.000504
-0.001194
-0.002516
-0.002769
-0.002106
-0.002104
-0.002813
-0.002678
-0.001316
-0.000134
0.000021
0.000072
0.001110
0.002675
0.003415
0.003100
0.002996
0.003900
0.004745
0.004167
0.002676
0.001465
-0.000497
-0.005167
-0.010782
-0.012574
-0.009824
-0.007458
-0.007934
-0.007156
-0.002253
0.002916
0.005257
0.008784
0.016535
0.022507
0.020328
0.014681
0.014232
0.017113
0.014271
0.004729
-0.003659
-0.007603
-0.011599
-0.017634
-0.021746
-0.022128
-0.022139
-0.023285
-0.022041
-0.016045
-0.008241
-0.002597
0.000709
0.004141
0.009230
0.014982
0.018472
0.017636
0.014189
0.011832
0.011109
0.009059
0.004570
0.000276
-0.001972
-0.003568
-0.005450
-0.005771
-0.003498
-0.001121
-0.001050
-0.001527
0.000704
0.004858
0.006680
0.004469
0.001193
-0.000182
-0.000442
-0.001814
-0.004308
-0.006222
-0.006935
-0.007348
-0.007885
-0.007555
-0.005593
-0.003167
-0.002082
-0.001943
-0.000531
0.002559
0.004826
0.004569
0.003584
0.004210
0.005547
0.005269
0.003691
0.002939
0.003160
0.002644
0.001078
-0.000061
-0.000129
-0.000132
-0.000878
-0.001789
-0.001836
-0.001047
-0.000608
-0.001239
-0.001948
-0.001441
-0.000361
-0.000407
-0.001414
-0.001525
-0.000419
0.000132
-0.000580
-0.001032
-0.000318
0.000291
-0.000240
-0.000935
-0.000689
-0.000095
-0.000193
-0.000746
-0.000770
-0.000003
0.000835
0.001067
0.001013
0.001562
0.002714
0.003409
0.003176
0.002784
0.002672
0.001729
-0.001641
-0.007067
-0.011324
-0.011415
-0.008826
-0.007887
-0.008797
-0.006728
-0.000291
0.005123
0.006627
0.009512
0.017232
0.023078
0.020521
0.015004
0.015011
0.017315
0.012808
0.002436
-0.004906
-0.007440
-0.011425
-0.018385
-0.022627
-0.021791
-0.020328
-0.020984
-0.020371
-0.015200
-0.007578
-0.001804
0.001004
0.003280
0.007419
0.012705
0.015786
0.014632
0.011462
0.009857
0.009567
0.007375
0.003010
-0.000077
-0.000529
-0.001049
-0.002970
-0.003332
-0.000125
0.003381
0.003316
0.001452
0.002303
0.005679
0.006950
0.004230
0.000639
-0.001149
-0.002479
-0.005448
-0.009142
-0.011069
-0.010858
-0.010517
-0.011024
-0.010500
-0.007093
-0.002435
0.000291
0.001242
0.003581
0.007908
0.010769
0.010034
0.008158
0.007907
0.008005
0.005905
0.002347
-0.000058
-0.001020
-0.002303
-0.004221
-0.005053
-0.003902
-0.002193
-0.001659
-0.001907
-0.001079
0.001142
0.002608
0.001816
0.000361
0.000350
0.000908
-0.000182
-0.002509
-0.003649
-0.003126
-0.002827
-0.003506
-0.003600
-0.002182
-0.000683
-0.000422
-0.000446
0.000747
0.002804
0.004139
0.004305
0.004613
0.006023
0.007412
0.007097
0.005410
0.004121
0.003573
0.002218
-0.000561
-0.003219
-0.004678
-0.006276
-0.010023
-0.016010
-0.021368
-0.022013
-0.017576
-0.013150
-0.011938
-0.009156
0.000134
0.011165
0.016609
0.019421
0.026819
0.035159
0.034787
0.027332
0.023158
0.022965
0.017186
0.003927
-0.007334
-0.011786
-0.015548
-0.022816
-0.028545
-0.027969
-0.024090
-0.021615
-0.019942
-0.015877
-0.009383
-0.003591
-0.000768
-0.000067
0.001042
0.003549
0.005315
0.003884
0.000813
0.000376
0.003146
0.004933
0.004171
0.005145
0.010247
0.014883
0.015134
0.014572
0.017359
0.020154
0.017637
0.011515
0.007200
0.004923
0.000631
-0.006404
-0.012553
-0.015564
-0.017011
-0.018863
-0.020374
-0.019231
-0.015042
-0.010602
-0.008408
-0.006768
-0.002486
0.003060
0.005328
0.004136
0.003906
0.005880
0.006457
0.004309
0.002815
0.003925
0.005206
0.004694
0.004126
0.005527
0.007715
0.008111
0.006456
0.005030
0.005240
0.005342
0.002929
-0.001113
-0.003631
-0.004019
-0.004868
-0.007251
-0.008817
-0.007982
-0.006610
-0.006513
-0.006343
-0.004381
-0.001853
-0.000917
-0.001105
-0.000261
0.001905
0.003358
0.002842
0.001780
0.002090
0.003314
0.003582
0.002663
0.002119
0.002670
0.003199
0.002721
0.001934
0.001934
0.002311
0.001787
0.000483
-0.000098
0.000259
-0.000265
-0.003279
-0.008933
-0.015667
-0.019539
-0.017430
-0.012723
-0.011655
-0.012240
-0.006151
0.006280
0.015249
0.018277
0.023416
0.032252
0.035348
0.029368
0.023305
0.022012
0.017937
0.005746
-0.007603
-0.014355
-0.017115
-0.021725
-0.027123
-0.028534
-0.025240
-0.020386
-0.016235
-0.012589
-0.008459
-0.003852
-0.000398
0.000202
-0.001088
-0.001187
0.000445
0.000337
-0.002932
-0.004548
-0.000356
0.005557
0.007271
0.007497
0.012612
0.020448
0.023521
0.021753
0.021207
0.022360
0.019906
0.012763
0.005569
0.000848
-0.003584
-0.009561
-0.015498
-0.018734
-0.018886
-0.018167
-0.018171
-0.017315
-0.013506
-0.008456
-0.005838
-0.005564
-0.004203
-0.001123
0.000542
-0.000407
-0.001220
0.000042
0.001857
0.002693
0.003634
0.006050
0.009089
0.010929
0.011316
0.011697
0.012835
0.013234
0.011082
0.007182
0.004018
0.002105
-0.000361
-0.004037
-0.007129
-0.008209
-0.008246
-0.008683
-0.009045
-0.008041
-0.006132
-0.005100
-0.005197
-0.004749
-0.003049
-0.001644
-0.001741
-0.002157
-0.001168
0.000912
0.002346
0.002591
0.002932
0.004313
0.005819
0.006194
0.005802
0.005787
0.006017
0.005332
0.003576
0.001967
0.001212
0.000537
-0.000895
-0.002634
-0.003824
-0.005356
-0.009890
-0.017410
-0.022011
-0.018491
-0.011471
-0.009664
-0.011014
-0.005046
0.008719
0.018850
0.021096
0.023862
0.030751
0.033452
0.027354
0.019879
0.016949
0.013269
0.003010
-0.009281
-0.015656
-0.016183
-0.016859
-0.019977
-0.022120
-0.019993
-0.014574
-0.009772
-0.008214
-0.008470
-0.007386
-0.005262
-0.005673
-0.008922
-0.010155
-0.007050
-0.004285
-0.005318
-0.005107
0.001832
0.011131
0.015065
0.015059
0.018067
0.023913
0.025995
0.022434
0.017803
0.014865
0.011522
0.005866
-0.000410
-0.004429
-0.005861
-0.007125
-0.009722
-0.011581
-0.010109
-0.006932
-0.006205
-0.008494
-0.010160
-0.009262
-0.008294
-0.009713
-0.011973
-0.012145
-0.010210
-0.008185
-0.006359
-0.003238
0.001318
0.005524
0.008286
0.010432
0.012868
0.014705
0.014270
0.011708
0.009273
0.008303
0.007312
0.004644
0.001549
0.000361
0.000813
0.000738
-0.000423
-0.001363
-0.001687
-0.002521
-0.004336
-0.006088
-0.006926
-0.007403
-0.008367
-0.009341
-0.008940
-0.006871
-0.004556
-0.003200
-0.002137
-0.000105
0.002542
0.004229
0.004461
0.004303
0.004511
0.004518
0.003767
0.002929
0.002923
0.003428
0.003431
0.002931
0.002871
0.003442
0.003693
0.003022
0.001928
0.000875
-0.000572
-0.003283
-0.008225
-0.015351
-0.021217
-0.020985
-0.015458
-0.011270
-0.010479
-0.006490
0.004626
0.016420
0.022161
0.024565
0.028199
0.030014
0.025447
0.017575
0.012131
0.008066
0.000679
-0.009045
-0.015176
-0.015268
-0.012686
-0.011229
-0.011113
-0.010278
-0.007526
-0.004234
-0.003374
-0.006060
-0.009731
-0.011694
-0.012928
-0.015199
-0.016449
-0.013625
-0.008454
-0.004993
-0.002369
0.003860
0.013192
0.019599
0.020315
0.019071
0.019205
0.019019
0.015893
0.010672
0.005922
0.002698
0.000509
-0.001028
-0.001381
0.000034
0.002165
0.002713
0.001225
-0.000027
0.000111
-0.000863
-0.005437
-0.011764
-0.015720
-0.016159
-0.015517
-0.015496
-0.014671
-0.011263
-0.006199
-0.001754
0.001486
0.004484
0.007272
0.008391
0.007170
0.005360
0.005058
0.005572
0.004638
0.002655
0.002617
0.005268
0.007689
0.007731
0.006764
0.006672
0.006739
0.005140
0.001875
-0.001333
-0.003441
-0.005141
-0.007109
-0.008325
-0.007508
-0.005500
-0.004334
-0.004231
-0.003517
-0.001637
-0.000288
-0.000872
-0.002391
-0.002920
-0.002210
-0.001609
-0.001692
-0.001338
0.000367
0.002570
0.003964
0.004651
0.005520
0.006417
0.006202
0.004583
0.002753
0.001803
0.001319
0.000250
-0.001443
-0.002815
-0.003637
-0.005628
-0.010557
-0.016078
-0.016391
-0.010210
-0.004227
-0.003570
-0.003317
0.003387
0.013432
0.018659
0.018521
0.018495
0.019295
0.016862
0.011051
0.006270
0.004136
0.001683
-0.002939
-0.007417
-0.008602
-0.006291
-0.003315
-0.002952
-0.005662
-0.008296
-0.008151
-0.007162
-0.009193
-0.013691
-0.016150
-0.015004
-0.013217
-0.012177
-0.009268
-0.003350
0.002230
0.004768
0.006312
0.009668
0.013464
0.014317
0.011712
0.008211
0.006256
0.006231
0.006693
0.006118
0.004981
0.005234
0.007182
0.008757
0.008684
0.007873
0.006670
0.003660
-0.001302
-0.005705
-0.007782
-0.008979
-0.011236
-0.013668
-0.013867
-0.011416
-0.008264
-0.006127
-0.005061
-0.004275
-0.003296
-0.002375
-0.001947
-0.001760
-0.001162
-0.000259
0.000424
0.001415
0.003702
0.006613
0.008300
0.008373
0.008080
0.008039
0.007640
0.006345
0.004258
0.001935
0.000253
-0.000308
-0.000285
-0.000330
-0.000257
0.000159
0.000361
-0.000101
-0.000864
-0.001674
-0.002958
-0.004853
-0.006550
-0.007175
-0.006693
-0.005612
-0.004360
-0.003068
-0.001601
0.000147
0.001823
0.002804
0.002871
0.002388
0.001821
0.001320
0.000833
0.000468
0.000446
0.000713
0.001014
0.001406
0.002143
0.002985
0.003267
0.002797
0.002021
0.001182
0.000131
-0.001160
-0.003102
-0.006843
-0.011881
-0.014244
-0.010566
-0.003621
0.000536
0.001056
0.002937
0.008584
0.014227
0.016085
0.014747
0.012034
0.008363
0.004489
0.001938
0.000714
-0.000457
-0.001586
-0.001858
-0.001691
-0.001718
-0.001202
-0.000054
-0.000564
-0.004379
-0.009413
-0.012252
-0.012409
-0.011961
-0.012027
-0.011784
-0.010226
-0.007078
-0.002551
0.002304
0.005573
0.006248
0.005470
0.004901
0.004668
0.004053
0.003206
0.002748
0.002625
0.002745
0.003894
0.006480
0.009166
0.010218
0.009385
0.007434
0.004941
0.002425
0.000499
-0.000972
-0.002791
-0.004901
-0.006035
-0.005314
-0.003244
-0.001081
-0.000001
-0.000608
-0.002328
-0.003774
-0.004399
-0.005075
-0.006478
-0.007910
-0.008246
-0.007048
-0.004472
-0.001190
0.001589
0.003063
0.003610
0.003932
0.004088
0.003886
0.003388
0.002613
0.001606
0.000970
0.001478
0.003051
0.004712
0.005558
0.005409
0.004576
0.003487
0.002437
0.001304
-0.000280
-0.002223
-0.003818
-0.004475
-0.004206
-0.003313
-0.002187
-0.001409
-0.001348
-0.001721
-0.002114
-0.002557
-0.003131
-0.003541
-0.003506
-0.003132
-0.002611
-0.001830
-0.000513
0.001327
0.003166
0.004332
0.004586
0.004188
0.003469
0.002632
0.001844
0.001231
0.000796
0.000425
0.000042
-0.000171
0.000051
0.000627
0.001103
0.001130
0.000678
-0.000495
-0.002990
-0.006533
-0.009129
-0.008687
-0.005371
-0.001308
0.001816
0.003860
0.005274
0.006268
0.007014
0.007602
0.007486
0.005907
0.003122
0.000379
-0.001418
-0.002188
-0.002000
-0.000868
0.000739
0.001919
0.002023
0.000948
-0.001101
-0.003615
-0.005790
-0.007085
-0.007640
-0.007803
-0.007538
-0.006576
-0.004868
-0.002647
-0.000246
0.001989
0.003648
0.004366
0.004157
0.003448
0.002645
0.001914
0.001447
0.001557
0.002352
0.003503
0.004517
0.005132
0.005257
0.004701
0.003363
0.001582
-0.000097
-0.001377
-0.002210
-0.002557
-0.002467
-0.002204
-0.002074
-0.002135
-0.002167
-0.002008
-0.001848
-0.001996
-0.002456
-0.002992
-0.003406
-0.003600
-0.003532
-0.003093
-0.002037
-0.000298
0.001735
0.003517
0.004712
0.005185
0.004893
0.003920
0.002478
0.000844
-0.000703
-0.001915
-0.002596
-0.002649
-0.002116
-0.001192
-0.000133
0.000876
0.001710
0.002221
0.002268
0.001839
0.001083
0.000206
-0.000571
-0.001075
-0.001299
-0.001294
-0.000994
-0.000403
0.000221
0.000674
0.001032
0.001327
0.001305
0.000795
0.000055
-0.000555
-0.001017
-0.001413
-0.001573
-0.001351
-0.000920
-0.000487
-0.000041
0.000408
0.000704
0.000789
0.000766
0.000705
0.000574
0.000319
-0.000051
-0.000408
-0.000570
-0.000489
-0.000307
-0.000197
-0.000181
-0.000149
-0.000068
-0.000039
-0.000103
-0.000186
-0.000254
-0.000335
-0.000443
-0.000513
-0.000426
-0.000170
0.000097
0.000262
0.000380
0.000532
0.000675
0.000717
0.000667
0.000604
0.000536
0.000385
0.000131
-0.000099
-0.000155
-0.000060
-0.000008
-0.000092
-0.000179
-0.000156
-0.000128
-0.000179
-0.000166
-0.000015
0.000065
-0.000062
-0.000236
-0.000298
-0.000291
-0.000293
-0.000271
-0.000157
0.000058
0.000313
0.000496
0.000505
0.000341
0.000129
-0.000005
-0.000066
-0.000116
-0.000154
-0.000195
-0.000278
-0.000313
-0.000163
0.000105
0.000272
0.000250
0.000175
0.000156
0.000096
-0.000093
-0.000305
-0.000429
-0.000483
-0.000526
-0.000536
-0.000413
-0.000171
0.000034
0.000142
0.000212
0.000238
0.000181
0.000073
-0.000003
-0.000006
0.000026
0.000068
0.000107
0.000097
0.000072
0.000143
0.000284
0.000370
0.000408
0.000490
0.000519
0.000348
0.000101
-0.000014
-0.000044
-0.000124
-0.000237
-0.000292
-0.000231
-0.000097
0.000007
0.000025
-0.000048
-0.000189
-0.000293
-0.000265
-0.000153
-0.000061
-0.000034
-0.000097
-0.000246
-0.000362
-0.000309
-0.000113
0.000092
0.000244
0.000367
0.000457
0.000459
0.000358
0.000209
0.000061
-0.000060
-0.000132
-0.000154
-0.000153
-0.000156
-0.000227
-0.000379
-0.000458
-0.000335
-0.000103
0.000071
0.000137
0.000175
0.000282
0.000417
0.000431
0.000285
0.000099
-0.000026
-0.000071
-0.000063
-0.000077
-0.000127
-0.000110
0.000004
0.000112
0.000193
0.000290
0.000339
0.000277
0.000155
0.000014
-0.000164
-0.000367
-0.000504
-0.000490
-0.000358
-0.000215
-0.000090
0.000019
0.000096
0.000185
0.000313
0.000385
0.000350
0.000267
0.000139
-0.000063
-0.000254
-0.000327
-0.000318
-0.000343
-0.000407
-0.000385
-0.000193
0.000083
0.000272
0.000315
0.000309
0.000327
0.000329
0.000269
0.000168
0.000065
-0.000027
-0.000123
-0.000219
-0.000265
-0.000245
-0.000163
-0.000009
0.000116
0.000073
-0.000049
-0.000087
-0.000068
-0.000085
-0.000111
-0.000114
-0.000128
-0.000148
-0.000133
-0.000106
-0.000087
-0.000012
0.000158
0.000339
0.000413
0.000360
0.000247
0.000162
0.000129
0.000110
0.000089
0.000067
0.000016
-0.000079
-0.000173
-0.000198
-0.000148
-0.000094
-0.000105
-0.000159
-0.000162
-0.000085
-0.000016
-0.000010
0.000008
0.000079
0.000111
0.000063
0.000034
0.000079
0.000135
0.000159
0.000163
0.000158
0.000111
-0.000011
-0.000164
-0.000267
-0.000296
-0.000275
-0.000244
-0.000218
-0.000161
-0.000062
-0.000007
-0.000089
-0.000206
-0.000139
0.000105
0.000265
0.000223
0.000143
0.000156
0.000222
0.000287
0.000337
0.000307
0.000157
-0.000022
-0.000112
-0.000103
-0.000061
-0.000052
-0.000072
-0.000048
0.000042
0.000117
0.000099
0.000024
-0.000021
-0.000045
-0.000128
-0.000252
-0.000307
-0.000248
-0.000158
-0.000128
-0.000140
-0.000100
0.000024
0.000146
0.000187
0.000172
0.000146
0.000109
0.000046
-0.000033
-0.000085
-0.000100
-0.000134
-0.000224
-0.000335
-0.000406
-0.000411
-0.000334
-0.000182
-0.000027
0.000073
0.000136
0.000214
0.000335
0.000475
0.000599
0.000699
0.000750
0.000701
0.000558
0.000389
0.000227
0.000080
-0.000023
-0.000118
-0.000309
-0.000563
-0.000684
-0.000587
-0.000394
-0.000252
-0.000198
-0.000165
-0.000094
-0.000027
-0.000030
-0.000095
-0.000174
-0.000237
-0.000296
-0.000370
-0.000410
-0.000347
-0.000205
-0.000053
0.000108
0.000300
0.000471
0.000554
0.000576
0.000615
0.000689
0.000720
0.000637
0.000483
0.000324
0.000124
-0.000136
-0.000316
-0.000333
-0.000345
-0.000432
-0.000412
-0.000221
-0.000074
-0.000115
-0.000219
-0.000224
-0.000134
-0.000060
-0.000067
-0.000103
-0.000096
-0.000080
-0.000112
-0.000135
-0.000078
0.000001
0.000019
-0.000009
-0.000029
-0.000051
-0.000111
-0.000149
-0.000077
0.000065
0.000173
0.000220
0.000225
0.000159
-0.000002
-0.000139
-0.000124
-0.000048
-0.000066
-0.000133
-0.000121
-0.000027
0.000091
0.000185
0.000209
0.000199
0.000233
0.000306
0.000369
0.000365
0.000244
0.000019
-0.000217
-0.000336
-0.000308
-0.000224
-0.000150
-0.000075
-0.000004
0.000042
0.000107
0.000204
0.000237
0.000160
0.000072
0.000059
0.000077
0.000031
-0.000086
-0.000198
-0.000254
-0.000266
-0.000238
-0.000170
-0.000090
-0.000030
-0.000007
-0.000013
-0.000029
-0.000052
-0.000071
-0.000047
0.000007
0.000029
0.000024
0.000049
0.000094
0.000123
0.000151
0.000185
0.000173
0.000117
0.000098
0.000105
0.000031
-0.000121
-0.000188
-0.000108
-0.000007
0.000046
0.000101
0.000134
0.000072
-0.000040
-0.000103
-0.000124
-0.000142
-0.000137
-0.000073
0.000025
0.000080
0.000082
0.000084
0.000067
-0.000020
-0.000130
-0.000160
-0.000119
-0.000113
-0.000143
-0.000091
0.000025
0.000064
0.000020
-0.000017
-0.000031
-0.000017
0.000061
0.000180
0.000259
0.000246
0.000166
0.000087
0.000046
0.000022
-0.000005
-0.000017
-0.000008
-0.000015
-0.000055
-0.000082
-0.000056
-0.000012
0.000006
0.000019
0.000039
0.000023
-0.000040
-0.000100
-0.000138
-0.000172
-0.000173
-0.000135
-0.000120
-0.000165
-0.000223
-0.000242
-0.000221
-0.000171
-0.000112
-0.000051
0.000055
0.000234
0.000409
0.000444
0.000293
0.000086
-0.000001
0.000056
0.000148
0.000165
0.000084
-0.000010
-0.000031
-0.000003
0.000021
0.000047
0.000114
0.000234
0.000331
0.000320
0.000256
0.000220
0.000152
0.000008
-0.000131
-0.000206
-0.000261
-0.000366
-0.000495
-0.000527
-0.000402
-0.000227
-0.000144
-0.000135
-0.000076
0.000025
0.000032
-0.000047
-0.000068
-0.000025
-0.000013
0.000015
0.000144
0.000302
0.000369
0.000348
0.000328
0.000308
0.000207
0.000046
-0.000051
-0.000059
-0.000065
-0.000109
-0.000175
-0.000266
-0.000337
-0.000292
-0.000143
-0.000014
0.000015
-0.000002
0.000019
0.000086
0.000130
0.000070
-0.000100
-0.000248
-0.000212
0.000014
0.000252
0.000334
0.000281
0.000213
0.000187
0.000177
0.000142
0.000093
0.000060
0.000012
-0.000075
-0.000128
-0.000114
-0.000136
-0.000230
-0.000259
-0.000148
-0.000050
-0.000090
-0.000159
-0.000158
-0.000149
-0.000181
-0.000195
-0.000146
-0.000067
0.000009
0.000086
0.000154
0.000200
0.000240
0.000298
0.000392
0.000490
0.000497
0.000348
0.000093
-0.000119
-0.000192
-0.000158
-0.000081
-0.000018
-0.000041
-0.000144
-0.000234
-0.000266
-0.000258
-0.000208
-0.000104
0.000014
0.000070
0.000020
-0.000088
-0.000161
-0.000158
-0.000112
-0.000065
-0.000039
-0.000039
-0.000026
0.000035
0.000091
0.000074
0.000004
-0.000038
0.000031
0.000196
0.000329
0.000337
0.000265
0.000205
0.000199
0.000213
0.000176
0.000086
0.000025
0.000014
-0.000016
-0.000097
-0.000167
-0.000185
-0.000209
-0.000277
-0.000309
-0.000251
-0.000180
-0.000157
-0.000151
-0.000139
-0.000104
-0.000025
0.000051
0.000035
-0.000045
-0.000030
0.000158
0.000363
0.000402
0.000310
0.000229
0.000197
0.000161
0.000092
0.000007
-0.000080
-0.000164
-0.000212
-0.000209
-0.000216
-0.000282
-0.000324
-0.000247
-0.000098
-0.000009
-0.000018
-0.000051
-0.000065
-0.000113
-0.000194
-0.000192
-0.000041
0.000158
0.000287
0.000328
0.000307
0.000293
0.000337
0.000360
0.000257
0.000087
-0.000012
0.000004
0.000062
0.000072
0.000036
0.000022
0.000036
0.000029
-0.000019
-0.000134
-0.000300
-0.000397
-0.000346
-0.000232
-0.000161
-0.000123
-0.000089
-0.000086
-0.000102
-0.000077
0.000006
0.000114
0.000199
0.000226
0.000227
0.000230
0.000186
0.000072
-0.000030
-0.000041
0.000012
0.000002
-0.000115
-0.000209
-0.000170
-0.000042
0.000089
0.000185
0.000243
0.000240
0.000134
-0.000058
-0.000235
-0.000270
-0.000143
0.000009
0.000053
-0.000008
-0.000099
-0.000163
-0.000159
-0.000090
-0.000014
0.000027
0.000051
0.000075
0.000096
0.000123
0.000137
0.000124
0.000122
0.000119
0.000086
0.000092
0.000166
0.000199
0.000135
0.000029
-0.000055
-0.000104
-0.000141
-0.000175
-0.000203
-0.000223
-0.000212
-0.000148
-0.000068
-0.000046
-0.000052
0.000030
0.000150
0.000128
-0.000036
-0.000171
-0.000172
-0.000081
-0.000006
0.000012
0.000028
0.000068
0.000082
0.000033
-0.000029
-0.000029
0.000049
0.000130
0.000121
0.000044
0.000024
0.000095
0.000143
0.000094
0.000004
-0.000038
-0.000022
0.000016
0.000050
0.000057
0.000024
-0.000041
-0.000112
-0.000158
-0.000168
-0.000137
-0.000054
0.000051
0.000089
0.000025
-0.000038
-0.000015
0.000043
0.000080
0.000119
0.000104
-0.000034
-0.000169
-0.000160
-0.000106
-0.000150
-0.000203
-0.000101
0.000098
0.000202
0.000173
0.000115
0.000087
0.000067
0.000034
-0.000006
-0.000014
0.000042
0.000121
0.000140
0.000060
-0.000056
-0.000079
0.000024
0.000116
0.000066
-0.000066
-0.000152
-0.000164
-0.000126
-0.000075
-0.000082
-0.000145
-0.000138
0.000009
0.000164
0.000157
0.000031
-0.000012
0.000090
0.000186
0.000183
0.000174
0.000221
0.000257
0.000217
0.000111
-0.000023
-0.000168
-0.000297
-0.000359
-0.000349
-0.000326
-0.000316
-0.000263
-0.000137
-0.000020
0.000001
-0.000028
-0.000031
-0.000014
0.000021
0.000112
0.000239
0.000305
0.000261
0.000153
0.000053
0.000001
0.000000
0.000025
0.000061
0.000116
0.000158
0.000128
0.000031
-0.000052
-0.000055
-0.000015
0.000000
0.000010
0.000049
0.000061
-0.000036
-0.000206
-0.000310
-0.000280
-0.000193
-0.000110
-0.000034
-0.000024
-0.000104
-0.000129
-0.000018
0.000088
0.000066
-0.000010
-0.000014
0.000084
0.000201
0.000239
0.000210
0.000195
0.000194
0.000136
0.000025
-0.000046
-0.000062
-0.000077
-0.000088
-0.000099
-0.000125
-0.000119
-0.000060
-0.000008
0.000035
0.000109
0.000142
0.000033
-0.000138
-0.000239
-0.000254
-0.000201
-0.000088
0.000041
0.000128
0.000147
0.000119
0.000098
0.000113
0.000145
0.000180
0.000211
0.000165
0.000027
-0.000078
-0.000093
-0.000115
-0.000179
-0.000195
-0.000113
0.000010
0.000089
0.000093
0.000053
0.000012
-0.000005
0.000008
0.000005
-0.000054
-0.000106
-0.000080
-0.000043
-0.000090
-0.000168
-0.000171
-0.000108
-0.000047
0.000013
0.000087
0.000148
0.000200
0.000257
0.000313
0.000342
0.000303
0.000212
0.000139
0.000075
-0.000043
-0.000200
-0.000313
-0.000345
-0.000362
-0.000407
-0.000425
-0.000377
-0.000272
-0.000133
-0.000008
0.000062
0.000074
0.000055
0.000055
0.000119
0.000224
0.000301
0.000320
0.000273
0.000144
0.000000
-0.000033
0.000032
0.000093
0.000099
0.000041
-0.000055
-0.000093
-0.000032
0.000027
-0.000003
-0.000056
-0.000047
0.000002
0.000042
0.000064
0.000052
-0.000014
-0.000086
-0.000128
-0.000161
-0.000143
-0.000009
0.000148
0.000185
0.000133
0.000090
0.000041
-0.000056
-0.000115
-0.000016
0.000160
0.000179
-0.000005
-0.000180
-0.000182
-0.000069
0.000013
-0.000007
-0.000087
-0.000115
-0.000021
0.000121
0.000170
0.000105
0.000032
-0.000001
-0.000050
-0.000142
-0.000219
-0.000213
-0.000109
0.000020
0.000054
-0.000001
-0.000025
0.000010
0.000024
0.000001
0.000007
0.000059
0.000090
0.000090
0.000130
0.000183
0.000153
0.000053
-0.000019
-0.000036
-0.000033
-0.000016
0.000010
0.000018
-0.000008
-0.000059
-0.000107
-0.000105
-0.000037
0.000044
0.000090
0.000056
-0.000071
-0.000178
-0.000137
-0.000018
0.000048
0.000091
0.000179
0.000224
0.000115
-0.000076
-0.000166
-0.000111
-0.000049
-0.000073
-0.000127
-0.000140
-0.000124
-0.000123
-0.000142
-0.000107
0.000012
0.000115
0.000145
0.000175
0.000221
0.000208
0.000149
0.000130
0.000137
0.000088
-0.000008
-0.000081
-0.000122
-0.000169
-0.000190
-0.000142
-0.000073
-0.000038
-0.000012
0.000028
0.000063
0.000076
0.000071
0.000063
0.000047
0.000017
0.000032
0.000104
0.000092
-0.000070
-0.000200
-0.000165
-0.000086
-0.000075
-0.000096
-0.000097
-0.000075
-0.000031
0.000042
0.000121
0.000164
0.000158
0.000148
0.000186
0.000241
0.000218
0.000104
-0.000019
-0.000098
-0.000134
-0.000108
-0.000024
0.000029
-0.000011
-0.000083
-0.000110
-0.000097
-0.000084
-0.000063
-0.000005
0.000038
-0.000009
-0.000109
-0.000151
-0.000112
-0.000070
-0.000064
-0.000014
0.000132
0.000273
0.000282
0.000155
-0.000015
-0.000130
-0.000123
0.000003
0.000144
0.000188
0.000120
-0.000004
-0.000109
-0.000123
-0.000069
-0.000059
-0.000125
-0.000179
-0.000168
-0.000132
-0.000107
-0.000080
-0.000039
-0.000011
-0.000034
-0.000078
-0.000062
0.000047
0.000181
0.000241
0.000203
0.000151
0.000143
0.000134
0.000060
-0.000050
-0.000122
-0.000125
-0.000053
0.000050
0.000080
0.000024
-0.000003
0.000021
-0.000004
-0.000078
-0.000099
-0.000066
-0.000039
0.000010
0.000090
0.000107
0.000012
-0.000086
-0.000050
0.000073
0.000112
0.000024
-0.000077
-0.000095
-0.000043
-0.000000
-0.000010
-0.000022
0.000038
0.000134
0.000150
0.000049
-0.000056
-0.000073
-0.000075
-0.000146
-0.000205
-0.000162
-0.000075
-0.000021
0.000016
0.000064
0.000093
0.000083
0.000076
0.000107
0.000146
0.000138
0.000072
-0.000001
-0.000009
0.000046
0.000073
0.000019
-0.000047
-0.000056
-0.000037
-0.000034
-0.000053
-0.000086
-0.000121
-0.000126
-0.000074
0.000011
0.000081
0.000107
0.000071
0.000008
-0.000016
-0.000005
-0.000016
-0.000063
-0.000097
-0.000061
0.000033
0.000108
0.000128
0.000106
0.000030
-0.000083
-0.000140
-0.000099
-0.000034
-0.000014
-0.000020
0.000028
0.000150
0.000222
0.000160
0.000068
0.000080
0.000177
0.000220
0.000132
-0.000022
-0.000142
-0.000217
-0.000275
-0.000278
-0.000203
-0.000125
-0.000095
-0.000091
-0.000109
-0.000170
-0.000239
-0.000239
-0.000143
-0.000008
0.000103
0.000177
0.000247
0.000318
0.000316
0.000204
0.000091
0.000103
0.000210
0.000264
0.000188
0.000043
-0.000099
-0.000203
-0.000227
-0.000187
-0.000180
-0.000215
-0.000187
-0.000079
-0.000020
-0.000068
-0.000116
-0.000071
0.000020
0.000083
0.000147
0.000229
0.000225
0.000105
0.000024
0.000086
0.000168
0.000111
-0.000045
-0.000124
-0.000039
0.000092
0.000103
0.000011
-0.000024
0.000020
0.000005
-0.000102
-0.000177
-0.000173
-0.000153
-0.000127
-0.000076
-0.000033
-0.000013
-0.000001
-0.000001
-0.000018
-0.000042
-0.000040
0.000017
0.000095
0.000150
0.000174
0.000157
0.000088
0.000013
-0.000000
0.000041
0.000055
-0.000015
-0.000118
-0.000161
-0.000117
-0.000036
0.000026
0.000056
0.000076
0.000076
0.000023
-0.000035
-0.000018
0.000063
0.000119
0.000090
-0.000004
-0.000093
-0.000126
-0.000105
-0.000073
-0.000037
0.000024
0.000080
0.000078
0.000043
0.000032
0.000055
0.000081
0.000074
0.000039
-0.000003
-0.000064
-0.000144
-0.000203
-0.000197
-0.000146
-0.000120
-0.000127
-0.000097
-0.000017
0.000058
0.000086
0.000041
-0.000032
-0.000016
0.000113
0.000221
0.000207
0.000145
0.000122
0.000103
0.000057
0.000028
0.000035
0.000045
0.000035
0.000004
-0.000039
-0.000076
-0.000098
-0.000080
-0.000015
0.000031
-0.000001
-0.000069
-0.000124
-0.000154
-0.000117
0.000002
0.000070
-0.000020
-0.000141
-0.000153
-0.000120
-0.000131
-0.000143
-0.000112
-0.000075
-0.000023
0.000104
0.000239
0.000249
0.000169
0.000133
0.000155
0.000177
0.000176
0.000156
0.000135
0.000121
0.000122
0.000165
0.000201
0.000135
-0.000003
-0.000113
-0.000195
-0.000263
-0.000276
-0.000248
-0.000245
-0.000275
-0.000288
-0.000234
-0.000114
-0.000020
-0.000034
-0.000088
-0.000036
0.000139
0.000312
0.000412
0.000436
0.000368
0.000246
0.000153
0.000078
-0.000025
-0.000112
-0.000139
-0.000142
-0.000173
-0.000227
-0.000270
-0.000281
-0.000235
-0.000127
-0.000040
-0.000044
-0.000081
-0.000068
-0.000017
0.000025
0.000060
0.000088
0.000096
0.000119
0.000171
0.000200
0.000171
0.000108
0.000069
0.000091
0.000127
0.000125
0.000079
-0.000017
-0.000108
-0.000104
-0.000032
0.000021
0.000041
0.000010
-0.000085
-0.000148
-0.000104
-0.000054
-0.000098
-0.000167
-0.000175
-0.000113
-0.000011
0.000080
0.000113
0.000083
0.000017
-0.000020
0.000038
0.000145
0.000170
0.000066
-0.000064
-0.000122
-0.000117
-0.000081
-0.000015
0.000027
-0.000012
-0.000066
-0.000035
0.000048
0.000084
0.000078
0.000107
0.000159
0.000169
0.000137
0.000049
-0.000119
-0.000270
-0.000294
-0.000222
-0.000117
0.000006
0.000104
0.000090
-0.000007
-0.000041
0.000021
0.000068
0.000072
0.000118
0.000188
0.000165
0.000042
-0.000046
-0.000037
-0.000012
-0.000024
-0.000043
-0.000060
-0.000088
-0.000105
-0.000070
0.000003
0.000045
0.000047
0.000039
0.000020
-0.000002
0.000001
0.000020
0.000019
-0.000009
0.000005
0.000075
0.000095
0.000021
-0.000076
-0.000130
-0.000096
0.000010
0.000104
0.000149
0.000165
0.000170
0.000141
0.000046
-0.000067
-0.000096
-0.000048
-0.000038
-0.000121
-0.000232
-0.000295
-0.000298
-0.000271
-0.000226
-0.000153
-0.000061
0.000015
0.000041
0.000041
0.000095
0.000207
0.000284
0.000278
0.000228
0.000154
0.000047
-0.000037
-0.000016
0.000070
0.000104
0.000059
0.000003
-0.000021
-0.000022
-0.000001
0.000033
0.000037
0.000008
-0.000023
-0.000071
-0.000142
-0.000166
-0.000096
0.000007
0.000073
0.000096
0.000062
-0.000038
-0.000141
-0.000158
-0.000070
0.000029
0.000028
-0.000031
-0.000021
0.000076
0.000158
0.000162
0.000119
0.000040
-0.000075
-0.000178
-0.000236
-0.000232
-0.000133
0.000016
0.000117
0.000152
0.000150
0.000112
0.000057
0.000023
0.000013
0.000023
0.000045
0.000047
0.000015
-0.000022
-0.000023
0.000031
0.000106
0.000110
0.000016
-0.000074
-0.000074
-0.000032
-0.000037
-0.000100
-0.000154
-0.000167
-0.000170
-0.000174
-0.000131
-0.000026
0.000081
0.000130
0.000121
0.000101
0.000087
0.000060
0.000050
0.000095
0.000128
0.000071
-0.000039
-0.000107
-0.000102
-0.000044
0.000023
0.000052
0.000042
0.000036
0.000069
0.000118
0.000131
0.000099
0.000065
0.000029
-0.000049
-0.000136
-0.000135
-0.000039
0.000025
-0.000037
-0.000131
-0.000134
-0.000099
-0.000113
-0.000122
-0.000060
0.000024
0.000047
-0.000006
-0.000070
-0.000074
-0.000026
0.000018
0.000030
0.000026
0.000066
0.000175
0.000260
0.000246
0.000176
0.000088
