5600
0.000012
0.000089
0.000166
0.000231
0.000279
0.000326
0.000336
0.000270
0.000176
0.000126
0.000117
0.000081
-0.000010
-0.000085
-0.000079
-0.000056
-0.000103
-0.000178
-0.000197
-0.000161
-0.000111
-0.000068
-0.000051
-0.000065
-0.000083
-0.000083
-0.000069
-0.000065
-0.000084
-0.000079
0.000000
0.000100
0.000121
0.000062
0.000024
0.000059
0.000114
0.000148
0.000167
0.000151
0.000052
-0.000114
-0.000221
-0.000157
-0.000015
-0.000014
-0.000178
-0.000300
-0.000255
-0.000121
-0.000009
0.000061
0.000111
0.000140
0.000128
0.000096
0.000102
0.000158
0.000197
0.000174
0.000136
0.000122
0.000072
-0.000060
-0.000195
-0.000231
-0.000149
-0.000015
0.000075
0.000084
0.000038
-0.000023
-0.000056
-0.000040
0.000029
0.000100
0.000080
-0.000026
-0.000107
-0.000081
0.000013
0.000063
0.000029
-0.000007
-0.000009
-0.000036
-0.000092
-0.000126
-0.000127
-0.000131
-0.000141
-0.000108
-0.000015
0.000071
0.000105
0.000108
0.000097
0.000099
0.000138
0.000188
0.000180
0.000085
-0.000003
-0.000015
-0.000040
-0.000132
-0.000174
-0.000073
0.000063
0.000050
-0.000092
-0.000148
-0.000056
0.000021
0.000004
0.000001
0.000071
0.000144
0.000138
0.000047
-0.000056
-0.000091
-0.000051
0.000010
0.000053
0.000077
0.000092
0.000102
0.000064
-0.000030
-0.000103
-0.000148
-0.000225
-0.000277
-0.000210
-0.000053
0.000095
0.000159
0.000147
0.000096
0.000026
-0.000006
0.000055
0.000123
0.000059
-0.000082
-0.000129
-0.000063
0.000011
0.000020
-0.000056
-0.000113
0.000015
0.000272
0.000401
0.000296
0.000093
-0.000027
-0.000033
-0.000020
-0.000038
-0.000046
-0.000058
-0.000118
-0.000178
-0.000158
-0.000089
-0.000093
-0.000185
-0.000232
-0.000177
-0.000120
-0.000121
-0.000114
-0.000054
0.000015
0.000078
0.000171
0.000244
0.000216
0.000127
0.000079
0.000079
0.000070
0.000041
0.000024
0.000016
-0.000024
-0.000073
-0.000043
0.000039
0.000056
0.000005
-0.000011
0.000040
0.000095
0.000102
0.000050
-0.000042
-0.000113
-0.000113
-0.000066
-0.000027
-0.000008
-0.000011
-0.000034
-0.000034
-0.000017
-0.000034
-0.000047
0.000006
0.000063
0.000066
0.000077
0.000134
0.000165
0.000125
0.000055
0.000009
0.000008
0.000040
0.000045
-0.000021
-0.000128
-0.000211
-0.000242
-0.000217
-0.000125
-0.000021
-0.000007
-0.000055
-0.000021
0.000096
0.000138
0.000049
-0.000055
-0.000090
-0.000081
-0.000056
0.000018
0.000168
0.000296
0.000273
0.000139
0.000056
0.000066
0.000047
-0.000051
-0.000117
-0.000077
-0.000010
-0.000015
-0.000057
-0.000042
-0.000009
-0.000047
-0.000088
-0.000042
0.000001
-0.000047
-0.000116
-0.000114
-0.000054
0.000012
0.000061
0.000091
0.000107
0.000120
0.000115
0.000059
-0.000032
-0.000080
-0.000056
-0.000022
-0.000035
-0.000056
-0.000028
0.000022
0.000031
-0.000012
-0.000074
-0.000122
-0.000143
-0.000120
-0.000039
0.000052
0.000095
0.000127
0.000189
0.000200
0.000084
-0.000079
-0.000148
-0.000099
-0.000023
0.000015
0.000007
-0.000041
-0.000088
-0.000064
0.000042
0.000164
0.000199
0.000092
-0.000068
-0.000122
-0.000058
0.000001
0.000036
0.000122
0.000178
0.000046
-0.000208
-0.000351
-0.000321
-0.000252
-0.000213
-0.000134
0.000025
0.000211
0.000321
0.000279
0.000156
0.000098
0.000138
0.000185
0.000173
0.000118
0.000078
0.000091
0.000128
0.000124
0.000065
-0.000043
-0.000180
-0.000253
-0.000222
-0.000190
-0.000206
-0.000201
-0.000144
-0.000060
0.000031
0.000096
0.000118
0.000100
0.000046
-0.000004
0.000012
0.000088
0.000140
0.000123
0.000069
0.000003
-0.000038
0.000001
0.000063
0.000018
-0.000112
-0.000185
-0.000140
-0.000014
0.000094
0.000075
-0.000049
-0.000121
-0.000088
-0.000076
-0.000136
-0.000130
-0.000014
0.000069
0.000058
0.000039
0.000028
-0.000052
-0.000159
-0.000124
0.000062
0.000221
0.000241
0.000141
-0.000003
-0.000088
-0.000062
0.000039
0.000146
0.000183
0.000111
-0.000013
-0.000099
-0.000103
-0.000064
-0.000042
-0.000049
-0.000075
-0.000125
-0.000151
-0.000088
0.000027
0.000064
-0.000011
-0.000077
-0.000030
0.000065
0.000109
0.000083
0.000029
0.000002
0.000026
0.000065
0.000054
-0.000029
-0.000117
-0.000133
-0.000075
0.000021
0.000105
0.000118
0.000039
-0.000055
-0.000057
0.000021
0.000066
0.000034
-0.000018
-0.000032
0.000008
0.000084
0.000122
0.000066
-0.000024
-0.000035
0.000055
0.000141
0.000143
0.000086
0.000009
-0.000042
-0.000030
-0.000028
-0.000083
-0.000092
-0.000034
-0.000029
-0.000055
0.000054
0.000271
0.000319
0.000073
-0.000212
-0.000265
-0.000143
-0.000055
-0.000063
-0.000127
-0.000232
-0.000307
-0.000218
0.000011
0.000169
0.000143
0.000047
0.000050
0.000157
0.000226
0.000154
0.000014
-0.000052
-0.000063
-0.000108
-0.000096
0.000086
0.000282
0.000289
0.000182
0.000124
0.000097
0.000027
-0.000057
-0.000104
-0.000115
-0.000123
-0.000153
-0.000182
-0.000191
-0.000232
-0.000318
-0.000334
-0.000210
-0.000072
-0.000057
-0.000104
-0.000080
-0.000008
0.000040
0.000099
0.000174
0.000153
0.000021
-0.000067
-0.000018
0.000076
0.000117
0.000091
0.000029
0.000008
0.000082
0.000178
0.000198
0.000157
0.000101
0.000058
0.000051
0.000048
0.000018
0.000005
0.000026
0.000013
-0.000049
-0.000071
-0.000025
0.000013
0.000024
0.000060
0.000112
0.000112
0.000028
-0.000083
-0.000119
-0.000061
0.000028
0.000116
0.000182
0.000152
-0.000009
-0.000168
-0.000155
0.000002
0.000117
0.000108
0.000045
0.000004
0.000007
0.000062
0.000118
0.000098
0.000003
-0.000080
-0.000084
-0.000033
-0.000008
-0.000038
-0.000095
-0.000163
-0.000218
-0.000226
-0.000185
-0.000116
-0.000048
-0.000016
-0.000012
0.000013
0.000063
0.000090
0.000065
0.000021
-0.000022
-0.000069
-0.000073
0.000008
0.000090
0.000064
-0.000033
-0.000089
-0.000089
-0.000098
-0.000102
-0.000055
0.000004
0.000001
-0.000052
-0.000060
0.000007
0.000055
0.000043
0.000039
0.000084
0.000139
0.000149
0.000099
0.000030
-0.000019
-0.000035
-0.000014
0.000022
0.000032
0.000010
-0.000014
-0.000033
-0.000058
-0.000072
-0.000062
-0.000079
-0.000173
-0.000274
-0.000258
-0.000125
-0.000033
-0.000076
-0.000141
-0.000098
0.000033
0.000170
0.000244
0.000235
0.000204
0.000239
0.000337
0.000414
0.000413
0.000336
0.000235
0.000167
0.000130
0.000098
0.000077
0.000053
0.000017
0.000018
0.000042
-0.000020
-0.000180
-0.000318
-0.000337
-0.000261
-0.000179
-0.000148
-0.000158
-0.000170
-0.000157
-0.000126
-0.000071
0.000025
0.000128
0.000181
0.000172
0.000156
0.000195
0.000252
0.000232
0.000124
0.000004
-0.000084
-0.000164
-0.000235
-0.000242
-0.000193
-0.000172
-0.000195
-0.000207
-0.000183
-0.000152
-0.000143
-0.000147
-0.000127
-0.000075
-0.000030
-0.000005
0.000028
0.000061
0.000073
0.000077
0.000060
0.000015
0.000006
0.000063
0.000113
0.000121
0.000129
0.000148
0.000147
0.000113
0.000065
0.000034
0.000030
0.000030
-0.000032
-0.000164
-0.000236
-0.000166
-0.000017
0.000121
0.000209
0.000232
0.000171
-0.000003
-0.000224
-0.000361
-0.000382
-0.000374
-0.000405
-0.000436
-0.000399
-0.000309
-0.000213
-0.000117
0.000017
0.000203
0.000391
0.000523
0.000582
0.000574
0.000546
0.000578
0.000666
0.000661
0.000457
0.000171
-0.000031
-0.000131
-0.000162
-0.000123
-0.000059
-0.000059
-0.000137
-0.000188
-0.000112
0.000055
0.000170
0.000129
-0.000015
-0.000094
-0.000049
0.000018
0.000042
0.000037
-0.000041
-0.000221
-0.000372
-0.000372
-0.000317
-0.000361
-0.000465
-0.000485
-0.000395
-0.000258
-0.000132
-0.000069
-0.000084
-0.000076
0.000027
0.000153
0.000250
0.000350
0.000396
0.000314
0.000175
0.000121
0.000172
0.000184
0.000036
-0.000173
-0.000231
-0.000111
0.000032
0.000120
0.000172
0.000114
-0.000105
-0.000295
-0.000269
-0.000109
0.000010
0.000024
-0.000028
-0.000044
0.000050
0.000063
-0.000626
-0.001911
-0.002133
-0.000395
0.001801
0.002889
0.003029
0.002881
0.002469
0.001688
0.000891
0.000388
0.000030
-0.000372
-0.000806
-0.001197
-0.001486
-0.001698
-0.001928
-0.002188
-0.002373
-0.002439
-0.002661
-0.003341
-0.004099
-0.004156
-0.003468
-0.002837
-0.002663
-0.002217
-0.000750
0.001225
0.002840
0.004367
0.006413
0.008360
0.009090
0.008657
0.008050
0.007612
0.006674
0.004698
0.002095
-0.000283
-0.002101
-0.003599
-0.004954
-0.006052
-0.006740
-0.006902
-0.006494
-0.005648
-0.004468
-0.002943
-0.001366
-0.000295
0.000205
0.000709
0.001537
0.002158
0.001861
0.000828
-0.000116
-0.000658
-0.001166
-0.001820
-0.002280
-0.002300
-0.002088
-0.001790
-0.001159
-0.000035
0.001298
0.002398
0.003000
0.003203
0.003355
0.003581
0.003574
0.003023
0.002140
0.001476
0.001154
0.000778
0.000206
-0.000219
-0.000285
-0.000217
-0.000219
-0.000089
0.000366
0.000861
0.000964
0.000639
0.000209
-0.000043
-0.000207
-0.000661
-0.001542
-0.002467
-0.002996
-0.003190
-0.003377
-0.003543
-0.003393
-0.002944
-0.002506
-0.002133
-0.001538
-0.000619
0.000234
0.000680
0.000959
0.001459
0.002155
0.002771
0.003097
0.003093
0.002937
0.002824
0.002716
0.002465
0.002055
0.001605
0.001138
0.000583
0.000051
-0.000255
-0.000433
-0.000791
-0.001371
-0.001902
-0.002179
-0.002319
-0.002647
-0.003470
-0.004805
-0.006045
-0.006252
-0.005261
-0.004045
-0.003366
-0.002551
-0.000550
0.002280
0.004713
0.006599
0.008684
0.010719
0.011497
0.010817
0.009814
0.009044
0.007644
0.004934
0.001602
-0.001307
-0.003603
-0.005620
-0.007397
-0.008668
-0.009274
-0.009208
-0.008491
-0.007245
-0.005684
-0.003945
-0.002280
-0.001166
-0.000723
-0.000427
0.000064
0.000298
-0.000284
-0.001391
-0.002144
-0.002174
-0.001877
-0.001533
-0.000870
0.000298
0.001656
0.002917
0.004260
0.005878
0.007462
0.008496
0.008793
0.008537
0.008000
0.007262
0.006096
0.004288
0.002144
0.000292
-0.001118
-0.002489
-0.003908
-0.004934
-0.005392
-0.005664
-0.006001
-0.006101
-0.005671
-0.005047
-0.004759
-0.004773
-0.004627
-0.004069
-0.003285
-0.002612
-0.002117
-0.001539
-0.000697
0.000252
0.001090
0.001866
0.002730
0.003557
0.004085
0.004392
0.004856
0.005527
0.005941
0.005724
0.005045
0.004317
0.003677
0.002912
0.001856
0.000692
-0.000324
-0.001257
-0.002296
-0.003333
-0.004055
-0.004409
-0.004663
-0.004966
-0.005103
-0.004830
-0.004263
-0.003762
-0.003630
-0.004088
-0.005023
-0.005541
-0.004672
-0.002820
-0.001472
-0.000931
0.000327
0.003167
0.006337
0.008611
0.010555
0.012792
0.014267
0.013840
0.012322
0.011220
0.010229
0.007786
0.003667
-0.000667
-0.004057
-0.006666
-0.008962
-0.010842
-0.012069
-0.012640
-0.012469
-0.011439
-0.009739
-0.007672
-0.005501
-0.003685
-0.002605
-0.001964
-0.001017
0.000287
0.000960
0.000370
-0.000606
-0.000715
0.000062
0.000892
0.001525
0.002466
0.003885
0.005306
0.006572
0.008038
0.009581
0.010488
0.010435
0.009791
0.008938
0.007860
0.006387
0.004411
0.001974
-0.000468
-0.002384
-0.003907
-0.005457
-0.006884
-0.007839
-0.008480
-0.009072
-0.009371
-0.009039
-0.008377
-0.007940
-0.007648
-0.006917
-0.005535
-0.003891
-0.002379
-0.001000
0.000427
0.001979
0.003608
0.005131
0.006300
0.007078
0.007621
0.007924
0.007893
0.007672
0.007427
0.006967
0.006030
0.004782
0.003607
0.002503
0.001142
-0.000501
-0.002097
-0.003430
-0.004500
-0.005333
-0.005948
-0.006391
-0.006677
-0.006761
-0.006626
-0.006288
-0.005716
-0.004933
-0.004310
-0.004565
-0.005812
-0.006618
-0.005312
-0.002467
-0.000430
0.000194
0.001602
0.005201
0.009249
0.011804
0.013669
0.016161
0.018093
0.017538
0.015110
0.013027
0.011532
0.008653
0.003579
-0.001964
-0.006184
-0.009223
-0.011965
-0.014362
-0.015823
-0.016173
-0.015549
-0.014089
-0.012052
-0.009693
-0.007113
-0.004700
-0.003136
-0.002416
-0.001526
0.000061
0.001264
0.000983
0.000109
0.000405
0.001952
0.003386
0.004257
0.005523
0.007631
0.009565
0.010511
0.011208
0.012447
0.013294
0.012380
0.010164
0.008181
0.006705
0.004686
0.001638
-0.001652
-0.004262
-0.006083
-0.007516
-0.008802
-0.009806
-0.010299
-0.010382
-0.010446
-0.010485
-0.009954
-0.008713
-0.007549
-0.007085
-0.006657
-0.005214
-0.002925
-0.000862
0.000644
0.002269
0.004376
0.006468
0.008021
0.009136
0.010077
0.010669
0.010545
0.009782
0.008895
0.008184
0.007337
0.005771
0.003457
0.001192
-0.000367
-0.001602
-0.003239
-0.005122
-0.006508
-0.007245
-0.007806
-0.008297
-0.008310
-0.007752
-0.007101
-0.006699
-0.006239
-0.005241
-0.003764
-0.002397
-0.001832
-0.002500
-0.003897
-0.004312
-0.002474
0.000421
0.001948
0.002097
0.003591
0.007575
0.011680
0.013950
0.015645
0.017965
0.019106
0.017294
0.014178
0.012250
0.010605
0.006454
-0.000153
-0.006224
-0.010037
-0.012727
-0.015581
-0.018075
-0.019183
-0.018912
-0.017720
-0.015607
-0.012580
-0.009181
-0.006104
-0.003812
-0.002384
-0.001275
0.000366
0.002428
0.003516
0.002943
0.002182
0.003001
0.004992
0.006474
0.007172
0.008324
0.010329
0.011994
0.012569
0.012930
0.013723
0.013769
0.011728
0.008405
0.005793
0.004155
0.001775
-0.002185
-0.006266
-0.008795
-0.010004
-0.011144
-0.012392
-0.012842
-0.012286
-0.011583
-0.011158
-0.010370
-0.008716
-0.006802
-0.005613
-0.005118
-0.004183
-0.002032
0.000657
0.002586
0.003611
0.004860
0.006918
0.008958
0.010124
0.010693
0.011228
0.011428
0.010684
0.009265
0.008064
0.007249
0.005954
0.003551
0.000636
-0.001642
-0.003011
-0.004289
-0.006063
-0.007831
-0.008837
-0.009131
-0.009301
-0.009478
-0.009167
-0.008131
-0.006886
-0.005926
-0.004929
-0.003304
-0.001294
0.000218
0.000827
0.000605
-0.000437
-0.001616
-0.001331
0.000821
0.002846
0.003133
0.003336
0.005945
0.010130
0.013137
0.014699
0.016505
0.018195
0.017566
0.014593
0.011786
0.009914
0.006604
0.000452
-0.006377
-0.011176
-0.014081
-0.016777
-0.019415
-0.020755
-0.020445
-0.019158
-0.017043
-0.013836
-0.009973
-0.006294
-0.003224
-0.000836
0.000979
0.002653
0.004481
0.005791
0.005624
0.004530
0.004309
0.005548
0.006914
0.007451
0.007999
0.009473
0.011138
0.011888
0.012128
0.012726
0.012964
0.011381
0.008196
0.005196
0.003140
0.000840
-0.002697
-0.006636
-0.009566
-0.011275
-0.012412
-0.013171
-0.013288
-0.012838
-0.012187
-0.011397
-0.010228
-0.008484
-0.006339
-0.004457
-0.003354
-0.002497
-0.000790
0.001813
0.004068
0.005234
0.006137
0.007721
0.009500
0.010495
0.010789
0.011002
0.010984
0.010152
0.008681
0.007372
0.006409
0.005052
0.002698
-0.000227
-0.002668
-0.004158
-0.005344
-0.006986
-0.008829
-0.009971
-0.010127
-0.009889
-0.009643
-0.008972
-0.007587
-0.006060
-0.004927
-0.003782
-0.002001
0.000112
0.001650
0.002213
0.001870
0.000626
-0.000847
-0.000965
0.000749
0.002448
0.002548
0.002579
0.005056
0.009269
0.012335
0.013810
0.015618
0.017687
0.017567
0.014743
0.011752
0.009861
0.006815
0.000777
-0.006257
-0.011247
-0.014152
-0.016938
-0.019959
-0.021635
-0.021206
-0.019590
-0.017423
-0.014273
-0.010126
-0.005964
-0.002631
-0.000165
0.001805
0.003684
0.005601
0.006936
0.006812
0.005602
0.004999
0.005825
0.006949
0.007280
0.007545
0.008842
0.010527
0.011218
0.011185
0.011687
0.012334
0.011284
0.008178
0.004949
0.002963
0.001039
-0.002380
-0.006604
-0.009767
-0.011376
-0.012393
-0.013402
-0.013915
-0.013478
-0.012485
-0.011506
-0.010446
-0.008737
-0.006290
-0.003959
-0.002575
-0.001681
-0.000015
0.002614
0.004914
0.006002
0.006667
0.007963
0.009532
0.010379
0.010505
0.010608
0.010641
0.009853
0.008164
0.006488
0.005418
0.004362
0.002422
-0.000284
-0.002700
-0.004146
-0.005138
-0.006559
-0.008369
-0.009679
-0.009988
-0.009731
-0.009435
-0.008885
-0.007672
-0.006117
-0.004857
-0.003775
-0.002186
-0.000028
0.001874
0.002848
0.002868
0.001918
0.000254
-0.000725
0.000262
0.002167
0.002660
0.001874
0.002755
0.006486
0.010417
0.012354
0.013651
0.015751
0.016996
0.015541
0.012781
0.010921
0.008889
0.004080
-0.002917
-0.008808
-0.012284
-0.015105
-0.018459
-0.021027
-0.021416
-0.020261
-0.018634
-0.016195
-0.012428
-0.008130
-0.004432
-0.001506
0.001063
0.003473
0.005608
0.007109
0.007431
0.006568
0.005665
0.005884
0.006794
0.007116
0.006887
0.007418
0.009029
0.010409
0.010734
0.010849
0.011415
0.011339
0.009367
0.006264
0.003854
0.002262
-0.000195
-0.004208
-0.008187
-0.010424
-0.011311
-0.012309
-0.013540
-0.013836
-0.012842
-0.011532
-0.010557
-0.009363
-0.007342
-0.004999
-0.003321
-0.002324
-0.000958
0.001389
0.003881
0.005299
0.005796
0.006685
0.008432
0.009958
0.010332
0.010066
0.010032
0.009936
0.008896
0.007081
0.005589
0.004714
0.003464
0.001171
-0.001341
-0.002930
-0.003821
-0.005124
-0.007018
-0.008523
-0.009015
-0.008988
-0.009088
-0.009109
-0.008397
-0.006954
-0.005545
-0.004566
-0.003448
-0.001627
0.000449
0.001891
0.002617
0.003162
0.003237
0.001923
-0.000112
-0.000590
0.001069
0.002447
0.001828
0.001372
0.003899
0.008148
0.010794
0.011757
0.013448
0.015742
0.015918
0.013407
0.010787
0.009266
0.006560
0.000919
-0.005682
-0.010325
-0.013059
-0.015885
-0.019105
-0.021010
-0.020727
-0.019143
-0.017017
-0.014084
-0.010261
-0.006227
-0.002669
0.000221
0.002600
0.004774
0.006800
0.008014
0.007697
0.006471
0.005943
0.006521
0.006895
0.006322
0.005953
0.006947
0.008516
0.009196
0.009187
0.009719
0.010571
0.010089
0.007767
0.005210
0.003726
0.002306
-0.000727
-0.004939
-0.008185
-0.009575
-0.010466
-0.012066
-0.013559
-0.013610
-0.012533
-0.011554
-0.010773
-0.009260
-0.006830
-0.004547
-0.003194
-0.002041
0.000088
0.002948
0.005111
0.006004
0.006628
0.007949
0.009485
0.010119
0.009791
0.009439
0.009367
0.008787
0.007321
0.005784
0.004885
0.004048
0.002327
-0.000024
-0.001822
-0.002715
-0.003626
-0.005251
-0.007040
-0.008078
-0.008330
-0.008505
-0.008892
-0.008905
-0.008026
-0.006707
-0.005657
-0.004677
-0.003072
-0.000925
0.000890
0.001951
0.002835
0.003997
0.004485
0.002955
0.000300
-0.000638
0.000954
0.002362
0.001494
0.000469
0.002430
0.006424
0.008994
0.009790
0.011479
0.014377
0.015454
0.013389
0.010806
0.009769
0.008202
0.003393
-0.003340
-0.008484
-0.011298
-0.014012
-0.017634
-0.020412
-0.020777
-0.019419
-0.017620
-0.015306
-0.011786
-0.007371
-0.003311
-0.000378
0.001918
0.004457
0.007155
0.008809
0.008509
0.007076
0.006312
0.006653
0.006749
0.005790
0.004897
0.005367
0.006591
0.007081
0.006991
0.007779
0.009344
0.009650
0.007878
0.005859
0.005133
0.004439
0.001849
-0.002055
-0.005087
-0.006664
-0.008152
-0.010327
-0.012247
-0.012915
-0.012725
-0.012591
-0.012397
-0.011208
-0.008865
-0.006457
-0.004869
-0.003513
-0.001176
0.002058
0.004676
0.005845
0.006585
0.008094
0.009818
0.010346
0.009658
0.009061
0.009001
0.008451
0.006847
0.005179
0.004407
0.003899
0.002491
0.000420
-0.001013
-0.001451
-0.001978
-0.003428
-0.005180
-0.006172
-0.006464
-0.006975
-0.007917
-0.008453
-0.008042
-0.007275
-0.006845
-0.006356
-0.004945
-0.002729
-0.000781
0.000375
0.001422
0.003034
0.004612
0.004730
0.002927
0.000843
0.000610
0.001943
0.002357
0.000947
0.000170
0.002251
0.005602
0.007393
0.008122
0.010244
0.013267
0.014099
0.012127
0.010256
0.009947
0.008570
0.003724
-0.002598
-0.006881
-0.009180
-0.012254
-0.016573
-0.019497
-0.019567
-0.018431
-0.017607
-0.016085
-0.012515
-0.007758
-0.003826
-0.001228
0.001267
0.004462
0.007468
0.008875
0.008541
0.007731
0.007525
0.007542
0.006730
0.005164
0.004208
0.004560
0.005137
0.004885
0.004719
0.005999
0.007842
0.008095
0.006753
0.005996
0.006494
0.006139
0.003436
-0.000042
-0.002186
-0.003529
-0.005868
-0.008999
-0.011069
-0.011644
-0.012153
-0.013244
-0.013670
-0.012323
-0.009980
-0.008137
-0.006912
-0.005028
-0.001854
0.001506
0.003697
0.004976
0.006616
0.008768
0.010142
0.010011
0.009370
0.009280
0.009126
0.007813
0.005848
0.004653
0.004325
0.003577
0.001896
0.000375
-0.000098
-0.000243
-0.001152
-0.002595
-0.003557
-0.003922
-0.004574
-0.005875
-0.007014
-0.007230
-0.006952
-0.007072
-0.007474
-0.007152
-0.005761
-0.004112
-0.002904
-0.001743
0.000037
0.002156
0.003692
0.004142
0.003534
0.002263
0.001311
0.001491
0.002174
0.001980
0.001075
0.001297
0.003317
0.005492
0.006704
0.008135
0.010611
0.012444
0.011997
0.010557
0.010196
0.009961
0.007153
0.001864
-0.002940
-0.005899
-0.008785
-0.012857
-0.016475
-0.017839
-0.017789
-0.017907
-0.017562
-0.015120
-0.010980
-0.007158
-0.004415
-0.001690
0.001732
0.005064
0.007234
0.008111
0.008279
0.008217
0.007933
0.007211
0.006134
0.005175
0.004664
0.004354
0.003866
0.003565
0.004261
0.005700
0.006531
0.006364
0.006340
0.006947
0.006987
0.005556
0.003480
0.001754
-0.000082
-0.002767
-0.005738
-0.007969
-0.009522
-0.011158
-0.012876
-0.013791
-0.013377
-0.012140
-0.010793
-0.009342
-0.007322
-0.004573
-0.001523
0.001250
0.003601
0.005738
0.007646
0.008913
0.009321
0.009300
0.009302
0.008984
0.007791
0.006150
0.004999
0.004354
0.003486
0.002282
0.001370
0.000999
0.000669
0.000017
-0.000698
-0.001217
-0.001779
-0.002749
-0.004018
-0.005052
-0.005615
-0.006087
-0.006804
-0.007473
-0.007578
-0.007027
-0.006123
-0.005094
-0.003849
-0.002220
-0.000359
0.001341
0.002679
0.003540
0.003437
0.002242
0.001195
0.001574
0.002554
0.002303
0.001186
0.001512
0.003754
0.005803
0.006647
0.007866
0.010299
0.012039
0.011489
0.010080
0.009809
0.009610
0.006909
0.001967
-0.002415
-0.005225
-0.008203
-0.012223
-0.015592
-0.016889
-0.017092
-0.017385
-0.016935
-0.014542
-0.010856
-0.007446
-0.004768
-0.002066
0.001142
0.004310
0.006549
0.007538
0.007690
0.007596
0.007417
0.006897
0.005958
0.005019
0.004507
0.004247
0.003825
0.003575
0.004306
0.005724
0.006398
0.005975
0.005833
0.006633
0.007007
0.005777
0.003827
0.002386
0.000936
-0.001563
-0.004563
-0.006779
-0.008304
-0.010187
-0.012358
-0.013523
-0.013119
-0.012054
-0.011200
-0.010248
-0.008425
-0.005652
-0.002602
0.000132
0.002543
0.004874
0.006989
0.008382
0.008927
0.009153
0.009374
0.009071
0.007780
0.006117
0.005097
0.004688
0.003970
0.002699
0.001681
0.001404
0.001304
0.000763
-0.000024
-0.000634
-0.001238
-0.002249
-0.003510
-0.004484
-0.005094
-0.005757
-0.006677
-0.007520
-0.007763
-0.007249
-0.006347
-0.005461
-0.004487
-0.003063
-0.001274
0.000421
0.001836
0.002828
0.002786
0.001649
0.000816
0.001463
0.002609
0.002496
0.001510
0.001817
0.003932
0.005990
0.007036
0.008370
0.010594
0.012006
0.011364
0.010107
0.009904
0.009531
0.006670
0.001836
-0.002294
-0.004908
-0.007677
-0.011394
-0.014576
-0.016001
-0.016438
-0.016751
-0.016129
-0.013686
-0.010299
-0.007433
-0.005180
-0.002574
0.000664
0.003652
0.005520
0.006279
0.006455
0.006463
0.006381
0.006039
0.005365
0.004660
0.004266
0.004062
0.003798
0.003845
0.004746
0.006021
0.006581
0.006401
0.006494
0.007091
0.007134
0.005891
0.004024
0.002383
0.000689
-0.001626
-0.004178
-0.006243
-0.007883
-0.009606
-0.011304
-0.012228
-0.012029
-0.011250
-0.010490
-0.009598
-0.008008
-0.005587
-0.002904
-0.000595
0.001301
0.003149
0.005011
0.006461
0.007244
0.007706
0.008138
0.008145
0.007362
0.006298
0.005662
0.005305
0.004595
0.003538
0.002750
0.002467
0.002267
0.001753
0.000962
0.000098
-0.000782
-0.001813
-0.003062
-0.004277
-0.005185
-0.005939
-0.006794
-0.007526
-0.007662
-0.007166
-0.006446
-0.005711
-0.004725
-0.003260
-0.001488
0.000181
0.001552
0.002667
0.003190
0.002465
0.000935
0.000313
0.001234
0.002057
0.001363
0.000446
0.001512
0.004205
0.006296
0.007384
0.009060
0.011392
0.012345
0.011242
0.009997
0.009764
0.008730
0.005051
0.000056
-0.003718
-0.006223
-0.009211
-0.012802
-0.015249
-0.015829
-0.015709
-0.015559
-0.014370
-0.011474
-0.007973
-0.005220
-0.003114
-0.000749
0.001956
0.004152
0.005244
0.005446
0.005290
0.005048
0.004688
0.004185
0.003691
0.003424
0.003509
0.003794
0.004040
0.004561
0.005883
0.007495
0.008185
0.007865
0.007585
0.007554
0.006759
0.004805
0.002594
0.000751
-0.001194
-0.003593
-0.005892
-0.007544
-0.008774
-0.009947
-0.010833
-0.010964
-0.010323
-0.009318
-0.008286
-0.007214
-0.005878
-0.004145
-0.002178
-0.000318
0.001268
0.002684
0.003974
0.004947
0.005521
0.005983
0.006546
0.006878
0.006605
0.006013
0.005626
0.005399
0.004955
0.004295
0.003683
0.003162
0.002590
0.001916
0.001132
0.000186
-0.000911
-0.002087
-0.003303
-0.004492
-0.005510
-0.006242
-0.006714
-0.006987
-0.006970
-0.006467
-0.005502
-0.004416
-0.003436
-0.002386
-0.001112
0.000161
0.001209
0.002087
0.002594
0.002032
0.000396
-0.000834
-0.000429
0.000667
0.000719
0.000104
0.000875
0.003432
0.005953
0.007519
0.009267
0.011636
0.012946
0.012024
0.010271
0.009418
0.008525
0.005421
0.000398
-0.004055
-0.006901
-0.009419
-0.012336
-0.014435
-0.014762
-0.014225
-0.013778
-0.012659
-0.009910
-0.006389
-0.003737
-0.002189
-0.000682
0.001255
0.002871
0.003454
0.003231
0.002817
0.002486
0.002186
0.001957
0.002106
0.002794
0.003730
0.004557
0.005304
0.006360
0.007916
0.009299
0.009524
0.008672
0.007770
0.007136
0.005948
0.003755
0.001301
-0.000748
-0.002757
-0.004970
-0.006641
-0.007271
-0.007548
-0.008184
-0.008751
-0.008496
-0.007583
-0.006731
-0.006160
-0.005589
-0.004855
-0.004018
-0.003110
-0.002122
-0.001087
-0.000011
0.001126
0.002249
0.003318
0.004477
0.005687
0.006478
0.006603
0.006542
0.006749
0.006857
0.006311
0.005341
0.004525
0.003812
0.002781
0.001571
0.000700
0.000062
-0.000992
-0.002510
-0.003761
-0.004365
-0.004761
-0.005357
-0.005957
-0.006178
-0.005957
-0.005514
-0.004996
-0.004294
-0.003305
-0.002199
-0.001221
-0.000402
0.000390
0.001208
0.001881
0.002053
0.001355
-0.000098
-0.001304
-0.001252
-0.000257
0.000470
0.000692
0.001587
0.003815
0.006320
0.008055
0.009550
0.011359
0.012352
0.011295
0.009041
0.007339
0.006026
0.003345
-0.000989
-0.005084
-0.007652
-0.009474
-0.011406
-0.012750
-0.012623
-0.011562
-0.010558
-0.009411
-0.007318
-0.004510
-0.002210
-0.001148
-0.000819
-0.000360
0.000327
0.000704
0.000523
0.000162
0.000119
0.000519
0.001213
0.002220
0.003748
0.005664
0.007292
0.008103
0.008466
0.009151
0.009956
0.009699
0.007951
0.005750
0.004069
0.002598
0.000677
-0.001418
-0.002989
-0.004073
-0.005116
-0.005894
-0.005788
-0.004973
-0.004471
-0.004792
-0.005284
-0.005214
-0.004820
-0.004784
-0.005208
-0.005602
-0.005572
-0.005086
-0.004233
-0.003035
-0.001484
0.000303
0.002010
0.003436
0.004776
0.006245
0.007483
0.007851
0.007336
0.006593
0.006028
0.005361
0.004265
0.002980
0.001983
0.001324
0.000704
0.000090
-0.000280
-0.000524
-0.001107
-0.002077
-0.002946
-0.003409
-0.003715
-0.004224
-0.004909
-0.005398
-0.005430
-0.005101
-0.004577
-0.003857
-0.002908
-0.001829
-0.000821
0.000034
0.000859
0.001679
0.002233
0.002258
0.001598
0.000222
-0.001266
-0.001752
-0.000971
0.000037
0.000515
0.001205
0.003123
0.005778
0.007830
0.009112
0.010380
0.011305
0.010588
0.008222
0.005793
0.004063
0.001896
-0.001591
-0.005337
-0.007881
-0.009275
-0.010303
-0.010792
-0.010049
-0.008423
-0.007000
-0.005930
-0.004506
-0.002753
-0.001527
-0.001217
-0.001449
-0.001846
-0.002277
-0.002490
-0.002201
-0.001611
-0.001102
-0.000415
0.001056
0.003236
0.005397
0.007162
0.008650
0.009622
0.009545
0.008658
0.007830
0.007149
0.005763
0.003415
0.001105
-0.000244
-0.000937
-0.001694
-0.002405
-0.002557
-0.002318
-0.002272
-0.002445
-0.002436
-0.002364
-0.002884
-0.004159
-0.005517
-0.006350
-0.006718
-0.006897
-0.006874
-0.006458
-0.005551
-0.004157
-0.002275
-0.000058
0.002074
0.003740
0.004864
0.005579
0.006014
0.006165
0.005909
0.005177
0.004166
0.003262
0.002688
0.002393
0.002304
0.002360
0.002372
0.002202
0.001969
0.001794
0.001482
0.000705
-0.000580
-0.002098
-0.003549
-0.004719
-0.005463
-0.005797
-0.005881
-0.005768
-0.005300
-0.004343
-0.003059
-0.001808
-0.000819
-0.000099
0.000407
0.000740
0.000974
0.001158
0.001218
0.000991
0.000287
-0.000953
-0.002166
-0.002243
-0.000816
0.001027
0.002144
0.002987
0.004729
0.007108
0.008716
0.009254
0.009613
0.009690
0.008205
0.005129
0.002271
0.000621
-0.001035
-0.003718
-0.006241
-0.007081
-0.006790
-0.006790
-0.006858
-0.005818
-0.004148
-0.003599
-0.004333
-0.004699
-0.004027
-0.003574
-0.004232
-0.005064
-0.004907
-0.004108
-0.003494
-0.002648
-0.000715
0.001812
0.003695
0.004809
0.006033
0.007602
0.008661
0.008512
0.007515
0.006382
0.005265
0.003983
0.002665
0.001703
0.001238
0.001005
0.000746
0.000591
0.000798
0.001183
0.001134
0.000338
-0.000839
-0.001950
-0.003063
-0.004435
-0.005875
-0.006921
-0.007458
-0.007653
-0.007398
-0.006411
-0.004860
-0.003322
-0.002090
-0.000919
0.000401
0.001582
0.002302
0.002726
0.003098
0.003277
0.003160
0.003067
0.003306
0.003731
0.003995
0.003989
0.003916
0.003963
0.004028
0.003849
0.003325
0.002619
0.001915
0.001153
0.000191
-0.000913
-0.002003
-0.003031
-0.003978
-0.004700
-0.004989
-0.004882
-0.004702
-0.004584
-0.004303
-0.003733
-0.003060
-0.002412
-0.001658
-0.000750
0.000007
0.000358
0.000534
0.000891
0.001362
0.001616
0.001471
0.000818
-0.000239
-0.000918
-0.000299
0.001348
0.002776
0.003561
0.004566
0.006159
0.007355
0.007504
0.007391
0.007563
0.006910
0.004439
0.001326
-0.000631
-0.001695
-0.003330
-0.005404
-0.006430
-0.006257
-0.006245
-0.006740
-0.006496
-0.005119
-0.004103
-0.004530
-0.005318
-0.005008
-0.004056
-0.003754
-0.003885
-0.003247
-0.001809
-0.000565
0.000390
0.001967
0.004287
0.006210
0.006927
0.006948
0.007079
0.007186
0.006598
0.005303
0.004037
0.003265
0.002663
0.001855
0.001187
0.001193
0.001596
0.001504
0.000636
-0.000314
-0.000837
-0.001457
-0.002825
-0.004539
-0.005675
-0.006130
-0.006506
-0.006864
-0.006562
-0.005435
-0.004209
-0.003395
-0.002531
-0.001113
0.000368
0.001098
0.001198
0.001449
0.002073
0.002572
0.002706
0.002885
0.003446
0.004084
0.004372
0.004393
0.004440
0.004412
0.003927
0.002951
0.001932
0.001225
0.000675
0.000001
-0.000713
-0.001200
-0.001479
-0.001818
-0.002352
-0.002946
-0.003390
-0.003673
-0.003957
-0.004209
-0.004143
-0.003685
-0.003154
-0.002717
-0.002105
-0.001122
-0.000061
0.000653
0.001014
0.001350
0.001739
0.001902
0.001739
0.001479
0.001115
0.000199
-0.001329
-0.002373
-0.001641
0.000518
0.002429
0.003447
0.004566
0.006318
0.007619
0.007534
0.006813
0.006410
0.005606
0.003188
-0.000185
-0.002524
-0.003243
-0.003712
-0.004847
-0.005706
-0.005289
-0.004333
-0.004090
-0.004399
-0.004267
-0.003737
-0.003862
-0.004898
-0.005723
-0.005428
-0.004460
-0.003629
-0.002808
-0.001337
0.000767
0.002736
0.004081
0.005088
0.006085
0.006760
0.006631
0.005772
0.004691
0.003778
0.003081
0.002487
0.002067
0.002071
0.002464
0.002741
0.002545
0.002117
0.001736
0.001075
-0.000337
-0.002225
-0.003762
-0.004674
-0.005411
-0.006120
-0.006327
-0.005726
-0.004635
-0.003592
-0.002791
-0.002079
-0.001387
-0.000891
-0.000736
-0.000754
-0.000600
-0.000106
0.000582
0.001239
0.001885
0.002719
0.003719
0.004517
0.004798
0.004647
0.004314
0.003799
0.002929
0.001810
0.000856
0.000324
0.000067
-0.000136
-0.000259
-0.000187
-0.000038
-0.000102
-0.000545
-0.001321
-0.002267
-0.003174
-0.003856
-0.004258
-0.004382
-0.004140
-0.003470
-0.002517
-0.001531
-0.000644
0.000146
0.000815
0.001250
0.001355
0.001157
0.000808
0.000457
0.000129
-0.000274
-0.000902
-0.001768
-0.002437
-0.002104
-0.000313
0.002342
0.004605
0.005870
0.006635
0.007321
0.007480
0.006645
0.005162
0.003629
0.002116
0.000408
-0.001348
-0.002634
-0.003168
-0.003226
-0.003209
-0.003189
-0.003129
-0.003160
-0.003403
-0.003887
-0.004660
-0.005624
-0.006350
-0.006307
-0.005402
-0.004070
-0.002733
-0.001384
0.000187
0.001952
0.003549
0.004551
0.004775
0.004398
0.003835
0.003427
0.003174
0.002864
0.002462
0.002164
0.002129
0.002342
0.002677
0.002954
0.002950
0.002508
0.001684
0.000712
-0.000183
-0.000936
-0.001651
-0.002440
-0.003226
-0.003784
-0.003909
-0.003589
-0.003081
-0.002747
-0.002704
-0.002731
-0.002622
-0.002448
-0.002316
-0.002163
-0.001874
-0.001375
-0.000533
0.000760
0.002308
0.003645
0.004471
0.004796
0.004717
0.004368
0.003874
0.003153
0.002083
0.000925
0.000207
0.000107
0.000246
0.000196
-0.000084
-0.000371
-0.000548
-0.000686
-0.000887
-0.001281
-0.002012
-0.002938
-0.003577
-0.003555
-0.002973
-0.002252
-0.001702
-0.001261
-0.000697
0.000014
0.000625
0.000902
0.000849
0.000662
0.000514
0.000476
0.000565
0.000740
0.000896
0.000993
0.001105
0.001268
0.001391
0.001312
0.000888
0.000149
-0.000562
-0.000825
-0.000601
-0.000293
-0.000268
-0.000446
-0.000442
-0.000023
0.000658
0.001163
0.001143
0.000639
-0.000001
-0.000398
-0.000416
-0.000267
-0.000252
-0.000397
-0.000424
-0.000079
0.000575
0.001158
0.001308
0.000970
0.000356
-0.000188
-0.000402
-0.000366
-0.000437
-0.000828
-0.001286
-0.001345
-0.000866
-0.000201
0.000184
0.000137
-0.000143
-0.000390
-0.000485
-0.000470
-0.000495
-0.000678
-0.000874
-0.000754
-0.000238
0.000378
0.000828
0.001110
0.001272
0.001264
0.001107
0.000915
0.000703
0.000421
0.000113
-0.000098
-0.000153
-0.000106
-0.000022
0.000114
0.000297
0.000411
0.000329
0.000045
-0.000292
-0.000526
-0.000691
-0.000925
-0.001157
-0.001152
-0.000863
-0.000491
-0.000203
-0.000014
0.000104
0.000173
0.000194
0.000153
0.000074
-0.000015
-0.000097
-0.000120
0.000021
0.000375
0.000791
0.001014
0.000993
0.000886
0.000743
0.000484
0.000118
-0.000251
-0.000533
-0.000683
-0.000692
-0.000596
-0.000439
-0.000266
-0.000135
-0.000059
-0.000012
-0.000020
-0.000156
-0.000423
-0.000733
-0.001063
-0.001502
-0.001946
-0.001920
-0.001046
0.000320
0.001267
0.001283
0.000795
0.000590
0.000985
0.001645
0.001965
0.001613
0.000776
0.000037
0.000013
0.000751
0.001559
0.001683
0.001075
0.000422
0.000398
0.000899
0.001183
0.000737
-0.000292
-0.001307
-0.001732
-0.001521
-0.001172
-0.001176
-0.001530
-0.001794
-0.001536
-0.000809
-0.000220
-0.000275
-0.000802
-0.001242
-0.001243
-0.000856
-0.000389
-0.000157
-0.000207
-0.000196
0.000291
0.001169
0.001833
0.001872
0.001505
0.001126
0.000867
0.000759
0.000769
0.000629
0.000157
-0.000334
-0.000330
0.000230
0.000820
0.000903
0.000429
-0.000251
-0.000745
-0.000890
-0.000815
-0.000800
-0.000961
-0.001130
-0.001052
-0.000660
-0.000157
0.000193
0.000286
0.000207
0.000082
-0.000014
-0.000040
-0.000045
-0.000125
-0.000247
-0.000231
0.000051
0.000465
0.000724
0.000714
0.000579
0.000501
0.000477
0.000352
0.000070
-0.000183
-0.000206
-0.000036
0.000173
0.000329
0.000394
0.000365
0.000280
0.000170
0.000017
-0.000216
-0.000514
-0.000780
-0.000878
-0.000749
-0.000469
-0.000188
0.000009
0.000145
0.000227
0.000162
-0.000090
-0.000446
-0.000868
-0.001391
-0.001836
-0.001749
-0.000938
0.000103
0.000647
0.000591
0.000505
0.000846
0.001470
0.001882
0.001730
0.001045
0.000191
-0.000256
0.000072
0.000847
0.001335
0.001279
0.001115
0.001227
0.001418
0.001286
0.000702
-0.000188
-0.001110
-0.001704
-0.001764
-0.001541
-0.001490
-0.001662
-0.001647
-0.001153
-0.000385
0.000153
0.000098
-0.000462
-0.001103
-0.001411
-0.001230
-0.000745
-0.000330
-0.000156
0.000030
0.000542
0.001295
0.001886
0.002019
0.001718
0.001213
0.000775
0.000549
0.000444
0.000274
0.000056
0.000015
0.000225
0.000469
0.000524
0.000351
0.000070
-0.000162
-0.000317
-0.000491
-0.000739
-0.001045
-0.001267
-0.001165
-0.000707
-0.000196
0.000056
0.000024
-0.000130
-0.000243
-0.000259
-0.000265
-0.000360
-0.000498
-0.000517
-0.000332
-0.000031
0.000277
0.000576
0.000782
0.000781
0.000665
0.000579
0.000448
0.000190
-0.000041
-0.000060
0.000098
0.000268
0.000365
0.000422
0.000469
0.000479
0.000414
0.000246
-0.000013
-0.000320
-0.000598
-0.000746
-0.000729
-0.000612
-0.000443
-0.000259
-0.000176
-0.000280
-0.000562
-0.001030
-0.001577
-0.001772
-0.001250
-0.000320
0.000293
0.000313
0.000178
0.000404
0.001030
0.001677
0.001898
0.001516
0.000760
0.000150
0.000167
0.000748
0.001257
0.001220
0.000891
0.000855
0.001214
0.001472
0.001185
0.000434
-0.000423
-0.001116
-0.001463
-0.001420
-0.001268
-0.001365
-0.001606
-0.001534
-0.001025
-0.000494
-0.000395
-0.000728
-0.001121
-0.001253
-0.001096
-0.000814
-0.000569
-0.000406
-0.000201
0.000236
0.000898
0.001518
0.001806
0.001707
0.001420
0.001162
0.000933
0.000644
0.000352
0.000172
0.000168
0.000381
0.000711
0.000839
0.000564
0.000052
-0.000413
-0.000687
-0.000755
-0.000700
-0.000674
-0.000752
-0.000835
-0.000760
-0.000521
-0.000309
-0.000231
-0.000194
-0.000144
-0.000130
-0.000149
-0.000168
-0.000205
-0.000222
-0.000083
0.000214
0.000447
0.000483
0.000431
0.000377
0.000261
0.000102
-0.000002
-0.000086
-0.000225
-0.000330
-0.000239
0.000058
0.000397
0.000614
0.000658
0.000582
0.000475
0.000340
0.000107
-0.000192
-0.000422
-0.000513
-0.000492
-0.000393
-0.000253
-0.000179
-0.000328
-0.000749
-0.001293
-0.001620
-0.001382
-0.000594
0.000185
0.000354
0.000033
-0.000058
0.000460
0.001239
0.001714
0.001615
0.001056
0.000397
0.000120
0.000478
0.001067
0.001223
0.000888
0.000623
0.000770
0.001034
0.000964
0.000511
-0.000131
-0.000787
-0.001188
-0.001143
-0.000927
-0.001000
-0.001341
-0.001425
-0.000970
-0.000359
-0.000134
-0.000384
-0.000800
-0.001081
-0.001087
-0.000815
-0.000478
-0.000364
-0.000409
-0.000214
0.000370
0.001016
0.001329
0.001269
0.001074
0.000917
0.000805
0.000693
0.000534
0.000335
0.000238
0.000387
0.000678
0.000809
0.000593
0.000161
-0.000206
-0.000420
-0.000558
-0.000629
-0.000611
-0.000557
-0.000503
-0.000421
-0.000310
-0.000229
-0.000204
-0.000207
-0.000233
-0.000302
-0.000412
-0.000530
-0.000592
-0.000501
-0.000205
0.000175
0.000403
0.000398
0.000323
0.000365
0.000483
0.000474
0.000283
0.000074
-0.000031
-0.000055
-0.000003
0.000126
0.000231
0.000247
0.000247
0.000296
0.000329
0.000230
-0.000022
-0.000293
-0.000405
-0.000326
-0.000202
-0.000184
-0.000290
-0.000440
-0.000596
-0.000829
-0.001114
-0.001143
-0.000682
-0.000016
0.000325
0.000220
0.000032
0.000143
0.000617
0.001166
0.001371
0.001073
0.000562
0.000297
0.000435
0.000713
0.000818
0.000698
0.000510
0.000482
0.000664
0.000778
0.000537
0.000037
-0.000441
-0.000754
-0.000883
-0.000856
-0.000815
-0.000920
-0.001059
-0.000936
-0.000557
-0.000271
-0.000283
-0.000461
-0.000624
-0.000723
-0.000740
-0.000648
-0.000483
-0.000284
-0.000006
0.000396
0.000832
0.001105
0.001099
0.000917
0.000731
0.000610
0.000545
0.000492
0.000423
0.000390
0.000452
0.000542
0.000511
0.000311
0.000022
-0.000255
-0.000477
-0.000636
-0.000726
-0.000751
-0.000721
-0.000596
-0.000336
-0.000054
0.000065
0.000012
-0.000077
-0.000126
-0.000172
-0.000287
-0.000459
-0.000545
-0.000439
-0.000199
0.000058
0.000266
0.000388
0.000416
0.000425
0.000484
0.000507
0.000385
0.000185
0.000034
-0.000051
-0.000097
-0.000066
0.000083
0.000255
0.000286
0.000169
0.000032
-0.000070
-0.000180
-0.000305
-0.000405
-0.000473
-0.000502
-0.000453
-0.000402
-0.000551
-0.000921
-0.001144
-0.000775
0.000098
0.000799
0.000784
0.000277
-0.000043
0.000172
0.000715
0.001171
0.001230
0.000862
0.000373
0.000214
0.000515
0.000882
0.000888
0.000586
0.000350
0.000374
0.000506
0.000460
0.000114
-0.000392
-0.000791
-0.000928
-0.000879
-0.000867
-0.000993
-0.001119
-0.001055
-0.000801
-0.000539
-0.000443
-0.000539
-0.000708
-0.000759
-0.000603
-0.000334
-0.000098
0.000057
0.000195
0.000440
0.000849
0.001251
0.001381
0.001235
0.001040
0.000876
0.000654
0.000419
0.000293
0.000280
0.000297
0.000289
0.000240
0.000118
-0.000149
-0.000518
-0.000774
-0.000762
-0.000608
-0.000555
-0.000606
-0.000558
-0.000357
-0.000151
-0.000072
-0.000102
-0.000129
-0.000099
-0.000044
0.000014
0.000032
-0.000052
-0.000161
-0.000125
0.000069
0.000253
0.000310
0.000276
0.000231
0.000160
0.000031
-0.000099
-0.000196
-0.000278
-0.000285
-0.000127
0.000151
0.000347
0.000309
0.000128
0.000044
0.000135
0.000229
0.000126
-0.000162
-0.000455
-0.000612
-0.000649
-0.000683
-0.000839
-0.001018
-0.000855
-0.000191
0.000557
0.000802
0.000476
0.000096
0.000137
0.000574
0.001024
0.001119
0.000804
0.000397
0.000337
0.000736
0.001217
0.001322
0.001010
0.000678
0.000634
0.000674
0.000420
-0.000100
-0.000581
-0.000904
-0.001099
-0.001150
-0.001135
-0.001239
-0.001424
-0.001399
-0.001065
-0.000701
-0.000594
-0.000700
-0.000776
-0.000652
-0.000357
-0.000095
-0.000015
0.000009
0.000223
0.000660
0.001101
0.001331
0.001299
0.001101
0.000897
0.000802
0.000813
0.000785
0.000583
0.000300
0.000204
0.000397
0.000593
0.000387
-0.000211
-0.000764
-0.000956
-0.000830
-0.000613
-0.000550
-0.000685
-0.000769
-0.000573
-0.000193
0.000054
-0.000041
-0.000356
-0.000544
-0.000411
-0.000136
-0.000016
-0.000068
-0.000109
-0.000043
0.000141
0.000395
0.000535
0.000412
0.000198
0.000206
0.000415
0.000465
0.000172
-0.000206
-0.000310
-0.000120
0.000116
0.000231
0.000220
0.000129
0.000010
-0.000100
-0.000210
-0.000344
-0.000482
-0.000587
-0.000699
-0.000902
-0.001145
-0.001162
-0.000659
0.000288
0.001049
0.001043
0.000490
0.000116
0.000263
0.000700
0.001025
0.000980
0.000633
0.000399
0.000622
0.001111
0.001337
0.001055
0.000557
0.000293
0.000335
0.000365
0.000135
-0.000318
-0.000829
-0.001178
-0.001185
-0.000996
-0.001001
-0.001281
-0.001464
-0.001219
-0.000703
-0.000369
-0.000419
-0.000628
-0.000691
-0.000516
-0.000208
0.000043
0.000156
0.000282
0.000602
0.001012
0.001258
0.001238
0.001038
0.000826
0.000750
0.000796
0.000770
0.000537
0.000227
0.000129
0.000328
0.000501
0.000276
-0.000258
-0.000651
-0.000625
-0.000340
-0.000193
-0.000376
-0.000671
-0.000748
-0.000540
-0.000283
-0.000226
-0.000336
-0.000398
-0.000312
-0.000177
-0.000151
-0.000262
-0.000366
-0.000308
-0.000080
0.000182
0.000311
0.000243
0.000132
0.000182
0.000334
0.000288
-0.000050
-0.000368
-0.000330
0.000009
0.000320
0.000376
0.000218
0.000076
0.000135
0.000310
0.000337
0.000100
-0.000287
-0.000620
-0.000790
-0.000877
-0.001000
-0.001027
-0.000663
0.000103
0.000851
0.001099
0.000799
0.000395
0.000311
0.000579
0.000929
0.001024
0.000743
0.000354
0.000254
0.000508
0.000781
0.000766
0.000537
0.000359
0.000308
0.000204
-0.000126
-0.000602
-0.000963
-0.001047
-0.000916
-0.000752
-0.000711
-0.000812
-0.000905
-0.000818
-0.000597
-0.000495
-0.000640
-0.000830
-0.000790
-0.000469
-0.000054
0.000216
0.000320
0.000493
0.000847
0.001163
0.001182
0.000899
0.000575
0.000510
0.000715
0.000852
0.000644
0.000238
0.000016
0.000102
0.000238
0.000179
-0.000030
-0.000242
-0.000385
-0.000409
-0.000313
-0.000253
-0.000381
-0.000572
-0.000582
-0.000421
-0.000300
-0.000315
-0.000399
-0.000444
-0.000371
-0.000206
-0.000084
-0.000073
-0.000074
0.000039
0.000239
0.000399
0.000451
0.000396
0.000262
0.000101
-0.000057
-0.000188
-0.000211
-0.000076
0.000112
0.000211
0.000221
0.000208
0.000180
0.000125
0.000041
-0.000084
-0.000270
-0.000500
-0.000680
-0.000722
-0.000725
-0.000831
-0.000876
-0.000539
0.000149
0.000755
0.000936
0.000783
0.000606
0.000590
0.000735
0.000901
0.000889
0.000653
0.000380
0.000318
0.000508
0.000729
0.000765
0.000623
0.000413
0.000189
-0.000057
-0.000342
-0.000682
-0.001023
-0.001193
-0.001085
-0.000861
-0.000779
-0.000870
-0.000919
-0.000795
-0.000630
-0.000559
-0.000539
-0.000491
-0.000390
-0.000189
0.000149
0.000527
0.000786
0.000888
0.000911
0.000913
0.000903
0.000873
0.000774
0.000537
0.000248
0.000166
0.000381
0.000621
0.000607
0.000399
0.000229
0.000171
0.000139
0.000028
-0.000228
-0.000570
-0.000806
-0.000818
-0.000700
-0.000641
-0.000715
-0.000777
-0.000629
-0.000320
-0.000138
-0.000240
-0.000455
-0.000506
-0.000323
-0.000070
0.000078
0.000069
0.000002
0.000056
0.000256
0.000413
0.000382
0.000210
0.000028
-0.000048
0.000035
0.000201
0.000289
0.000211
0.000080
0.000089
0.000215
0.000223
0.000018
-0.000264
-0.000488
-0.000650
-0.000731
-0.000576
-0.000114
0.000374
0.000574
0.000557
0.000569
0.000653
0.000735
0.000775
0.000710
0.000494
0.000248
0.000187
0.000341
0.000507
0.000527
0.000461
0.000425
0.000388
0.000206
-0.000159
-0.000571
-0.000882
-0.001051
-0.001085
-0.001000
-0.000865
-0.000753
-0.000662
-0.000576
-0.000527
-0.000531
-0.000563
-0.000620
-0.000652
-0.000487
-0.000037
0.000493
0.000797
0.000809
0.000737
0.000773
0.000877
0.000862
0.000671
0.000499
0.000545
0.000663
0.000564
0.000280
0.000091
0.000117
0.000276
0.000406
0.000305
-0.000067
-0.000442
-0.000560
-0.000487
-0.000455
-0.000528
-0.000593
-0.000544
-0.000381
-0.000224
-0.000209
-0.000310
-0.000344
-0.000237
-0.000179
-0.000311
-0.000464
-0.000443
-0.000318
-0.000208
-0.000097
0.000022
0.000096
0.000141
0.000202
0.000239
0.000188
0.000067
-0.000028
0.000002
0.000142
0.000241
0.000208
0.000138
0.000124
0.000128
0.000060
-0.000143
-0.000414
-0.000515
-0.000264
0.000205
0.000540
0.000580
0.000507
0.000551
0.000748
0.000936
0.000894
0.000579
0.000200
-0.000004
0.000007
0.000117
0.000226
0.000258
0.000186
0.000072
-0.000043
-0.000188
-0.000391
-0.000634
-0.000830
-0.000895
-0.000872
-0.000844
-0.000803
-0.000688
-0.000498
-0.000330
-0.000278
-0.000307
-0.000278
-0.000138
0.000015
0.000038
-0.000085
-0.000162
0.000092
0.000751
0.001462
0.001728
0.001430
0.000913
0.000608
0.000633
0.000718
0.000552
0.000192
-0.000024
0.000077
0.000262
0.000180
-0.000189
-0.000556
-0.000704
-0.000659
-0.000602
-0.000711
-0.000993
-0.001214
-0.001127
-0.000772
-0.000460
-0.000425
-0.000557
-0.000565
-0.000377
-0.000188
-0.000152
-0.000210
-0.000197
-0.000032
0.000223
0.000431
0.000511
0.000519
0.000535
0.000539
0.000477
0.000366
0.000260
0.000198
0.000173
0.000144
0.000067
-0.000085
-0.000266
-0.000331
-0.000119
0.000324
0.000679
0.000695
0.000472
0.000290
0.000310
0.000455
0.000529
0.000439
0.000292
0.000227
0.000237
0.000215
0.000098
-0.000073
-0.000193
-0.000184
-0.000098
-0.000104
-0.000292
-0.000553
-0.000712
-0.000669
-0.000449
-0.000253
-0.000285
-0.000447
-0.000470
-0.000313
-0.000209
-0.000324
-0.000523
-0.000558
-0.000350
-0.000027
0.000182
0.000156
0.000033
0.000069
0.000369
0.000782
0.001041
0.001029
0.000862
0.000723
0.000683
0.000689
0.000622
0.000406
0.000146
0.000051
0.000113
0.000083
-0.000141
-0.000370
-0.000463
-0.000498
-0.000551
-0.000623
-0.000725
-0.000801
-0.000765
-0.000682
-0.000664
-0.000688
-0.000700
-0.000697
-0.000652
-0.000541
-0.000402
-0.000266
-0.000110
0.000089
0.000302
0.000452
0.000494
0.000472
0.000468
0.000521
0.000559
0.000482
0.000330
0.000238
0.000272
0.000370
0.000372
0.000202
0.000014
0.000001
0.000134
0.000240
0.000264
0.000276
0.000286
0.000249
0.000213
0.000262
0.000347
0.000342
0.000202
0.000013
-0.000087
-0.000067
-0.000026
-0.000049
-0.000110
-0.000153
-0.000169
-0.000167
-0.000153
-0.000169
-0.000269
-0.000417
-0.000492
-0.000455
-0.000407
-0.000463
-0.000593
-0.000610
-0.000401
-0.000092
0.000120
0.000159
0.000076
-0.000021
-0.000053
-0.000020
0.000075
0.000271
0.000571
0.000897
0.001094
0.001032
0.000790
0.000582
0.000462
0.000326
0.000148
-0.000010
-0.000081
-0.000054
-0.000038
-0.000133
-0.000255
-0.000286
-0.000290
-0.000373
-0.000505
-0.000634
-0.000781
-0.000914
-0.000912
-0.000757
-0.000591
-0.000538
-0.000561
-0.000502
-0.000281
-0.000034
0.000047
-0.000038
-0.000102
0.000006
0.000226
0.000331
0.000238
0.000162
0.000284
0.000499
0.000634
0.000676
0.000638
0.000478
0.000281
0.000197
0.000186
0.000147
0.000132
0.000177
0.000217
0.000259
0.000287
0.000160
-0.000088
-0.000230
-0.000214
-0.000171
-0.000141
-0.000062
0.000065
0.000154
0.000160
0.000134
0.000146
0.000226
0.000310
0.000243
0.000009
-0.000183
-0.000181
-0.000083
-0.000030
-0.000015
0.000002
-0.000003
-0.000067
-0.000169
-0.000243
-0.000285
-0.000366
-0.000436
-0.000339
-0.000084
0.000114
0.000129
0.000070
0.000099
0.000209
0.000261
0.000209
0.000144
0.000124
0.000139
0.000182
0.000224
0.000197
0.000099
-0.000012
-0.000121
-0.000227
-0.000295
-0.000327
-0.000379
-0.000480
-0.000570
-0.000554
-0.000450
-0.000364
-0.000315
-0.000274
-0.000263
-0.000274
-0.000230
-0.000108
0.000002
0.000005
-0.000053
-0.000031
0.000135
0.000370
0.000494
0.000402
0.000212
0.000112
0.000124
0.000164
0.000161
0.000106
0.000025
-0.000154
-0.000528
-0.000857
-0.000625
0.000247
0.001107
0.001325
0.000992
0.000624
0.000505
0.000581
0.000673
0.000583
0.000280
-0.000002
-0.000032
0.000093
0.000059
-0.000189
-0.000369
-0.000281
-0.000044
0.000060
-0.000167
-0.000574
-0.000781
-0.000636
-0.000318
-0.000103
-0.000188
-0.000468
-0.000568
-0.000338
-0.000056
-0.000000
-0.000117
-0.000178
-0.000052
0.000174
0.000273
0.000179
0.000103
0.000227
0.000454
0.000586
0.000569
0.000497
0.000450
0.000382
0.000231
0.000053
-0.000051
-0.000047
0.000027
0.000070
-0.000019
-0.000232
-0.000441
-0.000529
-0.000523
-0.000556
-0.000663
-0.000695
-0.000541
-0.000320
-0.000227
-0.000285
-0.000338
-0.000278
-0.000151
-0.000047
-0.000032
-0.000135
-0.000250
-0.000187
0.000074
0.000339
0.000431
0.000368
0.000317
0.000385
0.000461
0.000370
0.000199
0.000221
0.000452
0.000630
0.000642
0.000585
0.000509
0.000394
0.000258
0.000124
-0.000002
-0.000110
-0.000233
-0.000413
-0.000574
-0.000600
-0.000528
-0.000430
-0.000282
-0.000111
-0.000032
-0.000065
-0.000098
-0.000061
0.000003
0.000025
-0.000008
-0.000028
0.000038
0.000173
0.000277
0.000274
0.000208
0.000189
0.000228
0.000204
0.000087
0.000007
0.000008
0.000019
0.000034
0.000082
0.000116
0.000092
0.000029
-0.000035
-0.000089
-0.000119
-0.000085
0.000000
0.000036
-0.000029
-0.000107
-0.000101
-0.000044
-0.000038
-0.000110
-0.000196
-0.000247
-0.000274
-0.000310
-0.000340
-0.000304
-0.000191
-0.000064
0.000030
0.000086
0.000116
0.000132
0.000127
0.000070
-0.000025
-0.000074
-0.000061
-0.000064
-0.000111
-0.000132
-0.000092
-0.000016
0.000080
0.000153
0.000107
-0.000062
-0.000174
-0.000072
0.000131
0.000207
0.000144
0.000082
0.000076
0.000105
0.000146
0.000170
0.000158
0.000114
0.000049
-0.000007
-0.000024
-0.000021
-0.000027
-0.000026
0.000005
0.000043
0.000060
0.000067
0.000082
0.000097
0.000100
0.000116
0.000150
0.000143
0.000050
-0.000078
-0.000166
-0.000199
-0.000158
-0.000035
0.000068
0.000056
0.000008
0.000057
0.000176
0.000221
0.000126
-0.000015
-0.000073
-0.000030
0.000032
0.000061
0.000065
0.000029
-0.000053
-0.000105
-0.000072
-0.000013
-0.000020
-0.000105
-0.000197
-0.000214
-0.000134
0.000006
0.000085
0.000006
-0.000118
-0.000132
-0.000101
-0.000137
-0.000171
-0.000115
-0.000044
-0.000052
-0.000099
-0.000098
-0.000050
-0.000029
-0.000055
-0.000041
0.000066
0.000164
0.000100
-0.000079
-0.000194
-0.000215
-0.000206
-0.000157
-0.000052
0.000048
0.000059
0.000015
0.000042
0.000160
0.000260
0.000290
0.000278
0.000250
0.000247
0.000295
0.000314
0.000225
0.000084
-0.000016
-0.000071
-0.000095
-0.000090
-0.000100
-0.000179
-0.000287
-0.000295
-0.000153
0.000025
0.000113
0.000110
0.000061
-0.000001
-0.000026
0.000012
0.000033
-0.000051
-0.000159
-0.000104
0.000100
0.000241
0.000234
0.000164
0.000069
-0.000021
-0.000008
0.000108
0.000192
0.000159
0.000037
-0.000096
-0.000145
-0.000070
0.000029
0.000028
-0.000044
-0.000070
-0.000032
-0.000042
-0.000157
-0.000260
-0.000237
-0.000145
-0.000059
0.000032
0.000088
0.000068
0.000039
0.000059
0.000088
0.000103
0.000116
0.000069
-0.000078
-0.000194
-0.000164
-0.000078
-0.000048
-0.000038
-0.000028
-0.000044
-0.000044
0.000019
0.000078
0.000057
-0.000041
-0.000169
-0.000230
-0.000135
0.000037
0.000106
0.000013
-0.000129
-0.000158
-0.000021
0.000148
0.000173
0.000057
-0.000054
-0.000067
0.000004
0.000094
0.000153
0.000168
0.000135
0.000066
-0.000015
-0.000072
-0.000059
0.000004
0.000039
0.000015
-0.000023
-0.000032
-0.000033
-0.000053
-0.000068
-0.000072
-0.000070
-0.000016
0.000078
0.000140
0.000142
0.000095
0.000027
-0.000005
0.000027
0.000085
0.000109
0.000093
0.000105
0.000190
0.000274
0.000247
0.000100
-0.000072
-0.000173
-0.000169
-0.000080
0.000034
0.000072
-0.000019
-0.000141
-0.000186
-0.000154
-0.000086
-0.000035
-0.000048
-0.000097
-0.000087
0.000015
0.000099
0.000049
-0.000089
-0.000186
-0.000184
-0.000116
-0.000048
-0.000034
-0.000032
0.000061
0.000239
0.000356
0.000336
0.000243
0.000118
-0.000038
-0.000131
-0.000092
-0.000038
-0.000087
-0.000145
-0.000115
-0.000101
-0.000174
-0.000226
-0.000202
-0.000163
-0.000122
-0.000062
0.000003
0.000068
0.000094
0.000024
-0.000068
-0.000049
0.000060
0.000138
0.000121
0.000022
-0.000065
-0.000034
0.000067
0.000104
0.000083
0.000074
0.000038
-0.000048
-0.000099
-0.000057
0.000028
0.000071
0.000037
-0.000010
0.000008
0.000061
0.000062
0.000038
0.000079
0.000145
0.000162
0.000159
0.000159
0.000107
0.000006
-0.000050
-0.000015
0.000047
0.000029
-0.000111
-0.000273
-0.000295
-0.000142
0.000041
0.000113
0.000084
0.000038
0.000008
-0.000005
0.000027
0.000084
0.000090
0.000024
-0.000072
-0.000131
-0.000080
0.000030
0.000063
0.000002
-0.000076
-0.000136
-0.000147
-0.000066
0.000053
0.000070
-0.000032
-0.000071
0.000050
0.000189
0.000186
0.000053
-0.000073
-0.000097
-0.000064
-0.000044
-0.000022
0.000002
-0.000032
-0.000110
-0.000118
-0.000037
0.000036
0.000057
0.000045
0.000004
-0.000018
0.000048
0.000137
0.000111
-0.000019
-0.000107
-0.000076
0.000035
0.000147
0.000177
0.000097
-0.000013
-0.000065
-0.000072
-0.000082
-0.000106
-0.000146
-0.000185
-0.000159
-0.000052
0.000047
0.000055
-0.000008
-0.000067
-0.000029
0.000113
0.000209
0.000159
0.000077
0.000061
0.000045
-0.000005
-0.000024
0.000011
0.000051
0.000061
0.000034
-0.000012
-0.000047
-0.000041
-0.000021
-0.000050
-0.000118
-0.000140
-0.000078
0.000007
0.000026
-0.000032
-0.000073
-0.000024
0.000063
0.000112
0.000143
0.000142
0.000008
-0.000203
-0.000258
-0.000103
0.000045
0.000018
-0.000095
-0.000100
0.000057
0.000226
0.000249
0.000155
0.000075
0.000057
0.000087
0.000161
0.000240
0.000221
0.000063
-0.000097
-0.000111
-0.000032
-0.000003
-0.000064
-0.000167
-0.000247
-0.000262
-0.000217
-0.000128
-0.000017
0.000053
0.000036
-0.000023
-0.000030
0.000052
0.000146
0.000163
0.000083
-0.000017
-0.000029
0.000049
0.000079
-0.000030
-0.000167
-0.000159
-0.000020
0.000080
0.000064
0.000014
-0.000010
-0.000033
-0.000048
-0.000000
0.000091
0.000102
-0.000014
-0.000105
-0.000061
0.000000
-0.000057
-0.000207
-0.000323
-0.000264
-0.000025
0.000194
0.000210
0.000079
-0.000028
-0.000049
-0.000016
0.000048
0.000112
0.000127
0.000104
0.000068
0.000016
-0.000007
0.000044
0.000120
0.000153
0.000134
0.000125
0.000186
0.000216
0.000109
-0.000043
-0.000121
-0.000126
-0.000103
-0.000100
-0.000136
-0.000163
-0.000139
-0.000083
-0.000043
-0.000017
-0.000004
-0.000051
-0.000136
-0.000137
-0.000023
0.000086
0.000098
0.000041
-0.000009
-0.000013
0.000004
0.000004
-0.000003
-0.000007
-0.000015
-0.000018
0.000012
0.000063
0.000088
0.000070
0.000041
0.000019
-0.000013
-0.000016
0.000036
0.000061
0.000007
-0.000032
0.000008
0.000047
0.000003
-0.000083
-0.000126
-0.000102
-0.000037
0.000052
0.000131
0.000115
-0.000031
-0.000168
-0.000133
-0.000018
-0.000010
-0.000034
0.000052
0.000128
0.000083
0.000048
0.000076
0.000039
-0.000092
-0.000183
-0.000148
-0.000062
-0.000036
-0.000037
-0.000005
-0.000003
-0.000052
-0.000026
0.000114
0.000190
0.000081
-0.000061
-0.000018
0.000171
0.000281
0.000240
0.000174
0.000114
-0.000008
-0.000118
-0.000108
-0.000065
-0.000106
-0.000165
-0.000131
