4800
0.000059
0.000124
0.000207
0.000257
0.000181
0.000052
-0.000007
-0.000041
-0.000139
-0.000254
-0.000313
-0.000334
-0.000347
-0.000309
-0.000172
-0.000002
0.000051
-0.000050
-0.000159
-0.000137
0.000011
0.000209
0.000375
0.000457
0.000444
0.000300
0.000043
-0.000130
-0.000075
0.000073
0.000081
-0.000102
-0.000310
-0.000361
-0.000243
-0.000079
0.000040
0.000087
0.000058
-0.000002
-0.000031
-0.000046
-0.000070
-0.000053
-0.000005
-0.000004
-0.000033
-0.000018
0.000034
0.000068
0.000032
-0.000078
-0.000168
-0.000110
0.000104
0.000331
0.000413
0.000272
-0.000036
-0.000278
-0.000223
0.000091
0.000358
0.000308
-0.000034
-0.000400
-0.000515
-0.000285
0.000081
0.000230
0.000075
-0.000135
-0.000185
-0.000109
-0.000074
-0.000144
-0.000217
-0.000174
-0.000011
0.000173
0.000247
0.000158
-0.000001
-0.000078
0.000000
0.000172
0.000292
0.000281
0.000213
0.000173
0.000154
0.000165
0.000214
0.000209
0.000077
-0.000095
-0.000154
-0.000054
0.000054
-0.000002
-0.000162
-0.000260
-0.000272
-0.000249
-0.000203
-0.000133
-0.000042
0.000045
0.000087
0.000086
0.000063
0.000007
-0.000061
-0.000097
-0.000102
-0.000088
-0.000072
-0.000119
-0.000254
-0.000355
-0.000277
-0.000037
0.000226
0.000396
0.000432
0.000397
0.000400
0.000413
0.000283
-0.000014
-0.000268
-0.000295
-0.000124
0.000059
0.000091
-0.000059
-0.000299
-0.000445
-0.000341
-0.000061
0.000134
0.000105
-0.000038
-0.000136
-0.000127
-0.000010
0.000142
0.000192
0.000088
-0.000029
0.000031
0.000237
0.000354
0.000248
0.000043
-0.000061
-0.000055
-0.000060
-0.000113
-0.000188
-0.000252
-0.000254
-0.000172
-0.000041
0.000083
0.000140
0.000113
0.000050
-0.000002
-0.000058
-0.000119
-0.000112
-0.000024
0.000023
-0.000049
-0.000130
-0.000084
0.000052
0.000135
0.000116
0.000082
0.000117
0.000189
0.000226
0.000240
0.000291
0.000337
0.000273
0.000113
-0.000022
-0.000087
-0.000122
-0.000141
-0.000142
-0.000160
-0.000166
-0.000076
0.000048
0.000059
-0.000041
-0.000126
-0.000115
-0.000031
0.000025
-0.000032
-0.000162
-0.000245
-0.000176
0.000028
0.000104
-0.000161
-0.000479
-0.000451
-0.000143
0.000115
0.000167
0.000091
0.000048
0.000113
0.000245
0.000369
0.000422
0.000374
0.000273
0.000197
0.000161
0.000115
0.000026
-0.000098
-0.000228
-0.000325
-0.000337
-0.000251
-0.000152
-0.000136
-0.000176
-0.000177
-0.000093
0.000039
0.000126
0.000147
0.000158
0.000162
0.000128
0.000074
0.000040
0.000054
0.000056
-0.000056
-0.000238
-0.000309
-0.000175
0.000039
0.000090
-0.000053
-0.000122
0.000059
0.000314
0.000350
0.000097
-0.000210
-0.000298
-0.000162
-0.000034
-0.000089
-0.000231
-0.000230
-0.000033
0.000177
0.000252
0.000250
0.000276
0.000309
0.000280
0.000207
0.000145
0.000098
0.000032
-0.000098
-0.000281
-0.000389
-0.000316
-0.000136
-0.000014
-0.000008
-0.000033
0.000005
0.000095
0.000130
0.000044
-0.000083
-0.000131
-0.000104
-0.000068
-0.000014
0.000077
0.000134
0.000089
-0.000036
-0.000158
-0.000184
-0.000071
0.000083
0.000106
-0.000017
-0.000092
0.000003
0.000176
0.000279
0.000246
0.000113
-0.000006
-0.000018
0.000029
-0.000003
-0.000155
-0.000263
-0.000103
0.000289
0.000563
0.000453
0.000114
-0.000105
-0.000101
-0.000017
0.000038
0.000051
-0.000011
-0.000152
-0.000278
-0.000326
-0.000321
-0.000299
-0.000306
-0.000349
-0.000354
-0.000284
-0.000171
-0.000029
0.000117
0.000198
0.000158
0.000067
0.000084
0.000221
0.000287
0.000155
-0.000026
-0.000029
0.000136
0.000248
0.000172
0.000018
-0.000055
-0.000057
-0.000054
-0.000062
-0.000074
-0.000079
-0.000093
-0.000155
-0.000199
-0.000100
0.000102
0.000224
0.000193
0.000083
-0.000041
-0.000091
0.000034
0.000235
0.000297
0.000208
0.000129
0.000119
0.000078
-0.000040
-0.000135
-0.000128
-0.000050
0.000054
0.000144
0.000173
0.000162
0.000165
0.000130
-0.000020
-0.000209
-0.000326
-0.000374
-0.000348
-0.000204
-0.000001
0.000117
0.000069
-0.000079
-0.000156
-0.000069
0.000079
0.000100
-0.000064
-0.000236
-0.000170
0.000120
0.000321
0.000206
-0.000109
-0.000304
-0.000164
0.000213
0.000502
0.000470
0.000181
-0.000088
-0.000120
0.000016
0.000111
0.000104
0.000046
-0.000078
-0.000258
-0.000350
-0.000270
-0.000130
-0.000048
-0.000006
0.000036
0.000052
0.000017
-0.000019
0.000001
0.000042
0.000061
0.000076
0.000112
0.000148
0.000097
-0.000095
-0.000290
-0.000297
-0.000131
0.000045
0.000137
0.000167
0.000161
0.000092
-0.000017
-0.000047
0.000026
0.000093
0.000109
0.000097
0.000031
-0.000058
-0.000054
0.000038
0.000066
-0.000032
-0.000148
-0.000171
-0.000089
0.000042
0.000127
0.000093
-0.000029
-0.000158
-0.000236
-0.000216
-0.000108
-0.000011
0.000010
0.000004
0.000015
0.000044
0.000132
0.000251
0.000212
-0.000042
-0.000267
-0.000250
-0.000065
0.000056
0.000003
-0.000107
-0.000110
-0.000016
0.000048
0.000060
0.000110
0.000206
0.000242
0.000167
0.000037
-0.000059
-0.000050
0.000087
0.000238
0.000209
0.000012
-0.000107
-0.000013
0.000150
0.000188
0.000092
-0.000038
-0.000137
-0.000180
-0.000184
-0.000175
-0.000121
-0.000042
-0.000087
-0.000294
-0.000456
-0.000394
-0.000139
0.000166
0.000374
0.000362
0.000155
-0.000016
0.000040
0.000206
0.000244
0.000142
0.000041
-0.000028
-0.000097
-0.000128
-0.000082
-0.000046
-0.000124
-0.000221
-0.000145
0.000083
0.000242
0.000228
0.000132
0.000056
0.000073
0.000197
0.000281
0.000186
-0.000019
-0.000160
-0.000190
-0.000213
-0.000298
-0.000394
-0.000420
-0.000320
-0.000118
0.000069
0.000156
0.000178
0.000229
0.000317
0.000343
0.000249
0.000102
0.000023
0.000060
0.000105
0.000042
-0.000074
-0.000113
-0.000056
-0.000019
-0.000081
-0.000184
-0.000226
-0.000194
-0.000147
-0.000099
-0.000022
0.000020
-0.000049
-0.000142
-0.000130
-0.000019
0.000100
0.000155
0.000127
0.000083
0.000141
0.000325
0.000446
0.000277
-0.000086
-0.000321
-0.000287
-0.000122
-0.000036
-0.000135
-0.000343
-0.000415
-0.000204
0.000111
0.000270
0.000230
0.000126
0.000094
0.000176
0.000295
0.000346
0.000273
0.000105
-0.000057
-0.000117
-0.000055
0.000045
0.000041
-0.000101
-0.000256
-0.000291
-0.000191
-0.000068
-0.000030
-0.000081
-0.000160
-0.000194
-0.000115
0.000060
0.000184
0.000111
-0.000116
-0.000273
-0.000181
0.000094
0.000311
0.000318
0.000156
-0.000028
-0.000079
0.000038
0.000179
0.000207
0.000199
0.000254
0.000273
0.000136
-0.000057
-0.000103
0.000018
0.000110
0.000033
-0.000138
-0.000268
-0.000311
-0.000287
-0.000241
-0.000233
-0.000272
-0.000303
-0.000275
-0.000161
-0.000004
0.000057
-0.000019
-0.000077
0.000003
0.000173
0.000326
0.000370
0.000255
0.000034
-0.000122
-0.000048
0.000235
0.000495
0.000485
0.000206
-0.000078
-0.000159
-0.000121
-0.000146
-0.000257
-0.000348
-0.000303
-0.000097
0.000148
0.000255
0.000171
-0.000003
-0.000143
-0.000170
-0.000094
-0.000011
0.000001
-0.000043
-0.000072
-0.000035
0.000069
0.000176
0.000194
0.000129
0.000127
0.000225
0.000244
0.000097
-0.000084
-0.000159
-0.000103
0.000041
0.000155
0.000079
-0.000188
-0.000420
-0.000404
-0.000158
0.000084
0.000082
-0.000108
-0.000221
-0.000149
0.000002
0.000101
0.000094
0.000036
0.000017
0.000084
0.000243
0.000415
0.000445
0.000281
0.000069
-0.000019
0.000004
-0.000003
-0.000090
-0.000203
-0.000277
-0.000252
-0.000123
0.000009
0.000036
-0.000055
-0.000175
-0.000198
-0.000103
-0.000002
0.000023
-0.000002
-0.000021
0.000002
0.000051
0.000054
-0.000028
-0.000152
-0.000196
-0.000055
0.000203
0.000335
0.000222
0.000035
-0.000026
0.000022
0.000056
0.000022
-0.000037
-0.000049
0.000027
0.000167
0.000250
0.000150
-0.000086
-0.000215
-0.000056
0.000239
0.000333
0.000130
-0.000142
-0.000262
-0.000238
-0.000194
-0.000192
-0.000185
-0.000109
0.000017
0.000153
0.000250
0.000169
-0.000101
-0.000243
-0.000044
0.000239
0.000259
0.000046
-0.000133
-0.000121
0.000017
0.000056
-0.000147
-0.000383
-0.000307
0.000023
0.000177
-0.000031
-0.000337
-0.000421
-0.000229
0.000052
0.000213
0.000209
0.000143
0.000103
0.000096
0.000120
0.000150
0.000106
-0.000033
-0.000126
-0.000060
0.000068
0.000130
0.000142
0.000156
0.000166
0.000133
0.000036
-0.000073
-0.000108
-0.000082
-0.000078
-0.000103
-0.000085
-0.000009
0.000026
-0.000031
-0.000124
-0.000196
-0.000185
-0.000033
0.000167
0.000249
0.000177
0.000037
-0.000057
0.000003
0.000216
0.000405
0.000399
0.000226
0.000056
0.000045
0.000170
0.000221
0.000075
-0.000110
-0.000127
-0.000015
0.000063
0.000074
0.000058
0.000022
-0.000039
-0.000108
-0.000129
-0.000078
-0.000053
-0.000126
-0.000187
-0.000145
-0.000092
-0.000123
-0.000209
-0.000303
-0.000371
-0.000363
-0.000271
-0.000187
-0.000183
-0.000205
-0.000167
-0.000088
-0.000019
0.000082
0.000238
0.000357
0.000390
0.000381
0.000334
0.000220
0.000099
0.000060
0.000080
0.000088
0.000119
0.000214
0.000261
0.000115
-0.000164
-0.000346
-0.000280
-0.000077
0.000016
-0.000081
-0.000223
-0.000293
-0.000318
-0.000359
-0.000406
-0.000401
-0.000349
-0.000329
-0.000384
-0.000419
-0.000233
0.000165
0.000375
0.000064
-0.000541
-0.001034
-0.001300
-0.001195
-0.000471
0.000558
0.001189
0.001310
0.001251
0.001039
0.000718
0.000719
0.001132
0.001480
0.001573
0.001606
0.001548
0.001328
0.001114
0.000885
0.000459
-0.000022
-0.000339
-0.000581
-0.000807
-0.000910
-0.000953
-0.001111
-0.001336
-0.001498
-0.001603
-0.001658
-0.001633
-0.001580
-0.001472
-0.001179
-0.000785
-0.000503
-0.000312
-0.000092
0.000134
0.000306
0.000402
0.000405
0.000445
0.000734
0.001208
0.001563
0.001681
0.001600
0.001267
0.000815
0.000711
0.001084
0.001392
0.001140
0.000436
-0.000324
-0.000752
-0.000639
-0.000276
-0.000198
-0.000485
-0.000786
-0.000940
-0.001085
-0.001274
-0.001397
-0.001362
-0.001132
-0.000775
-0.000493
-0.000412
-0.000456
-0.000467
-0.000319
-0.000047
0.000169
0.000254
0.000323
0.000451
0.000561
0.000567
0.000510
0.000510
0.000619
0.000781
0.000870
0.000840
0.000837
0.000985
0.001155
0.001113
0.000829
0.000511
0.000318
0.000163
-0.000082
-0.000317
-0.000381
-0.000319
-0.000326
-0.000555
-0.000929
-0.001124
-0.000973
-0.000779
-0.000882
-0.001146
-0.001213
-0.001024
-0.000874
-0.000962
-0.001135
-0.001207
-0.001136
-0.000785
-0.000106
0.000550
0.000886
0.001067
0.001258
0.001320
0.001233
0.001205
0.001328
0.001543
0.001787
0.001908
0.001738
0.001386
0.001113
0.000929
0.000648
0.000258
-0.000091
-0.000314
-0.000374
-0.000343
-0.000487
-0.000909
-0.001325
-0.001487
-0.001514
-0.001652
-0.001919
-0.002065
-0.001871
-0.001499
-0.001256
-0.001039
-0.000536
0.000101
0.000408
0.000313
0.000126
0.000100
0.000353
0.000863
0.001352
0.001541
0.001546
0.001612
0.001658
0.001520
0.001287
0.001077
0.000888
0.000740
0.000602
0.000360
0.000046
-0.000146
-0.000199
-0.000333
-0.000663
-0.001044
-0.001290
-0.001337
-0.001233
-0.001111
-0.001107
-0.001192
-0.001189
-0.001049
-0.000918
-0.000872
-0.000792
-0.000583
-0.000277
0.000059
0.000355
0.000561
0.000743
0.000990
0.001187
0.001126
0.000853
0.000650
0.000671
0.000815
0.000924
0.000953
0.000919
0.000786
0.000510
0.000158
-0.000181
-0.000470
-0.000620
-0.000584
-0.000566
-0.000782
-0.001053
-0.001153
-0.001527
-0.002692
-0.003711
-0.002816
-0.000174
0.001861
0.001854
0.000677
-0.000326
-0.000443
0.000615
0.002021
0.002263
0.001501
0.001421
0.002357
0.002942
0.002520
0.001656
0.000930
0.000724
0.001026
0.000944
-0.000100
-0.001114
-0.001047
-0.000439
-0.000372
-0.001067
-0.002030
-0.002643
-0.002581
-0.002196
-0.002055
-0.002103
-0.001890
-0.001287
-0.000577
-0.000188
-0.000334
-0.000585
-0.000288
0.000409
0.000823
0.000836
0.000844
0.001073
0.001563
0.002133
0.002238
0.001685
0.001130
0.001063
0.001046
0.000591
-0.000134
-0.000729
-0.000803
-0.000104
0.000792
0.000821
-0.000069
-0.000861
-0.000977
-0.000740
-0.000552
-0.000511
-0.000563
-0.000579
-0.000475
-0.000374
-0.000432
-0.000552
-0.000480
-0.000173
0.000042
-0.000150
-0.000555
-0.000678
-0.000377
0.000010
0.000106
-0.000156
-0.000461
-0.000391
0.000055
0.000413
0.000419
0.000339
0.000493
0.000836
0.001144
0.001225
0.001019
0.000742
0.000679
0.000771
0.000773
0.000681
0.000604
0.000456
0.000158
-0.000115
-0.000238
-0.000382
-0.000652
-0.000858
-0.000956
-0.001161
-0.001369
-0.001247
-0.001009
-0.001106
-0.001307
-0.001132
-0.000844
-0.001002
-0.001548
-0.002080
-0.002187
-0.001260
0.000710
0.002332
0.002376
0.001441
0.000835
0.000947
0.001462
0.001981
0.002117
0.001938
0.002038
0.002496
0.002582
0.001934
0.001102
0.000649
0.000538
0.000425
0.000010
-0.000729
-0.001388
-0.001570
-0.001390
-0.001258
-0.001461
-0.001993
-0.002446
-0.002426
-0.002171
-0.002076
-0.001914
-0.001377
-0.000733
-0.000292
-0.000051
-0.000008
-0.000039
0.000193
0.000659
0.000901
0.000800
0.000700
0.000802
0.001008
0.001242
0.001461
0.001523
0.001419
0.001409
0.001550
0.001452
0.000946
0.000504
0.000492
0.000632
0.000565
0.000274
-0.000143
-0.000555
-0.000804
-0.000958
-0.001213
-0.001474
-0.001465
-0.001207
-0.000986
-0.000992
-0.001177
-0.001340
-0.001245
-0.000865
-0.000516
-0.000485
-0.000625
-0.000572
-0.000270
0.000035
0.000242
0.000481
0.000770
0.000946
0.000964
0.000993
0.001163
0.001384
0.001473
0.001346
0.001137
0.001110
0.001308
0.001444
0.001274
0.000804
0.000181
-0.000352
-0.000570
-0.000562
-0.000617
-0.000829
-0.001160
-0.001568
-0.001754
-0.001395
-0.000953
-0.001479
-0.003201
-0.004903
-0.004938
-0.002709
0.000498
0.002336
0.001809
0.000418
0.000090
0.000935
0.001920
0.002348
0.002092
0.001778
0.002356
0.003502
0.003762
0.002872
0.002089
0.002031
0.002059
0.001582
0.000530
-0.000738
-0.001368
-0.000973
-0.000474
-0.000874
-0.001872
-0.002579
-0.002728
-0.002581
-0.002468
-0.002613
-0.002749
-0.002337
-0.001523
-0.001015
-0.000971
-0.000896
-0.000406
0.000434
0.001139
0.001121
0.000516
0.000283
0.000929
0.001820
0.002157
0.001837
0.001277
0.001010
0.001240
0.001526
0.001325
0.000777
0.000424
0.000437
0.000574
0.000518
0.000111
-0.000397
-0.000548
-0.000301
-0.000117
-0.000347
-0.000828
-0.001125
-0.001056
-0.000913
-0.000999
-0.001130
-0.000978
-0.000606
-0.000330
-0.000339
-0.000620
-0.000917
-0.000909
-0.000616
-0.000405
-0.000416
-0.000343
0.000014
0.000423
0.000572
0.000404
0.000154
0.000186
0.000653
0.001262
0.001590
0.001558
0.001408
0.001318
0.001280
0.001250
0.001161
0.000965
0.000751
0.000577
0.000315
-0.000112
-0.000550
-0.000849
-0.001047
-0.001202
-0.001321
-0.001495
-0.001776
-0.001958
-0.001849
-0.001722
-0.002079
-0.002993
-0.003821
-0.003447
-0.001275
0.001577
0.002981
0.002318
0.001089
0.000719
0.001252
0.002118
0.002655
0.002441
0.002111
0.002613
0.003435
0.003339
0.002427
0.001665
0.001302
0.001029
0.000537
-0.000513
-0.001818
-0.002277
-0.001612
-0.000985
-0.001232
-0.001906
-0.002374
-0.002522
-0.002410
-0.002280
-0.002408
-0.002475
-0.001936
-0.001023
-0.000420
-0.000253
-0.000179
0.000059
0.000531
0.001006
0.001083
0.000805
0.000692
0.000942
0.001256
0.001422
0.001481
0.001528
0.001728
0.002107
0.002295
0.001953
0.001285
0.000752
0.000495
0.000287
-0.000061
-0.000403
-0.000502
-0.000427
-0.000474
-0.000791
-0.001293
-0.001762
-0.001936
-0.001754
-0.001510
-0.001441
-0.001381
-0.001141
-0.000820
-0.000590
-0.000510
-0.000556
-0.000592
-0.000479
-0.000288
-0.000159
-0.000038
0.000226
0.000615
0.000950
0.001171
0.001381
0.001590
0.001683
0.001618
0.001441
0.001227
0.001110
0.001189
0.001335
0.001297
0.001002
0.000536
0.000024
-0.000290
-0.000283
-0.000291
-0.000687
-0.001248
-0.001569
-0.001736
-0.001944
-0.001962
-0.001741
-0.002017
-0.003441
-0.005330
-0.005701
-0.003170
0.000884
0.003253
0.002641
0.000902
0.000184
0.000852
0.002169
0.003007
0.002615
0.001960
0.002655
0.004170
0.004518
0.003448
0.002363
0.001997
0.002123
0.002105
0.000976
-0.001144
-0.002370
-0.001713
-0.000729
-0.000969
-0.002016
-0.002892
-0.003249
-0.003048
-0.002740
-0.003053
-0.003631
-0.003313
-0.002159
-0.001359
-0.001245
-0.001103
-0.000497
0.000500
0.001539
0.001967
0.001567
0.001133
0.001349
0.001755
0.001654
0.001188
0.001006
0.001496
0.002458
0.003184
0.003057
0.002221
0.001305
0.000644
0.000125
-0.000397
-0.000901
-0.001821
-0.003669
-0.004789
-0.002307
0.002611
0.004816
0.002754
0.000414
0.000049
-0.000672
-0.002997
-0.004322
-0.002557
0.000431
0.001322
-0.000359
-0.001941
-0.001701
-0.001558
-0.003467
-0.005204
-0.003919
-0.001299
-0.000365
-0.000134
0.001725
0.004139
0.004912
0.004531
0.004413
0.004426
0.004016
0.003281
0.002474
0.001984
0.002027
0.001901
0.001069
0.000363
0.000185
-0.000817
-0.003092
-0.004749
-0.004782
-0.004582
-0.004794
-0.004279
-0.003038
-0.002864
-0.004983
-0.008919
-0.012687
-0.013302
-0.009092
-0.001735
0.005939
0.012631
0.017058
0.017315
0.014291
0.011380
0.009403
0.006553
0.003251
0.001821
0.002223
0.002713
0.002636
0.001707
-0.000468
-0.003118
-0.005582
-0.008547
-0.011595
-0.012660
-0.011351
-0.009070
-0.005953
-0.001865
0.001385
0.002505
0.002520
0.002039
0.000487
-0.001447
-0.002411
-0.002509
-0.002041
-0.000512
0.001558
0.002918
0.003598
0.003838
0.002855
0.000842
-0.000604
-0.000934
-0.000512
0.001096
0.003845
0.006228
0.007577
0.008595
0.009087
0.008236
0.006508
0.004692
0.002530
-0.000095
-0.002590
-0.004812
-0.006944
-0.008708
-0.010092
-0.011499
-0.012650
-0.012992
-0.012671
-0.011624
-0.009151
-0.005372
-0.001346
0.002503
0.006332
0.009699
0.011965
0.012991
0.012776
0.011530
0.009874
0.008067
0.005914
0.003670
0.001829
0.000305
-0.001173
-0.002593
-0.004028
-0.005407
-0.006084
-0.005690
-0.004685
-0.003430
-0.001925
-0.000531
0.000234
0.000290
-0.000282
-0.001310
-0.002155
-0.002216
-0.001644
-0.000945
-0.000456
-0.000329
-0.000511
-0.000927
-0.001563
-0.002041
-0.001896
-0.001357
-0.000720
0.000354
0.001353
0.000052
-0.004685
-0.010045
-0.011184
-0.006284
0.001858
0.010101
0.018118
0.024928
0.026552
0.021391
0.013573
0.007157
0.001802
-0.003447
-0.007332
-0.008842
-0.008920
-0.009161
-0.010258
-0.011675
-0.013037
-0.014987
-0.017101
-0.017104
-0.014109
-0.009672
-0.004516
0.002078
0.009325
0.014882
0.017394
0.017090
0.014794
0.011338
0.007349
0.003542
0.000774
-0.000810
-0.001734
-0.002213
-0.002411
-0.003079
-0.004661
-0.006541
-0.007909
-0.008529
-0.008174
-0.006063
-0.001627
0.004255
0.009678
0.013507
0.015690
0.015871
0.013378
0.008559
0.002724
-0.003002
-0.007975
-0.011625
-0.013462
-0.013644
-0.013113
-0.012563
-0.011719
-0.010248
-0.008341
-0.005985
-0.002821
0.001163
0.005519
0.009651
0.013043
0.015387
0.016287
0.015257
0.012419
0.008554
0.004323
0.000151
-0.003361
-0.005680
-0.006797
-0.007025
-0.006545
-0.005360
-0.003786
-0.002686
-0.002561
-0.002804
-0.002665
-0.002200
-0.001589
-0.000655
0.000583
0.001770
0.002506
0.002554
0.002124
0.001670
0.001114
0.000032
-0.001249
-0.001882
-0.001705
-0.001579
-0.002301
-0.002985
-0.001873
0.000570
0.001655
-0.000154
-0.004682
-0.010940
-0.015325
-0.013178
-0.004623
0.006059
0.016577
0.026087
0.031074
0.028342
0.019862
0.010496
0.002816
-0.003540
-0.008897
-0.012043
-0.012161
-0.010736
-0.009906
-0.010056
-0.010684
-0.012211
-0.014698
-0.016223
-0.014914
-0.011255
-0.006288
0.000354
0.008464
0.015662
0.019627
0.020058
0.017748
0.013457
0.007964
0.002209
-0.002722
-0.005936
-0.007206
-0.006899
-0.005598
-0.004071
-0.003253
-0.003602
-0.004566
-0.005228
-0.005234
-0.004465
-0.002298
0.001711
0.006618
0.010668
0.013221
0.014863
0.015390
0.013430
0.008578
0.002227
-0.004163
-0.009958
-0.014427
-0.016584
-0.016243
-0.014356
-0.012074
-0.009807
-0.007499
-0.005310
-0.003226
-0.000589
0.002909
0.006548
0.009732
0.012569
0.014818
0.015635
0.014555
0.011832
0.007918
0.003248
-0.001540
-0.005601
-0.008306
-0.009464
-0.009176
-0.007820
-0.006029
-0.004228
-0.002477
-0.000938
0.000002
0.000233
0.000121
0.000095
0.000370
0.001041
0.002118
0.003449
0.004546
0.004543
0.003102
0.000999
-0.000978
-0.002544
-0.003374
-0.003482
-0.003150
-0.002137
-0.000778
-0.000637
-0.001658
-0.001615
-0.000600
-0.001907
-0.007105
-0.013417
-0.016077
-0.012437
-0.004104
0.005859
0.016618
0.027146
0.032950
0.030521
0.022348
0.013243
0.004859
-0.003056
-0.009467
-0.013055
-0.014199
-0.014036
-0.012996
-0.011486
-0.010716
-0.011598
-0.013284
-0.013762
-0.012111
-0.009112
-0.005090
0.000859
0.008397
0.015096
0.019058
0.020208
0.018725
0.014492
0.008239
0.001561
-0.004283
-0.008748
-0.011410
-0.011795
-0.010033
-0.007204
-0.004575
-0.002650
-0.001371
-0.000808
-0.000817
-0.000512
0.001011
0.003740
0.006902
0.009574
0.011383
0.012771
0.013789
0.013165
0.009803
0.004276
-0.002066
-0.008295
-0.013723
-0.017458
-0.018629
-0.017163
-0.014223
-0.011161
-0.008203
-0.005025
-0.001894
0.000850
0.003521
0.006401
0.009159
0.011416
0.013053
0.013832
0.013354
0.011525
0.008697
0.005258
0.001341
-0.002822
-0.006508
-0.008893
-0.009704
-0.009234
-0.007910
-0.006062
-0.003984
-0.001972
-0.000223
0.001176
0.002113
0.002480
0.002402
0.002174
0.001932
0.001715
0.001707
0.001925
0.001984
0.001548
0.000675
-0.000267
-0.000974
-0.001515
-0.002008
-0.002391
-0.002872
-0.003685
-0.004228
-0.003798
-0.002812
-0.001965
-0.001349
-0.002012
-0.005867
-0.011240
-0.012233
-0.006110
0.003184
0.011841
0.020467
0.028440
0.030981
0.025672
0.016355
0.007697
0.000119
-0.007658
-0.014305
-0.017241
-0.016793
-0.015604
-0.014370
-0.011886
-0.008986
-0.008032
-0.008528
-0.007720
-0.005242
-0.002787
-0.000062
0.004593
0.010456
0.014930
0.016864
0.016765
0.014792
0.010533
0.004309
-0.002403
-0.008075
-0.012140
-0.014441
-0.014324
-0.011445
-0.007041
-0.002940
0.000279
0.002906
0.004681
0.005121
0.004766
0.004865
0.005864
0.007091
0.008183
0.009701
0.011562
0.012162
0.010125
0.005711
-0.000154
-0.006835
-0.013432
-0.018403
-0.020440
-0.019453
-0.016414
-0.012324
-0.007714
-0.003105
0.000803
0.003704
0.005837
0.007481
0.008724
0.009654
0.010433
0.011037
0.011082
0.010209
0.008489
0.006126
0.003039
-0.000766
-0.004590
-0.007453
-0.009004
-0.009427
-0.008718
-0.006761
-0.003953
-0.001140
0.001064
0.002445
0.002871
0.002391
0.001398
0.000328
-0.000394
-0.000341
0.000437
0.001408
0.002199
0.002587
0.002207
0.000831
-0.001269
-0.003056
-0.003275
-0.002355
-0.002217
-0.003234
-0.003817
-0.003244
-0.002280
-0.001517
-0.001268
-0.002711
-0.006693
-0.010549
-0.009624
-0.003178
0.005229
0.013572
0.022117
0.028537
0.028657
0.022339
0.013808
0.006054
-0.001534
-0.009593
-0.015970
-0.018468
-0.018072
-0.016847
-0.014732
-0.011200
-0.007896
-0.006527
-0.006020
-0.004595
-0.002712
-0.001274
0.000891
0.005075
0.010094
0.013783
0.015431
0.015374
0.013583
0.009666
0.003885
-0.002439
-0.007941
-0.012088
-0.014483
-0.014226
-0.011035
-0.006281
-0.001772
0.001788
0.004301
0.005427
0.005271
0.004810
0.004868
0.005404
0.005873
0.006095
0.006805
0.008426
0.009542
0.008386
0.005073
0.000602
-0.004777
-0.010712
-0.015820
-0.018527
-0.018245
-0.015733
-0.012134
-0.007741
-0.002715
0.001833
0.004988
0.007059
0.008450
0.009020
0.008965
0.008923
0.009092
0.009031
0.008321
0.006990
0.005208
0.002763
-0.000583
-0.004277
-0.007228
-0.008903
-0.009434
-0.008808
-0.006904
-0.004166
-0.001389
0.000958
0.002734
0.003828
0.004116
0.003507
0.002102
0.000393
-0.000825
-0.000885
0.000174
0.001413
0.001949
0.001829
0.001270
0.000059
-0.001540
-0.002566
-0.002755
-0.003020
-0.004031
-0.005124
-0.005070
-0.003825
-0.002747
-0.003038
-0.005015
-0.007759
-0.008505
-0.004844
0.002163
0.009887
0.017581
0.024533
0.027733
0.025060
0.018314
0.010713
0.003386
-0.004150
-0.011415
-0.016576
-0.018680
-0.018693
-0.017466
-0.014577
-0.010371
-0.006881
-0.005113
-0.003761
-0.001951
-0.000472
0.000660
0.002814
0.006288
0.009796
0.012300
0.013460
0.012993
0.010772
0.006971
0.001982
-0.003415
-0.008313
-0.012091
-0.014058
-0.013374
-0.010123
-0.005623
-0.001088
0.003006
0.006104
0.007606
0.007781
0.007424
0.006889
0.006269
0.005663
0.004984
0.004471
0.004701
0.005269
0.004815
0.002586
-0.001186
-0.005752
-0.010131
-0.013690
-0.016053
-0.016339
-0.014074
-0.010328
-0.006316
-0.002120
0.002081
0.005395
0.007471
0.008713
0.009293
0.009154
0.008538
0.007905
0.007443
0.006810
0.005571
0.003802
0.001804
-0.000487
-0.003167
-0.005805
-0.007734
-0.008573
-0.008257
-0.006924
-0.004844
-0.002328
0.000239
0.002396
0.003830
0.004438
0.004156
0.003102
0.001764
0.000593
-0.000300
-0.000821
-0.000893
-0.000716
-0.000322
0.000339
0.000723
0.000401
-0.000358
-0.001328
-0.002392
-0.003193
-0.003500
-0.003260
-0.002490
-0.001865
-0.002228
-0.003708
-0.006388
-0.009430
-0.009620
-0.004729
0.003057
0.010589
0.017514
0.023593
0.026275
0.023764
0.017551
0.010296
0.003018
-0.004600
-0.012000
-0.017261
-0.019291
-0.019025
-0.017418
-0.014129
-0.009580
-0.005841
-0.003761
-0.001958
0.000154
0.001568
0.002335
0.003826
0.006397
0.009095
0.011105
0.012056
0.011634
0.009635
0.006037
0.001139
-0.004252
-0.009172
-0.012859
-0.014501
-0.013461
-0.010180
-0.005909
-0.001465
0.002903
0.006702
0.009211
0.010145
0.009836
0.008839
0.007510
0.005885
0.004039
0.002560
0.002147
0.002528
0.002483
0.001075
-0.001680
-0.005169
-0.008712
-0.011895
-0.014243
-0.014789
-0.013011
-0.009767
-0.006120
-0.002227
0.001763
0.005148
0.007527
0.008981
0.009495
0.009101
0.008218
0.007349
0.006622
0.005775
0.004575
0.003151
0.001638
-0.000206
-0.002544
-0.004974
-0.006910
-0.008058
-0.008256
-0.007367
-0.005534
-0.003118
-0.000430
0.002163
0.004106
0.004951
0.004669
0.003625
0.002345
0.001148
0.000047
-0.000886
-0.001408
-0.001422
-0.001000
-0.000372
-0.000027
-0.000256
-0.000851
-0.001638
-0.002672
-0.003501
-0.003217
-0.001816
-0.000347
0.000470
0.000273
-0.001917
-0.006318
-0.010150
-0.009755
-0.004887
0.001933
0.009246
0.016769
0.022803
0.024674
0.021785
0.016237
0.009983
0.002907
-0.005195
-0.012448
-0.016842
-0.018735
-0.019062
-0.017125
-0.012706
-0.007966
-0.004800
-0.002552
-0.000227
0.001462
0.001854
0.001942
0.003005
0.005083
0.007336
0.009067
0.010114
0.010380
0.009330
0.006497
0.002275
-0.002495
-0.007274
-0.011356
-0.013471
-0.012888
-0.010237
-0.006550
-0.002282
0.002273
0.006335
0.008981
0.009957
0.009758
0.008815
0.007007
0.004453
0.002274
0.001622
0.002340
0.003324
0.003573
0.002433
-0.000360
-0.004391
-0.008750
-0.012438
-0.014555
-0.014693
-0.013133
-0.010259
-0.006364
-0.002093
0.001907
0.005506
0.008467
0.010118
0.010229
0.009356
0.008122
0.006801
0.005453
0.004137
0.002992
0.002037
0.000966
-0.000501
-0.002246
-0.004023
-0.005658
-0.006816
-0.007133
-0.006601
-0.005380
-0.003501
-0.001097
0.001355
0.003298
0.004372
0.004506
0.003931
0.002952
0.001693
0.000269
-0.000931
-0.001502
-0.001465
-0.001207
-0.001016
-0.000772
-0.000429
-0.000369
-0.000626
-0.000812
-0.001087
-0.001809
-0.002590
-0.003278
-0.005053
-0.008669
-0.012080
-0.011790
-0.006671
0.001115
0.009186
0.016910
0.023502
0.026671
0.024909
0.019470
0.012684
0.005458
-0.002271
-0.009590
-0.014994
-0.018149
-0.019418
-0.018390
-0.014919
-0.010665
-0.007399
-0.004825
-0.002027
0.000391
0.001422
0.001607
0.002377
0.004245
0.006570
0.008528
0.009765
0.010329
0.010076
0.008474
0.005274
0.000865
-0.004087
-0.008710
-0.011859
-0.012769
-0.011664
-0.009200
-0.005625
-0.001126
0.003408
0.006879
0.008942
0.009784
0.009530
0.008386
0.006679
0.004597
0.002472
0.000982
0.000544
0.000844
0.001005
0.000213
-0.001587
-0.003911
-0.006626
-0.009654
-0.012049
-0.012750
-0.011780
-0.009631
-0.006527
-0.002890
0.000720
0.004138
0.007211
0.009435
0.010441
0.010318
0.009443
0.008211
0.006740
0.004966
0.003061
0.001346
-0.000152
-0.001631
-0.003167
-0.004650
-0.005847
-0.006511
-0.006575
-0.006134
-0.005209
-0.003814
-0.002101
-0.000186
0.001826
0.003520
0.004386
0.004401
0.003915
0.003098
0.001916
0.000581
-0.000472
-0.001170
-0.001738
-0.002022
-0.001711
-0.001088
-0.000803
-0.001067
-0.001462
-0.001494
-0.001187
-0.001017
-0.001393
-0.002670
-0.005369
-0.008998
-0.010925
-0.008607
-0.002524
0.004954
0.012314
0.018741
0.022812
0.023221
0.020106
0.014817
0.008581
0.001720
-0.005539
-0.012051
-0.016539
-0.018798
-0.018985
-0.016862
-0.012929
-0.008741
-0.005080
-0.001605
0.001372
0.002903
0.003162
0.003294
0.003902
0.004830
0.005796
0.006580
0.007159
0.007603
0.007512
0.006214
0.003616
0.000159
-0.003705
-0.007338
-0.009828
-0.010655
-0.009911
-0.007823
-0.004671
-0.000993
0.002617
0.005777
0.008231
0.009657
0.009684
0.008202
0.005805
0.003627
0.002377
0.001909
0.001753
0.001411
0.000359
-0.001582
-0.004059
-0.006637
-0.008938
-0.010461
-0.010954
-0.010642
-0.009616
-0.007684
-0.004950
-0.001771
0.001664
0.005086
0.007912
0.009704
0.010463
0.010333
0.009436
0.007978
0.006202
0.004264
0.002217
0.000103
-0.001898
-0.003517
-0.004637
-0.005344
-0.005666
-0.005582
-0.005213
-0.004638
-0.003760
-0.002529
-0.001086
0.000329
0.001493
0.002294
0.002705
0.002728
0.002488
0.002199
0.001938
0.001606
0.001122
0.000491
-0.000136
-0.000553
-0.000714
-0.000783
-0.001141
-0.002015
-0.002912
-0.003076
-0.002548
-0.002063
-0.002323
-0.003861
-0.006501
-0.008605
-0.008147
-0.004526
0.001333
0.007960
0.013949
0.018247
0.020171
0.019377
0.016295
0.011974
0.006881
0.000769
-0.005846
-0.011509
-0.015389
-0.017490
-0.017689
-0.016004
-0.013083
-0.009438
-0.005217
-0.001164
0.001657
0.003217
0.004302
0.005254
0.005865
0.005958
0.005626
0.005278
0.005308
0.005508
0.005234
0.004174
0.002437
0.000135
-0.002480
-0.004826
-0.006445
-0.007246
-0.007219
-0.006345
-0.004731
-0.002556
-0.000015
0.002605
0.004916
0.006514
0.007070
0.006646
0.005884
0.005445
0.005382
0.005321
0.004781
0.003285
0.000725
-0.002406
-0.005498
-0.008134
-0.009907
-0.010648
-0.010669
-0.010234
-0.009178
-0.007325
-0.004755
-0.001654
0.001620
0.004579
0.006936
0.008649
0.009697
0.010018
0.009572
0.008440
0.006861
0.005044
0.003030
0.000851
-0.001294
-0.003147
-0.004600
-0.005689
-0.006395
-0.006581
-0.006175
-0.005279
-0.004058
-0.002611
-0.001013
0.000578
0.001899
0.002713
0.002998
0.002923
0.002656
0.002338
0.002059
0.001752
0.001256
0.000555
-0.000153
-0.000593
-0.000734
-0.000974
-0.001642
-0.002433
-0.002786
-0.002575
-0.002119
-0.001975
-0.002782
-0.004682
-0.006842
-0.007788
-0.006184
-0.001853
0.003756
0.008833
0.012622
0.015005
0.015702
0.014776
0.012837
0.010047
0.006142
0.001454
-0.003294
-0.007672
-0.011170
-0.013152
-0.013685
-0.013215
-0.011637
-0.008962
-0.006053
-0.003641
-0.001592
0.000351
0.002059
0.003325
0.004031
0.004219
0.004252
0.004483
0.004742
0.004663
0.004226
0.003537
0.002558
0.001317
0.000010
-0.001139
-0.001989
-0.002537
-0.002912
-0.003177
-0.003169
-0.002687
-0.001792
-0.000750
0.000165
0.000789
0.001280
0.002124
0.003579
0.005355
0.006826
0.007280
0.006310
0.004268
0.001859
-0.000635
-0.003073
-0.005040
-0.006445
-0.007600
-0.008443
-0.008669
-0.008315
-0.007417
-0.005807
-0.003633
-0.001313
0.000948
0.003017
0.004673
0.005878
0.006765
0.007357
0.007557
0.007249
0.006404
0.005209
0.003881
0.002417
0.000796
-0.000828
-0.002343
-0.003702
-0.004720
-0.005187
-0.005073
-0.004505
-0.003732
-0.003002
-0.002324
-0.001541
-0.000618
0.000273
0.000941
0.001341
0.001530
0.001579
0.001539
0.001399
0.001139
0.000899
0.000889
0.001061
0.001061
0.000638
-0.000051
-0.000688
-0.001110
-0.001216
-0.000958
-0.000768
-0.001483
-0.003338
-0.005380
-0.006208
-0.004957
-0.001801
0.001908
0.004539
0.005802
0.006592
0.007213
0.007227
0.006641
0.005722
0.004358
0.002619
0.000978
-0.000458
-0.001898
-0.003185
-0.004042
-0.004476
-0.004425
-0.003926
-0.003555
-0.003655
-0.003729
-0.003322
-0.002677
-0.002117
-0.001644
-0.001175
-0.000601
0.000157
0.000925
0.001469
0.001816
0.002028
0.002013
0.001778
0.001515
0.001356
0.001267
0.001129
0.000827
0.000490
0.000449
0.000731
0.000952
0.000810
0.000334
-0.000227
-0.000445
0.000091
0.001258
0.002290
0.002492
0.001878
0.000917
0.000033
-0.000521
-0.000766
-0.001061
-0.001639
-0.002274
-0.002664
-0.002820
-0.002870
-0.002817
-0.002604
-0.002180
-0.001564
-0.000942
-0.000528
-0.000294
0.000006
0.000540
0.001223
0.001861
0.002348
0.002673
0.002842
0.002878
0.002773
0.002456
0.001901
0.001195
0.000439
-0.000305
-0.000947
-0.001345
-0.001417
-0.001255
-0.001042
-0.000879
-0.000768
-0.000634
-0.000408
-0.000177
-0.000090
-0.000153
-0.000257
-0.000306
-0.000274
-0.000228
-0.000248
-0.000275
-0.000172
0.000066
0.000260
0.000277
0.000205
0.000058
-0.000348
-0.000796
-0.000674
-0.000060
0.000137
-0.000655
-0.002300
-0.004051
-0.004223
-0.001721
0.001662
0.003172
0.002871
0.002556
0.002473
0.002027
0.001508
0.001066
0.000383
-0.000052
0.000262
0.000598
0.000499
0.000648
0.001136
0.001298
0.001331
0.001690
0.001755
0.000998
0.000000
-0.000667
-0.001028
-0.001204
-0.001502
-0.002170
-0.002646
-0.002299
-0.001529
-0.001018
-0.000812
-0.000751
-0.000810
-0.000929
-0.001104
-0.001288
-0.001186
-0.000751
-0.000431
-0.000369
-0.000220
0.000026
0.000123
0.000259
0.000713
0.001359
0.002100
0.002909
0.003359
0.003128
0.002568
0.001957
0.001116
0.000138
-0.000572
-0.000923
-0.001028
-0.000902
-0.000680
-0.000532
-0.000347
-0.000040
0.000153
0.000050
-0.000246
-0.000589
-0.000921
-0.001271
-0.001674
-0.001966
-0.001910
-0.001577
-0.001183
-0.000737
-0.000220
0.000221
0.000520
0.000735
0.000840
0.000782
0.000600
0.000347
0.000074
-0.000111
-0.000118
0.000016
0.000241
0.000598
0.001070
0.001469
0.001640
0.001604
0.001466
0.001296
0.001052
0.000653
0.000189
-0.000134
-0.000319
-0.000514
-0.000635
-0.000553
-0.000550
-0.000976
-0.001527
-0.001535
-0.000997
-0.000545
-0.000527
-0.000872
-0.001658
-0.003146
-0.004841
-0.005037
-0.002605
0.000947
0.002914
0.002807
0.002332
0.002348
0.002308
0.002024
0.001643
0.001047
0.000506
0.000472
0.000636
0.000660
0.001009
0.001762
0.002234
0.002405
0.002728
0.002729
0.001816
0.000569
-0.000244
-0.000684
-0.001103
-0.001694
-0.002534
-0.003213
-0.003081
-0.002284
-0.001584
-0.001273
-0.001162
-0.001114
-0.001092
-0.001154
-0.001393
-0.001581
-0.001421
-0.001098
-0.000876
-0.000576
-0.000066
0.000466
0.000911
0.001214
0.001270
0.001304
0.001739
0.002505
0.003127
0.003334
0.003000
0.002051
0.000826
-0.000104
-0.000549
-0.000654
-0.000538
-0.000340
-0.000240
-0.000232
-0.000215
-0.000248
-0.000380
-0.000495
-0.000548
-0.000652
-0.000898
-0.001248
-0.001565
-0.001743
-0.001761
-0.001605
-0.001298
-0.000903
-0.000442
0.000052
0.000465
0.000706
0.000779
0.000730
0.000580
0.000350
0.000128
-0.000012
-0.000089
-0.000071
0.000167
0.000621
0.001071
0.001339
0.001464
0.001561
0.001615
0.001437
0.000918
0.000318
0.000030
0.000035
-0.000029
-0.000268
-0.000418
-0.000370
-0.000331
-0.000445
-0.000634
-0.000858
-0.001198
-0.001563
-0.001605
-0.001207
-0.000787
-0.000857
-0.001609
-0.002971
-0.004255
-0.003966
-0.001460
0.001569
0.002962
0.002748
0.002307
0.002143
0.002023
0.001890
0.001568
0.000964
0.000622
0.000846
0.001069
0.001002
0.001029
0.001181
0.001269
0.001561
0.002057
0.002041
0.001220
0.000236
-0.000367
-0.000691
-0.001017
-0.001549
-0.002268
-0.002734
-0.002584
-0.002074
-0.001641
-0.001429
-0.001342
-0.001203
-0.000989
-0.000882
-0.000897
-0.000805
-0.000594
-0.000478
-0.000394
-0.000144
0.000122
0.000178
0.000191
0.000517
0.001274
0.002240
0.002969
0.003036
0.002477
0.001800
0.001302
0.000822
0.000286
-0.000100
-0.000207
-0.000125
-0.000032
-0.000054
-0.000159
-0.000194
-0.000120
-0.000086
-0.000221
-0.000516
-0.000905
-0.001347
-0.001777
-0.002046
-0.002016
-0.001725
-0.001325
-0.000894
-0.000417
0.000072
0.000445
0.000577
0.000483
0.000304
0.000139
-0.000004
-0.000108
-0.000081
0.000162
0.000519
0.000790
0.000948
0.001083
0.001187
0.001230
0.001259
0.001298
0.001281
0.001097
0.000718
0.000287
-0.000028
-0.000237
-0.000461
-0.000662
-0.000596
-0.000270
-0.000183
-0.000631
-0.001153
-0.001241
-0.000993
-0.000640
-0.000305
-0.000330
-0.000860
-0.001548
-0.002427
-0.003701
-0.004228
-0.002494
0.000594
0.002511
0.002603
0.002130
0.001730
0.001367
0.001333
0.001510
0.001324
0.000976
0.000915
0.000790
0.000491
0.000656
0.001185
0.001350
0.001405
0.001902
0.002285
0.001913
0.001126
0.000362
-0.000311
-0.000798
-0.001207
-0.001866
-0.002581
-0.002810
-0.002509
-0.002038
-0.001625
-0.001340
-0.001115
-0.000855
-0.000710
-0.000793
-0.000840
-0.000689
-0.000600
-0.000666
-0.000637
-0.000479
-0.000303
0.000052
0.000705
0.001441
0.002111
0.002750
0.003142
0.002935
0.002227
0.001455
0.000780
0.000130
-0.000351
-0.000452
-0.000291
-0.000120
0.000014
0.000153
0.000260
0.000274
0.000136
-0.000157
-0.000488
-0.000791
-0.001125
-0.001488
-0.001765
-0.001868
-0.001784
-0.001557
-0.001227
-0.000804
-0.000368
-0.000072
0.000079
0.000195
0.000252
0.000203
0.000123
0.000047
-0.000039
-0.000023
0.000206
0.000559
0.000881
0.001155
0.001438
0.001693
0.001799
0.001702
0.001461
0.001157
0.000802
0.000381
-0.000036
-0.000325
-0.000516
-0.000745
-0.000925
-0.000846
-0.000619
-0.000544
-0.000626
-0.000637
-0.000493
-0.000319
-0.000366
-0.000803
-0.001353
-0.001588
-0.001871
-0.002889
-0.003839
-0.002986
-0.000432
0.001757
0.002406
0.002161
0.001785
0.001462
0.001349
0.001409
0.001292
0.000996
0.000852
0.000850
0.000816
0.000911
0.001193
0.001337
0.001355
0.001609
0.001928
0.001782
0.001157
0.000444
-0.000105
-0.000447
-0.000765
-0.001349
-0.002109
-0.002571
-0.002501
-0.002101
-0.001663
-0.001360
-0.001175
-0.001019
-0.000988
-0.001157
-0.001253
-0.001027
-0.000679
-0.000500
-0.000494
-0.000584
-0.000656
-0.000398
0.000319
0.001159
0.001895
0.002666
0.003310
0.003342
0.002743
0.001918
0.001032
0.000199
-0.000246
-0.000261
-0.000177
-0.000095
0.000054
0.000122
0.000049
0.000033
0.000097
0.000040
-0.000235
-0.000660
-0.001063
-0.001301
-0.001477
-0.001690
-0.001772
-0.001603
-0.001294
-0.000931
-0.000554
-0.000272
-0.000128
-0.000041
0.000018
-0.000014
-0.000122
-0.000192
-0.000187
-0.000146
0.000000
0.000354
0.000832
0.001247
0.001538
0.001780
0.001963
0.001925
0.001604
0.001183
0.000855
0.000600
0.000277
-0.000119
-0.000446
-0.000635
-0.000725
-0.000706
-0.000597
-0.000580
-0.000768
-0.000926
-0.000779
-0.000423
-0.000219
-0.000442
-0.001060
-0.001868
-0.002682
-0.003172
-0.002806
-0.001440
0.000262
0.001420
0.001762
0.001613
0.001411
0.001347
0.001277
0.001087
0.000935
0.000897
0.000824
0.000714
0.000815
0.001150
0.001399
0.001467
0.001576
0.001758
0.001792
0.001529
0.001012
0.000405
-0.000170
-0.000763
-0.001405
-0.001927
-0.002183
-0.002239
-0.002130
-0.001807
-0.001401
-0.001149
-0.001057
-0.001013
-0.001028
-0.001084
-0.001049
-0.000908
-0.000764
-0.000619
-0.000420
-0.000210
-0.000013
0.000261
0.000689
0.001285
0.002043
0.002816
0.003195
0.002860
0.002017
0.001133
0.000418
-0.000118
-0.000404
-0.000419
-0.000292
-0.000160
-0.000072
-0.000018
0.000076
0.000218
0.000255
0.000069
-0.000299
-0.000748
-0.001156
-0.001458
-0.001695
-0.001828
-0.001742
-0.001423
-0.000965
-0.000472
-0.000045
0.000220
0.000291
0.000233
0.000107
-0.000052
-0.000163
-0.000151
-0.000023
0.000173
0.000409
0.000689
0.001013
0.001335
0.001559
0.001593
0.001479
0.001355
0.001208
0.000888
0.000413
-0.000002
-0.000233
-0.000383
-0.000569
-0.000747
-0.000783
-0.000651
-0.000500
-0.000479
-0.000591
-0.000686
-0.000612
-0.000429
-0.000360
-0.000551
-0.001060
-0.001939
-0.002917
-0.003212
-0.002294
-0.000685
0.000630
0.001291
0.001518
0.001527
0.001476
0.001432
0.001288
0.001045
0.000929
0.001007
0.001085
0.001108
0.001160
0.001213
0.001284
0.001502
0.001793
0.001881
0.001620
0.001067
0.000422
-0.000086
-0.000478
-0.000975
-0.001552
-0.001965
-0.002121
-0.002060
-0.001837
-0.001569
-0.001347
-0.001145
-0.000977
-0.000943
-0.001026
-0.001076
-0.001030
-0.000927
-0.000788
-0.000609
-0.000399
-0.000185
-0.000025
0.000172
0.000676
0.001468
0.002140
0.002543
0.002825
0.002793
0.002171
0.001238
0.000459
-0.000041
-0.000288
-0.000290
-0.000175
-0.000071
0.000048
0.000184
0.000215
0.000103
-0.000101
-0.000378
-0.000684
-0.000968
-0.001256
-0.001539
-0.001714
-0.001727
-0.001601
-0.001326
-0.000880
-0.000377
0.000004
0.000236
0.000391
0.000467
0.000405
0.000202
-0.000036
-0.000148
-0.000064
0.000134
0.000392
0.000754
0.001193
0.001552
0.001681
0.001519
0.001141
0.000781
0.000644
0.000626
0.000417
-0.000045
-0.000467
-0.000585
-0.000482
-0.000432
-0.000544
-0.000643
-0.000549
-0.000382
-0.000379
-0.000504
-0.000509
-0.000387
-0.000437
-0.000749
-0.001018
-0.001148
-0.001499
-0.002069
-0.002172
-0.001455
-0.000484
0.000140
0.000560
0.001107
0.001603
0.001738
0.001576
0.001300
0.001019
0.000886
0.000911
0.000880
0.000781
0.000852
0.001043
0.001084
0.001061
0.001194
0.001362
0.001356
0.001141
0.000696
0.000131
-0.000332
-0.000741
-0.001249
-0.001690
-0.001873
-0.001893
-0.001815
-0.001564
-0.001233
-0.000988
-0.000863
-0.000823
-0.000783
-0.000689
-0.000673
-0.000788
-0.000839
-0.000795
-0.000820
-0.000714
-0.000077
0.000902
0.001646
0.002018
0.002222
0.002235
0.001970
0.001574
0.001185
0.000799
0.000450
0.000193
0.000009
-0.000082
-0.000067
-0.000053
-0.000064
0.000001
0.000088
0.000041
-0.000150
-0.000391
-0.000623
-0.000835
-0.001050
-0.001277
-0.001410
-0.001382
-0.001303
-0.001199
-0.000922
-0.000477
-0.000053
0.000219
0.000242
-0.000007
-0.000303
-0.000386
-0.000265
-0.000067
0.000219
0.000614
0.001029
0.001386
0.001639
0.001706
0.001541
0.001193
0.000794
0.000522
0.000425
0.000393
0.000330
0.000209
0.000006
-0.000263
-0.000482
-0.000526
-0.000402
-0.000240
-0.000204
-0.000425
-0.000845
-0.001143
-0.001123
-0.000950
-0.000799
-0.000675
-0.000570
-0.000452
-0.000412
-0.000742
-0.001359
-0.001543
-0.000905
-0.000043
0.000368
0.000376
0.000371
0.000605
0.001029
0.001336
0.001344
0.001178
0.000940
0.000686
0.000613
0.000724
0.000748
0.000674
0.000759
0.001040
0.001341
0.001493
0.001306
0.000790
0.000329
0.000144
-0.000067
-0.000526
-0.000984
-0.001253
-0.001432
-0.001585
-0.001665
-0.001620
-0.001409
-0.001067
-0.000736
-0.000490
-0.000325
-0.000363
-0.000706
-0.001118
-0.001228
-0.000987
-0.000587
-0.000094
0.000497
0.000991
0.001195
0.001246
0.001358
0.001504
0.001580
0.001521
0.001309
0.001022
0.000752
0.000524
0.000359
0.000273
0.000221
0.000152
0.000066
-0.000028
-0.000166
-0.000382
-0.000615
-0.000770
-0.000883
-0.001079
-0.001296
-0.001332
-0.001168
-0.000976
-0.000872
-0.000812
-0.000696
-0.000491
-0.000248
-0.000051
0.000068
0.000169
0.000262
0.000268
0.000244
0.000350
0.000566
0.000723
0.000795
0.000874
0.000925
0.000888
0.000842
0.000814
0.000733
0.000617
0.000512
0.000361
0.000146
-0.000017
-0.000066
-0.000097
-0.000169
-0.000213
-0.000208
-0.000242
-0.000377
-0.000570
-0.000723
-0.000780
-0.000804
-0.000888
-0.000956
-0.000827
-0.000486
-0.000153
-0.000055
-0.000196
-0.000410
-0.000575
-0.000627
-0.000501
-0.000224
0.000099
0.000400
0.000619
0.000677
0.000623
0.000601
0.000636
0.000645
0.000625
0.000650
0.000711
0.000719
0.000659
0.000599
0.000588
0.000629
0.000668
0.000650
0.000568
0.000413
0.000179
-0.000048
-0.000183
-0.000281
-0.000466
-0.000732
-0.000939
-0.001010
-0.000979
-0.000872
-0.000700
-0.000535
-0.000478
-0.000621
-0.000902
-0.001010
-0.000733
-0.000273
0.000057
0.000212
0.000275
0.000257
0.000206
0.000219
0.000294
0.000438
0.000696
0.000925
0.000943
0.000843
0.000759
0.000637
0.000476
0.000416
0.000447
0.000391
0.000185
-0.000032
-0.000149
-0.000192
-0.000240
-0.000341
-0.000493
-0.000630
-0.000658
-0.000574
-0.000492
-0.000498
-0.000561
-0.000616
-0.000645
-0.000677
-0.000694
-0.000616
-0.000410
-0.000145
0.000071
0.000185
0.000269
0.000447
0.000666
0.000747
0.000685
0.000592
0.000463
0.000284
0.000163
0.000149
0.000186
0.000223
0.000229
0.000249
0.000382
0.000536
0.000452
0.000127
-0.000120
-0.000108
-0.000031
-0.000155
-0.000409
-0.000490
-0.000361
-0.000326
-0.000481
-0.000523
-0.000318
-0.000108
-0.000017
0.000080
0.000189
0.000159
-0.000044
-0.000261
-0.000400
-0.000562
-0.000754
-0.000719
-0.000387
-0.000083
0.000016
0.000143
0.000445
0.000700
0.000740
0.000659
0.000547
0.000431
0.000370
0.000349
0.000274
0.000184
0.000200
0.000278
0.000296
0.000251
0.000218
0.000268
0.000348
0.000280
0.000053
-0.000137
-0.000213
-0.000280
-0.000413
-0.000540
-0.000540
-0.000431
-0.000358
-0.000347
-0.000279
-0.000175
-0.000187
-0.000294
-0.000357
-0.000346
-0.000311
-0.000276
-0.000247
-0.000194
-0.000064
0.000127
0.000298
0.000405
0.000466
0.000521
0.000586
0.000625
0.000598
0.000494
0.000323
0.000137
-0.000032
-0.000167
-0.000189
-0.000051
0.000110
0.000153
0.000122
0.000102
0.000052
-0.000094
-0.000304
-0.000505
-0.000652
-0.000702
-0.000619
-0.000443
-0.000289
-0.000249
-0.000284
-0.000264
-0.000157
-0.000065
-0.000023
0.000062
0.000221
0.000373
0.000436
0.000367
0.000182
-0.000012
-0.000086
-0.000006
0.000161
0.000315
0.000386
0.000354
0.000256
0.000160
0.000100
0.000096
0.000189
0.000338
0.000338
0.000084
-0.000163
-0.000160
-0.000094
-0.000213
-0.000385
-0.000378
-0.000229
-0.000081
0.000025
0.000053
-0.000035
-0.000152
-0.000181
-0.000132
-0.000094
-0.000113
-0.000154
-0.000155
-0.000105
-0.000043
-0.000036
-0.000122
-0.000233
-0.000228
-0.000070
0.000126
0.000236
0.000244
0.000216
0.000209
0.000228
0.000210
0.000089
-0.000086
-0.000142
0.000017
0.000257
0.000341
0.000216
0.000071
0.000067
0.000191
0.000347
0.000432
0.000362
0.000186
0.000086
0.000121
0.000152
0.000071
-0.000095
-0.000274
-0.000358
-0.000297
-0.000201
-0.000190
-0.000226
-0.000203
-0.000132
-0.000132
-0.000228
-0.000285
-0.000246
-0.000257
-0.000406
-0.000550
-0.000531
-0.000342
-0.000080
0.000135
0.000245
0.000307
0.000370
0.000375
0.000269
0.000140
0.000103
0.000130
0.000172
0.000285
0.000464
0.000563
0.000504
0.000366
0.000224
0.000093
-0.000035
-0.000184
-0.000335
-0.000427
-0.000468
-0.000508
-0.000510
-0.000413
-0.000261
-0.000124
-0.000016
0.000059
0.000084
0.000085
0.000068
-0.000033
-0.000196
-0.000250
-0.000126
0.000051
0.000179
0.000256
0.000260
0.000202
0.000166
0.000189
0.000194
0.000108
-0.000031
-0.000114
-0.000091
0.000012
0.000138
0.000163
-0.000007
-0.000228
-0.000217
0.000042
0.000217
0.000144
0.000065
0.000121
0.000105
-0.000077
-0.000244
-0.000256
-0.000137
0.000013
0.000081
0.000039
-0.000020
-0.000047
-0.000088
-0.000105
-0.000003
0.000123
0.000048
-0.000190
-0.000269
-0.000079
0.000130
0.000173
0.000135
0.000121
0.000104
0.000024
-0.000089
-0.000116
-0.000007
0.000135
0.000148
0.000003
-0.000181
-0.000289
-0.000289
-0.000196
-0.000005
0.000252
0.000428
0.000404
0.000252
0.000150
0.000157
0.000179
0.000160
0.000136
0.000129
0.000108
0.000027
-0.000119
-0.000246
-0.000228
-0.000037
0.000154
0.000133
-0.000063
-0.000223
-0.000277
-0.000315
-0.000390
-0.000426
-0.000321
-0.000113
0.000081
0.000199
0.000215
0.000141
0.000055
0.000007
-0.000009
0.000009
0.000013
-0.000075
-0.000199
-0.000225
-0.000144
-0.000031
0.000070
0.000137
0.000190
0.000274
0.000346
0.000292
0.000122
-0.000027
-0.000073
-0.000053
-0.000009
0.000051
0.000074
0.000003
-0.000116
-0.000174
-0.000143
-0.000077
-0.000025
-0.000049
-0.000146
-0.000142
0.000045
0.000202
0.000158
0.000030
