5600
0.000002
-0.000032
-0.000036
-0.000007
0.000069
0.000133
0.000110
0.000035
0.000017
0.000080
0.000133
0.000116
0.000066
0.000004
-0.000090
-0.000172
-0.000172
-0.000119
-0.000087
-0.000078
-0.000055
-0.000052
-0.000102
-0.000124
-0.000051
0.000062
0.000131
0.000143
0.000147
0.000160
0.000113
-0.000012
-0.000098
-0.000082
-0.000072
-0.000129
-0.000126
0.000007
0.000127
0.000117
0.000050
0.000033
0.000072
0.000095
0.000044
-0.000046
-0.000097
-0.000117
-0.000131
-0.000075
0.000048
0.000105
0.000062
0.000021
0.000008
-0.000039
-0.000053
0.000077
0.000270
0.000336
0.000242
0.000101
-0.000007
-0.000083
-0.000140
-0.000140
-0.000076
-0.000049
-0.000115
-0.000204
-0.000241
-0.000232
-0.000215
-0.000185
-0.000112
-0.000043
-0.000066
-0.000157
-0.000178
-0.000069
0.000079
0.000169
0.000202
0.000206
0.000170
0.000113
0.000110
0.000174
0.000217
0.000212
0.000204
0.000158
0.000049
-0.000033
-0.000033
-0.000021
-0.000068
-0.000157
-0.000206
-0.000183
-0.000156
-0.000143
-0.000081
-0.000001
0.000006
-0.000027
-0.000017
0.000005
0.000002
0.000046
0.000161
0.000243
0.000237
0.000200
0.000149
0.000039
-0.000112
-0.000201
-0.000153
-0.000034
0.000038
0.000044
0.000005
-0.000080
-0.000172
-0.000195
-0.000125
0.000001
0.000109
0.000121
0.000065
0.000055
0.000103
0.000098
-0.000000
-0.000123
-0.000181
-0.000152
-0.000078
0.000003
0.000067
0.000073
0.000023
-0.000026
-0.000037
-0.000012
0.000037
0.000070
0.000046
0.000019
0.000068
0.000141
0.000133
0.000035
-0.000064
-0.000095
-0.000075
-0.000024
0.000027
0.000007
-0.000072
-0.000104
-0.000060
-0.000002
0.000014
-0.000013
-0.000024
0.000027
0.000082
0.000058
-0.000024
-0.000065
-0.000015
0.000060
0.000065
0.000016
0.000000
0.000047
0.000116
0.000130
0.000027
-0.000153
-0.000270
-0.000239
-0.000111
0.000019
0.000105
0.000135
0.000115
0.000131
0.000209
0.000141
-0.000158
-0.000335
-0.000152
0.000083
0.000043
-0.000104
-0.000078
0.000052
0.000108
0.000127
0.000155
0.000087
-0.000055
-0.000096
-0.000044
-0.000102
-0.000263
-0.000246
0.000017
0.000217
0.000123
-0.000040
0.000112
0.000379
0.000178
-0.000391
-0.000612
-0.000251
0.000166
0.000191
-0.000018
-0.000109
-0.000020
0.000098
0.000130
0.000077
0.000053
0.000176
0.000355
0.000346
0.000116
-0.000078
-0.000071
0.000028
0.000067
0.000017
-0.000106
-0.000228
-0.000209
-0.000061
0.000001
-0.000130
-0.000273
-0.000216
-0.000020
0.000100
0.000074
-0.000009
-0.000017
0.000113
0.000246
0.000179
-0.000000
-0.000017
0.000148
0.000240
0.000108
-0.000087
-0.000076
0.000124
0.000188
-0.000055
-0.000329
-0.000295
-0.000062
0.000004
-0.000145
-0.000228
-0.000105
0.000043
0.000007
-0.000147
-0.000183
-0.000029
0.000127
0.000096
-0.000071
-0.000119
0.000038
0.000150
0.000042
-0.000093
-0.000047
0.000099
0.000191
0.000225
0.000224
0.000151
0.000013
-0.000088
-0.000048
0.000098
0.000183
0.000100
-0.000056
-0.000117
-0.000047
0.000032
0.000027
-0.000008
-0.000004
-0.000026
-0.000123
-0.000205
-0.000190
-0.000136
-0.000123
-0.000109
-0.000037
0.000028
0.000031
0.000044
0.000122
0.000207
0.000221
0.000154
0.000052
-0.000014
-0.000006
0.000013
-0.000032
-0.000087
-0.000073
-0.000039
-0.000053
-0.000088
-0.000088
-0.000049
-0.000019
-0.000027
-0.000029
0.000013
0.000072
0.000145
0.000213
0.000157
-0.000024
-0.000109
-0.000001
0.000061
-0.000079
-0.000194
-0.000091
0.000018
-0.000073
-0.000153
-0.000026
0.000084
-0.000025
-0.000130
-0.000019
0.000130
0.000110
0.000025
0.000048
0.000138
0.000157
0.000087
-0.000004
-0.000063
-0.000050
0.000024
0.000060
0.000031
0.000008
-0.000032
-0.000145
-0.000222
-0.000149
-0.000027
0.000001
-0.000044
-0.000090
-0.000112
-0.000029
0.000191
0.000378
0.000391
0.000307
0.000229
0.000149
0.000060
0.000002
-0.000039
-0.000101
-0.000169
-0.000214
-0.000227
-0.000214
-0.000199
-0.000178
-0.000120
-0.000062
-0.000073
-0.000135
-0.000171
-0.000144
-0.000083
-0.000011
0.000100
0.000220
0.000243
0.000147
0.000023
-0.000035
0.000011
0.000096
0.000121
0.000097
0.000081
0.000052
-0.000013
-0.000063
-0.000078
-0.000093
-0.000093
-0.000039
0.000038
0.000075
0.000070
0.000075
0.000105
0.000116
0.000072
0.000001
-0.000032
-0.000014
0.000002
-0.000012
-0.000038
-0.000054
-0.000049
-0.000023
0.000002
-0.000005
-0.000043
-0.000075
-0.000065
-0.000013
0.000040
0.000065
0.000070
0.000064
0.000049
0.000044
0.000063
0.000068
-0.000001
-0.000105
-0.000155
-0.000143
-0.000105
-0.000062
-0.000029
-0.000000
0.000056
0.000107
0.000081
-0.000003
-0.000052
-0.000049
-0.000057
-0.000083
-0.000065
0.000017
0.000095
0.000108
0.000061
0.000003
-0.000001
0.000078
0.000168
0.000161
0.000058
-0.000065
-0.000141
-0.000128
-0.000047
0.000024
0.000026
-0.000023
-0.000053
-0.000032
0.000013
0.000048
0.000040
-0.000018
-0.000083
-0.000101
-0.000039
0.000055
-0.000556
-0.002840
-0.004447
-0.001359
0.003621
0.004422
0.002714
0.002764
0.002987
0.001468
0.000005
-0.000297
-0.000426
-0.000716
-0.000782
-0.001171
-0.002125
-0.002602
-0.002382
-0.002161
-0.001781
-0.000932
-0.000211
-0.000073
0.000057
0.000668
0.001120
0.000906
0.000663
0.000871
0.001081
0.000956
0.000848
0.000950
0.000752
0.000254
0.000291
0.000622
0.000252
-0.000407
-0.000441
-0.000163
-0.000135
-0.000229
-0.000333
-0.000583
-0.000709
-0.000359
-0.000030
-0.000213
-0.000446
-0.000370
-0.000229
-0.000143
-0.000014
0.000166
0.000214
0.000087
0.000164
0.000470
0.000429
0.000032
-0.000164
-0.000075
0.000034
0.000146
0.000301
0.000275
-0.000046
-0.000250
-0.000046
0.000186
0.000085
-0.000137
-0.000133
0.000059
0.000202
0.000230
0.000133
-0.000111
-0.000244
-0.000082
0.000029
-0.000143
-0.000302
-0.000258
-0.000168
-0.000116
-0.000053
-0.000021
-0.000082
-0.000078
0.000125
0.000280
0.000186
0.000068
0.000100
0.000154
0.000181
0.000250
0.000260
0.000100
-0.000057
0.000003
0.000165
0.000183
0.000023
-0.000167
-0.000271
-0.000270
-0.000178
-0.000113
-0.000235
-0.000419
-0.000392
-0.000253
-0.000298
-0.000452
-0.000436
-0.000271
-0.000113
0.000076
0.000283
0.000333
0.000263
0.000327
0.000529
0.000604
0.000503
0.000445
0.000466
0.000431
0.000366
0.000331
0.000210
-0.000024
-0.000185
-0.000204
-0.000252
-0.000408
-0.000536
-0.000565
-0.000548
-0.000464
-0.000298
-0.000190
-0.000252
-0.000346
-0.000236
0.000022
0.000136
0.000084
0.000115
0.000271
0.000371
0.000370
0.000349
0.000316
0.000274
0.000278
0.000296
0.000249
0.000158
0.000067
-0.000031
-0.000139
-0.000222
-0.000258
-0.000296
-0.000363
-0.000340
-0.000164
-0.000045
-0.000161
-0.000316
-0.000264
-0.000063
0.000071
0.000087
0.000102
0.000168
0.000240
0.000293
0.000329
0.000309
0.000235
0.000346
0.000661
0.000446
-0.000538
-0.001139
-0.000614
0.000160
0.000270
0.000091
0.000056
-0.000277
-0.000745
-0.000409
0.000308
0.000085
-0.000679
-0.000646
0.000085
0.000627
0.000846
0.000931
0.000705
0.000264
0.000196
0.000411
0.000133
-0.000521
-0.000646
-0.000197
0.000092
0.000041
-0.000056
-0.000284
-0.000659
-0.000644
-0.000159
0.000051
-0.000232
-0.000315
0.000084
0.000409
0.000338
0.000156
0.000035
-0.000039
0.000086
0.000354
0.000335
-0.000024
-0.000190
0.000070
0.000312
0.000198
-0.000054
-0.000176
-0.000157
-0.000057
0.000042
0.000001
-0.000163
-0.000198
0.000006
0.000207
0.000184
0.000017
-0.000123
-0.000198
-0.000221
-0.000182
-0.000148
-0.000219
-0.000285
-0.000114
0.000218
0.000373
0.000261
0.000117
0.000123
0.000225
0.000249
0.000076
-0.000218
-0.000387
-0.000264
0.000014
0.000175
0.000151
0.000043
-0.000007
0.000098
0.000187
-0.000024
-0.000420
-0.000647
-0.000720
-0.000854
-0.000869
-0.000604
-0.000562
-0.001153
-0.001789
-0.001637
-0.000895
-0.000346
0.000155
0.001371
0.003029
0.004194
0.004838
0.005270
0.004969
0.003755
0.002626
0.001979
0.000925
-0.000718
-0.001943
-0.002560
-0.003377
-0.004367
-0.004936
-0.005380
-0.006036
-0.006156
-0.005246
-0.004026
-0.002984
-0.001593
0.000300
0.001959
0.002983
0.003726
0.004473
0.005058
0.005298
0.005301
0.005166
0.004746
0.003958
0.002992
0.001887
0.000435
-0.001181
-0.002416
-0.003190
-0.003808
-0.004196
-0.004140
-0.003870
-0.003579
-0.003062
-0.002320
-0.001672
-0.001079
-0.000220
0.000813
0.001632
0.002166
0.002548
0.002692
0.002528
0.002281
0.002049
0.001629
0.001026
0.000541
0.000242
-0.000170
-0.000855
-0.001533
-0.001865
-0.001867
-0.001737
-0.001560
-0.001343
-0.001032
-0.000534
-0.000010
0.000226
0.000243
0.000364
0.000605
0.000825
0.001075
0.001369
0.001494
0.001308
0.000980
0.000739
0.000557
0.000275
-0.000072
-0.000478
-0.001253
-0.002545
-0.004445
-0.007370
-0.010010
-0.008718
-0.002984
0.002194
0.004286
0.007175
0.012056
0.013862
0.011382
0.009396
0.008311
0.004530
0.000573
0.001093
0.002300
-0.001147
-0.005408
-0.005851
-0.006539
-0.010978
-0.014741
-0.014964
-0.014913
-0.014788
-0.010702
-0.003942
0.000577
0.003366
0.007633
0.011586
0.012148
0.011193
0.011255
0.011091
0.010085
0.009883
0.009591
0.006829
0.002983
0.000834
-0.000727
-0.004293
-0.009040
-0.012492
-0.014255
-0.014675
-0.013058
-0.009725
-0.006624
-0.004528
-0.002252
0.000873
0.003713
0.005128
0.005809
0.007112
0.008930
0.010248
0.010756
0.010447
0.008838
0.006021
0.003271
0.001040
-0.001890
-0.005683
-0.008404
-0.009164
-0.009250
-0.009240
-0.008363
-0.006888
-0.005690
-0.004239
-0.002014
-0.000103
0.000918
0.002170
0.004180
0.006175
0.007711
0.008628
0.008540
0.007779
0.007010
0.005769
0.003445
0.000751
-0.001502
-0.003413
-0.004980
-0.006014
-0.006835
-0.007539
-0.007501
-0.006571
-0.005430
-0.004333
-0.002923
-0.001161
0.000795
0.002914
0.004826
0.005996
0.006445
0.006493
0.006130
0.005161
0.003648
0.001982
0.000542
-0.000638
-0.001685
-0.002551
-0.003200
-0.003740
-0.004053
-0.003850
-0.003277
-0.002743
-0.002181
-0.001301
-0.000302
0.000491
0.001140
0.001695
0.001996
0.002071
0.002087
0.001967
0.001568
0.001005
0.000414
-0.000268
-0.000879
-0.000922
-0.000565
-0.001034
-0.003240
-0.006377
-0.008035
-0.006303
-0.002224
0.001410
0.004034
0.007282
0.010770
0.012060
0.010926
0.009038
0.006399
0.002737
0.000116
-0.000358
-0.001164
-0.003794
-0.005976
-0.006521
-0.007557
-0.009935
-0.011792
-0.012391
-0.012403
-0.010916
-0.006864
-0.001951
0.001865
0.005384
0.009419
0.012316
0.012821
0.012034
0.010934
0.009219
0.007188
0.005728
0.004451
0.002351
-0.000254
-0.002485
-0.004601
-0.007253
-0.010007
-0.011850
-0.012345
-0.011541
-0.009534
-0.006627
-0.003361
-0.000148
0.002887
0.005640
0.007653
0.008447
0.008464
0.008646
0.008889
0.008341
0.007028
0.005476
0.003419
0.000589
-0.002340
-0.004942
-0.007503
-0.009631
-0.010351
-0.009720
-0.008572
-0.007013
-0.004702
-0.001964
0.000595
0.002843
0.004774
0.006143
0.006867
0.007160
0.007109
0.006551
0.005459
0.004070
0.002519
0.000713
-0.001313
-0.003249
-0.004794
-0.005807
-0.006155
-0.005765
-0.004885
-0.003855
-0.002667
-0.001243
0.000125
0.001133
0.001865
0.002501
0.003010
0.003291
0.003295
0.003007
0.002518
0.001983
0.001447
0.000840
0.000143
-0.000523
-0.001011
-0.001290
-0.001429
-0.001528
-0.001635
-0.001599
-0.001275
-0.001096
-0.001626
-0.002333
-0.002168
-0.001600
-0.002721
-0.006520
-0.009962
-0.008201
-0.001626
0.003921
0.006454
0.010119
0.015535
0.017544
0.015193
0.012718
0.009937
0.003909
-0.001928
-0.002801
-0.002572
-0.006524
-0.010850
-0.010862
-0.010461
-0.013424
-0.015965
-0.015304
-0.014285
-0.013045
-0.007829
0.000108
0.005686
0.009203
0.014079
0.018521
0.018765
0.016266
0.014067
0.011372
0.007292
0.003975
0.002158
-0.000461
-0.004401
-0.007448
-0.009149
-0.011320
-0.014149
-0.015749
-0.015191
-0.013102
-0.009874
-0.005396
-0.000185
0.004688
0.008722
0.011960
0.013977
0.014056
0.012519
0.010643
0.008969
0.006930
0.004347
0.001803
-0.000644
-0.003634
-0.007236
-0.010489
-0.012401
-0.013082
-0.013138
-0.012107
-0.009131
-0.004979
-0.001255
0.001922
0.004959
0.006962
0.007785
0.009085
0.010786
0.010698
0.008981
0.007919
0.007216
0.004815
0.001202
-0.001895
-0.004696
-0.007599
-0.009404
-0.009589
-0.009238
-0.008716
-0.007157
-0.004582
-0.002155
-0.000324
0.001450
0.003299
0.004696
0.005495
0.006050
0.006216
0.005487
0.004200
0.003156
0.002185
0.000673
-0.000954
-0.001912
-0.002416
-0.002929
-0.003162
-0.002947
-0.002744
-0.002621
-0.002136
-0.001377
-0.000850
-0.000554
-0.000145
0.000349
0.000697
0.000967
0.001346
0.001800
0.002186
0.002473
0.002601
0.002328
0.001528
0.000471
-0.000514
-0.001444
-0.002425
-0.003354
-0.004603
-0.007212
-0.010261
-0.009795
-0.004455
0.001243
0.004182
0.007422
0.012567
0.015324
0.013780
0.011761
0.010249
0.006095
0.000730
-0.001196
-0.001335
-0.004545
-0.008905
-0.009876
-0.009640
-0.012006
-0.014456
-0.013824
-0.012244
-0.011031
-0.007198
-0.000437
0.005169
0.008586
0.012476
0.016265
0.016744
0.014377
0.011938
0.009374
0.005591
0.001907
-0.000452
-0.002686
-0.005602
-0.007961
-0.009074
-0.010025
-0.011363
-0.012000
-0.011011
-0.008691
-0.005563
-0.001742
0.002516
0.006493
0.009541
0.011534
0.012453
0.011942
0.009924
0.007249
0.004813
0.002478
-0.000147
-0.002738
-0.005230
-0.007957
-0.009837
-0.009658
-0.009038
-0.009603
-0.009188
-0.005859
-0.001991
0.000363
0.002945
0.006440
0.008518
0.008754
0.008998
0.008915
0.007068
0.004684
0.003463
0.002362
0.000102
-0.002344
-0.003922
-0.005104
-0.006311
-0.006993
-0.006738
-0.005897
-0.004758
-0.003018
-0.000718
0.001186
0.002164
0.002886
0.003665
0.003736
0.002984
0.002344
0.002001
0.001384
0.000777
0.000743
0.000768
0.000278
-0.000210
-0.000275
-0.000424
-0.000911
-0.001219
-0.001138
-0.001085
-0.001233
-0.001269
-0.001087
-0.000984
-0.001037
-0.000890
-0.000380
0.000153
0.000499
0.000934
0.001528
0.001866
0.001761
0.001371
0.000661
-0.000300
-0.001058
-0.001860
-0.004155
-0.008056
-0.010068
-0.006998
-0.001261
0.002778
0.005650
0.009927
0.013741
0.013865
0.011698
0.009653
0.006324
0.001143
-0.002349
-0.002884
-0.004194
-0.007589
-0.009441
-0.008760
-0.009049
-0.011077
-0.011861
-0.010770
-0.009426
-0.006944
-0.001751
0.004104
0.008037
0.011085
0.014436
0.016053
0.014418
0.011187
0.007842
0.003956
-0.000156
-0.003067
-0.004859
-0.006708
-0.008339
-0.008745
-0.008427
-0.008558
-0.008855
-0.008151
-0.006183
-0.003410
-0.000029
0.003806
0.007513
0.010427
0.012194
0.012603
0.011401
0.008613
0.004920
0.001287
-0.001834
-0.004593
-0.006962
-0.008381
-0.008560
-0.008078
-0.007571
-0.006982
-0.006037
-0.004766
-0.003174
-0.001192
0.000880
0.002847
0.005214
0.008001
0.009915
0.010041
0.008990
0.007356
0.004873
0.001759
-0.001024
-0.003109
-0.004669
-0.005460
-0.005330
-0.004932
-0.004828
-0.004673
-0.004000
-0.003019
-0.002084
-0.001075
0.000309
0.001967
0.003413
0.004346
0.004746
0.004438
0.003291
0.001743
0.000366
-0.000771
-0.001708
-0.002142
-0.001922
-0.001387
-0.000864
-0.000415
-0.000125
-0.000092
-0.000202
-0.000254
-0.000216
-0.000158
-0.000055
0.000157
0.000404
0.000509
0.000437
0.000333
0.000248
0.000136
0.000151
0.000478
0.000881
0.000957
0.000727
0.000435
0.000018
-0.000787
-0.001885
-0.002643
-0.002795
-0.003668
-0.006735
-0.009839
-0.008560
-0.003095
0.001867
0.005211
0.009777
0.014583
0.015576
0.013485
0.011718
0.008948
0.003063
-0.002219
-0.003518
-0.004324
-0.007734
-0.010321
-0.009661
-0.009242
-0.010916
-0.011553
-0.010105
-0.008980
-0.007571
-0.003055
0.003144
0.007461
0.010411
0.013914
0.016143
0.014887
0.011627
0.008163
0.003933
-0.000873
-0.004277
-0.005958
-0.007495
-0.008925
-0.008935
-0.007854
-0.007157
-0.006935
-0.006163
-0.004452
-0.002065
0.000843
0.004102
0.007261
0.009808
0.011370
0.011692
0.010570
0.007892
0.004054
0.000074
-0.003233
-0.005847
-0.007862
-0.008924
-0.009054
-0.008837
-0.008081
-0.006147
-0.003869
-0.002525
-0.001319
0.001120
0.003945
0.005718
0.006864
0.007931
0.008100
0.007175
0.006070
0.004684
0.002258
-0.000487
-0.002248
-0.003220
-0.004202
-0.004928
-0.004810
-0.004057
-0.003190
-0.002351
-0.001564
-0.001035
-0.000759
-0.000336
0.000425
0.001147
0.001521
0.001837
0.002315
0.002509
0.002094
0.001464
0.000890
0.000184
-0.000500
-0.000751
-0.000720
-0.000752
-0.000702
-0.000423
-0.000234
-0.000376
-0.000667
-0.000893
-0.001031
-0.001028
-0.000738
-0.000167
0.000437
0.000873
0.001204
0.001494
0.001541
0.001207
0.000792
0.000624
0.000568
0.000368
0.000069
-0.000196
-0.000427
-0.000696
-0.001118
-0.001679
-0.002092
-0.002205
-0.002443
-0.003591
-0.005889
-0.007984
-0.007528
-0.003900
0.000922
0.005280
0.009445
0.013225
0.014924
0.013934
0.011456
0.008017
0.003369
-0.001209
-0.003969
-0.005546
-0.007481
-0.009141
-0.009277
-0.008801
-0.009101
-0.009545
-0.009038
-0.007847
-0.006076
-0.002838
0.001739
0.006121
0.009584
0.012432
0.014109
0.013534
0.010908
0.007282
0.003177
-0.001026
-0.004486
-0.006701
-0.007936
-0.008390
-0.007948
-0.006849
-0.005667
-0.004639
-0.003571
-0.002223
-0.000505
0.001570
0.003890
0.006206
0.008181
0.009476
0.009760
0.008769
0.006472
0.003219
-0.000312
-0.003549
-0.006256
-0.008174
-0.008938
-0.008566
-0.007512
-0.006150
-0.004802
-0.003875
-0.002942
-0.000836
0.002111
0.004095
0.005052
0.006644
0.008580
0.008842
0.007454
0.005942
0.004148
0.001361
-0.001372
-0.003057
-0.004384
-0.005639
-0.005734
-0.004478
-0.003188
-0.002550
-0.002004
-0.001196
-0.000447
0.000067
0.000638
0.001396
0.002019
0.002340
0.002573
0.002632
0.002026
0.000786
-0.000365
-0.001056
-0.001520
-0.001783
-0.001615
-0.001108
-0.000512
0.000138
0.000756
0.001008
0.000779
0.000430
0.000278
0.000177
-0.000072
-0.000272
-0.000164
0.000080
0.000161
0.000161
0.000248
0.000281
0.000155
0.000067
0.000130
0.000168
0.000140
0.000261
0.000407
0.000060
-0.000782
-0.001434
-0.001541
-0.001565
-0.002124
-0.003577
-0.006029
-0.008305
-0.007779
-0.003623
0.001514
0.005518
0.009414
0.013541
0.015365
0.013742
0.010784
0.007522
0.002920
-0.002018
-0.004814
-0.006080
-0.008045
-0.009816
-0.009412
-0.008192
-0.008362
-0.008984
-0.008331
-0.006867
-0.005048
-0.001823
0.002720
0.006771
0.009742
0.012360
0.013957
0.013056
0.009938
0.005990
0.001749
-0.002491
-0.005827
-0.007811
-0.008814
-0.008918
-0.007893
-0.006162
-0.004536
-0.003259
-0.002051
-0.000680
0.000973
0.002918
0.004940
0.006800
0.008350
0.009271
0.009124
0.007715
0.005123
0.001625
-0.002140
-0.005370
-0.007703
-0.009138
-0.009449
-0.008488
-0.006885
-0.005407
-0.003859
-0.001685
0.000670
0.002311
0.003388
0.004500
0.005372
0.005721
0.006103
0.006475
0.005869
0.004254
0.002544
0.000789
-0.001472
-0.003712
-0.005027
-0.005339
-0.004911
-0.003787
-0.002242
-0.000831
0.000164
0.000774
0.001035
0.000924
0.000501
0.000058
-0.000032
0.000254
0.000620
0.000923
0.001133
0.001064
0.000692
0.000286
-0.000085
-0.000549
-0.000933
-0.000896
-0.000475
-0.000013
0.000291
0.000441
0.000462
0.000350
0.000084
-0.000299
-0.000594
-0.000619
-0.000430
-0.000126
0.000286
0.000714
0.001019
0.001131
0.001022
0.000716
0.000311
-0.000112
-0.000505
-0.000798
-0.000889
-0.000773
-0.000630
-0.000716
-0.001122
-0.001531
-0.001359
-0.000751
-0.001049
-0.003099
-0.005629
-0.006573
-0.005285
-0.002388
0.001631
0.006218
0.010171
0.012624
0.013480
0.012473
0.009279
0.004773
0.000633
-0.002535
-0.005186
-0.007263
-0.008243
-0.008247
-0.007858
-0.007345
-0.006921
-0.006901
-0.006878
-0.005827
-0.003491
-0.000540
0.002626
0.006024
0.009241
0.011437
0.012032
0.010817
0.007921
0.004063
0.000171
-0.003293
-0.006088
-0.007783
-0.008163
-0.007495
-0.006114
-0.004316
-0.002585
-0.001279
-0.000222
0.000919
0.002163
0.003417
0.004695
0.005931
0.006893
0.007300
0.006827
0.005215
0.002628
-0.000385
-0.003377
-0.006056
-0.007996
-0.008806
-0.008461
-0.007168
-0.005182
-0.002928
-0.000909
0.000630
0.001535
0.001769
0.002120
0.003462
0.005116
0.005900
0.006168
0.006615
0.006321
0.004320
0.001519
-0.000879
-0.002926
-0.004689
-0.005505
-0.005201
-0.004366
-0.003228
-0.001596
0.000137
0.001111
0.001093
0.000696
0.000479
0.000321
0.000024
-0.000059
0.000322
0.000827
0.001192
0.001428
0.001296
0.000594
-0.000287
-0.000884
-0.001213
-0.001331
-0.001080
-0.000481
0.000224
0.000835
0.001144
0.000979
0.000462
-0.000095
-0.000461
-0.000570
-0.000538
-0.000482
-0.000257
0.000295
0.000913
0.001180
0.001055
0.000750
0.000397
0.000076
-0.000203
-0.000566
-0.000954
-0.001027
-0.000742
-0.000511
-0.000624
-0.001040
-0.001556
-0.001750
-0.001502
-0.002085
-0.004774
-0.007416
-0.006094
-0.001355
0.002541
0.004953
0.008694
0.012851
0.013557
0.011166
0.008837
0.006046
0.001103
-0.003434
-0.004913
-0.005690
-0.008010
-0.009308
-0.007787
-0.006294
-0.006724
-0.007008
-0.005901
-0.004726
-0.003465
-0.000621
0.003137
0.005936
0.008048
0.010293
0.011394
0.010034
0.007067
0.003733
0.000135
-0.003452
-0.006101
-0.007525
-0.008052
-0.007612
-0.006079
-0.004028
-0.002219
-0.000841
0.000356
0.001634
0.002996
0.004132
0.004958
0.005817
0.006678
0.006847
0.005959
0.004336
0.002137
-0.000701
-0.003626
-0.005895
-0.007476
-0.008424
-0.008253
-0.006865
-0.004973
-0.003039
-0.001083
0.000432
0.001275
0.002388
0.004154
0.005312
0.005323
0.005380
0.005787
0.005236
0.003467
0.001669
0.000154
-0.001679
-0.003710
-0.005228
-0.005743
-0.005032
-0.003268
-0.001023
0.001240
0.003125
0.004011
0.003689
0.002632
0.001199
-0.000396
-0.001633
-0.002161
-0.002143
-0.001797
-0.001270
-0.000816
-0.000529
-0.000300
-0.000239
-0.000423
-0.000450
-0.000035
0.000568
0.001167
0.001771
0.002160
0.002087
0.001593
0.000766
-0.000287
-0.001262
-0.001909
-0.002161
-0.001882
-0.001083
-0.000149
0.000617
0.001230
0.001622
0.001616
0.001294
0.000860
0.000339
-0.000210
-0.000568
-0.000673
-0.000723
-0.000884
-0.001066
-0.001148
-0.001382
-0.002065
-0.002606
-0.002203
-0.001818
-0.003200
-0.005319
-0.004993
-0.001787
0.001679
0.004604
0.008309
0.011914
0.012901
0.011377
0.009138
0.005949
0.001175
-0.003208
-0.005378
-0.006583
-0.008149
-0.008885
-0.007906
-0.006632
-0.006138
-0.005652
-0.004692
-0.003716
-0.002483
-0.000250
0.002650
0.005297
0.007518
0.009308
0.009977
0.008998
0.006683
0.003539
-0.000060
-0.003473
-0.006014
-0.007489
-0.007964
-0.007422
-0.005962
-0.003916
-0.001712
0.000230
0.001693
0.002808
0.003771
0.004486
0.004879
0.005232
0.005619
0.005617
0.004953
0.003694
0.001792
-0.000774
-0.003562
-0.005944
-0.007607
-0.008414
-0.008153
-0.006829
-0.004797
-0.002443
-0.000088
0.001892
0.003254
0.003994
0.004053
0.003461
0.002858
0.002897
0.003087
0.002485
0.001587
0.001634
0.002131
0.001556
0.000104
-0.000890
-0.001402
-0.002157
-0.002793
-0.002681
-0.002180
-0.001606
-0.000647
0.000481
0.000909
0.000441
-0.000162
-0.000371
-0.000490
-0.000813
-0.000942
-0.000424
0.000471
0.001167
0.001518
0.001558
0.001162
0.000440
-0.000266
-0.000873
-0.001420
-0.001678
-0.001449
-0.000903
-0.000310
0.000151
0.000347
0.000356
0.000467
0.000766
0.001066
0.001249
0.001357
0.001471
0.001598
0.001583
0.001211
0.000533
-0.000158
-0.000765
-0.001391
-0.001969
-0.002278
-0.002272
-0.002089
-0.001792
-0.001366
-0.001069
-0.001209
-0.001332
-0.000896
-0.001042
-0.003082
-0.004996
-0.003607
0.000102
0.002874
0.005030
0.008591
0.011734
0.011501
0.009227
0.007298
0.004540
0.000007
-0.003664
-0.004941
-0.006052
-0.007928
-0.008321
-0.006796
-0.005756
-0.005832
-0.005402
-0.004255
-0.003362
-0.002165
0.000321
0.003237
0.005423
0.007202
0.008786
0.009156
0.007734
0.005207
0.002253
-0.000917
-0.003852
-0.006003
-0.007223
-0.007443
-0.006553
-0.004812
-0.002774
-0.000835
0.000785
0.002007
0.003019
0.003960
0.004640
0.005002
0.005349
0.005667
0.005419
0.004340
0.002657
0.000514
-0.002009
-0.004475
-0.006388
-0.007635
-0.008120
-0.007535
-0.005944
-0.003920
-0.001865
0.000162
0.001985
0.003278
0.003836
0.003686
0.003272
0.003226
0.003561
0.003689
0.003233
0.002180
0.000817
-0.000151
-0.000440
-0.000746
-0.001367
-0.001559
-0.001075
-0.000692
-0.000776
-0.000911
-0.000850
-0.000691
-0.000515
-0.000472
-0.000665
-0.000879
-0.000917
-0.000843
-0.000693
-0.000458
-0.000212
0.000143
0.000765
0.001367
0.001518
0.001271
0.000879
0.000427
0.000014
-0.000296
-0.000614
-0.000913
-0.000955
-0.000763
-0.000614
-0.000535
-0.000332
0.000042
0.000529
0.001023
0.001345
0.001478
0.001526
0.001470
0.001295
0.001050
0.000638
-0.000005
-0.000661
-0.001169
-0.001598
-0.001883
-0.001879
-0.001754
-0.001719
-0.001549
-0.001056
-0.000820
-0.001361
-0.001857
-0.001516
-0.001683
-0.003408
-0.004164
-0.001349
0.002887
0.005250
0.006823
0.009527
0.011092
0.009290
0.006359
0.004313
0.001478
-0.002660
-0.005282
-0.005577
-0.006084
-0.007306
-0.007094
-0.005533
-0.004831
-0.005013
-0.004400
-0.003031
-0.001832
-0.000274
0.002223
0.004694
0.006297
0.007383
0.008011
0.007425
0.005415
0.002635
-0.000338
-0.003120
-0.005243
-0.006475
-0.006840
-0.006268
-0.004829
-0.002950
-0.000988
0.000881
0.002288
0.003060
0.003644
0.004284
0.004620
0.004623
0.004678
0.004585
0.003768
0.002301
0.000616
-0.001316
-0.003519
-0.005442
-0.006631
-0.007163
-0.007032
-0.005957
-0.004060
-0.001958
-0.000049
0.001642
0.003015
0.003868
0.004138
0.003847
0.003121
0.002372
0.001987
0.001818
0.001526
0.001184
0.000883
0.000170
-0.001293
-0.002708
-0.002904
-0.001985
-0.000905
0.000200
0.001629
0.002750
0.002732
0.001844
0.000714
-0.000602
-0.001998
-0.002961
-0.003241
-0.003070
-0.002650
-0.001888
-0.000765
0.000320
0.000911
0.001137
0.001463
0.001852
0.001883
0.001586
0.001311
0.001073
0.000703
0.000231
-0.000296
-0.000935
-0.001570
-0.001895
-0.001757
-0.001274
-0.000630
0.000118
0.000959
0.001745
0.002248
0.002407
0.002292
0.001844
0.000986
-0.000090
-0.001062
-0.001767
-0.002185
-0.002322
-0.002188
-0.001817
-0.001334
-0.000972
-0.000808
-0.000645
-0.000511
-0.000694
-0.000840
-0.000432
-0.000358
-0.001587
-0.002597
-0.001372
0.001012
0.002529
0.003932
0.006340
0.008075
0.007652
0.006434
0.005363
0.003121
-0.000286
-0.002645
-0.003586
-0.004879
-0.006504
-0.006790
-0.005898
-0.005359
-0.005137
-0.004304
-0.003135
-0.002143
-0.000803
0.001165
0.003023
0.004390
0.005663
0.006730
0.006855
0.005836
0.004076
0.001866
-0.000555
-0.002764
-0.004440
-0.005433
-0.005639
-0.005126
-0.004087
-0.002614
-0.000919
0.000552
0.001641
0.002590
0.003425
0.003892
0.004073
0.004259
0.004278
0.003784
0.002891
0.001775
0.000264
-0.001602
-0.003340
-0.004683
-0.005701
-0.006232
-0.005932
-0.004815
-0.003248
-0.001506
0.000270
0.001777
0.002729
0.003210
0.003411
0.003291
0.002836
0.002299
0.001881
0.001479
0.000919
0.000128
-0.000794
-0.001444
-0.001485
-0.001124
-0.000661
-0.000020
0.000793
0.001360
0.001414
0.001133
0.000690
0.000064
-0.000671
-0.001340
-0.001865
-0.002219
-0.002335
-0.002121
-0.001568
-0.000862
-0.000215
0.000401
0.001075
0.001644
0.001901
0.001877
0.001639
0.001188
0.000655
0.000175
-0.000318
-0.000834
-0.001159
-0.001199
-0.001115
-0.000984
-0.000707
-0.000263
0.000253
0.000769
0.001224
0.001560
0.001766
0.001763
0.001410
0.000743
-0.000011
-0.000695
-0.001247
-0.001603
-0.001735
-0.001739
-0.001701
-0.001454
-0.000945
-0.000822
-0.001596
-0.002417
-0.002396
-0.002473
-0.003490
-0.003722
-0.001326
0.002417
0.005287
0.007440
0.009646
0.010702
0.009398
0.006722
0.003949
0.000865
-0.002484
-0.004826
-0.005747
-0.006268
-0.006720
-0.006409
-0.005425
-0.004699
-0.004432
-0.004025
-0.003204
-0.002039
-0.000385
0.001811
0.004140
0.006057
0.007266
0.007669
0.007105
0.005388
0.002662
-0.000417
-0.003073
-0.004974
-0.006137
-0.006469
-0.005839
-0.004432
-0.002616
-0.000677
0.001050
0.002204
0.002866
0.003430
0.003950
0.004195
0.004212
0.004223
0.004076
0.003384
0.002119
0.000535
-0.001267
-0.003226
-0.005000
-0.006154
-0.006540
-0.006227
-0.005246
-0.003682
-0.001822
-0.000021
0.001489
0.002632
0.003332
0.003513
0.003317
0.003004
0.002609
0.002078
0.001532
0.001103
0.000705
0.000090
-0.000926
-0.002025
-0.002421
-0.001849
-0.000906
-0.000014
0.001009
0.002078
0.002615
0.002333
0.001481
0.000381
-0.000768
-0.001823
-0.002659
-0.003118
-0.003074
-0.002588
-0.001816
-0.000913
-0.000079
0.000594
0.001230
0.001821
0.002088
0.001953
0.001673
0.001387
0.001015
0.000559
0.000108
-0.000353
-0.000851
-0.001297
-0.001573
-0.001592
-0.001310
-0.000777
-0.000049
0.000814
0.001560
0.001909
0.001908
0.001731
0.001318
0.000615
-0.000158
-0.000762
-0.001195
-0.001541
-0.001790
-0.001843
-0.001674
-0.001520
-0.001616
-0.001641
-0.001160
-0.000796
-0.001711
-0.003457
-0.003974
-0.002417
0.000010
0.002495
0.005460
0.008570
0.010296
0.010018
0.008503
0.006163
0.002872
-0.000687
-0.003390
-0.005134
-0.006469
-0.007217
-0.006836
-0.005688
-0.004709
-0.004216
-0.003832
-0.003211
-0.002287
-0.001044
0.000533
0.002338
0.004177
0.005826
0.006999
0.007307
0.006429
0.004449
0.001824
-0.000950
-0.003450
-0.005307
-0.006325
-0.006492
-0.005785
-0.004205
-0.002080
-0.000034
0.001556
0.002814
0.003829
0.004341
0.004292
0.004090
0.004017
0.003867
0.003368
0.002530
0.001415
-0.000014
-0.001679
-0.003366
-0.004902
-0.006085
-0.006651
-0.006452
-0.005502
-0.003922
-0.001988
-0.000067
0.001583
0.002853
0.003557
0.003524
0.003035
0.002671
0.002588
0.002496
0.002306
0.002185
0.002056
0.001644
0.000895
0.000002
-0.000849
-0.001569
-0.002066
-0.002202
-0.001962
-0.001517
-0.001024
-0.000523
-0.000104
0.000064
-0.000040
-0.000262
-0.000471
-0.000592
-0.000529
-0.000259
0.000096
0.000425
0.000719
0.000926
0.000901
0.000595
0.000163
-0.000185
-0.000409
-0.000591
-0.000692
-0.000570
-0.000235
0.000146
0.000466
0.000682
0.000732
0.000644
0.000583
0.000595
0.000539
0.000404
0.000358
0.000436
0.000483
0.000370
0.000111
-0.000225
-0.000630
-0.001082
-0.001415
-0.001507
-0.001559
-0.001805
-0.002033
-0.001883
-0.001725
-0.002552
-0.004192
-0.004619
-0.002531
0.000620
0.003076
0.005387
0.008271
0.010197
0.009746
0.007988
0.006148
0.003605
0.000127
-0.002784
-0.004359
-0.005577
-0.006758
-0.006881
-0.005802
-0.004732
-0.004303
-0.003944
-0.003169
-0.002165
-0.001090
0.000225
0.001832
0.003495
0.004946
0.005997
0.006427
0.005958
0.004487
0.002330
0.000016
-0.002198
-0.004236
-0.005720
-0.006194
-0.005660
-0.004446
-0.002782
-0.000900
0.000798
0.002098
0.003134
0.003927
0.004283
0.004283
0.004227
0.004111
0.003687
0.002916
0.001922
0.000676
-0.000876
-0.002557
-0.004116
-0.005410
-0.006252
-0.006412
-0.005846
-0.004677
-0.003053
-0.001201
0.000570
0.002044
0.003146
0.003852
0.004108
0.003871
0.003248
0.002403
0.001445
0.000639
0.000278
0.000236
0.000211
0.000230
0.000376
0.000413
0.000150
-0.000269
-0.000645
-0.000895
-0.000993
-0.000945
-0.000798
-0.000657
-0.000642
-0.000761
-0.000886
-0.000920
-0.000887
-0.000779
-0.000516
-0.000135
0.000230
0.000562
0.000873
0.001043
0.000980
0.000746
0.000416
0.000016
-0.000384
-0.000673
-0.000746
-0.000600
-0.000363
-0.000153
0.000022
0.000194
0.000371
0.000567
0.000767
0.000920
0.001028
0.001106
0.001047
0.000770
0.000409
0.000113
-0.000175
-0.000535
-0.000871
-0.001113
-0.001447
-0.002024
-0.002587
-0.002802
-0.002993
-0.003858
-0.004982
-0.004773
-0.002644
0.000226
0.002953
0.005825
0.008657
0.010268
0.010119
0.008775
0.006646
0.003705
0.000433
-0.002274
-0.004169
-0.005600
-0.006536
-0.006587
-0.005884
-0.005093
-0.004576
-0.004076
-0.003288
-0.002256
-0.001119
0.000154
0.001636
0.003194
0.004559
0.005582
0.006137
0.005914
0.004738
0.002889
0.000782
-0.001429
-0.003616
-0.005316
-0.006082
-0.005932
-0.005064
-0.003578
-0.001720
0.000105
0.001704
0.003067
0.004044
0.004467
0.004449
0.004251
0.003947
0.003463
0.002777
0.001946
0.000991
-0.000134
-0.001452
-0.002901
-0.004311
-0.005431
-0.006076
-0.006164
-0.005631
-0.004471
-0.002854
-0.001045
0.000739
0.002339
0.003593
0.004383
0.004683
0.004523
0.003963
0.003165
0.002342
0.001566
0.000818
0.000169
-0.000316
-0.000723
-0.001141
-0.001521
-0.001768
-0.001875
-0.001831
-0.001565
-0.001115
-0.000664
-0.000289
0.000090
0.000466
0.000680
0.000667
0.000501
0.000226
-0.000141
-0.000536
-0.000846
-0.000926
-0.000716
-0.000352
-0.000005
0.000285
0.000534
0.000702
0.000745
0.000700
0.000640
0.000552
0.000359
0.000086
-0.000117
-0.000157
-0.000090
-0.000003
0.000058
0.000066
0.000026
-0.000034
-0.000074
-0.000066
-0.000048
-0.000046
-0.000016
0.000007
-0.000121
-0.000471
-0.000997
-0.001674
-0.002659
-0.003958
-0.004842
-0.004322
-0.002413
-0.000048
0.002271
0.004649
0.006770
0.007886
0.007756
0.006772
0.005291
0.003391
0.001181
-0.001029
-0.002844
-0.004041
-0.004717
-0.004988
-0.004801
-0.004278
-0.003765
-0.003325
-0.002735
-0.001988
-0.001294
-0.000589
0.000389
0.001576
0.002641
0.003481
0.004144
0.004449
0.004151
0.003289
0.002035
0.000511
-0.001082
-0.002480
-0.003545
-0.004152
-0.004118
-0.003478
-0.002550
-0.001542
-0.000413
0.000792
0.001835
0.002587
0.003117
0.003432
0.003433
0.003150
0.002730
0.002207
0.001545
0.000754
-0.000108
-0.000968
-0.001747
-0.002416
-0.003028
-0.003639
-0.004142
-0.004308
-0.004057
-0.003480
-0.002586
-0.001348
0.000028
0.001298
0.002422
0.003332
0.003846
0.003969
0.003876
0.003605
0.003084
0.002379
0.001643
0.000922
0.000198
-0.000498
-0.001147
-0.001742
-0.002198
-0.002427
-0.002458
-0.002352
-0.002078
-0.001619
-0.001063
-0.000539
-0.000099
0.000309
0.000711
0.000991
0.001054
0.000973
0.000838
0.000640
0.000387
0.000150
-0.000013
-0.000132
-0.000248
-0.000278
-0.000155
-0.000030
-0.000070
-0.000201
-0.000246
-0.000180
-0.000074
0.000047
0.000171
0.000295
0.000427
0.000526
0.000566
0.000596
0.000576
0.000375
0.000072
-0.000110
-0.000142
-0.000182
-0.000373
-0.000777
-0.001293
-0.001748
-0.002101
-0.002384
-0.002502
-0.002237
-0.001403
-0.000063
0.001347
0.002383
0.003052
0.003508
0.003612
0.003283
0.002820
0.002408
0.001826
0.001011
0.000314
-0.000140
-0.000593
-0.001089
-0.001495
-0.001853
-0.002158
-0.002220
-0.002045
-0.001893
-0.001843
-0.001725
-0.001506
-0.001308
-0.001070
-0.000655
-0.000132
0.000374
0.000869
0.001321
0.001601
0.001668
0.001592
0.001411
0.001123
0.000767
0.000426
0.000157
-0.000037
-0.000156
-0.000186
-0.000156
-0.000122
-0.000069
0.000042
0.000160
0.000183
0.000102
-0.000029
-0.000194
-0.000337
-0.000358
-0.000277
-0.000194
-0.000114
-0.000020
0.000007
-0.000116
-0.000319
-0.000447
-0.000465
-0.000526
-0.000736
-0.000959
-0.001000
-0.000836
-0.000528
-0.000113
0.000311
0.000607
0.000778
0.000944
0.001133
0.001274
0.001319
0.001212
0.000922
0.000560
0.000279
0.000102
-0.000008
-0.000081
-0.000179
-0.000340
-0.000488
-0.000545
-0.000545
-0.000577
-0.000648
-0.000651
-0.000530
-0.000384
-0.000301
-0.000254
-0.000192
-0.000100
0.000022
0.000136
0.000195
0.000196
0.000151
0.000108
0.000145
0.000237
0.000284
0.000263
0.000192
0.000055
-0.000091
-0.000123
-0.000044
0.000011
-0.000009
-0.000029
-0.000032
-0.000083
-0.000152
-0.000152
-0.000118
-0.000145
-0.000252
-0.000381
-0.000469
-0.000530
-0.000553
-0.000373
0.000126
0.000686
0.000913
0.000809
0.000660
0.000524
0.000292
0.000053
-0.000050
-0.000100
-0.000176
-0.000153
0.000028
0.000211
0.000288
0.000366
0.000543
0.000717
0.000759
0.000667
0.000463
0.000152
-0.000205
-0.000550
-0.000833
-0.000947
-0.000824
-0.000620
-0.000540
-0.000559
-0.000498
-0.000307
-0.000113
-0.000066
-0.000206
-0.000420
-0.000529
-0.000474
-0.000355
-0.000243
-0.000088
0.000152
0.000420
0.000665
0.000884
0.001011
0.000952
0.000764
0.000599
0.000492
0.000344
0.000100
-0.000159
-0.000302
-0.000307
-0.000247
-0.000168
-0.000073
0.000008
0.000030
-0.000004
-0.000064
-0.000168
-0.000344
-0.000538
-0.000614
-0.000531
-0.000413
-0.000356
-0.000317
-0.000275
-0.000251
-0.000189
-0.000050
0.000086
0.000161
0.000214
0.000294
0.000417
0.000579
0.000716
0.000733
0.000641
0.000531
0.000440
0.000339
0.000188
0.000008
-0.000081
-0.000035
0.000014
-0.000044
-0.000162
-0.000254
-0.000291
-0.000282
-0.000303
-0.000397
-0.000464
-0.000397
-0.000242
-0.000113
-0.000037
-0.000001
-0.000033
-0.000132
-0.000215
-0.000178
-0.000022
0.000109
0.000107
0.000056
0.000051
0.000035
-0.000042
-0.000119
-0.000190
-0.000375
-0.000709
-0.000972
-0.000865
-0.000348
0.000266
0.000604
0.000630
0.000596
0.000602
0.000549
0.000473
0.000488
0.000490
0.000352
0.000240
0.000380
0.000685
0.000930
0.001047
0.001033
0.000881
0.000664
0.000434
0.000100
-0.000380
-0.000856
-0.001158
-0.001296
-0.001330
-0.001273
-0.001185
-0.001120
-0.001002
-0.000743
-0.000407
-0.000149
-0.000032
-0.000004
-0.000044
-0.000123
-0.000152
-0.000103
-0.000025
0.000081
0.000255
0.000484
0.000714
0.000929
0.001118
0.001178
0.001023
0.000763
0.000569
0.000474
0.000388
0.000233
0.000028
-0.000127
-0.000154
-0.000078
-0.000019
-0.000066
-0.000218
-0.000464
-0.000735
-0.000834
-0.000697
-0.000591
-0.000731
-0.000965
-0.001066
-0.000997
-0.000769
-0.000378
0.000050
0.000359
0.000565
0.000707
0.000710
0.000606
0.000567
0.000592
0.000518
0.000362
0.000289
0.000335
0.000424
0.000472
0.000414
0.000288
0.000213
0.000216
0.000219
0.000137
-0.000035
-0.000197
-0.000246
-0.000240
-0.000294
-0.000415
-0.000502
-0.000481
-0.000390
-0.000312
-0.000247
-0.000138
0.000005
0.000075
0.000022
-0.000060
-0.000103
-0.000154
-0.000210
-0.000195
-0.000099
0.000012
0.000035
-0.000097
-0.000270
-0.000271
-0.000109
0.000008
-0.000049
-0.000250
-0.000481
-0.000603
-0.000489
-0.000109
0.000355
0.000662
0.000792
0.000820
0.000703
0.000492
0.000362
0.000298
0.000197
0.000139
0.000208
0.000322
0.000425
0.000552
0.000665
0.000631
0.000437
0.000247
0.000155
0.000054
-0.000170
-0.000459
-0.000665
-0.000734
-0.000752
-0.000798
-0.000817
-0.000747
-0.000647
-0.000581
-0.000506
-0.000400
-0.000333
-0.000343
-0.000353
-0.000287
-0.000178
-0.000109
-0.000064
0.000071
0.000342
0.000657
0.000894
0.000995
0.000973
0.000899
0.000846
0.000815
0.000722
0.000519
0.000265
0.000035
-0.000163
-0.000318
-0.000401
-0.000402
-0.000320
-0.000218
-0.000241
-0.000376
-0.000396
-0.000233
-0.000123
-0.000243
-0.000479
-0.000636
-0.000637
-0.000506
-0.000332
-0.000221
-0.000175
-0.000098
0.000057
0.000226
0.000335
0.000335
0.000243
0.000165
0.000170
0.000237
0.000320
0.000350
0.000282
0.000199
0.000240
0.000374
0.000449
0.000410
0.000262
0.000035
-0.000129
-0.000123
-0.000043
-0.000020
-0.000067
-0.000139
-0.000188
-0.000205
-0.000227
-0.000246
-0.000188
-0.000066
0.000037
0.000100
0.000125
0.000066
-0.000074
-0.000202
-0.000250
-0.000264
-0.000320
-0.000436
-0.000558
-0.000617
-0.000643
-0.000736
-0.000824
-0.000674
-0.000249
0.000201
0.000444
0.000506
0.000552
0.000620
0.000663
0.000708
0.000787
0.000833
0.000760
0.000586
0.000460
0.000524
0.000715
0.000819
0.000736
0.000536
0.000294
0.000044
-0.000181
-0.000378
-0.000579
-0.000744
-0.000801
-0.000777
-0.000766
-0.000817
-0.000894
-0.000909
-0.000785
-0.000544
-0.000317
-0.000204
-0.000195
-0.000214
-0.000177
-0.000078
0.000021
0.000107
0.000226
0.000386
0.000546
0.000661
0.000734
0.000806
0.000868
0.000836
0.000664
0.000458
0.000335
0.000243
0.000086
-0.000084
-0.000172
-0.000226
-0.000355
-0.000492
-0.000417
-0.000132
0.000066
0.000005
-0.000168
-0.000304
-0.000427
-0.000556
-0.000626
-0.000603
-0.000509
-0.000375
-0.000210
-0.000014
0.000164
0.000220
0.000161
0.000115
0.000115
0.000113
0.000148
0.000243
0.000281
0.000207
0.000135
0.000175
0.000281
0.000343
0.000293
0.000167
0.000084
0.000097
0.000111
0.000059
-0.000005
-0.000026
-0.000006
0.000012
0.000018
0.000045
0.000093
0.000116
0.000110
0.000088
0.000021
-0.000101
-0.000218
-0.000308
-0.000392
-0.000440
-0.000407
-0.000333
-0.000312
-0.000370
-0.000433
-0.000426
-0.000352
-0.000278
-0.000259
-0.000272
-0.000238
-0.000082
0.000161
0.000357
0.000424
0.000404
0.000391
0.000425
0.000460
0.000467
0.000480
0.000504
0.000492
0.000452
0.000471
0.000533
0.000516
0.000421
0.000367
0.000399
0.000443
0.000395
0.000193
-0.000184
-0.000650
-0.000980
-0.001032
-0.000931
-0.000869
-0.000840
-0.000717
-0.000506
-0.000340
-0.000299
-0.000351
-0.000381
-0.000313
-0.000209
-0.000154
-0.000112
0.000002
0.000179
0.000354
0.000521
0.000705
0.000853
0.000878
0.000797
0.000725
0.000689
0.000579
0.000374
0.000175
0.000031
-0.000087
-0.000183
-0.000242
-0.000240
-0.000177
-0.000128
-0.000194
-0.000367
-0.000494
-0.000434
-0.000232
-0.000089
-0.000114
-0.000239
-0.000384
-0.000504
-0.000529
-0.000432
-0.000265
-0.000092
0.000036
0.000121
0.000258
0.000462
0.000557
0.000426
0.000202
0.000080
0.000071
0.000063
0.000006
-0.000036
-0.000001
0.000055
0.000042
-0.000000
0.000032
0.000151
0.000279
0.000305
0.000207
0.000103
0.000075
0.000061
-0.000016
-0.000112
-0.000136
-0.000113
-0.000142
-0.000230
-0.000285
-0.000259
-0.000212
-0.000231
-0.000285
-0.000279
-0.000224
-0.000188
-0.000168
-0.000130
-0.000081
-0.000074
-0.000147
-0.000213
-0.000131
0.000098
0.000330
0.000433
0.000377
0.000250
0.000185
0.000215
0.000251
0.000228
0.000198
0.000254
0.000386
0.000481
0.000485
0.000445
0.000423
0.000423
0.000384
0.000246
0.000038
-0.000159
-0.000331
-0.000502
-0.000623
-0.000644
-0.000608
-0.000576
-0.000540
-0.000468
-0.000365
-0.000286
-0.000254
-0.000226
-0.000186
-0.000183
-0.000230
-0.000265
-0.000222
-0.000086
0.000114
0.000343
0.000544
0.000655
0.000663
0.000591
0.000472
0.000363
0.000307
0.000299
0.000304
0.000283
0.000216
0.000103
-0.000046
-0.000167
-0.000169
-0.000102
-0.000102
-0.000128
-0.000030
0.000107
0.000044
-0.000249
-0.000593
-0.000801
-0.000740
-0.000463
-0.000188
-0.000025
0.000063
0.000129
0.000218
0.000315
0.000318
0.000182
0.000034
-0.000016
-0.000017
-0.000043
-0.000115
-0.000238
-0.000328
-0.000263
-0.000074
0.000081
0.000124
0.000136
0.000206
0.000293
0.000303
0.000244
0.000187
0.000143
0.000087
0.000051
0.000073
0.000133
0.000187
0.000187
0.000104
-0.000044
-0.000226
-0.000454
-0.000743
-0.000927
-0.000709
-0.000119
0.000335
0.000315
0.000052
-0.000155
-0.000265
-0.000256
-0.000107
0.000075
0.000211
0.000312
0.000361
0.000375
0.000454
0.000564
0.000523
0.000343
0.000258
0.000312
0.000301
0.000156
-0.000007
-0.000130
-0.000223
-0.000228
-0.000125
-0.000043
-0.000034
-0.000005
0.000056
0.000043
-0.000097
-0.000313
-0.000510
-0.000629
-0.000647
-0.000563
-0.000428
-0.000289
-0.000125
0.000087
0.000261
0.000286
0.000225
0.000196
0.000178
0.000127
0.000113
0.000184
0.000252
0.000233
0.000177
0.000165
0.000195
0.000216
0.000202
0.000160
0.000102
0.000062
0.000030
-0.000093
-0.000290
-0.000364
-0.000272
-0.000166
-0.000106
-0.000072
-0.000084
-0.000100
-0.000021
0.000106
0.000150
0.000105
0.000063
0.000034
-0.000041
-0.000129
-0.000161
-0.000174
-0.000213
-0.000218
-0.000126
-0.000005
0.000057
0.000090
0.000151
0.000217
0.000267
0.000287
0.000186
-0.000042
-0.000193
-0.000142
-0.000048
-0.000070
-0.000106
-0.000029
0.000043
-0.000028
-0.000129
-0.000113
-0.000035
0.000025
0.000096
0.000176
0.000204
0.000150
0.000015
-0.000141
-0.000168
-0.000029
0.000103
0.000098
0.000025
-0.000025
-0.000035
-0.000004
0.000025
-0.000074
-0.000326
-0.000525
-0.000482
-0.000250
-0.000013
0.000122
0.000195
0.000256
0.000239
0.000123
0.000040
0.000081
0.000184
0.000276
0.000358
0.000417
0.000399
0.000294
0.000150
0.000018
-0.000070
-0.000078
-0.000014
0.000002
-0.000116
-0.000259
-0.000261
-0.000136
-0.000021
0.000030
0.000047
0.000056
0.000039
-0.000028
-0.000140
-0.000259
-0.000334
-0.000333
-0.000252
-0.000109
0.000043
0.000133
0.000154
0.000163
0.000177
0.000169
0.000117
0.000008
-0.000107
-0.000135
-0.000062
0.000056
0.000142
0.000111
-0.000011
-0.000091
-0.000074
-0.000028
-0.000019
-0.000036
-0.000037
-0.000010
0.000016
0.000024
0.000017
-0.000020
-0.000091
-0.000112
-0.000007
0.000104
0.000035
-0.000177
-0.000337
-0.000353
-0.000260
-0.000142
-0.000077
-0.000040
0.000070
0.000245
0.000357
0.000330
0.000215
0.000119
0.000094
0.000118
0.000135
0.000103
0.000032
-0.000012
0.000003
0.000016
-0.000034
-0.000100
-0.000090
0.000012
0.000114
0.000125
0.000078
0.000064
0.000053
-0.000054
-0.000195
-0.000209
-0.000111
-0.000035
-0.000016
-0.000022
-0.000085
-0.000198
-0.000228
-0.000146
-0.000106
-0.000155
-0.000145
-0.000023
0.000069
0.000038
-0.000008
0.000028
0.000087
0.000141
0.000271
0.000462
0.000532
0.000389
0.000167
0.000060
0.000092
0.000106
-0.000008
-0.000189
-0.000300
-0.000266
-0.000144
-0.000045
0.000017
0.000081
0.000137
0.000177
0.000197
0.000157
0.000053
-0.000062
-0.000164
-0.000239
-0.000267
-0.000276
-0.000336
-0.000412
-0.000371
-0.000208
-0.000074
-0.000002
0.000111
0.000242
0.000265
0.000173
0.000073
0.000066
0.000176
0.000302
0.000336
0.000282
0.000205
0.000162
0.000145
0.000082
-0.000047
-0.000182
-0.000255
-0.000233
-0.000174
-0.000183
-0.000279
-0.000390
-0.000450
-0.000423
-0.000315
-0.000180
-0.000071
0.000006
0.000097
0.000200
0.000254
0.000232
0.000175
0.000121
0.000051
-0.000021
-0.000004
0.000126
0.000222
0.000170
0.000075
0.000082
0.000165
0.000213
0.000180
0.000099
0.000032
0.000005
-0.000022
-0.000093
-0.000183
-0.000210
-0.000148
-0.000090
-0.000080
-0.000043
0.000026
0.000042
0.000000
-0.000037
-0.000042
-0.000016
0.000026
0.000054
0.000065
0.000087
0.000124
0.000164
0.000178
0.000100
-0.000058
-0.000162
-0.000166
-0.000125
-0.000035
0.000053
0.000026
-0.000063
-0.000072
-0.000013
0.000010
-0.000033
-0.000077
-0.000040
0.000078
0.000165
0.000135
0.000028
-0.000054
-0.000074
-0.000080
-0.000101
-0.000086
0.000012
0.000160
0.000249
0.000204
0.000071
-0.000055
-0.000098
-0.000014
0.000127
0.000173
0.000087
-0.000014
-0.000060
-0.000088
-0.000116
-0.000123
-0.000129
-0.000155
-0.000145
-0.000074
-0.000011
0.000005
0.000000
-0.000042
-0.000127
-0.000182
-0.000155
-0.000074
0.000030
0.000148
0.000266
0.000337
0.000313
0.000197
0.000061
-0.000033
-0.000093
-0.000143
-0.000174
-0.000160
-0.000107
-0.000079
-0.000139
-0.000234
-0.000216
-0.000076
0.000021
0.000025
0.000087
0.000252
0.000316
0.000175
-0.000004
-0.000059
-0.000014
0.000031
0.000006
-0.000088
-0.000159
-0.000135
-0.000077
-0.000102
-0.000201
-0.000199
-0.000012
0.000206
0.000287
0.000233
0.000149
0.000129
0.000210
0.000325
0.000329
0.000133
-0.000154
-0.000311
-0.000249
-0.000095
0.000001
0.000006
-0.000038
-0.000088
-0.000108
-0.000080
-0.000022
0.000032
0.000066
0.000065
0.000039
0.000026
0.000013
-0.000046
-0.000092
-0.000026
0.000092
0.000131
0.000076
-0.000002
-0.000052
-0.000085
-0.000117
-0.000109
-0.000033
0.000047
0.000050
-0.000001
-0.000014
0.000061
0.000157
0.000146
0.000026
-0.000056
-0.000044
-0.000038
-0.000035
0.000062
0.000194
0.000232
0.000197
0.000140
0.000023
-0.000145
-0.000230
-0.000158
-0.000038
-0.000006
-0.000049
-0.000081
-0.000079
-0.000079
-0.000108
-0.000129
-0.000100
-0.000066
-0.000117
-0.000239
-0.000325
-0.000324
-0.000275
-0.000179
0.000022
0.000293
0.000466
0.000419
0.000237
0.000110
0.000095
0.000105
0.000095
0.000096
0.000110
0.000093
0.000035
-0.000037
-0.000099
-0.000105
-0.000015
0.000131
0.000206
0.000147
0.000022
-0.000099
-0.000186
-0.000187
-0.000099
-0.000035
-0.000083
-0.000183
-0.000227
-0.000195
-0.000134
-0.000064
-0.000000
0.000034
0.000031
-0.000008
-0.000053
-0.000036
0.000060
0.000191
0.000290
0.000285
0.000162
0.000007
-0.000066
-0.000017
0.000095
0.000166
0.000136
0.000036
-0.000048
-0.000085
-0.000103
-0.000108
-0.000055
0.000057
0.000157
0.000161
0.000039
-0.000142
-0.000259
-0.000255
-0.000186
-0.000142
-0.000154
-0.000163
-0.000090
0.000054
0.000168
0.000204
0.000203
0.000198
0.000169
0.000098
0.000013
-0.000035
-0.000039
-0.000024
0.000019
0.000087
0.000117
0.000054
-0.000060
-0.000096
-0.000019
0.000039
-0.000013
-0.000093
-0.000097
-0.000044
-0.000022
-0.000073
-0.000099
0.000044
0.000299
0.000422
0.000300
0.000063
-0.000115
-0.000178
-0.000167
-0.000159
-0.000181
-0.000188
-0.000152
-0.000101
-0.000074
-0.000083
-0.000108
-0.000134
-0.000168
-0.000177
-0.000095
0.000030
0.000093
0.000113
0.000162
0.000223
0.000237
0.000183
0.000099
0.000057
0.000044
-0.000017
-0.000084
-0.000041
0.000093
0.000192
0.000188
0.000093
-0.000044
-0.000133
-0.000099
-0.000014
-0.000049
-0.000225
-0.000358
-0.000295
-0.000092
0.000080
0.000119
0.000059
0.000011
0.000039
0.000107
0.000145
0.000158
0.000152
0.000086
-0.000010
-0.000036
-0.000003
-0.000007
-0.000043
-0.000024
0.000056
0.000083
-0.000009
-0.000128
-0.000125
0.000022
0.000198
0.000276
0.000200
0.000015
-0.000155
-0.000207
-0.000160
-0.000103
-0.000072
-0.000071
-0.000094
-0.000102
-0.000076
-0.000061
-0.000084
-0.000099
-0.000046
0.000061
0.000126
0.000100
0.000045
0.000031
0.000058
0.000099
0.000128
0.000114
0.000065
0.000038
0.000049
0.000044
0.000003
-0.000028
-0.000011
0.000010
-0.000020
-0.000062
-0.000047
0.000031
0.000097
0.000075
-0.000018
-0.000100
-0.000137
-0.000147
-0.000141
-0.000125
-0.000082
0.000018
0.000137
0.000170
0.000080
-0.000025
-0.000046
-0.000019
-0.000007
-0.000015
-0.000014
0.000040
0.000118
0.000115
0.000049
0.000054
0.000124
0.000127
0.000037
-0.000067
-0.000147
-0.000182
-0.000155
-0.000118
-0.000097
-0.000063
-0.000035
-0.000037
-0.000017
0.000061
0.000160
0.000208
0.000164
0.000061
-0.000042
-0.000088
-0.000044
0.000033
0.000045
0.000002
-0.000027
-0.000058
-0.000131
-0.000161
-0.000071
-0.000002
-0.000079
-0.000163
-0.000116
-0.000037
-0.000008
0.000063
0.000193
0.000217
0.000054
-0.000142
-0.000179
-0.000051
0.000093
0.000147
0.000124
0.000091
0.000102
0.000148
0.000171
0.000135
0.000076
0.000067
0.000100
0.000074
-0.000041
-0.000160
-0.000226
-0.000251
-0.000220
-0.000090
0.000052
0.000071
0.000003
-0.000044
-0.000033
0.000050
0.000154
0.000137
-0.000006
-0.000093
-0.000049
-0.000001
-0.000016
-0.000026
-0.000005
0.000018
0.000027
0.000013
-0.000008
-0.000022
-0.000050
-0.000090
-0.000095
-0.000076
-0.000095
-0.000138
-0.000128
-0.000051
0.000049
0.000129
0.000160
0.000160
0.000179
0.000223
0.000221
0.000128
-0.000000
-0.000068
-0.000051
-0.000048
-0.000132
-0.000217
-0.000191
-0.000090
-0.000036
-0.000056
-0.000078
-0.000082
-0.000074
-0.000001
0.000105
0.000142
0.000122
0.000119
0.000133
0.000108
0.000011
-0.000114
-0.000172
-0.000110
0.000011
0.000086
0.000098
0.000069
0.000015
-0.000012
0.000019
0.000072
0.000105
0.000113
0.000109
0.000091
0.000036
-0.000077
-0.000216
-0.000274
-0.000186
-0.000048
0.000009
-0.000012
-0.000021
-0.000013
-0.000044
-0.000083
-0.000067
-0.000023
-0.000016
-0.000031
-0.000008
0.000043
0.000069
0.000093
0.000132
0.000114
-0.000004
-0.000100
-0.000040
0.000077
0.000076
0.000000
-0.000023
0.000001
0.000017
0.000017
0.000028
0.000070
0.000119
0.000132
0.000111
0.000099
0.000112
0.000092
-0.000019
-0.000161
-0.000219
-0.000185
-0.000139
-0.000141
-0.000216
-0.000316
-0.000304
-0.000159
-0.000030
0.000037
0.000121
0.000224
0.000282
0.000278
0.000223
0.000141
0.000126
0.000220
0.000275
0.000193
0.000111
0.000100
0.000022
-0.000138
-0.000211
-0.000162
-0.000147
-0.000206
-0.000235
-0.000196
-0.000132
-0.000092
-0.000110
-0.000143
-0.000107
-0.000015
0.000030
-0.000023
-0.000105
-0.000095
0.000017
0.000108
0.000114
0.000134
0.000209
0.000199
0.000081
0.000027
0.000068
0.000060
0.000000
-0.000002
0.000037
0.000026
-0.000022
-0.000041
-0.000020
0.000014
0.000030
0.000011
-0.000007
-0.000016
-0.000070
-0.000154
-0.000176
-0.000090
0.000030
0.000074
0.000046
0.000045
0.000086
0.000102
0.000097
0.000120
0.000117
0.000015
-0.000120
-0.000175
-0.000142
-0.000061
0.000038
0.000088
0.000056
0.000052
0.000157
0.000222
0.000097
-0.000097
-0.000177
-0.000153
-0.000133
-0.000146
-0.000133
-0.000036
0.000085
0.000109
0.000011
-0.000106
-0.000140
-0.000116
-0.000115
-0.000142
-0.000129
-0.000041
0.000074
0.000167
0.000224
0.000225
0.000178
0.000157
0.000197
0.000216
0.000116
-0.000048
-0.000111
-0.000054
-0.000043
-0.000113
-0.000127
-0.000071
-0.000063
-0.000115
-0.000109
0.000003
0.000105
0.000086
0.000001
-0.000025
0.000027
0.000052
-0.000022
-0.000141
-0.000199
-0.000126
0.000025
0.000124
0.000119
0.000039
-0.000052
-0.000048
0.000047
0.000079
0.000015
-0.000001
0.000046
0.000035
-0.000031
-0.000058
-0.000016
0.000068
0.000117
0.000056
-0.000050
-0.000078
-0.000008
0.000094
0.000145
0.000083
-0.000044
-0.000108
-0.000083
-0.000041
-0.000029
-0.000061
-0.000146
-0.000234
-0.000229
-0.000118
0.000009
0.000100
0.000171
0.000207
0.000215
0.000266
0.000333
0.000233
-0.000075
-0.000350
-0.000387
-0.000274
-0.000187
-0.000123
-0.000019
0.000074
0.000111
0.000126
0.000132
0.000133
0.000158
0.000184
0.000149
0.000077
0.000040
0.000014
-0.000040
-0.000061
-0.000016
0.000019
0.000015
0.000031
0.000049
-0.000013
-0.000131
-0.000218
-0.000244
-0.000193
-0.000082
-0.000013
-0.000038
-0.000084
-0.000082
-0.000016
0.000091
0.000163
0.000145
0.000091
0.000054
0.000025
0.000039
0.000107
0.000134
0.000090
0.000045
0.000033
0.000047
0.000055
0.000012
-0.000078
-0.000154
-0.000183
-0.000188
-0.000188
-0.000158
-0.000094
-0.000062
-0.000061
-0.000005
0.000081
0.000067
-0.000056
-0.000174
-0.000216
-0.000159
0.000025
0.000270
0.000388
0.000303
0.000175
0.000114
0.000043
-0.000065
-0.000099
-0.000031
0.000014
-0.000027
-0.000064
-0.000016
0.000063
0.000086
0.000056
0.000041
0.000048
0.000041
0.000021
-0.000007
-0.000044
-0.000046
0.000004
0.000051
0.000020
-0.000100
-0.000206
-0.000205
-0.000142
-0.000110
-0.000105
-0.000074
-0.000025
0.000001
0.000026
0.000090
0.000152
0.000150
0.000089
0.000008
-0.000059
-0.000058
0.000040
0.000162
0.000190
0.000116
0.000039
0.000019
0.000028
0.000046
0.000072
0.000058
-0.000047
-0.000178
-0.000209
-0.000119
0.000006
0.000073
0.000035
-0.000071
-0.000145
-0.000119
-0.000037
-0.000000
-0.000027
-0.000035
0.000036
0.000138
0.000161
0.000072
-0.000032
-0.000037
0.000026
0.000028
-0.000051
-0.000097
-0.000064
-0.000014
0.000019
0.000026
0.000002
0.000013
0.000113
0.000234
0.000261
0.000158
-0.000007
-0.000148
-0.000235
-0.000281
-0.000278
-0.000185
0.000009
0.000216
0.000315
0.000307
0.000285
0.000242
0.000102
-0.000076
-0.000159
-0.000167
-0.000219
-0.000303
-0.000290
-0.000178
-0.000123
-0.000162
-0.000169
-0.000100
-0.000036
-0.000040
-0.000085
-0.000099
-0.000049
0.000042
0.000141
0.000240
0.000333
0.000376
0.000332
0.000251
0.000177
0.000076
-0.000036
-0.000103
-0.000134
-0.000135
-0.000076
0.000005
0.000027
-0.000020
-0.000079
-0.000115
-0.000133
-0.000147
-0.000157
-0.000125
-0.000015
0.000107
0.000135
0.000087
0.000061
0.000069
0.000059
0.000013
-0.000046
-0.000049
0.000044
0.000143
0.000143
0.000080
0.000035
0.000034
0.000068
0.000096
0.000074
0.000030
0.000031
0.000081
0.000107
0.000032
-0.000125
-0.000269
-0.000322
-0.000276
-0.000183
-0.000135
-0.000169
-0.000200
-0.000151
-0.000049
0.000060
0.000144
0.000165
0.000138
0.000159
0.000213
0.000155
-0.000021
-0.000136
-0.000121
-0.000056
0.000006
0.000057
0.000086
0.000092
0.000094
0.000090
0.000089
0.000103
0.000094
