5760
-0.000075
-0.000106
-0.000156
-0.000115
0.000059
0.000224
0.000305
0.000344
0.000389
0.000435
0.000413
0.000318
0.000280
0.000309
0.000249
0.000148
0.000149
0.000200
0.000187
0.000094
0.000029
0.000077
0.000118
0.000057
0.000026
0.000031
-0.000069
-0.000153
-0.000080
0.000002
-0.000021
-0.000089
-0.000136
-0.000155
-0.000148
-0.000174
-0.000275
-0.000385
-0.000474
-0.000479
-0.000403
-0.000333
-0.000252
-0.000141
-0.000071
-0.000098
-0.000155
-0.000198
-0.000237
-0.000250
-0.000210
-0.000153
-0.000133
-0.000127
-0.000141
-0.000130
-0.000016
0.000080
0.000048
-0.000006
-0.000019
-0.000004
-0.000010
-0.000081
-0.000120
-0.000121
-0.000132
-0.000098
-0.000061
-0.000068
-0.000061
-0.000051
-0.000086
-0.000116
-0.000087
-0.000077
-0.000108
-0.000084
-0.000005
0.000015
-0.000074
-0.000170
-0.000194
-0.000193
-0.000149
-0.000044
-0.000058
-0.000192
-0.000214
-0.000125
-0.000046
0.000002
-0.000007
-0.000074
-0.000117
-0.000117
-0.000139
-0.000175
-0.000162
-0.000086
0.000003
0.000046
0.000039
0.000019
0.000004
-0.000063
-0.000175
-0.000212
-0.000133
-0.000045
-0.000062
-0.000108
-0.000093
-0.000058
0.000013
0.000103
0.000141
0.000108
0.000066
0.000035
-0.000037
-0.000105
-0.000120
-0.000143
-0.000178
-0.000168
-0.000130
-0.000086
-0.000025
-0.000012
-0.000041
0.000002
0.000078
0.000102
0.000096
0.000107
0.000096
0.000005
-0.000062
-0.000041
-0.000018
-0.000029
-0.000055
-0.000083
-0.000090
-0.000045
0.000016
0.000038
0.000053
0.000068
0.000048
0.000034
0.000073
0.000097
0.000048
0.000003
0.000034
0.000122
0.000169
0.000130
0.000179
0.000299
0.000181
-0.000112
-0.000284
-0.000331
-0.000380
-0.000451
-0.000422
-0.000299
-0.000213
-0.000147
-0.000107
-0.000138
-0.000173
-0.000151
-0.000083
-0.000004
0.000071
0.000100
0.000046
-0.000049
-0.000108
-0.000085
-0.000002
0.000067
0.000119
0.000167
0.000162
0.000108
0.000067
0.000094
0.000188
0.000225
0.000209
0.000322
0.000461
0.000459
0.000386
0.000294
0.000251
0.000267
0.000237
0.000180
0.000163
0.000123
0.000064
0.000046
0.000062
0.000103
0.000127
0.000111
0.000106
0.000106
0.000079
0.000100
0.000254
0.000409
0.000396
0.000312
0.000233
0.000120
0.000074
0.000088
0.000053
0.000022
-0.000001
-0.000039
-0.000084
-0.000163
-0.000210
-0.000176
-0.000115
-0.000048
-0.000013
-0.000064
-0.000111
-0.000053
0.000041
0.000053
0.000005
-0.000037
-0.000085
-0.000090
-0.000010
0.000074
0.000105
0.000116
0.000127
0.000081
0.000001
0.000003
0.000051
0.000039
0.000020
0.000021
0.000026
0.000025
-0.000030
-0.000111
-0.000146
-0.000155
-0.000139
-0.000056
0.000005
0.000022
0.000039
0.000043
0.000050
0.000071
0.000127
0.000202
0.000224
0.000147
0.000051
0.000036
0.000029
-0.000013
-0.000043
-0.000055
-0.000040
-0.000005
0.000033
0.000072
0.000105
0.000138
0.000151
0.000137
0.000106
0.000087
0.000118
0.000146
0.000138
0.000136
0.000142
0.000148
0.000114
0.000022
0.000002
0.000050
0.000064
0.000078
0.000097
0.000130
0.000136
0.000040
-0.000048
-0.000021
0.000036
0.000031
-0.000017
-0.000061
-0.000054
-0.000004
0.000030
0.000044
0.000075
0.000122
0.000130
0.000078
-0.000002
-0.000133
-0.000177
0.000022
0.000257
0.000383
0.000446
0.000443
0.000402
0.000353
0.000277
0.000212
0.000175
0.000140
0.000118
0.000075
0.000005
-0.000054
-0.000047
0.000011
-0.000003
-0.000038
-0.000016
0.000012
-0.000007
-0.000056
-0.000093
-0.000160
-0.000231
-0.000241
-0.000221
-0.000189
-0.000189
-0.000267
-0.000360
-0.000431
-0.000474
-0.000434
-0.000314
-0.000237
-0.000260
-0.000314
-0.000348
-0.000327
-0.000287
-0.000294
-0.000303
-0.000288
-0.000289
-0.000291
-0.000268
-0.000258
-0.000266
-0.000217
-0.000138
-0.000093
-0.000029
0.000037
0.000067
0.000060
-0.000012
-0.000103
-0.000128
-0.000116
-0.000115
-0.000074
-0.000011
0.000018
0.000038
0.000034
-0.000007
-0.000025
-0.000019
-0.000023
-0.000015
-0.000006
-0.000008
-0.000011
-0.000018
-0.000022
-0.000002
0.000038
0.000078
0.000094
0.000077
0.000062
0.000053
0.000016
-0.000025
-0.000014
-0.000005
-0.000022
-0.000000
0.000011
-0.000033
-0.000048
0.000015
0.000052
0.000009
0.000007
0.000046
0.000050
0.000038
0.000033
0.000045
0.000061
0.000023
-0.000079
-0.000150
-0.000123
-0.000062
-0.000034
0.000000
0.000062
0.000086
0.000069
0.000047
0.000021
0.000015
0.000057
0.000073
0.000013
-0.000089
-0.000146
-0.000096
-0.000064
-0.000138
-0.000204
-0.000160
-0.000063
-0.000016
-0.000039
-0.000104
-0.000192
-0.000238
-0.000223
-0.000325
-0.000478
-0.000411
-0.000234
-0.000144
-0.000101
-0.000076
-0.000113
-0.000183
-0.000177
-0.000070
-0.000002
-0.000002
0.000011
-0.000010
-0.000074
-0.000119
-0.000130
-0.000132
-0.000132
-0.000091
-0.000030
0.000042
0.000186
0.000241
0.000060
-0.000180
-0.000345
-0.000434
-0.000442
-0.000380
-0.000280
-0.000220
-0.000229
-0.000182
-0.000098
-0.000087
-0.000054
0.000054
0.000139
0.000114
0.000038
0.000043
0.000129
0.000191
0.000189
0.000190
0.000209
0.000186
0.000167
0.000254
0.000365
0.000357
0.000315
0.000367
0.000458
0.000486
0.000456
0.000431
0.000426
0.000419
0.000412
0.000418
0.000441
0.000504
0.000602
0.000697
0.000730
0.000656
0.000548
0.000492
0.000448
0.000372
0.000336
0.000369
0.000379
0.000303
0.000218
0.000152
0.000099
0.000148
0.000209
0.000185
0.000110
-0.000022
-0.000147
-0.000224
-0.000288
-0.000345
-0.000395
-0.000437
-0.000442
-0.000444
-0.000476
-0.000467
-0.000452
-0.000491
-0.000535
-0.000578
-0.000605
-0.000553
-0.000474
-0.000441
-0.000442
-0.000463
-0.000483
-0.000480
-0.000453
-0.000413
-0.000403
-0.000413
-0.000376
-0.000316
-0.000225
-0.000147
-0.000197
-0.000276
-0.000246
-0.000149
-0.000059
-0.000031
-0.000058
-0.000043
0.000036
0.000109
0.000132
0.000139
0.000195
0.000266
0.000337
0.000438
0.000497
0.000502
0.000512
0.000507
0.000463
0.000443
0.000433
0.000373
0.000339
0.000398
0.000460
0.000454
0.000443
0.000432
0.000406
0.000396
0.000410
0.000454
0.000508
0.000559
0.000591
0.000565
0.000508
0.000500
0.000563
0.000635
0.000686
0.000753
0.000754
0.000586
0.000373
0.000308
0.000374
0.000417
0.000397
0.000382
0.000416
0.000464
0.000473
0.000465
0.000442
0.000320
0.000138
0.000028
-0.000015
-0.000066
-0.000122
-0.000171
-0.000265
-0.000358
-0.000397
-0.000431
-0.000468
-0.000512
-0.000471
-0.000248
-0.000076
-0.000069
-0.000066
-0.000081
-0.000185
-0.000292
-0.000415
-0.000679
-0.001079
-0.001525
-0.001831
-0.001835
-0.001614
-0.001429
-0.001459
-0.001625
-0.001747
-0.001665
-0.001373
-0.001087
-0.001029
-0.001153
-0.001235
-0.001187
-0.001103
-0.001060
-0.001006
-0.000846
-0.000494
0.000037
0.000531
0.000804
0.000880
0.000964
0.001222
0.001476
0.001532
0.001495
0.001424
0.001354
0.001363
0.001339
0.001213
0.001035
0.000931
0.001004
0.001108
0.001087
0.000906
0.000616
0.000407
0.000333
0.000265
0.000244
0.000228
0.000097
-0.000043
-0.000112
-0.000106
-0.000092
-0.000126
-0.000066
0.000110
0.000287
0.000472
0.000620
0.000632
0.000595
0.000595
0.000538
0.000405
0.000405
0.000598
0.000766
0.000806
0.000751
0.000600
0.000450
0.000429
0.000453
0.000368
0.000185
-0.000011
-0.000185
-0.000288
-0.000312
-0.000333
-0.000413
-0.000491
-0.000473
-0.000405
-0.000360
-0.000352
-0.000381
-0.000405
-0.000383
-0.000366
-0.000483
-0.000848
-0.001482
-0.002366
-0.003340
-0.003939
-0.003683
-0.002706
-0.001768
-0.001560
-0.002070
-0.002686
-0.002904
-0.002563
-0.001830
-0.001212
-0.001176
-0.001561
-0.001684
-0.001337
-0.000909
-0.000608
-0.000275
0.000224
0.000902
0.001704
0.002401
0.002644
0.002393
0.002131
0.002165
0.002261
0.002193
0.001996
0.001699
0.001373
0.001196
0.001134
0.000965
0.000710
0.000639
0.000726
0.000673
0.000403
0.000058
-0.000298
-0.000561
-0.000532
-0.000350
-0.000384
-0.000592
-0.000623
-0.000486
-0.000379
-0.000185
0.000123
0.000326
0.000495
0.000883
0.001328
0.001403
0.001159
0.000978
0.000892
0.000802
0.000804
0.000810
0.000667
0.000590
0.000722
0.000803
0.000703
0.000670
0.000786
0.000902
0.000958
0.000884
0.000601
0.000200
-0.000059
-0.000082
-0.000040
-0.000013
-0.000006
-0.000109
-0.000271
-0.000281
-0.000159
-0.000107
-0.000140
-0.000199
-0.000245
-0.000226
-0.000151
-0.000130
-0.000233
-0.000306
-0.000212
-0.000059
0.000037
0.000089
0.000122
0.000067
-0.000333
-0.001334
-0.002822
-0.004106
-0.004198
-0.002930
-0.001338
-0.000642
-0.001224
-0.002219
-0.002586
-0.002127
-0.001182
-0.000513
-0.000647
-0.001340
-0.001820
-0.001557
-0.001118
-0.001010
-0.001007
-0.000738
0.000064
0.001220
0.002249
0.002667
0.002402
0.001945
0.001830
0.001941
0.001889
0.001710
0.001461
0.001250
0.001176
0.001135
0.001003
0.000718
0.000534
0.000629
0.000739
0.000645
0.000365
-0.000022
-0.000321
-0.000414
-0.000412
-0.000503
-0.000724
-0.000762
-0.000514
-0.000215
-0.000040
-0.000076
-0.000104
0.000159
0.000622
0.001053
0.001333
0.001418
0.001393
0.001383
0.001386
0.001425
0.001428
0.001304
0.001164
0.001071
0.000989
0.000855
0.000663
0.000549
0.000625
0.000801
0.000934
0.000996
0.000998
0.000951
0.000805
0.000460
-0.000023
-0.000439
-0.000640
-0.000589
-0.000299
0.000011
0.000036
-0.000131
-0.000208
-0.000109
0.000092
0.000277
0.000340
0.000171
-0.000108
-0.000248
-0.000276
-0.000304
-0.000265
-0.000115
0.000100
0.000331
0.000386
-0.000107
-0.001387
-0.003199
-0.004695
-0.004863
-0.003487
-0.001645
-0.000879
-0.001699
-0.002959
-0.003403
-0.002879
-0.001780
-0.001041
-0.001299
-0.002072
-0.002487
-0.002077
-0.001426
-0.001115
-0.000981
-0.000645
0.000223
0.001556
0.002906
0.003598
0.003364
0.002712
0.002425
0.002495
0.002342
0.001991
0.001617
0.001309
0.001177
0.001200
0.001267
0.001085
0.000693
0.000465
0.000448
0.000346
0.000023
-0.000363
-0.000678
-0.000892
-0.001028
-0.001127
-0.001219
-0.001253
-0.001144
-0.000828
-0.000452
-0.000302
-0.000265
-0.000112
0.000160
0.000518
0.000839
0.000986
0.000994
0.001019
0.001128
0.001232
0.001252
0.001209
0.001129
0.000995
0.000857
0.000803
0.000810
0.000771
0.000711
0.000742
0.000818
0.000864
0.000841
0.000716
0.000583
0.000524
0.000424
0.000172
-0.000173
-0.000489
-0.000619
-0.000511
-0.000273
-0.000043
0.000063
0.000069
0.000079
0.000132
0.000235
0.000344
0.000358
0.000217
0.000004
-0.000166
-0.000340
-0.000551
-0.000616
-0.000373
0.000013
0.000278
0.000171
-0.000674
-0.002383
-0.004361
-0.005376
-0.004610
-0.002647
-0.001072
-0.001169
-0.002589
-0.003764
-0.003772
-0.002629
-0.001232
-0.000796
-0.001446
-0.002425
-0.002700
-0.002100
-0.001529
-0.001366
-0.001242
-0.000683
0.000482
0.002008
0.003209
0.003499
0.003011
0.002430
0.002302
0.002321
0.002129
0.001742
0.001305
0.001107
0.001127
0.001286
0.001411
0.001231
0.000863
0.000571
0.000400
0.000202
-0.000155
-0.000554
-0.000755
-0.000861
-0.001006
-0.001084
-0.001107
-0.001036
-0.000746
-0.000353
-0.000090
-0.000046
-0.000094
0.000069
0.000477
0.000813
0.000954
0.001012
0.001086
0.001233
0.001453
0.001621
0.001575
0.001357
0.001214
0.001251
0.001268
0.001050
0.000654
0.000296
0.000108
0.000157
0.000375
0.000536
0.000529
0.000439
0.000386
0.000384
0.000380
0.000270
0.000018
-0.000273
-0.000473
-0.000504
-0.000347
-0.000025
0.000292
0.000464
0.000563
0.000593
0.000528
0.000521
0.000618
0.000593
0.000347
0.000067
-0.000095
-0.000149
-0.000053
0.000239
0.000618
0.000873
0.000689
-0.000317
-0.002264
-0.004442
-0.005403
-0.004347
-0.002208
-0.000766
-0.001155
-0.002802
-0.004001
-0.003784
-0.002289
-0.000751
-0.000498
-0.001460
-0.002544
-0.002582
-0.001798
-0.001271
-0.001238
-0.001201
-0.000615
0.000609
0.002163
0.003335
0.003529
0.002933
0.002380
0.002396
0.002529
0.002412
0.002002
0.001424
0.001029
0.001051
0.001437
0.001574
0.001183
0.000814
0.000750
0.000594
0.000085
-0.000539
-0.001028
-0.001247
-0.001171
-0.000950
-0.000841
-0.000994
-0.001112
-0.000874
-0.000400
0.000012
0.000148
0.000162
0.000250
0.000453
0.000833
0.001089
0.000960
0.000743
0.000801
0.001119
0.001508
0.001744
0.001651
0.001334
0.001038
0.000927
0.000857
0.000702
0.000599
0.000525
0.000504
0.000699
0.001027
0.001198
0.001090
0.000881
0.000729
0.000615
0.000488
0.000347
0.000139
-0.000073
-0.000159
-0.000164
-0.000130
0.000052
0.000386
0.000655
0.000771
0.000757
0.000637
0.000514
0.000489
0.000527
0.000412
0.000118
-0.000111
-0.000223
-0.000229
0.000029
0.000497
0.000776
0.000280
-0.001284
-0.003533
-0.005384
-0.005445
-0.003599
-0.001497
-0.000951
-0.002211
-0.003798
-0.004345
-0.003493
-0.001838
-0.000823
-0.001255
-0.002523
-0.003197
-0.002624
-0.001829
-0.001543
-0.001441
-0.001114
-0.000213
0.001404
0.003231
0.004195
0.003874
0.003061
0.002751
0.002929
0.002995
0.002690
0.002059
0.001358
0.000900
0.000970
0.001349
0.001422
0.001129
0.000860
0.000805
0.000655
0.000157
-0.000425
-0.000870
-0.001278
-0.001685
-0.001841
-0.001620
-0.001298
-0.001046
-0.000829
-0.000736
-0.000801
-0.000753
-0.000299
0.000267
0.000505
0.000498
0.000500
0.000516
0.000506
0.000635
0.000864
0.001005
0.001088
0.001204
0.001281
0.001182
0.000996
0.000730
0.000359
0.000071
0.000048
0.000256
0.000535
0.000810
0.000960
0.000898
0.000785
0.000726
0.000592
0.000380
0.000273
0.000294
0.000235
-0.000056
-0.000308
-0.000249
0.000006
0.000339
0.000700
0.000952
0.000970
0.000873
0.000809
0.000707
0.000507
0.000264
0.000059
-0.000056
-0.000077
0.000014
0.000202
0.000370
0.000386
-0.000076
-0.001518
-0.003830
-0.005783
-0.005830
-0.003878
-0.001677
-0.001125
-0.002404
-0.004005
-0.004570
-0.003621
-0.001735
-0.000510
-0.000957
-0.002476
-0.003338
-0.002725
-0.001713
-0.001301
-0.001414
-0.001449
-0.000820
0.000731
0.002678
0.003809
0.003552
0.002650
0.002248
0.002494
0.002839
0.002828
0.002275
0.001542
0.001077
0.001128
0.001458
0.001479
0.001194
0.001002
0.000958
0.000797
0.000417
-0.000126
-0.000741
-0.001222
-0.001433
-0.001532
-0.001753
-0.001919
-0.001667
-0.001041
-0.000421
-0.000172
-0.000296
-0.000415
-0.000199
0.000339
0.000846
0.000967
0.000740
0.000533
0.000651
0.001073
0.001480
0.001575
0.001416
0.001242
0.001202
0.001186
0.001071
0.000904
0.000568
0.000111
-0.000069
0.000130
0.000387
0.000443
0.000365
0.000338
0.000412
0.000460
0.000411
0.000297
0.000207
0.000159
0.000030
-0.000115
-0.000141
-0.000064
0.000133
0.000445
0.000769
0.000994
0.001024
0.000864
0.000636
0.000504
0.000516
0.000510
0.000381
0.000211
0.000149
0.000304
0.000619
0.000872
0.000770
-0.000086
-0.001893
-0.004149
-0.005511
-0.004753
-0.002466
-0.000740
-0.000952
-0.002564
-0.003976
-0.004094
-0.002734
-0.000934
-0.000345
-0.001364
-0.002797
-0.003072
-0.002175
-0.001298
-0.000976
-0.001117
-0.001145
-0.000233
0.001691
0.003553
0.004204
0.003615
0.002747
0.002465
0.002619
0.002768
0.002638
0.001975
0.001130
0.000787
0.001175
0.001690
0.001594
0.001118
0.000816
0.000701
0.000538
0.000293
-0.000050
-0.000601
-0.001148
-0.001398
-0.001441
-0.001553
-0.001678
-0.001439
-0.000863
-0.000379
-0.000179
-0.000184
-0.000284
-0.000242
0.000213
0.000789
0.000938
0.000621
0.000322
0.000445
0.000857
0.001283
0.001480
0.001320
0.001043
0.000975
0.001064
0.000985
0.000701
0.000374
0.000186
0.000308
0.000689
0.001015
0.000972
0.000750
0.000660
0.000603
0.000470
0.000355
0.000239
0.000087
0.000066
0.000201
0.000267
0.000101
-0.000074
0.000035
0.000398
0.000851
0.001140
0.001088
0.000769
0.000472
0.000416
0.000497
0.000509
0.000426
0.000344
0.000263
0.000262
0.000448
0.000641
0.000594
-0.000014
-0.001599
-0.003934
-0.005610
-0.005253
-0.003234
-0.001347
-0.001112
-0.002445
-0.003935
-0.004302
-0.003126
-0.001256
-0.000406
-0.001328
-0.003028
-0.003734
-0.002997
-0.001923
-0.001204
-0.000968
-0.000909
-0.000258
0.001393
0.003451
0.004574
0.004137
0.003031
0.002514
0.002713
0.003114
0.003250
0.002708
0.001720
0.001068
0.001282
0.001918
0.002053
0.001510
0.000800
0.000346
0.000203
0.000253
0.000211
-0.000239
-0.001036
-0.001681
-0.001827
-0.001711
-0.001639
-0.001564
-0.001342
-0.001096
-0.000958
-0.000784
-0.000544
-0.000322
-0.000082
0.000231
0.000454
0.000389
0.000273
0.000408
0.000720
0.000978
0.001068
0.000967
0.000745
0.000636
0.000634
0.000575
0.000427
0.000245
0.000182
0.000328
0.000681
0.000991
0.000969
0.000709
0.000489
0.000379
0.000293
0.000278
0.000266
0.000138
0.000020
0.000098
0.000262
0.000211
0.000012
-0.000082
-0.000007
0.000269
0.000654
0.000834
0.000668
0.000348
0.000156
0.000172
0.000209
0.000257
0.000394
0.000482
0.000467
0.000461
0.000497
0.000514
0.000355
-0.000364
-0.002043
-0.004347
-0.005831
-0.005227
-0.003083
-0.001257
-0.001181
-0.002645
-0.004081
-0.004223
-0.002872
-0.001035
-0.000418
-0.001611
-0.003426
-0.004051
-0.003156
-0.001902
-0.001155
-0.001132
-0.001272
-0.000630
0.001169
0.003305
0.004326
0.003776
0.002647
0.002151
0.002438
0.003004
0.003223
0.002662
0.001665
0.001013
0.001259
0.002009
0.002324
0.001912
0.001183
0.000653
0.000452
0.000401
0.000282
-0.000160
-0.000941
-0.001542
-0.001645
-0.001603
-0.001637
-0.001566
-0.001262
-0.000909
-0.000768
-0.000685
-0.000480
-0.000271
-0.000015
0.000379
0.000725
0.000733
0.000563
0.000630
0.000896
0.001116
0.001190
0.001065
0.000859
0.000916
0.001110
0.001016
0.000657
0.000238
0.000040
0.000131
0.000399
0.000756
0.000853
0.000607
0.000369
0.000273
0.000169
0.000020
-0.000141
-0.000314
-0.000422
-0.000256
0.000185
0.000457
0.000359
0.000146
0.000046
0.000199
0.000621
0.001006
0.001016
0.000741
0.000483
0.000335
0.000255
0.000354
0.000646
0.000858
0.000919
0.000969
0.001032
0.001030
0.000883
0.000510
-0.000456
-0.002332
-0.004528
-0.005596
-0.004605
-0.002388
-0.000862
-0.001180
-0.002695
-0.003862
-0.003774
-0.002385
-0.000733
-0.000449
-0.001862
-0.003501
-0.003700
-0.002592
-0.001377
-0.000725
-0.000814
-0.001080
-0.000453
0.001458
0.003574
0.004384
0.003651
0.002428
0.001820
0.002083
0.002793
0.003135
0.002564
0.001544
0.001070
0.001547
0.002276
0.002405
0.001846
0.000965
0.000242
0.000071
0.000348
0.000483
-0.000008
-0.000908
-0.001495
-0.001488
-0.001238
-0.001049
-0.000970
-0.000970
-0.000946
-0.000823
-0.000599
-0.000350
-0.000221
-0.000075
0.000243
0.000533
0.000656
0.000747
0.000872
0.001010
0.001187
0.001340
0.001334
0.001109
0.000862
0.000797
0.000776
0.000667
0.000602
0.000605
0.000609
0.000718
0.000968
0.001133
0.000974
0.000676
0.000470
0.000294
0.000172
0.000067
-0.000139
-0.000304
-0.000224
0.000022
0.000233
0.000318
0.000322
0.000315
0.000368
0.000574
0.000783
0.000733
0.000426
0.000119
-0.000064
-0.000104
0.000135
0.000528
0.000767
0.000793
0.000734
0.000678
0.000664
0.000729
0.000733
0.000159
-0.001420
-0.003645
-0.005413
-0.005513
-0.003827
-0.001813
-0.001180
-0.002224
-0.003657
-0.004184
-0.003358
-0.001616
-0.000422
-0.000964
-0.002685
-0.003683
-0.003049
-0.001732
-0.000807
-0.000697
-0.001143
-0.001160
-0.000001
0.001236
0.001501
0.001374
0.001293
0.001677
0.002918
0.004764
0.006335
0.006658
0.005768
0.004536
0.003848
0.003707
0.003294
0.002179
0.000595
-0.000968
-0.002055
-0.002405
-0.002227
-0.002205
-0.002653
-0.003081
-0.002930
-0.002332
-0.001869
-0.001817
-0.001889
-0.001841
-0.001809
-0.001762
-0.001621
-0.001620
-0.001712
-0.001369
-0.000472
0.000526
0.001440
0.002324
0.003011
0.003466
0.003861
0.004155
0.004106
0.003758
0.003415
0.003109
0.002668
0.002077
0.001406
0.000681
0.000098
-0.000107
-0.000112
-0.000269
-0.000605
-0.000955
-0.001246
-0.001421
-0.001585
-0.001838
-0.002051
-0.002026
-0.001689
-0.001248
-0.000903
-0.000735
-0.000689
-0.000620
-0.000357
0.000182
0.000803
0.001289
0.001585
0.001773
0.002000
0.002395
0.002880
0.003196
0.003186
0.002930
0.002611
0.002261
0.001910
0.001550
0.000745
-0.001224
-0.004642
-0.008777
-0.012083
-0.013311
-0.012586
-0.010981
-0.009614
-0.008956
-0.008390
-0.006939
-0.003942
0.000060
0.003202
0.004261
0.003824
0.003506
0.004082
0.004806
0.004886
0.004249
0.003147
0.002321
0.002793
0.004546
0.006309
0.006958
0.006483
0.005770
0.005530
0.005810
0.005962
0.004985
0.002791
0.000298
-0.001573
-0.002618
-0.003301
-0.004097
-0.005226
-0.006433
-0.006919
-0.006163
-0.004653
-0.003445
-0.003048
-0.003107
-0.002971
-0.002519
-0.002140
-0.002114
-0.002516
-0.003121
-0.003368
-0.002631
-0.001015
0.000677
0.002074
0.003328
0.004627
0.005962
0.007119
0.007776
0.007677
0.006853
0.005664
0.004513
0.003346
0.002077
0.000917
0.000013
-0.000589
-0.000757
-0.000442
-0.000031
0.000205
0.000246
-0.000009
-0.000463
-0.000972
-0.001622
-0.002495
-0.003323
-0.003763
-0.003826
-0.003687
-0.003328
-0.002583
-0.001570
-0.000514
0.000464
0.001254
0.001899
0.002436
0.002845
0.003114
0.003217
0.003196
0.003087
0.002913
0.002897
0.003162
0.003457
0.003612
0.003622
0.003472
0.003252
0.003032
0.002706
0.002180
0.001382
-0.000017
-0.002689
-0.007076
-0.012220
-0.016275
-0.018060
-0.017693
-0.015998
-0.013591
-0.011157
-0.008962
-0.006302
-0.002262
0.002801
0.006851
0.008383
0.007843
0.006874
0.006466
0.006232
0.005752
0.005017
0.004112
0.003633
0.004525
0.006810
0.009233
0.010517
0.010237
0.008886
0.007348
0.006102
0.004777
0.002430
-0.001074
-0.004627
-0.007053
-0.007987
-0.007882
-0.007354
-0.006803
-0.006422
-0.005950
-0.004812
-0.003070
-0.001811
-0.001930
-0.003039
-0.004117
-0.004514
-0.004289
-0.003929
-0.003748
-0.003548
-0.002796
-0.001169
0.001386
0.004368
0.006820
0.008168
0.008509
0.008483
0.008505
0.008340
0.007479
0.005831
0.003950
0.002382
0.001315
0.000683
0.000402
0.000253
0.000053
-0.000108
-0.000087
0.000086
0.000003
-0.000627
-0.001631
-0.002657
-0.003462
-0.004045
-0.004406
-0.004448
-0.004140
-0.003554
-0.002771
-0.001806
-0.000730
0.000297
0.001109
0.001702
0.002170
0.002469
0.002612
0.002715
0.002873
0.003129
0.003488
0.003898
0.004272
0.004592
0.004827
0.004951
0.004836
0.004390
0.003735
0.002962
0.002066
0.001016
-0.000050
-0.000757
-0.001128
-0.001973
-0.004385
-0.008916
-0.014458
-0.018850
-0.020755
-0.020428
-0.018768
-0.016118
-0.012962
-0.009841
-0.006391
-0.001553
0.004378
0.008982
0.010796
0.010672
0.010228
0.010155
0.010048
0.009695
0.009082
0.008127
0.007364
0.007797
0.009550
0.011348
0.011742
0.010235
0.007460
0.004518
0.001998
-0.000311
-0.003126
-0.006574
-0.009718
-0.011540
-0.011792
-0.010882
-0.009379
-0.007998
-0.007240
-0.006812
-0.005920
-0.004466
-0.003350
-0.003330
-0.004044
-0.004479
-0.004203
-0.003347
-0.001991
-0.000316
0.001270
0.002641
0.004143
0.006074
0.008181
0.009672
0.009999
0.009317
0.008205
0.007156
0.006128
0.004938
0.003658
0.002352
0.001175
0.000373
0.000002
-0.000147
-0.000470
-0.001166
-0.002050
-0.002789
-0.003187
-0.003362
-0.003629
-0.003956
-0.004057
-0.003925
-0.003580
-0.002920
-0.002081
-0.001404
-0.000986
-0.000652
-0.000211
0.000390
0.001000
0.001428
0.001719
0.002086
0.002614
0.003282
0.004052
0.004783
0.005267
0.005411
0.005371
0.005288
0.005058
0.004522
0.003765
0.002987
0.002290
0.001720
0.001177
0.000581
0.000021
-0.000422
-0.000728
-0.000850
-0.001274
-0.003361
-0.008533
-0.016055
-0.022589
-0.025705
-0.025795
-0.024181
-0.020896
-0.015969
-0.010646
-0.005400
0.000773
0.008032
0.013871
0.016034
0.015318
0.013929
0.012887
0.011815
0.010718
0.010012
0.009465
0.009095
0.009768
0.011727
0.013727
0.014172
0.012235
0.008215
0.003360
-0.001199
-0.005146
-0.008960
-0.012806
-0.015770
-0.016813
-0.015734
-0.013205
-0.009973
-0.006896
-0.005026
-0.004384
-0.004043
-0.003686
-0.003738
-0.004343
-0.005053
-0.005242
-0.004243
-0.001818
0.001443
0.004509
0.006739
0.008375
0.009513
0.010078
0.010231
0.009957
0.008857
0.006827
0.004706
0.003272
0.002648
0.002441
0.002312
0.002081
0.001728
0.001279
0.000473
-0.000631
-0.001949
-0.003593
-0.005415
-0.006691
-0.006733
-0.005845
-0.004615
-0.003121
-0.001421
0.000037
0.001072
0.001836
0.002124
0.001726
0.000922
0.000095
-0.000583
-0.000769
-0.000194
0.000731
0.001662
0.002840
0.004337
0.005639
0.006403
0.006671
0.006293
0.005255
0.003981
0.002910
0.002158
0.001772
0.001615
0.001459
0.001632
0.002287
0.002865
0.002841
0.002228
0.001265
0.000099
-0.001079
-0.001894
-0.002744
-0.005467
-0.011713
-0.020017
-0.026133
-0.027734
-0.026225
-0.023490
-0.019171
-0.013078
-0.007005
-0.001698
0.004242
0.011054
0.015750
0.016224
0.014426
0.013156
0.012879
0.012732
0.012692
0.013056
0.013384
0.013549
0.014169
0.015238
0.015442
0.013351
0.008804
0.002862
-0.003052
-0.007910
-0.011411
-0.014121
-0.016348
-0.017285
-0.016285
-0.013750
-0.010700
-0.007938
-0.006182
-0.006032
-0.006961
-0.007536
-0.007003
-0.006030
-0.005221
-0.003955
-0.001505
0.001914
0.005790
0.009832
0.013233
0.014560
0.013240
0.010627
0.008339
0.006364
0.004215
0.002337
0.001341
0.001258
0.001920
0.003251
0.004677
0.005138
0.004149
0.001937
-0.001017
-0.003889
-0.006185
-0.008197
-0.009677
-0.009908
-0.008783
-0.006538
-0.003485
-0.000198
0.002455
0.003963
0.004412
0.003965
0.002783
0.001309
-0.000109
-0.001322
-0.001737
-0.000902
0.000751
0.002596
0.004444
0.005961
0.006543
0.006113
0.005064
0.003585
0.001811
0.000247
-0.000693
-0.000923
-0.000303
0.001111
0.002801
0.004249
0.005297
0.005767
0.005387
0.004263
0.002632
0.000677
-0.001323
-0.002910
-0.003578
-0.003096
-0.001754
-0.001208
-0.004121
-0.011501
-0.020158
-0.025539
-0.026984
-0.026594
-0.024841
-0.020450
-0.014037
-0.007644
-0.001069
0.007024
0.014803
0.018443
0.017689
0.015789
0.014741
0.013903
0.012935
0.012690
0.013001
0.013150
0.013632
0.014963
0.016179
0.015562
0.012184
0.006470
-0.000289
-0.006603
-0.011437
-0.014747
-0.017131
-0.018635
-0.018566
-0.016498
-0.013137
-0.009757
-0.007317
-0.006584
-0.007589
-0.008966
-0.009198
-0.008048
-0.006245
-0.004195
-0.001479
0.002337
0.006958
0.011541
0.015278
0.017333
0.016906
0.013704
0.008887
0.004844
0.002713
0.001781
0.001202
0.001271
0.002471
0.004140
0.005105
0.004890
0.003443
0.000541
-0.003370
-0.007283
-0.010176
-0.011539
-0.011715
-0.011004
-0.009125
-0.005806
-0.001775
0.001724
0.004131
0.005309
0.004991
0.003504
0.001938
0.000817
0.000087
-0.000006
0.000833
0.002441
0.004439
0.006482
0.007762
0.007544
0.006062
0.003888
0.001335
-0.001133
-0.002858
-0.003644
-0.003500
-0.002294
-0.000225
0.001989
0.003838
0.005135
0.005382
0.004452
0.002964
0.001368
-0.000132
-0.001186
-0.001590
-0.001444
-0.000739
0.000629
0.002357
0.003880
0.003680
-0.000933
-0.010955
-0.022429
-0.029461
-0.030987
-0.029746
-0.026385
-0.019557
-0.010668
-0.002747
0.004310
0.011911
0.017877
0.018474
0.014574
0.010507
0.008615
0.008445
0.009473
0.011880
0.014853
0.017142
0.018841
0.020272
0.020322
0.017286
0.010822
0.002268
-0.006299
-0.012854
-0.016289
-0.017013
-0.016406
-0.015168
-0.013169
-0.010472
-0.007810
-0.006331
-0.006879
-0.009598
-0.013315
-0.015810
-0.015492
-0.012341
-0.007335
-0.001586
0.003951
0.008891
0.013399
0.017048
0.018490
0.016972
0.013214
0.008140
0.003081
0.000421
0.001039
0.003200
0.005120
0.006920
0.008801
0.009552
0.008368
0.005452
0.000842
-0.005011
-0.010337
-0.013779
-0.014864
-0.013343
-0.010117
-0.006745
-0.003607
-0.000233
0.002488
0.003238
0.002586
0.001436
-0.000447
-0.002280
-0.002161
-0.000232
0.002117
0.004765
0.007581
0.009512
0.010174
0.009836
0.008037
0.004718
0.001141
-0.001698
-0.003538
-0.003835
-0.002416
-0.000493
0.001118
0.002715
0.003934
0.003932
0.002900
0.001477
-0.000400
-0.002358
-0.003283
-0.002823
-0.001392
0.000697
0.002947
0.004472
0.004985
0.004982
0.004563
0.003618
0.002079
-0.001754
-0.010214
-0.021589
-0.029610
-0.030556
-0.026904
-0.022051
-0.016028
-0.008516
-0.002066
0.001852
0.005483
0.009692
0.011217
0.008414
0.004987
0.004934
0.007959
0.012046
0.016691
0.021024
0.022921
0.022105
0.020186
0.017733
0.013790
0.007625
0.000214
-0.006295
-0.010218
-0.011155
-0.009840
-0.007753
-0.006491
-0.006904
-0.008585
-0.010417
-0.011952
-0.013725
-0.016166
-0.018512
-0.019000
-0.016414
-0.010997
-0.004034
0.002762
0.007880
0.010469
0.011001
0.010873
0.010508
0.009254
0.007135
0.005546
0.005425
0.005951
0.006565
0.008226
0.010710
0.011672
0.009889
0.006758
0.003824
0.000641
-0.003298
-0.006813
-0.008819
-0.009563
-0.009450
-0.008254
-0.006102
-0.004146
-0.003620
-0.004283
-0.004789
-0.004652
-0.004330
-0.003833
-0.002478
-0.000184
0.002323
0.004880
0.007615
0.009666
0.009927
0.008683
0.006954
0.005210
0.003619
0.002366
0.001571
0.001333
0.001717
0.002334
0.002745
0.002963
0.002637
0.001203
-0.000956
-0.002686
-0.003609
-0.004130
-0.004062
-0.003115
-0.001723
-0.000310
0.001167
0.002533
0.003225
0.002926
0.001907
0.000754
0.000030
0.000165
0.001215
0.002054
-0.000217
-0.007897
-0.018529
-0.025646
-0.026332
-0.023669
-0.020320
-0.015423
-0.008907
-0.003514
0.000179
0.004781
0.009845
0.011245
0.008326
0.005421
0.005762
0.008609
0.012412
0.016774
0.020371
0.021160
0.019480
0.017397
0.015440
0.012146
0.006501
-0.000235
-0.005704
-0.008412
-0.008422
-0.006922
-0.005404
-0.005223
-0.007123
-0.010377
-0.013190
-0.014755
-0.015941
-0.017544
-0.018640
-0.017437
-0.013351
-0.007316
-0.000747
0.004905
0.008293
0.008980
0.008024
0.007059
0.006818
0.006702
0.006224
0.006146
0.007185
0.008897
0.010474
0.011743
0.012202
0.010557
0.006754
0.002664
-0.000352
-0.002715
-0.004844
-0.006358
-0.007051
-0.007269
-0.007128
-0.006523
-0.005974
-0.006202
-0.007359
-0.008655
-0.008745
-0.007118
-0.004532
-0.001732
0.001203
0.003965
0.006004
0.007308
0.008178
0.008389
0.007533
0.006062
0.004806
0.004253
0.004404
0.004749
0.004842
0.004684
0.004331
0.003572
0.002469
0.001384
0.000171
-0.001486
-0.003016
-0.003607
-0.003373
-0.002843
-0.002190
-0.001427
-0.000790
-0.000471
-0.000320
-0.000126
0.000176
0.000438
0.000583
0.000869
0.001547
0.002533
0.003640
0.004493
0.002883
-0.004214
-0.015918
-0.025798
-0.028423
-0.025373
-0.020528
-0.014310
-0.006551
-0.000374
0.002151
0.003849
0.006719
0.007696
0.004669
0.001313
0.001937
0.006260
0.011918
0.018013
0.023312
0.024945
0.021968
0.016894
0.012357
0.008456
0.003940
-0.000965
-0.004467
-0.005276
-0.003779
-0.001617
-0.000326
-0.001076
-0.004770
-0.010757
-0.016337
-0.019073
-0.019050
-0.017861
-0.016049
-0.012867
-0.008224
-0.003179
0.001276
0.004451
0.005519
0.004207
0.001896
0.000901
0.002342
0.005458
0.008757
0.011278
0.012996
0.014240
0.014718
0.012850
0.007737
0.001771
-0.002155
-0.003651
-0.003401
-0.001730
0.000647
0.001802
0.000547
-0.001973
-0.004667
-0.007658
-0.010457
-0.012337
-0.012684
-0.010801
-0.007084
-0.002822
0.001035
0.004052
0.005272
0.004247
0.002808
0.002620
0.002882
0.003067
0.004295
0.006494
0.008279
0.009244
0.009602
0.008735
0.006236
0.003057
0.000130
-0.001944
-0.002384
-0.001398
-0.000239
0.000594
0.001195
0.000926
-0.000428
-0.001804
-0.002722
-0.003851
-0.004823
-0.004343
-0.002451
-0.000069
0.002169
0.003798
0.004505
0.004255
0.003283
0.001987
0.001064
0.001108
0.001739
0.001336
-0.002365
-0.010665
-0.020524
-0.025515
-0.023561
-0.018770
-0.014257
-0.009019
-0.003473
-0.000853
-0.000709
0.000951
0.003874
0.004156
0.002338
0.002973
0.007380
0.013010
0.018045
0.021912
0.023117
0.020469
0.015312
0.010357
0.007178
0.005299
0.003399
0.001144
-0.000383
-0.000388
-0.000077
-0.001257
-0.004079
-0.007841
-0.012404
-0.016892
-0.019021
-0.017587
-0.014209
-0.011268
-0.009278
-0.007336
-0.005109
-0.003209
-0.001908
-0.000831
0.000026
0.000530
0.001467
0.004007
0.008002
0.011630
0.013217
0.012747
0.011341
0.009953
0.008283
0.005619
0.002760
0.001264
0.001273
0.001576
0.001895
0.002447
0.001915
-0.000865
-0.004814
-0.008072
-0.010075
-0.010992
-0.010667
-0.009234
-0.007296
-0.005058
-0.002990
-0.001737
-0.000860
-0.000010
0.000209
0.000008
0.001005
0.003581
0.006031
0.007509
0.008558
0.008857
0.007708
0.005892
0.004532
0.003519
0.002587
0.002107
0.002084
0.002085
0.002166
0.002162
0.001291
-0.000306
-0.001673
-0.002799
-0.004059
-0.004681
-0.003969
-0.002740
-0.001853
-0.000978
0.000053
0.000615
0.000598
0.000497
0.000537
0.000684
0.001035
0.001648
0.002408
0.003320
0.004289
0.004159
0.000854
-0.007042
-0.017878
-0.025961
-0.026350
-0.020114
-0.012508
-0.006439
-0.001320
0.001843
0.001261
-0.000993
-0.001361
-0.000204
0.000046
0.000574
0.004457
0.011341
0.018243
0.022658
0.023095
0.019345
0.013215
0.007380
0.003330
0.001723
0.002904
0.005204
0.005832
0.004549
0.003101
0.001401
-0.002393
-0.008158
-0.013404
-0.016479
-0.017245
-0.015600
-0.011810
-0.007535
-0.004959
-0.004931
-0.006517
-0.008044
-0.008225
-0.006845
-0.004640
-0.001972
0.001495
0.005370
0.008454
0.010203
0.010822
0.010196
0.008021
0.005170
0.003721
0.004767
0.007222
0.009009
0.008692
0.006135
0.002050
-0.002139
-0.004813
-0.005151
-0.004016
-0.003438
-0.003967
-0.004490
-0.004341
-0.004131
-0.004602
-0.005577
-0.006424
-0.006387
-0.005012
-0.002707
-0.000173
0.002094
0.003433
0.003543
0.003015
0.002828
0.003435
0.004353
0.005002
0.005326
0.005640
0.005969
0.005854
0.005083
0.003837
0.002466
0.001205
0.000181
-0.000334
-0.000179
0.000315
0.000383
-0.000401
-0.001719
-0.002828
-0.003120
-0.002635
-0.001847
-0.001128
-0.000534
-0.000024
0.000367
0.000608
0.000829
0.001099
0.001305
0.001486
0.001795
0.002314
0.002762
0.002340
-0.000346
-0.006839
-0.015978
-0.022687
-0.022196
-0.014927
-0.006191
-0.000458
0.001566
0.000735
-0.001876
-0.004569
-0.005182
-0.003279
-0.000189
0.003517
0.007884
0.012463
0.016393
0.018537
0.017494
0.012740
0.006477
0.002407
0.002024
0.003889
0.006373
0.008645
0.009525
0.007924
0.004100
-0.000623
-0.005139
-0.008679
-0.010464
-0.010327
-0.008848
-0.006674
-0.004532
-0.003700
-0.005051
-0.007729
-0.009996
-0.010833
-0.010048
-0.007718
-0.004254
-0.000557
0.002383
0.003965
0.004037
0.002936
0.001545
0.000706
0.000832
0.002061
0.004363
0.007374
0.009989
0.010795
0.009018
0.005076
0.000492
-0.002630
-0.002784
-0.000435
0.002539
0.004336
0.004193
0.002368
-0.000443
-0.003282
-0.005456
-0.006625
-0.006453
-0.004871
-0.002396
0.000030
0.001505
0.001631
0.000539
-0.001199
-0.002515
-0.002525
-0.001187
0.000827
0.002717
0.004008
0.004425
0.003966
0.002866
0.001401
-0.000056
-0.000937
-0.000755
0.000373
0.001839
0.002933
0.003130
0.002375
0.000988
-0.000700
-0.002115
-0.002430
-0.001751
-0.000743
0.000380
0.001235
0.001369
0.000750
-0.000293
-0.001291
-0.001989
-0.002198
-0.001741
-0.000622
0.000754
0.001783
0.002226
0.002274
0.002025
0.001193
-0.000570
-0.003418
-0.006770
-0.009018
-0.008599
-0.005435
-0.001108
0.002351
0.003533
0.002092
-0.001025
-0.004128
-0.005723
-0.005130
-0.002776
0.000232
0.002943
0.004707
0.005147
0.004352
0.002679
0.000624
-0.001049
-0.001440
-0.000251
0.001895
0.004090
0.005474
0.005505
0.004365
0.002765
0.001278
0.000055
-0.000840
-0.001170
-0.000710
0.000463
0.001754
0.002358
0.001822
0.000167
-0.002135
-0.004169
-0.005040
-0.004580
-0.003289
-0.001755
-0.000534
0.000000
-0.000157
-0.000817
-0.001678
-0.002444
-0.002890
-0.002782
-0.002107
-0.001040
0.000140
0.001007
0.001271
0.000937
0.000316
-0.000195
-0.000475
-0.000562
-0.000539
-0.000454
-0.000091
0.000731
0.001917
0.003047
0.003505
0.003022
0.001867
0.000601
-0.000190
-0.000197
0.000485
0.001464
0.002155
0.002153
0.001404
0.000019
-0.001641
-0.002958
-0.003332
-0.002637
-0.001258
0.000345
0.001568
0.001670
0.000556
-0.000915
-0.001760
-0.001920
-0.001793
-0.001059
0.000333
0.001525
0.001767
0.001060
0.000347
0.000176
-0.000066
-0.000634
-0.000677
0.000273
0.001358
0.001769
0.001490
0.000909
0.000496
0.000354
0.000213
0.000165
0.000618
0.001194
0.001280
0.001167
0.001173
0.001074
0.000785
0.000506
0.000367
0.000348
0.000468
0.000728
0.000919
0.000653
-0.000439
-0.002364
-0.004527
-0.006002
-0.006101
-0.004859
-0.002903
-0.001156
-0.000541
-0.001316
-0.002888
-0.004302
-0.004839
-0.004320
-0.002970
-0.001148
0.000742
0.002284
0.003132
0.003039
0.002078
0.000795
-0.000031
0.000066
0.001009
0.002459
0.003855
0.004582
0.004411
0.003585
0.002556
0.001695
0.001129
0.000884
0.001045
0.001560
0.002181
0.002549
0.002232
0.001069
-0.000646
-0.002395
-0.003557
-0.003741
-0.003165
-0.002257
-0.001416
-0.000998
-0.001064
-0.001527
-0.002203
-0.002798
-0.003041
-0.002723
-0.001811
-0.000599
0.000450
0.001043
0.000979
0.000293
-0.000674
-0.001538
-0.002077
-0.002149
-0.001294
0.000714
0.003212
0.005029
0.005290
0.003966
0.001837
0.000072
-0.000473
0.000378
0.001997
0.003512
0.004418
0.004364
0.003152
0.001026
-0.001184
-0.002658
-0.003039
-0.002221
-0.000517
0.001247
0.002190
0.001939
0.000742
-0.000782
-0.002088
-0.002722
-0.002343
-0.001215
-0.000155
0.000280
0.000442
0.000833
0.001210
0.000991
-0.000060
-0.001285
-0.001294
0.000499
0.002845
0.003969
0.003613
0.002812
0.001780
0.000113
-0.001060
-0.000311
0.001613
0.002915
0.002928
0.002207
0.001488
0.001007
0.000476
-0.000147
-0.000690
-0.001475
-0.002979
-0.005318
-0.007760
-0.008867
-0.007756
-0.005049
-0.002487
-0.001523
-0.002396
-0.004195
-0.005742
-0.006214
-0.005308
-0.003393
-0.001047
0.001202
0.002856
0.003712
0.003847
0.003452
0.002752
0.002114
0.002161
0.003418
0.005628
0.007609
0.008283
0.007569
0.006100
0.004608
0.003506
0.002774
0.002232
0.001884
0.001816
0.001878
0.001675
0.000817
-0.000740
-0.002737
-0.004804
-0.006280
-0.006519
-0.005566
-0.004194
-0.003281
-0.003180
-0.003733
-0.004530
-0.005140
-0.005306
-0.004987
-0.004150
-0.002740
-0.001004
0.000573
0.001466
0.001405
0.000684
0.000028
0.000102
0.001133
0.002778
0.004293
0.005110
0.005162
0.004352
0.002541
0.000580
0.000061
0.001658
0.004178
0.005855
0.005810
0.004248
0.002133
0.000254
-0.000947
-0.001367
-0.001161
-0.000444
0.000334
0.000442
-0.000316
-0.001504
-0.002849
-0.004086
-0.004703
-0.004257
-0.002796
-0.001013
0.000267
0.000472
-0.000184
-0.000974
-0.001246
-0.000748
0.000243
0.001464
0.002771
0.003843
0.004242
0.004040
0.003600
0.003120
0.002641
0.002118
0.001870
0.002053
0.002356
0.002392
0.002002
0.001352
0.000659
0.000047
-0.000469
-0.000737
-0.000609
-0.000206
0.000106
-0.000370
-0.002381
-0.006277
-0.011532
-0.016044
-0.016913
-0.013161
-0.007072
-0.002233
-0.000630
-0.002052
-0.004980
-0.007560
-0.008320
-0.006494
-0.002646
0.001936
0.006251
0.009524
0.011140
0.010787
0.008842
0.006201
0.004092
0.003970
0.006336
0.009859
0.012335
0.012493
0.010381
0.006741
0.002672
-0.000590
-0.002244
-0.002505
-0.001973
-0.001166
-0.000767
-0.001389
-0.003225
-0.005998
-0.009137
-0.011677
-0.012409
-0.010910
-0.008070
-0.005218
-0.003295
-0.002782
-0.003554
-0.004871
-0.005723
-0.005345
-0.003598
-0.000795
0.002348
0.004914
0.006320
0.006485
0.005777
0.004772
0.003907
0.003585
0.004260
0.006049
0.008276
0.009449
0.008562
0.005977
0.002524
-0.001241
-0.004616
-0.006085
-0.004457
-0.000873
0.001929
0.002185
0.000109
-0.002969
-0.005786
-0.007537
-0.007709
-0.006216
-0.003499
-0.000547
0.001324
0.001515
0.000467
-0.001062
-0.002384
-0.002787
-0.001596
0.001093
0.004123
0.006255
0.006842
0.005900
0.004165
0.002538
0.001624
0.001695
0.002520
0.003681
0.004692
0.004876
0.003972
0.002350
0.000472
-0.001255
-0.002294
-0.002217
-0.001174
0.000212
0.001193
0.001256
0.000539
-0.000471
-0.001336
-0.001840
-0.001835
-0.001169
-0.000075
0.000308
-0.001867
-0.007363
-0.014252
-0.018453
-0.017362
-0.012058
-0.005789
-0.001563
-0.000427
-0.002018
-0.004788
-0.006511
-0.005833
-0.002681
0.001686
0.006010
0.009757
0.012489
0.013803
0.013064
0.010271
0.007031
0.005368
0.006087
0.008494
0.011076
0.012384
0.011543
0.008400
0.003888
-0.000457
-0.003493
-0.004839
-0.004876
-0.004202
-0.003429
-0.003293
-0.004235
-0.006299
-0.009113
-0.011750
-0.013166
-0.012694
-0.010380
-0.006999
-0.003723
-0.001675
-0.001309
-0.002107
-0.003047
-0.003147
-0.001876
0.000582
0.003602
0.006369
0.008224
0.008902
0.008455
0.007359
0.006447
0.006240
0.006524
0.006853
0.007019
0.006898
0.005989
0.003646
-0.000122
-0.004340
-0.007026
-0.006751
-0.004262
-0.001812
-0.001141
-0.002156
-0.004072
-0.006165
-0.007434
-0.007192
-0.005586
-0.003294
-0.000996
0.000814
0.001858
0.002023
0.001454
0.000557
0.000071
0.000836
0.002789
0.005046
0.006714
0.007376
0.006948
0.005481
0.003573
0.002103
0.001580
0.001908
0.002648
0.003264
0.003192
0.002206
0.000613
-0.001080
-0.002425
-0.003004
-0.002784
-0.002047
-0.001103
-0.000259
0.000273
0.000226
-0.000437
-0.001213
-0.001566
-0.001266
-0.000348
0.000927
0.001986
0.001209
-0.003164
-0.010644
-0.017459
-0.018965
-0.014614
-0.007831
-0.002133
0.000753
0.000552
-0.002362
-0.005792
-0.006884
-0.004914
-0.000989
0.003508
0.007942
0.011732
0.014040
0.014201
0.011867
0.008137
0.005241
0.004596
0.006018
0.008492
0.010928
0.011902
0.010101
0.005764
0.000790
-0.003172
-0.005650
-0.006574
-0.006082
-0.004736
-0.003595
-0.003623
-0.005090
-0.007684
-0.010493
-0.012416
-0.012759
-0.011220
-0.007918
-0.003877
-0.000803
0.000327
-0.000124
-0.001222
-0.002136
-0.002020
-0.000290
0.002700
0.005864
0.008200
0.009297
0.009138
0.007795
0.005838
0.004333
0.004029
0.004569
0.004968
0.004916
0.004421
0.003134
0.000731
-0.002816
-0.006680
-0.009370
-0.009496
-0.007015
-0.003957
-0.002008
-0.001587
-0.002717
-0.004600
-0.005903
-0.005595
-0.003810
-0.001345
0.001315
0.003504
0.004630
0.004690
0.003822
0.002485
0.001629
0.001905
0.003204
0.004813
0.006151
0.006804
0.006188
0.004418
0.002312
0.000581
-0.000356
-0.000471
0.000054
0.000849
0.001238
0.000832
-0.000262
-0.001696
-0.002818
-0.003173
-0.002829
-0.002073
-0.001153
-0.000093
0.000790
0.000958
0.000512
0.000062
-0.000089
0.000057
0.000575
0.001467
0.001652
-0.000875
-0.006548
-0.013152
-0.016836
-0.015585
-0.011119
-0.005987
-0.002075
-0.000594
-0.001725
-0.004188
-0.005565
-0.004709
-0.002119
0.001398
0.005120
0.008756
0.011734
0.013057
0.012249
0.009953
0.007592
0.006045
0.005599
0.006695
0.008884
0.010245
0.009445
0.006730
0.002948
-0.001062
-0.004452
-0.006391
-0.006722
-0.005997
-0.004998
-0.004642
-0.005330
-0.006823
-0.008875
-0.011004
-0.012219
-0.011631
-0.009254
-0.005992
-0.002784
-0.000283
0.000910
0.000765
0.000106
-0.000058
0.000847
0.002699
0.004989
0.007201
0.008855
0.009410
0.008554
0.006581
0.004575
0.003658
0.003671
0.003671
0.003502
0.003415
0.002445
-0.000375
-0.003985
-0.006747
-0.008066
-0.007839
-0.006027
-0.003575
-0.002102
-0.001985
-0.002713
-0.003830
-0.004465
-0.003943
-0.002604
-0.000898
0.001230
0.003405
0.004511
0.004330
0.003871
0.003455
0.002976
0.003075
0.004042
0.005177
0.005819
0.005794
0.004924
0.003316
0.001669
0.000390
-0.000507
-0.000707
-0.000090
0.000687
0.000945
0.000641
-0.000072
-0.001134
-0.002176
-0.002680
-0.002576
-0.001932
-0.000838
0.000387
0.001400
0.001852
0.001685
0.001167
0.000662
0.000543
0.000851
0.001470
0.002163
0.001568
-0.001871
-0.007532
-0.012774
-0.015017
-0.013941
-0.010564
-0.005924
-0.002310
-0.001396
-0.002463
-0.003876
-0.004498
-0.004049
-0.002074
0.001321
0.004955
0.008496
0.011589
0.012952
0.012342
0.010602
0.008325
0.006120
0.005183
0.006142
0.007716
0.008464
0.008233
0.006612
0.003205
-0.000879
-0.004136
-0.006157
-0.007132
-0.007013
-0.006172
-0.005630
-0.005794
-0.006581
-0.008100
-0.009897
-0.010883
-0.010400
-0.008602
-0.005853
-0.002654
-0.000027
0.001290
0.001560
0.001371
0.001155
0.001476
0.002723
0.004534
0.006354
0.007943
0.008834
0.008450
0.007071
0.005669
0.004643
0.003589
0.002606
0.002270
0.002135
0.001119
-0.000929
-0.003484
-0.006022
-0.007557
-0.007303
-0.005632
-0.003723
-0.002520
-0.002249
-0.002706
-0.003148
-0.003000
-0.002442
-0.001418
0.000278
0.002062
0.003294
0.003993
0.004321
0.004139
0.003449
0.002875
0.002869
0.003291
0.003961
0.004522
0.004506
0.003803
0.002577
0.001199
0.000155
-0.000271
-0.000163
0.000220
0.000675
0.000874
0.000424
-0.000584
-0.001681
-0.002478
-0.002715
-0.002335
-0.001511
-0.000437
0.000703
0.001500
0.001729
0.001619
0.001335
0.000970
0.000832
0.001155
0.001782
0.001975
0.000225
-0.004092
-0.009404
-0.013480
-0.015070
-0.013917
-0.010157
-0.005490
-0.002685
-0.002068
-0.002338
-0.003150
-0.003923
-0.003418
-0.001348
0.001539
0.004916
0.008638
0.011544
0.012766
0.012458
0.010666
0.007942
0.005736
0.004936
0.005337
0.006379
0.007418
0.007442
0.005699
0.002600
-0.000988
-0.004282
-0.006593
-0.007730
-0.007846
-0.007250
-0.006388
-0.005821
-0.006050
-0.007110
-0.008603
-0.009754
-0.009824
-0.008678
-0.006401
-0.003390
-0.000565
0.001430
0.002520
0.002871
0.002787
0.002735
0.003112
0.003925
0.005052
0.006314
0.007124
0.007359
0.007516
0.007273
0.005825
0.003721
0.002077
0.000532
-0.001385
-0.002987
-0.003878
-0.004224
-0.003998
-0.003378
-0.003023
-0.003115
-0.003442
-0.004147
-0.004704
-0.004106
-0.002765
-0.001502
-0.000070
0.001451
0.002227
0.002224
0.002202
0.002166
0.001913
0.002067
0.002723
0.003365
0.004081
0.004685
0.004545
0.003863
0.003055
0.001898
0.000696
0.000312
0.000590
0.000844
0.001223
0.001638
0.001148
-0.000211
-0.001538
-0.002681
-0.003482
-0.003330
-0.002399
-0.001267
0.000018
0.001155
0.001506
0.001260
0.000956
0.000459
-0.000080
0.000034
0.000605
0.001041
0.001511
0.001209
-0.001596
-0.006473
-0.011334
-0.014490
-0.014931
-0.012338
-0.007834
-0.003793
-0.001364
-0.000462
-0.001054
-0.002100
-0.002229
-0.001384
0.000096
0.002543
0.005976
0.009279
0.011583
0.012754
0.012248
0.010026
0.007316
0.005153
0.004023
0.004180
0.005206
0.006095
0.005979
0.004572
0.001956
-0.001313
-0.004329
-0.006664
-0.008158
-0.008525
-0.007969
-0.007069
-0.006189
-0.005673
-0.005919
-0.006814
-0.007657
-0.007901
-0.007203
-0.005322
-0.002717
-0.000209
0.001849
0.003346
0.004107
0.004227
0.004100
0.003954
0.004071
0.004792
0.005827
0.006489
0.006734
0.006940
0.006807
0.005705
0.003890
0.001987
-0.000648
-0.004017
-0.005813
-0.004758
-0.002606
-0.001213
-0.000433
-0.000302
-0.001501
-0.003296
-0.004518
-0.004887
-0.004113
-0.002502
-0.000967
0.000670
0.002609
0.003445
0.002501
0.001525
0.001243
0.000538
0.000167
0.001493
0.003356
0.004502
0.005227
0.005279
0.004209
0.002782
0.001444
0.000144
-0.000155
0.000738
0.001372
0.001611
0.002150
0.001857
0.000054
-0.001698
-0.002579
-0.003163
-0.002992
-0.001600
-0.000162
0.000713
0.001390
0.001355
0.000562
0.000156
0.000051
-0.000498
-0.000643
0.000184
0.000838
0.001072
0.001056
-0.000902
-0.005329
-0.010010
-0.013154
-0.014250
-0.012646
-0.008741
-0.004834
-0.002073
-0.000176
0.000307
-0.000386
-0.000692
-0.000297
0.000278
0.001637
0.004309
0.007320
0.009883
0.011991
0.012776
0.011587
0.009343
0.006791
0.004398
0.003120
0.003048
0.003305
0.003446
0.003358
0.002430
0.000499
-0.001694
-0.003901
-0.006120
-0.007845
-0.008737
-0.008808
-0.008092
-0.006903
-0.005924
-0.005460
-0.005273
-0.005285
-0.005399
-0.005035
-0.003991
-0.002650
-0.001028
0.000930
0.002823
0.004216
0.005065
0.005447
0.005359
0.005070
0.004712
0.004293
0.004332
0.005089
0.005687
0.005179
0.003837
0.002395
0.000884
-0.000783
-0.002096
-0.002770
-0.003085
-0.003217
-0.003039
-0.002515
-0.001926
-0.001581
-0.001690
-0.002027
-0.002142
-0.002150
-0.002114
-0.001520
-0.000340
0.000664
0.001240
0.001776
0.002201
0.002218
0.002085
0.002083
0.002118
0.002290
0.002631
0.002837
0.002953
0.003101
0.002925
0.002288
0.001685
0.001279
0.000738
0.000122
-0.000432
-0.001084
-0.001664
-0.001789
-0.001511
-0.001106
-0.000736
-0.000619
-0.000789
-0.000798
-0.000523
-0.000373
-0.000267
0.000095
0.000447
0.000557
0.000665
0.000840
0.000848
0.000725
0.000265
-0.001473
-0.004893
-0.009077
-0.012349
-0.013381
-0.012139
-0.009509
-0.006360
-0.003203
-0.000812
0.000121
0.000281
0.000585
0.000844
0.000918
0.001395
0.002789
0.004934
0.007397
0.009810
0.011501
0.011865
0.010806
0.008575
0.006033
0.004123
0.002867
0.001985
0.001623
0.001710
0.001616
0.001056
0.000207
-0.001030
-0.002831
-0.005013
-0.007098
-0.008566
-0.009122
-0.008835
-0.007974
-0.006727
-0.005381
-0.004364
-0.003721
-0.003165
-0.002670
-0.002364
-0.002046
-0.001397
-0.000356
0.001040
0.002734
0.004451
0.005765
0.006430
0.006320
0.005405
0.004085
0.002893
0.002057
0.001495
0.001067
0.000781
0.000755
0.001013
0.001330
0.001291
0.000691
-0.000298
-0.001503
-0.002617
-0.003220
-0.003227
-0.002887
-0.002362
-0.001668
-0.001068
-0.000749
-0.000580
-0.000517
-0.000520
-0.000350
0.000132
0.000807
0.001630
0.002609
0.003436
0.003798
0.003816
0.003589
0.002984
0.002209
0.001625
0.001282
0.001121
0.001073
0.000904
0.000498
0.000068
-0.000276
-0.000602
-0.000847
-0.000914
-0.000880
-0.000840
-0.000797
-0.000730
-0.000658
-0.000621
-0.000556
-0.000400
-0.000214
-0.000100
-0.000052
0.000019
0.000051
-0.000016
-0.000057
0.000009
0.000052
-0.000448
-0.002193
-0.005319
-0.008737
-0.010830
-0.011041
-0.009930
-0.007928
-0.005149
-0.002259
-0.000175
0.001170
0.002298
0.003011
0.002986
0.002640
0.002616
0.003128
0.004278
0.006099
0.008161
0.009829
0.010589
0.010074
0.008568
0.006829
0.005014
0.002897
0.000953
-0.000112
-0.000577
-0.000941
-0.000963
-0.000608
-0.000597
-0.001389
-0.002765
-0.004391
-0.005986
-0.007271
-0.008064
-0.008223
-0.007633
-0.006459
-0.004961
-0.003212
-0.001467
-0.000221
0.000309
0.000362
0.000252
0.000181
0.000407
0.001110
0.002008
0.002653
0.002944
0.003241
0.003897
0.004540
0.004433
0.003538
0.002604
0.002096
0.001766
0.001557
0.001761
0.001981
0.001621
0.000854
0.000096
-0.000612
-0.001469
-0.002406
-0.003124
-0.003378
-0.003080
-0.002462
-0.001635
-0.000391
0.000809
0.001274
0.001302
0.001393
0.001318
0.000967
0.000742
0.000757
0.000807
0.000913
0.001156
0.001502
0.002016
0.002488
0.002557
0.002413
0.002228
0.001638
0.000692
-0.000007
-0.000336
-0.000581
-0.000621
-0.000280
0.000174
0.000518
0.000747
0.000769
0.000491
-0.000000
-0.000632
-0.001239
-0.001466
-0.001382
-0.001279
-0.000944
-0.000276
0.000333
0.000672
0.000793
0.000392
-0.000852
-0.002868
-0.005749
-0.009015
-0.011164
-0.011362
-0.010266
-0.008495
-0.005768
-0.002539
-0.000041
0.001715
0.003310
0.004336
0.004303
0.003707
0.003219
0.003069
0.003564
0.004765
0.006170
0.007628
0.008942
0.009288
0.008547
0.007489
0.006164
0.004079
0.001757
-0.000039
-0.001520
-0.002677
-0.002915
-0.002397
-0.001900
-0.001767
-0.002064
-0.002841
-0.003952
-0.005202
-0.006501
-0.007511
-0.007821
-0.007490
-0.006579
-0.004915
-0.002734
-0.000695
0.000803
0.001735
0.002101
0.002039
0.001687
0.001084
0.000594
0.000484
0.000413
0.000509
0.001442
0.002855
0.003682
0.003811
0.003703
0.003196
0.002351
0.001719
0.001246
0.000859
0.000743
0.000553
0.000132
0.000011
0.000194
-0.000048
-0.000620
-0.000941
-0.001384
-0.002039
-0.002184
-0.001932
-0.001742
-0.001273
-0.000440
0.000325
0.001035
0.001767
0.002091
0.001982
0.001808
0.001354
0.000508
-0.000092
-0.000162
-0.000076
0.000212
0.000829
0.001267
0.001356
0.001444
0.001342
0.000876
0.000504
0.000207
-0.000215
-0.000306
0.000030
0.000261
0.000360
0.000624
0.000716
0.000412
0.000167
0.000027
-0.000376
-0.000822
-0.001042
-0.001189
-0.001183
-0.000881
-0.000603
-0.000613
-0.000849
-0.001558
-0.003082
-0.005164
-0.007192
-0.008617
-0.009030
-0.008508
-0.007420
-0.005719
-0.003576
-0.001612
0.000219
0.002110
0.003511
0.004116
0.004331
0.004341
0.004132
0.004035
0.004153
0.004357
0.004938
0.005797
0.006228
0.006281
0.006372
0.006057
0.004924
0.003457
0.001941
0.000007
-0.001904
-0.002938
-0.003367
-0.003556
-0.003326
-0.002980
-0.002929
-0.002974
-0.003101
-0.003664
-0.004403
-0.004855
-0.005168
-0.005233
-0.004531
-0.003378
-0.002382
-0.001497
-0.000704
-0.000046
0.000741
0.001593
0.002073
0.002268
0.002330
0.001732
0.000538
-0.000275
-0.000311
0.000145
0.001142
0.002702
0.004298
0.005561
0.006348
0.006261
0.005260
0.003740
0.001702
-0.000676
-0.002491
-0.003393
-0.003870
-0.003868
-0.003027
-0.001834
-0.000817
0.000204
0.001132
0.001571
0.001561
0.001225
0.000494
-0.000322
-0.000795
-0.001078
-0.001179
-0.000757
0.000012
0.000791
0.001686
0.002599
0.003077
0.002957
0.002353
0.001368
0.000338
-0.000273
-0.000413
-0.000212
0.000355
0.001075
0.001580
0.001890
0.002096
0.001961
0.001428
0.000663
-0.000291
-0.001208
-0.001754
-0.001966
-0.001960
-0.001552
-0.000809
-0.000179
0.000257
0.000642
0.000742
0.000308
-0.000583
-0.001847
-0.003409
-0.005052
-0.006565
-0.007643
-0.007909
-0.007309
-0.006144
-0.004606
-0.002730
-0.000867
0.000664
0.001876
0.002788
0.003353
0.003645
0.003727
0.003615
0.003475
0.003446
0.003498
0.003724
0.004239
0.004816
0.005219
0.005397
0.005225
0.004624
0.003668
0.002367
0.000846
-0.000599
-0.001797
-0.002672
-0.003082
-0.003049
-0.002894
-0.002797
-0.002722
-0.002809
-0.003163
-0.003521
-0.003728
-0.003934
-0.004199
-0.004346
-0.004198
-0.003729
-0.003025
-0.002141
-0.000957
0.000569
0.002099
0.003296
0.004135
0.004609
0.004594
0.004148
0.003631
0.003226
0.002853
0.002615
0.002626
0.002704
0.002711
0.002631
0.002345
0.001745
0.000865
-0.000176
-0.001174
-0.001902
-0.002352
-0.002620
-0.002636
-0.002371
-0.001987
-0.001551
-0.001051
-0.000608
-0.000352
-0.000273
-0.000335
-0.000561
-0.000724
-0.000543
-0.000141
0.000395
0.001118
0.001922
0.002677
0.003269
0.003548
0.003406
0.002895
0.002200
0.001462
0.000767
0.000223
-0.000142
-0.000400
-0.000537
-0.000446
-0.000127
0.000143
0.000067
-0.000209
-0.000456
-0.000806
-0.001340
-0.001817
-0.002073
-0.002177
-0.002047
-0.001637
-0.001132
-0.000530
0.000080
0.000228
-0.000164
-0.000697
-0.001363
-0.002307
-0.003177
-0.003714
-0.004212
-0.004668
-0.004693
-0.004358
-0.003812
-0.002854
-0.001615
-0.000540
0.000416
0.001458
0.002273
0.002667
0.002903
0.002918
0.002560
0.002189
0.002037
0.001976
0.002087
0.002473
0.002842
0.002983
0.003073
0.003080
0.002684
0.002011
0.001316
0.000446
-0.000564
-0.001364
-0.001910
-0.002327
-0.002523
-0.002507
-0.002504
-0.002523
-0.002466
-0.002567
-0.002856
-0.002998
-0.003010
-0.002980
-0.002617
-0.001857
-0.000966
0.000003
0.000987
0.001604
0.001759
0.001833
0.001938
0.001968
0.002076
0.002253
0.002322
0.002352
0.002405
0.002338
0.002236
0.002307
0.002248
0.001843
0.001378
0.000840
0.000065
-0.000703
-0.001263
-0.001726
-0.002064
-0.002068
-0.001813
-0.001459
-0.000907
-0.000271
0.000145
0.000320
0.000347
0.000180
-0.000096
-0.000256
-0.000185
0.000174
0.000728
0.001170
0.001364
0.001474
0.001560
0.001458
0.001209
0.001019
0.000857
0.000688
0.000576
0.000422
0.000207
0.000036
-0.000158
-0.000438
-0.000693
-0.000820
-0.000881
-0.000975
-0.000988
-0.000967
-0.001055
-0.001035
-0.000867
-0.000732
-0.000497
-0.000150
-0.000038
-0.000248
-0.000545
-0.000870
-0.001410
-0.002108
-0.002663
-0.003029
-0.003300
-0.003529
-0.003712
-0.003735
-0.003418
-0.002788
-0.002072
-0.001297
-0.000432
0.000348
0.000963
0.001494
0.001924
0.002250
0.002507
0.002590
0.002475
0.002399
0.002419
0.002344
0.002260
0.002372
0.002476
0.002341
0.002083
0.001750
0.001310
0.000847
0.000347
-0.000285
-0.000858
-0.001132
-0.001354
-0.001790
-0.002290
-0.002736
-0.003080
-0.003117
-0.002765
-0.002209
-0.001584
-0.000831
-0.000064
0.000479
0.000908
0.001238
0.001271
0.001140
0.001023
0.000920
0.000938
0.001197
0.001599
0.001970
0.002311
0.002646
0.002790
0.002727
0.002543
0.002131
0.001529
0.000888
0.000257
-0.000293
-0.000577
-0.000608
-0.000664
-0.000717
-0.000597
-0.000400
-0.000147
0.000122
0.000174
0.000051
-0.000047
-0.000179
-0.000315
-0.000238
0.000025
0.000301
0.000549
0.000713
0.000747
0.000818
0.000920
0.000866
0.000753
0.000684
0.000545
0.000348
0.000291
0.000350
0.000375
0.000402
0.000382
0.000264
0.000152
0.000007
-0.000304
-0.000684
-0.000938
-0.001037
-0.001010
-0.000891
-0.000729
-0.000491
-0.000150
0.000097
0.000031
-0.000224
-0.000451
-0.000768
-0.001414
-0.002325
-0.003175
-0.003782
-0.004207
-0.004444
-0.004416
-0.004109
-0.003495
-0.002691
-0.001794
-0.000742
0.000187
0.000471
0.000250
0.000308
0.000942
0.001847
0.002881
0.003944
0.004747
0.005222
0.005450
0.005382
0.005072
0.004626
0.003803
0.002395
0.000847
-0.000254
-0.000952
-0.001501
-0.001857
-0.002086
-0.002227
-0.002034
-0.001647
-0.001456
-0.001444
-0.001638
-0.002277
-0.002968
-0.003106
-0.002889
-0.002630
-0.002164
-0.001458
-0.000811
-0.000237
0.000476
0.001136
0.001601
0.001978
0.002190
0.002267
0.002503
0.002851
