9280
0.000036
-0.000012
0.000020
0.000049
0.000048
0.000062
0.000122
0.000163
0.000148
0.000119
0.000107
0.000134
0.000186
0.000185
0.000142
0.000137
0.000125
0.000058
-0.000022
-0.000087
-0.000134
-0.000158
-0.000125
-0.000012
0.000095
0.000112
0.000081
0.000050
0.000018
0.000001
0.000033
0.000088
0.000127
0.000137
0.000102
-0.000017
-0.000195
-0.000247
-0.000132
-0.000042
-0.000035
-0.000004
0.000037
0.000041
0.000087
0.000114
0.000062
0.000050
0.000050
0.000014
0.000008
0.000006
-0.000015
-0.000026
-0.000014
-0.000003
-0.000027
-0.000035
-0.000009
0.000012
0.000014
-0.000053
-0.000112
-0.000066
-0.000009
0.000038
0.000111
0.000109
0.000059
0.000071
0.000078
0.000031
0.000018
0.000079
0.000110
0.000046
-0.000054
-0.000092
-0.000052
-0.000028
-0.000039
-0.000048
-0.000110
-0.000181
-0.000080
0.000124
0.000254
0.000312
0.000331
0.000325
0.000287
0.000218
0.000215
0.000298
0.000322
0.000275
0.000214
0.000162
0.000142
0.000100
0.000027
-0.000007
-0.000008
-0.000018
-0.000040
-0.000075
-0.000069
-0.000040
-0.000100
-0.000156
-0.000095
-0.000045
-0.000079
-0.000145
-0.000199
-0.000158
-0.000089
-0.000090
-0.000108
-0.000135
-0.000183
-0.000198
-0.000170
-0.000214
-0.000320
-0.000337
-0.000297
-0.000306
-0.000323
-0.000255
-0.000188
-0.000267
-0.000369
-0.000340
-0.000268
-0.000213
-0.000171
-0.000167
-0.000145
-0.000090
-0.000081
-0.000139
-0.000199
-0.000237
-0.000252
-0.000181
-0.000098
-0.000103
-0.000079
0.000034
0.000102
0.000084
0.000041
-0.000001
-0.000037
-0.000031
-0.000000
0.000012
0.000049
0.000111
0.000151
0.000137
0.000046
-0.000025
-0.000017
-0.000018
-0.000063
-0.000112
-0.000165
-0.000234
-0.000276
-0.000268
-0.000248
-0.000229
-0.000185
-0.000140
-0.000105
-0.000031
0.000047
0.000060
0.000066
0.000093
0.000077
0.000052
0.000044
0.000012
-0.000056
-0.000133
-0.000158
-0.000118
-0.000069
-0.000018
0.000063
0.000146
0.000146
0.000035
-0.000057
-0.000043
0.000002
0.000034
0.000064
0.000049
-0.000020
-0.000070
-0.000062
-0.000007
0.000045
0.000044
0.000013
-0.000033
-0.000028
0.000053
0.000097
0.000100
0.000114
0.000127
0.000065
-0.000038
-0.000018
0.000071
0.000049
-0.000076
-0.000159
-0.000191
-0.000193
-0.000104
0.000010
0.000031
-0.000014
-0.000025
-0.000037
-0.000101
-0.000108
-0.000019
0.000072
0.000084
0.000027
-0.000017
-0.000050
-0.000052
0.000023
0.000140
0.000228
0.000142
-0.000062
-0.000195
-0.000263
-0.000308
-0.000336
-0.000344
-0.000321
-0.000259
-0.000188
-0.000124
-0.000073
-0.000090
-0.000141
-0.000142
-0.000111
-0.000087
-0.000057
0.000013
0.000055
-0.000006
-0.000024
0.000053
0.000069
0.000046
0.000084
0.000145
0.000154
0.000121
0.000111
0.000151
0.000235
0.000341
0.000415
0.000422
0.000399
0.000342
0.000250
0.000156
0.000092
0.000079
0.000097
0.000128
0.000136
0.000079
0.000051
0.000078
0.000105
0.000146
0.000179
0.000207
0.000234
0.000223
0.000200
0.000157
0.000103
0.000089
0.000103
0.000120
0.000137
0.000143
0.000146
0.000188
0.000216
0.000131
-0.000008
-0.000062
-0.000050
-0.000047
-0.000041
-0.000032
-0.000032
-0.000017
0.000005
-0.000023
-0.000058
-0.000023
0.000000
-0.000055
-0.000094
-0.000067
-0.000038
-0.000012
0.000036
0.000053
0.000018
0.000013
0.000050
0.000047
0.000029
0.000064
0.000118
0.000197
0.000269
0.000262
0.000185
0.000089
0.000022
-0.000021
-0.000063
-0.000095
-0.000071
0.000007
0.000061
0.000086
0.000109
0.000142
0.000154
0.000115
0.000056
0.000038
0.000089
0.000060
-0.000096
-0.000145
-0.000066
-0.000022
0.000006
0.000039
0.000007
-0.000026
0.000034
0.000111
0.000114
0.000098
0.000107
0.000101
0.000122
0.000167
0.000105
-0.000037
-0.000082
-0.000049
-0.000030
-0.000016
-0.000038
-0.000072
-0.000060
-0.000048
-0.000044
-0.000055
-0.000105
-0.000089
-0.000015
-0.000020
-0.000051
-0.000018
0.000050
0.000105
0.000084
-0.000008
-0.000050
-0.000039
-0.000082
-0.000163
-0.000183
-0.000153
-0.000099
-0.000025
-0.000063
-0.000114
0.000053
0.000285
0.000444
0.000530
0.000495
0.000401
0.000356
0.000373
0.000346
0.000229
0.000105
0.000015
-0.000055
-0.000095
-0.000105
-0.000066
0.000024
0.000067
0.000038
0.000021
-0.000014
-0.000096
-0.000170
-0.000222
-0.000265
-0.001173
-0.003477
-0.003591
-0.000154
0.000020
-0.003365
-0.002220
0.001830
0.003349
0.003714
0.003084
0.001744
0.002169
0.002181
0.000380
0.000342
0.001434
0.000330
-0.000784
-0.000211
-0.000682
-0.002122
-0.002055
-0.001475
-0.001652
-0.001065
-0.000386
-0.000919
-0.000759
-0.000319
-0.000709
-0.000459
-0.000446
-0.000874
0.000201
0.000812
0.000107
0.000789
0.001431
0.000571
0.000356
0.000531
0.000309
0.000581
0.000515
-0.000080
0.000449
0.001071
0.000275
-0.000384
-0.000422
-0.000741
-0.001175
-0.001078
-0.000463
-0.000359
-0.000560
-0.000203
-0.000214
-0.000787
-0.000418
0.000257
-0.000009
-0.000093
0.000376
0.000312
-0.000090
-0.000110
0.000134
0.000239
0.000046
-0.000084
-0.000123
-0.000401
-0.000457
-0.000146
-0.000154
-0.000223
-0.000004
-0.000162
-0.000446
-0.000013
0.000367
-0.000080
-0.000311
0.000207
0.000351
-0.000094
0.000012
0.000593
0.000658
0.000323
0.000282
0.000471
0.000204
-0.000314
-0.000117
0.000302
-0.000042
-0.000340
0.000110
0.000202
-0.000476
-0.000692
-0.000168
-0.000019
-0.000529
-0.000585
0.000178
0.000409
-0.000369
-0.000336
0.000532
0.000153
-0.000510
0.000211
0.000752
0.000046
-0.000211
0.000438
0.000511
0.000095
0.000127
0.000238
-0.000057
-0.000226
0.000146
0.000376
-0.000047
-0.000158
0.000358
0.000178
-0.000506
-0.000760
-0.001287
-0.001750
-0.001173
-0.000400
-0.000255
-0.000342
0.000019
0.000547
0.000634
0.000520
0.000596
0.000679
0.000409
0.000237
0.000520
0.000539
0.000021
-0.000264
-0.000109
-0.000351
-0.000872
-0.000708
-0.000337
-0.000482
-0.000519
-0.000054
0.000183
-0.000203
-0.000548
-0.000470
-0.000482
-0.000637
-0.000371
0.000055
0.000041
-0.000048
0.000197
0.000377
0.000259
0.000199
0.000380
0.000417
0.000277
0.000410
0.000608
0.000528
0.000486
0.000675
0.000758
0.000578
0.000375
0.000256
0.000178
0.000174
0.000316
0.000450
0.000387
0.000313
0.000401
0.000529
0.000599
0.000682
0.000864
0.001073
0.001174
0.001302
0.001572
0.001666
0.001447
0.001260
0.001217
0.000968
0.000627
0.000600
0.000580
0.000301
0.000080
0.000138
0.000171
-0.000090
-0.000380
-0.000487
-0.000569
-0.000663
-0.000594
-0.000580
-0.001210
-0.002700
-0.004710
-0.006664
-0.007774
-0.007458
-0.005937
-0.004219
-0.002915
-0.001686
-0.000353
0.000490
0.000558
0.000597
0.000998
0.001796
0.003307
0.005565
0.007634
0.008424
0.008192
0.007490
0.006234
0.004378
0.002462
0.000923
-0.000268
-0.000866
-0.000619
-0.000162
-0.000698
-0.002283
-0.004003
-0.005392
-0.006401
-0.006898
-0.006623
-0.005634
-0.004149
-0.002557
-0.001233
-0.000416
-0.000326
-0.000497
-0.000250
0.000446
0.001508
0.002312
0.002018
0.001723
0.002659
0.003722
0.003762
0.003630
0.003696
0.003230
0.002608
0.002382
0.002145
0.001362
0.000457
-0.000052
-0.000216
-0.000329
-0.000876
-0.001731
-0.002357
-0.002673
-0.002763
-0.002299
-0.001549
-0.001110
-0.000444
0.000815
0.001967
0.002965
0.004226
0.005195
0.005424
0.005549
0.005883
0.005760
0.005000
0.004155
0.003515
0.002851
0.001892
-0.000288
-0.005754
-0.013953
-0.019725
-0.019416
-0.015774
-0.012948
-0.010724
-0.007617
-0.004628
-0.002564
-0.000843
0.000113
-0.000221
0.000327
0.004337
0.010589
0.015985
0.018805
0.018871
0.016985
0.014298
0.011363
0.007609
0.002985
-0.001102
-0.003061
-0.002596
-0.001479
-0.002090
-0.005187
-0.009707
-0.013814
-0.015844
-0.015692
-0.014811
-0.013478
-0.010607
-0.006146
-0.001390
0.002172
0.003629
0.003203
0.002513
0.003399
0.006208
0.009442
0.011572
0.012622
0.013058
0.012493
0.010669
0.007562
0.002450
-0.003697
-0.007744
-0.008573
-0.007968
-0.007078
-0.006051
-0.005894
-0.006484
-0.006467
-0.006023
-0.006292
-0.006528
-0.004841
-0.001169
0.003248
0.007004
0.008844
0.008330
0.006388
0.004668
0.003943
0.003643
0.003155
0.003058
0.003830
0.004469
0.004146
0.003162
0.001675
-0.000144
-0.001122
-0.000481
0.000601
0.000874
0.000496
-0.000050
-0.000803
-0.001799
-0.002547
-0.002977
-0.004192
-0.007508
-0.012310
-0.015705
-0.015659
-0.013189
-0.010113
-0.006798
-0.003339
-0.000531
0.001620
0.003809
0.005609
0.006269
0.006794
0.008976
0.012392
0.015021
0.015952
0.015404
0.013307
0.009687
0.005667
0.002026
-0.001720
-0.005520
-0.007941
-0.008386
-0.008214
-0.008602
-0.009526
-0.010821
-0.012311
-0.013063
-0.012011
-0.009424
-0.006360
-0.002929
0.001259
0.005422
0.008204
0.009430
0.009741
0.009441
0.008927
0.008916
0.009352
0.009228
0.008008
0.005786
0.002223
-0.002276
-0.006110
-0.008356
-0.009334
-0.009530
-0.008856
-0.007517
-0.005947
-0.004363
-0.002950
-0.001784
-0.000667
0.000814
0.002764
0.004961
0.006726
0.007468
0.007290
0.006534
0.005365
0.003949
0.002654
0.001795
0.001519
0.001904
0.002831
0.003572
0.003469
0.002801
0.001956
0.000783
-0.000715
-0.002016
-0.002464
-0.001988
-0.001166
-0.000945
-0.003788
-0.011760
-0.020853
-0.023767
-0.019725
-0.014303
-0.009948
-0.004547
0.001182
0.004673
0.006638
0.008552
0.009070
0.007665
0.007978
0.012205
0.017654
0.020518
0.020219
0.018029
0.013785
0.007699
0.001474
-0.003951
-0.008958
-0.012440
-0.012625
-0.010608
-0.009215
-0.009706
-0.011330
-0.013302
-0.014876
-0.014758
-0.012376
-0.008612
-0.004216
0.001356
0.007786
0.012489
0.013820
0.013101
0.011945
0.010684
0.009884
0.010367
0.011135
0.010649
0.009070
0.006918
0.003517
-0.002215
-0.009535
-0.016115
-0.020091
-0.020856
-0.018680
-0.014310
-0.009091
-0.004313
-0.000821
0.001190
0.002340
0.003471
0.005332
0.008542
0.012627
0.015796
0.016900
0.016061
0.012986
0.007701
0.002216
-0.001763
-0.004358
-0.005421
-0.004375
-0.002332
-0.000947
-0.000394
-0.000590
-0.001675
-0.002935
-0.003283
-0.002613
-0.001477
-0.000241
0.001120
0.002707
0.004160
0.004448
0.001385
-0.007168
-0.018231
-0.023812
-0.020796
-0.014113
-0.008207
-0.002394
0.003171
0.005894
0.006017
0.005425
0.004377
0.002709
0.002852
0.007242
0.014150
0.019387
0.020477
0.018240
0.013763
0.007501
0.000562
-0.005581
-0.010095
-0.012343
-0.011384
-0.008309
-0.005980
-0.006123
-0.008476
-0.011812
-0.014654
-0.015321
-0.012990
-0.008544
-0.003092
0.003354
0.010268
0.015082
0.015825
0.013726
0.010988
0.008635
0.007333
0.007736
0.009030
0.009491
0.008562
0.006307
0.002231
-0.004076
-0.011583
-0.018080
-0.021832
-0.022453
-0.019886
-0.014354
-0.007431
-0.001440
0.002450
0.004614
0.005638
0.006259
0.007555
0.010113
0.013563
0.016715
0.017616
0.015463
0.011198
0.005650
-0.000528
-0.005655
-0.008712
-0.009244
-0.006928
-0.004106
-0.002105
-0.000221
0.000499
-0.000889
-0.002489
-0.002592
-0.001668
-0.000359
0.001250
0.003422
0.005837
0.007309
0.006141
-0.000234
-0.012227
-0.023306
-0.026078
-0.021124
-0.014060
-0.007225
-0.000494
0.003959
0.005449
0.005546
0.004607
0.002345
0.001291
0.004470
0.011055
0.017926
0.022149
0.022633
0.018977
0.012042
0.004462
-0.002065
-0.007703
-0.011950
-0.012589
-0.009822
-0.006944
-0.006258
-0.007695
-0.010802
-0.014865
-0.017520
-0.016547
-0.012411
-0.006920
-0.000490
0.006994
0.013397
0.015975
0.015117
0.012827
0.010053
0.007791
0.007700
0.009361
0.010380
0.009930
0.008235
0.004233
-0.002800
-0.011336
-0.018866
-0.022863
-0.022275
-0.017964
-0.011969
-0.006158
-0.001772
0.000520
0.001659
0.002458
0.003542
0.005794
0.009863
0.014557
0.017618
0.018058
0.015684
0.010978
0.004840
-0.000845
-0.004491
-0.005950
-0.005780
-0.004308
-0.001899
-0.000061
0.000009
-0.001165
-0.002453
-0.003266
-0.003294
-0.002248
-0.000425
0.001403
0.003002
0.004452
0.005653
0.004963
-0.001227
-0.013121
-0.023397
-0.025046
-0.019612
-0.012684
-0.005750
0.001122
0.005078
0.005541
0.005094
0.004755
0.003232
0.002258
0.005504
0.012305
0.018564
0.021369
0.020917
0.017383
0.010781
0.002886
-0.003882
-0.008790
-0.012040
-0.012481
-0.010001
-0.007276
-0.006990
-0.008982
-0.011706
-0.014569
-0.016491
-0.015328
-0.010747
-0.004707
0.001706
0.008726
0.014612
0.016493
0.014757
0.012085
0.009798
0.008143
0.008103
0.009649
0.010650
0.009810
0.007334
0.002885
-0.004419
-0.013153
-0.019816
-0.022664
-0.022025
-0.018541
-0.012662
-0.006078
-0.001089
0.001791
0.003655
0.005574
0.007332
0.009241
0.012358
0.016091
0.018006
0.017038
0.014275
0.009804
0.003661
-0.002098
-0.005510
-0.007039
-0.007284
-0.005608
-0.002623
-0.000523
-0.000428
-0.001267
-0.001972
-0.002639
-0.002954
-0.001998
0.000066
0.002197
0.004016
0.005882
0.006820
0.003324
-0.007105
-0.019572
-0.025515
-0.022934
-0.016518
-0.009461
-0.001483
0.004813
0.006808
0.006151
0.005065
0.003309
0.001303
0.002739
0.008780
0.016188
0.020935
0.021888
0.019679
0.014266
0.006584
-0.001238
-0.007294
-0.011199
-0.012505
-0.010551
-0.007044
-0.005253
-0.006533
-0.009534
-0.012967
-0.016043
-0.016717
-0.013556
-0.007804
-0.001314
0.005619
0.012303
0.015828
0.015093
0.012382
0.009822
0.007930
0.007248
0.008451
0.010091
0.010138
0.008254
0.004655
-0.000808
-0.007954
-0.015877
-0.022017
-0.023599
-0.020755
-0.015275
-0.008788
-0.002879
0.000557
0.002048
0.003580
0.005325
0.007206
0.009946
0.013893
0.017328
0.018597
0.017046
0.012755
0.006655
0.000210
-0.004521
-0.006619
-0.006690
-0.005656
-0.003431
-0.000676
0.000328
-0.000798
-0.002181
-0.003101
-0.004020
-0.003923
-0.001684
0.001443
0.003749
0.005340
0.006701
0.006037
-0.000949
-0.013765
-0.023717
-0.024646
-0.019292
-0.012590
-0.004695
0.003135
0.006642
0.006210
0.004889
0.003522
0.001186
0.000516
0.004895
0.012637
0.019370
0.022008
0.021065
0.017036
0.010047
0.001939
-0.004814
-0.009165
-0.011459
-0.010829
-0.007473
-0.004647
-0.005090
-0.008230
-0.012064
-0.015688
-0.017804
-0.016285
-0.011268
-0.004799
0.002040
0.009092
0.014204
0.014790
0.012201
0.009328
0.007292
0.006412
0.007489
0.009909
0.011274
0.010581
0.007876
0.002650
-0.005475
-0.014924
-0.021841
-0.023280
-0.019646
-0.013772
-0.008095
-0.003542
-0.000809
0.000426
0.001391
0.002625
0.004198
0.006917
0.011592
0.016381
0.018500
0.017047
0.012936
0.007349
0.001466
-0.002873
-0.004811
-0.005073
-0.004367
-0.002423
0.000158
0.001193
-0.000102
-0.002155
-0.003686
-0.004642
-0.004543
-0.002640
0.000176
0.002247
0.003589
0.004973
0.005251
0.000511
-0.010585
-0.021646
-0.025138
-0.020641
-0.013400
-0.005982
0.001510
0.006095
0.006383
0.004590
0.002987
0.001249
0.000082
0.002912
0.009965
0.017585
0.021606
0.021178
0.017594
0.011521
0.004192
-0.002476
-0.007010
-0.009333
-0.009266
-0.006725
-0.003915
-0.003605
-0.006323
-0.010565
-0.014781
-0.017516
-0.016867
-0.012734
-0.006924
-0.000589
0.005898
0.011165
0.012904
0.011247
0.008554
0.006541
0.006032
0.007478
0.010379
0.012585
0.012598
0.010418
0.006125
-0.000422
-0.008537
-0.015888
-0.020034
-0.019888
-0.016457
-0.011724
-0.007319
-0.004198
-0.002319
-0.000877
0.000738
0.002468
0.004641
0.007962
0.012147
0.015485
0.016473
0.014779
0.010874
0.005873
0.001319
-0.001781
-0.003510
-0.004026
-0.003176
-0.001282
0.000409
0.000723
-0.000405
-0.002130
-0.003455
-0.003934
-0.003358
-0.001801
-0.000016
0.001504
0.002795
0.003904
0.003921
-0.000123
-0.009629
-0.019781
-0.023581
-0.019429
-0.011946
-0.005034
0.000702
0.004499
0.005744
0.004438
0.001862
-0.000051
0.000130
0.003169
0.008733
0.015731
0.020728
0.020819
0.016932
0.011525
0.005895
0.000380
-0.003867
-0.006125
-0.006251
-0.004243
-0.001958
-0.002017
-0.004960
-0.009405
-0.014081
-0.017492
-0.017463
-0.013796
-0.008800
-0.003818
0.001504
0.006483
0.008909
0.008218
0.006246
0.004813
0.005085
0.007341
0.010529
0.012959
0.013755
0.012533
0.008778
0.002924
-0.003697
-0.009659
-0.013817
-0.014921
-0.012630
-0.008710
-0.005554
-0.004378
-0.004571
-0.004785
-0.004165
-0.002583
-0.000169
0.003229
0.007283
0.010726
0.012452
0.012162
0.009894
0.006241
0.002825
0.001002
0.000489
0.000594
0.001174
0.002011
0.002591
0.002511
0.001736
0.000340
-0.001170
-0.002111
-0.002175
-0.001545
-0.000683
0.000132
0.000764
0.001276
0.001492
0.000013
-0.005490
-0.014279
-0.021032
-0.021083
-0.015384
-0.008594
-0.003416
-0.000122
0.001765
0.002205
0.000936
-0.000829
-0.001322
0.000625
0.004896
0.010698
0.016362
0.019332
0.018507
0.014743
0.009833
0.005426
0.002164
-0.000334
-0.002136
-0.002178
-0.000494
0.000589
-0.000852
-0.004574
-0.009336
-0.013789
-0.016301
-0.015765
-0.012995
-0.009407
-0.005470
-0.001532
0.001486
0.002718
0.002255
0.000865
0.000060
0.001489
0.005040
0.009038
0.011894
0.012981
0.012189
0.009533
0.005537
0.001147
-0.002781
-0.005676
-0.006811
-0.005693
-0.003268
-0.001441
-0.001400
-0.002530
-0.003536
-0.003898
-0.003573
-0.002661
-0.001001
0.001361
0.003774
0.005383
0.005493
0.004112
0.002058
0.000557
0.000057
0.000240
0.001039
0.002364
0.003701
0.004532
0.004755
0.004311
0.003054
0.001541
0.000687
0.000570
0.000574
0.000498
0.000691
0.001077
0.001171
0.000349
-0.002760
-0.009058
-0.016345
-0.019913
-0.017608
-0.012233
-0.007224
-0.003630
-0.001323
-0.000461
-0.001059
-0.002330
-0.003457
-0.003304
-0.000732
0.004184
0.009879
0.014401
0.016528
0.015582
0.012192
0.008299
0.005353
0.003344
0.001852
0.001446
0.002604
0.004275
0.004604
0.002549
-0.001537
-0.006478
-0.010660
-0.012595
-0.012154
-0.010397
-0.007994
-0.005221
-0.002781
-0.001517
-0.001656
-0.002873
-0.004430
-0.004978
-0.003420
-0.000034
0.003738
0.006622
0.008078
0.008028
0.006698
0.004441
0.001593
-0.001338
-0.003196
-0.002698
0.000124
0.003452
0.005193
0.004630
0.002525
0.000263
-0.001271
-0.002073
-0.002159
-0.001234
0.000514
0.002269
0.003047
0.002234
0.000092
-0.002291
-0.003805
-0.003901
-0.002581
-0.000392
0.001855
0.003616
0.004770
0.005231
0.004734
0.003463
0.002325
0.001971
0.002217
0.002729
0.003342
0.003688
0.003389
0.002739
0.001678
-0.001612
-0.008276
-0.015757
-0.019347
-0.017122
-0.011746
-0.006599
-0.003195
-0.001719
-0.001970
-0.003335
-0.004833
-0.005780
-0.005131
-0.001961
0.003399
0.009398
0.014195
0.016314
0.015058
0.011343
0.007208
0.004412
0.003085
0.002569
0.003016
0.004559
0.006062
0.005924
0.003484
-0.000934
-0.006197
-0.010476
-0.012030
-0.010846
-0.008428
-0.005888
-0.003724
-0.002425
-0.002450
-0.003584
-0.005304
-0.007012
-0.007400
-0.005302
-0.001173
0.003165
0.006269
0.007611
0.007099
0.005247
0.003112
0.001347
0.000043
-0.000414
0.000531
0.002601
0.004680
0.005764
0.005308
0.003385
0.000947
-0.000771
-0.001236
-0.000822
0.000003
0.000957
0.001639
0.001599
0.000681
-0.000976
-0.002931
-0.004272
-0.004225
-0.002827
-0.000810
0.001127
0.002628
0.003612
0.004254
0.004652
0.004715
0.004493
0.004256
0.004189
0.004334
0.004468
0.004166
0.003365
0.002533
0.002096
0.001525
-0.001107
-0.007399
-0.015664
-0.021012
-0.020049
-0.014764
-0.009333
-0.005648
-0.003432
-0.002448
-0.002985
-0.004112
-0.004593
-0.003790
-0.000971
0.004133
0.010465
0.015812
0.018335
0.017372
0.013697
0.009338
0.006196
0.004573
0.003681
0.003406
0.004076
0.005105
0.004963
0.002535
-0.001994
-0.007303
-0.011659
-0.013538
-0.012533
-0.009959
-0.007368
-0.005339
-0.003891
-0.003423
-0.004202
-0.005626
-0.006862
-0.006869
-0.004566
-0.000003
0.005017
0.008553
0.009991
0.009445
0.007435
0.005074
0.003261
0.001846
0.000757
0.000779
0.002209
0.003993
0.004638
0.003489
0.000890
-0.002039
-0.003813
-0.003864
-0.002982
-0.002046
-0.001093
-0.000080
0.000486
0.000099
-0.001163
-0.002612
-0.003470
-0.003197
-0.001683
0.000490
0.002379
0.003588
0.004359
0.005056
0.005719
0.006097
0.006055
0.005624
0.004994
0.004382
0.003777
0.002966
0.002058
0.001575
0.001552
0.001459
0.000564
-0.003005
-0.010547
-0.019463
-0.023991
-0.021214
-0.014424
-0.008073
-0.003807
-0.001435
-0.001067
-0.002433
-0.003920
-0.004323
-0.002750
0.001383
0.007623
0.014277
0.019231
0.020965
0.018710
0.013533
0.008218
0.004883
0.003354
0.002745
0.003052
0.004186
0.004867
0.003596
0.000041
-0.005285
-0.011082
-0.015410
-0.016516
-0.014456
-0.011012
-0.007628
-0.005163
-0.004143
-0.004572
-0.005672
-0.006592
-0.006835
-0.005350
-0.001304
0.004342
0.009373
0.012278
0.012657
0.010765
0.007615
0.004713
0.002823
0.001674
0.001281
0.001888
0.003036
0.003707
0.003037
0.000663
-0.002956
-0.006137
-0.007239
-0.006261
-0.004338
-0.002309
-0.000510
0.000564
0.000507
-0.000467
-0.001777
-0.002781
-0.002862
-0.001690
0.000468
0.002864
0.004786
0.005818
0.005913
0.005639
0.005590
0.005656
0.005423
0.004908
0.004469
0.004091
0.003333
0.002111
0.000890
0.000197
0.000095
0.000035
-0.000649
-0.003583
-0.010505
-0.019668
-0.025397
-0.023437
-0.016199
-0.008872
-0.003877
-0.001129
-0.000377
-0.001586
-0.003220
-0.003717
-0.002109
0.002274
0.008854
0.015846
0.020896
0.022523
0.020128
0.014598
0.008701
0.004888
0.003336
0.002865
0.003041
0.003826
0.004217
0.002587
-0.001531
-0.007389
-0.013551
-0.017969
-0.018956
-0.016430
-0.012164
-0.007969
-0.004988
-0.003782
-0.004032
-0.004933
-0.005510
-0.005137
-0.003041
0.001484
0.007529
0.012839
0.015687
0.015654
0.013092
0.009134
0.005360
0.002874
0.001705
0.001361
0.001434
0.001392
0.000678
-0.000981
-0.003501
-0.006485
-0.008757
-0.009034
-0.007321
-0.004697
-0.002266
-0.000538
0.000442
0.000600
-0.000023
-0.000830
-0.001172
-0.000705
0.000644
0.002652
0.004659
0.005925
0.006205
0.005674
0.004871
0.004463
0.004698
0.005069
0.004982
0.004574
0.004015
0.002880
0.001090
-0.000580
-0.001292
-0.001004
-0.000500
-0.000355
-0.000872
-0.003652
-0.010705
-0.020257
-0.026088
-0.023721
-0.015689
-0.007521
-0.001822
0.001285
0.001825
-0.000000
-0.002247
-0.002777
-0.000549
0.004650
0.011459
0.017949
0.022401
0.023589
0.020657
0.014382
0.007999
0.004017
0.002304
0.001674
0.001775
0.002304
0.002062
-0.000243
-0.004910
-0.010901
-0.016448
-0.019745
-0.019781
-0.016564
-0.011441
-0.006515
-0.003255
-0.002017
-0.002156
-0.002903
-0.003341
-0.002435
0.000447
0.005373
0.011203
0.015865
0.017756
0.016659
0.013186
0.008380
0.003766
0.000479
-0.001508
-0.002489
-0.002311
-0.001204
-0.000360
-0.001353
-0.004221
-0.007638
-0.009953
-0.009948
-0.007793
-0.004443
-0.001035
0.001844
0.003544
0.003560
0.002247
0.000521
-0.000596
-0.000635
0.000729
0.003246
0.005831
0.007324
0.007380
0.006308
0.004814
0.003704
0.003254
0.003172
0.003045
0.003036
0.003082
0.002693
0.001491
-0.000410
-0.002101
-0.002807
-0.002443
-0.001670
-0.001263
-0.001883
-0.005326
-0.012770
-0.021255
-0.024781
-0.020544
-0.012311
-0.004811
0.000355
0.003015
0.003002
0.000744
-0.001363
-0.001149
0.002009
0.007494
0.013465
0.018505
0.021543
0.021508
0.017871
0.011888
0.006232
0.002365
0.000036
-0.001270
-0.001533
-0.001159
-0.001398
-0.003627
-0.007828
-0.012670
-0.016743
-0.018800
-0.018099
-0.014381
-0.009005
-0.004227
-0.001035
0.000482
0.000708
0.000394
0.000494
0.001741
0.004444
0.008546
0.012953
0.015870
0.016306
0.014405
0.010633
0.005684
0.001014
-0.001941
-0.003274
-0.003946
-0.004289
-0.004235
-0.004143
-0.004838
-0.006572
-0.008422
-0.009061
-0.007807
-0.005282
-0.002430
0.000404
0.002817
0.004195
0.004168
0.003181
0.002075
0.001380
0.001383
0.002190
0.003535
0.004799
0.005368
0.004914
0.003667
0.002302
0.001511
0.001374
0.001572
0.002072
0.002782
0.003080
0.002402
0.000837
-0.001030
-0.002408
-0.002778
-0.002364
-0.001595
-0.000542
0.000484
0.000426
-0.002812
-0.010452
-0.019604
-0.024322
-0.021005
-0.012646
-0.004643
0.000896
0.003646
0.003430
0.000754
-0.001889
-0.001848
0.001133
0.006146
0.011592
0.016268
0.019517
0.020364
0.017884
0.012561
0.006780
0.002286
-0.000786
-0.002653
-0.002985
-0.002076
-0.001421
-0.002462
-0.005676
-0.010112
-0.014336
-0.017028
-0.017243
-0.014650
-0.009916
-0.004931
-0.001091
0.001332
0.002378
0.002220
0.001565
0.001570
0.002980
0.005925
0.009809
0.013117
0.014616
0.014046
0.011297
0.006704
0.001756
-0.001857
-0.003860
-0.004950
-0.005461
-0.005424
-0.005179
-0.005268
-0.005771
-0.006588
-0.007006
-0.006346
-0.004825
-0.002848
-0.000563
0.002029
0.004121
0.005043
0.004937
0.004195
0.003141
0.002152
0.001745
0.001986
0.002669
0.003492
0.003999
0.003750
0.002986
0.002081
0.001099
0.000559
0.001008
0.002097
0.002823
0.002761
0.002122
0.001029
-0.000357
-0.001461
-0.001818
-0.001374
-0.000521
0.000304
0.001116
0.001642
0.000887
-0.003380
-0.011905
-0.020629
-0.023725
-0.019267
-0.011501
-0.004834
-0.000092
0.002277
0.001899
-0.000574
-0.002511
-0.001676
0.001561
0.005968
0.010470
0.014819
0.018432
0.019757
0.017756
0.013403
0.008438
0.003520
-0.000793
-0.003543
-0.003915
-0.002518
-0.001223
-0.001722
-0.004385
-0.008120
-0.011883
-0.014824
-0.015771
-0.013783
-0.009688
-0.005488
-0.001870
0.001286
0.003424
0.004000
0.003480
0.002918
0.003209
0.004722
0.007109
0.009499
0.011316
0.012207
0.011318
0.008351
0.004158
-0.000082
-0.003675
-0.006070
-0.006795
-0.006549
-0.006016
-0.005229
-0.004334
-0.003714
-0.003670
-0.003754
-0.003660
-0.003058
-0.001581
0.000394
0.002272
0.003719
0.004696
0.004831
0.003984
0.002769
0.001803
0.001174
0.000941
0.001356
0.002153
0.002845
0.003206
0.003179
0.002780
0.002334
0.002244
0.002433
0.002565
0.002563
0.002315
0.001547
0.000458
-0.000464
-0.000972
-0.001056
-0.000716
-0.000090
0.000381
0.000551
0.000602
0.000065
-0.002538
-0.008555
-0.016361
-0.021254
-0.020094
-0.014444
-0.008156
-0.002922
0.000935
0.002341
0.001214
-0.000511
-0.000458
0.001651
0.004698
0.007927
0.011219
0.014799
0.017650
0.018090
0.015816
0.012008
0.007394
0.002186
-0.002338
-0.004571
-0.004272
-0.002974
-0.002299
-0.002946
-0.004837
-0.007478
-0.010384
-0.012678
-0.013219
-0.011795
-0.009450
-0.006703
-0.003246
0.000357
0.002846
0.003814
0.003902
0.003799
0.003909
0.004463
0.005528
0.007054
0.008804
0.009941
0.009497
0.007602
0.004930
0.001567
-0.002176
-0.005270
-0.007085
-0.007746
-0.007494
-0.006386
-0.004946
-0.003657
-0.002450
-0.001617
-0.001304
-0.001137
-0.000862
-0.000388
0.000520
0.001974
0.003474
0.004504
0.005022
0.004922
0.003966
0.002644
0.001669
0.001006
0.000691
0.001019
0.001730
0.002400
0.002996
0.003429
0.003449
0.003089
0.002568
0.001797
0.000677
-0.000412
-0.001210
-0.001652
-0.001526
-0.001138
-0.001011
-0.000884
-0.000295
0.000393
0.000567
0.000373
-0.000105
-0.002306
-0.007891
-0.015221
-0.019756
-0.018781
-0.014049
-0.008986
-0.004554
-0.000691
0.001572
0.001728
0.001091
0.001614
0.003375
0.005143
0.006596
0.008676
0.012003
0.015367
0.016899
0.016108
0.013730
0.009767
0.004202
-0.001268
-0.004587
-0.005399
-0.005008
-0.004596
-0.004445
-0.004499
-0.005142
-0.006834
-0.008988
-0.010358
-0.010672
-0.010587
-0.009635
-0.006807
-0.002759
0.000897
0.003480
0.005123
0.005782
0.005557
0.004862
0.004178
0.004176
0.005200
0.006391
0.006839
0.006772
0.006094
0.004027
0.000960
-0.001887
-0.004480
-0.006982
-0.008320
-0.007582
-0.005591
-0.003546
-0.001516
0.000132
0.000966
0.001023
0.000353
-0.000610
-0.000971
-0.000260
0.000813
0.001773
0.002894
0.003892
0.003857
0.002890
0.001935
0.001112
0.000348
-0.000027
0.000121
0.000758
0.001822
0.002844
0.003445
0.003783
0.003852
0.003199
0.001884
0.000647
-0.000342
-0.001256
-0.001756
-0.001557
-0.001013
-0.000424
0.000133
0.000447
0.000609
0.000671
0.000375
-0.000318
-0.001571
-0.004715
-0.010553
-0.016277
-0.017958
-0.015191
-0.010802
-0.006514
-0.002141
0.001339
0.002718
0.002567
0.002490
0.003287
0.004399
0.005258
0.006142
0.008041
0.010901
0.013198
0.014104
0.013828
0.011932
0.007693
0.002281
-0.002085
-0.004517
-0.005445
-0.005623
-0.005479
-0.004927
-0.004247
-0.004317
-0.005285
-0.006315
-0.007083
-0.008252
-0.009580
-0.009446
-0.007322
-0.004279
-0.001107
0.002011
0.004575
0.005933
0.005990
0.005324
0.004685
0.004408
0.004287
0.004181
0.004638
0.005644
0.005836
0.004580
0.002808
0.000987
-0.001390
-0.003943
-0.005454
-0.005478
-0.004569
-0.003317
-0.001910
-0.000510
0.000790
0.001424
0.000908
0.000036
-0.000371
-0.000639
-0.001066
-0.000899
0.000117
0.001149
0.001845
0.002486
0.002910
0.002883
0.002600
0.002102
0.001571
0.001404
0.001426
0.001357
0.001618
0.002285
0.002666
0.002564
0.002463
0.002335
0.001527
0.000140
-0.001148
-0.002028
-0.002354
-0.002012
-0.001216
-0.000185
0.001046
0.002080
0.002544
0.002561
0.002265
0.000924
-0.002860
-0.009076
-0.015092
-0.017685
-0.016223
-0.012633
-0.008337
-0.003627
0.000227
0.001912
0.002150
0.002531
0.003302
0.003574
0.003367
0.003677
0.005250
0.007875
0.010715
0.013200
0.014715
0.014180
0.010968
0.006259
0.001928
-0.001366
-0.003742
-0.005382
-0.006214
-0.006054
-0.005334
-0.004842
-0.004636
-0.004324
-0.004393
-0.005741
-0.007795
-0.008865
-0.008459
-0.007228
-0.005277
-0.002354
0.000977
0.003770
0.005711
0.006931
0.007534
0.007330
0.006145
0.004420
0.003119
0.002542
0.002057
0.001516
0.001364
0.001609
0.001453
0.000445
-0.001041
-0.002610
-0.003800
-0.004350
-0.004259
-0.003447
-0.001973
-0.000382
0.000713
0.001391
0.001782
0.001541
0.000482
-0.000803
-0.001511
-0.001689
-0.001574
-0.000838
0.000575
0.002150
0.003445
0.004214
0.004331
0.003912
0.003166
0.002192
0.001369
0.001147
0.001323
0.001561
0.001902
0.002386
0.002685
0.002441
0.001693
0.000668
-0.000402
-0.001310
-0.001942
-0.002172
-0.001746
-0.000765
0.000277
0.001128
0.001712
0.001865
0.001309
-0.000656
-0.004929
-0.010784
-0.015472
-0.016987
-0.015801
-0.013105
-0.009081
-0.004374
-0.000603
0.001787
0.003588
0.005173
0.005979
0.005502
0.004245
0.003380
0.003824
0.005477
0.007827
0.010471
0.012446
0.012527
0.010600
0.007720
0.004645
0.001487
-0.001655
-0.004484
-0.006589
-0.007615
-0.007494
-0.006486
-0.004893
-0.003300
-0.002755
-0.003720
-0.005248
-0.006303
-0.006948
-0.007217
-0.006526
-0.004773
-0.002513
0.000027
0.002821
0.005565
0.007665
0.008406
0.007673
0.006155
0.004622
0.003080
0.001152
-0.000613
-0.001352
-0.001371
-0.001361
-0.001063
-0.000152
0.000739
0.000964
0.000547
-0.000216
-0.000894
-0.001291
-0.001721
-0.002188
-0.002127
-0.001608
-0.001256
-0.000842
0.000045
0.000722
0.000695
0.000579
0.000654
0.000584
0.000596
0.000970
0.001441
0.001930
0.002383
0.002551
0.002626
0.002966
0.003216
0.002874
0.002248
0.001739
0.001141
0.000397
-0.000081
-0.000210
-0.000252
-0.000201
-0.000064
0.000044
0.000255
0.000523
0.000434
0.000019
-0.000235
-0.000271
-0.000367
-0.000404
-0.000411
-0.001375
-0.004388
-0.008878
-0.012651
-0.014182
-0.013728
-0.012075
-0.009299
-0.005678
-0.002369
0.000202
0.002713
0.005425
0.007327
0.007490
0.006471
0.005513
0.005382
0.006000
0.007095
0.008570
0.009848
0.009891
0.008632
0.007116
0.005655
0.003723
0.001206
-0.001584
-0.004242
-0.006345
-0.007680
-0.008095
-0.007484
-0.006362
-0.005634
-0.005488
-0.005175
-0.004426
-0.003885
-0.003827
-0.003908
-0.003888
-0.003711
-0.003052
-0.001503
0.000900
0.003582
0.005774
0.007106
0.007652
0.007476
0.006368
0.004407
0.002344
0.000612
-0.000869
-0.001893
-0.001876
-0.000819
0.000514
0.001664
0.002417
0.002589
0.002166
0.001266
0.000044
-0.001288
-0.002353
-0.003103
-0.003586
-0.003463
-0.002649
-0.001593
-0.000524
0.000652
0.001786
0.002497
0.002780
0.002759
0.002368
0.001816
0.001322
0.000949
0.000941
0.001460
0.002161
0.002771
0.003306
0.003450
0.002954
0.002082
0.001097
-0.000038
-0.001178
-0.001912
-0.002130
-0.001953
-0.001427
-0.000706
0.000091
0.000965
0.001654
0.001864
0.001665
0.001222
0.000522
-0.000596
-0.002510
-0.005685
-0.009597
-0.012591
-0.013647
-0.012971
-0.011119
-0.008476
-0.005465
-0.002630
0.000040
0.002731
0.005193
0.006914
0.007482
0.007154
0.006572
0.006264
0.006431
0.007006
0.007869
0.008551
0.008529
0.007919
0.007119
0.006090
0.004523
0.002231
-0.000682
-0.003643
-0.006019
-0.007574
-0.008201
-0.007804
-0.006801
-0.005871
-0.005219
-0.004587
-0.003885
-0.003422
-0.003273
-0.003212
-0.003126
-0.002887
-0.002155
-0.000778
0.000987
0.002760
0.004108
0.004665
0.004690
0.004733
0.004621
0.003913
0.002642
0.001228
-0.000090
-0.001119
-0.001417
-0.001024
-0.000235
0.000815
0.001876
0.002696
0.003274
0.003487
0.002864
0.001408
-0.000399
-0.002234
-0.003713
-0.004325
-0.003988
-0.003107
-0.001893
-0.000400
0.001012
0.002149
0.003003
0.003219
0.002707
0.002021
0.001452
0.000917
0.000601
0.000582
0.000655
0.000898
0.001430
0.001943
0.002260
0.002497
0.002414
0.001782
0.000947
0.000170
-0.000604
-0.001240
-0.001574
-0.001618
-0.001313
-0.000663
0.000001
0.000542
0.001102
0.001410
0.001066
0.000331
-0.000530
-0.002055
-0.004712
-0.008244
-0.011597
-0.013687
-0.014252
-0.013273
-0.010699
-0.006947
-0.003212
-0.000054
0.003045
0.006110
0.008507
0.009630
0.009492
0.008357
0.006599
0.004921
0.003944
0.003878
0.004343
0.004825
0.005091
0.005271
0.005441
0.005301
0.004535
0.002984
0.000713
-0.001932
-0.004453
-0.006462
-0.007639
-0.007985
-0.007939
-0.007659
-0.006840
-0.005345
-0.003687
-0.002340
-0.001361
-0.000916
-0.001039
-0.001263
-0.001181
-0.000858
-0.000499
-0.000145
0.000382
0.001182
0.002204
0.003213
0.003951
0.004340
0.004346
0.003959
0.003299
0.002683
0.002182
0.001626
0.001085
0.000851
0.000889
0.000950
0.001066
0.001056
0.000548
-0.000355
-0.001310
-0.002223
-0.002946
-0.003231
-0.003156
-0.002919
-0.002356
-0.001307
-0.000124
0.000917
0.001914
0.002684
0.002860
0.002583
0.002150
0.001558
0.000934
0.000447
0.000076
-0.000050
0.000230
0.000719
0.001144
0.001526
0.001808
0.001824
0.001681
0.001475
0.001129
0.000631
0.000060
-0.000477
-0.000914
-0.001130
-0.001036
-0.000739
-0.000309
0.000123
0.000369
0.000505
0.000635
0.000367
-0.000973
-0.003686
-0.007276
-0.010421
-0.012120
-0.012394
-0.011550
-0.009763
-0.007331
-0.004628
-0.001651
0.001583
0.004745
0.007308
0.008749
0.009006
0.008419
0.007568
0.006813
0.006149
0.005532
0.004936
0.004448
0.004200
0.004204
0.004395
0.004477
0.003912
0.002523
0.000509
-0.001776
-0.003900
-0.005650
-0.006946
-0.007856
-0.008473
-0.008585
-0.007923
-0.006568
-0.004907
-0.003255
-0.001819
-0.000661
0.000302
0.001119
0.001699
0.001911
0.001871
0.001712
0.001488
0.001424
0.001772
0.002360
0.002787
0.003035
0.003243
0.003381
0.003418
0.003348
0.003019
0.002455
0.001922
0.001466
0.001090
0.000914
0.000779
0.000328
-0.000398
-0.001093
-0.001670
-0.002202
-0.002575
-0.002655
-0.002558
-0.002240
-0.001521
-0.000553
0.000405
0.001286
0.001961
0.002253
0.002243
0.002072
0.001761
0.001401
0.000999
0.000517
0.000129
0.000003
0.000141
0.000506
0.001014
0.001414
0.001560
0.001616
0.001685
0.001592
0.001253
0.000824
0.000360
-0.000081
-0.000392
-0.000647
-0.000826
-0.000786
-0.000591
-0.000408
-0.000239
0.000001
0.000316
0.000535
0.000114
-0.001641
-0.004712
-0.007970
-0.010228
-0.011217
-0.011243
-0.010500
-0.008958
-0.006815
-0.004160
-0.000868
0.002779
0.006151
0.008585
0.009734
0.009638
0.008836
0.007985
0.007163
0.006182
0.004994
0.003855
0.003165
0.003036
0.003239
0.003460
0.003419
0.002820
0.001517
-0.000178
-0.001823
-0.003356
-0.004831
-0.006219
-0.007424
-0.008225
-0.008344
-0.007651
-0.006342
-0.004742
-0.003203
-0.001889
-0.000709
0.000452
0.001530
0.002213
0.002368
0.002165
0.001871
0.001757
0.001877
0.002038
0.002123
0.002183
0.002277
0.002363
0.002466
0.002622
0.002611
0.002388
0.002138
0.001888
0.001583
0.001225
0.000801
0.000245
-0.000392
-0.000999
-0.001500
-0.001837
-0.002021
-0.002064
-0.001955
-0.001638
-0.001060
-0.000313
0.000446
0.001091
0.001532
0.001739
0.001758
0.001704
0.001597
0.001385
0.001095
0.000800
0.000621
0.000575
0.000524
0.000459
0.000454
0.000432
0.000318
0.000224
0.000249
0.000333
0.000324
0.000106
-0.000254
-0.000542
-0.000657
-0.000676
-0.000607
-0.000410
-0.000179
-0.000037
0.000068
0.000250
0.000436
0.000578
0.000667
0.000416
-0.000536
-0.002420
-0.005181
-0.008093
-0.010197
-0.011145
-0.011232
-0.010564
-0.008993
-0.006782
-0.004093
-0.000838
0.002674
0.005893
0.008311
0.009618
0.009861
0.009526
0.009044
0.008293
0.007114
0.005675
0.004192
0.002936
0.002163
0.001814
0.001653
0.001476
0.001080
0.000253
-0.000924
-0.002117
-0.003263
-0.004541
-0.005980
-0.007331
-0.008236
-0.008438
-0.007889
-0.006776
-0.005277
-0.003522
-0.001733
-0.000040
0.001558
0.002861
0.003626
0.003916
0.003790
0.003247
0.002563
0.002077
0.001660
0.001136
0.000592
0.000136
-0.000074
0.000097
0.000579
0.001045
0.001420
0.001796
0.002014
0.001973
0.001834
0.001746
0.001546
0.001041
0.000371
-0.000209
-0.000608
-0.000933
-0.001296
-0.001565
-0.001605
-0.001407
-0.001016
-0.000529
-0.000010
0.000404
0.000700
0.000975
0.001192
0.001328
0.001326
0.001168
0.000965
0.000755
0.000556
0.000391
0.000230
0.000056
-0.000174
-0.000394
-0.000414
-0.000163
0.000292
0.000771
0.001106
0.001293
0.001382
0.001278
0.001041
0.000907
0.000816
0.000640
0.000344
-0.000003
-0.000248
-0.000334
-0.000302
-0.000228
-0.000236
-0.000692
-0.002008
-0.004339
-0.007214
-0.009694
-0.011110
-0.011437
-0.011061
-0.009966
-0.008033
-0.005480
-0.002466
0.000981
0.004637
0.007806
0.009917
0.010830
0.010750
0.010194
0.009456
0.008377
0.006799
0.004992
0.003389
0.002220
0.001519
0.001251
0.001215
0.001040
0.000490
-0.000344
-0.001278
-0.002348
-0.003559
-0.004875
-0.006246
-0.007432
-0.008121
-0.008105
-0.007401
-0.006121
-0.004456
-0.002674
-0.000921
0.000850
0.002600
0.003952
0.004649
0.004808
0.004588
0.003981
0.003134
0.002379
0.001716
0.001025
0.000461
0.000189
0.000200
0.000471
0.000830
0.001085
0.001322
0.001623
0.001853
0.001877
0.001769
0.001505
0.000997
0.000371
-0.000196
-0.000700
-0.001116
-0.001335
-0.001452
-0.001548
-0.001551
-0.001439
-0.001184
-0.000760
-0.000260
0.000224
0.000655
0.001033
0.001354
0.001565
0.001605
0.001432
0.001088
0.000653
0.000214
-0.000102
-0.000262
-0.000271
-0.000137
0.000090
0.000352
0.000665
0.001095
0.001534
0.001767
0.001740
0.001589
0.001383
0.001139
0.000886
0.000575
0.000215
-0.000083
-0.000236
-0.000297
-0.000358
-0.000361
-0.000253
-0.000230
-0.000689
-0.002034
-0.004404
-0.007252
-0.009634
-0.010968
-0.011217
-0.010661
-0.009406
-0.007479
-0.004979
-0.001939
0.001552
0.005195
0.008333
0.010406
0.011350
0.011402
0.010909
0.010014
0.008675
0.006930
0.004971
0.003124
0.001638
0.000610
0.000083
-0.000141
-0.000487
-0.001136
-0.001914
-0.002707
-0.003645
-0.004716
-0.005782
-0.006820
-0.007702
-0.008146
-0.007977
-0.007179
-0.005720
-0.003751
-0.001707
0.000158
0.001960
0.003729
0.005195
0.006044
0.006235
0.005951
0.005274
0.004296
0.003188
0.002090
0.001085
0.000196
-0.000477
-0.000832
-0.000908
-0.000795
-0.000614
-0.000411
-0.000133
0.000218
0.000591
0.000928
0.001146
0.001148
0.000896
0.000427
-0.000121
-0.000572
-0.000945
-0.001365
-0.001776
-0.001995
-0.001844
-0.001469
-0.001123
-0.000661
-0.000039
0.000524
0.000996
0.001363
0.001544
0.001577
0.001452
0.001045
0.000374
-0.000290
-0.000705
-0.000904
-0.000974
-0.000896
-0.000643
-0.000196
0.000388
0.001009
0.001576
0.001976
0.002169
0.002192
0.002118
0.001950
0.001646
0.001328
0.001009
0.000537
-0.000007
-0.000403
-0.000580
-0.000576
-0.000478
-0.000418
-0.000651
-0.001522
-0.003425
-0.006374
-0.009457
-0.011616
-0.012552
-0.012477
-0.011523
-0.009668
-0.007048
-0.003812
-0.000057
0.003977
0.007850
0.010924
0.012663
0.013070
0.012606
0.011659
0.010328
0.008529
0.006264
0.003861
0.001751
0.000103
-0.001049
-0.001615
-0.001766
-0.001963
-0.002494
-0.003293
-0.004144
-0.004925
-0.005647
-0.006440
-0.007301
-0.007873
-0.007761
-0.006929
-0.005567
-0.003804
-0.001860
0.000043
0.001941
0.003861
0.005618
0.006886
0.007401
0.007230
0.006506
0.005309
0.003897
0.002494
0.001133
-0.000199
-0.001470
-0.002576
-0.003403
-0.003788
-0.003697
-0.003329
-0.002758
-0.001982
-0.001059
-0.000009
0.001110
0.002134
0.002877
0.003287
0.003348
0.002990
0.002321
0.001489
0.000527
-0.000496
-0.001358
-0.001870
-0.002062
-0.001911
-0.001473
-0.000885
-0.000154
0.000698
0.001383
0.001561
0.001360
0.000988
0.000457
-0.000220
-0.000947
-0.001468
-0.001642
-0.001598
-0.001362
-0.000783
0.000095
0.001066
0.001975
0.002717
0.003208
0.003402
0.003365
0.003189
0.002870
0.002371
0.001703
0.000961
0.000287
-0.000255
-0.000719
-0.001209
-0.001946
-0.002786
-0.002948
-0.002231
-0.001583
-0.001887
-0.003195
-0.005284
-0.007712
-0.009554
-0.010183
-0.009765
-0.008647
-0.007134
-0.005409
-0.003079
0.000213
0.004146
0.008025
0.011028
0.012608
0.012922
0.012506
0.011475
0.009822
0.007820
0.005413
0.002551
-0.000091
-0.001863
-0.002832
-0.003185
-0.003122
-0.003195
-0.003589
-0.003912
-0.004048
-0.004203
-0.004441
-0.004788
-0.005273
-0.005671
-0.005569
-0.004780
-0.003497
-0.001980
-0.000418
0.001101
0.002688
0.004406
0.006002
0.007051
0.007192
0.006443
0.005177
0.003681
0.002165
0.000726
-0.000723
-0.002129
-0.003314
-0.004246
-0.004806
-0.004697
-0.003980
-0.003133
-0.002309
-0.001271
-0.000018
0.001283
0.002569
0.003561
0.003946
0.003990
0.003989
0.003712
0.003084
0.002312
0.001331
0.000099
-0.001066
-0.001983
-0.002609
-0.002701
-0.002366
-0.001978
-0.001486
-0.000748
0.000027
0.000641
0.000995
0.000931
0.000574
0.000182
-0.000196
-0.000434
-0.000405
-0.000182
0.000186
0.000728
0.001373
0.002075
0.002831
0.003455
0.003778
0.003909
0.003940
0.003728
0.003155
0.002254
0.001108
-0.000058
-0.000992
-0.001653
-0.002018
-0.002018
-0.001797
-0.001581
-0.001336
-0.001022
-0.001026
-0.001846
-0.003888
-0.007448
-0.011582
-0.014253
-0.014531
-0.013172
-0.011028
-0.008194
-0.004813
-0.001137
0.002942
0.007511
0.012175
0.015837
0.017368
0.016583
0.014395
0.011900
0.009367
0.006545
0.003264
-0.000234
-0.003072
-0.004577
-0.005048
-0.004851
-0.004043
-0.003327
-0.003513
-0.004228
-0.004701
-0.004928
-0.005105
-0.005351
-0.005861
-0.006297
-0.005927
-0.004554
-0.002510
-0.000174
0.002086
0.004011
0.005620
0.006987
0.007965
0.008321
0.007790
0.006214
0.003973
0.001606
-0.000549
-0.002319
-0.003761
-0.004849
-0.005440
-0.005481
-0.005082
-0.004415
-0.003622
-0.002960
-0.002504
-0.001956
-0.001131
-0.000050
0.001342
0.002870
0.004068
0.004870
0.005524
0.005856
0.005602
0.004867
0.003595
0.001656
-0.000502
-0.002268
-0.003558
-0.004393
-0.004655
-0.004464
-0.003875
-0.002796
-0.001420
-0.000068
0.001062
0.001746
0.001818
0.001504
0.001117
0.000685
0.000350
0.000357
0.000654
0.001162
0.001886
0.002754
0.003594
0.004164
0.004324
0.004080
0.003467
0.002521
0.001402
0.000340
-0.000668
-0.001653
-0.002376
-0.002675
-0.002556
-0.002114
-0.001562
-0.001041
-0.000546
-0.000089
0.000201
0.000106
-0.000938
-0.003599
-0.007692
-0.011830
-0.014455
-0.015005
-0.013804
-0.011361
-0.008032
-0.004142
0.000207
0.005019
0.009884
0.014033
0.016657
0.017286
0.015981
0.013359
0.010272
0.007071
0.003624
0.000103
-0.002984
-0.005205
-0.006276
-0.006260
-0.005464
-0.004428
-0.003806
-0.003746
-0.003925
-0.004056
-0.004118
-0.004231
-0.004448
-0.004602
-0.004286
-0.003163
-0.001267
0.001036
0.003335
0.005316
0.006773
0.007655
0.008052
0.007951
0.007076
0.005243
0.002683
-0.000056
-0.002496
-0.004403
-0.005762
-0.006769
-0.007470
-0.007583
-0.006785
-0.005189
-0.003340
-0.001788
-0.000718
0.000143
0.001062
0.002221
0.003664
0.005090
0.006030
0.006305
0.006093
0.005514
0.004705
0.003624
0.002002
-0.000095
-0.002179
-0.003872
-0.005061
-0.005546
-0.005386
-0.004888
-0.004027
-0.002755
-0.001305
0.000170
0.001568
0.002578
0.003048
0.003158
0.003070
0.002921
0.002835
0.002776
0.002758
0.002901
0.003167
0.003469
0.003769
0.003896
0.003606
0.002826
0.001728
0.000546
-0.000530
-0.001454
-0.002228
-0.002746
-0.002964
-0.002937
-0.002582
-0.001790
-0.000754
0.000220
0.000999
0.001520
0.001838
0.002016
0.001548
-0.000328
-0.003797
-0.008251
-0.012387
-0.014834
-0.014943
-0.013100
-0.010069
-0.006393
-0.002445
0.001828
0.006464
0.010956
0.014471
0.016204
0.015778
0.013520
0.010313
0.006923
0.003666
0.000593
-0.002246
-0.004624
-0.006058
-0.006181
-0.005357
-0.004157
-0.003002
-0.002427
-0.002535
-0.002837
-0.002974
-0.003016
-0.003039
-0.002976
-0.002693
-0.001824
-0.000171
0.001949
0.003995
0.005563
0.006480
0.006794
0.006584
0.005809
0.004430
0.002370
-0.000225
-0.002843
-0.004986
-0.006418
-0.007005
-0.006812
-0.006168
-0.005343
-0.004403
-0.003050
-0.001082
0.001015
0.002501
0.003130
0.003262
0.003379
0.003641
0.004028
0.004495
0.004739
0.004528
0.004016
0.003365
0.002505
0.001317
-0.000248
-0.002126
-0.003993
-0.005361
-0.005905
-0.005737
-0.005114
-0.004036
-0.002561
-0.000956
0.000616
0.002141
0.003474
0.004303
0.004544
0.004377
0.003914
0.003273
0.002674
0.002198
0.001784
0.001472
0.001404
0.001584
0.001779
0.001780
0.001580
0.001171
0.000502
-0.000380
-0.001282
-0.001967
-0.002340
-0.002443
-0.002295
-0.001814
-0.000983
0.000068
0.001146
0.002013
0.002586
0.002981
0.003167
0.003039
0.002478
0.000989
-0.002032
-0.006670
-0.011954
-0.016044
-0.017539
-0.016391
-0.013447
-0.009472
-0.004938
-0.000161
0.004694
0.009425
0.013569
0.016325
0.016974
0.015420
0.012377
0.008871
0.005436
0.002177
-0.000957
-0.003896
-0.006058
-0.006841
-0.006407
-0.005475
-0.004547
-0.003929
-0.003882
-0.004295
-0.004735
-0.004887
-0.004674
-0.004047
-0.003052
-0.001622
0.000515
0.003239
0.005854
0.007660
0.008416
0.008234
0.007355
0.005922
0.003952
0.001498
-0.001320
-0.004200
-0.006646
-0.008134
-0.008386
-0.007621
-0.006304
-0.004760
-0.003056
-0.001200
0.000674
0.002224
0.003122
0.003444
0.003526
0.003611
0.003729
0.003877
0.004072
0.004157
0.003807
0.002946
0.001897
0.000896
-0.000140
-0.001404
-0.002879
-0.004306
-0.005329
-0.005597
-0.005132
-0.004285
-0.003160
-0.001736
-0.000301
0.000861
0.001798
0.002580
0.003051
0.003191
0.003167
0.003008
0.002809
0.002725
0.002785
0.002846
0.002766
0.002642
0.002522
0.002268
0.001761
0.000937
-0.000073
-0.001006
-0.001814
-0.002534
-0.003022
-0.003138
-0.002898
-0.002355
-0.001468
-0.000341
0.000751
0.001715
0.002548
0.003117
0.003314
0.003198
0.002885
0.002363
0.001547
0.000429
-0.001335
-0.004368
-0.008768
-0.013504
-0.016661
-0.017022
-0.014915
-0.011281
-0.006786
-0.001992
0.002701
0.007296
0.011615
0.015073
0.016912
0.016641
0.014395
0.010876
0.007075
0.003706
0.000864
-0.001920
-0.004637
-0.006546
-0.007218
-0.006853
-0.006021
-0.005311
-0.005114
-0.005422
-0.005797
-0.005770
-0.005151
-0.003987
-0.002346
-0.000379
0.001869
0.004422
0.007020
0.009100
0.010033
0.009600
0.008044
0.005797
0.003150
0.000266
-0.002655
-0.005410
-0.007659
-0.009021
-0.009226
-0.008217
-0.006347
-0.004236
-0.002257
-0.000429
0.001267
0.002800
0.004019
0.004758
0.004921
0.004734
0.004722
0.004904
0.004897
0.004576
0.004020
0.003180
0.001947
0.000463
-0.001004
-0.002362
-0.003708
-0.005034
-0.006042
-0.006352
-0.005783
-0.004428
-0.002639
-0.000856
0.000683
0.002040
0.003230
0.003990
0.004169
0.003932
0.003527
0.002987
0.002292
0.001751
0.001529
0.001464
0.001485
0.001503
0.001366
0.001082
0.000691
0.000154
-0.000495
-0.001136
-0.001589
-0.001669
-0.001365
-0.000841
-0.000270
0.000312
0.000894
0.001349
0.001613
0.001825
0.002082
0.002276
0.002273
0.002111
0.001895
0.001640
0.001263
0.000595
-0.000659
-0.002991
-0.006812
-0.011701
-0.015973
-0.017799
-0.016650
-0.013277
-0.008682
-0.003482
0.001788
0.006816
0.011507
0.015442
0.017814
0.017855
0.015510
0.011524
0.007013
0.002883
-0.000407
-0.002964
-0.005139
-0.006679
-0.007190
-0.006808
-0.006018
-0.005292
-0.004957
-0.005127
-0.005450
-0.005387
-0.004600
-0.003127
-0.001089
0.001475
0.004300
0.007124
0.009631
0.011280
0.011582
0.010271
0.007500
0.003853
0.000018
-0.003558
-0.006693
-0.009226
-0.010803
-0.011084
-0.010108
-0.008168
-0.005599
-0.002892
-0.000562
0.001245
0.002616
0.003648
0.004455
0.005039
0.005429
0.005753
0.006141
0.006680
0.007031
0.006613
0.005415
0.003753
0.001546
-0.001363
-0.004565
-0.007401
-0.009432
-0.010309
-0.009801
-0.008119
-0.005634
-0.002586
0.000611
0.003454
0.005589
0.006816
0.007104
0.006488
0.005034
0.003185
0.001600
0.000477
-0.000300
-0.000592
-0.000316
0.000186
0.000661
0.000988
0.000915
0.000403
-0.000315
-0.001055
-0.001703
-0.002018
-0.001813
-0.001166
-0.000253
0.000740
0.001617
0.002219
0.002441
0.002224
0.001699
0.001203
0.000893
0.000753
0.000862
0.001196
0.001469
0.001539
0.001557
0.001546
0.001001
-0.001037
-0.005461
-0.011981
-0.018251
-0.021416
-0.020513
-0.016538
-0.010819
-0.004228
0.002387
0.008410
0.013748
0.018205
0.020797
0.020353
0.016990
0.011934
0.006322
0.001255
-0.002283
-0.004561
-0.006462
-0.007773
-0.007843
-0.007014
-0.006069
-0.005341
-0.005222
-0.005927
-0.006651
-0.006465
-0.005241
-0.003213
-0.000332
0.003260
0.006871
0.010062
0.012660
0.014006
0.013219
0.010241
0.005788
0.000672
-0.004130
-0.007887
-0.010587
-0.012252
-0.012461
-0.011138
-0.008914
-0.006104
-0.002870
-0.000107
0.001550
0.002441
0.002954
0.003239
0.003636
0.004456
0.005534
0.006629
0.007898
0.009186
0.009819
0.009395
0.007557
0.003854
-0.001169
-0.006076
-0.010099
-0.013289
-0.015184
-0.015048
-0.012977
-0.009407
-0.004661
0.000566
0.005240
0.008563
0.010272
0.010411
0.009233
0.007151
0.004691
0.002310
0.000225
-0.001112
-0.001398
-0.001162
-0.000891
-0.000497
-0.000206
-0.000383
-0.000814
-0.001272
-0.001785
-0.002134
-0.001930
-0.001135
0.000126
0.001671
0.003101
0.004281
0.004979
0.004639
0.003385
0.001870
0.000394
-0.000876
-0.001535
-0.001341
-0.000531
0.000569
0.001693
0.002529
0.002930
0.002690
0.001553
-0.000607
-0.004438
-0.010663
-0.017982
-0.022939
-0.023090
-0.018927
-0.012284
-0.004421
0.003649
0.010612
0.015771
0.019310
0.021069
0.020072
0.016203
0.010809
0.005077
-0.000135
-0.003588
-0.004883
-0.005271
-0.005703
-0.005708
-0.005153
-0.004849
-0.005064
-0.005602
-0.006641
-0.007727
-0.007594
-0.005765
-0.002716
0.001226
0.005830
0.010254
0.013532
0.015309
0.015342
0.013123
0.008685
0.002925
-0.003086
-0.008243
-0.011488
-0.012670
-0.012407
-0.010899
-0.008261
-0.005328
-0.002773
-0.000616
0.000841
0.001175
0.000858
0.000805
0.001314
0.002392
0.004267
0.006755
0.009158
0.010980
0.011990
0.011776
0.009967
0.006728
0.002365
-0.002752
-0.007903
-0.012402
-0.015665
-0.016836
-0.015511
-0.012545
-0.008826
-0.004500
0.000208
0.004584
0.007860
0.009832
0.010515
0.009895
0.008312
0.006513
0.004810
0.002935
0.001258
0.000207
-0.000798
-0.002008
-0.002782
-0.003255
-0.003976
-0.004438
-0.004202
-0.003556
-0.002411
-0.000568
0.001405
0.003063
0.004471
0.005381
0.005545
0.005044
0.003882
0.002297
0.000931
-0.000085
-0.000965
-0.001433
-0.001136
-0.000231
0.000810
0.001768
0.002510
0.002740
0.002329
0.001449
0.000236
-0.001355
-0.003461
-0.006769
-0.011950
-0.017704
-0.020752
-0.019089
-0.013802
-0.006985
0.000130
0.006764
0.011963
0.015289
0.017211
0.017772
0.016089
0.012154
0.007371
0.002858
-0.000942
-0.003325
-0.004093
-0.004532
-0.005518
-0.006340
-0.006681
-0.007091
-0.007420
-0.007338
-0.007189
-0.006724
-0.004889
-0.001478
0.002538
0.006479
0.010226
0.013027
0.014003
0.013321
0.011336
0.007770
0.002856
-0.002272
-0.006721
-0.009864
-0.011066
-0.010578
-0.009395
-0.007863
-0.005952
-0.004240
-0.003071
-0.002019
-0.001046
-0.000494
0.000115
0.001507
0.003537
0.005804
0.008248
0.010466
0.011600
0.011391
0.010158
0.007829
0.004365
0.000314
-0.003766
-0.007496
-0.010246
-0.011660
-0.012329
-0.012430
-0.011165
-0.008525
-0.005569
-0.002811
-0.000032
0.002634
0.004806
0.006558
0.008013
0.008798
0.008670
0.007884
0.006628
0.004747
0.002320
-0.000137
-0.002406
-0.004459
-0.005874
-0.006269
-0.005857
-0.004901
-0.003365
-0.001489
0.000346
0.001992
0.003297
0.004100
0.004328
0.004004
0.003374
0.002810
0.002365
0.001898
0.001538
0.001396
0.001211
0.000865
0.000574
0.000438
0.000296
0.000075
0.000019
0.000230
0.000365
0.000097
-0.000473
-0.001113
-0.001925
-0.003501
-0.006853
-0.012169
-0.017329
-0.019222
-0.016816
-0.011421
-0.004564
0.002760
0.009342
0.014010
0.016644
0.017738
0.016998
0.013794
0.008885
0.003821
-0.000653
-0.004053
-0.005508
-0.005224
-0.004735
-0.004660
-0.004619
-0.004779
-0.005434
-0.006212
-0.006732
-0.006959
-0.006274
-0.003870
-0.000119
0.003969
0.007967
0.011561
0.013736
0.013803
0.012114
0.008950
0.004320
-0.001078
-0.006020
-0.009688
-0.011605
-0.011525
-0.010105
-0.008259
-0.006129
-0.003942
-0.002389
-0.001506
-0.000786
-0.000159
0.000346
0.001305
0.003169
0.005509
0.007879
0.010135
0.011678
0.011770
0.010399
0.008013
0.004682
0.000480
-0.003785
-0.007337
-0.009895
-0.011063
-0.010773
-0.009708
-0.008440
-0.006907
-0.005104
-0.003445
-0.001999
-0.000480
0.001173
0.002946
0.004891
0.006762
0.008076
0.008562
0.008160
0.006868
0.004751
0.002146
-0.000596
-0.003250
-0.005315
-0.006382
-0.006464
-0.005573
-0.003779
-0.001613
0.000371
0.001996
0.003151
0.003717
0.003768
0.003460
0.002904
0.002416
0.002371
0.002576
0.002681
0.002755
0.002823
0.002671
0.002221
0.001582
0.000835
-0.000012
-0.000894
-0.001548
-0.001578
-0.000856
0.000127
0.000692
0.000609
0.000021
-0.001100
-0.003404
-0.007564
-0.013041
-0.017419
-0.018090
-0.014647
-0.008472
-0.001131
0.006099
0.011853
0.015211
0.016276
0.015567
0.013159
0.008963
0.004021
-0.000197
-0.003033
-0.004233
-0.003779
-0.002502
-0.001784
-0.002100
-0.003118
-0.004592
-0.006263
-0.007656
-0.008287
-0.007848
-0.005869
-0.002109
0.002780
0.007649
0.011655
0.014268
0.014757
0.012791
0.009006
0.004266
-0.000883
-0.005717
-0.009262
-0.010977
-0.010868
-0.009296
-0.006977
-0.004728
-0.003023
-0.002103
-0.001894
-0.002011
-0.002282
-0.002241
-0.000896
0.001950
0.005476
0.008757
0.011058
0.012000
0.011657
0.010406
0.008222
0.004530
-0.000413
-0.004945
-0.007829
-0.009381
-0.009806
-0.008854
-0.007001
-0.005115
-0.003676
-0.002757
-0.002272
-0.002012
-0.001659
-0.000984
0.000056
0.001525
0.003491
0.005542
0.007130
0.007987
0.007725
0.006156
0.003657
0.000769
-0.002065
-0.004351
-0.005546
-0.005504
-0.004629
-0.003163
-0.001256
0.000444
0.001474
0.001881
0.001827
0.001542
0.001269
0.001092
0.001057
0.001441
0.002321
0.003262
0.003914
0.004237
0.004083
0.003404
0.002464
0.001402
0.000283
-0.000730
-0.001428
-0.001716
-0.001600
-0.000985
0.000010
0.000781
0.000793
0.000177
-0.000715
-0.002266
-0.005573
-0.010821
-0.015883
-0.017718
-0.015193
-0.009581
-0.002670
0.004272
0.009866
0.013088
0.014120
0.013622
0.011750
0.008356
0.004180
0.000637
-0.001531
-0.002398
-0.002114
-0.001208
-0.000879
-0.001732
-0.003441
-0.005571
-0.007710
-0.009205
-0.009497
-0.008463
-0.005854
-0.001626
0.003392
0.008057
0.011548
0.013474
0.013408
0.011163
0.007383
0.003010
-0.001385
-0.005326
-0.008062
-0.009156
-0.008801
-0.007455
-0.005816
-0.004586
-0.003950
-0.003806
-0.004081
-0.004363
-0.003904
-0.002331
0.000092
0.003091
0.006508
0.009752
0.011993
0.012773
0.011947
0.009486
0.005756
0.001574
-0.002288
-0.005308
-0.007197
-0.007882
-0.007449
-0.006220
-0.004718
-0.003500
-0.002960
-0.003177
-0.003675
-0.003782
-0.003322
-0.002319
-0.000617
0.001766
0.004387
0.006536
0.007711
0.007824
0.006845
0.004724
0.001883
-0.000831
-0.002854
-0.004103
-0.004465
-0.003861
-0.002728
-0.001485
-0.000290
0.000459
0.000534
0.000301
0.000117
0.000057
0.000255
0.000822
0.001726
0.002809
0.003792
0.004393
0.004392
0.003745
0.002645
0.001346
0.000112
-0.000771
-0.001193
-0.001187
-0.000818
-0.000340
-0.000062
-0.000031
-0.000060
-0.000120
-0.000321
-0.000585
-0.000797
-0.001120
-0.002386
-0.005619
-0.010443
-0.014454
-0.015122
-0.012109
-0.006919
-0.000930
0.004893
0.009349
0.011781
0.012483
0.011959
0.010168
0.007048
0.003626
0.000969
-0.000850
-0.001895
-0.001954
-0.001521
-0.001723
-0.002914
-0.004657
-0.006437
-0.007845
-0.008401
-0.007762
-0.005956
-0.002993
0.001008
0.005318
0.008836
0.011013
0.011808
0.010949
0.008422
0.004963
0.001338
-0.002185
-0.005266
-0.007328
-0.008174
-0.007972
-0.007027
-0.005820
-0.004808
-0.004140
-0.003762
-0.003506
-0.002893
-0.001466
0.000646
0.003085
0.005740
0.008336
0.010255
0.011029
0.010598
0.008974
0.006198
0.002901
-0.000131
-0.002640
-0.004463
-0.005329
-0.005337
-0.004921
-0.004300
-0.003587
-0.003197
-0.003512
-0.004307
-0.004744
-0.004139
-0.002575
-0.000526
0.001694
0.003901
0.005772
0.006864
0.006830
0.005807
0.004123
0.001904
-0.000386
-0.002030
-0.002835
-0.003056
-0.002684
-0.001851
-0.001140
-0.000696
-0.000349
-0.000261
-0.000450
-0.000452
-0.000040
0.000644
0.001625
0.002806
0.003806
0.004305
0.004238
0.003676
0.002633
0.001311
0.000098
-0.000673
-0.000833
-0.000556
-0.000140
0.000349
0.000787
0.000865
0.000421
-0.000272
-0.000848
-0.001248
-0.001369
-0.001170
-0.000746
-0.000445
-0.001385
-0.004684
-0.009741
-0.013779
-0.014367
-0.011536
-0.006690
-0.000944
0.004769
0.009124
0.011446
0.012215
0.011894
0.010004
0.006522
0.002947
0.000387
-0.001208
-0.001975
-0.001953
-0.001676
-0.001930
-0.002885
-0.004276
-0.005823
-0.007099
-0.007435
-0.006558
-0.004656
-0.001621
0.002358
0.006279
0.009178
0.010818
0.011154
0.009815
0.006918
0.003383
-0.000038
-0.003204
-0.005812
-0.007291
-0.007620
-0.007134
-0.006225
-0.005369
-0.004732
-0.004259
-0.003989
-0.003781
-0.003012
-0.001259
0.001080
0.003569
0.006250
0.008813
0.010407
0.010673
0.009783
0.007803
0.004946
0.001843
-0.000874
-0.002923
-0.004209
-0.004699
-0.004553
-0.004106
-0.003647
-0.003450
-0.003899
-0.004868
-0.005440
-0.004929
-0.003570
-0.001737
0.000568
0.003104
0.005241
0.006483
0.006634
0.005734
0.004088
0.001994
-0.000229
-0.001949
-0.002785
-0.002914
-0.002457
-0.001601
-0.000883
-0.000523
-0.000400
-0.000523
-0.000811
-0.000909
-0.000547
0.000106
0.000951
0.002037
0.003017
0.003539
0.003596
0.003253
0.002455
0.001289
0.000215
-0.000357
-0.000398
-0.000118
0.000253
0.000597
0.000794
0.000625
0.000036
-0.000741
-0.001414
-0.001773
-0.001666
-0.001212
-0.000705
-0.000188
-0.000118
-0.001857
-0.006212
-0.011560
-0.014744
-0.014056
-0.010157
-0.004573
0.001572
0.007118
0.010791
0.012314
0.012342
0.011035
0.008034
0.004080
0.000668
-0.001420
-0.002278
-0.002189
-0.001440
-0.000958
-0.001473
-0.002791
-0.004567
-0.006471
-0.007789
-0.007743
-0.006236
-0.003478
0.000398
0.004695
0.008208
0.010282
0.011005
0.010243
0.007852
0.004473
0.000960
-0.002209
-0.004772
-0.006434
-0.007049
-0.006811
-0.006037
-0.005212
-0.004728
-0.004528
-0.004407
-0.004270
-0.003820
-0.002518
-0.000245
0.002559
0.005449
0.008167
0.010115
0.010644
0.009826
0.008014
0.005343
0.002164
-0.000731
-0.002829
-0.004113
-0.004588
-0.004407
-0.004012
-0.003648
-0.003388
-0.003424
-0.003880
-0.004675
-0.005340
-0.005122
-0.003617
-0.001008
0.002114
0.004919
0.006723
0.007244
0.006422
0.004513
0.002212
0.000008
-0.001784
-0.002568
-0.002323
-0.001697
-0.000874
0.000109
0.000524
0.000103
-0.000532
-0.001222
-0.001923
-0.002041
-0.001333
-0.000141
0.001281
0.002763
0.003848
0.004183
0.003818
0.002875
0.001525
0.000198
-0.000661
-0.000881
-0.000504
0.000246
0.000962
0.001313
0.001238
0.000747
-0.000086
-0.001025
-0.001773
-0.002133
-0.002068
-0.001421
-0.000157
0.001367
0.002567
0.002338
-0.000568
-0.006064
-0.011834
-0.014831
-0.013728
-0.009381
-0.003409
0.002946
0.008411
0.011799
0.012852
0.012087
0.009741
0.005847
0.001617
-0.001399
-0.002818
-0.002902
-0.001876
-0.000296
0.000730
0.000501
-0.000909
-0.003161
-0.005624
-0.007277
-0.007332
-0.005888
-0.003122
0.000870
0.005174
0.008522
0.010347
0.010661
0.009240
0.006194
0.002538
-0.000832
-0.003691
-0.005784
-0.006701
-0.006551
-0.005757
-0.004715
-0.003905
-0.003583
-0.003576
-0.003634
-0.003652
-0.003187
-0.001625
0.000869
0.003630
0.006290
0.008612
0.009987
0.009903
0.008590
0.006375
0.003371
0.000198
-0.002206
-0.003526
-0.003994
-0.003841
-0.003325
-0.002817
-0.002533
-0.002544
-0.003121
-0.004163
-0.004996
-0.005184
-0.004555
-0.002833
-0.000007
0.003203
0.005726
0.006925
0.006835
0.005566
0.003408
0.001096
-0.000783
-0.002005
-0.002439
-0.002102
-0.001460
-0.000802
-0.000274
-0.000238
-0.000615
-0.001080
-0.001491
-0.001586
-0.001012
0.000151
0.001601
0.003136
0.004324
0.004745
0.004422
0.003612
0.002370
0.000862
-0.000396
-0.000984
-0.000908
-0.000493
0.000075
0.000579
0.000694
0.000328
-0.000373
-0.001142
-0.001703
-0.001864
-0.001556
-0.000716
0.000458
0.001570
0.002389
0.002199
-0.000241
-0.005315
-0.011298
-0.015110
-0.014892
-0.011015
-0.005054
0.001480
0.007238
0.011032
0.012469
0.011872
0.009695
0.006247
0.002396
-0.000530
-0.001763
-0.001466
-0.000385
0.000903
0.001701
0.001197
-0.000738
-0.003552
-0.006453
-0.008576
-0.008969
-0.007384
-0.004257
-0.000038
0.004429
0.008000
0.009949
0.010235
0.008892
0.006018
0.002391
-0.000936
-0.003403
-0.005043
-0.005767
-0.005543
-0.004865
-0.004135
-0.003648
-0.003715
-0.004245
-0.004829
-0.005095
-0.004689
-0.003130
-0.000373
0.002875
0.005895
0.008339
0.009739
0.009637
0.008204
0.005919
0.003182
0.000484
-0.001568
-0.002625
-0.002852
-0.002586
-0.002139
-0.001941
-0.002311
-0.003155
-0.004372
-0.005760
-0.006503
-0.005844
-0.003939
-0.001454
0.001268
0.003973
0.006014
0.006848
0.006367
0.004517
0.001669
-0.001105
-0.002793
-0.003059
-0.002241
-0.000922
0.000326
0.001070
0.001090
0.000490
-0.000495
-0.001613
-0.002392
-0.002310
-0.001214
0.000455
0.002230
0.003771
0.004581
0.004426
0.003512
0.002100
0.000512
-0.000769
-0.001394
-0.001232
-0.000385
0.000711
0.001592
0.002052
0.001915
0.000980
-0.000426
-0.001660
-0.002356
-0.002425
-0.001864
-0.000712
0.000778
0.002174
0.003089
0.003065
0.001102
-0.003641
-0.010163
-0.015463
-0.016788
-0.013791
-0.007983
-0.000918
0.005983
0.010951
0.012950
0.012352
0.010093
0.006649
0.002541
-0.000822
-0.002296
-0.001960
-0.000546
0.001255
0.002507
0.002246
0.000337
-0.002807
-0.006414
-0.009286
-0.010183
-0.008746
-0.005567
-0.001100
0.004017
0.008321
0.010598
0.010906
0.009642
0.006805
0.002988
-0.000551
-0.002896
-0.004059
-0.004507
-0.004380
-0.003956
-0.003634
-0.003655
-0.004256
-0.005249
-0.006100
-0.006448
-0.006033
-0.004319
-0.001151
0.002701
0.006291
0.009004
0.010445
0.010294
0.008658
0.006140
0.003306
0.000690
-0.001174
-0.002091
-0.002218
-0.001808
-0.001247
-0.001087
-0.001697
-0.002915
-0.004432
-0.006176
-0.007515
-0.007242
-0.005015
-0.001748
0.001680
0.004818
0.007061
0.007752
0.006686
0.004512
0.002078
-0.000157
-0.001737
-0.002090
-0.001321
-0.000257
0.000511
0.000794
0.000587
-0.000083
-0.001046
-0.002015
-0.002499
-0.002014
-0.000727
0.000930
0.002607
0.003954
0.004649
0.004467
0.003456
0.001986
0.000528
-0.000639
-0.001307
-0.001249
-0.000481
0.000539
0.001249
0.001527
0.001466
0.001049
0.000328
-0.000493
-0.001132
-0.001390
-0.001195
-0.000586
0.000332
0.001442
0.002483
0.003046
0.002377
-0.000554
-0.006091
-0.012496
-0.016426
-0.015837
-0.011335
-0.004838
0.002090
0.008108
0.011777
0.012497
0.010877
0.007988
0.004320
0.000614
-0.001666
-0.001887
-0.000680
0.001058
0.002602
0.002924
0.001415
-0.001473
-0.005041
-0.008447
-0.010447
-0.009953
-0.007103
-0.002845
0.002132
0.006941
0.010163
0.011045
0.010094
0.007783
0.004318
0.000583
-0.002222
-0.003602
-0.003916
-0.003614
-0.003122
-0.002865
-0.003019
-0.003725
-0.004885
-0.006023
-0.006563
-0.006181
-0.004759
-0.002062
0.001626
0.005312
0.008207
0.009943
0.010195
0.008852
0.006482
0.003879
0.001423
-0.000564
-0.001603
-0.001720
-0.001454
-0.001111
-0.000971
-0.001535
-0.002884
-0.004564
-0.006208
-0.007403
-0.007416
-0.005828
-0.002906
0.000583
0.003814
0.006247
0.007437
0.007063
0.005362
0.002855
-0.000020
-0.002435
-0.003482
-0.002972
-0.001413
0.000324
0.001354
0.001475
0.001101
0.000206
-0.001148
-0.002083
-0.002014
-0.001176
0.000291
0.002270
0.003983
0.004775
0.004588
0.003508
0.001821
0.000062
-0.001372
-0.002255
-0.002250
-0.001313
0.000044
0.001251
0.002006
0.002179
0.001712
0.000736
-0.000413
-0.001362
-0.001863
-0.001839
-0.001435
-0.000700
0.000459
0.001722
0.002654
0.003000
0.002075
-0.001159
-0.006887
-0.013211
-0.016838
-0.015887
-0.011172
-0.004624
0.002288
0.008118
0.011419
0.011844
0.010102
0.007106
0.003434
0.000022
-0.001796
-0.001567
0.000005
0.001927
0.003454
0.003674
0.001980
-0.001256
-0.005175
-0.008707
-0.010573
-0.009843
-0.006863
-0.002579
0.002413
0.007033
0.009805
0.010215
0.008847
0.006333
0.003089
-0.000049
-0.002159
-0.003039
-0.003038
-0.002570
-0.002145
-0.002246
-0.002937
-0.004078
-0.005498
-0.006697
-0.007073
-0.006414
-0.004626
-0.001567
0.002317
0.005897
0.008287
0.009332
0.009011
0.007398
0.005094
0.002766
0.000764
-0.000564
-0.000889
-0.000466
0.000024
0.000192
-0.000178
-0.001320
-0.003059
-0.004896
-0.006495
-0.007479
-0.007202
-0.005404
-0.002605
0.000539
0.003386
0.005303
0.005993
0.005479
0.004156
0.002373
0.000491
-0.001020
-0.001959
-0.002340
-0.002055
-0.000982
0.000202
0.000737
0.000635
0.000111
-0.000784
-0.001579
-0.001541
-0.000747
0.000451
0.001969
0.003488
0.004343
0.004147
0.003142
0.001687
0.000108
-0.001186
-0.001851
-0.001813
-0.001119
0.000045
0.001265
0.002206
0.002623
0.002289
0.001276
-0.000008
-0.001151
-0.001871
-0.002039
-0.001703
-0.000904
0.000292
0.001607
0.002568
0.002761
0.001807
-0.001048
-0.006315
-0.012534
-0.016376
-0.015676
-0.011128
-0.004662
0.002180
0.007961
0.011306
0.011776
0.010011
0.007030
0.003506
0.000203
-0.001590
-0.001240
0.000480
0.002418
0.003850
0.004011
0.002333
-0.000861
-0.004783
-0.008470
-0.010538
-0.009934
-0.006916
-0.002443
0.002573
0.007040
0.009776
0.010164
0.008755
0.006377
0.003322
0.000306
-0.001573
-0.002098
-0.001950
-0.001621
-0.001364
-0.001607
-0.002563
-0.004093
-0.005804
-0.007095
-0.007419
-0.006609
-0.004690
-0.001615
0.002206
0.005727
0.008036
0.008971
0.008671
0.007197
0.005050
0.002980
0.001347
0.000338
0.000128
0.000437
0.000656
0.000432
-0.000331
-0.001689
-0.003479
-0.005188
-0.006489
-0.007261
-0.006954
-0.005095
-0.002314
0.000440
0.002937
0.004821
0.005540
0.005020
0.003769
0.002327
0.000934
-0.000195
-0.001004
-0.001414
-0.001320
-0.000749
-0.000042
0.000248
-0.000013
-0.000542
-0.001075
-0.001501
-0.001443
-0.000531
0.000871
0.002206
0.003338
0.004084
0.003897
0.002809
0.001514
0.000333
-0.000742
-0.001402
-0.001331
-0.000730
0.000153
0.001024
0.001544
0.001700
0.001498
0.000922
0.000184
-0.000500
-0.001064
-0.001340
-0.001096
-0.000408
0.000401
0.001193
0.001907
0.002314
0.002289
0.001639
-0.000309
-0.004272
-0.009642
-0.013930
-0.014742
-0.011729
-0.006300
-0.000157
0.005390
0.009106
0.010309
0.009271
0.006877
0.003979
0.001172
-0.000694
-0.000878
0.000376
0.002024
0.003214
0.003342
0.001889
-0.000874
-0.004189
-0.007366
-0.009443
-0.009355
-0.006910
-0.002957
0.001593
0.005909
0.008874
0.009655
0.008522
0.006405
0.003848
0.001243
-0.000764
-0.001662
-0.001645
-0.001412
-0.001457
-0.002028
-0.003119
-0.004501
-0.005959
-0.007156
-0.007496
-0.006614
-0.004675
-0.001833
0.001663
0.004918
0.007038
0.007918
0.007844
0.006879
0.005236
0.003522
0.002078
0.000981
0.000432
0.000411
0.000474
0.000161
-0.000688
-0.001996
-0.003597
-0.005091
-0.006048
-0.006555
-0.006593
-0.005563
-0.003321
-0.000766
0.001336
0.002960
0.003998
0.004255
0.003786
0.002877
0.001843
0.000800
-0.000413
-0.001550
-0.001846
-0.001291
-0.000572
-0.000059
0.000136
-0.000176
-0.000690
-0.000921
-0.000887
-0.000477
0.000512
0.001693
0.002604
0.003219
0.003381
0.002811
0.001665
0.000375
-0.000655
-0.001168
-0.001230
-0.000990
-0.000337
0.000630
0.001343
0.001534
0.001445
0.001161
0.000480
-0.000402
-0.000950
-0.001052
-0.000868
-0.000439
0.000100
0.000557
0.000904
0.001095
0.001074
0.000917
0.000555
-0.000853
-0.004380
-0.009402
-0.013172
-0.013359
-0.010087
-0.004965
0.000614
0.005592
0.008815
0.009663
0.008552
0.006426
0.003758
0.000929
-0.000887
-0.000948
0.000158
0.001476
0.002484
0.002632
0.001326
-0.001271
-0.004449
-0.007381
-0.009022
-0.008403
-0.005618
-0.001712
0.002507
0.006323
0.008625
0.008820
0.007513
0.005471
0.002947
0.000467
-0.001167
-0.001753
-0.001716
-0.001636
-0.001913
-0.002587
-0.003476
-0.004537
-0.005727
-0.006486
-0.006185
-0.004899
-0.003004
-0.000509
0.002443
0.005080
0.006754
0.007506
0.007421
0.006344
0.004644
0.002974
0.001563
0.000617
0.000244
0.000020
-0.000387
-0.000871
-0.001504
-0.002556
-0.003792
-0.004657
-0.005052
-0.005136
-0.004672
-0.003542
-0.002294
-0.001386
-0.000458
0.000789
0.001958
0.002841
0.003413
0.003519
0.003294
0.002880
0.002084
0.001159
0.000516
-0.000151
-0.000881
-0.001291
-0.001541
-0.001798
-0.001629
-0.001061
-0.000534
0.000143
0.000990
0.001627
0.002171
0.002697
0.002847
0.002628
0.002337
0.002012
0.001613
0.001179
0.000743
0.000409
0.000196
-0.000049
-0.000301
-0.000333
-0.000176
-0.000154
-0.000348
-0.000531
-0.000618
-0.000523
-0.000081
0.000424
0.000635
0.000681
0.000747
0.000852
0.001025
0.001255
0.001213
-0.000019
-0.003313
-0.008029
-0.011763
-0.012426
-0.009945
-0.005538
-0.000411
0.004422
0.007834
0.009051
0.008277
0.006311
0.003750
0.001195
-0.000476
-0.000740
0.000119
0.001398
0.002392
0.002462
0.001369
-0.000755
-0.003583
-0.006347
-0.007880
-0.007359
-0.005050
-0.001747
0.001993
0.005467
0.007661
0.008025
0.006947
0.005045
0.002696
0.000459
-0.001069
-0.001725
-0.001812
-0.001780
-0.001931
-0.002407
-0.003157
-0.004067
-0.005016
-0.005673
-0.005614
-0.004699
-0.003045
-0.000754
0.001846
0.004200
0.005924
0.006868
0.006914
0.006157
0.005001
0.003689
0.002378
0.001379
0.000813
0.000472
0.000107
-0.000339
-0.000969
-0.001929
-0.003072
-0.004082
-0.004664
-0.004752
-0.004460
-0.003790
-0.002767
-0.001649
-0.000736
0.000123
0.001228
0.002450
0.003257
0.003245
0.002554
0.001663
0.000959
0.000502
0.000322
0.000270
0.000091
-0.000159
-0.000515
-0.000991
-0.001279
-0.001225
-0.001048
-0.000689
0.000148
0.001219
0.002071
0.002620
0.002888
0.002825
0.002501
0.001982
0.001380
0.000897
0.000552
0.000300
0.000214
0.000266
0.000266
0.000172
0.000054
-0.000087
-0.000319
-0.000681
-0.001061
-0.001291
-0.001275
-0.001013
-0.000618
-0.000226
0.000083
0.000302
0.000537
0.000932
0.001450
0.001913
0.002073
0.001476
-0.000477
-0.003936
-0.007800
-0.010436
-0.010913
-0.009078
-0.005454
-0.001141
0.002685
0.005225
0.006102
0.005531
0.004066
0.002199
0.000611
-0.000169
-0.000089
0.000740
0.001950
0.002798
0.002775
0.001806
-0.000132
-0.002757
-0.005155
-0.006354
-0.006033
-0.004292
-0.001458
0.001683
0.004245
0.005691
0.006001
0.005312
0.003765
0.001881
0.000188
-0.001045
-0.001633
-0.001657
-0.001508
-0.001540
-0.001815
-0.002387
-0.003282
-0.004199
-0.004765
-0.004776
-0.004090
-0.002619
-0.000524
0.001764
0.003896
0.005573
0.006364
0.006171
0.005342
0.004119
0.002680
0.001397
0.000566
0.000168
0.000036
0.000028
-0.000135
-0.000721
-0.001626
-0.002811
-0.004349
-0.005890
-0.006928
-0.006954
-0.005573
-0.003188
-0.000770
0.001470
0.003778
0.005738
0.006664
0.006159
0.004436
0.002336
0.000499
-0.001065
-0.002018
-0.002044
-0.001770
-0.001557
-0.001278
-0.001246
-0.001483
-0.001402
-0.000936
-0.000233
0.001041
0.002633
0.003713
0.004213
0.004368
0.003920
0.002857
0.001497
0.000089
-0.000969
-0.001531
-0.001748
-0.001582
-0.001146
-0.000759
-0.000502
-0.000338
-0.000353
-0.000500
-0.000585
-0.000555
-0.000367
-0.000014
0.000338
0.000587
0.000756
0.000706
0.000384
0.000051
-0.000039
0.000145
0.000434
0.000574
0.000195
-0.000941
-0.002638
-0.004351
-0.005603
-0.006085
-0.005674
-0.004562
-0.002855
-0.000748
0.001189
0.002513
0.003117
0.003060
0.002513
0.001721
0.000981
0.000671
0.000814
0.001008
0.001112
0.001229
0.001090
0.000380
-0.000682
-0.001657
-0.002227
-0.002230
-0.001691
-0.000723
0.000558
0.001944
0.003064
0.003636
0.003678
0.003352
0.002612
0.001453
0.000270
-0.000689
-0.001514
-0.002132
-0.002405
-0.002423
-0.002321
-0.002142
-0.001923
-0.001679
-0.001388
-0.001046
-0.000600
0.000130
0.001153
0.002203
0.003032
0.003601
0.003938
0.003887
0.003296
0.002351
0.001296
0.000249
-0.000573
-0.001102
-0.001686
-0.002717
-0.003894
-0.004286
-0.003414
-0.001755
-0.000036
0.001391
0.002375
0.002745
0.002285
0.001301
0.000506
0.000099
-0.000139
-0.000101
0.000183
0.000202
-0.000073
-0.000462
-0.001078
-0.001638
-0.001661
-0.001343
-0.000874
0.000020
0.001173
0.002109
0.002673
0.002866
0.002679
0.002110
0.001231
0.000422
0.000061
-0.000031
-0.000089
0.000023
0.000230
0.000254
0.000076
-0.000140
-0.000264
-0.000241
-0.000102
0.000111
0.000378
0.000547
0.000505
0.000224
-0.000330
-0.000932
-0.001169
-0.000993
-0.000787
-0.000653
-0.000385
0.000052
0.000520
0.000866
0.001109
0.001200
0.001004
0.000672
0.000390
0.000032
-0.000474
-0.001020
-0.001601
-0.002230
-0.002769
-0.003102
-0.003231
-0.003063
-0.002594
-0.001952
-0.001291
-0.000728
-0.000149
0.000457
0.000907
0.001246
0.001603
0.001844
0.001778
0.001457
0.001035
0.000531
-0.000132
-0.000819
-0.001163
-0.001040
-0.000679
-0.000279
0.000169
0.000643
0.001073
0.001374
0.001487
0.001460
0.001297
0.001094
0.000963
0.000837
0.000677
0.000521
0.000351
0.000081
-0.000324
-0.000758
-0.001181
-0.001613
-0.001897
-0.001960
-0.001817
-0.001316
-0.000444
0.000525
0.001298
0.001663
0.001636
0.001385
0.000982
0.000568
0.000359
0.000328
0.000327
0.000304
0.000207
0.000025
-0.000132
-0.000196
-0.000214
-0.000171
-0.000037
0.000138
0.000367
0.000596
0.000636
0.000477
0.000156
-0.000323
-0.000782
-0.001090
-0.001278
-0.001331
-0.001235
-0.001150
-0.001105
-0.000981
-0.000855
-0.000735
-0.000454
0.000002
0.000505
0.000921
0.001187
0.001302
0.001308
0.001260
0.001202
0.001148
0.000986
0.000740
0.000574
0.000419
0.000176
-0.000100
-0.000371
-0.000529
-0.000452
-0.000307
-0.000319
-0.000404
-0.000437
-0.000415
-0.000368
-0.000504
-0.000857
-0.001005
-0.000810
-0.000571
-0.000298
-0.000018
-0.000001
-0.000109
-0.000175
-0.000326
-0.000429
-0.000335
-0.000262
-0.000350
-0.000561
-0.000905
-0.001357
-0.002385
-0.004045
-0.004657
-0.002921
0.000084
0.002617
0.004041
0.004355
0.003970
0.002925
0.001117
-0.000458
-0.001048
-0.001160
-0.000992
-0.000365
-0.000110
-0.000434
-0.000641
-0.001047
-0.001727
-0.001848
-0.001604
-0.001506
-0.000926
0.000298
0.001467
0.002177
0.002282
0.001961
0.001434
0.000567
-0.000311
-0.000557
-0.000418
-0.000419
-0.000314
-0.000015
0.000070
-0.000076
-0.000259
-0.000442
-0.000408
-0.000134
0.000105
0.000391
0.000797
0.001007
0.000878
0.000538
0.000170
0.000058
0.000284
0.000487
0.000452
0.000504
0.000682
0.000647
0.000441
0.000211
-0.000111
-0.000499
-0.000826
-0.000956
-0.000846
-0.000657
-0.000527
-0.000426
-0.000296
-0.000174
-0.000082
0.000047
0.000180
0.000274
0.000333
0.000337
0.000346
0.000397
0.000416
0.000399
0.000377
0.000335
0.000279
0.000161
-0.000013
-0.000102
-0.000086
-0.000007
0.000150
0.000332
0.000465
0.000547
0.000544
0.000471
0.000446
0.000447
0.000321
-0.000020
-0.000481
-0.000805
-0.000791
-0.000511
-0.000123
0.000298
0.000608
0.000620
0.000337
-0.000091
-0.000395
-0.000383
-0.000144
0.000122
0.000344
0.000449
0.000305
0.000057
-0.000172
-0.000461
-0.000733
-0.000841
-0.000764
-0.000614
-0.000476
-0.000315
-0.000152
-0.000099
-0.000207
-0.000452
-0.000837
-0.001232
-0.001371
-0.001118
-0.000555
0.000158
0.000845
0.001214
0.001118
0.000777
0.000409
0.000068
-0.000104
-0.000103
-0.000079
-0.000055
-0.000083
-0.000187
-0.000256
-0.000221
-0.000184
-0.000189
-0.000089
0.000201
0.000573
0.000883
0.001060
0.001155
0.001209
0.001110
0.000887
0.000692
0.000445
0.000105
-0.000209
-0.000510
-0.000759
-0.000814
-0.000695
-0.000464
-0.000149
0.000186
0.000475
0.000647
0.000675
0.000626
0.000591
0.000569
0.000460
0.000286
0.000208
0.000250
0.000355
0.000484
0.000558
0.000541
0.000430
0.000237
0.000052
-0.000038
-0.000013
0.000083
0.000219
0.000427
0.000602
0.000529
0.000187
-0.000227
-0.000445
-0.000385
-0.000272
-0.000248
-0.000239
-0.000221
-0.000238
-0.000260
-0.000194
-0.000102
-0.000128
-0.000234
-0.000269
-0.000202
-0.000158
-0.000203
-0.000345
-0.000583
-0.000694
-0.000466
-0.000110
0.000111
0.000260
0.000420
0.000499
0.000466
0.000392
0.000341
0.000283
0.000214
0.000239
0.000290
0.000236
0.000109
-0.000068
-0.000293
-0.000489
-0.000537
-0.000441
-0.000286
-0.000117
-0.000036
-0.000104
-0.000203
-0.000195
-0.000117
-0.000072
-0.000101
-0.000217
-0.000342
-0.000421
-0.000482
-0.000527
-0.000560
-0.000561
-0.000520
-0.000517
-0.000489
-0.000335
-0.000148
0.000067
0.000325
0.000446
0.000376
0.000206
-0.000054
-0.000356
-0.000593
-0.000698
-0.000634
-0.000450
-0.000256
-0.000119
0.000009
0.000194
0.000268
0.000077
-0.000177
-0.000277
-0.000265
-0.000236
-0.000171
0.000024
0.000281
0.000410
0.000403
0.000364
0.000295
0.000174
0.000067
0.000002
-0.000052
-0.000053
0.000070
0.000252
0.000340
0.000296
0.000164
0.000018
-0.000070
-0.000175
-0.000330
-0.000414
-0.000345
-0.000178
-0.000024
0.000067
0.000149
0.000279
0.000328
0.000187
0.000004
-0.000045
0.000023
0.000057
0.000047
0.000060
0.000048
0.000045
0.000097
0.000224
0.000380
0.000370
0.000153
-0.000115
-0.000280
-0.000239
-0.000023
0.000241
0.000387
0.000327
0.000168
-0.000043
-0.000290
-0.000407
-0.000337
-0.000212
-0.000150
-0.000121
-0.000065
-0.000083
-0.000187
-0.000203
-0.000201
-0.000291
-0.000332
-0.000186
0.000112
0.000361
0.000439
0.000444
0.000399
0.000159
-0.000248
-0.000564
-0.000575
-0.000333
-0.000080
0.000055
0.000116
0.000161
0.000091
-0.000145
-0.000402
-0.000521
-0.000435
-0.000242
-0.000044
0.000139
0.000238
0.000237
0.000198
0.000094
-0.000077
-0.000263
-0.000440
-0.000468
-0.000387
-0.000431
-0.000573
-0.000608
-0.000480
-0.000319
-0.000193
-0.000116
-0.000117
-0.000208
-0.000329
-0.000320
-0.000111
0.000162
0.000310
0.000293
0.000197
0.000099
-0.000038
-0.000194
-0.000189
-0.000009
0.000171
0.000195
0.000082
-0.000016
-0.000092
-0.000218
-0.000370
-0.000434
-0.000279
-0.000001
0.000176
0.000289
0.000436
0.000579
0.000748
0.000888
0.000844
0.000580
0.000231
0.000002
-0.000009
0.000205
0.000542
0.000781
0.000746
0.000452
0.000090
-0.000184
-0.000336
-0.000364
-0.000274
-0.000063
0.000229
0.000419
0.000371
0.000271
0.000387
0.000608
0.000620
0.000396
0.000196
0.000148
0.000142
0.000065
-0.000049
-0.000109
-0.000093
-0.000011
0.000088
0.000113
0.000027
-0.000053
-0.000040
0.000005
-0.000011
-0.000095
-0.000114
0.000020
0.000186
0.000249
0.000252
0.000269
0.000303
0.000322
0.000310
0.000271
0.000181
0.000074
-0.000038
-0.000220
-0.000362
-0.000362
-0.000336
-0.000322
-0.000261
-0.000195
-0.000159
-0.000071
0.000097
0.000300
0.000464
0.000520
0.000466
0.000317
0.000132
0.000001
-0.000093
-0.000193
-0.000288
-0.000353
-0.000390
-0.000402
-0.000322
-0.000146
0.000031
0.000175
0.000278
0.000330
0.000318
0.000253
0.000154
-0.000002
-0.000127
-0.000144
-0.000214
-0.000385
-0.000506
-0.000470
-0.000252
0.000020
0.000168
0.000145
0.000035
-0.000087
-0.000161
-0.000143
-0.000062
0.000058
0.000168
0.000199
0.000140
-0.000002
-0.000169
-0.000231
-0.000176
-0.000081
0.000014
0.000063
0.000084
0.000137
0.000224
0.000299
0.000269
0.000129
0.000030
-0.000013
-0.000125
-0.000345
-0.000577
-0.000539
-0.000146
0.000347
0.000715
0.000854
0.000797
0.000678
0.000577
0.000504
0.000390
0.000189
0.000056
0.000129
0.000242
0.000233
0.000172
0.000083
-0.000054
-0.000156
-0.000183
-0.000164
-0.000077
0.000079
0.000226
0.000297
0.000315
0.000256
0.000114
-0.000039
-0.000218
-0.000416
-0.000545
-0.000582
-0.000535
-0.000393
-0.000317
-0.000350
-0.000303
-0.000180
-0.000034
0.000088
0.000075
0.000056
0.000092
0.000037
-0.000029
-0.000011
-0.000086
-0.000317
-0.000538
-0.000656
-0.000626
-0.000415
-0.000126
0.000096
0.000142
0.000030
-0.000095
-0.000150
-0.000181
-0.000198
-0.000110
-0.000007
-0.000040
-0.000113
-0.000164
-0.000207
-0.000189
-0.000146
-0.000116
-0.000079
-0.000074
-0.000100
-0.000063
0.000082
0.000255
0.000336
0.000299
0.000217
0.000053
-0.000228
-0.000457
-0.000523
-0.000473
-0.000349
-0.000173
-0.000024
0.000003
-0.000081
-0.000198
-0.000246
-0.000199
-0.000067
0.000093
0.000111
-0.000020
-0.000118
-0.000067
0.000022
-0.000021
-0.000119
-0.000119
-0.000027
0.000030
-0.000037
-0.000188
-0.000304
-0.000234
-0.000016
0.000097
0.000065
0.000040
-0.000013
-0.000070
-0.000071
-0.000095
-0.000137
-0.000110
-0.000008
0.000038
-0.000023
-0.000027
0.000056
0.000101
0.000074
-0.000003
-0.000068
-0.000118
-0.000172
-0.000179
-0.000134
-0.000023
0.000162
0.000327
0.000333
0.000212
0.000111
0.000025
-0.000012
0.000071
0.000174
0.000173
0.000097
0.000053
0.000048
-0.000001
-0.000080
-0.000080
-0.000011
-0.000022
-0.000118
-0.000122
-0.000021
0.000082
0.000145
0.000186
0.000193
0.000159
0.000149
0.000022
-0.000252
-0.000445
-0.000511
-0.000500
-0.000403
-0.000249
-0.000116
-0.000010
0.000115
0.000225
0.000213
0.000094
-0.000005
-0.000152
-0.000316
-0.000273
-0.000120
-0.000045
-0.000023
-0.000063
-0.000169
-0.000245
-0.000239
-0.000147
0.000035
0.000230
0.000366
0.000457
0.000502
0.000487
0.000360
0.000173
0.000080
0.000059
0.000054
0.000102
0.000158
0.000091
-0.000031
-0.000012
0.000110
0.000235
0.000380
0.000459
0.000363
0.000213
0.000153
0.000164
0.000223
0.000294
0.000276
0.000187
0.000103
-0.000030
-0.000187
-0.000276
-0.000347
-0.000329
-0.000126
0.000162
0.000406
0.000486
0.000366
0.000127
-0.000125
-0.000281
-0.000263
-0.000146
-0.000099
-0.000101
-0.000048
0.000061
0.000180
0.000216
0.000164
0.000114
0.000037
-0.000114
-0.000277
-0.000339
-0.000203
0.000096
0.000373
0.000518
0.000591
0.000584
0.000431
0.000206
0.000009
-0.000174
-0.000314
-0.000315
-0.000191
-0.000034
0.000061
0.000130
0.000249
0.000331
0.000285
0.000126
-0.000048
-0.000158
-0.000172
-0.000073
0.000110
0.000247
0.000217
0.000113
0.000059
-0.000015
-0.000133
-0.000181
-0.000149
-0.000150
-0.000170
-0.000086
0.000084
0.000258
0.000340
0.000273
0.000172
0.000096
-0.000093
-0.000337
-0.000383
-0.000264
-0.000141
-0.000058
-0.000012
0.000039
0.000098
0.000087
0.000029
0.000077
0.000241
0.000355
0.000354
0.000296
0.000217
0.000104
-0.000008
-0.000042
0.000010
0.000066
0.000025
-0.000078
-0.000091
-0.000023
0.000030
0.000051
0.000021
-0.000011
-0.000040
-0.000175
-0.000290
-0.000232
-0.000088
0.000018
-0.000011
-0.000063
0.000045
0.000221
0.000323
0.000371
0.000404
0.000418
0.000425
0.000427
0.000396
0.000345
0.000286
0.000218
0.000149
0.000056
-0.000048
-0.000107
-0.000081
0.000003
0.000094
0.000134
0.000049
-0.000060
-0.000076
-0.000083
-0.000144
-0.000213
-0.000319
-0.000460
-0.000485
-0.000389
-0.000333
-0.000354
-0.000349
-0.000276
-0.000219
-0.000239
-0.000235
-0.000154
-0.000051
0.000024
-0.000015
-0.000104
-0.000100
-0.000072
-0.000091
-0.000147
-0.000252
-0.000290
-0.000244
-0.000273
-0.000328
-0.000301
-0.000238
-0.000183
-0.000097
0.000028
0.000142
0.000205
0.000152
0.000006
-0.000138
-0.000267
-0.000343
-0.000308
-0.000191
-0.000061
0.000027
0.000054
0.000058
0.000060
0.000011
-0.000111
-0.000177
-0.000118
-0.000042
0.000012
0.000024
-0.000020
-0.000058
-0.000067
-0.000053
-0.000006
0.000051
0.000029
-0.000102
-0.000210
-0.000194
-0.000082
0.000075
0.000178
0.000161
0.000077
-0.000092
-0.000388
-0.000579
-0.000478
-0.000262
-0.000054
0.000119
0.000205
0.000241
0.000245
0.000206
0.000110
-0.000025
-0.000112
-0.000117
-0.000077
-0.000023
0.000033
0.000079
0.000079
-0.000008
-0.000119
-0.000185
-0.000280
-0.000381
-0.000333
-0.000132
0.000105
0.000269
0.000307
0.000181
0.000016
0.000002
0.000047
0.000036
0.000017
0.000025
0.000035
0.000014
0.000037
0.000093
0.000083
0.000029
-0.000036
-0.000076
-0.000083
-0.000071
-0.000004
0.000079
0.000115
0.000092
0.000065
0.000095
0.000107
0.000062
0.000050
0.000119
0.000176
0.000123
0.000037
0.000030
0.000076
0.000040
-0.000094
-0.000153
-0.000061
0.000001
-0.000128
-0.000303
-0.000363
-0.000355
-0.000308
-0.000281
-0.000345
-0.000442
-0.000440
-0.000320
-0.000227
-0.000199
-0.000151
-0.000058
0.000003
0.000014
0.000015
-0.000007
-0.000002
0.000060
0.000084
0.000061
0.000065
0.000069
0.000086
0.000118
0.000107
0.000094
0.000122
0.000166
0.000201
0.000199
0.000128
0.000066
0.000103
0.000144
0.000137
0.000155
0.000173
0.000167
0.000188
0.000210
0.000213
0.000289
0.000412
0.000405
0.000321
0.000279
0.000203
0.000132
0.000138
0.000137
0.000108
0.000065
0.000011
-0.000036
-0.000038
0.000017
0.000021
-0.000038
-0.000057
-0.000030
0.000011
0.000072
0.000172
0.000269
0.000272
0.000193
0.000117
0.000026
-0.000067
-0.000016
0.000107
0.000069
-0.000047
-0.000055
-0.000038
-0.000069
-0.000070
-0.000048
-0.000032
-0.000010
-0.000012
-0.000032
-0.000021
-0.000005
-0.000020
0.000009
0.000129
0.000259
0.000323
0.000267
0.000087
-0.000077
-0.000098
-0.000022
0.000073
0.000118
0.000115
0.000140
0.000158
0.000100
0.000051
0.000084
0.000128
0.000135
0.000077
-0.000029
-0.000110
-0.000139
-0.000073
0.000041
0.000084
0.000095
0.000144
0.000156
0.000089
0.000031
0.000008
-0.000028
-0.000091
-0.000120
-0.000085
-0.000089
-0.000133
-0.000114
-0.000102
-0.000122
-0.000098
-0.000028
0.000038
0.000004
-0.000076
-0.000041
0.000061
0.000158
0.000262
0.000258
0.000148
0.000110
0.000125
0.000067
-0.000035
-0.000088
-0.000081
-0.000044
0.000051
0.000187
0.000203
0.000096
0.000047
0.000024
-0.000083
-0.000145
-0.000106
-0.000068
-0.000040
0.000003
-0.000004
-0.000061
0.000024
0.000230
0.000349
0.000376
0.000376
0.000343
0.000282
0.000284
0.000321
0.000263
0.000167
0.000129
0.000079
-0.000024
-0.000084
-0.000081
-0.000068
-0.000028
0.000011
0.000028
0.000044
0.000051
0.000046
0.000032
-0.000021
-0.000093
-0.000095
-0.000050
-0.000065
-0.000133
-0.000166
-0.000177
-0.000217
-0.000288
-0.000334
-0.000295
-0.000224
-0.000194
-0.000209
-0.000216
-0.000210
-0.000262
-0.000312
-0.000238
-0.000142
-0.000163
-0.000241
-0.000311
-0.000345
-0.000308
-0.000221
-0.000159
-0.000132
-0.000084
-0.000042
-0.000036
-0.000025
0.000006
0.000052
0.000083
0.000076
0.000058
0.000033
-0.000023
-0.000095
-0.000091
-0.000020
-0.000037
-0.000107
-0.000095
-0.000033
-0.000022
-0.000080
-0.000125
-0.000111
-0.000076
-0.000047
-0.000028
-0.000062
-0.000127
-0.000157
-0.000191
-0.000208
-0.000143
-0.000044
0.000014
0.000024
0.000018
-0.000032
-0.000128
-0.000179
-0.000151
-0.000158
-0.000247
-0.000256
-0.000153
-0.000099
-0.000109
-0.000103
-0.000059
-0.000007
0.000048
0.000115
0.000184
0.000239
0.000239
0.000159
0.000040
-0.000055
-0.000130
-0.000174
-0.000163
-0.000139
-0.000108
-0.000032
0.000040
0.000018
-0.000047
-0.000067
-0.000030
0.000056
0.000143
0.000194
0.000145
0.000025
-0.000029
-0.000062
-0.000122
-0.000126
-0.000053
0.000041
0.000061
0.000003
-0.000030
-0.000008
0.000041
0.000091
0.000083
0.000052
0.000092
0.000109
0.000035
0.000001
0.000003
-0.000019
-0.000016
0.000017
0.000061
0.000102
0.000089
0.000055
0.000042
0.000029
0.000051
0.000054
-0.000027
-0.000086
-0.000022
0.000097
0.000006
-0.000257
-0.000362
-0.000345
-0.000402
-0.000487
-0.000461
-0.000314
-0.000203
-0.000201
-0.000169
-0.000106
-0.000135
-0.000197
-0.000208
-0.000187
-0.000175
-0.000151
-0.000079
0.000004
0.000023
-0.000003
0.000042
0.000155
0.000244
0.000299
0.000305
0.000245
0.000175
0.000125
0.000101
0.000078
0.000045
0.000045
0.000086
0.000126
0.000151
0.000168
0.000182
0.000186
0.000172
0.000160
0.000170
0.000222
0.000325
0.000416
0.000397
0.000338
0.000373
0.000395
0.000294
0.000164
0.000069
0.000012
-0.000004
0.000011
0.000040
0.000057
0.000062
0.000108
0.000151
0.000155
0.000154
0.000051
-0.000098
-0.000143
-0.000119
-0.000027
0.000105
0.000192
0.000229
0.000204
0.000113
0.000020
-0.000002
-0.000003
-0.000064
-0.000111
-0.000028
0.000101
0.000117
0.000102
0.000138
0.000129
0.000100
0.000123
0.000130
0.000104
0.000100
0.000109
0.000079
0.000039
0.000056
0.000126
0.000169
0.000130
0.000075
0.000022
-0.000089
-0.000175
-0.000140
-0.000052
-0.000007
0.000027
0.000102
0.000138
0.000090
0.000024
-0.000065
-0.000143
-0.000131
-0.000071
-0.000019
0.000027
0.000074
0.000094
0.000057
-0.000026
-0.000119
-0.000125
-0.000047
-0.000020
-0.000050
-0.000024
-0.000015
-0.000114
-0.000143
-0.000080
-0.000059
-0.000011
0.000051
0.000041
0.000027
0.000065
0.000104
0.000091
0.000092
0.000173
0.000262
0.000281
0.000222
0.000121
-0.000011
-0.000148
-0.000219
-0.000195
-0.000161
-0.000166
-0.000140
-0.000088
-0.000091
-0.000094
-0.000045
-0.000058
-0.000104
-0.000040
0.000051
0.000094
0.000155
0.000147
0.000085
0.000164
0.000287
0.000310
0.000329
0.000346
0.000300
0.000259
0.000236
0.000216
0.000211
0.000191
0.000163
0.000136
0.000126
0.000136
0.000115
0.000101
0.000137
0.000154
0.000106
0.000031
0.000011
0.000035
0.000026
-0.000052
-0.000125
-0.000111
-0.000064
-0.000058
-0.000106
-0.000173
-0.000215
-0.000238
-0.000254
-0.000271
-0.000288
-0.000302
-0.000313
-0.000292
-0.000289
-0.000339
-0.000329
-0.000210
-0.000058
0.000037
0.000006
-0.000102
-0.000151
-0.000095
-0.000046
-0.000070
-0.000129
-0.000195
-0.000252
-0.000289
-0.000280
-0.000245
-0.000219
-0.000174
-0.000071
0.000029
-0.000003
-0.000078
-0.000070
-0.000064
-0.000072
-0.000068
-0.000102
-0.000101
-0.000012
0.000053
0.000059
0.000050
0.000014
-0.000043
-0.000082
-0.000044
0.000045
0.000050
-0.000019
-0.000070
-0.000127
-0.000189
-0.000219
-0.000221
-0.000221
-0.000231
-0.000236
-0.000241
-0.000243
-0.000218
-0.000180
-0.000153
-0.000108
-0.000065
-0.000033
0.000006
0.000023
0.000038
0.000051
0.000038
0.000023
0.000044
0.000070
0.000037
-0.000012
0.000003
0.000040
0.000007
-0.000082
-0.000147
-0.000154
-0.000128
-0.000065
-0.000009
-0.000040
-0.000063
0.000019
0.000127
0.000159
0.000124
0.000077
0.000026
-0.000055
-0.000167
-0.000192
-0.000112
-0.000029
0.000032
0.000072
0.000079
0.000037
0.000025
0.000049
0.000042
0.000033
0.000014
-0.000030
-0.000005
0.000121
0.000203
0.000167
0.000082
0.000022
-0.000026
-0.000071
-0.000068
-0.000057
-0.000090
-0.000089
0.000008
0.000079
0.000043
-0.000002
0.000026
0.000108
0.000172
0.000230
0.000200
-0.000030
-0.000254
-0.000338
-0.000347
-0.000289
-0.000252
-0.000293
-0.000302
-0.000284
-0.000311
-0.000320
-0.000295
-0.000262
-0.000180
-0.000061
0.000026
0.000022
-0.000009
0.000031
0.000060
0.000050
0.000081
0.000127
0.000143
0.000150
0.000159
0.000132
0.000072
0.000025
-0.000003
0.000041
0.000136
0.000174
0.000213
0.000316
0.000365
0.000324
0.000313
0.000332
0.000330
0.000327
0.000336
0.000328
0.000289
0.000282
0.000274
0.000198
0.000139
0.000117
0.000075
0.000045
-0.000025
-0.000142
-0.000164
-0.000116
-0.000062
-0.000016
0.000025
0.000098
0.000147
0.000110
0.000042
0.000015
0.000049
0.000108
0.000118
0.000059
-0.000017
-0.000049
-0.000032
-0.000028
-0.000049
-0.000055
-0.000059
-0.000046
0.000010
0.000047
0.000063
0.000094
0.000069
0.000015
0.000045
0.000104
0.000124
0.000117
0.000152
0.000262
0.000328
0.000321
