2560
0.000071
0.000012
0.000025
0.000040
-0.000029
-0.000141
-0.000223
-0.000235
-0.000186
-0.000109
-0.000084
-0.000108
-0.000046
0.000095
0.000111
0.000009
-0.000017
-0.000005
-0.000034
-0.000066
-0.000065
0.000008
0.000102
0.000128
0.000087
0.000034
0.000010
0.000027
0.000060
0.000047
-0.000023
-0.000118
-0.000170
-0.000139
-0.000108
-0.000102
-0.000038
0.000067
0.000116
0.000105
0.000035
-0.000087
-0.000150
-0.000129
-0.000087
-0.000049
-0.000059
-0.000112
-0.000151
-0.000135
-0.000098
-0.000095
-0.000103
-0.000064
0.000019
0.000071
0.000008
-0.000063
0.000016
0.000130
0.000173
0.000145
0.000079
0.000040
-0.000001
-0.000067
-0.000152
-0.000200
-0.000103
0.000044
0.000067
-0.000000
-0.000040
-0.000034
0.000023
0.000129
0.000177
0.000110
-0.000007
-0.000037
0.000064
0.000035
-0.000303
-0.000696
-0.000832
-0.000745
-0.000621
-0.000492
-0.000328
-0.000208
-0.000208
-0.000234
-0.000181
-0.000075
0.000015
0.000035
-0.000031
-0.000135
-0.000233
-0.000266
-0.000177
-0.000049
-0.000025
-0.000048
0.000001
0.000084
0.000163
0.000259
0.000330
0.000303
0.000233
0.000197
0.000223
0.000271
0.000272
0.000272
0.000289
0.000277
0.000227
0.000180
0.000187
0.000241
0.000317
0.000354
0.000328
0.000315
0.000340
0.000360
0.000351
0.000334
0.000331
0.000354
0.000348
0.000240
0.000068
-0.000061
-0.000088
-0.000041
0.000016
0.000067
0.000137
0.000171
0.000110
0.000096
0.000177
0.000190
0.000166
0.000184
0.000223
0.000302
0.000407
0.000449
0.000346
0.000139
-0.000019
-0.000096
-0.000135
-0.000109
-0.000091
-0.000123
-0.000160
-0.000158
-0.000049
0.000106
0.000198
0.000255
0.000294
0.000256
0.000160
0.000079
0.000034
-0.000014
-0.000064
-0.000098
-0.000117
-0.000097
-0.000047
0.000018
0.000077
0.000093
0.000096
0.000123
0.000164
0.000199
0.000177
0.000082
-0.000029
-0.000107
-0.000110
-0.000032
0.000054
0.000117
0.000111
-0.000011
-0.000134
-0.000155
-0.000123
-0.000112
-0.000140
-0.000163
-0.000187
-0.000197
-0.000093
0.000067
0.000134
0.000113
0.000076
0.000052
-0.000000
-0.000082
-0.000102
-0.000077
-0.000083
-0.000146
-0.000232
-0.000242
-0.000175
-0.000062
0.000090
0.000168
0.000079
-0.000086
-0.000200
-0.000205
-0.000174
-0.000165
-0.000066
0.000121
0.000207
0.000169
0.000128
0.000092
0.000069
0.000071
0.000034
-0.000027
0.000006
0.000133
0.000210
0.000169
0.000031
-0.000079
-0.000065
-0.000019
0.000034
0.000111
0.000173
0.000227
0.000281
0.000318
0.000350
0.000420
0.000487
0.000472
0.000350
0.000164
0.000029
0.000001
0.000014
0.000052
0.000139
0.000178
0.000105
-0.000033
-0.000159
-0.000233
-0.000253
-0.000200
-0.000153
-0.000182
-0.000240
-0.000270
-0.000272
-0.000269
-0.000246
-0.000208
-0.000149
-0.000056
0.000010
-0.000008
-0.000085
-0.000145
-0.000143
-0.000071
0.000005
-0.000016
-0.000137
-0.000283
-0.000306
-0.000174
-0.000056
-0.000044
-0.000088
-0.000105
-0.000121
-0.000176
-0.000207
-0.000189
-0.000129
-0.000046
-0.000043
-0.000177
-0.000301
-0.000246
-0.000086
-0.000032
-0.000065
-0.000094
-0.000131
-0.000097
0.000023
0.000140
0.000197
0.000189
0.000162
0.000115
0.000032
-0.000083
-0.000229
-0.000312
-0.000296
-0.000263
-0.000169
-0.000006
0.000063
-0.000057
-0.000281
-0.000424
-0.000410
-0.000282
-0.000129
-0.000106
-0.000213
-0.000312
-0.000312
-0.000178
-0.000027
0.000022
0.000020
-0.000021
-0.000097
-0.000089
-0.000019
0.000020
0.000062
0.000097
0.000110
0.000150
0.000159
0.000091
0.000047
0.000029
-0.000031
-0.000063
-0.000015
0.000063
0.000130
0.000131
0.000062
0.000032
0.000069
0.000103
0.000132
0.000192
0.000225
0.000181
0.000105
0.000046
0.000030
0.000033
-0.000001
-0.000077
-0.000145
-0.000137
-0.000073
-0.000072
-0.000151
-0.000196
-0.000193
-0.000242
-0.000333
-0.000346
-0.000286
-0.000248
-0.000232
-0.000229
-0.000236
-0.000244
-0.000230
-0.000163
-0.000080
-0.000001
0.000107
0.000237
0.000301
0.000251
0.000192
0.000173
0.000128
0.000093
0.000054
-0.000082
-0.000228
-0.000319
-0.000378
-0.000389
-0.000330
-0.000277
-0.000311
-0.000332
-0.000265
-0.000200
-0.000218
-0.000223
-0.000150
-0.000074
-0.000055
-0.000054
0.000023
0.000157
0.000230
0.000221
0.000211
0.000224
0.000183
0.000118
0.000195
0.000345
0.000411
0.000447
0.000473
0.000475
0.000469
0.000410
0.000349
0.000413
0.000559
0.000624
0.000613
0.000625
0.000638
0.000584
0.000517
0.000511
0.000530
0.000512
0.000437
0.000347
0.000293
0.000268
0.000234
0.000163
0.000005
-0.000242
-0.000477
-0.000593
-0.000539
-0.000387
-0.000289
-0.000328
-0.000450
-0.000588
-0.000746
-0.000881
-0.000886
-0.000779
-0.000666
-0.000585
-0.000546
-0.000440
-0.000173
0.000109
0.000217
0.000162
0.000074
0.000022
0.000051
0.000139
0.000185
0.000158
0.000144
0.000178
0.000286
0.000442
0.000503
0.000476
0.000412
0.000334
0.000266
0.000213
0.000172
0.000058
-0.000084
-0.000148
-0.000124
-0.000017
0.000088
0.000096
0.000102
0.000205
0.000351
0.000448
0.000479
0.000438
0.000332
0.000235
0.000156
0.000077
0.000040
0.000116
0.000284
0.000403
0.000386
0.000333
0.000349
0.000360
0.000339
0.000312
0.000211
0.000044
-0.000100
-0.000174
-0.000160
-0.000114
-0.000131
-0.000223
-0.000287
-0.000262
-0.000240
-0.000243
-0.000209
-0.000149
-0.000109
-0.000116
-0.000213
-0.000359
-0.000428
-0.000435
-0.000463
-0.000476
-0.000416
-0.000287
-0.000139
-0.000016
0.000070
0.000154
0.000245
0.000318
0.000398
0.000445
0.000418
0.000435
0.000482
0.000447
0.000386
0.000377
0.000408
0.000481
0.000585
0.000625
0.000607
0.000678
0.000802
0.000770
0.000638
0.000584
0.000501
0.000297
0.000091
-0.000060
-0.000172
-0.000245
-0.000285
-0.000319
-0.000365
-0.000400
-0.000455
-0.000465
-0.000371
-0.000300
-0.000342
-0.000520
-0.000786
-0.000980
-0.000970
-0.000877
-0.000852
-0.000775
-0.000612
-0.000511
-0.000471
-0.000424
-0.000386
-0.000321
-0.000238
-0.000218
-0.000248
-0.000269
-0.000254
-0.000229
-0.000227
-0.000183
-0.000061
0.000066
0.000166
0.000229
0.000253
0.000239
0.000183
0.000121
0.000075
0.000026
0.000035
0.000121
0.000135
0.000059
-0.000021
-0.000028
0.000043
0.000063
-0.000012
-0.000070
-0.000091
-0.000123
-0.000113
-0.000072
-0.000085
-0.000132
-0.000134
-0.000103
-0.000043
0.000045
0.000071
0.000053
0.000043
0.000021
0.000007
-0.000007
-0.000034
-0.000018
-0.000012
-0.000045
-0.000027
0.000009
0.000042
0.000156
0.000354
0.000563
0.000673
0.000645
0.000568
0.000473
0.000387
0.000375
0.000370
0.000338
0.000351
0.000400
0.000479
0.000660
0.000867
0.000889
0.000699
0.000460
0.000211
-0.000072
-0.000378
-0.000639
-0.000745
-0.000766
-0.000793
-0.000780
-0.000749
-0.000727
-0.000667
-0.000621
-0.000640
-0.000754
-0.000987
-0.001238
-0.001417
-0.001460
-0.001343
-0.001155
-0.000953
-0.000739
-0.000532
-0.000341
-0.000168
-0.000007
0.000130
0.000161
0.000082
0.000045
0.000077
0.000084
0.000055
0.000075
0.000229
0.000452
0.000619
0.000748
0.000896
0.000976
0.000900
0.000680
0.000428
0.000256
0.000080
-0.000108
-0.000179
-0.000135
-0.000081
-0.000064
0.000040
0.000278
0.000447
0.000469
0.000546
0.000684
0.000611
0.000309
-0.000031
-0.000343
-0.000566
-0.000637
-0.000586
-0.000526
-0.000521
-0.000547
-0.000513
-0.000379
-0.000237
-0.000137
-0.000106
-0.000216
-0.000404
-0.000517
-0.000513
-0.000441
-0.000388
-0.000345
-0.000236
-0.000112
-0.000038
0.000046
0.000162
0.000250
0.000289
0.000297
0.000338
0.000443
0.000576
0.000736
0.000916
0.001044
0.001089
0.001095
0.001103
0.001183
0.001350
0.001449
0.001389
0.001245
0.001070
0.000930
0.000843
0.000660
0.000304
-0.000061
-0.000303
-0.000418
-0.000441
-0.000464
-0.000528
-0.000608
-0.000650
-0.000615
-0.000558
-0.000552
-0.000635
-0.000822
-0.001111
-0.001417
-0.001609
-0.001621
-0.001438
-0.001150
-0.000910
-0.000757
-0.000552
-0.000198
0.000144
0.000265
0.000195
0.000085
0.000020
0.000020
0.000040
0.000074
0.000145
0.000251
0.000405
0.000595
0.000730
0.000784
0.000855
0.000879
0.000797
0.000694
0.000595
0.000505
0.000444
0.000351
0.000213
0.000179
0.000261
0.000342
0.000374
0.000339
0.000312
0.000335
0.000363
0.000388
0.000352
0.000171
-0.000117
-0.000396
-0.000537
-0.000532
-0.000430
-0.000211
0.000011
0.000106
0.000120
0.000138
0.000204
0.000271
0.000257
0.000138
-0.000058
-0.000280
-0.000424
-0.000433
-0.000374
-0.000249
-0.000024
0.000255
0.000507
0.000653
0.000711
0.000766
0.000782
0.000637
0.000386
0.000209
0.000175
0.000277
0.000491
0.000699
0.000788
0.000762
0.000730
0.000794
0.000906
0.000939
0.000843
0.000645
0.000339
-0.000097
-0.000562
-0.000866
-0.000980
-0.001011
-0.000977
-0.000871
-0.000761
-0.000679
-0.000655
-0.000755
-0.000837
-0.000786
-0.000843
-0.001117
-0.001382
-0.001507
-0.001531
-0.001442
-0.001213
-0.000930
-0.000716
-0.000533
-0.000284
-0.000019
0.000186
0.000343
0.000444
0.000399
0.000209
0.000029
-0.000009
0.000045
0.000106
0.000246
0.000473
0.000669
0.000767
0.000769
0.000714
0.000628
0.000527
0.000387
0.000226
0.000100
-0.000007
-0.000104
-0.000139
-0.000081
0.000047
0.000256
0.000486
0.000596
0.000582
0.000522
0.000435
0.000317
0.000180
-0.000008
-0.000239
-0.000384
-0.000399
-0.000377
-0.000326
-0.000232
-0.000152
-0.000108
-0.000115
-0.000167
-0.000201
-0.000236
-0.000292
-0.000345
-0.000444
-0.000535
-0.000459
-0.000248
-0.000068
0.000034
0.000156
0.000330
0.000455
0.000463
0.000421
0.000406
0.000375
0.000277
0.000199
0.000248
0.000373
0.000487
0.000594
0.000670
0.000738
0.000810
0.000794
0.000734
0.000724
0.000677
0.000546
0.000455
0.000430
0.000335
0.000082
-0.000286
-0.000629
-0.000799
-0.000786
-0.000720
-0.000722
-0.000818
-0.000954
-0.001045
-0.001045
-0.001024
-0.001084
-0.001261
-0.001511
-0.001799
-0.002079
-0.002193
-0.002075
-0.001805
-0.001449
-0.001061
-0.000688
-0.000319
-0.000026
0.000108
0.000147
0.000114
0.000041
-0.000014
-0.000060
-0.000022
0.000111
0.000202
0.000225
0.000282
0.000409
0.000611
0.000891
0.001087
0.001080
0.001009
0.000982
0.000941
0.000859
0.000704
0.000461
0.000251
0.000190
0.000299
0.000515
0.000730
0.000883
0.000958
0.000936
0.000785
0.000564
0.000366
0.000201
0.000061
-0.000072
-0.000194
-0.000240
-0.000199
-0.000162
-0.000107
0.000052
0.000069
-0.000219
-0.000539
-0.000747
-0.000915
-0.001023
-0.001028
-0.000904
-0.000642
-0.000349
-0.000105
0.000107
0.000289
0.000436
0.000528
0.000522
0.000419
0.000285
0.000206
0.000209
0.000223
0.000210
0.000251
0.000383
0.000554
0.000718
0.000801
0.000796
0.000797
0.000799
0.000764
0.000734
0.000722
0.000769
0.000940
0.001089
0.000982
0.000596
0.000124
-0.000269
-0.000549
-0.000749
-0.000869
-0.000859
-0.000832
-0.000855
-0.000878
-0.000883
-0.000866
-0.000901
-0.001159
-0.001050
0.000354
0.001048
-0.000817
-0.002924
-0.003515
-0.003385
-0.003124
-0.002494
-0.001450
-0.000288
0.000516
0.000329
-0.000545
-0.001374
-0.002276
-0.003188
-0.003470
-0.003003
-0.002173
-0.001136
0.000410
0.002667
0.005073
0.006941
0.008017
0.008208
0.007563
0.006168
0.004311
0.002702
0.001775
0.001175
0.000631
0.000540
0.001153
0.001988
0.002411
0.002188
0.001270
-0.000295
-0.002349
-0.004731
-0.006869
-0.007996
-0.008284
-0.008217
-0.007367
-0.005417
-0.003195
-0.001531
-0.000445
0.000153
0.000219
-0.000074
-0.000465
-0.000634
-0.000143
0.000941
0.002241
0.003943
0.006128
0.008010
0.008900
0.008851
0.008040
0.006490
0.004452
0.002479
0.001001
0.000249
0.000203
0.000457
0.000898
0.001615
0.002002
0.001415
0.000073
-0.001503
-0.003071
-0.004400
-0.005086
-0.004775
-0.003528
-0.001747
0.000229
0.002377
0.004705
0.006669
0.007780
0.008113
0.006684
0.001495
-0.007460
-0.016935
-0.023097
-0.024834
-0.023237
-0.019390
-0.013688
-0.007187
-0.001708
0.002289
0.005409
0.007089
0.005851
0.002195
-0.001289
-0.002427
-0.000585
0.003608
0.009077
0.015005
0.020160
0.022747
0.022395
0.020300
0.016728
0.010806
0.003438
-0.002912
-0.006818
-0.008065
-0.006986
-0.004383
-0.001270
0.001229
0.001549
-0.000870
-0.004698
-0.008993
-0.014090
-0.019134
-0.021698
-0.020821
-0.017346
-0.011810
-0.004738
0.002317
0.007526
0.009723
0.009052
0.006817
0.004181
0.001452
-0.000815
-0.001241
0.000836
0.004536
0.008587
0.012487
0.015533
0.016199
0.013773
0.009289
0.004285
-0.000394
-0.004347
-0.007047
-0.007893
-0.006927
-0.005200
-0.003833
-0.002952
-0.002674
-0.003859
-0.006483
-0.008983
-0.010143
-0.009933
-0.008418
-0.005446
-0.001280
0.003196
0.006905
0.009179
0.010006
0.009514
0.007629
0.004880
0.002628
0.001635
0.001650
0.002404
0.003787
0.005303
0.006163
0.006019
0.004964
0.003116
0.000716
-0.001743
-0.003449
-0.003775
-0.002988
-0.001950
-0.000999
0.000221
0.001416
0.001851
0.001706
0.001492
0.001236
0.000887
-0.000892
-0.006453
-0.015499
-0.024234
-0.028716
-0.027642
-0.022245
-0.015327
-0.008776
-0.002926
0.001418
0.004045
0.006244
0.008075
0.007705
0.005963
0.006190
0.009249
0.014143
0.020116
0.025231
0.027197
0.026031
0.022356
0.016015
0.008446
0.001730
-0.004382
-0.009619
-0.011680
-0.010629
-0.009036
-0.007904
-0.007219
-0.008350
-0.011447
-0.014775
-0.017745
-0.020037
-0.020290
-0.018022
-0.013895
-0.007952
-0.000898
0.004887
0.008316
0.010251
0.010785
0.009708
0.008234
0.007401
0.006997
0.007416
0.009507
0.012484
0.014574
0.014742
0.012817
0.009136
0.004664
0.000302
-0.003719
-0.006849
-0.008256
-0.008321
-0.007949
-0.007113
-0.006191
-0.006573
-0.008336
-0.010046
-0.010946
-0.010739
-0.008916
-0.005704
-0.001897
0.002144
0.006007
0.008807
0.010232
0.010397
0.009163
0.007171
0.005774
0.005378
0.005534
0.006129
0.006921
0.007045
0.006114
0.004430
0.002111
-0.000607
-0.003051
-0.004803
-0.005700
-0.005316
-0.003658
-0.001781
-0.000616
-0.000254
-0.000558
-0.001264
-0.001906
-0.002063
-0.001407
0.000120
0.002152
0.004140
0.004684
0.001570
-0.006010
-0.016486
-0.025743
-0.028729
-0.024263
-0.016958
-0.010432
-0.003278
0.003317
0.005661
0.005714
0.007198
0.007479
0.004595
0.003953
0.008276
0.014113
0.020015
0.025643
0.027450
0.024304
0.019228
0.012624
0.004287
-0.002138
-0.005551
-0.008634
-0.009704
-0.006412
-0.003205
-0.004153
-0.006892
-0.010023
-0.015337
-0.020601
-0.021941
-0.020300
-0.017731
-0.013354
-0.007103
-0.000999
0.003844
0.006710
0.006592
0.004626
0.003174
0.002991
0.004689
0.008954
0.013990
0.016955
0.017910
0.017999
0.016122
0.011688
0.006512
0.002065
-0.001531
-0.003677
-0.003822
-0.003003
-0.002746
-0.003710
-0.005941
-0.008685
-0.010842
-0.012307
-0.013081
-0.012218
-0.009472
-0.006126
-0.002786
0.000727
0.003388
0.004257
0.004250
0.004477
0.004952
0.005617
0.006733
0.008057
0.009118
0.009722
0.009523
0.008453
0.006933
0.005171
0.003250
0.001646
0.000680
-0.000062
-0.000894
-0.001719
-0.002541
-0.003473
-0.004502
-0.005318
-0.005414
-0.004936
-0.004680
-0.004364
-0.002757
-0.000207
0.001762
0.003318
0.003776
-0.000063
-0.007669
-0.014039
-0.018479
-0.023529
-0.024556
-0.017268
-0.008818
-0.005013
-0.000411
0.006076
0.006022
0.001123
0.001134
0.004236
0.004691
0.007583
0.015953
0.022216
0.023910
0.025194
0.023889
0.017191
0.010069
0.005008
-0.000431
-0.003682
-0.002126
-0.000553
-0.001346
-0.000932
-0.001427
-0.007648
-0.015480
-0.019303
-0.021467
-0.023156
-0.019914
-0.012768
-0.008091
-0.005963
-0.002999
-0.001293
-0.002811
-0.004044
-0.002471
0.000339
0.004258
0.010043
0.015122
0.017584
0.018020
0.016237
0.012584
0.009573
0.007895
0.006181
0.005366
0.006310
0.006342
0.004195
0.001611
-0.001573
-0.006334
-0.010550
-0.011924
-0.011646
-0.010841
-0.008920
-0.006673
-0.005544
-0.005419
-0.005705
-0.006016
-0.005602
-0.004007
-0.001479
0.001841
0.005561
0.008347
0.009606
0.009901
0.009359
0.007953
0.006593
0.006238
0.006444
0.006449
0.006395
0.006145
0.004896
0.002479
-0.000474
-0.003564
-0.006154
-0.006866
-0.005787
-0.004903
-0.004770
-0.004339
-0.003942
-0.004269
-0.004138
-0.003003
-0.002045
-0.001102
0.000717
0.001787
0.000034
-0.003410
-0.006675
-0.009999
-0.014413
-0.017871
-0.016597
-0.011368
-0.006711
-0.003527
0.001049
0.004137
0.001920
-0.000445
0.001647
0.003829
0.003784
0.007226
0.014001
0.017108
0.016998
0.017873
0.016730
0.011030
0.005865
0.004153
0.002837
0.001570
0.002394
0.002403
-0.000824
-0.004036
-0.005832
-0.008854
-0.012461
-0.012779
-0.011233
-0.011128
-0.010193
-0.007075
-0.005593
-0.006687
-0.006559
-0.005031
-0.004512
-0.003275
0.000301
0.003457
0.005111
0.007005
0.008660
0.008671
0.008196
0.008242
0.008005
0.008030
0.008951
0.009563
0.009222
0.008296
0.006338
0.003193
0.000099
-0.002164
-0.003991
-0.005194
-0.005385
-0.005439
-0.005943
-0.006481
-0.006907
-0.007444
-0.007727
-0.007153
-0.005698
-0.003797
-0.001894
-0.000095
0.001568
0.002713
0.003252
0.003687
0.004039
0.004063
0.004212
0.004824
0.005166
0.005058
0.005145
0.004925
0.003918
0.002673
0.001605
0.000497
-0.000714
-0.001352
-0.001405
-0.001680
-0.002473
-0.002975
-0.003001
-0.003486
-0.003692
-0.002778
-0.001702
-0.000810
0.000360
0.001581
0.001949
0.000992
-0.001037
-0.003460
-0.004909
-0.005285
-0.005886
-0.006677
-0.007040
-0.006826
-0.005963
-0.004371
-0.002611
-0.001556
-0.001246
-0.001334
-0.001153
-0.000098
0.001535
0.003072
0.004544
0.006049
0.006988
0.007315
0.007531
0.007159
0.005719
0.004205
0.003141
0.002339
0.002554
0.003751
0.004217
0.003534
0.003045
0.002417
0.000645
-0.001016
-0.001773
-0.002851
-0.004091
-0.004018
-0.003225
-0.003225
-0.003598
-0.003662
-0.004112
-0.004636
-0.004115
-0.002936
-0.001813
-0.000651
0.000573
0.001576
0.002133
0.002310
0.002603
0.002869
0.002624
0.002458
0.002737
0.002858
0.002493
0.001864
0.001064
0.000035
-0.000701
-0.000950
-0.000977
-0.000731
-0.000454
-0.000068
0.000161
0.000214
0.000548
0.000363
-0.000278
-0.000362
-0.000250
-0.000405
-0.000216
0.000005
-0.000033
-0.000061
-0.000336
-0.000538
-0.000830
-0.001333
-0.001436
-0.000817
0.000109
0.000360
0.000169
0.000192
0.000091
-0.000262
-0.000378
-0.000091
0.000035
0.000056
0.000347
0.000443
0.000111
-0.000358
-0.000402
-0.000230
-0.000105
0.000319
0.000517
0.000357
0.000159
-0.000024
0.000138
0.000388
0.000580
0.000942
0.001030
0.000760
0.000585
0.000497
0.000300
0.000138
0.000201
0.000253
0.000044
-0.000343
-0.000759
-0.001111
-0.001348
-0.001404
-0.001294
-0.001230
-0.001257
-0.001200
-0.001084
-0.000984
-0.000812
-0.000569
-0.000350
-0.000156
0.000012
0.000183
0.000345
0.000384
0.000418
0.000577
0.000709
0.000750
0.000784
0.000746
0.000516
0.000230
0.000220
0.000422
0.000269
-0.000049
-0.000148
-0.000354
-0.000409
-0.000190
-0.000162
-0.000287
-0.000258
-0.000040
0.000020
0.000046
0.000298
0.000393
0.000328
0.000425
0.000499
0.000297
0.000151
0.000259
0.000140
-0.000212
-0.000505
-0.000791
-0.000843
-0.000605
-0.000398
-0.000302
-0.000290
-0.000330
-0.000367
-0.000338
-0.000185
0.000022
0.000248
0.000479
0.000548
0.000380
0.000136
-0.000072
-0.000280
-0.000248
0.000114
0.000343
0.000314
0.000256
0.000207
0.000160
0.000087
0.000003
-0.000013
-0.000022
-0.000104
-0.000179
-0.000235
-0.000265
-0.000167
-0.000096
-0.000130
-0.000129
-0.000201
-0.000450
-0.000712
-0.000738
-0.000562
-0.000407
-0.000195
0.000136
0.000354
0.000300
0.000131
0.000047
-0.000023
-0.000124
-0.000165
-0.000146
-0.000042
0.000162
0.000297
0.000243
0.000100
-0.000032
-0.000215
-0.000408
-0.000454
-0.000354
-0.000220
-0.000030
0.000245
0.000368
0.000244
0.000063
-0.000074
-0.000144
-0.000153
-0.000150
-0.000114
-0.000015
0.000120
0.000188
0.000085
-0.000115
-0.000313
-0.000423
-0.000367
-0.000260
-0.000192
-0.000059
0.000095
0.000082
-0.000036
-0.000107
-0.000108
-0.000067
0.000031
0.000147
0.000060
-0.000197
-0.000314
-0.000261
-0.000205
-0.000199
-0.000185
-0.000127
-0.000052
0.000030
0.000131
0.000203
0.000190
0.000101
-0.000016
-0.000092
-0.000107
-0.000068
-0.000020
0.000038
0.000138
0.000181
0.000132
0.000096
0.000075
0.000070
0.000142
0.000240
0.000292
0.000286
0.000255
0.000271
0.000317
0.000260
0.000115
0.000044
0.000000
-0.000101
-0.000141
-0.000060
0.000066
0.000133
0.000091
0.000015
-0.000049
-0.000108
-0.000107
-0.000036
0.000053
0.000136
0.000247
0.000323
0.000298
0.000245
0.000173
0.000114
0.000134
0.000187
0.000230
0.000274
0.000310
0.000330
0.000351
0.000354
0.000301
0.000238
0.000238
0.000267
0.000275
0.000305
0.000364
0.000405
0.000382
0.000255
0.000031
-0.000183
-0.000273
-0.000250
-0.000135
0.000050
0.000193
0.000223
0.000208
0.000209
0.000123
-0.000025
-0.000070
-0.000120
-0.000266
-0.000331
-0.000221
-0.000035
0.000107
0.000182
0.000215
0.000179
0.000085
0.000009
-0.000058
-0.000152
-0.000184
-0.000100
-0.000000
0.000056
0.000109
0.000108
0.000009
-0.000068
-0.000102
-0.000152
-0.000155
-0.000113
-0.000100
-0.000098
-0.000067
-0.000049
-0.000055
-0.000036
-0.000034
-0.000110
-0.000191
-0.000215
-0.000208
-0.000171
-0.000093
0.000027
0.000179
0.000289
0.000245
0.000104
0.000051
0.000097
0.000144
0.000177
0.000228
0.000341
0.000437
0.000410
0.000287
0.000126
0.000019
0.000017
0.000004
-0.000093
-0.000162
-0.000144
-0.000112
-0.000103
-0.000105
-0.000127
-0.000176
-0.000232
-0.000319
-0.000451
-0.000538
-0.000522
-0.000481
-0.000487
-0.000481
-0.000466
-0.000485
-0.000331
0.000016
0.000283
0.000427
0.000514
0.000528
0.000552
0.000633
0.000662
0.000645
0.000679
0.000710
0.000656
0.000575
0.000529
0.000472
0.000365
0.000270
0.000227
0.000195
0.000176
0.000197
0.000170
0.000056
-0.000027
-0.000053
-0.000084
-0.000129
-0.000151
-0.000133
-0.000098
-0.000080
-0.000133
-0.000253
-0.000370
-0.000458
-0.000514
-0.000535
-0.000499
-0.000419
-0.000302
-0.000094
0.000100
0.000085
-0.000149
-0.000388
-0.000503
-0.000558
-0.000538
-0.000413
-0.000244
-0.000104
-0.000013
0.000042
0.000026
-0.000090
-0.000246
-0.000332
-0.000314
-0.000264
-0.000223
-0.000094
0.000106
0.000209
0.000201
0.000160
0.000030
-0.000168
-0.000280
-0.000344
-0.000422
-0.000385
-0.000185
-0.000019
-0.000007
-0.000004
0.000033
0.000014
-0.000021
-0.000046
-0.000079
-0.000068
0.000009
0.000051
0.000036
0.000087
0.000169
0.000151
0.000111
0.000157
0.000207
0.000176
0.000105
0.000013
-0.000124
-0.000210
-0.000170
-0.000133
-0.000188
-0.000232
-0.000228
-0.000306
-0.000435
-0.000482
-0.000454
-0.000425
-0.000419
-0.000356
-0.000244
-0.000197
-0.000162
-0.000053
0.000086
0.000206
0.000309
0.000365
0.000360
0.000253
0.000008
-0.000234
-0.000358
-0.000363
-0.000233
-0.000035
0.000127
0.000249
0.000331
0.000358
0.000348
0.000280
0.000135
0.000021
-0.000012
-0.000016
0.000042
0.000217
0.000450
0.000592
0.000628
0.000608
0.000462
0.000209
-0.000017
-0.000149
-0.000241
-0.000334
-0.000331
-0.000208
-0.000056
0.000070
0.000140
0.000132
0.000041
-0.000105
-0.000216
-0.000254
-0.000210
-0.000069
-0.000021
-0.000165
-0.000302
-0.000377
-0.000490
-0.000649
-0.000781
-0.000804
-0.000682
-0.000453
-0.000171
0.000087
0.000206
0.000136
-0.000009
-0.000063
-0.000018
0.000012
-0.000029
-0.000079
-0.000051
0.000072
0.000201
0.000266
0.000271
0.000297
0.000352
0.000341
0.000246
0.000099
-0.000006
0.000031
0.000190
0.000357
0.000422
0.000373
0.000302
0.000260
0.000210
0.000200
0.000211
0.000126
0.000026
0.000016
-0.000000
-0.000044
-0.000005
0.000134
0.000260
0.000235
0.000132
0.000094
0.000070
0.000053
0.000116
0.000196
0.000198
0.000149
0.000113
0.000078
0.000088
0.000178
0.000253
0.000326
0.000418
0.000407
0.000262
0.000092
-0.000018
-0.000118
-0.000305
-0.000467
-0.000447
-0.000299
-0.000177
-0.000162
-0.000224
-0.000316
-0.000339
-0.000226
-0.000060
0.000042
0.000077
0.000111
0.000165
0.000265
0.000484
0.000770
0.000923
0.000917
0.000809
0.000534
0.000126
-0.000186
-0.000269
-0.000235
-0.000138
-0.000008
0.000026
-0.000062
-0.000182
-0.000217
-0.000209
-0.000247
-0.000235
-0.000150
-0.000072
0.000013
0.000107
0.000143
0.000134
0.000161
0.000202
0.000175
0.000035
-0.000176
-0.000292
-0.000256
-0.000113
0.000086
0.000221
0.000213
0.000141
0.000048
-0.000081
-0.000175
-0.000168
-0.000070
0.000066
0.000182
0.000230
0.000192
0.000128
0.000086
0.000044
-0.000015
-0.000047
-0.000012
0.000056
0.000103
0.000168
0.000252
0.000230
0.000093
-0.000061
-0.000155
-0.000193
-0.000203
-0.000150
-0.000071
-0.000024
0.000011
0.000062
0.000052
-0.000041
-0.000087
-0.000118
-0.000201
-0.000205
-0.000158
-0.000247
-0.000278
-0.000040
0.000216
0.000337
0.000472
0.000622
0.000655
0.000641
0.000645
0.000557
0.000372
0.000197
0.000113
0.000090
0.000060
0.000059
0.000075
0.000080
0.000142
0.000176
0.000064
-0.000174
-0.000458
-0.000619
-0.000587
-0.000462
-0.000334
-0.000232
-0.000177
-0.000158
-0.000126
-0.000131
-0.000172
-0.000164
-0.000109
-0.000000
0.000079
0.000014
-0.000085
-0.000126
-0.000138
-0.000111
-0.000101
-0.000113
-0.000022
0.000115
0.000142
0.000119
0.000096
0.000003
-0.000169
-0.000354
-0.000471
-0.000506
-0.000474
-0.000385
-0.000262
-0.000164
-0.000121
-0.000122
-0.000163
-0.000234
-0.000266
-0.000225
-0.000160
-0.000121
-0.000123
-0.000148
-0.000207
-0.000271
-0.000221
-0.000042
0.000053
-0.000136
-0.000409
-0.000409
-0.000276
-0.000254
-0.000127
0.000182
0.000322
0.000229
0.000165
