4480
-0.000277
-0.000413
-0.000451
-0.000387
-0.000297
-0.000231
-0.000164
-0.000095
-0.000096
-0.000182
-0.000207
-0.000128
-0.000068
-0.000078
-0.000094
0.000019
0.000221
0.000352
0.000409
0.000415
0.000393
0.000401
0.000383
0.000329
0.000354
0.000488
0.000647
0.000712
0.000691
0.000621
0.000514
0.000487
0.000541
0.000567
0.000579
0.000572
0.000498
0.000422
0.000401
0.000331
0.000167
-0.000024
-0.000226
-0.000350
-0.000320
-0.000236
-0.000226
-0.000263
-0.000287
-0.000375
-0.000544
-0.000739
-0.000949
-0.001149
-0.001242
-0.001129
-0.000907
-0.000787
-0.000789
-0.000780
-0.000744
-0.000695
-0.000609
-0.000528
-0.000445
-0.000331
-0.000292
-0.000272
-0.000103
0.000130
0.000339
0.000503
0.000587
0.000614
0.000600
0.000575
0.000550
0.000552
0.000561
0.000531
0.000493
0.000441
0.000374
0.000300
0.000284
0.000375
0.000460
0.000467
0.000443
0.000408
0.000374
0.000342
0.000273
0.000240
0.000259
0.000167
0.000031
-0.000000
-0.000075
-0.000217
-0.000243
-0.000195
-0.000220
-0.000309
-0.000379
-0.000459
-0.000582
-0.000601
-0.000474
-0.000378
-0.000371
-0.000418
-0.000542
-0.000611
-0.000570
-0.000568
-0.000587
-0.000498
-0.000348
-0.000238
-0.000132
-0.000039
-0.000041
-0.000116
-0.000158
-0.000093
0.000025
0.000071
0.000099
0.000227
0.000372
0.000428
0.000392
0.000337
0.000361
0.000396
0.000378
0.000418
0.000512
0.000541
0.000527
0.000543
0.000535
0.000503
0.000487
0.000430
0.000338
0.000227
0.000152
0.000177
0.000222
0.000158
-0.000074
-0.000363
-0.000510
-0.000462
-0.000355
-0.000330
-0.000369
-0.000402
-0.000448
-0.000544
-0.000726
-0.001013
-0.001290
-0.001382
-0.001216
-0.000899
-0.000626
-0.000484
-0.000494
-0.000633
-0.000756
-0.000847
-0.001006
-0.001030
-0.000775
-0.000321
0.000212
0.000570
0.000633
0.000464
0.000196
-0.000007
-0.000009
0.000184
0.000446
0.000698
0.000936
0.001109
0.001133
0.000998
0.000634
0.000114
-0.000209
-0.000115
0.000283
0.000676
0.000835
0.000771
0.000610
0.000409
0.000187
-0.000121
-0.000500
-0.000719
-0.000543
0.000018
0.000554
0.000656
0.000313
-0.000205
-0.000577
-0.000780
-0.001005
-0.001176
-0.001088
-0.000741
-0.000330
-0.000132
-0.000218
-0.000465
-0.000773
-0.000984
-0.000893
-0.000475
0.000079
0.000443
0.000568
0.000040
-0.001282
-0.001699
-0.000627
0.000048
-0.000361
-0.000301
-0.000604
-0.002029
-0.001286
0.001400
0.002517
0.002464
0.002877
0.003416
0.004010
0.004984
0.005296
0.004335
0.004246
0.005363
0.004880
0.003124
0.002416
0.002490
0.002110
0.001724
0.001779
0.001383
0.000610
-0.000652
-0.005051
-0.013014
-0.019130
-0.018673
-0.013954
-0.009691
-0.006870
-0.005324
-0.006028
-0.007444
-0.006576
-0.005190
-0.005726
-0.004993
0.000299
0.007932
0.013706
0.016561
0.015893
0.011781
0.008159
0.007963
0.009554
0.010450
0.010753
0.011046
0.011300
0.010795
0.007895
0.002173
-0.004336
-0.008686
-0.009615
-0.007262
-0.003924
-0.003317
-0.005809
-0.008690
-0.010782
-0.012844
-0.014234
-0.013882
-0.012182
-0.008767
-0.002998
0.002446
0.004004
0.002300
0.000211
-0.000697
0.000334
0.003601
0.007605
0.010437
0.012162
0.013178
0.012790
0.010451
0.006642
0.002842
0.000877
0.001413
0.003219
0.004476
0.003616
0.000321
-0.003854
-0.007197
-0.009469
-0.011274
-0.011791
-0.010143
-0.007427
-0.005367
-0.005030
-0.006327
-0.007799
-0.007379
-0.004584
-0.000763
0.002786
0.005623
0.007636
0.008837
0.009163
0.008335
0.006987
0.006344
0.006966
0.008344
0.009107
0.007967
0.005027
0.001738
-0.000684
-0.002063
-0.002766
-0.003151
-0.003387
-0.003248
-0.002838
-0.002892
-0.003778
-0.004938
-0.005224
-0.003854
-0.001196
0.001392
0.002831
0.003277
0.003004
0.002209
0.002041
0.002980
0.004047
0.004655
0.005387
0.004001
-0.003699
-0.014597
-0.019741
-0.016583
-0.011454
-0.007844
-0.004516
-0.003199
-0.005004
-0.006145
-0.004547
-0.004063
-0.004940
-0.002053
0.005559
0.013759
0.018715
0.019045
0.014846
0.009418
0.006533
0.006572
0.007933
0.008675
0.008138
0.007412
0.007370
0.005550
-0.000184
-0.007271
-0.012238
-0.013996
-0.012181
-0.007319
-0.003642
-0.004484
-0.007439
-0.009349
-0.010500
-0.011282
-0.010312
-0.007557
-0.003723
0.001612
0.007253
0.009766
0.007984
0.004457
0.001888
0.001785
0.004442
0.008080
0.010267
0.010334
0.009153
0.007129
0.004115
0.000256
-0.003708
-0.006372
-0.006377
-0.003684
-0.000708
-0.000334
-0.003038
-0.006905
-0.009971
-0.011116
-0.009588
-0.006447
-0.003677
-0.002222
-0.001400
-0.000160
0.001150
0.001711
0.001754
0.002835
0.005266
0.007951
0.009964
0.010257
0.008500
0.005863
0.004210
0.003826
0.003678
0.002923
0.001562
0.000167
-0.001145
-0.002477
-0.003848
-0.004973
-0.005550
-0.005221
-0.003891
-0.002500
-0.002037
-0.002281
-0.002230
-0.001295
0.000473
0.002565
0.004282
0.005106
0.005263
0.005047
0.004629
0.004553
0.004775
0.005084
0.005312
0.004086
-0.002023
-0.013452
-0.022747
-0.022800
-0.016437
-0.010947
-0.007855
-0.006077
-0.006621
-0.008065
-0.006898
-0.004333
-0.003566
-0.001971
0.004480
0.013875
0.020887
0.022599
0.019066
0.013003
0.008771
0.008220
0.009916
0.011341
0.010770
0.008289
0.005816
0.003627
-0.000926
-0.008148
-0.014434
-0.016862
-0.015467
-0.011141
-0.006463
-0.005640
-0.009057
-0.012563
-0.013373
-0.012385
-0.010236
-0.006489
-0.001765
0.003332
0.008492
0.011935
0.011540
0.008210
0.005236
0.004940
0.007467
0.010940
0.012822
0.012062
0.009524
0.006137
0.002223
-0.001509
-0.005027
-0.007836
-0.007970
-0.005562
-0.003746
-0.005006
-0.008251
-0.011515
-0.013127
-0.011650
-0.008107
-0.004658
-0.002450
-0.000838
0.000903
0.002701
0.003741
0.003596
0.003959
0.006084
0.009093
0.011344
0.011738
0.009850
0.006738
0.004491
0.003718
0.003466
0.002787
0.001408
-0.000152
-0.001316
-0.002469
-0.004201
-0.006047
-0.006976
-0.006463
-0.004545
-0.002279
-0.001249
-0.001715
-0.002393
-0.001970
-0.000277
0.002120
0.004329
0.005824
0.006920
0.007662
0.007429
0.006216
0.005147
0.004829
0.005090
0.005869
0.005084
-0.001636
-0.014452
-0.024961
-0.025108
-0.018109
-0.011887
-0.008583
-0.007166
-0.007765
-0.008991
-0.007537
-0.004690
-0.003460
-0.001412
0.005277
0.015283
0.023022
0.024762
0.020413
0.013623
0.009264
0.008936
0.011130
0.012890
0.012081
0.008727
0.005152
0.002251
-0.002504
-0.009777
-0.016173
-0.018445
-0.016606
-0.011973
-0.007305
-0.006741
-0.010684
-0.014797
-0.015488
-0.013173
-0.009196
-0.004242
0.000729
0.005492
0.010086
0.012934
0.012206
0.008947
0.006277
0.006533
0.009739
0.013569
0.015138
0.013172
0.008759
0.003712
-0.000569
-0.003682
-0.006342
-0.007979
-0.007410
-0.005376
-0.004333
-0.005822
-0.009504
-0.013650
-0.014774
-0.011741
-0.007101
-0.003321
-0.000625
0.001386
0.002613
0.003531
0.003867
0.003993
0.005247
0.008002
0.011092
0.012822
0.012092
0.008769
0.005045
0.002986
0.002453
0.002344
0.001968
0.000950
-0.000760
-0.002481
-0.004170
-0.006136
-0.007791
-0.008028
-0.006504
-0.003926
-0.001656
-0.000865
-0.001468
-0.002203
-0.001776
0.000209
0.003176
0.005894
0.007607
0.008354
0.008388
0.007750
0.006769
0.005963
0.005221
0.004751
0.005052
0.004336
-0.002218
-0.015404
-0.026907
-0.027672
-0.019738
-0.012150
-0.008360
-0.007276
-0.008447
-0.010266
-0.008978
-0.004974
-0.002113
0.000695
0.007164
0.016934
0.024835
0.026465
0.021429
0.013627
0.008722
0.008553
0.011373
0.013958
0.013422
0.008977
0.003246
-0.001105
-0.005792
-0.012194
-0.017776
-0.019429
-0.017087
-0.012452
-0.008043
-0.007720
-0.012185
-0.017044
-0.017781
-0.014095
-0.007972
-0.001279
0.004139
0.007943
0.010952
0.012745
0.012030
0.009534
0.007813
0.008563
0.011813
0.015602
0.016648
0.013181
0.006910
0.000790
-0.003589
-0.005631
-0.006326
-0.007361
-0.008013
-0.007103
-0.006355
-0.008279
-0.012199
-0.015215
-0.015188
-0.011393
-0.005532
-0.000877
0.000768
0.000639
0.001003
0.002543
0.004571
0.006316
0.007901
0.009852
0.011984
0.012892
0.011363
0.007883
0.004194
0.002122
0.002223
0.003111
0.002604
0.000105
-0.003079
-0.005493
-0.006680
-0.007061
-0.007149
-0.006891
-0.005816
-0.003878
-0.001995
-0.001247
-0.001628
-0.002002
-0.000943
0.001864
0.005378
0.008071
0.008985
0.008445
0.007486
0.006803
0.006222
0.005676
0.005487
0.005489
0.005485
0.004842
0.000263
-0.011309
-0.025443
-0.031471
-0.025398
-0.015237
-0.008929
-0.007126
-0.008139
-0.010799
-0.011803
-0.008589
-0.003890
0.000271
0.005958
0.014818
0.023836
0.027888
0.024746
0.016691
0.009943
0.008610
0.011709
0.015653
0.016879
0.013319
0.005881
-0.001270
-0.006439
-0.011469
-0.016538
-0.019073
-0.017537
-0.013422
-0.009279
-0.008194
-0.011843
-0.017553
-0.020182
-0.017239
-0.010273
-0.002047
0.004609
0.008265
0.010063
0.011307
0.011490
0.010279
0.009340
0.010288
0.013076
0.016534
0.018230
0.015264
0.008100
0.000724
-0.003962
-0.005736
-0.005390
-0.004403
-0.005460
-0.008547
-0.010465
-0.010666
-0.011353
-0.013220
-0.014665
-0.013718
-0.008988
-0.002013
0.002745
0.003521
0.002030
-0.000085
-0.000099
0.004293
0.010107
0.012995
0.013186
0.012599
0.011124
0.008968
0.006472
0.003535
0.001760
0.002274
0.003379
0.002969
0.000469
-0.004130
-0.008777
-0.010254
-0.008465
-0.005852
-0.003930
-0.003064
-0.003280
-0.003427
-0.002822
-0.002034
-0.000971
0.000991
0.003686
0.006563
0.009006
0.009602
0.008079
0.006412
0.005938
0.006248
0.006769
0.007049
0.006249
0.004498
0.003148
0.001024
-0.006239
-0.019473
-0.030828
-0.030827
-0.020806
-0.010539
-0.006068
-0.006888
-0.010529
-0.013800
-0.012474
-0.006420
0.000517
0.006636
0.013184
0.020763
0.026602
0.026927
0.020794
0.012627
0.008715
0.010590
0.015335
0.018685
0.017090
0.009599
-0.000283
-0.007713
-0.011907
-0.014772
-0.016874
-0.017110
-0.015360
-0.012669
-0.010756
-0.011976
-0.016325
-0.020093
-0.019130
-0.012791
-0.003615
0.004779
0.009313
0.009975
0.009504
0.009838
0.010775
0.011951
0.013525
0.015350
0.017044
0.017947
0.016426
0.010900
0.002928
-0.003359
-0.005658
-0.004981
-0.003647
-0.003632
-0.006509
-0.011717
-0.015567
-0.015808
-0.014191
-0.012878
-0.011384
-0.008791
-0.006047
-0.003536
-0.001202
0.000149
0.000560
0.001810
0.005495
0.010496
0.014098
0.014175
0.011606
0.009472
0.008775
0.008368
0.007748
0.006874
0.004904
0.002204
-0.000073
-0.002249
-0.004928
-0.007336
-0.008342
-0.007819
-0.006258
-0.004831
-0.004629
-0.005251
-0.005535
-0.004676
-0.002360
0.000732
0.003155
0.004421
0.005236
0.006033
0.006823
0.007567
0.007938
0.008073
0.008340
0.008309
0.007305
0.005476
0.003637
0.001998
0.000897
-0.000092
-0.004431
-0.014447
-0.026261
-0.031122
-0.025367
-0.015657
-0.009626
-0.008925
-0.010653
-0.012307
-0.011638
-0.006903
-0.000405
0.005476
0.010718
0.016728
0.022884
0.025905
0.023578
0.017174
0.012047
0.011413
0.014040
0.016690
0.016143
0.010994
0.002374
-0.005526
-0.010157
-0.012662
-0.014742
-0.016418
-0.016680
-0.015473
-0.013568
-0.012910
-0.014830
-0.017692
-0.018098
-0.014047
-0.006578
0.001572
0.007256
0.009138
0.008953
0.009287
0.010884
0.012815
0.014419
0.015495
0.015972
0.016011
0.015080
0.011654
0.005840
0.000039
-0.003667
-0.004818
-0.004293
-0.004008
-0.006570
-0.011787
-0.015623
-0.015754
-0.013940
-0.012337
-0.010727
-0.008976
-0.007823
-0.006499
-0.004145
-0.001088
0.001632
0.003456
0.005439
0.008888
0.012683
0.013870
0.012340
0.010488
0.009340
0.008744
0.008521
0.007849
0.005770
0.002634
-0.000577
-0.003073
-0.004614
-0.005849
-0.007177
-0.007801
-0.007189
-0.006289
-0.005929
-0.005828
-0.005560
-0.004713
-0.002834
-0.000160
0.002415
0.004086
0.004686
0.004882
0.005669
0.007188
0.008547
0.009174
0.009145
0.008521
0.007152
0.005408
0.004047
0.003022
0.002014
0.001237
-0.000567
-0.006859
-0.017974
-0.028243
-0.030306
-0.023126
-0.013526
-0.008087
-0.008010
-0.010173
-0.011856
-0.010923
-0.006160
0.000546
0.007179
0.013140
0.019175
0.024149
0.025280
0.021603
0.015287
0.011111
0.011315
0.014384
0.016814
0.015454
0.009395
0.000410
-0.007539
-0.012262
-0.014209
-0.014941
-0.015355
-0.015157
-0.014217
-0.013202
-0.013626
-0.015665
-0.017496
-0.016558
-0.011547
-0.003726
0.004067
0.008971
0.010178
0.009360
0.009122
0.010643
0.013196
0.015617
0.017028
0.017156
0.016135
0.013820
0.009448
0.003644
-0.001235
-0.003713
-0.004094
-0.003716
-0.004165
-0.007134
-0.012195
-0.016406
-0.017437
-0.015266
-0.011763
-0.008886
-0.007705
-0.007233
-0.005512
-0.002525
0.000109
0.001645
0.003492
0.006752
0.010742
0.013678
0.013959
0.011874
0.009266
0.007843
0.007841
0.008411
0.007895
0.005222
0.001591
-0.001369
-0.003332
-0.004743
-0.005837
-0.006653
-0.006958
-0.006532
-0.005889
-0.005656
-0.005896
-0.006091
-0.005290
-0.002912
0.000389
0.003088
0.004279
0.004350
0.004224
0.004870
0.006579
0.008422
0.009380
0.009389
0.008867
0.007787
0.006004
0.004034
0.002279
0.000684
-0.000297
-0.000669
-0.003237
-0.010697
-0.020899
-0.028341
-0.028137
-0.020563
-0.011372
-0.006746
-0.007462
-0.009460
-0.010241
-0.008124
-0.002514
0.004520
0.010642
0.015632
0.020634
0.024031
0.023822
0.019991
0.014629
0.011284
0.011736
0.014704
0.016092
0.013122
0.006057
-0.002890
-0.010351
-0.014153
-0.014778
-0.014787
-0.015202
-0.015241
-0.014706
-0.014264
-0.014619
-0.015654
-0.016366
-0.014439
-0.008614
-0.000740
0.006062
0.009708
0.010064
0.008826
0.008748
0.010908
0.013876
0.016029
0.016892
0.016407
0.014385
0.011164
0.007277
0.002963
-0.001110
-0.003753
-0.004596
-0.004882
-0.006444
-0.009754
-0.013347
-0.015271
-0.014868
-0.012960
-0.010484
-0.008203
-0.006744
-0.006430
-0.006020
-0.003248
0.001422
0.005329
0.007095
0.007878
0.008875
0.010152
0.011178
0.011057
0.010193
0.009355
0.008570
0.007636
0.006372
0.003973
0.000290
-0.002903
-0.004401
-0.004712
-0.004885
-0.005599
-0.007012
-0.008290
-0.008514
-0.007820
-0.006556
-0.005005
-0.003578
-0.002091
-0.000037
0.002092
0.003540
0.004327
0.004836
0.005600
0.007104
0.008909
0.009868
0.009488
0.008158
0.006461
0.004680
0.003002
0.001669
0.000948
0.000537
-0.000507
-0.003796
-0.010582
-0.018911
-0.025522
-0.027096
-0.021943
-0.013240
-0.007008
-0.006522
-0.008451
-0.009496
-0.008535
-0.004226
0.002631
0.009938
0.015722
0.020030
0.022432
0.022033
0.019383
0.015223
0.011965
0.011679
0.013910
0.015198
0.012613
0.006502
-0.001642
-0.009243
-0.013929
-0.014955
-0.014192
-0.013777
-0.013724
-0.013906
-0.014442
-0.015287
-0.015827
-0.015510
-0.013320
-0.008186
-0.001397
0.004714
0.008587
0.009701
0.008768
0.008102
0.009639
0.012751
0.015682
0.017128
0.016446
0.013596
0.009539
0.005595
0.002187
-0.000696
-0.002676
-0.003707
-0.004670
-0.006398
-0.009313
-0.012861
-0.015101
-0.014764
-0.012706
-0.010117
-0.007429
-0.005995
-0.006319
-0.005799
-0.002597
0.001618
0.004457
0.005556
0.006119
0.007753
0.010376
0.011794
0.011452
0.010464
0.009196
0.008059
0.007603
0.006867
0.004482
0.001098
-0.001823
-0.003444
-0.003798
-0.004267
-0.005873
-0.007712
-0.008611
-0.008521
-0.007584
-0.006277
-0.005297
-0.004276
-0.002576
-0.000386
0.001826
0.003588
0.004357
0.004536
0.005260
0.006683
0.008193
0.009168
0.009033
0.007879
0.006452
0.005158
0.003887
0.002770
0.001718
0.000336
-0.000836
-0.001631
-0.004485
-0.011191
-0.019233
-0.025081
-0.025892
-0.020190
-0.011238
-0.005553
-0.005699
-0.007889
-0.008907
-0.007353
-0.002133
0.005237
0.011893
0.016670
0.020417
0.022499
0.021902
0.018991
0.014631
0.011109
0.010578
0.012640
0.013652
0.010860
0.004657
-0.003536
-0.010965
-0.014722
-0.014501
-0.013122
-0.012668
-0.012825
-0.013306
-0.013793
-0.013729
-0.013134
-0.012314
-0.010076
-0.005235
0.000806
0.005990
0.009127
0.009623
0.008166
0.007349
0.008994
0.011958
0.014299
0.014935
0.013325
0.009567
0.005229
0.001959
-0.000357
-0.002193
-0.003573
-0.004617
-0.005755
-0.007481
-0.009504
-0.010952
-0.011196
-0.010404
-0.008789
-0.006122
-0.003278
-0.001775
-0.002156
-0.002720
-0.000942
0.002779
0.005791
0.006932
0.007255
0.007283
0.007107
0.007102
0.007015
0.006584
0.005846
0.004789
0.003546
0.002493
0.000899
-0.001696
-0.003902
-0.004611
-0.004188
-0.003426
-0.002976
-0.003452
-0.004437
-0.004901
-0.004444
-0.003109
-0.001261
0.000330
0.001365
0.002385
0.003541
0.004313
0.004365
0.003976
0.003810
0.004403
0.005509
0.006198
0.005870
0.004661
0.003093
0.001534
0.000343
-0.000212
-0.000513
-0.000988
-0.001455
-0.001780
-0.003855
-0.009472
-0.016509
-0.021596
-0.022194
-0.017025
-0.008372
-0.002124
-0.001645
-0.003671
-0.004910
-0.004148
-0.000263
0.005799
0.011605
0.015600
0.018152
0.018933
0.017434
0.014393
0.010356
0.006824
0.005813
0.007325
0.008213
0.005886
0.000733
-0.005904
-0.011865
-0.014704
-0.013737
-0.011326
-0.009698
-0.008785
-0.008445
-0.008516
-0.008284
-0.007317
-0.006004
-0.003798
0.000343
0.005188
0.008791
0.010377
0.009761
0.007445
0.005554
0.005915
0.007594
0.008776
0.008641
0.006725
0.002937
-0.001347
-0.004347
-0.006010
-0.006895
-0.007067
-0.006833
-0.006681
-0.006818
-0.007373
-0.008391
-0.008374
-0.006015
-0.002558
0.000645
0.003200
0.004332
0.003485
0.002309
0.002863
0.004860
0.006987
0.007684
0.006136
0.003817
0.002617
0.002179
0.001536
0.001028
0.000444
-0.000535
-0.001247
-0.001765
-0.002665
-0.003644
-0.004199
-0.004142
-0.003041
-0.001398
-0.000691
-0.001096
-0.001734
-0.002013
-0.001371
0.000384
0.002296
0.003447
0.003889
0.003862
0.003686
0.003656
0.003607
0.003371
0.003188
0.003301
0.003517
0.003444
0.002786
0.001565
0.000162
-0.000930
-0.001390
-0.001238
-0.000736
-0.000385
-0.000737
-0.001652
-0.002752
-0.005556
-0.010956
-0.016652
-0.019849
-0.018118
-0.011208
-0.003083
0.000589
-0.000807
-0.003097
-0.004118
-0.002277
0.003078
0.009662
0.014518
0.016748
0.017382
0.016305
0.013744
0.010088
0.005949
0.003313
0.003376
0.004967
0.004908
0.001795
-0.003717
-0.010086
-0.014656
-0.015281
-0.012477
-0.009343
-0.007448
-0.006625
-0.006528
-0.006288
-0.005304
-0.003915
-0.002437
0.000303
0.004498
0.008533
0.011151
0.011604
0.009673
0.006594
0.004856
0.005277
0.006439
0.006890
0.005736
0.002848
-0.001067
-0.005002
-0.007912
-0.009227
-0.009082
-0.008131
-0.007342
-0.007017
-0.006664
-0.005908
-0.005106
-0.004230
-0.002241
0.000946
0.004298
0.006769
0.007542
0.006570
0.004972
0.003992
0.004194
0.005633
0.006879
0.006089
0.003499
0.000674
-0.001821
-0.003952
-0.004766
-0.004005
-0.002736
-0.001967
-0.002098
-0.002900
-0.003734
-0.004074
-0.003600
-0.001959
0.000544
0.002660
0.003368
0.002721
0.001538
0.000772
0.001049
0.002367
0.003974
0.004988
0.004948
0.003967
0.002717
0.001704
0.001146
0.001138
0.001595
0.002108
0.002097
0.001432
0.000445
-0.000289
-0.000652
-0.000923
-0.001033
-0.000688
-0.000102
-0.000042
-0.000510
-0.000520
-0.000524
-0.003254
-0.009124
-0.014807
-0.017455
-0.015737
-0.009678
-0.002554
0.000591
-0.000820
-0.003047
-0.003780
-0.001955
0.002707
0.008220
0.012268
0.014592
0.015570
0.014635
0.012027
0.008601
0.005074
0.002915
0.003291
0.004877
0.004599
0.001272
-0.004005
-0.009520
-0.013108
-0.013137
-0.010505
-0.007891
-0.006299
-0.005346
-0.005050
-0.004891
-0.004130
-0.003059
-0.001802
0.000722
0.004581
0.008083
0.009954
0.009909
0.007968
0.005156
0.003572
0.003914
0.004831
0.005111
0.004109
0.001509
-0.001925
-0.005068
-0.007420
-0.008633
-0.008270
-0.006807
-0.005335
-0.004207
-0.003821
-0.004237
-0.004156
-0.002518
0.000244
0.003111
0.005609
0.007045
0.007095
0.006236
0.004938
0.003833
0.003317
0.003469
0.003787
0.003551
0.001969
-0.001118
-0.004159
-0.005514
-0.004930
-0.003540
-0.002454
-0.002218
-0.002644
-0.002925
-0.002728
-0.002067
-0.001042
0.000195
0.001322
0.002240
0.002829
0.002728
0.002103
0.001561
0.001696
0.002644
0.003768
0.004114
0.003384
0.002117
0.001108
0.000835
0.001224
0.001693
0.001671
0.001133
0.000441
0.000010
-0.000123
-0.000140
-0.000085
0.000108
0.000448
0.000749
0.000852
0.000627
0.000047
-0.000521
-0.000489
-0.000733
-0.003519
-0.008817
-0.014139
-0.016955
-0.015275
-0.009277
-0.002976
-0.000812
-0.002017
-0.003293
-0.003357
-0.001334
0.002977
0.007732
0.011025
0.012993
0.014063
0.013634
0.011647
0.008375
0.004650
0.002300
0.002444
0.003641
0.003172
0.000240
-0.004352
-0.009151
-0.011977
-0.011638
-0.009534
-0.007714
-0.006431
-0.005450
-0.004777
-0.003936
-0.002773
-0.001973
-0.001299
0.000766
0.004178
0.007347
0.009159
0.008988
0.006819
0.004077
0.002750
0.003083
0.003826
0.003874
0.002596
0.000172
-0.002365
-0.004379
-0.006311
-0.007919
-0.007924
-0.006304
-0.004242
-0.002471
-0.001637
-0.002267
-0.003370
-0.003035
-0.000410
0.003545
0.006877
0.007991
0.007006
0.005304
0.003647
0.002241
0.001693
0.002337
0.002913
0.002068
0.000204
-0.001824
-0.003682
-0.005006
-0.005356
-0.004611
-0.003006
-0.001492
-0.001018
-0.001208
-0.001364
-0.001354
-0.000856
0.000450
0.002040
0.003098
0.003316
0.002786
0.001956
0.001436
0.001363
0.001594
0.002029
0.002337
0.002271
0.001900
0.001346
0.000786
0.000477
0.000445
0.000447
0.000476
0.000518
0.000384
0.000155
0.000062
0.000218
0.000528
0.000791
0.000810
0.000599
0.000313
0.000044
0.000123
0.000558
-0.000152
-0.003800
-0.009285
-0.013918
-0.015955
-0.013789
-0.007698
-0.001829
-0.000218
-0.001713
-0.003158
-0.003366
-0.001420
0.002617
0.006985
0.010333
0.012703
0.013842
0.012956
0.010434
0.006836
0.003170
0.001464
0.002380
0.003773
0.003068
0.000006
-0.004487
-0.008965
-0.011382
-0.010835
-0.008733
-0.006802
-0.005135
-0.003803
-0.003036
-0.002367
-0.001733
-0.001547
-0.000989
0.001372
0.004895
0.007888
0.009345
0.008581
0.005864
0.003047
0.001872
0.002075
0.002560
0.002615
0.001615
-0.000403
-0.002504
-0.004239
-0.006168
-0.007777
-0.007487
-0.005359
-0.002725
-0.000528
0.000459
-0.000197
-0.001435
-0.001446
0.000465
0.003783
0.006956
0.008225
0.007464
0.005733
0.003612
0.001670
0.000886
0.001078
0.001109
0.000710
-0.000059
-0.001756
-0.004277
-0.006370
-0.006960
-0.006007
-0.004250
-0.002444
-0.001042
-0.000334
-0.000335
-0.000393
0.000232
0.001591
0.003220
0.004511
0.005114
0.004840
0.003726
0.002325
0.001391
0.001105
0.001047
0.001004
0.000888
0.000523
-0.000163
-0.000890
-0.001243
-0.001136
-0.000646
0.000036
0.000618
0.000827
0.000702
0.000609
0.000670
0.000801
0.001082
0.001520
0.001953
0.002220
0.002111
0.001569
0.000822
0.000391
0.000518
-0.000224
-0.003598
-0.008622
-0.012964
-0.015083
-0.013514
-0.008357
-0.003445
-0.002115
-0.002677
-0.002768
-0.002063
0.000038
0.003503
0.007012
0.009867
0.012361
0.013801
0.013243
0.010889
0.007111
0.003130
0.001033
0.001333
0.001986
0.001047
-0.001492
-0.005042
-0.008602
-0.010447
-0.009913
-0.008409
-0.006852
-0.004778
-0.002527
-0.000769
0.000457
0.000874
0.000419
0.000509
0.002373
0.005060
0.007131
0.007851
0.006652
0.003904
0.001343
0.000190
-0.000189
-0.000559
-0.000972
-0.001652
-0.002607
-0.003431
-0.004280
-0.005490
-0.006503
-0.006323
-0.004366
-0.001104
0.001936
0.003370
0.003309
0.002833
0.002762
0.003397
0.004548
0.005897
0.006823
0.006773
0.005745
0.003861
0.001390
-0.001152
-0.003002
-0.003824
-0.003976
-0.004332
-0.005492
-0.006745
-0.007261
-0.007168
-0.006657
-0.005000
-0.002119
0.000828
0.002974
0.003943
0.004078
0.004016
0.004111
0.004528
0.005179
0.005397
0.004538
0.003001
0.001391
-0.000153
-0.001488
-0.002332
-0.002546
-0.002197
-0.001610
-0.001270
-0.001241
-0.001302
-0.001272
-0.000810
0.000185
0.001217
0.001810
0.002011
0.002116
0.002151
0.001980
0.001705
0.001633
0.001840
0.001960
0.001734
0.001269
0.000758
0.000188
-0.000415
-0.000901
-0.002415
-0.006095
-0.010504
-0.013527
-0.014282
-0.012104
-0.007353
-0.003266
-0.001920
-0.001449
-0.000533
0.000540
0.002318
0.005169
0.008063
0.010461
0.012481
0.013108
0.011626
0.008612
0.004652
0.000825
-0.001046
-0.000910
-0.000922
-0.002111
-0.003900
-0.006068
-0.008203
-0.009066
-0.008398
-0.007207
-0.005515
-0.002844
-0.000008
0.002012
0.003083
0.003140
0.002500
0.002487
0.003692
0.005137
0.006010
0.005946
0.004484
0.002068
-0.000100
-0.001760
-0.003259
-0.004180
-0.004263
-0.004075
-0.003845
-0.003643
-0.004004
-0.004811
-0.004843
-0.003730
-0.002047
0.000471
0.003425
0.005184
0.005522
0.005594
0.005315
0.004796
0.005214
0.005802
0.005440
0.004679
0.003617
0.001595
-0.000722
-0.002766
-0.004909
-0.006092
-0.005844
-0.005444
-0.005175
-0.004643
-0.004491
-0.004754
-0.004429
-0.003640
-0.002358
0.000104
0.002850
0.004586
0.005433
0.005417
0.004525
0.003876
0.003751
0.003471
0.003324
0.003222
0.002220
0.000600
-0.000950
-0.002496
-0.003536
-0.003479
-0.002849
-0.002120
-0.001271
-0.000779
-0.000774
-0.000659
-0.000245
0.000407
0.001339
0.002247
0.002803
0.003200
0.003303
0.002824
0.002194
0.001808
0.001668
0.001857
0.002246
0.002191
0.001467
0.000511
-0.000384
-0.001020
-0.001771
-0.003802
-0.006993
-0.009757
-0.011303
-0.011481
-0.009470
-0.005850
-0.003059
-0.001622
-0.000328
0.001018
0.002090
0.003503
0.005508
0.007364
0.009142
0.010625
0.010685
0.009064
0.006410
0.003276
0.000515
-0.000755
-0.001080
-0.001717
-0.002705
-0.003734
-0.004946
-0.006156
-0.006580
-0.006300
-0.005634
-0.004058
-0.001617
0.000707
0.002266
0.003014
0.002855
0.002320
0.002343
0.002799
0.003177
0.003476
0.003512
0.002766
0.001429
-0.000002
-0.001728
-0.003555
-0.004525
-0.004401
-0.003780
-0.003024
-0.002333
-0.002132
-0.002224
-0.002111
-0.001858
-0.000894
0.001283
0.003603
0.004938
0.005722
0.006184
0.005433
0.004276
0.003917
0.003767
0.003328
0.002766
0.001849
0.000293
-0.001392
-0.003054
-0.004596
-0.005435
-0.005718
-0.005736
-0.005188
-0.004214
-0.003680
-0.003346
-0.002584
-0.001644
-0.000324
0.001619
0.003407
0.004270
0.004521
0.004416
0.004079
0.003909
0.003580
0.002946
0.002435
0.001931
0.001125
0.000146
-0.000984
-0.002219
-0.002968
-0.002889
-0.002386
-0.001816
-0.001344
-0.001192
-0.001082
-0.000695
-0.000178
0.000424
0.001178
0.001899
0.002460
0.002888
0.002902
0.002566
0.002380
0.002352
0.002217
0.002002
0.001838
0.001704
0.001571
0.001148
0.000155
-0.000945
-0.001326
-0.001314
-0.002442
-0.004981
-0.007700
-0.009321
-0.009550
-0.008699
-0.006702
-0.004253
-0.002174
-0.000532
0.000899
0.001973
0.002460
0.003156
0.004451
0.006159
0.007840
0.008684
0.008058
0.005936
0.003390
0.001171
-0.000420
-0.001353
-0.001966
-0.002353
-0.002668
-0.003012
-0.003637
-0.004428
-0.005032
-0.005262
-0.004560
-0.002835
-0.000798
0.000695
0.001511
0.001837
0.001656
0.001375
0.001283
0.001291
0.001427
0.001825
0.002247
0.002149
0.001374
0.000049
-0.001526
-0.002819
-0.003359
-0.003120
-0.002498
-0.001822
-0.001242
-0.000860
-0.000793
-0.001255
-0.001510
-0.000643
0.000874
0.002323
0.003574
0.004484
0.004481
0.003933
0.003542
0.002973
0.002194
0.001673
0.001458
0.000997
0.000221
-0.000823
-0.002309
-0.003625
-0.004139
-0.004001
-0.003830
-0.003751
-0.003590
-0.003264
-0.002547
-0.001641
-0.000832
-0.000166
0.000588
0.001593
0.002560
0.003237
0.003382
0.003077
0.002727
0.002546
0.002375
0.001957
0.001384
0.000807
0.000284
-0.000179
-0.000653
-0.001173
-0.001638
-0.001847
-0.001703
-0.001266
-0.000741
-0.000369
-0.000123
0.000168
0.000552
0.001001
0.001334
0.001528
0.001723
0.001927
0.002007
0.001844
0.001536
0.001108
0.000639
0.000346
0.000314
0.000406
0.000280
-0.000232
-0.000796
-0.000867
-0.000963
-0.002098
-0.004019
-0.005582
-0.006180
-0.006047
-0.005279
-0.004116
-0.003027
-0.001999
-0.000942
-0.000002
0.000511
0.000827
0.001377
0.002185
0.003241
0.004278
0.004832
0.004465
0.003336
0.002183
0.001352
0.000688
-0.000003
-0.000527
-0.000661
-0.000583
-0.000571
-0.000706
-0.000963
-0.001348
-0.001643
-0.001589
-0.001224
-0.000774
-0.000432
-0.000155
0.000087
0.000170
0.000031
-0.000234
-0.000478
-0.000650
-0.000622
-0.000307
0.000037
0.000160
0.000088
-0.000128
-0.000448
-0.000692
-0.000657
-0.000361
0.000047
0.000523
0.000953
0.001143
0.001161
0.001217
0.001284
0.001292
0.001375
0.001562
0.001674
0.001640
0.001558
0.001518
0.001404
0.001115
0.000787
0.000474
0.000067
-0.000358
-0.000618
-0.000812
-0.001051
-0.001201
-0.001248
-0.001339
-0.001421
-0.001315
-0.001088
-0.000866
-0.000552
-0.000148
0.000157
0.000344
0.000544
0.000708
0.000720
0.000647
0.000587
0.000583
0.000588
0.000519
0.000419
0.000275
0.000076
-0.000069
-0.000115
-0.000077
0.000007
0.000074
0.000060
0.000003
0.000049
0.000204
0.000386
0.000561
0.000698
0.000795
0.000877
0.000904
0.000829
0.000703
0.000633
0.000654
0.000677
0.000612
0.000495
0.000365
0.000208
0.000130
0.000181
0.000228
0.000229
0.000251
0.000339
0.000439
0.000403
0.000158
-0.000268
-0.000741
-0.001124
-0.001334
-0.001346
-0.001294
-0.001332
-0.001490
-0.001707
-0.001814
-0.001731
-0.001607
-0.001536
-0.001478
-0.001402
-0.001249
-0.000954
-0.000621
-0.000442
-0.000430
-0.000394
-0.000200
0.000122
0.000542
0.000996
0.001308
0.001445
0.001624
0.001853
0.001874
0.001705
0.001515
0.001298
0.001084
0.000959
0.000796
0.000479
0.000148
-0.000125
-0.000416
-0.000708
-0.000951
-0.001178
-0.001361
-0.001441
-0.001438
-0.001459
-0.001521
-0.001333
-0.000845
-0.000406
-0.000182
-0.000089
0.000052
0.000337
0.000719
0.001076
0.001260
0.001209
0.001045
0.001005
0.001131
0.001188
0.001073
0.000972
0.000979
0.001038
0.001066
0.000982
0.000793
0.000521
0.000287
0.000198
0.000147
0.000081
0.000011
-0.000075
-0.000131
-0.000124
-0.000183
-0.000392
-0.000668
-0.000899
-0.000934
-0.000815
-0.000734
-0.000730
-0.000734
-0.000697
-0.000639
-0.000585
-0.000603
-0.000719
-0.000752
-0.000562
-0.000258
0.000043
0.000246
0.000304
0.000355
0.000453
0.000536
0.000621
0.000718
0.000832
0.000989
0.001151
0.001206
0.001099
0.000903
0.000718
0.000593
0.000572
0.000627
0.000622
0.000534
0.000415
0.000274
0.000115
-0.000008
-0.000071
-0.000136
-0.000312
-0.000720
-0.001257
-0.001701
-0.001980
-0.002105
-0.002164
-0.002318
-0.002528
-0.002552
-0.002423
-0.002324
-0.002270
-0.002257
-0.002193
-0.001901
-0.001351
-0.000763
-0.000371
-0.000063
0.000278
0.000533
0.000836
0.001309
0.001646
0.001742
0.001910
0.002199
0.002289
0.002156
0.001988
0.001742
0.001388
0.001111
0.000974
0.000774
0.000468
0.000171
-0.000156
-0.000501
-0.000771
-0.000970
-0.001175
-0.001362
-0.001437
-0.001490
-0.001648
-0.001824
-0.001835
-0.001541
-0.001046
-0.000664
-0.000491
-0.000460
-0.000411
-0.000052
0.000531
0.000925
0.001050
0.001096
0.001106
0.001102
0.001185
0.001287
0.001233
0.001071
0.001045
0.001153
0.001174
0.001080
0.000888
0.000568
0.000282
0.000219
0.000270
0.000219
0.000095
0.000064
0.000106
0.000060
-0.000103
-0.000314
-0.000530
-0.000588
-0.000403
-0.000309
-0.000548
-0.000837
-0.000962
-0.001092
-0.001243
-0.001243
-0.001129
-0.000997
-0.000807
-0.000550
-0.000327
-0.000168
0.000008
0.000211
0.000420
0.000641
0.000830
0.000957
0.001036
0.001148
0.001316
0.001485
0.001579
0.001510
0.001376
0.001263
0.001077
0.000789
0.000501
0.000338
0.000361
0.000441
0.000354
0.000118
-0.000045
-0.000058
-0.000023
-0.000097
-0.000395
-0.000870
-0.001264
-0.001373
-0.001286
-0.001247
-0.001427
-0.001764
-0.001988
-0.001924
-0.001743
-0.001675
-0.001670
-0.001621
-0.001458
-0.001075
-0.000586
-0.000305
-0.000242
-0.000078
0.000245
0.000573
0.000918
0.001253
0.001465
0.001603
0.001850
0.002146
0.002192
0.002000
0.001796
0.001580
0.001347
0.001169
0.000941
0.000588
0.000253
0.000007
-0.000257
-0.000572
-0.000872
-0.001141
-0.001328
-0.001308
-0.001166
-0.001107
-0.001170
-0.001243
-0.001200
-0.001052
-0.000866
-0.000671
-0.000464
-0.000201
0.000105
0.000413
0.000669
0.000795
0.000826
0.000953
0.001210
0.001368
0.001338
0.001214
0.001043
0.000966
0.001044
0.001073
0.000953
0.000810
0.000705
0.000566
0.000418
0.000300
0.000188
0.000091
-0.000007
-0.000098
-0.000175
-0.000297
-0.000420
-0.000464
-0.000487
-0.000538
-0.000595
-0.000636
-0.000634
-0.000610
-0.000612
-0.000673
-0.000763
-0.000768
-0.000663
-0.000526
-0.000394
-0.000269
-0.000097
0.000116
0.000297
0.000437
0.000559
0.000689
0.000811
0.000899
0.000951
0.000963
0.000930
0.000864
0.000867
0.000982
0.001040
0.000952
0.000783
0.000608
0.000499
0.000353
0.000131
-0.000023
-0.000079
-0.000111
-0.000166
-0.000287
-0.000427
-0.000394
-0.000211
-0.000084
-0.000113
-0.000276
-0.000498
-0.000734
-0.000913
-0.001041
-0.001238
-0.001478
-0.001621
-0.001614
-0.001527
-0.001431
-0.001307
-0.001197
-0.001132
-0.000976
-0.000694
-0.000415
-0.000217
-0.000061
0.000156
0.000443
0.000717
0.000876
0.000922
0.000972
0.001059
0.001124
0.001134
0.001109
0.001060
0.000929
0.000701
0.000465
0.000240
-0.000003
-0.000168
-0.000192
-0.000241
-0.000426
-0.000631
-0.000778
-0.000929
-0.001092
-0.001150
-0.001106
-0.001071
-0.001003
-0.000820
-0.000658
-0.000618
-0.000563
-0.000415
-0.000217
0.000002
0.000256
0.000485
0.000577
0.000606
0.000705
0.000811
0.000842
0.000795
0.000691
0.000618
0.000672
0.000779
0.000773
0.000672
0.000582
0.000528
0.000524
0.000534
0.000473
0.000329
0.000195
0.000115
0.000048
-0.000057
-0.000212
-0.000348
-0.000430
-0.000498
-0.000578
-0.000674
-0.000752
-0.000807
-0.000820
-0.000748
-0.000700
-0.000738
-0.000704
-0.000577
-0.000472
-0.000369
-0.000243
-0.000046
0.000181
0.000291
0.000398
0.000583
0.000670
0.000714
0.000859
0.001028
0.001123
0.001122
0.001051
0.000929
0.000773
0.000567
0.000329
0.000024
-0.000333
-0.000464
-0.000287
-0.000026
0.000147
0.000092
-0.000206
-0.000510
-0.000615
-0.000567
-0.000567
-0.000668
-0.000776
-0.000877
-0.000998
-0.001098
-0.001212
-0.001393
-0.001487
-0.001329
-0.001040
-0.000798
-0.000609
-0.000481
-0.000404
-0.000295
-0.000164
-0.000105
-0.000105
-0.000037
0.000108
0.000202
0.000258
0.000373
0.000528
0.000689
0.000836
0.000886
0.000785
0.000666
0.000672
0.000767
0.000792
0.000613
0.000256
-0.000118
-0.000393
-0.000544
-0.000585
-0.000584
-0.000578
-0.000533
-0.000449
-0.000368
-0.000356
-0.000455
-0.000611
-0.000652
-0.000519
-0.000374
-0.000313
-0.000274
-0.000168
-0.000026
0.000148
0.000312
0.000393
0.000456
0.000525
0.000579
0.000597
0.000583
0.000554
0.000527
0.000558
0.000635
0.000659
0.000655
0.000751
0.000901
0.000969
0.000884
0.000703
0.000587
0.000564
0.000557
0.000548
0.000542
0.000499
0.000425
0.000338
0.000233
0.000136
0.000003
-0.000205
-0.000362
-0.000393
-0.000406
-0.000455
-0.000492
-0.000484
-0.000437
-0.000371
-0.000288
-0.000228
-0.000193
-0.000135
-0.000013
0.000149
0.000257
0.000327
0.000421
0.000490
0.000519
0.000582
0.000636
0.000605
0.000559
0.000549
0.000503
0.000397
0.000299
0.000224
0.000151
0.000108
0.000095
0.000043
-0.000045
-0.000127
-0.000227
-0.000339
-0.000471
-0.000593
-0.000638
-0.000651
-0.000690
-0.000778
-0.000897
-0.000999
-0.001030
-0.000979
-0.000848
-0.000665
-0.000556
-0.000533
-0.000511
-0.000434
-0.000298
-0.000192
-0.000126
-0.000063
0.000002
0.000066
0.000132
0.000227
0.000299
0.000353
0.000459
0.000528
0.000534
0.000601
0.000679
0.000611
0.000431
0.000325
0.000348
0.000366
0.000295
0.000183
0.000072
-0.000007
-0.000027
-0.000031
-0.000114
-0.000264
-0.000373
-0.000399
-0.000333
-0.000192
-0.000063
-0.000028
-0.000069
-0.000081
-0.000040
0.000037
0.000124
0.000172
0.000222
0.000308
0.000392
0.000452
0.000445
0.000373
0.000305
0.000281
0.000314
0.000388
0.000421
0.000386
0.000362
0.000320
0.000270
0.000222
0.000127
0.000159
0.000404
0.000631
0.000609
0.000443
0.000369
0.000370
0.000332
0.000263
0.000217
0.000174
0.000101
0.000022
-0.000019
-0.000021
-0.000016
-0.000026
-0.000078
-0.000190
-0.000242
-0.000137
-0.000013
-0.000004
-0.000030
-0.000023
-0.000058
-0.000128
-0.000158
-0.000177
-0.000174
-0.000113
-0.000058
-0.000011
0.000032
-0.000038
-0.000188
-0.000276
-0.000249
-0.000112
0.000002
-0.000050
-0.000205
-0.000332
-0.000404
-0.000446
-0.000484
-0.000548
-0.000610
-0.000676
-0.000833
-0.001199
-0.001699
-0.001903
-0.001525
-0.000762
-0.000102
0.000056
-0.000228
-0.000568
-0.000581
-0.000223
0.000123
0.000272
0.000401
0.000534
0.000585
0.000507
0.000213
-0.000151
-0.000279
-0.000089
0.000265
0.000577
0.000757
0.000726
0.000465
0.000156
-0.000114
-0.000356
-0.000431
-0.000307
-0.000191
-0.000204
-0.000300
-0.000388
-0.000451
-0.000526
-0.000586
-0.000572
-0.000486
-0.000338
-0.000086
0.000174
0.000192
0.000027
-0.000063
-0.000027
0.000112
0.000296
0.000422
0.000454
0.000419
0.000405
0.000448
0.000442
0.000351
0.000228
0.000144
0.000259
0.000431
0.000403
0.000350
0.000408
0.000458
0.000454
0.000418
0.000341
0.000240
0.000222
0.000258
0.000177
0.000019
-0.000075
-0.000113
-0.000141
-0.000143
-0.000166
-0.000255
-0.000307
-0.000288
-0.000315
-0.000370
-0.000331
-0.000255
-0.000243
-0.000252
-0.000238
-0.000218
-0.000181
-0.000087
0.000080
0.000228
0.000286
0.000286
0.000261
0.000230
0.000222
0.000210
0.000151
0.000079
0.000073
0.000082
-0.000034
-0.000210
-0.000281
-0.000277
-0.000241
-0.000097
0.000096
0.000042
-0.000403
-0.000998
-0.001385
-0.001408
-0.001150
-0.000812
-0.000606
-0.000519
-0.000458
-0.000424
-0.000362
-0.000292
-0.000229
-0.000066
0.000198
0.000388
0.000334
0.000109
-0.000021
0.000028
0.000190
0.000395
0.000515
0.000564
0.000641
0.000656
0.000530
0.000362
0.000211
0.000133
0.000162
0.000184
0.000157
0.000132
0.000080
0.000005
-0.000021
0.000014
0.000010
-0.000126
-0.000224
-0.000158
-0.000094
-0.000109
-0.000081
0.000014
0.000072
0.000102
0.000145
0.000199
0.000302
0.000377
0.000368
0.000376
0.000418
0.000396
0.000325
0.000335
0.000448
0.000547
0.000562
0.000547
0.000515
0.000442
0.000358
0.000291
0.000225
0.000155
0.000153
0.000175
0.000087
-0.000051
-0.000125
-0.000158
-0.000167
-0.000128
-0.000068
-0.000042
-0.000079
-0.000133
-0.000094
0.000042
0.000151
0.000141
0.000095
0.000131
0.000169
0.000139
0.000094
0.000081
0.000089
0.000102
0.000126
0.000124
0.000090
0.000083
0.000126
0.000155
0.000151
0.000198
0.000229
0.000144
0.000033
-0.000042
-0.000087
-0.000069
0.000023
0.000147
0.000231
0.000215
0.000094
-0.000047
-0.000105
-0.000138
-0.000175
-0.000128
-0.000047
-0.000023
-0.000068
-0.000155
-0.000250
-0.000355
-0.000445
-0.000454
-0.000360
-0.000224
-0.000124
-0.000093
-0.000103
-0.000135
-0.000184
-0.000218
-0.000222
-0.000177
-0.000056
0.000104
0.000233
0.000308
0.000342
0.000313
0.000212
0.000100
0.000022
-0.000008
0.000033
0.000092
0.000093
0.000050
-0.000045
-0.000178
-0.000251
-0.000258
-0.000255
-0.000215
-0.000165
-0.000154
-0.000161
-0.000125
-0.000040
-0.000084
-0.000212
-0.000147
0.000027
0.000135
0.000183
0.000236
0.000343
0.000406
0.000376
0.000304
0.000248
0.000284
0.000371
0.000396
0.000365
0.000329
0.000239
0.000125
0.000121
0.000159
0.000159
0.000197
0.000250
0.000238
0.000148
0.000040
-0.000009
-0.000028
-0.000069
-0.000077
-0.000071
-0.000111
-0.000158
-0.000223
-0.000313
-0.000410
-0.000454
-0.000393
-0.000297
-0.000226
-0.000164
-0.000129
-0.000163
-0.000208
-0.000205
-0.000187
-0.000149
-0.000115
-0.000124
-0.000123
-0.000114
-0.000118
-0.000075
-0.000031
-0.000078
-0.000142
-0.000083
0.000064
0.000166
0.000186
0.000161
0.000108
0.000024
-0.000045
-0.000081
-0.000088
-0.000078
-0.000041
0.000033
0.000057
-0.000026
-0.000129
-0.000169
-0.000180
-0.000173
-0.000127
-0.000049
0.000031
0.000055
-0.000023
-0.000186
-0.000327
-0.000394
-0.000421
-0.000430
-0.000423
-0.000371
-0.000254
-0.000148
-0.000132
-0.000188
-0.000237
-0.000220
-0.000146
-0.000082
-0.000100
-0.000131
-0.000071
0.000035
0.000074
-0.000062
-0.000295
-0.000364
-0.000217
-0.000027
0.000062
0.000077
0.000144
0.000215
0.000178
0.000098
0.000027
-0.000006
0.000075
0.000169
0.000141
0.000059
0.000018
-0.000029
-0.000077
-0.000088
-0.000079
-0.000052
-0.000009
0.000029
0.000018
-0.000048
-0.000108
-0.000108
-0.000039
-0.000009
-0.000055
-0.000052
-0.000029
-0.000052
-0.000069
-0.000113
-0.000153
-0.000106
-0.000048
-0.000009
-0.000020
-0.000052
-0.000002
0.000064
0.000098
0.000119
0.000156
0.000166
0.000117
0.000116
0.000162
0.000173
0.000131
0.000064
0.000046
0.000128
0.000224
0.000292
0.000345
0.000213
-0.000090
-0.000280
-0.000315
-0.000335
-0.000361
-0.000331
-0.000286
-0.000312
-0.000344
-0.000326
-0.000290
-0.000228
-0.000141
-0.000087
-0.000050
-0.000023
-0.000059
-0.000089
-0.000030
0.000142
0.000321
0.000341
0.000218
0.000091
0.000046
0.000057
0.000090
0.000119
0.000153
0.000208
0.000192
0.000063
-0.000037
-0.000014
0.000093
0.000202
0.000259
0.000327
0.000389
0.000343
0.000265
0.000297
0.000378
0.000386
0.000350
0.000271
0.000151
0.000108
0.000145
0.000134
0.000004
-0.000114
-0.000095
-0.000018
0.000023
0.000002
-0.000008
0.000056
0.000108
0.000106
0.000102
0.000082
0.000033
0.000001
0.000006
0.000026
0.000035
0.000028
-0.000057
-0.000184
-0.000197
-0.000096
0.000035
0.000080
0.000013
-0.000021
-0.000014
-0.000016
0.000018
0.000085
0.000129
0.000141
0.000121
0.000103
0.000155
0.000233
0.000227
0.000161
0.000120
0.000075
-0.000017
-0.000113
-0.000136
-0.000122
-0.000152
-0.000143
-0.000044
0.000022
0.000006
-0.000053
-0.000137
-0.000160
-0.000115
-0.000041
0.000043
0.000064
0.000046
0.000080
0.000159
0.000215
0.000236
0.000255
0.000243
0.000190
0.000171
0.000190
0.000187
0.000151
0.000096
0.000025
-0.000035
-0.000046
-0.000033
-0.000035
-0.000020
0.000027
0.000047
-0.000000
-0.000046
-0.000008
0.000060
0.000082
0.000070
0.000040
0.000004
-0.000012
0.000001
-0.000004
-0.000022
-0.000004
-0.000041
-0.000132
-0.000147
-0.000089
-0.000024
-0.000008
-0.000040
-0.000023
0.000064
0.000119
0.000109
0.000095
0.000091
0.000050
-0.000026
-0.000030
0.000057
0.000082
0.000000
-0.000070
-0.000027
0.000106
0.000257
0.000403
0.000476
0.000457
0.000417
0.000404
0.000390
0.000306
0.000185
0.000085
0.000017
-0.000029
-0.000050
-0.000028
-0.000010
-0.000062
-0.000128
-0.000074
0.000038
0.000034
-0.000025
-0.000061
-0.000094
-0.000068
-0.000017
-0.000021
-0.000043
-0.000085
-0.000206
-0.000323
-0.000324
-0.000239
-0.000152
-0.000153
-0.000252
-0.000341
-0.000366
-0.000362
-0.000365
-0.000350
-0.000268
-0.000196
-0.000220
-0.000259
-0.000247
-0.000218
-0.000200
-0.000190
-0.000186
-0.000248
-0.000318
-0.000310
-0.000264
-0.000198
-0.000158
-0.000128
-0.000031
0.000039
0.000032
0.000034
0.000049
0.000029
0.000006
0.000024
0.000049
0.000030
-0.000029
-0.000061
-0.000050
-0.000040
-0.000038
-0.000057
-0.000092
-0.000090
-0.000049
-0.000039
-0.000062
-0.000018
0.000089
0.000139
0.000094
0.000018
-0.000019
-0.000006
-0.000013
-0.000100
-0.000190
-0.000162
-0.000039
0.000039
0.000007
-0.000080
-0.000158
-0.000148
-0.000088
-0.000092
-0.000123
-0.000139
-0.000189
-0.000196
-0.000130
-0.000088
-0.000061
-0.000028
0.000030
0.000133
0.000183
0.000074
-0.000093
-0.000114
-0.000001
0.000081
0.000133
0.000197
0.000200
0.000124
0.000034
-0.000022
-0.000064
-0.000104
-0.000088
-0.000015
0.000044
0.000061
0.000039
-0.000006
-0.000027
-0.000014
-0.000010
-0.000022
-0.000001
0.000051
0.000049
-0.000024
-0.000063
-0.000058
-0.000074
-0.000093
-0.000093
-0.000092
-0.000055
0.000038
0.000085
0.000057
0.000010
-0.000029
-0.000038
-0.000019
-0.000012
-0.000050
-0.000109
-0.000127
-0.000069
0.000016
0.000062
0.000120
0.000210
0.000161
-0.000086
-0.000312
-0.000379
-0.000373
-0.000380
-0.000411
-0.000453
-0.000490
-0.000478
-0.000370
-0.000204
-0.000065
-0.000016
-0.000056
-0.000072
0.000019
0.000095
0.000069
0.000029
0.000100
0.000247
0.000313
0.000259
0.000149
0.000074
0.000036
0.000019
0.000030
0.000044
0.000098
0.000175
0.000199
0.000161
0.000105
0.000097
0.000153
0.000210
0.000231
0.000225
0.000148
0.000058
0.000042
0.000054
0.000145
0.000313
0.000392
0.000423
0.000488
0.000484
0.000379
0.000261
0.000199
0.000167
0.000129
0.000096
0.000097
0.000163
0.000206
0.000158
0.000048
-0.000028
0.000004
0.000058
0.000085
0.000131
0.000174
0.000144
0.000034
-0.000054
-0.000087
-0.000104
-0.000069
-0.000008
0.000018
0.000049
0.000063
0.000017
-0.000009
0.000037
0.000096
0.000118
0.000151
0.000221
0.000273
0.000247
0.000116
